1000 7999
1 2 91
2 3 66
3 4 20
4 5 21
5 6 84
6 7 9
7 8 19
8 9 43
9 10 41
10 11 78
11 12 54
12 13 11
13 14 38
14 15 46
15 16 38
16 17 15
17 18 100
18 19 50
19 20 94
20 21 25
21 22 89
22 23 77
23 24 99
24 25 65
25 26 99
26 27 99
27 28 3
28 29 39
29 30 92
30 31 93
31 32 99
32 33 56
33 34 4
34 35 82
35 36 44
36 37 84
37 38 3
38 39 28
39 40 57
40 41 27
41 42 7
42 43 21
43 44 23
44 45 12
45 46 63
46 47 41
47 48 95
48 49 32
49 50 78
50 51 21
51 52 80
52 53 3
53 54 61
54 55 37
55 56 42
56 57 86
57 58 79
58 59 83
59 60 15
60 61 58
61 62 99
62 63 16
63 64 9
64 65 97
65 66 37
66 67 81
67 68 77
68 69 63
69 70 22
70 71 11
71 72 34
72 73 38
73 74 34
74 75 31
75 76 63
76 77 87
77 78 60
78 79 26
79 80 31
80 81 5
81 82 93
82 83 56
83 84 71
84 85 16
85 86 15
86 87 72
87 88 41
88 89 21
89 90 77
90 91 76
91 92 100
92 93 21
93 94 3
94 95 15
95 96 40
96 97 16
97 98 12
98 99 18
99 100 25
100 101 71
101 102 100
102 103 7
103 104 73
104 105 69
105 106 25
106 107 85
107 108 2
108 109 51
109 110 90
110 111 48
111 112 95
112 113 11
113 114 85
114 115 20
115 116 25
116 117 8
117 118 98
118 119 50
119 120 62
120 121 45
121 122 41
122 123 87
123 124 10
124 125 91
125 126 95
126 127 62
127 128 14
128 129 9
129 130 54
130 131 93
131 132 4
132 133 55
133 134 18
134 135 64
135 136 20
136 137 43
137 138 39
138 139 34
139 140 48
140 141 24
141 142 48
142 143 92
143 144 58
144 145 44
145 146 75
146 147 4
147 148 8
148 149 42
149 150 35
150 151 11
151 152 47
152 153 77
153 154 64
154 155 95
155 156 14
156 157 9
157 158 45
158 159 97
159 160 17
160 161 8
161 162 63
162 163 75
163 164 12
164 165 12
165 166 99
166 167 54
167 168 81
168 169 80
169 170 90
170 171 78
171 172 70
172 173 92
173 174 43
174 175 34
175 176 82
176 177 22
177 178 37
178 179 20
179 180 20
180 181 91
181 182 82
182 183 59
183 184 61
184 185 91
185 186 28
186 187 21
187 188 26
188 189 59
189 190 97
190 191 52
191 192 54
192 193 45
193 194 16
194 195 95
195 196 35
196 197 46
197 198 68
198 199 36
199 200 92
200 201 24
201 202 69
202 203 14
203 204 15
204 205 1
205 206 94
206 207 95
207 208 9
208 209 12
209 210 28
210 211 53
211 212 15
212 213 71
213 214 10
214 215 53
215 216 76
216 217 27
217 218 18
218 219 32
219 220 9
220 221 8
221 222 89
222 223 66
223 224 84
224 225 53
225 226 15
226 227 93
227 228 24
228 229 8
229 230 20
230 231 80
231 232 83
232 233 99
233 234 24
234 235 69
235 236 63
236 237 68
237 238 86
238 239 65
239 240 52
240 241 34
241 242 33
242 243 50
243 244 59
244 245 85
245 246 84
246 247 27
247 248 3
248 249 43
249 250 90
250 251 8
251 252 28
252 253 22
253 254 70
254 255 41
255 256 25
256 257 51
257 258 46
258 259 22
259 260 99
260 261 24
261 262 68
262 263 25
263 264 81
264 265 93
265 266 51
266 267 100
267 268 3
268 269 8
269 270 62
270 271 21
271 272 7
272 273 72
273 274 10
274 275 20
275 276 79
276 277 2
277 278 31
278 279 44
279 280 76
280 281 8
281 282 69
282 283 22
283 284 17
284 285 30
285 286 58
286 287 59
287 288 79
288 289 46
289 290 59
290 291 33
291 292 97
292 293 3
293 294 64
294 295 70
295 296 5
296 297 83
297 298 25
298 299 10
299 300 58
300 301 34
301 302 91
302 303 14
303 304 73
304 305 51
305 306 1
306 307 18
307 308 7
308 309 54
309 310 79
310 311 3
311 312 13
312 313 27
313 314 89
314 315 53
315 316 19
316 317 99
317 318 1
318 319 17
319 320 47
320 321 72
321 322 16
322 323 87
323 324 69
324 325 100
325 326 42
326 327 69
327 328 40
328 329 63
329 330 48
330 331 19
331 332 32
332 333 22
333 334 32
334 335 98
335 336 44
336 337 45
337 338 36
338 339 40
339 340 60
340 341 8
341 342 49
342 343 21
343 344 79
344 345 23
345 346 75
346 347 78
347 348 90
348 349 59
349 350 58
350 351 35
351 352 60
352 353 65
353 354 75
354 355 59
355 356 39
356 357 93
357 358 41
358 359 32
359 360 18
360 361 75
361 362 79
362 363 76
363 364 65
364 365 79
365 366 42
366 367 40
367 368 46
368 369 32
369 370 21
370 371 55
371 372 12
372 373 61
373 374 69
374 375 23
375 376 5
376 377 80
377 378 16
378 379 44
379 380 51
380 381 26
381 382 46
382 383 42
383 384 80
384 385 3
385 386 10
386 387 34
387 388 68
388 389 15
389 390 43
390 391 72
391 392 34
392 393 42
393 394 26
394 395 4
395 396 82
396 397 22
397 398 17
398 399 3
399 400 8
400 401 23
401 402 6
402 403 90
403 404 62
404 405 73
405 406 38
406 407 79
407 408 25
408 409 66
409 410 6
410 411 11
411 412 20
412 413 10
413 414 64
414 415 4
415 416 85
416 417 31
417 418 99
418 419 67
419 420 55
420 421 69
421 422 84
422 423 53
423 424 26
424 425 8
425 426 49
426 427 100
427 428 70
428 429 67
429 430 52
430 431 77
431 432 21
432 433 30
433 434 29
434 435 10
435 436 83
436 437 43
437 438 9
438 439 38
439 440 81
440 441 97
441 442 75
442 443 100
443 444 64
444 445 85
445 446 65
446 447 57
447 448 80
448 449 82
449 450 36
450 451 54
451 452 12
452 453 16
453 454 57
454 455 43
455 456 96
456 457 26
457 458 44
458 459 15
459 460 9
460 461 42
461 462 87
462 463 24
463 464 91
464 465 21
465 466 61
466 467 6
467 468 69
468 469 56
469 470 33
470 471 100
471 472 62
472 473 49
473 474 81
474 475 22
475 476 72
476 477 12
477 478 20
478 479 43
479 480 25
480 481 3
481 482 52
482 483 24
483 484 75
484 485 24
485 486 62
486 487 14
487 488 21
488 489 42
489 490 51
490 491 33
491 492 4
492 493 18
493 494 39
494 495 25
495 496 72
496 497 89
497 498 65
498 499 62
499 500 71
500 501 51
501 502 59
502 503 1
503 504 84
504 505 55
505 506 82
506 507 50
507 508 6
508 509 74
509 510 82
510 511 5
511 512 96
512 513 10
513 514 70
514 515 64
515 516 37
516 517 28
517 518 90
518 519 94
519 520 24
520 521 6
521 522 42
522 523 31
523 524 42
524 525 7
525 526 100
526 527 49
527 528 85
528 529 32
529 530 47
530 531 39
531 532 25
532 533 13
533 534 43
534 535 84
535 536 18
536 537 73
537 538 64
538 539 3
539 540 73
540 541 100
541 542 66
542 543 71
543 544 12
544 545 63
545 546 72
546 547 38
547 548 9
548 549 1
549 550 2
550 551 23
551 552 51
552 553 48
553 554 81
554 555 52
555 556 43
556 557 35
557 558 77
558 559 86
559 560 94
560 561 56
561 562 46
562 563 44
563 564 20
564 565 2
565 566 32
566 567 55
567 568 14
568 569 41
569 570 73
570 571 66
571 572 1
572 573 74
573 574 9
574 575 100
575 576 2
576 577 18
577 578 45
578 579 91
579 580 7
580 581 47
581 582 89
582 583 52
583 584 56
584 585 98
585 586 20
586 587 41
587 588 35
588 589 59
589 590 7
590 591 57
591 592 78
592 593 48
593 594 38
594 595 2
595 596 2
596 597 30
597 598 46
598 599 73
599 600 14
600 601 66
601 602 88
602 603 45
603 604 22
604 605 15
605 606 47
606 607 90
607 608 34
608 609 36
609 610 81
610 611 27
611 612 87
612 613 81
613 614 95
614 615 7
615 616 40
616 617 20
617 618 8
618 619 97
619 620 75
620 621 46
621 622 49
622 623 62
623 624 3
624 625 52
625 626 46
626 627 28
627 628 82
628 629 96
629 630 74
630 631 97
631 632 63
632 633 52
633 634 68
634 635 43
635 636 97
636 637 96
637 638 35
638 639 75
639 640 68
640 641 23
641 642 19
642 643 32
643 644 26
644 645 56
645 646 94
646 647 86
647 648 55
648 649 24
649 650 91
650 651 5
651 652 38
652 653 22
653 654 64
654 655 32
655 656 11
656 657 24
657 658 20
658 659 90
659 660 61
660 661 13
661 662 31
662 663 41
663 664 9
664 665 28
665 666 71
666 667 17
667 668 69
668 669 28
669 670 21
670 671 68
671 672 100
672 673 97
673 674 37
674 675 40
675 676 7
676 677 12
677 678 39
678 679 23
679 680 93
680 681 27
681 682 26
682 683 8
683 684 16
684 685 24
685 686 15
686 687 65
687 688 7
688 689 64
689 690 43
690 691 77
691 692 33
692 693 92
693 694 34
694 695 99
695 696 55
696 697 48
697 698 12
698 699 70
699 700 51
700 701 61
701 702 6
702 703 41
703 704 65
704 705 65
705 706 38
706 707 63
707 708 66
708 709 28
709 710 1
710 711 92
711 712 57
712 713 54
713 714 85
714 715 26
715 716 18
716 717 52
717 718 3
718 719 32
719 720 98
720 721 41
721 722 95
722 723 60
723 724 33
724 725 10
725 726 27
726 727 92
727 728 46
728 729 6
729 730 15
730 731 59
731 732 73
732 733 13
733 734 46
734 735 19
735 736 20
736 737 19
737 738 74
738 739 72
739 740 40
740 741 5
741 742 58
742 743 18
743 744 28
744 745 55
745 746 25
746 747 24
747 748 94
748 749 93
749 750 35
750 751 16
751 752 34
752 753 37
753 754 20
754 755 56
755 756 17
756 757 99
757 758 73
758 759 96
759 760 6
760 761 17
761 762 11
762 763 46
763 764 9
764 765 28
765 766 100
766 767 44
767 768 9
768 769 75
769 770 29
770 771 15
771 772 8
772 773 75
773 774 82
774 775 93
775 776 30
776 777 72
777 778 84
778 779 93
779 780 54
780 781 24
781 782 68
782 783 11
783 784 25
784 785 98
785 786 98
786 787 80
787 788 57
788 789 67
789 790 9
790 791 35
791 792 15
792 793 53
793 794 2
794 795 22
795 796 23
796 797 87
797 798 60
798 799 56
799 800 92
800 801 53
801 802 83
802 803 57
803 804 94
804 805 9
805 806 30
806 807 21
807 808 11
808 809 96
809 810 19
810 811 13
811 812 2
812 813 65
813 814 77
814 815 51
815 816 68
816 817 95
817 818 37
818 819 5
819 820 90
820 821 29
821 822 58
822 823 77
823 824 37
824 825 62
825 826 99
826 827 60
827 828 21
828 829 6
829 830 40
830 831 53
831 832 4
832 833 6
833 834 88
834 835 21
835 836 34
836 837 20
837 838 21
838 839 54
839 840 38
840 841 47
841 842 99
842 843 17
843 844 88
844 845 11
845 846 19
846 847 77
847 848 35
848 849 84
849 850 61
850 851 22
851 852 47
852 853 26
853 854 56
854 855 54
855 856 79
856 857 84
857 858 10
858 859 43
859 860 21
860 861 69
861 862 93
862 863 2
863 864 46
864 865 49
865 866 72
866 867 48
867 868 69
868 869 24
869 870 32
870 871 80
871 872 25
872 873 42
873 874 38
874 875 36
875 876 2
876 877 35
877 878 10
878 879 97
879 880 18
880 881 45
881 882 62
882 883 27
883 884 85
884 885 9
885 886 89
886 887 46
887 888 59
888 889 43
889 890 55
890 891 32
891 892 86
892 893 91
893 894 29
894 895 95
895 896 42
896 897 21
897 898 47
898 899 9
899 900 62
900 901 20
901 902 63
902 903 7
903 904 38
904 905 15
905 906 65
906 907 47
907 908 48
908 909 48
909 910 89
910 911 48
911 912 96
912 913 55
913 914 60
914 915 89
915 916 50
916 917 59
917 918 86
918 919 57
919 920 6
920 921 56
921 922 38
922 923 58
923 924 72
924 925 49
925 926 20
926 927 3
927 928 72
928 929 16
929 930 25
930 931 92
931 932 69
932 933 89
933 934 41
934 935 14
935 936 2
936 937 8
937 938 85
938 939 97
939 940 4
940 941 40
941 942 24
942 943 76
943 944 14
944 945 92
945 946 15
946 947 83
947 948 84
948 949 16
949 950 30
950 951 42
951 952 15
952 953 90
953 954 83
954 955 29
955 956 36
956 957 67
957 958 49
958 959 67
959 960 84
960 961 90
961 962 94
962 963 26
963 964 3
964 965 78
965 966 22
966 967 31
967 968 12
968 969 32
969 970 64
970 971 91
971 972 68
972 973 76
973 974 64
974 975 13
975 976 68
976 977 30
977 978 7
978 979 93
979 980 26
980 981 39
981 982 78
982 983 15
983 984 81
984 985 5
985 986 42
986 987 50
987 988 53
988 989 60
989 990 5
990 991 84
991 992 33
992 993 17
993 994 38
994 995 86
995 996 51
996 997 89
997 998 99
998 999 92
999 1000 46
111 148 44
91 127 17
33 106 8
420 308 1
505 797 82
839 53 11
728 127 17
964 848 84
158 6 5
309 24 52
63 642 21
292 904 33
547 114 75
195 694 75
151 448 2
845 440 98
42 950 47
6 221 68
324 509 54
156 782 53
7 548 54
781 110 87
636 675 37
432 622 45
720 834 35
191 973 78
545 966 8
895 796 83
89 344 28
388 224 89
865 876 3
440 550 67
411 791 31
184 472 90
992 98 15
306 435 98
831 725 66
507 272 6
335 505 97
314 636 100
476 973 99
917 608 15
315 631 58
866 470 52
994 364 71
687 205 15
980 146 72
693 593 72
384 848 42
764 888 2
504 838 78
9 560 4
394 642 81
174 809 6
468 431 16
548 981 91
472 666 37
494 407 23
470 786 14
967 632 13
60 825 28
338 710 55
522 598 20
168 60 72
867 74 73
530 69 31
11 481 38
534 429 75
179 13 77
408 966 39
726 87 83
448 996 36
583 782 11
258 472 45
452 438 90
532 127 12
297 148 58
981 112 58
522 544 95
293 145 23
478 326 69
603 243 12
337 909 87
360 634 87
520 221 36
569 410 5
247 197 80
776 369 99
354 427 45
775 50 82
263 753 84
223 571 37
846 281 24
252 713 64
350 288 66
415 115 73
678 86 36
262 653 92
516 309 61
224 335 43
659 435 89
768 130 56
717 199 10
708 332 31
237 107 67
284 504 9
850 985 45
166 263 20
336 943 83
369 536 53
840 1000 24
329 937 89
607 631 86
414 185 49
875 532 36
388 868 80
544 293 40
917 819 89
824 38 33
491 575 9
283 227 71
684 527 84
45 97 40
696 523 72
600 260 85
757 657 7
887 851 84
256 872 53
917 903 86
661 683 2
487 595 99
753 929 60
513 136 51
482 183 37
96 173 31
808 352 60
8 977 1
174 49 93
704 41 74
689 894 49
180 925 23
281 255 87
962 74 10
824 146 42
764 332 64
252 6 15
509 27 94
411 209 64
409 291 74
692 501 66
555 343 85
8 161 37
222 338 65
27 643 14
600 352 70
925 551 21
104 718 70
177 911 30
489 686 97
535 930 67
349 631 98
743 318 5
172 399 52
113 887 16
907 153 33
92 70 68
753 635 17
757 379 41
948 278 55
267 625 6
50 768 6
369 400 71
907 346 35
243 922 19
870 962 8
561 904 87
409 279 64
139 445 66
165 639 2
135 263 12
137 125 29
527 868 89
134 28 14
900 706 19
427 952 30
546 76 67
740 230 91
530 838 97
875 30 58
609 302 5
71 592 21
287 803 59
650 691 20
440 554 38
814 92 21
64 350 83
669 739 61
29 327 96
793 985 73
296 365 4
74 771 89
287 453 85
940 881 69
931 421 41
242 213 66
121 860 82
847 629 17
724 968 79
873 399 58
992 478 36
555 15 50
175 466 13
169 886 17
597 240 69
695 106 76
532 466 48
213 484 93
816 423 50
416 801 14
425 685 36
354 755 3
507 205 43
406 218 69
842 765 46
456 253 68
351 843 79
746 526 71
240 216 25
470 978 37
831 977 15
741 159 41
772 877 80
132 197 12
654 594 58
468 725 52
967 161 85
227 347 23
774 371 64
216 758 16
151 527 12
167 865 19
232 643 4
649 273 98
975 718 78
966 826 31
226 445 42
138 622 72
635 452 82
641 338 44
97 376 61
495 245 4
47 888 51
759 762 40
491 432 78
850 145 38
276 948 52
258 120 98
512 518 44
565 927 84
791 65 44
890 913 4
710 147 69
337 280 75
102 125 46
437 214 9
599 987 54
237 24 12
919 366 66
665 809 23
728 157 95
27 465 85
687 66 2
169 627 49
487 582 53
988 201 54
491 255 76
947 996 74
346 118 64
10 596 37
495 868 7
267 214 97
519 379 13
462 174 1
41 883 89
408 934 37
933 787 53
303 952 31
137 302 97
229 872 34
414 110 73
659 789 75
848 181 71
915 749 98
941 568 67
90 713 29
49 273 9
859 132 14
795 708 29
84 374 85
697 90 48
584 563 61
521 876 41
93 99 93
967 620 29
945 312 63
250 485 75
199 715 34
592 961 82
164 577 83
480 329 72
101 846 87
962 368 16
902 604 70
497 437 70
152 687 33
34 442 58
697 836 99
853 673 20
969 283 1
788 524 56
669 625 32
213 255 65
510 418 43
511 320 59
647 898 100
818 101 7
299 158 55
1000 82 13
800 505 47
405 90 90
536 199 84
564 604 14
798 173 88
818 959 55
564 58 32
220 341 37
789 492 28
791 346 54
264 663 64
478 541 73
394 480 13
62 75 62
368 697 17
128 841 65
16 449 99
41 598 39
302 905 75
956 552 82
686 959 76
37 655 70
26 948 59
558 815 61
186 269 72
997 275 13
64 310 55
609 156 30
615 233 27
543 384 23
230 951 3
817 948 13
217 375 27
139 298 56
896 979 57
138 929 65
467 859 58
982 554 15
914 464 89
341 164 90
43 213 50
263 604 77
585 703 87
651 995 9
354 408 38
113 484 7
822 61 34
843 503 72
578 100 37
815 589 48
89 164 60
247 157 53
198 977 71
229 463 72
86 778 76
531 663 7
960 629 16
90 68 69
463 195 68
942 238 31
778 390 86
611 743 51
278 385 68
361 814 89
779 113 97
106 760 44
973 697 95
45 774 19
852 212 82
6 791 98
244 9 30
154 795 60
976 894 18
180 419 60
958 964 90
138 344 58
6 292 85
18 479 29
416 448 31
868 508 6
371 328 19
371 786 32
39 887 31
557 552 92
727 763 35
798 496 54
462 217 57
34 787 31
123 122 39
369 393 26
481 42 64
848 92 92
21 701 16
411 181 38
56 344 8
605 572 11
329 499 27
351 490 71
75 204 31
745 102 55
637 890 72
52 466 87
231 465 64
853 700 62
505 275 3
841 45 63
651 290 94
836 887 13
80 394 89
605 663 4
210 853 100
63 555 98
326 115 31
172 535 71
933 622 50
290 516 37
823 857 54
869 645 17
867 422 92
229 449 25
480 961 42
760 78 49
568 114 26
685 700 100
117 292 17
196 22 49
704 591 89
690 347 34
144 162 87
22 26 32
319 378 68
10 718 98
858 618 61
909 928 42
951 797 3
155 341 60
345 854 14
339 812 98
308 69 90
487 590 45
141 212 51
910 97 17
143 713 25
663 888 10
583 328 3
484 785 20
365 69 41
683 591 69
152 934 70
812 419 31
852 932 38
216 460 26
274 452 4
792 255 99
338 156 63
137 520 59
415 837 81
320 935 86
410 290 4
713 909 69
563 536 97
722 325 25
892 773 11
957 810 36
559 783 39
526 92 87
727 209 48
799 593 5
676 861 55
213 749 49
222 145 86
741 878 31
633 47 5
585 448 87
892 511 86
898 375 73
963 108 59
95 212 53
13 416 83
283 67 75
207 391 26
256 301 99
131 520 67
361 256 48
542 337 38
207 7 85
818 781 46
494 133 11
277 181 89
5 460 31
993 886 65
321 192 74
70 228 91
992 911 88
341 771 95
917 637 16
272 799 16
153 691 63
404 216 73
551 477 47
783 859 5
308 117 19
947 307 63
37 78 19
312 687 57
322 329 86
4 316 95
778 660 43
309 497 92
394 868 80
264 788 16
6 676 100
344 664 95
310 375 30
101 573 19
979 346 33
471 683 80
897 748 98
844 433 8
674 358 21
164 871 40
214 528 11
770 607 93
109 31 68
630 983 11
667 860 7
672 399 37
694 892 18
160 732 7
908 56 89
977 118 19
109 995 1
157 468 21
467 686 13
369 581 64
104 56 48
518 679 41
965 359 90
460 955 55
219 545 10
678 968 61
986 786 79
273 128 64
403 151 17
303 248 26
457 317 60
86 729 28
707 313 55
397 609 41
845 60 44
288 632 72
56 879 25
77 238 79
47 536 84
78 528 82
775 414 31
129 16 36
462 817 33
720 957 55
23 453 47
728 993 47
465 652 44
333 998 40
591 171 25
55 727 56
395 530 72
394 268 65
66 703 93
847 638 6
772 384 69
499 51 34
399 436 56
285 942 63
86 39 26
929 150 12
917 264 81
624 404 73
333 784 53
400 888 12
195 897 84
666 460 41
601 703 70
666 517 59
478 220 17
718 275 69
774 368 10
932 983 6
235 787 3
755 938 90
715 970 29
412 773 17
403 889 24
843 118 65
320 791 66
621 126 25
965 380 5
58 108 45
872 620 16
776 324 85
203 310 21
675 727 24
706 440 77
305 382 25
696 928 76
650 270 92
933 217 67
219 829 43
393 132 96
224 865 66
54 549 43
76 674 18
50 91 5
361 787 59
119 395 23
366 491 26
80 338 87
175 80 54
132 637 98
557 983 40
939 103 70
604 960 48
886 70 34
663 953 85
127 56 5
501 148 10
711 502 5
905 711 84
524 639 41
180 410 87
409 602 36
583 360 49
774 326 91
513 243 31
585 444 64
639 452 73
599 651 25
13 492 39
529 971 99
259 333 76
593 17 54
700 962 38
826 40 84
482 802 61
393 691 73
997 559 42
912 550 88
178 892 80
134 518 16
897 129 29
62 956 16
285 177 77
479 857 35
109 187 60
890 713 4
804 645 34
51 59 32
284 403 18
212 707 14
924 161 60
322 602 59
13 819 33
56 829 41
212 731 15
218 380 98
5 348 94
58 140 21
336 837 19
740 212 57
962 605 50
368 830 63
261 361 66
317 762 69
853 35 17
107 719 33
761 385 93
666 399 95
850 696 55
727 936 24
103 180 28
587 988 33
942 54 7
962 52 83
596 364 3
624 799 94
860 261 1
624 754 24
929 781 62
33 265 97
653 761 23
940 698 78
294 639 68
312 102 13
371 832 71
43 437 50
359 548 35
642 490 27
394 263 4
850 692 52
638 629 52
900 397 57
787 157 32
584 716 93
301 118 3
201 379 96
837 864 99
157 492 39
717 362 23
512 955 4
690 492 66
337 468 9
176 632 32
10 834 74
178 482 1
185 427 93
336 996 5
889 971 2
598 341 11
540 124 93
10 106 78
413 661 2
581 608 9
644 829 93
763 757 82
457 136 95
556 949 34
47 188 67
413 478 39
827 134 86
596 567 50
821 336 28
70 664 95
538 827 65
430 815 85
315 433 72
574 503 85
728 617 5
130 205 100
373 244 34
603 832 42
855 826 35
578 869 7
82 558 5
578 700 98
784 858 42
353 65 6
658 355 87
828 861 4
983 713 68
48 382 6
666 227 31
267 339 29
147 987 74
374 494 23
551 217 23
944 592 20
826 324 10
810 365 45
448 368 8
666 22 37
745 323 56
536 329 44
774 916 46
437 706 48
786 465 48
5 705 93
607 889 93
589 449 46
847 870 87
152 374 7
295 900 46
653 809 2
747 625 41
285 544 14
471 675 91
17 803 36
57 442 15
137 224 60
815 194 49
468 387 71
268 734 63
964 427 22
342 628 7
735 441 37
638 391 76
927 806 86
338 715 64
239 562 74
373 501 26
130 30 20
75 709 78
282 199 30
608 357 59
26 847 93
201 908 31
846 703 64
272 444 39
213 125 28
254 721 6
173 216 100
426 552 49
146 112 64
158 446 22
953 536 76
233 140 6
89 584 72
674 198 59
176 617 47
489 917 36
27 369 11
868 186 58
541 570 46
558 342 28
23 425 79
236 562 64
907 11 5
724 109 62
193 5 9
969 637 79
598 600 31
144 792 42
865 370 99
282 886 100
656 286 6
748 552 16
308 7 90
436 852 64
269 995 54
728 360 21
434 536 59
750 717 62
419 879 96
965 737 17
396 886 81
967 911 64
450 816 87
476 918 25
201 843 43
449 156 42
532 291 47
915 543 61
133 938 81
86 952 59
137 126 6
296 477 91
445 44 14
840 57 66
170 178 49
759 809 87
914 494 25
326 140 17
96 558 83
694 841 87
889 262 26
491 927 19
289 750 29
544 64 24
556 300 47
72 271 80
718 594 46
119 824 99
648 166 64
713 176 17
923 722 34
667 103 30
755 365 80
53 499 66
468 743 99
496 820 38
512 363 69
414 368 99
177 157 4
277 541 22
578 183 68
152 848 96
358 916 18
903 606 27
810 255 82
950 486 65
505 213 44
820 480 3
734 693 46
648 163 78
345 960 95
156 691 20
927 669 5
648 877 25
696 644 35
18 265 61
678 995 15
43 707 70
789 712 21
32 785 68
635 346 1
13 70 43
721 303 34
9 901 80
970 383 1
285 254 28
203 320 53
522 770 22
108 29 1
591 950 78
873 777 19
607 898 57
783 286 5
39 350 83
566 550 28
130 216 79
458 469 70
92 230 68
470 164 38
984 934 68
577 968 90
141 107 58
60 139 66
207 61 1
431 851 80
946 844 40
523 104 85
133 847 27
441 826 57
398 657 91
944 975 97
351 9 81
596 899 53
336 695 24
260 168 70
510 82 58
98 291 100
715 471 21
301 771 49
663 357 91
942 283 88
404 15 92
940 513 72
247 857 15
479 518 10
928 553 76
417 280 64
537 729 21
112 281 76
935 417 27
403 59 11
684 838 62
669 70 60
289 945 37
748 717 20
981 904 20
850 701 7
771 392 67
226 552 2
5 436 83
269 297 38
422 146 67
802 845 97
583 319 96
28 532 30
893 544 80
365 914 98
594 482 100
305 576 72
73 255 57
85 532 82
854 639 32
49 450 4
474 47 72
201 744 85
38 343 43
235 212 2
797 617 90
876 410 64
338 487 60
605 318 19
933 555 98
181 640 32
911 344 61
337 753 97
607 167 62
592 388 15
772 347 92
839 128 23
950 103 98
450 669 14
971 46 22
132 965 93
232 461 9
370 392 73
545 816 15
16 909 3
563 350 37
571 777 95
370 689 22
613 247 93
471 694 15
110 648 54
246 894 42
266 384 22
714 142 13
390 66 38
193 41 65
279 419 7
482 666 40
84 245 74
747 949 96
35 233 83
915 863 5
913 503 92
212 112 72
481 460 61
61 18 80
802 525 19
210 866 64
520 640 42
792 387 31
974 531 55
98 746 9
90 392 97
135 143 29
60 692 13
335 232 16
587 673 18
671 612 1
864 15 25
299 437 26
907 382 19
619 151 75
101 284 84
353 215 95
15 720 6
102 202 34
37 731 95
468 562 16
232 225 22
27 961 2
20 776 94
862 817 30
631 549 73
988 34 56
379 405 83
264 210 100
800 357 68
182 268 73
464 595 43
937 152 56
587 424 78
13 328 64
211 126 91
430 26 36
729 47 20
305 820 16
356 340 32
287 338 41
91 852 77
781 399 23
801 546 16
328 193 45
718 951 50
392 158 8
493 340 69
668 286 17
722 878 29
466 740 56
643 759 12
297 734 29
530 968 82
589 400 64
840 685 39
32 621 12
805 822 100
333 592 63
438 492 65
405 891 45
667 230 50
614 371 53
741 75 79
983 619 93
363 548 50
528 707 31
565 522 24
236 517 26
480 502 68
722 865 10
487 365 86
235 355 92
11 690 91
496 50 90
514 213 100
630 769 7
347 160 61
402 855 22
346 244 64
675 167 18
729 503 57
27 491 52
708 171 49
574 937 24
568 430 58
907 476 28
716 241 74
822 910 80
634 57 85
74 956 74
376 90 2
122 766 46
861 620 42
545 905 72
549 889 8
278 437 17
83 648 3
534 728 21
672 300 52
319 140 96
193 936 62
900 952 54
40 211 40
24 39 95
903 417 37
189 322 15
631 388 1
128 746 7
45 443 54
893 38 6
497 527 46
769 197 25
551 198 81
781 865 16
899 753 54
815 736 72
983 717 25
593 682 7
429 919 38
762 720 49
728 297 6
294 147 41
507 785 58
161 183 13
218 67 37
907 724 47
221 257 14
804 363 54
401 73 80
499 698 7
639 606 22
588 461 82
784 459 69
932 335 4
68 617 10
346 386 17
147 162 2
848 427 3
844 924 19
347 687 34
793 493 91
846 247 23
860 898 2
764 998 10
864 664 82
180 978 33
677 599 4
79 909 30
74 818 24
707 900 75
518 197 36
489 879 31
124 899 41
262 528 96
444 311 1
894 371 47
904 159 31
577 686 74
928 886 88
827 520 43
920 571 49
258 6 35
55 126 5
110 771 19
922 394 7
367 184 48
541 388 15
237 72 26
819 171 42
36 736 8
148 23 58
121 988 100
435 426 36
351 926 70
234 280 61
463 924 38
679 608 62
107 350 44
833 818 51
157 774 21
531 485 20
471 299 68
47 887 86
310 267 30
989 374 27
466 86 27
116 501 73
907 776 28
252 285 81
31 746 53
694 64 82
584 492 40
642 560 11
90 940 63
119 762 42
684 291 44
50 640 24
703 297 60
795 133 88
983 267 55
633 142 53
715 804 71
314 561 90
612 406 54
7 14 31
646 340 50
806 357 92
635 114 91
436 375 31
642 754 16
654 997 39
791 870 18
382 187 68
852 921 19
536 208 94
503 951 22
527 601 86
397 975 10
645 267 61
115 849 62
403 773 3
437 480 37
101 751 19
37 896 67
144 713 18
227 522 9
759 145 90
139 927 15
748 853 27
784 643 82
331 306 26
203 464 82
303 832 84
923 8 12
951 11 70
981 514 54
78 67 60
448 962 44
401 335 24
836 256 87
171 518 89
579 675 23
883 190 19
661 240 86
818 201 87
172 163 96
159 316 22
472 766 40
958 459 49
774 713 92
971 287 81
417 6 72
502 489 77
47 89 12
584 990 50
137 198 84
322 808 69
109 389 9
189 313 71
125 458 56
526 969 12
833 451 36
785 369 86
58 554 87
649 727 39
107 206 16
21 556 61
2 455 95
32 302 85
930 832 18
65 893 5
791 395 60
859 482 55
190 405 56
902 166 44
138 878 5
576 19 37
228 242 94
585 795 66
263 478 79
670 913 1
517 188 58
256 885 60
865 663 70
705 65 45
155 885 58
861 391 61
108 992 6
388 220 76
505 217 5
440 721 47
772 975 63
204 791 47
119 110 94
849 95 30
432 195 2
872 299 15
647 905 37
524 908 56
595 664 17
759 954 91
839 893 96
902 337 97
265 896 10
634 748 79
211 142 89
412 276 2
689 516 23
584 397 31
870 316 44
796 367 37
932 891 25
31 380 51
581 282 75
691 919 31
281 3 91
639 409 28
9 302 83
213 629 93
684 851 79
347 346 16
655 546 90
956 844 38
858 545 5
769 756 16
573 305 98
25 48 87
640 290 14
331 453 98
590 823 37
595 873 60
512 508 10
244 501 90
789 431 56
773 811 96
956 278 42
832 83 38
322 932 24
654 894 86
556 411 90
95 51 36
603 428 49
698 26 31
216 334 82
460 792 75
936 625 5
807 749 88
142 252 27
796 359 66
342 299 86
587 674 78
684 872 5
954 70 13
246 975 15
12 277 92
464 267 63
40 479 70
675 440 11
131 947 33
860 415 65
556 783 83
65 441 16
165 88 73
367 727 71
668 459 32
106 315 82
39 272 96
79 542 100
136 793 2
2 690 7
668 120 38
922 890 37
643 979 88
291 670 52
854 517 85
891 668 64
949 112 25
316 209 15
877 291 27
129 150 57
624 925 2
530 500 88
88 177 72
530 432 7
334 256 52
65 638 51
558 319 70
455 800 89
347 357 84
508 195 67
336 498 89
993 653 4
532 225 29
448 85 80
110 655 63
297 359 17
132 931 50
104 930 11
780 380 75
580 14 60
79 482 61
90 57 19
576 653 57
717 213 8
869 649 74
456 906 5
907 235 62
956 898 99
100 743 1
673 649 49
96 807 86
20 747 30
811 675 69
262 878 43
924 516 77
210 199 81
431 564 34
809 517 25
444 603 30
393 240 17
524 798 46
496 910 43
708 488 91
914 345 42
785 592 99
808 456 50
387 523 61
720 913 1
272 874 28
789 454 19
376 58 56
233 795 95
577 236 23
766 70 67
495 10 4
120 728 64
482 609 87
262 930 91
677 325 83
848 212 36
86 794 92
893 765 42
285 78 64
155 552 74
207 366 29
734 653 15
733 432 72
87 426 48
969 46 77
331 39 98
281 820 4
457 974 83
652 983 33
778 923 75
196 34 46
748 904 57
94 489 57
92 333 61
638 968 25
801 513 33
787 980 34
19 717 78
533 22 13
610 458 6
546 1 1
489 444 35
203 547 92
793 312 96
22 214 59
696 180 68
761 57 84
138 869 55
77 451 33
836 811 86
46 555 77
505 881 98
889 593 23
565 171 68
327 480 30
62 603 12
760 674 81
849 177 85
875 496 28
597 703 35
466 860 37
288 456 39
291 651 95
474 92 11
319 238 84
352 321 18
340 26 35
593 697 71
82 212 76
15 490 100
137 589 63
778 117 87
943 623 55
791 496 16
169 780 52
963 81 12
148 621 6
243 539 35
890 442 32
703 203 51
431 695 41
48 317 98
88 764 33
268 129 13
12 513 39
224 565 46
173 952 74
75 583 97
329 996 78
642 438 87
157 401 86
240 6 62
928 751 46
60 224 55
421 303 58
913 290 53
856 748 44
16 272 100
673 340 25
146 839 66
529 263 21
604 457 93
792 18 57
742 609 30
274 656 3
708 582 30
421 320 72
962 894 56
785 545 72
315 531 79
956 652 72
947 913 5
255 19 31
191 303 62
191 75 1
567 860 12
605 826 65
948 984 89
971 604 58
497 242 75
743 280 49
695 947 35
962 604 67
262 735 19
315 231 8
875 695 32
855 610 10
612 198 50
494 176 15
776 118 60
353 955 28
121 151 39
219 416 3
296 494 37
437 217 36
505 257 41
241 226 20
676 122 84
939 701 52
401 939 97
257 207 57
396 256 30
748 868 56
777 202 1
41 937 72
237 78 13
982 589 79
574 407 73
360 295 97
962 519 78
486 353 88
700 63 89
829 875 78
102 844 42
400 916 10
962 703 18
174 558 15
32 65 92
884 649 80
280 284 40
139 452 55
581 254 26
431 99 41
603 180 57
509 164 84
965 494 72
476 166 56
344 155 30
719 648 67
12 215 51
487 221 52
966 124 22
631 338 9
130 118 3
126 916 15
45 731 83
441 791 38
732 62 76
419 614 29
557 157 2
824 124 55
321 710 79
529 258 8
50 492 40
489 815 76
346 941 4
689 383 62
410 658 76
487 384 83
937 578 48
224 911 4
712 448 61
653 982 80
722 684 56
409 984 95
874 322 28
179 934 54
960 387 78
978 518 28
758 794 70
408 53 38
799 770 14
541 924 24
84 958 39
872 191 20
936 114 50
724 107 94
149 1 39
939 983 28
434 963 74
721 786 66
176 834 42
778 870 7
979 97 45
440 587 27
716 964 28
151 297 71
31 177 75
370 943 21
89 442 88
295 618 83
352 863 77
640 208 29
505 485 22
791 369 81
900 550 5
74 949 65
236 526 8
848 275 95
413 475 100
106 452 29
112 505 89
120 303 89
234 462 78
841 360 45
807 461 72
384 145 5
683 630 31
452 330 100
978 30 52
427 343 55
762 144 79
659 844 50
467 987 94
826 153 13
542 700 56
424 465 49
736 314 69
321 581 87
577 205 30
928 417 95
915 205 30
117 256 37
98 555 21
320 569 4
838 937 95
717 72 14
974 638 75
245 904 89
539 235 17
953 502 76
135 545 96
73 116 3
66 198 70
548 897 55
559 744 18
926 651 54
147 284 82
418 965 42
311 272 70
346 823 3
682 159 15
30 498 45
272 770 21
247 49 29
130 3 89
59 608 64
84 196 68
380 431 14
666 964 95
524 743 37
341 660 7
709 793 30
908 327 2
187 77 7
491 106 93
403 61 76
228 863 19
979 817 8
932 353 30
192 827 39
173 245 72
330 692 53
204 353 75
338 971 65
751 251 87
910 119 80
404 612 75
818 283 23
340 623 80
819 118 69
864 955 34
145 605 96
537 568 8
423 795 90
193 309 53
535 141 99
393 575 71
938 752 6
809 611 58
945 329 33
701 660 33
37 524 33
422 507 43
686 890 87
880 563 33
654 606 91
926 416 74
93 976 78
591 58 24
773 150 62
362 946 7
765 219 89
5 617 81
6 248 74
294 191 34
977 716 40
219 174 94
436 884 20
524 197 92
975 562 12
382 99 55
94 577 63
49 211 97
357 352 74
978 213 51
514 760 81
144 756 98
816 516 60
180 26 4
763 212 81
139 239 48
970 12 35
638 831 48
471 542 82
712 886 65
270 442 15
75 501 58
257 878 83
729 1 46
866 702 62
90 663 28
712 757 57
84 630 34
801 187 77
70 442 98
306 815 15
242 703 55
579 123 80
155 841 12
665 118 20
484 528 10
643 260 65
845 667 49
361 201 25
335 116 82
43 413 51
634 2 4
507 332 94
105 220 82
175 18 81
264 753 52
433 632 94
516 547 72
268 890 51
888 74 24
638 314 16
744 272 57
379 675 65
585 66 54
545 937 16
326 929 75
135 420 80
649 339 64
710 401 96
879 417 42
480 17 53
926 373 97
106 357 79
764 478 19
675 452 88
859 17 17
641 240 48
207 169 36
288 751 94
501 147 4
614 787 81
222 243 37
846 366 68
220 570 10
382 346 94
273 520 65
550 114 25
127 991 4
561 58 13
593 67 88
145 713 22
448 135 72
614 765 56
441 790 20
736 186 69
606 373 11
42 437 86
930 517 27
544 965 63
81 1000 3
917 550 31
838 542 36
766 911 27
560 709 97
161 933 44
695 790 79
166 420 73
270 106 4
984 422 7
705 563 35
611 37 88
746 840 47
689 347 8
866 362 79
155 857 12
493 763 26
55 744 44
218 205 60
394 577 16
182 400 39
334 171 51
414 931 85
96 21 40
513 35 98
307 57 93
303 244 90
832 90 7
286 299 55
839 795 5
769 567 36
959 925 44
398 659 15
984 759 95
54 450 19
47 442 54
39 79 62
476 347 33
744 701 37
631 102 99
192 424 31
443 68 73
326 428 39
296 747 29
664 701 95
439 276 30
415 287 34
581 674 53
713 543 92
363 73 44
234 287 22
191 363 30
33 513 62
214 314 54
991 680 56
387 640 44
160 33 8
594 572 83
87 893 70
777 41 31
541 511 13
493 98 77
6 317 17
971 609 78
275 232 58
323 34 83
281 881 100
263 358 26
537 254 61
447 492 21
467 6 47
634 446 17
94 463 32
268 542 39
587 381 26
907 485 75
3 423 59
132 530 50
104 221 43
440 620 36
106 76 99
964 721 15
981 930 24
32 828 31
925 221 8
491 872 87
47 828 87
806 752 43
209 975 63
773 144 83
507 302 21
205 57 77
984 973 61
104 564 62
918 906 45
669 892 6
53 507 49
538 930 40
941 350 86
474 150 80
441 686 28
509 212 9
996 965 63
860 552 96
108 322 43
185 640 88
819 981 79
8 919 93
736 201 59
996 987 98
10 616 14
201 58 68
199 532 85
480 92 4
909 617 2
131 199 11
532 904 33
329 692 97
212 893 40
549 344 1
502 408 51
650 394 60
497 691 2
26 815 46
113 98 36
531 333 63
461 922 22
771 178 72
351 616 56
418 947 85
798 606 90
971 336 82
491 236 6
579 806 66
695 519 11
832 489 87
13 23 14
125 662 80
754 102 96
963 636 71
121 463 47
634 88 93
617 876 27
875 67 39
842 12 88
194 214 12
864 625 59
259 849 43
107 655 81
261 744 82
448 638 37
965 701 10
78 96 99
764 135 47
189 191 82
818 327 57
805 369 69
907 770 94
631 233 39
657 407 28
53 74 79
285 185 14
270 604 23
536 86 30
891 83 36
684 166 94
679 406 13
99 596 39
958 209 36
963 652 20
516 852 42
295 553 78
579 102 24
547 103 22
985 45 6
787 848 30
815 65 73
582 122 22
529 269 7
179 598 30
447 606 56
627 336 5
271 315 84
553 761 41
859 826 29
63 458 59
337 423 92
530 796 77
936 839 32
44 614 25
736 356 63
226 712 89
613 271 89
561 880 20
75 166 10
772 37 58
557 311 16
630 850 26
41 184 79
16 790 84
330 859 84
914 814 79
366 5 52
506 514 88
546 793 29
322 668 43
493 696 32
412 167 92
723 629 68
225 958 91
925 698 92
785 690 19
970 888 51
7 177 41
279 592 56
654 570 22
961 907 75
79 846 17
939 215 53
70 980 88
191 167 70
209 822 18
51 477 56
618 472 87
424 689 79
201 260 38
256 966 78
458 928 92
101 733 77
922 371 82
161 791 56
107 465 26
550 450 95
915 632 46
35 307 30
686 259 35
139 341 34
60 810 26
371 503 67
226 987 26
346 269 68
373 965 66
694 684 47
927 281 76
626 993 13
412 566 80
626 121 20
95 60 39
453 256 17
672 377 84
230 346 1
898 889 98
356 997 26
671 494 63
277 2 81
917 723 68
581 654 53
713 929 29
81 448 36
759 589 75
375 849 59
15 496 66
963 721 83
729 179 28
773 939 12
443 982 100
871 442 85
929 231 37
560 885 71
413 686 16
261 672 36
162 72 32
271 605 59
72 611 3
978 86 66
586 62 89
257 877 31
655 908 64
413 979 14
314 963 31
25 743 41
496 119 41
766 570 68
401 452 70
8 962 93
133 842 82
2 664 69
586 934 32
979 333 67
528 35 62
811 559 94
520 271 70
814 159 98
266 147 77
878 310 99
771 460 8
897 319 76
94 631 99
69 901 8
432 614 10
657 321 59
645 576 50
259 607 67
301 350 36
699 116 8
663 653 73
137 342 54
408 389 65
743 475 83
74 612 60
521 567 59
427 982 49
794 327 8
914 817 20
487 818 29
414 756 81
860 389 99
236 358 69
391 887 87
738 831 48
640 665 18
223 489 81
976 62 12
21 321 100
59 407 80
689 940 95
856 484 62
510 855 26
116 522 6
867 614 18
457 975 56
295 258 99
979 547 46
569 719 33
289 182 11
138 253 88
125 271 49
145 281 25
575 55 57
74 528 41
283 13 14
102 11 2
841 85 49
888 891 58
515 84 53
721 552 70
682 989 75
118 542 71
967 733 65
860 461 11
856 813 32
707 629 51
946 426 74
707 895 52
955 704 47
132 961 83
753 930 31
273 251 64
33 217 18
179 792 49
6 8 33
523 912 43
734 579 68
566 958 40
233 376 46
732 320 22
8 58 88
415 133 12
712 788 16
965 844 26
153 497 95
364 888 35
983 633 78
889 757 48
613 128 55
411 157 78
537 720 8
291 433 3
692 784 99
708 598 39
641 914 64
824 638 48
594 171 11
739 58 79
911 474 65
735 737 91
575 539 84
133 894 66
301 860 22
428 113 85
867 550 33
355 941 59
227 297 25
7 285 79
114 152 50
272 459 36
370 869 11
22 296 87
663 348 31
970 16 26
128 529 95
954 840 15
273 567 62
965 219 2
421 456 90
443 403 58
496 665 21
280 117 52
135 118 70
167 72 57
108 324 81
599 779 52
775 98 5
765 623 32
699 582 97
712 751 45
8 124 9
888 125 35
508 635 7
249 236 11
368 547 91
79 7 11
109 75 98
695 165 57
22 166 65
729 697 63
581 986 12
99 9 56
15 779 82
365 19 62
55 806 90
885 13 11
118 301 68
231 800 75
429 323 47
611 102 74
942 806 56
910 211 5
565 570 99
915 289 51
110 428 91
122 392 77
810 488 22
589 345 25
882 1 41
858 115 31
633 194 92
916 380 4
889 371 40
540 464 52
158 589 91
939 771 42
495 371 22
525 567 82
643 427 95
549 852 72
264 178 3
767 147 2
421 386 54
46 550 8
639 678 73
259 831 11
595 78 98
878 665 47
649 122 7
739 821 25
532 519 48
532 463 31
378 668 83
794 187 8
436 581 87
215 506 40
323 625 12
95 555 71
66 278 37
592 788 21
381 298 51
195 214 61
361 786 58
989 149 33
383 235 53
324 102 22
73 469 40
695 77 48
127 777 19
842 6 24
970 435 34
259 687 82
742 601 54
206 359 37
869 642 1
165 125 55
877 345 22
826 553 86
326 81 73
553 38 46
192 366 54
523 138 2
730 886 29
4 25 13
156 557 77
987 767 28
721 765 63
129 949 35
425 86 84
659 990 98
393 12 15
166 887 48
462 347 97
980 997 67
951 90 6
277 455 94
28 894 97
182 450 77
114 415 86
95 767 88
306 201 46
394 503 32
605 559 6
819 169 44
788 56 99
402 568 92
545 864 53
477 139 55
215 833 12
904 788 21
453 643 72
626 354 61
244 581 25
731 125 57
532 118 12
992 617 27
704 215 56
565 692 76
858 839 53
347 309 44
213 169 33
753 701 79
297 540 7
179 239 28
319 262 27
426 675 67
550 479 31
809 796 4
295 578 3
102 146 52
67 368 82
257 956 11
109 671 39
593 150 27
361 26 62
762 565 87
132 202 49
694 148 38
813 935 20
969 988 72
191 706 4
223 740 34
844 806 95
652 440 98
35 977 98
878 696 32
724 450 100
219 507 10
697 604 35
196 949 72
104 222 3
481 734 79
530 901 84
110 396 50
208 556 25
433 439 31
934 392 95
887 149 87
539 917 71
925 322 80
705 722 12
327 824 48
586 818 88
544 177 25
364 278 15
675 904 68
978 529 55
123 225 85
573 587 94
38 909 81
893 938 81
861 43 71
515 688 64
981 342 28
430 321 50
340 92 46
625 336 83
384 576 89
352 950 10
945 898 30
516 745 42
652 151 52
834 983 7
489 868 76
180 886 100
909 103 63
369 783 6
422 860 21
709 341 34
584 310 43
794 279 36
916 363 56
760 691 96
350 321 54
42 650 7
592 890 1
795 276 88
428 1 39
836 783 30
379 833 44
800 735 99
407 41 7
958 79 97
270 838 20
661 319 33
77 277 56
880 638 9
14 35 18
480 445 84
726 866 81
163 629 88
382 513 33
473 125 41
730 901 18
373 571 99
336 464 67
603 730 22
864 656 85
381 506 75
817 256 37
377 331 25
830 994 8
755 197 13
64 488 47
70 897 23
239 893 51
894 450 96
821 523 20
992 435 8
722 57 53
711 543 6
267 99 99
629 130 49
106 305 82
431 414 94
914 130 8
442 782 69
462 137 64
254 783 36
759 676 15
748 648 27
129 965 90
768 554 22
417 330 24
327 883 74
741 309 52
842 439 20
825 840 46
251 689 54
313 485 39
291 517 4
590 575 23
774 519 39
116 513 37
238 259 12
948 789 56
204 900 74
917 133 5
749 86 69
952 560 34
315 613 3
920 858 77
121 952 69
458 490 40
955 877 35
87 259 76
732 602 34
894 663 72
98 580 39
587 639 30
39 646 6
111 322 77
885 535 17
958 353 71
624 723 43
154 574 80
466 382 27
775 459 37
908 229 47
860 225 40
562 295 40
936 209 31
715 456 93
24 660 4
235 878 80
503 641 8
329 234 55
304 782 99
579 734 25
296 975 24
721 146 29
887 199 74
217 1000 5
652 590 82
701 777 31
23 80 7
165 190 56
304 923 93
785 788 99
693 56 21
536 948 34
457 774 43
26 86 6
413 717 19
593 734 57
11 763 57
320 133 18
880 934 26
64 259 74
997 126 52
604 364 92
3 331 42
964 514 28
942 289 96
509 683 48
100 173 65
285 533 85
205 752 28
120 505 92
334 552 51
270 356 52
980 519 29
815 693 15
360 518 42
801 56 67
332 697 97
390 17 2
971 360 9
25 105 96
176 643 32
830 923 97
239 128 17
274 837 39
455 464 50
729 760 8
361 265 31
44 382 49
203 494 28
806 310 10
971 871 33
318 446 66
336 318 84
319 893 39
928 515 92
70 490 30
131 697 88
373 603 70
467 838 39
596 560 46
304 246 95
277 938 37
531 367 3
335 86 6
590 377 56
459 568 25
645 478 58
936 897 51
90 7 100
21 113 74
749 864 26
194 767 42
782 421 3
858 892 20
354 85 91
84 369 92
974 766 67
672 72 69
334 317 5
726 369 97
462 931 14
116 137 54
407 625 57
400 523 85
954 814 5
964 468 68
222 773 46
745 675 98
394 296 17
41 60 8
625 795 44
323 700 39
361 369 41
616 336 32
919 818 74
612 889 11
993 109 23
279 906 21
575 950 81
897 90 46
430 308 74
467 117 71
405 704 89
83 348 25
781 123 49
168 987 83
395 813 83
259 45 8
768 855 66
34 986 39
520 556 36
811 938 89
544 265 9
136 394 53
384 441 86
354 824 44
62 707 35
503 292 75
207 110 33
866 971 58
864 688 67
292 633 40
947 561 73
350 950 89
211 195 52
499 550 94
37 864 3
51 665 9
562 767 34
660 792 11
292 192 18
336 80 53
595 684 71
302 737 90
287 853 78
344 709 37
257 690 78
163 726 75
244 35 36
756 340 19
618 501 55
834 242 37
274 667 55
142 767 97
110 593 41
699 524 100
144 177 15
73 542 29
890 865 14
597 426 6
576 42 23
653 998 57
288 672 94
514 376 51
699 306 18
951 178 87
348 88 87
700 992 61
282 587 12
46 162 34
300 265 67
321 190 43
335 529 34
65 743 63
836 98 64
745 583 21
630 914 88
444 639 46
756 20 45
584 935 20
827 259 62
434 300 80
944 262 75
470 453 20
601 349 52
332 907 49
19 1 84
539 653 27
788 790 64
312 908 16
680 651 79
400 305 75
700 340 65
102 22 35
294 761 73
505 795 81
543 619 25
852 532 26
678 854 78
205 115 60
506 519 51
458 184 72
556 329 85
48 568 84
404 653 80
560 306 73
774 28 59
615 926 19
439 884 33
148 789 64
837 503 39
818 972 54
891 905 58
713 366 72
718 60 61
736 327 98
344 439 45
713 211 17
244 684 96
364 343 94
657 900 94
275 692 84
70 654 76
333 325 89
904 176 47
769 800 20
463 921 12
234 72 13
34 609 53
88 367 6
23 7 46
180 738 39
472 209 17
923 887 41
988 226 66
429 226 63
559 657 96
234 926 63
390 764 74
342 831 20
173 990 31
900 779 35
165 239 64
678 239 92
296 993 80
197 657 14
384 531 89
38 939 33
229 404 79
321 929 29
252 182 89
841 168 1
114 824 16
887 691 54
182 174 19
696 35 92
296 379 21
289 489 32
118 523 65
427 849 29
128 246 43
168 464 94
649 305 69
844 345 2
65 141 31
525 876 4
195 697 27
221 928 96
724 895 87
538 279 92
302 455 64
33 712 20
437 141 91
456 53 15
178 174 83
719 797 32
574 215 35
906 143 67
554 105 87
843 949 32
834 353 95
552 203 94
896 852 16
15 2 87
147 580 26
390 196 85
229 479 95
86 278 77
799 441 66
843 988 95
112 323 30
808 19 79
510 648 33
38 186 38
138 997 81
817 61 50
945 254 31
43 922 16
994 617 76
179 422 51
40 748 88
373 680 100
107 185 5
828 557 32
843 212 70
587 16 4
424 810 69
618 162 28
106 439 75
829 93 30
880 728 35
451 178 52
179 602 27
329 372 90
107 905 65
329 666 45
184 830 61
342 972 70
295 709 56
473 707 39
914 693 12
891 5 57
552 150 48
860 266 40
398 705 67
240 43 59
636 922 60
142 538 30
659 929 50
986 412 91
264 446 56
52 319 95
165 453 64
621 702 92
873 773 33
315 265 71
450 128 74
811 510 58
626 239 38
387 138 29
510 301 92
969 943 56
997 517 65
585 109 19
261 457 48
409 119 86
409 225 96
548 532 27
613 672 24
411 391 96
976 899 14
438 429 14
509 828 90
541 200 38
171 774 22
444 658 40
478 7 83
978 836 13
500 427 4
889 803 35
612 697 28
254 144 16
246 524 4
220 457 18
785 940 62
104 372 4
988 152 84
298 560 61
271 541 40
298 117 89
28 103 5
109 953 18
120 5 91
883 32 60
887 980 14
779 698 24
828 621 10
252 203 50
407 808 84
707 236 9
166 79 8
383 257 36
276 6 18
250 545 23
452 345 3
612 585 59
468 34 57
387 647 34
585 349 32
430 924 11
214 555 84
965 684 20
376 883 25
755 361 23
890 983 76
958 22 42
951 639 86
249 520 75
56 239 7
205 231 23
350 358 60
165 720 65
810 64 83
516 891 57
203 27 28
301 52 47
120 937 24
876 998 83
700 800 56
750 305 71
736 387 90
779 710 70
824 952 20
40 549 62
103 290 78
263 57 76
866 881 81
517 636 70
959 891 5
638 821 43
643 590 43
706 357 78
750 479 45
622 657 64
210 26 20
373 844 11
127 28 15
998 516 19
443 632 21
533 108 42
257 475 100
552 17 72
370 407 78
239 371 50
138 717 91
918 892 56
211 731 18
781 657 49
62 479 45
608 141 13
456 182 72
154 422 43
992 157 54
15 318 3
821 638 45
769 152 36
741 923 36
59 268 87
579 279 90
580 30 4
849 695 69
280 415 19
248 752 86
369 76 25
967 243 49
656 791 58
743 67 7
55 19 82
474 70 46
250 717 99
858 189 35
287 604 32
346 595 45
823 994 68
558 482 16
573 666 46
780 167 40
60 777 33
71 609 57
659 923 88
955 545 37
708 532 93
157 839 67
828 618 55
652 200 44
419 540 34
47 501 97
217 789 31
896 355 60
605 80 75
485 850 13
805 729 6
702 875 22
428 102 25
791 508 37
935 698 82
223 778 11
579 425 25
958 588 23
630 938 60
627 894 84
174 889 38
627 397 49
937 345 5
518 311 60
108 180 91
228 17 72
964 546 32
451 554 61
277 729 79
948 97 13
153 376 95
758 142 22
947 462 84
264 591 42
53 184 1
885 192 71
364 625 83
225 99 95
20 37 29
50 455 36
628 587 9
456 957 96
964 115 92
995 243 14
377 938 85
105 218 74
478 933 9
894 986 94
992 883 31
991 19 40
885 471 4
805 355 87
840 307 12
377 899 82
705 295 91
246 548 16
145 326 1
314 367 86
34 584 39
997 396 92
389 325 37
670 222 39
240 759 1
288 217 4
166 103 46
639 849 38
295 540 1
486 640 22
767 426 56
522 763 64
766 729 45
356 335 21
45 359 18
981 245 8
202 789 56
610 562 58
704 373 87
187 988 43
686 998 92
3 433 27
51 309 13
842 168 33
305 693 9
514 154 36
565 507 39
252 3 100
844 835 52
864 536 29
818 124 72
433 756 92
327 128 63
578 367 4
154 803 78
886 190 86
327 260 28
280 91 16
117 974 97
182 513 50
790 38 11
929 45 75
304 30 79
645 883 44
78 657 78
186 994 47
104 572 17
261 339 59
860 623 24
86 791 75
634 152 56
673 35 21
310 541 51
264 877 82
99 116 74
119 281 11
968 493 24
837 29 92
818 533 28
27 330 62
873 939 99
205 544 68
191 986 74
934 499 87
357 999 80
64 854 86
823 910 58
205 652 79
342 760 88
918 592 17
622 936 76
829 10 70
236 73 6
527 125 22
497 11 2
171 216 34
598 628 35
890 502 92
582 359 45
737 266 49
357 861 12
962 303 93
521 311 89
460 23 12
900 129 12
939 802 83
669 948 19
875 514 88
973 173 41
42 129 80
700 447 97
370 77 42
819 243 89
899 552 87
556 989 50
276 9 15
167 919 78
684 44 94
864 915 43
887 277 58
98 768 29
151 397 97
311 674 86
328 993 42
519 440 85
286 204 98
924 756 3
831 127 84
826 102 52
40 256 45
802 333 13
221 678 6
193 811 100
680 739 67
746 37 55
833 700 19
549 703 68
902 484 2
612 114 76
529 895 2
828 640 88
205 753 43
535 779 20
829 759 90
495 273 96
844 796 7
166 752 85
856 186 60
300 45 90
425 758 9
464 670 95
240 596 48
535 71 51
847 924 54
404 455 85
796 602 30
178 89 80
609 949 100
110 270 89
340 307 33
725 82 68
719 437 80
9 968 66
12 883 38
708 52 43
230 994 2
273 103 88
562 165 38
780 475 95
501 96 51
157 705 57
54 811 22
602 794 31
955 731 50
703 446 83
689 676 81
17 22 13
349 648 73
153 71 43
501 602 37
181 846 39
339 488 91
21 995 61
236 158 48
896 17 98
978 755 15
583 699 6
93 721 53
913 383 80
405 829 63
339 925 36
336 225 78
548 716 1
805 816 67
558 870 64
186 349 84
162 38 21
456 310 50
578 145 6
724 518 42
847 864 61
14 849 74
843 150 41
614 324 44
209 558 63
935 680 8
40 692 97
480 945 56
492 41 16
865 784 15
535 295 75
976 757 31
495 972 5
102 110 75
513 813 30
855 734 38
394 180 42
235 101 31
207 179 28
870 666 4
552 342 20
980 376 76
142 965 20
462 412 56
579 337 97
60 645 32
637 459 78
332 88 9
400 460 19
232 203 54
665 319 44
923 4 57
823 554 62
211 930 99
898 907 12
147 140 36
71 290 86
277 639 94
126 889 55
831 289 29
589 347 81
222 337 59
199 451 19
965 543 58
407 549 1
839 851 38
834 161 8
189 592 42
761 522 87
568 342 48
77 281 41
340 625 87
883 458 5
572 193 66
917 842 97
714 528 100
13 981 42
153 856 49
691 185 9
910 912 61
176 82 28
772 911 34
714 141 30
547 770 58
51 87 65
402 945 86
791 134 24
580 881 5
495 369 83
258 938 8
788 184 95
266 216 82
215 963 64
918 94 75
898 991 60
230 131 34
609 523 19
410 3 85
402 177 17
752 135 69
683 210 68
279 611 62
770 602 94
190 318 58
440 181 58
43 615 8
639 970 29
687 883 78
967 749 72
555 6 20
931 681 99
536 340 44
496 596 75
409 294 64
896 956 46
189 920 68
708 570 48
517 770 23
379 597 80
725 391 19
609 206 77
960 191 87
286 603 63
784 219 40
566 810 57
942 991 81
314 775 99
470 916 29
809 196 51
782 623 59
803 316 10
20 128 11
176 685 65
449 301 42
236 745 97
358 440 91
765 392 15
667 465 63
795 493 32
717 327 98
412 993 95
818 29 73
336 662 93
203 814 72
142 198 5
714 272 6
935 863 22
322 219 86
120 991 51
361 20 58
868 877 57
181 728 37
310 790 77
749 902 82
473 271 19
338 91 48
494 152 92
939 325 92
813 346 1
881 352 41
418 177 48
290 725 85
753 656 35
333 539 30
397 657 71
512 841 27
438 331 53
350 861 10
979 972 64
1 85 95
690 303 10
522 54 9
427 234 94
448 589 53
261 116 67
340 931 19
624 852 25
562 742 79
805 868 90
409 749 96
614 367 16
708 725 68
307 40 46
389 783 34
558 583 11
541 219 69
545 156 84
669 381 71
311 253 17
13 371 18
521 411 23
239 83 22
538 412 11
932 393 19
330 532 67
252 241 63
66 341 22
559 480 93
969 707 59
943 129 62
213 284 38
205 911 100
179 860 78
430 58 33
930 202 43
592 880 80
371 779 62
117 821 1
257 193 67
566 206 73
332 78 25
130 953 31
784 631 86
479 41 53
260 211 41
851 173 13
648 906 100
592 265 11
650 45 82
509 58 12
748 226 42
341 979 77
238 337 45
310 955 54
178 197 52
790 556 14
284 328 20
187 970 67
49 597 66
112 616 91
525 276 86
844 807 56
503 924 93
259 39 35
99 397 30
259 664 53
964 672 65
619 452 22
751 301 68
221 440 96
319 866 78
800 482 86
384 838 36
720 470 97
932 152 76
320 157 11
498 829 6
667 299 100
408 571 96
724 569 13
25 343 50
228 55 82
498 980 53
223 578 52
761 130 70
331 825 79
854 384 16
274 369 37
739 223 51
316 826 72
880 587 100
261 695 93
358 338 5
890 469 99
979 377 33
79 55 58
687 875 50
479 964 52
261 464 28
302 101 74
111 807 30
737 554 60
383 746 45
866 175 16
152 527 17
671 624 84
253 591 93
27 621 11
275 498 86
193 439 67
232 240 52
307 521 37
553 278 9
783 929 64
948 670 35
526 925 65
548 649 67
912 532 100
226 961 65
237 652 57
802 533 94
675 501 53
347 677 44
214 361 76
724 525 28
589 62 91
731 269 74
180 922 93
719 470 8
693 471 42
933 29 59
396 541 24
966 262 44
145 408 94
294 486 65
226 515 5
216 815 23
670 516 65
730 990 92
890 578 85
173 482 6
395 621 13
248 93 61
777 803 60
862 188 71
535 374 66
797 417 7
115 414 51
306 891 77
948 441 32
790 983 86
230 311 42
565 814 73
948 85 64
554 542 40
94 555 75
212 930 13
289 437 57
11 404 33
55 310 70
240 711 60
698 542 20
935 363 99
650 869 97
870 250 47
34 401 36
759 358 76
495 659 5
168 36 23
194 144 25
475 933 56
337 899 71
731 744 56
614 7 28
359 33 67
128 657 37
613 858 94
677 833 28
543 872 43
888 980 80
369 764 39
961 613 37
291 769 63
95 172 39
682 914 60
582 605 97
695 875 56
492 796 79
489 430 65
959 914 49
402 567 45
676 222 33
460 462 53
304 862 35
383 679 18
44 946 51
871 967 87
750 76 66
264 253 86
442 274 88
909 587 86
138 523 79
794 572 72
238 861 65
530 862 87
797 869 55
334 951 79
44 533 96
677 204 51
158 929 97
473 546 52
709 902 22
714 204 36
116 902 29
851 641 4
151 294 93
629 515 34
704 453 1
651 780 56
233 710 50
691 609 93
77 616 100
663 74 97
782 952 70
461 139 12
757 448 90
736 895 88
292 401 66
214 29 66
856 268 11
770 883 38
408 14 44
955 995 69
44 293 45
537 505 93
49 132 44
769 963 1
284 629 17
760 833 69
56 840 68
234 426 62
455 232 72
908 307 91
736 342 37
417 969 41
558 107 15
414 656 57
759 509 55
781 859 38
57 792 6
14 23 64
623 839 84
594 948 91
831 747 56
467 648 55
106 319 52
385 529 55
8 734 44
512 745 70
849 684 50
665 823 37
217 377 50
689 35 23
961 651 31
55 338 2
611 901 44
371 504 65
738 434 36
729 532 98
417 871 41
2 35 53
932 111 87
833 255 55
12 833 53
820 260 88
687 87 57
972 880 77
365 995 67
588 295 94
342 779 51
369 857 15
566 328 11
730 624 24
929 757 91
934 266 14
805 181 3
677 741 35
413 713 27
653 795 32
783 764 6
403 864 73
169 855 82
702 122 68
908 79 49
80 392 7
238 318 75
854 885 33
133 112 83
155 219 97
92 67 90
637 877 18
759 36 78
671 466 54
220 479 48
669 534 4
411 607 63
502 441 24
918 711 63
885 158 39
724 35 51
232 465 75
721 876 17
509 760 7
659 481 57
489 156 86
289 340 11
364 452 11
163 490 70
529 101 3
746 889 38
109 999 52
644 583 76
502 569 29
567 966 26
647 434 48
367 411 2
37 878 8
558 905 34
532 616 46
213 314 19
693 94 21
522 978 63
25 432 18
59 882 54
85 265 84
61 818 1
819 309 66
910 344 99
764 253 94
210 584 28
562 942 75
672 854 53
111 130 84
683 117 88
798 502 95
173 760 24
593 462 62
941 687 1
768 816 85
204 149 33
419 474 10
437 548 35
36 7 79
365 745 56
627 895 65
670 541 14
642 985 28
731 840 19
154 89 44
458 466 36
59 480 56
159 576 46
102 455 24
465 853 72
544 740 73
873 173 87
142 132 75
66 918 56
766 134 76
403 511 96
460 933 87
196 271 51
486 612 46
748 393 91
301 662 1
121 481 17
256 381 59
70 967 98
933 267 91
39 196 32
486 538 80
693 434 64
959 321 100
235 276 63
919 161 40
173 880 1
833 864 33
196 895 42
466 166 44
415 292 58
300 926 33
8 516 91
274 54 52
759 372 72
241 120 22
302 926 76
968 626 19
421 441 39
223 599 15
704 919 5
875 62 60
37 456 74
506 44 78
683 143 91
532 229 39
6 335 75
742 426 30
694 413 8
6 731 26
396 451 53
890 471 22
869 613 87
387 253 72
842 486 35
376 119 53
248 559 33
937 231 21
480 190 76
833 566 74
467 65 27
410 210 17
405 520 4
446 615 1
947 956 97
459 465 30
121 75 11
218 685 72
507 18 14
940 272 65
18 832 48
628 630 36
234 255 97
222 290 96
761 991 74
568 55 76
562 342 63
290 324 18
279 333 31
774 545 71
167 691 4
205 266 46
322 217 61
218 310 90
889 695 88
793 717 90
215 125 58
715 279 73
598 913 27
559 838 12
787 433 35
265 309 28
152 927 23
192 755 93
670 418 47
720 948 78
634 180 62
658 354 2
605 404 74
493 941 48
560 186 41
164 153 39
680 629 2
388 468 60
17 236 57
73 296 59
372 354 36
373 126 4
523 982 32
518 326 60
744 494 37
511 929 50
224 935 93
132 963 37
555 259 48
40 565 74
767 482 92
860 493 48
899 732 86
572 330 54
528 171 74
812 218 94
263 149 12
79 468 55
689 334 53
638 2 3
826 122 51
596 819 63
668 275 74
135 359 7
864 234 42
16 3 1
265 806 49
616 553 29
603 290 30
451 657 83
755 615 26
665 401 67
768 628 71
570 750 35
709 191 78
841 231 38
514 546 22
564 638 44
78 343 45
433 859 91
14 197 26
492 206 53
974 274 31
711 861 15
323 214 69
637 247 78
693 986 51
566 905 28
317 54 29
243 602 76
479 423 92
491 923 16
766 618 24
125 201 95
773 788 37
699 666 11
600 406 34
216 255 69
819 931 40
601 244 42
218 227 74
6 821 46
265 272 62
748 503 8
614 476 69
245 841 5
121 131 81
181 847 59
845 611 35
132 331 86
749 903 54
926 705 52
543 537 66
768 646 18
690 760 2
407 923 92
9 986 5
853 769 38
564 200 25
259 709 3
588 728 30
736 328 46
759 562 2
393 537 72
823 918 93
296 404 8
240 791 87
589 378 63
289 670 74
540 963 99
782 629 1
175 894 61
81 15 51
841 897 72
223 607 25
316 116 26
980 791 85
538 661 63
440 752 62
968 339 30
770 493 82
765 251 45
483 800 42
627 358 66
184 967 28
709 437 72
940 666 43
108 665 29
738 905 84
248 515 95
817 616 84
647 160 49
207 745 51
332 319 94
55 827 76
422 697 20
505 145 94
483 329 42
454 577 27
719 767 23
456 464 82
925 344 48
635 176 40
877 866 47
843 577 29
717 470 25
562 80 54
938 351 25
898 156 53
796 551 91
429 333 37
722 856 21
866 834 95
187 446 99
461 114 58
371 113 88
622 515 87
701 139 52
802 850 98
119 800 81
655 588 87
769 109 6
489 336 99
723 791 41
9 12 30
222 449 48
915 679 37
74 369 91
665 253 44
599 13 87
253 348 45
330 453 88
862 600 96
214 331 39
880 839 36
872 179 69
443 656 30
694 316 16
862 210 67
327 393 23
214 920 22
513 760 6
975 89 26
715 305 16
793 16 30
721 753 43
934 569 20
124 619 46
202 474 34
620 987 39
53 497 56
665 843 72
477 903 68
241 960 93
36 676 74
390 284 53
800 889 27
409 887 42
284 50 72
477 384 59
514 358 60
49 121 91
813 393 27
311 144 50
115 739 42
359 727 36
244 772 4
342 121 49
712 104 85
528 634 52
335 991 66
988 703 95
516 823 48
393 80 55
625 938 81
640 875 98
715 768 23
125 943 97
619 399 5
511 14 34
849 172 98
967 707 41
643 473 90
460 1 73
344 907 67
35 730 8
597 555 10
860 933 65
551 804 48
927 56 29
255 144 45
560 61 69
758 810 71
488 109 6
835 861 74
815 316 79
167 966 86
131 138 17
262 473 99
271 88 80
854 228 48
547 219 60
229 589 30
385 653 85
66 590 39
353 502 31
942 517 66
678 365 9
604 287 9
228 994 81
859 619 70
34 541 9
221 245 81
5 156 78
755 491 81
411 763 72
813 399 2
30 28 33
3 623 15
38 851 85
246 222 30
775 117 85
481 632 72
159 241 79
392 371 30
742 90 70
281 215 7
682 928 36
302 142 99
114 340 30
600 847 82
683 856 21
478 654 98
83 321 88
13 655 17
151 822 58
278 826 8
913 495 34
439 1 82
637 797 33
138 194 76
87 854 67
922 969 38
413 706 18
218 347 86
51 267 94
842 131 39
675 165 51
465 261 77
187 929 43
913 173 15
400 322 38
810 563 2
414 468 18
365 534 93
237 807 96
100 279 68
550 246 30
346 841 10
997 816 56
196 303 20
342 995 94
311 425 61
646 614 85
466 545 33
605 296 92
508 489 5
948 494 53
388 398 13
142 566 92
209 551 97
810 125 64
79 518 51
386 349 92
345 118 48
533 416 57
293 568 62
916 540 39
37 790 59
16 922 99
232 931 48
56 278 63
564 930 10
142 710 79
573 798 88
240 103 92
767 964 70
839 700 66
109 985 60
612 980 43
243 632 49
170 992 20
974 15 82
277 833 91
600 611 53
787 325 33
199 401 62
500 37 96
886 503 23
570 769 43
72 951 54
76 400 77
950 845 60
441 633 8
400 533 92
378 13 60
886 46 35
735 413 96
808 264 76
366 155 46
30 623 53
581 990 84
766 916 98
65 166 25
527 296 38
548 827 25
805 476 6
210 763 80
979 809 29
761 627 4
320 629 96
101 833 80
480 336 74
839 660 23
310 992 76
25 291 32
989 970 89
856 442 27
800 170 54
5 355 71
670 925 47
135 915 91
494 473 50
439 929 94
188 990 54
349 750 70
840 797 34
835 305 30
213 69 14
270 996 34
849 24 17
60 492 56
194 75 70
215 742 10
598 805 29
793 885 60
431 468 97
647 469 18
573 729 75
958 540 28
845 38 33
431 817 82
369 824 7
876 496 54
875 485 86
183 361 65
595 606 79
15 157 73
596 425 1
918 688 52
843 854 61
729 270 97
454 976 26
763 103 98
355 85 38
661 271 71
315 936 6
605 929 57
607 46 15
257 455 98
550 472 80
988 660 25
553 754 52
726 645 65
18 894 45
102 680 52
356 567 97
1000 162 16
977 688 37
234 312 61
648 549 50
34 353 30
340 889 99
676 572 13
525 565 5
83 963 89
366 49 55
318 558 42
403 243 23
31 605 54
476 76 31
594 672 14
771 74 76
250 296 64
556 852 87
170 78 25
367 987 60
454 482 80
425 157 40
157 950 7
919 840 43
27 55 80
595 48 63
787 634 18
140 297 94
625 105 45
480 658 79
359 945 52
461 686 79
688 121 39
367 166 33
374 252 33
268 470 13
797 176 9
597 855 77
813 636 49
730 686 3
88 753 52
693 76 22
705 592 52
340 41 31
916 106 50
2 348 84
127 644 38
894 365 90
267 171 70
784 618 24
374 741 22
829 511 100
243 497 48
465 781 77
646 967 37
74 772 44
33 604 1
964 879 68
628 376 90
90 404 86
257 204 34
193 608 46
885 926 16
738 332 58
871 402 26
224 6 66
155 595 57
472 671 41
877 458 46
95 644 17
135 954 1
68 34 3
274 421 4
851 116 62
629 474 50
341 514 40
179 213 52
294 514 3
294 407 95
336 650 33
889 42 100
880 950 34
245 601 31
482 510 55
238 40 26
649 102 11
824 236 14
471 406 6
901 691 28
602 318 87
313 303 56
882 329 23
77 802 40
836 397 85
426 810 50
844 744 44
282 48 54
625 846 48
507 695 46
242 251 78
641 850 51
984 583 40
904 641 50
190 282 75
982 162 84
748 721 55
778 979 52
712 307 57
172 793 81
724 749 69
801 743 33
693 284 17
112 3 64
261 631 4
868 351 44
180 685 53
34 148 38
661 634 18
935 386 74
97 92 46
578 456 68
986 33 84
831 325 53
322 549 96
971 352 78
751 621 88
315 617 94
815 453 30
6 15 78
71 135 96
369 564 72
214 491 89
549 460 80
330 916 18
883 136 67
564 844 9
626 434 56
821 512 72
150 927 58
527 960 39
340 547 76
982 553 37
870 921 98
816 269 88
606 747 91
942 705 58
345 165 63
806 486 27
628 416 71
536 831 82
133 748 84
789 696 77
691 671 50
558 259 8
960 492 15
789 819 74
332 889 98
604 268 51
91 408 15
142 81 4
389 132 30
596 544 6
827 149 88
944 317 97
252 381 77
617 503 99
637 256 9
673 562 41
369 467 2
288 981 70
315 676 52
192 710 41
983 694 98
761 90 26
25 992 90
398 122 44
326 390 24
540 287 23
334 901 50
420 296 96
536 9 91
167 216 15
161 670 45
790 768 54
54 764 53
636 1 3
849 889 76
918 712 43
519 866 26
888 158 90
783 250 66
694 998 90
741 801 15
255 651 21
981 893 62
827 673 98
891 549 55
153 183 48
978 57 45
871 791 49
916 27 1
583 524 82
182 1000 39
672 144 100
201 36 38
485 832 47
426 623 66
604 513 31
861 918 91
8 309 71
753 580 20
330 42 52
398 617 45
404 452 5
313 254 60
502 642 17
872 614 96
598 168 19
595 366 73
182 78 67
911 264 14
306 699 11
650 434 43
832 931 84
633 685 94
934 990 98
207 126 60
974 219 7
706 768 22
467 552 15
794 886 63
696 483 58
362 191 12
660 732 57
764 91 6
644 898 28
570 156 19
566 390 55
801 815 90
853 566 45
76 578 15
756 495 100
291 160 23
805 168 51
89 94 76
628 267 55
162 591 18
696 423 83
620 823 80
434 820 60
742 922 13
716 212 61
129 112 41
406 319 49
868 487 85
944 121 56
312 158 65
675 292 44
529 519 100
491 270 56
408 383 63
974 931 49
360 692 55
288 644 59
424 784 95
944 50 49
7 530 95
591 685 99
225 468 98
63 192 16
747 770 57
86 710 47
884 423 4
997 752 94
213 110 5
67 387 72
741 350 8
243 111 57
550 663 22
150 176 54
251 450 63
845 259 86
747 153 96
485 24 28
575 228 85
200 410 26
724 319 39
855 268 80
509 467 1
358 803 33
423 170 9
234 818 53
803 257 24
561 429 88
860 813 7
513 303 83
5 260 62
973 65 52
684 892 9
430 90 5
369 848 37
927 293 100
548 954 80
541 319 18
133 683 19
739 783 16
16 993 12
106 709 65
114 697 48
739 706 41
350 308 91
177 469 91
212 967 68
259 201 12
128 568 100
692 919 83
112 235 67
809 559 31
429 456 42
650 586 1
585 216 83
386 689 11
364 872 57
635 104 29
48 432 18
8 520 79
430 545 87
169 220 72
688 659 73
550 957 71
696 539 70
897 105 57
779 534 40
117 489 9
267 768 69
751 833 52
299 221 54
841 265 66
864 861 69
264 631 39
111 161 10
268 628 93
290 579 21
241 777 23
536 996 8
372 10 40
697 594 81
102 117 70
857 345 62
816 794 23
25 839 92
262 711 44
48 91 73
325 87 46
374 68 22
713 924 9
140 811 84
254 376 17
28 710 2
964 279 73
661 779 56
833 673 91
839 804 86
556 614 98
273 616 51
822 778 52
787 794 16
135 223 30
386 114 11
499 107 94
642 693 40
538 444 38
761 456 87
475 377 11
720 976 88
931 49 32
765 112 26
276 985 50
780 804 43
278 710 70
653 75 95
694 775 16
438 102 95
798 734 81
14 494 25
1 531 51
167 579 74
994 787 31
179 539 18
128 968 97
505 534 85
31 987 51
40 390 48
425 857 35
332 818 9
885 811 6
898 636 61
502 458 41
835 594 46
618 246 24
445 838 8
565 368 74
737 77 1
3 914 35
931 980 18
35 189 97
163 31 73
426 248 69
29 461 97
207 26 67
379 522 50
58 767 37
200 52 41
874 594 100
142 811 95
646 891 75
159 237 61
708 464 33
267 48 38
200 943 8
168 518 90
145 894 100
857 55 19
237 220 41
228 825 63
530 106 35
348 130 30
70 741 72
352 725 95
800 119 67
948 734 30
275 698 41
650 389 16
195 68 37
538 858 75
969 77 96
353 425 48
544 611 92
799 668 39
650 115 88
565 841 99
505 226 38
3 575 65
172 378 36
335 104 18
462 487 12
471 145 75
554 932 90
342 998 19
680 435 28
560 496 87
471 150 52
751 791 2
390 357 50
1 100 13
491 192 39
775 159 62
904 776 4
267 847 47
420 697 68
199 840 29
921 267 4
139 744 73
454 678 46
67 442 39
977 532 12
233 552 100
382 855 50
912 553 9
239 217 43
729 67 59
336 534 81
177 302 76
350 676 11
911 735 34
553 957 76
6 876 20
694 818 8
852 219 47
399 171 35
9 419 50
411 175 41
216 982 35
37 387 59
836 482 94
906 504 82
491 104 73
99 945 15
396 710 58
799 350 64
164 502 46
635 530 46
155 831 66
52 563 50
77 630 42
23 391 70
710 122 61
699 171 70
1 90 87
783 837 93
203 890 9
836 513 32
691 433 8
807 756 49
645 552 6
97 405 46
260 784 11
197 107 71
823 907 59
55 510 35
329 271 56
928 765 73
146 689 58
591 816 31
711 727 91
460 826 6
804 731 80
834 109 46
605 441 62
123 372 19
958 720 50
651 192 90
156 738 53
151 940 70
857 960 63
717 235 18
133 859 85
275 320 70
413 457 34
525 846 11
271 164 99
568 164 62
583 751 51
442 345 73
699 968 50
971 882 36
197 357 74
392 79 88
782 539 18
523 984 15
889 1 4
468 401 59
835 935 9
249 965 26
855 60 96
482 179 38
979 639 39
346 647 7
475 175 26
450 174 68
65 930 13
894 644 55
171 362 50
40 675 39
15 240 38
307 323 56
877 430 75
362 319 8
14 426 39
253 518 13
582 683 47
995 568 59
734 123 93
204 927 75
431 245 76
462 83 67
460 349 54
216 956 13
645 503 33
526 993 60
769 350 73
889 416 78
133 2 95
810 389 2
684 873 95
127 648 39
50 248 26
615 252 6
886 944 83
672 454 31
380 905 32
669 664 57
949 231 76
657 870 24
637 279 50
410 226 69
656 668 66
925 3 32
993 238 99
212 859 31
727 521 67
609 565 16
395 756 66
729 246 50
4 355 10
1000 442 61
552 23 99
867 604 10
194 925 43
91 670 97
457 291 18
168 293 70
424 957 53
17 735 58
177 323 76
733 807 29
418 136 9
133 882 78
312 128 62
569 93 64
852 641 82
477 244 39
567 919 97
716 700 71
543 926 77
969 557 15
285 457 31
900 944 25
887 560 26
124 579 83
842 802 69
833 19 6
307 585 7
249 839 65
124 698 73
323 871 92
472 105 53
84 833 49
238 280 14
185 130 66
71 923 31
605 589 65
392 31 11
631 403 86
624 554 77
520 415 62
272 403 28
271 456 27
367 950 11
573 89 7
198 228 87
259 44 94
572 211 61
932 312 92
122 421 81
316 47 71
485 677 85
86 91 55
190 951 90
671 569 43
837 98 20
273 468 71
672 229 93
124 409 83
174 675 15
511 436 40
320 400 1
906 695 62
394 123 90
541 153 66
112 879 27
308 593 74
843 331 30
684 29 72
441 67 49
783 642 18
768 77 62
937 52 34
865 529 49
653 903 41
345 869 48
468 749 42
848 577 15
348 541 16
243 668 76
316 942 30
636 358 41
263 879 52
134 553 23
924 519 80
645 315 4
256 284 34
580 21 84
428 255 83
635 478 6
832 150 12
220 659 1
670 133 58
4 379 19
300 709 21
852 465 43
930 167 71
402 920 19
244 914 25
677 910 79
777 566 31
434 376 24
689 617 51
160 473 8
67 66 89
224 319 81
468 958 40
237 219 57
54 345 61
438 841 3
831 17 57
356 458 64
164 538 30
372 455 8
249 460 53
484 386 38
711 169 40
937 392 96
331 649 45
889 985 15
84 562 45
104 111 35
193 594 68
354 382 34
521 295 70
983 535 45
654 896 63
296 790 69
525 694 78
378 752 8
183 486 86
98 180 82
579 907 27
765 908 88
691 359 46
892 603 62
306 861 69
431 419 26
309 434 52
376 610 40
99 348 68
402 647 99
912 894 59
61 741 87
8 591 95
503 277 96
549 593 42
252 179 13
854 52 31
559 514 66
930 403 75
552 352 20
839 496 57
572 125 67
850 256 36
933 664 86
407 758 96
39 366 45
484 371 68
633 286 56
977 956 47
51 123 92
635 511 86
326 535 4
397 623 39
551 211 88
800 384 47
362 751 32
656 361 29
858 274 69
742 710 2
517 423 44
184 425 96
863 600 77
539 186 46
393 360 53
51 432 66
129 981 16
15 721 55
160 152 52
875 396 12
633 205 62
500 270 97
894 143 34
976 181 68
210 44 39
89 573 50
791 718 1
210 124 35
70 118 1
835 443 24
587 772 72
546 643 52
417 271 23
250 810 12
102 637 16
828 919 81
644 569 19
596 24 33
451 113 54
899 906 1
237 600 9
698 663 48
728 837 2
449 197 55
379 278 59
397 192 89
453 833 97
769 249 81
534 859 88
115 609 80
365 870 84
947 198 25
507 357 72
962 151 59
631 43 74
315 213 5
910 360 7
216 389 64
933 132 23
807 176 13
976 618 75
711 99 22
891 830 76
964 729 7
193 982 1
193 210 83
676 634 2
60 279 31
104 267 35
148 156 94
429 532 91
877 916 6
781 880 7
116 193 88
245 961 12
153 27 18
752 983 75
937 524 37
52 362 13
70 927 83
891 850 69
292 421 17
735 161 4
753 558 36
867 719 45
402 104 64
190 406 28
781 308 60
924 628 30
245 780 85
220 908 49
930 708 37
371 46 94
10 823 66
644 710 21
99 592 60
798 916 100
796 108 57
397 209 11
896 194 71
38 211 75
516 623 95
820 806 4
892 115 99
821 847 86
786 584 37
120 958 68
317 744 37
251 717 27
579 267 10
227 81 31
414 532 25
779 455 51
536 593 67
291 187 88
627 591 95
331 365 47
104 880 86
783 813 51
456 838 58
745 341 61
322 134 89
158 132 18
958 92 2
201 343 1
426 43 38
404 801 43
651 646 86
428 487 79
231 653 94
909 686 53
141 996 7
75 615 95
54 717 59
340 489 13
611 227 37
130 344 31
390 447 23
485 736 25
632 239 8
936 382 26
32 488 3
901 928 87
926 93 70
826 238 33
569 825 65
923 778 4
666 478 4
984 557 59
199 472 14
351 267 80
954 207 99
584 750 67
276 622 40
121 616 3
128 861 89
672 655 10
731 259 8
788 764 22
57 870 9
911 753 76
654 335 56
465 958 39
999 602 76
331 978 38
360 650 52
271 571 14
382 104 79
334 305 90
149 667 6
480 876 56
271 109 39
610 741 71
555 295 61
935 756 59
632 966 39
93 786 72
676 808 51
572 794 37
781 158 4
502 562 18
323 118 95
554 942 8
509 595 61
925 412 1
151 873 14
607 539 6
907 195 79
241 964 24
968 156 44
690 441 97
479 547 54
948 62 19
476 742 32
907 764 58
649 288 34
938 776 58
662 435 22
572 54 6
122 326 53
439 516 29
203 57 59
782 821 61
943 230 20
457 484 23
268 369 65
290 843 46
759 152 35
22 75 81
963 862 58
358 500 95
449 344 34
416 188 83
763 33 92
559 470 86
13 203 90
968 91 12
270 241 5
12 657 66
475 801 10
797 985 44
370 573 53
731 859 72
246 764 9
703 56 31
489 445 60
616 153 54
603 453 62
611 107 83
157 647 63
249 361 60
368 909 95
772 658 72
448 176 5
897 868 48
41 614 36
645 380 18
689 267 50
927 168 90
204 804 51
897 286 55
514 394 16
266 243 89
764 515 4
755 409 14
383 47 99
283 652 82
779 942 39
304 264 8
296 655 92
15 667 99
417 313 58
39 455 34
671 580 38
560 729 19
745 716 38
450 311 52
933 692 80
479 673 77
84 582 70
355 711 25
990 770 11
201 773 35
94 825 62
284 581 15
573 416 31
651 853 66
901 647 15
299 618 38
865 662 86
83 266 77
800 817 91
2 877 13
279 675 21
780 120 18
588 320 69
368 270 14
113 390 100
518 89 52
171 26 3
574 635 28
315 424 65
648 334 70
942 147 99
721 368 18
126 778 80
218 473 96
810 821 25
528 688 35
277 294 94
324 757 30
687 861 50
122 865 9
4 611 67
989 526 63
676 612 55
463 476 35
48 961 63
769 509 33
70 479 81
840 883 19
241 678 37
66 99 43
40 60 16
229 259 40
348 932 95
81 103 26
221 825 95
570 881 37
21 120 94
266 297 24
921 947 67
173 210 95
882 241 34
514 318 71
583 72 17
568 418 30
66 34 31
766 814 79
844 401 70
158 455 68
307 301 86
473 905 72
633 232 10
86 151 18
691 854 18
985 744 91
278 442 45
793 732 56
301 16 96
134 295 31
778 57 21
480 121 96
85 767 14
553 336 32
431 785 57
549 325 79
639 721 77
493 531 100
603 332 44
701 253 55
433 675 38
301 217 99
362 596 90
393 407 81
448 349 2
682 998 98
848 661 56
103 305 80
792 914 34
990 238 91
707 437 50
97 584 47
965 600 97
130 208 19
909 994 62
328 780 85
62 215 14
161 752 88
760 166 76
885 73 2
960 864 46
399 688 49
923 89 53
125 474 53
328 772 31
202 934 53
321 43 39
224 503 9
498 703 72
643 608 2
505 804 10
630 374 50
567 409 52
769 563 68
329 866 21
141 214 10
843 264 17
91 731 38
140 431 92
546 79 16
875 781 94
488 60 36
147 285 77
947 134 81
213 712 74
788 287 58
281 631 2
206 85 46
89 440 12
303 389 25
281 927 45
918 542 18
680 700 44
646 899 36
405 217 24
39 155 10
323 247 38
547 439 66
409 413 84
931 82 26
88 187 87
725 869 55
48 73 24
939 679 75
4 708 76
410 441 23
775 197 71
638 127 68
26 408 93
49 489 29
862 930 80
984 110 79
175 948 34
201 964 74
833 86 92
113 787 5
243 713 79
327 939 14
403 180 52
329 954 84
454 157 82
718 578 20
503 386 10
777 5 54
276 270 26
295 75 54
44 939 7
981 214 71
199 736 41
656 720 76
491 187 44
165 380 53
840 215 54
745 435 45
591 369 69
162 873 61
521 464 18
154 12 9
401 182 78
988 806 18
979 162 77
713 654 15
358 245 22
954 634 37
254 50 78
144 695 98
311 572 74
955 933 67
139 131 40
44 914 26
28 263 72
754 948 7
434 460 83
737 986 4
29 45 60
678 713 37
537 706 72
321 830 59
821 674 3
326 66 84
58 830 100
12 931 72
364 980 63
907 828 93
303 474 64
346 875 6
48 858 35
671 91 8
628 820 94
692 912 55
633 567 53
699 687 67
113 500 76
969 324 42
143 244 50
46 342 75
860 274 76
468 761 24
881 684 50
473 729 87
119 48 58
292 888 6
460 266 98
927 677 61
139 663 46
524 73 14
85 141 82
745 879 56
688 53 2
985 502 23
12 756 67
991 28 15
520 99 63
11 52 68
70 93 34
171 299 72
888 85 66
795 471 69
743 640 12
391 721 41
578 210 61
84 113 52
457 594 95
350 576 84
657 163 52
629 679 62
612 820 69
376 492 58
962 472 70
466 512 89
739 385 68
534 147 81
988 253 45
578 778 99
536 607 81
557 711 52
908 979 8
796 683 41
660 750 62
375 554 81
632 635 87
636 609 46
990 549 12
68 806 1
573 413 81
642 975 52
374 746 10
376 591 76
615 94 42
818 957 73
470 632 76
621 719 71
917 168 78
134 826 56
334 955 12
241 573 56
879 299 82
480 353 71
73 480 75
938 361 86
549 888 11
725 685 44
296 649 56
374 480 10
405 622 90
804 339 3
482 956 38
895 919 38
721 325 35
532 371 70
822 43 19
850 143 70
235 287 81
387 554 88
190 79 6
344 285 58
734 398 46
44 7 94
552 351 94
669 716 56
338 633 77
497 384 88
275 421 45
270 320 60
499 968 86
927 640 24
876 72 24
512 57 35
414 6 35
71 735 85
827 444 48
827 185 71
370 694 64
233 287 58
182 158 82
724 491 44
368 958 59
692 15 55
953 972 28
362 369 8
126 599 46
56 430 36
63 370 94
280 105 10
237 934 7
197 69 6
721 616 88
976 173 46
381 124 59
525 433 27
145 143 54
824 636 32
243 561 39
589 788 13
762 43 73
606 570 10
223 951 16
426 551 76
863 579 88
559 360 85
475 259 65
566 150 68
494 309 51
965 536 89
347 254 19
210 376 42
840 69 43
958 928 17
630 41 40
71 666 31
991 876 57
497 153 89
271 639 78
229 823 72
659 165 33
27 732 90
772 923 48
757 78 34
378 83 11
615 706 9
984 258 51
578 304 5
171 71 54
812 158 5
278 531 67
674 117 64
894 823 32
760 39 6
788 490 68
795 178 75
675 497 62
498 486 75
930 484 33
441 833 52
148 397 33
37 602 23
158 364 8
85 109 17
481 745 26
887 332 29
86 948 3
952 368 64
448 183 79
569 603 67
809 399 66
670 579 18
590 505 66
56 469 32
82 467 81
358 234 17
21 477 83
322 991 54
738 515 59
829 697 36
138 467 70
141 363 18
561 818 47
587 375 93
403 428 35
49 437 4
705 387 75
190 174 62
707 774 56
517 929 23
558 173 2
788 796 65
595 794 29
6 546 74
238 924 65
197 457 51
342 552 50
987 298 78
802 114 95
165 909 40
856 728 58
733 187 8
847 701 59
375 166 21
883 842 68
828 952 35
860 249 3
821 635 59
767 176 32
820 930 70
911 573 26
869 200 11
796 607 62
631 857 91
462 915 34
158 327 11
262 174 70
228 334 32
431 760 68
272 222 56
77 46 1
164 826 52
364 859 90
626 259 96
559 8 73
460 718 90
896 403 29
646 601 47
68 324 77
166 703 58
831 192 4
264 950 88
773 611 100
900 139 53
280 675 30
993 295 27
485 82 64
982 407 16
595 330 93
538 958 9
195 691 60
651 809 87
804 183 63
302 908 37
921 201 47
941 287 92
114 65 97
493 559 21
131 164 76
372 528 86
788 68 1
99 111 75
176 466 32
713 954 71
659 313 47
492 345 83
446 155 1
37 521 41
917 490 3
308 382 80
680 594 77
166 822 73
87 642 34
579 940 10
647 687 53
938 183 51
39 2 2
405 640 89
178 377 93
116 921 77
310 175 42
344 886 94
651 560 38
317 407 67
558 70 56
590 334 63
327 81 92
429 309 43
900 970 95
897 876 48
618 146 46
959 486 51
891 421 24
558 571 54
357 381 95
946 478 71
659 731 95
530 782 32
269 241 75
436 261 70
398 518 6
769 404 57
554 419 39
355 217 61
974 826 75
277 838 50
481 203 79
164 254 7
54 753 4
627 111 32
702 667 26
293 821 76
435 497 61
953 48 47
177 514 91
646 950 8
581 305 13
731 62 49
196 774 79
313 860 8
903 236 89
564 329 77
959 344 38
883 716 92
167 941 66
985 379 84
344 737 81
852 513 100
684 385 46
225 730 71
834 673 51
345 392 18
611 531 95
185 812 56
553 536 7
50 179 98
876 537 37
972 725 35
959 189 53
534 579 96
935 829 2
998 327 92
95 995 23
587 343 2
942 38 59
609 238 46
875 956 8
386 404 49
14 60 30
529 301 63
956 405 86
55 952 75
991 35 50
673 706 48
461 113 21
278 407 80
741 424 43
840 594 49
349 873 92
138 809 47
873 440 16
54 578 54
575 400 30
4 592 79
819 400 78
929 641 84
227 473 64
622 542 40
849 843 51
427 453 16
11 741 63
974 407 89
454 204 72
737 775 2
548 819 47
572 380 57
971 565 85
632 468 10
415 894 79
687 348 57
202 826 38
451 617 89
416 985 24
448 189 83
848 435 44
283 459 71
660 567 82
284 815 25
322 943 25
218 327 81
306 950 19
888 340 92
774 795 76
834 43 29
652 384 80
941 242 19
404 629 80
300 546 96
411 207 41
722 870 38
27 200 19
662 60 26
122 82 63
34 800 71
844 202 84
873 40 22
572 776 62
125 24 28
20 956 32
521 895 54
824 504 70
665 915 68
271 156 100
363 456 98
668 467 36
979 730 11
214 143 36
967 858 6
868 522 30
98 51 67
569 528 9
383 936 66
872 808 93
686 111 62
845 512 63
43 689 83
109 715 78
993 873 7
666 458 80
361 898 39
410 403 84
738 287 23
624 77 13
548 189 71
12 454 36
809 360 22
695 239 14
168 960 30
820 851 81
918 802 98
936 686 80
558 513 59
768 891 75
534 524 63
308 9 69
629 144 80
59 79 17
992 541 61
210 82 69
927 942 72
213 581 84
74 625 9
716 362 69
41 373 45
904 528 71
622 491 81
949 590 39
831 911 27
485 339 42
945 956 70
136 615 19
754 715 14
774 274 18
250 898 51
331 881 56
7 561 44
77 581 90
466 813 29
810 852 96
918 38 20
2 873 3
525 67 82
320 95 18
787 147 28
267 797 4
92 725 28
183 47 69
517 608 77
877 255 58
245 177 23
608 195 23
865 805 44
919 296 67
297 254 14
430 281 29
450 648 96
630 115 89
329 318 66
693 170 38
639 818 15
131 77 68
629 558 4
328 974 30
25 692 51
849 817 41
794 130 98
696 557 96
871 735 67
508 523 15
958 164 82
127 931 4
440 664 27
227 831 57
338 60 12
572 886 76
437 306 13
47 574 79
733 242 78
632 262 91
321 805 17
676 500 97
352 303 9
198 689 100
102 220 25
53 257 21
906 738 10
850 296 56
965 221 5
485 642 90
553 815 3
312 419 74
113 904 46
728 611 2
82 434 73
205 437 25
417 666 62
592 492 41
70 970 15
322 236 24
961 339 44
884 637 19
675 161 25
972 857 7
115 946 23
179 128 19
75 336 59
512 647 17
31 978 32
647 777 39
732 912 33
235 779 58
444 934 25
430 84 52
789 316 76
264 743 3
706 696 92
74 980 5
1 442 99
554 460 49
247 223 78
553 83 28
482 713 52
881 275 4
146 949 58
942 259 11
539 269 65
410 55 19
439 320 27
111 864 66
131 198 35
222 946 66
295 176 9
865 607 77
379 720 7
139 617 75
803 367 55
614 391 29
892 811 96
577 470 51
317 423 30
223 59 44
15 315 53
101 849 54
995 109 38
917 642 74
769 306 32
505 731 53
266 291 67
162 108 81
649 450 56
836 64 1
883 674 10
69 425 21
793 520 88
133 23 48
173 598 86
587 943 80
806 35 8
490 392 64
894 995 22
153 55 35
845 930 82
207 858 92
727 924 5
7 253 38
19 804 70
282 352 75
819 36 81
991 626 63
664 634 99
243 134 52
59 110 45
684 736 79
280 823 26
200 909 68
514 326 6
678 714 31
999 208 73
710 119 74
713 578 61
122 382 85
456 70 5
955 888 42
326 131 12
54 464 15
33 65 92
759 699 77
365 213 51
27 779 60
286 440 67
467 669 45
555 926 66
948 855 66
959 787 43
450 338 99
371 682 49
899 962 69
375 50 44
940 425 36
912 972 3
68 893 13
187 639 83
649 749 93
286 153 52
553 932 4
205 759 61
257 594 86
245 886 14
421 945 99
499 999 94
642 545 34
610 490 71
525 893 82
704 538 18
90 937 63
284 502 46
656 804 80
830 287 8
836 323 49
480 159 63
936 141 4
318 111 92
648 601 5
354 686 81
250 203 98
861 636 51
994 764 74
537 6 79
552 555 34
523 326 83
652 256 83
669 780 55
583 410 96
714 976 5
823 245 90
761 157 68
586 642 14
552 921 4
364 300 78
271 385 34
5 65 58
242 581 47
545 411 17
155 397 60
15 694 67
943 913 59
151 502 16
152 942 70
255 833 70
893 414 51
696 499 82
850 977 90
608 911 56
371 877 41
245 225 76
342 814 53
928 623 47
291 130 98
396 733 7
580 108 91
818 699 7
971 684 17
200 514 97
224 231 55
628 6 70
888 369 97
347 204 34
95 743 56
188 487 98
894 447 29
462 280 8
252 946 38
884 600 28
848 357 2
216 882 70
952 249 85
908 157 65
959 48 49
869 436 53
423 567 61
631 204 83
74 866 26
30 951 5
565 221 14
142 981 3
297 246 81
477 344 19
116 3 67
978 871 41
863 815 71
300 754 76
369 240 31
302 776 53
963 655 85
203 714 82
498 898 40
97 990 24
961 380 46
910 12 39
902 585 40
41 86 39
876 813 23
417 57 86
842 78 41
116 240 13
343 115 21
875 883 66
187 696 77
433 462 24
678 283 86
695 678 39
21 174 99
427 104 86
743 472 64
50 611 81
326 480 58
943 885 1
165 630 68
958 979 48
176 120 44
667 455 20
362 225 31
733 725 62
490 174 69
647 867 67
271 533 75
530 569 34
226 783 37
782 410 75
937 440 5
839 12 38
452 473 34
26 84 70
419 528 21
546 647 21
798 396 97
125 600 81
473 648 8
193 652 3
262 974 40
563 176 53
853 31 20
201 976 34
10 539 7
33 698 36
722 479 3
637 425 51
137 120 70
195 252 73
397 378 30
296 556 13
90 59 93
987 675 69
733 178 93
841 555 23
338 344 72
397 646 9
850 823 41
134 703 96
319 221 61
351 426 43
708 89 55
874 309 70
491 373 31
390 828 92
140 596 5
793 680 88
198 98 17
547 350 75
975 739 7
456 876 11
324 100 50
924 63 16
164 957 24
299 514 5
471 647 49
990 170 52
284 764 39
822 685 9
409 714 99
560 746 78
329 804 70
902 760 94
698 234 71
867 520 52
588 960 90
912 850 25
26 221 34
949 794 48
943 408 13
383 496 87
442 35 64
332 584 46
4 150 20
132 221 100
405 255 84
727 989 70
136 320 72
759 1000 6
557 692 26
840 16 95
960 527 57
963 673 27
156 243 76
190 334 46
990 237 75
269 378 70
281 945 50
615 173 90
160 837 22
469 743 38
843 270 4
969 654 49
5 747 60
630 609 92
287 25 3
761 135 61
973 460 24
513 973 22
241 759 43
444 732 77
948 945 62
599 156 53
114 915 88
706 968 78
475 117 79
907 503 48
565 993 71
219 260 22
732 533 100
110 689 72
486 715 72
545 356 2
696 431 71
316 856 91
10 749 86
789 322 17
414 482 41
973 722 49
228 220 51
37 209 58
210 804 83
751 808 87
58 329 52
490 638 68
888 91 96
839 714 63
4 484 53
360 398 82
563 147 16
895 807 73
933 252 38
742 184 73
255 597 32
585 311 19
416 835 9
909 742 1
31 184 57
442 55 65
385 71 38
524 693 59
404 682 11
3 361 44
310 125 46
314 21 37
363 918 68
601 901 13
289 622 29
100 374 61
225 201 62
349 991 34
717 68 40
526 424 24
942 239 26
343 615 35
634 126 46
663 126 95
372 503 41
491 871 35
325 543 54
332 888 44
402 271 98
662 733 83
968 246 47
903 307 71
281 793 14
739 942 90
946 159 36
863 342 88
859 725 44
558 899 39
12 287 47
328 130 5
571 152 58
658 522 59
520 525 13
109 430 13
549 386 28
710 764 38
15 788 35
249 734 92
779 21 41
354 502 60
47 837 37
814 615 55
705 800 67
681 990 51
958 3 12
580 193 96
717 987 1
648 101 25
119 743 94
530 320 99
15 629 44
434 659 32
967 106 34
170 936 23
801 25 86
63 508 96
99 505 29
623 716 63
979 207 3
17 301 31
337 395 13
433 193 81
78 190 21
814 186 65
529 759 33
905 605 89
691 278 76
413 912 73
623 593 74
295 927 28
967 267 40
848 10 85
831 132 89
768 826 12
309 525 99
753 674 46
124 602 74
549 715 29
553 172 7
776 438 91
925 351 77
78 772 86
364 113 44
712 317 75
190 196 31
205 707 9
505 104 74
521 372 38
456 79 44
679 827 41
891 273 99
465 418 45
30 528 97
309 974 98
41 149 88
285 684 59
132 631 61
712 436 15
871 845 67
556 245 79
908 227 77
818 524 24
930 670 93
243 479 64
72 220 17
769 189 87
80 953 10
252 383 81
102 984 2
758 281 37
498 254 66
95 896 38
372 51 14
643 502 26
151 344 62
467 110 40
801 231 15
683 833 54
646 627 63
535 996 21
156 524 40
347 433 36
159 457 87
346 917 44
229 962 77
535 580 12
903 684 99
793 668 79
253 930 6
406 497 41
271 205 10
303 305 83
548 76 68
718 698 56
576 363 5
567 889 53
142 817 68
60 124 12
37 903 27
445 888 95
41 713 57
523 430 24
252 436 59
99 877 27
159 375 34
254 163 11
843 980 52
288 986 40
708 385 60
552 989 13
147 525 14
91 368 11
484 653 30
824 192 94
628 810 60
262 523 88
155 413 78
570 743 43
66 503 87
686 881 35
816 888 46
500 382 77
840 896 42
870 409 56
903 831 36
613 604 94
984 231 96
432 942 76
400 342 27
375 520 73
458 816 66
681 898 68
1000 537 14
839 268 47
471 806 67
464 715 60
988 986 51
317 28 54
145 897 43
508 304 84
274 917 3
769 778 54
630 923 56
361 258 17
924 332 59
341 211 60
562 788 12
229 612 88
964 46 84
221 299 75
221 635 87
958 738 20
271 464 37
986 957 25
887 792 21
486 985 82
602 283 6
723 160 64
817 435 36
682 226 2
527 637 26
820 777 68
250 891 23
686 698 70
469 238 30
852 621 65
418 347 37
153 900 55
116 814 55
682 116 67
852 297 57
154 552 9
894 336 12
541 784 55
240 477 31
718 900 16
977 637 34
310 140 87
102 516 72
573 8 2
82 32 46
75 640 30
742 584 24
841 447 27
157 473 41
434 529 93
778 816 73
303 968 31
672 974 18
808 314 89
905 509 60
877 336 74
156 797 91
435 945 48
647 299 26
966 294 54
163 372 96
1 399 25
699 829 57
153 308 71
68 228 87
938 26 37
728 759 73
378 689 56
15 279 37
605 810 97
179 770 82
580 13 53
679 391 41
222 633 61
409 901 71
570 875 3
279 987 52
165 555 55
633 933 97
479 648 15
553 252 13
630 913 76
681 192 54
651 700 69
393 206 11
359 434 95
965 246 80
678 951 31
839 951 96
287 792 52
590 247 42
376 207 26
502 440 12
607 992 21
167 861 17
106 974 34
666 230 96
168 179 7
756 679 69
452 297 92
710 884 27
674 105 88
780 935 71
154 627 82
34 113 79
796 717 66
422 177 98
77 128 77
882 992 55
333 124 32
928 521 33
26 327 27
107 345 73
773 886 68
50 791 71
58 968 37
665 659 51
841 534 65
154 658 18
975 483 24
403 667 34
34 853 15
890 78 71
127 841 45
176 85 86
720 307 69
68 875 80
240 717 61
19 5 86
9 743 91
798 660 9
583 371 71
176 729 12
760 109 17
937 120 16
957 873 37
114 270 78
363 975 93
652 737 63
935 587 3
189 148 3
382 475 69
558 647 65
289 113 32
206 424 97
781 660 80
808 193 49
856 428 26
482 854 36
114 108 80
178 295 43
683 902 41
795 896 80
948 791 64
589 871 40
484 72 99
838 686 8
528 987 24
702 762 60
839 61 4
266 595 86
959 410 66
43 521 96
790 172 89
619 513 76
948 233 44
966 834 39
1000 35 67
308 601 65
424 195 28
279 217 63
517 536 18
810 91 18
315 262 8
711 109 81
632 698 91
485 557 12
370 391 84
15 393 40
417 237 32
449 258 30
583 633 70
415 267 79
156 323 59
554 378 76
978 192 33
123 997 66
627 710 2
446 600 66
179 828 69
193 374 71
876 50 18
428 405 32
232 416 43
182 467 63
79 728 74
730 448 51
801 466 21
735 239 19
159 14 56
91 280 93
221 725 50
331 445 90
603 562 99
567 415 51
226 393 4
614 326 49
994 710 56
748 412 43
390 547 37
81 964 1
904 134 51
282 548 77
164 753 24
174 578 2
80 406 29
853 836 19
334 270 57
281 285 41
39 119 49
882 135 53
508 923 14
448 275 67
2 585 8
36 399 99
791 894 27
131 294 73
36 962 6
584 323 90
828 107 39
127 813 64
695 173 47
508 397 58
80 577 64
373 16 35
581 974 19
438 6 90
596 55 76
624 758 97
883 778 58
848 280 6
406 733 63
260 229 48
635 693 68
601 583 78
181 903 94
243 766 60
611 835 84
527 732 41
702 683 65
378 954 20
206 713 88
56 965 52
111 44 21
1000 605 78
381 541 66
703 365 69
176 774 25
711 893 83
835 616 22
827 893 24
593 241 56
883 47 58
379 340 85
826 934 60
140 322 100
520 303 87
535 448 93
933 732 84
208 589 21
833 858 89
888 425 30
181 127 53
255 263 52
404 122 92
852 276 57
115 943 56
405 927 40
257 332 77
512 743 28
964 708 65
381 228 40
410 722 63
170 822 60
683 289 47
330 850 44
493 608 63
482 442 11
376 715 40
231 461 17
444 597 29
934 724 1
686 443 45
875 455 70
975 489 73
72 207 97
618 933 34
637 902 81
648 437 29
877 660 96
303 540 32
928 286 56
45 84 53
108 776 92
846 627 91
356 486 2
819 20 94
720 296 68
298 409 68
768 158 30
230 825 37
883 733 32
857 209 33
263 246 95
573 782 23
952 163 55
638 532 83
575 169 33
291 553 1
933 156 64
124 589 25
784 464 12
841 58 58
298 19 79
741 264 22
535 818 67
303 71 73
497 403 93
72 639 42
823 40 8
394 488 78
739 134 7
231 90 90
585 983 35
496 682 85
755 313 7
592 937 10
784 855 65
583 458 45
27 997 92
507 224 32
164 952 68
652 304 72
361 681 53
274 31 67
225 187 33
816 205 75
941 620 71
775 620 27
810 862 5
733 330 62
872 736 96
606 551 100
176 681 85
215 79 94
851 409 96
283 897 65
849 526 65
926 14 70
170 499 42
375 176 18
79 700 56
585 73 45
501 441 15
483 26 58
543 748 63
26 226 72
366 862 20
562 92 80
411 918 90
217 183 41
475 729 30
435 336 1
112 581 54
133 656 55
594 154 36
221 665 98
166 313 41
619 213 34
233 332 95
305 53 88
456 561 5
369 985 21
75 293 28
89 118 5
868 113 58
797 25 20
966 48 60
829 29 25
322 832 64
824 395 43
627 204 18
127 263 30
113 487 75
966 82 13
910 194 17
61 248 20
937 622 46
493 270 59
949 580 42
403 819 83
987 445 52
726 65 63
956 999 53
994 411 95
965 892 19
612 557 66
302 990 55
337 195 39
571 663 66
327 329 42
400 809 83
198 297 70
824 897 97
148 635 69
