100 115
50 51
53 55
69 70
1 2
33 34
81 85
49 53
49 52
73 79
41 47
35 36
75 76
49 56
19 30
54 57
21 26
14 30
32 48
38 52
7 20
79 91
14 25
76 91
13 26
64 89
39 61
13 22
42 54
38 56
67 98
25 59
13 47
64 100
27 61
9 34
23 60
11 38
4 43
75 100
8 56
1 49
24 40
13 60
6 52
16 35
16 39
9 49
28 36
10 51
27 32
14 50
8 53
3 62
20 41
31 33
12 50
24 88
26 90
22 87
23 83
2 68
43 99
15 70
26 83
4 78
18 88
12 71
18 89
29 86
45 96
7 73
46 96
5 74
14 94
31 78
6 84
17 69
19 68
17 77
10 87
15 81
11 84
3 99
38 71
55 83
5 97
58 95
63 90
45 72
52 82
57 94
53 95
55 93
40 67
49 93
48 93
37 72
51 94
59 85
62 80
50 93
51 92
37 74
44 94
47 92
21 97
55 66
58 77
46 86
56 65
42 80
47 83
63 66
44 82
28 98
