100 111
90 91
22 23
76 78
61 62
77 78
76 79
11 14
3 5
58 60
57 62
7 15
81 89
65 72
49 59
38 44
84 95
70 77
36 42
6 9
55 56
46 63
36 54
70 85
46 58
33 52
38 49
42 61
46 53
1 26
75 86
74 87
39 57
43 53
2 28
39 56
10 21
2 29
67 99
30 63
20 55
27 56
7 36
10 46
18 55
6 32
25 63
71 97
4 35
26 51
24 50
3 40
28 51
11 59
82 96
9 61
25 47
87 96
19 43
3 58
16 42
94 100
3 63
31 34
31 32
17 83
27 93
8 66
24 83
12 65
17 95
20 69
15 92
13 89
4 81
22 67
18 68
21 66
23 64
19 75
30 71
56 97
29 71
5 88
41 72
40 73
52 85
1 99
54 82
36 64
50 90
35 74
37 79
58 80
34 73
8 100
48 92
14 98
12 97
42 68
48 94
13 98
55 71
16 97
41 91
37 86
45 88
45 84
33 93
44 80
60 64
61 64
