1000 1001
256 257
240 241
870 871
285 287
601 602
9 13
993 997
291 294
11 14
609 612
771 774
730 732
881 887
938 941
128 136
485 493
165 173
902 910
406 415
66 72
357 366
724 735
769 778
450 462
386 398
726 730
436 441
260 265
531 542
304 318
179 189
160 174
549 554
290 306
518 534
771 785
615 628
710 725
354 374
644 656
935 947
967 978
514 532
619 637
105 126
897 918
230 254
128 152
202 211
73 83
877 887
801 827
197 222
263 284
390 413
583 604
4 24
640 669
109 114
839 856
397 429
69 101
132 164
661 693
789 821
707 738
908 941
325 359
217 251
76 110
145 179
457 491
72 107
594 625
588 617
649 684
719 746
908 939
331 354
841 864
601 624
539 561
67 104
790 829
848 891
23 58
130 175
324 361
391 426
86 120
8 38
858 884
19 60
921 950
477 492
31 46
351 365
329 379
399 444
340 359
326 373
30 42
10 62
526 570
397 440
148 161
396 442
528 550
14 57
266 317
193 246
392 432
11 51
401 424
323 378
347 353
326 380
978 1000
659 681
464 491
838 893
833 893
137 180
463 498
856 869
149 171
538 548
387 444
199 248
272 303
335 368
589 626
597 618
55 119
687 751
301 364
691 754
7 69
801 866
23 82
264 333
418 487
402 468
425 495
694 752
297 366
693 765
806 878
563 635
399 454
27 81
539 593
28 87
426 481
181 249
648 708
315 374
48 125
394 453
59 116
163 236
299 356
672 751
548 619
793 854
131 210
898 979
650 731
135 213
312 362
129 211
318 365
41 122
902 981
293 369
899 983
777 861
170 255
807 881
674 756
262 337
312 367
573 618
671 711
176 234
272 330
428 496
521 596
642 735
47 112
51 108
259 355
161 193
530 627
937 968
553 586
788 880
953 991
810 845
384 488
665 753
795 883
556 580
60 85
574 599
159 245
946 985
3 111
286 370
571 599
315 341
552 583
443 459
147 227
651 763
39 86
792 873
135 245
267 377
644 758
641 755
662 741
934 981
933 982
13 121
150 226
914 998
26 108
647 753
292 339
810 861
815 855
780 885
959 966
154 224
409 483
139 247
543 611
370 498
794 922
261 388
45 172
311 437
338 464
538 664
91 216
75 200
576 708
336 469
610 743
847 969
281 400
781 903
18 153
598 733
821 958
119 251
32 172
43 166
5 136
269 384
844 962
588 706
631 760
575 688
635 756
559 703
339 450
57 168
56 169
817 928
294 436
378 489
520 667
600 715
34 182
559 697
639 745
562 682
835 987
80 201
330 467
519 670
579 729
540 646
564 686
860 966
87 204
839 988
36 184
35 191
834 990
847 979
40 181
845 976
7 153
547 701
302 433
15 144
21 138
518 665
606 705
789 949
823 917
267 424
363 456
319 412
99 192
816 915
120 220
576 740
525 681
568 668
605 761
520 685
296 398
380 474
84 243
83 244
610 709
50 154
53 157
607 759
68 237
369 472
814 903
581 748
68 238
17 186
270 421
775 940
811 896
536 692
67 238
608 717
295 393
112 223
350 497
323 492
823 920
867 972
515 684
309 389
32 144
125 205
316 396
800 912
622 734
639 719
895 974
808 921
372 454
63 141
879 989
279 420
526 701
100 208
573 649
268 441
558 667
300 410
278 416
533 675
49 134
609 726
270 438
819 907
865 985
307 394
29 167
346 480
48 138
77 246
345 484
102 216
373 437
850 914
589 653
117 180
868 933
773 967
1 194
884 944
590 651
276 467
798 982
382 439
25 210
123 176
540 727
874 929
567 764
592 668
44 225
866 943
613 683
786 962
769 977
99 178
875 954
61 239
22 196
860 910
63 236
621 702
336 388
321 404
319 490
338 391
305 487
284 459
76 155
512 727
280 448
271 471
283 451
3 218
114 168
851 905
527 724
545 762
98 190
279 458
569 740
595 654
841 916
316 482
832 926
4 219
59 228
305 494
892 931
584 663
784 975
88 184
38 198
775 999
842 938
127 157
600 699
103 131
97 133
343 434
566 723
41 207
258 484
613 643
592 694
113 150
804 963
812 964
535 766
614 655
529 763
89 178
521 741
855 955
513 749
293 456
627 670
524 737
606 688
840 934
535 760
820 987
879 927
597 676
300 478
92 174
356 406
49 194
837 950
277 481
314 463
872 925
880 901
283 493
629 643
551 721
29 234
350 425
94 169
888 911
590 697
308 460
546 728
876 918
289 476
275 494
109 147
802 988
557 723
70 185
64 191
818 973
878 913
862 929
127 383
543 799
696 952
660 916
620 876
204 461
706 960
703 957
148 407
197 449
240 500
164 417
156 409
158 408
215 465
729 991
209 470
655 904
718 969
96 360
27 273
79 324
632 883
532 799
577 842
90 342
566 826
252 497
696 949
682 932
715 965
162 429
531 796
553 806
544 815
637 882
648 920
659 899
541 780
137 411
78 348
626 864
642 913
622 890
185 428
206 475
625 871
61 298
253 490
107 371
544 824
695 943
765 996
584 849
218 448
517 798
140 400
207 466
522 791
198 472
545 831
186 421
16 271
16 304
249 473
654 942
657 945
95 382
675 898
568 793
581 868
123 344
192 483
143 427
40 268
525 809
22 307
252 473
130 423
672 901
560 790
551 768
47 262
20 317
94 375
171 385
10 288
663 957
744 963
572 784
89 375
235 452
678 905
557 797
575 782
585 888
93 367
33 277
652 953
527 825
232 479
209 486
519 816
653 954
187 387
748 980
165 412
634 832
680 915
658 937
65 381
700 896
243 462
18 303
614 859
678 923
530 812
100 347
79 368
515 828
630 822
550 870
102 295
638 828
734 924
712 906
248 445
227 422
151 478
638 820
744 931
12 320
562 894
707 911
517 840
146 476
75 260
612 811
103 311
219 395
577 785
78 287
623 830
151 453
212 390
81 258
630 805
536 843
52 352
12 344
714 927
738 948
580 786
65 278
110 310
699 995
152 449
199 413
140 470
742 956
6 349
134 477
115 296
514 857
669 961
213 392
8 341
226 447
19 334
560 877
594 783
746 951
578 796
641 990
516 859
564 853
712 939
183 466
71 289
629 787
567 849
645 995
122 285
1 361
593 825
731 947
43 321
620 774
679 972
220 432
50 351
91 310
516 873
555 838
624 797
208 446
202 420
721 959
126 273
673 974
74 314
587 827
547 851
631 773
586 824
52 327
235 408
750 925
658 993
549 854
615 787
582 818
747 926
54 320
163 469
542 872
118 257
691 964
690 970
761 897
237 404
214 431
713 944
233 402
736 923
55 331
20 360
546 862
736 924
596 809
217 423
96 480
200 328
608 992
602 986
196 325
35 418
674 803
166 292
143 269
558 940
733 863
650 776
716 846
224 355
229 358
97 482
611 992
711 836
142 266
129 261
591 971
685 808
725 848
533 912
77 458
766 889
528 919
607 983
646 782
677 813
680 802
687 805
70 461
621 998
146 286
175 291
106 486
42 422
31 403
232 357
755 894
5 395
53 443
239 352
222 337
26 405
182 313
33 430
250 362
522 922
116 485
250 363
221 332
563 930
187 297
605 975
205 345
195 342
574 936
747 892
104 496
666 770
54 431
93 452
195 346
46 439
657 779
228 383
671 772
742 890
233 372
28 385
142 275
189 290
587 980
632 984
662 822
737 833
82 499
704 865
39 389
582 997
58 414
640 804
177 276
720 885
177 281
661 829
556 900
17 440
231 334
647 814
25 435
117 479
728 882
255 340
689 794
628 984
710 874
523 935
676 777
15 417
759 857
529 958
170 282
633 971
604 1000
6 435
188 265
113 455
206 376
183 256
537 942
595 996
80 488
565 909
718 886
616 976
254 327
74 499
732 869
513 952
739 858
115 457
666 800
523 945
221 358
21 430
62 386
537 932
223 353
36 410
702 768
149 298
124 451
2 445
242 333
85 405
95 415
714 778
698 891
247 309
159 348
598 917
656 852
743 803
241 308
722 791
88 414
132 322
645 835
188 379
636 955
716 772
64 393
750 807
201 259
106 416
578 904
704 779
37 489
90 407
133 328
512 973
764 817
124 434
229 299
121 438
24 471
92 403
739 819
660 836
214 263
633 936
524 989
603 906
145 322
105 442
664 843
745 826
167 371
616 956
118 419
156 329
717 792
705 788
34 500
541 970
686 886
591 919
623 951
30 455
101 447
617 946
9 468
253 288
720 781
752 813
569 999
572 994
242 274
570 986
141 364
173 332
692 853
56 474
158 381
155 376
673 837
190 343
225 264
37 460
552 961
754 795
84 446
73 419
554 960
571 977
71 427
2 495
690 863
244 282
555 965
160 335
634 907
139 377
203 313
98 401
66 433
652 895
111 411
231 274
679 850
698 844
713 831
44 475
767 776
636 900
203 306
695 846
603 930
212 302
215 301
757 783
45 465
767 770
230 280
700 834
162 349
683 852
511 994
503 968
503 948
505 928
509 909
504 889
508 875
505 867
511 830
508 757
509 758
501 762
502 749
507 722
507 709
501 689
502 677
118 987
506 585
504 579
510 565
506 561
510 534
