10000 9999
7357 7359
2049 2051
9560 9563
9020 9023
136 140
3154 3157
7362 7370
8598 8605
1619 1631
7029 7034
5992 6008
4779 4795
9316 9335
77 89
4450 4470
6024 6045
6373 6396
682 688
2725 2751
5324 5334
2412 2423
5652 5680
9941 9971
1617 1655
2012 2043
4100 4140
215 254
5971 6010
8927 8949
9426 9470
8407 8443
9431 9465
5836 5859
7263 7279
4377 4392
1230 1276
2644 2662
4115 4128
6343 6388
9949 9966
7574 7586
2114 2164
4049 4070
9413 9469
9823 9830
2757 2812
1755 1761
9175 9195
1858 1918
5632 5693
9163 9205
7959 7977
4884 4907
4535 4598
9379 9442
3493 3558
2486 2547
5893 5954
6705 6777
1467 1522
4657 4731
4915 4984
8249 8309
2574 2626
6935 7002
9661 9714
7950 8030
1664 1744
7463 7542
572 622
3754 3832
8866 8944
6334 6380
411 456
7558 7634
3845 3920
5509 5587
293 370
665 705
5642 5712
1435 1473
2832 2892
775 858
8367 8434
6408 6486
5026 5116
1304 1402
7606 7637
5271 5363
7486 7514
8581 8675
5180 5211
49 86
1842 1877
4226 4330
5690 5714
920 1010
1562 1649
4511 4596
8254 8277
43 64
5685 5720
1198 1219
2983 3031
1314 1363
8864 8914
8864 8916
1290 1407
5259 5372
7577 7662
9218 9339
6436 6494
3374 3413
5644 5751
6183 6234
4494 4593
2158 2286
535 660
1569 1698
5166 5290
5175 5298
3916 4042
8575 8696
4942 5065
8794 8914
8758 8895
3939 4072
9476 9615
1861 1998
4121 4245
9485 9600
3964 4082
8787 8925
2922 3045
3589 3728
4185 4302
4473 4590
6171 6275
9303 9422
8998 9151
4935 5082
2141 2240
7428 7578
7246 7377
40 136
1626 1786
3441 3538
1852 1945
3886 3979
4382 4539
3368 3469
9306 9468
522 684
8987 9136
4149 4254
8274 8441
2620 2704
311 410
5177 5268
6774 6872
7495 7656
1148 1235
2669 2781
8535 8679
5413 5524
5389 5567
7225 7306
2431 2507
2836 2978
75 252
9520 9607
7731 7819
7453 7588
6255 6352
6413 6578
6416 6609
6754 6819
813 1007
5663 5852
9473 9669
2667 2735
8251 8447
8714 8911
2339 2533
26 210
7231 7415
5898 6083
3614 3797
4888 5075
6727 6794
6930 7135
4937 4996
9530 9716
5182 5360
2397 2444
60 232
6207 6378
4686 4763
3100 3274
874 946
4422 4508
9005 9207
7721 7922
9280 9371
3599 3794
5397 5576
9575 9657
6677 6858
1895 1927
7996 8156
3351 3573
7014 7044
8058 8089
7535 7563
2851 3013
3392 3495
3667 3764
2937 2974
8814 8832
2131 2237
5936 6080
1540 1777
2673 2695
4371 4580
3156 3235
2128 2215
65 184
576 697
1074 1224
4708 4760
3637 3785
4352 4604
1632 1693
3444 3467
1304 1511
616 663
5816 6072
8885 9141
2598 2855
1636 1893
6214 6471
531 785
5325 5577
8755 9014
9382 9635
4163 4427
3606 3871
4110 4356
4133 4399
8217 8467
6677 6943
5148 5392
5663 5907
6257 6524
1747 2013
2288 2559
1167 1439
1787 2025
8396 8670
9412 9686
565 806
620 895
7170 7446
7735 7971
8854 9091
7237 7507
1110 1358
8931 9211
2270 2502
6207 6438
8821 9068
8316 8544
3598 3858
6177 6460
3121 3372
6266 6500
7797 8042
7388 7619
6795 7083
8192 8480
7808 8097
5220 5445
1537 1824
4696 4989
6250 6479
1041 1332
7788 8011
133 428
3734 4028
7869 8086
3824 4060
8224 8461
2587 2870
4111 4386
4841 5060
5276 5554
6682 6965
3253 3457
9368 9646
5779 6059
4734 4935
1272 1477
1621 1896
6266 6471
6885 7131
3158 3432
6863 7153
7754 8052
3739 4059
2639 2827
3326 3514
8353 8676
3230 3545
1787 1970
7238 7437
6153 6466
7730 8062
7186 7516
1258 1466
4113 4416
48 354
3698 3872
6221 6430
7932 8104
8281 8461
8233 8572
2575 2905
6687 6985
83 267
1174 1486
714 915
5870 6068
8303 8501
2764 2967
3285 3466
7736 8039
220 444
2273 2433
533 886
3740 4095
1135 1291
5307 5598
5885 6043
4320 4487
3289 3507
1632 1803
4170 4390
9340 9489
3826 3996
8778 8996
7343 7643
61 331
9451 9619
5795 6107
6741 6956
5303 5582
5658 5985
8781 9014
1260 1424
7300 7672
6808 7140
5706 5940
5656 5991
8390 8516
2685 3071
9298 9681
9870 9994
8258 8647
8444 8570
3185 3576
8817 9208
6250 6624
8229 8622
1279 1394
1579 1958
5721 6103
4261 4394
9281 9678
4648 5049
578 976
5633 6035
7737 8106
6277 6422
5835 5976
5683 6055
7889 8007
549 956
62 420
6224 6603
564 936
1183 1281
2148 2555
537 953
3815 3911
4288 4451
3099 3518
5679 6025
7828 7986
541 948
3625 3971
1141 1503
5212 5617
7908 8010
3222 3384
9341 9683
7185 7584
8283 8680
3654 4083
7293 7627
2257 2409
2595 2969
4839 4956
8198 8637
3103 3492
1551 1972
70 509
5241 5570
1744 1899
3166 3554
3187 3534
1670 1862
758 823
1759 1821
2147 2465
8711 9157
7380 7441
9240 9693
4247 4434
1721 1919
6898 6964
7731 8180
8251 8700
6886 6959
7931 7984
6750 7058
1228 1280
1177 1364
722 796
1696 1904
7232 7569
2084 2551
5298 5478
5745 6053
696 877
541 964
4802 4891
91 385
7232 7579
8953 8997
5753 6055
8805 9093
1034 1515
2678 2964
4146 4561
6671 7144
8833 9062
4260 4428
8235 8643
6857 6945
9395 9562
6683 7154
8839 9066
51 477
8944 8991
1570 1997
1663 1936
8952 8968
7222 7623
5133 5628
3086 3580
6849 6962
1263 1308
1048 1516
135 371
6154 6655
8808 9117
5765 6012
4683 5041
655 882
5750 6027
1226 1333
4255 4767
1515 2024
4139 4654
3267 3781
4521 5038
5497 6014
4212 4723
116 636
9330 9851
4545 5068
5422 5923
2145 2671
2425 2935
1121 1646
3285 3781
302 830
1195 1723
2530 3059
4401 4901
2373 2897
5533 6025
4328 4860
3459 3991
1090 1621
7630 8151
7235 7770
8607 9092
8664 9156
7657 8183
2453 2996
9290 9835
4290 4832
2346 2825
9267 9751
8613 9091
6467 7012
197 738
1287 1824
7650 8138
3347 3899
3239 3726
5121 5675
2357 2846
1289 1829
8692 9177
6242 6738
9258 9754
5420 5917
8624 9089
2299 2767
7643 8173
6369 6870
4466 4936
8666 9185
1392 1867
5173 5641
7476 7945
6470 7033
3560 4009
108 558
6547 7121
6201 6779
5147 5727
1413 1985
7248 7700
7363 7814
4574 5019
8402 8855
5428 6001
8294 8739
4308 4755
6607 7045
2541 2977
4257 4845
6491 6934
6483 6942
6182 6760
6192 6783
1533 1965
5328 5761
364 829
156 718
6409 7003
7417 7853
8544 9013
37 624
2284 2747
3199 3624
2252 2708
9545 10000
249 675
7570 8137
3197 3613
510 927
6516 6933
2509 2991
5433 5979
5457 5941
2067 2677
1503 1977
5300 5843
7243 7715
8193 8809
4192 4618
6453 7001
9443 9871
5370 5782
7242 7716
1357 1853
8203 8827
4233 4859
6535 7157
7565 8190
5616 6019
2436 3063
25 621
444 969
4540 5066
1200 1736
1165 1780
3337 3952
3569 3978
2098 2633
1494 1878
3581 3967
5373 5759
1220 1607
3130 3769
5425 6068
4130 4772
2361 3006
7602 7989
5388 6027
438 830
7226 7858
3449 4080
6197 6844
55 700
6388 6776
9410 9806
6432 7084
3417 4055
7384 7766
5284 5682
7191 7809
4096 4759
8700 9067
167 560
6391 6752
2244 2652
80 713
1340 1957
8240 8873
3249 3626
1400 2020
5159 5818
3321 3684
7280 7918
4461 5069
8291 8899
7603 7955
6477 7147
1376 1993
488 834
1497 1907
5479 6093
2490 2839
5441 6127
8589 9021
6229 6887
5630 5964
4218 4815
8288 8918
4139 4764
8595 9001
9427 9832
4404 5000
6621 7009
3527 3960
4258 4637
7410 7757
5279 5727
2268 2589
1398 1970
212 528
8400 8724
6204 6906
3397 3970
8504 9215
9415 9743
6436 7148
7240 7810
2172 2743
7616 7948
3515 3956
231 552
6561 7027
4607 4908
7274 7865
8358 8818
8341 8768
5270 5699
4406 5091
3411 3973
4217 4782
292 1021
8410 8704
7561 8018
7646 7941
8300 8883
7436 8173
8488 9161
3131 3801
3536 3890
3144 3755
1081 1754
1098 1710
3147 3758
3409 4020
2366 3032
2267 2621
8606 9081
5527 6000
7288 7825
3373 4039
5326 5668
8495 9155
7436 8160
5563 5975
1483 1830
4162 4783
7443 8189
1434 1908
319 977
6454 7110
6346 6715
1072 1731
8539 9128
4374 5090
5393 6117
3204 3696
321 949
9423 9785
6561 6998
2464 2904
8526 9142
5327 5686
2459 2914
8484 9182
1141 1673
4480 4989
7293 7811
2479 2896
3551 3872
3122 3789
7469 7724
3504 3761
3233 4002
9225 9997
3445 3697
5603 5862
9481 9743
7525 7778
6353 7129
3461 3727
6176 6955
6549 6809
2392 2645
1227 2010
2149 2934
5291 6079
2384 2629
1234 1988
8308 9068
2121 2896
6637 6900
6296 7043
185 930
2478 2738
1146 1892
3366 3641
4429 4717
7341 8078
9501 9790
8594 8887
5187 5990
183 912
7364 8171
2523 2794
8568 8777
453 756
1523 1734
5575 5873
6372 7122
22 800
274 549
4243 5035
1315 1563
4581 4830
6376 7123
5593 5861
3221 4011
9665 9983
7190 7977
4427 4724
7478 7798
135 966
264 587
7490 7686
2411 2606
5446 5633
7365 8079
284 592
5534 5842
126 819
9613 9922
1371 1556
6146 6989
6178 7026
9625 9929
2194 3010
7536 7713
2315 2650
3572 3749
1235 1922
116 807
5250 6102
4513 4852
4293 5011
5551 5879
6312 7155
4344 5027
4287 5090
4490 4823
1444 1786
8448 8799
5256 6121
9601 9956
1498 1727
4147 4949
3237 4035
3444 3603
3502 3783
2236 3029
5557 5854
4339 5016
5229 5888
9593 9748
8224 9041
7563 7930
8398 9148
4159 4941
8255 9037
6319 7132
3407 3644
2169 2828
4097 4980
2093 2907
7549 7691
2511 2744
3557 3730
7457 7766
118 782
4267 5073
1353 1587
5129 6003
3385 3651
2552 2690
3327 3973
3412 3631
9715 9871
14 882
5198 5938
4115 4974
7582 7907
8631 8905
99 797
2281 2921
2221 2861
5492 5877
3241 3883
2331 2712
2556 2681
3230 3867
9620 9756
4436 4828
6645 6781
3460 3597
7198 8082
1429 1560
9692 9810
4141 5027
7174 8073
7362 8019
1193 1851
6169 7050
4466 4838
4419 4822
7197 8072
3242 3900
1136 2023
7666 7781
2177 2841
6310 6975
4435 4810
5345 6011
7348 7983
2452 2569
9527 9879
3127 3987
6149 7073
8374 8976
2372 2787
7291 8147
4103 5038
4531 4633
8278 9210
6214 7146
2470 2570
6295 6970
4592 4702
6327 6936
7281 8128
3161 4078
8535 8928
4511 4646
110 980
5424 5770
7566 7733
4527 4627
3094 4010
6327 6921
7287 8136
5314 6013
6554 6693
6375 6951
2373 2692
6536 6730
8638 8828
42 1005
5456 5785
482 555
32 1002
371 697
2418 2745
5407 5841
8213 9159
6293 6983
4329 4922
2090 3070
5559 5729
128 854
1530 1581
1111 1934
2197 2892
4535 4718
1252 1854
5486 5813
7460 7935
6586 6759
2396 2689
4325 4923
5194 6037
5139 6092
5288 5962
3176 3978
4212 5008
5196 6056
8327 9058
3166 4022
5600 5640
6383 6916
5600 5643
396 608
6262 7064
5243 6037
1330 1756
6211 7090
2259 2849
4114 5088
6239 7085
3358 3818
5330 5927
1129 1951
8340 9059
3301 3871
3129 4034
9465 9988
1527 1544
266 757
2562 3586
8586 9611
4796 5822
6550 7571
2590 3611
2428 3449
7127 8145
4976 6006
4431 5448
6744 7775
4867 5899
2505 3520
2922 3936
453 1487
8680 9701
4813 5853
6360 7373
923 1934
4445 5448
4109 5147
8273 9286
4296 5331
841 1876
6741 7755
6772 7787
4327 5368
8296 9335
7108 8164
6805 7860
4462 5450
2224 3220
8395 9453
701 1690
6648 7647
252 1238
2315 3360
2605 3585
8654 9698
2929 3933
4975 5953
1008 2014
8706 9772
7076 8075
257 1329
2196 3236
2654 3694
6280 7353
4827 5871
899 1975
6700 7705
2675 3653
6880 7895
6906 7885
71 1151
6349 7412
915 1961
6736 7787
2830 3891
2953 4040
281 1373
4455 5411
6950 8035
6927 8010
4148 5233
445 1528
6296 7390
6953 8033
8663 9631
8503 9599
972 1926
4312 5267
301 1382
4449 5421
6525 7475
2278 3240
2819 3923
658 1730
4257 5363
2524 3471
6824 7932
614 1586
579 1559
6220 7195
2593 3702
2865 3945
6385 7336
281 1347
108 1079
4934 5917
6367 7299
4904 6004
6553 7620
3017 3988
4126 5184
4530 5612
5049 6118
725 1674
4267 5320
723 1719
8697 9616
5013 6143
4594 5529
2636 3618
6427 7541
6621 7603
4846 5790
8504 9545
8331 9466
679 1749
230 1173
539 1647
310 1347
810 1884
3022 4025
202 1202
2560 3704
2564 3708
3003 4033
6499 7448
672 1755
4939 5936
736 1691
8566 9482
8437 9354
6623 7519
2797 3693
6459 7609
4589 5487
6474 7625
6619 7518
8385 9284
6530 7428
6454 7600
6986 8130
328 1473
6326 7228
4096 5259
4675 5838
4735 5871
807 1975
4759 5639
903 1814
591 1758
2325 3460
902 1812
6728 7899
5065 5978
828 1967
8657 9541
6896 7780
913 1797
2054 3218
4800 5716
5101 6008
4476 5609
8716 9882
7081 7998
4970 6130
4372 5516
3002 3875
4513 5435
4106 5265
4936 6099
7112 8021
8759 9896
2493 3356
46 1167
4175 5357
6803 7729
8652 9582
2402 3521
6643 7504
167 1028
8912 9844
698 1566
276 1456
6727 7906
988 1913
2811 3677
2364 3476
4373 5564
206 1127
5102 5956
8801 9930
2123 3296
2577 3770
381 1489
844 2016
6731 7910
4248 5173
4110 5280
242 1090
6756 7888
8472 9644
986 1902
4256 5140
2875 3982
4927 6023
282 1443
642 1595
4450 5592
2099 3208
3021 3958
4399 5524
4483 5438
4471 5577
4250 5208
8573 9663
4366 5580
8273 9363
838 1923
4729 5823
7030 8112
734 1561
2954 3906
4328 5152
4875 6082
4314 5136
2273 3114
746 1569
468 1311
6763 7847
745 1573
2615 3834
8284 9362
7129 7959
554 1765
6992 8064
4912 6114
998 1845
2312 3549
2970 3919
2132 3201
8309 9376
2930 4005
8929 9784
4652 5879
4850 5678
2166 3243
8386 9244
2860 4082
6996 8074
34 1276
4776 5704
815 1998
4729 5787
8298 9352
7036 8095
6355 7216
2959 3948
4932 6050
8902 9760
6735 7848
4338 5141
2814 3609
569 1745
2287 3078
4736 5739
8645 9512
7046 8040
4879 6113
8596 9572
8464 9697
230 1044
4395 5592
4685 5817
8922 9774
4350 5130
6215 7347
4690 5799
6357 7203
2549 3330
8417 9238
5024 5975
425 1361
6315 7251
2864 4042
6449 7628
530 1772
9192 9960
414 1183
2625 3907
4599 5362
4359 5121
6444 7204
162 1451
6160 7449
255 1526
341 1113
3067 3831
7056 7836
9137 9916
4309 5594
8343 9606
2944 3729
195 1490
727 1990
9168 9922
6735 8028
2220 3512
4850 6119
6519 7266
2714 3980
4248 5504
4277 5548
943 1718
4470 5228
4950 5708
16 1291
8662 9421
385 1181
546 1794
8358 9605
411 1208
2884 3680
9060 9792
6647 7379
8218 9535
6145 7465
7155 7898
2848 3595
2261 3582
4467 5215
6555 7350
2602 3866
5100 5852
4102 5430
4824 6121
6511 7262
914 1699
405 1191
4271 5531
2710 4003
4231 5552
6550 7342
598 1902
8580 9405
9145 9858
3015 3835
4171 5495
349 1123
6629 7335
2151 3363
2138 3359
2153 3375
6713 8049
4902 5740
2924 3623
2738 4089
6282 7617
6247 7467
139 1476
6663 8023
5070 5791
8583 9428
6882 8117
8467 9284
2927 3639
6908 8101
2092 3447
2485 3310
6895 8115
7017 7732
4196 5380
6498 7171
8355 9666
6195 7505
8348 9726
2140 3390
5000 5866
2099 3415
8200 9580
2630 3875
4173 5418
8430 9606
6769 7960
6226 7480
7072 7883
6439 7244
4680 5924
572 1873
4097 5489
6344 7608
7143 7831
2479 3294
2875 3657
6447 7261
8963 9840
4147 5446
8583 9456
8281 9505
378 1027
189 1479
337 1067
4343 5517
2993 3786
986 1697
410 1254
9182 9890
2604 3920
4998 5881
6404 7291
6888 8041
8256 9667
4459 5358
4208 5623
8459 9347
4325 5487
2992 3642
9098 9729
4683 6085
808 1703
8605 9234
6223 7642
4121 5516
2982 3632
7166 7785
6217 7635
6908 8032
2633 4054
7071 7741
656 1843
2703 3884
244 1360
4183 5619
8295 9667
7139 7749
6641 7256
6439 7308
3023 3683
6911 8018
4272 5376
6824 7962
4737 5939
4784 5891
4164 5623
4172 5624
2098 3463
2320 3239
79 1527
6416 7339
4595 5197
2496 3198
8582 9272
6646 7240
6556 7202
9126 9753
12 1484
6990 7821
6817 8034
163 1383
2238 3450
4685 6024
413 1109
264 1218
525 1991
2048 3532
856 1684
6573 7265
2893 3713
5072 5660
2107 3573
6883 7981
3027 3612
6328 7543
2151 3511
2119 3479
4864 5841
4811 5914
4624 6081
6450 7393
4963 5808
4697 6029
8354 9590
7018 7870
475 1038
8336 9542
6930 7876
6529 7259
6340 7454
2189 3414
2858 3830
455 1051
4171 5526
245 1320
4421 5274
4732 6044
706 1827
2918 3719
251 1305
8609 9282
790 1781
2733 3912
871 1666
822 1747
8315 9630
4255 5496
2879 3799
812 1732
457 1059
2291 3353
3028 3647
6649 7189
164 1353
937 1604
5037 5699
4968 5767
4246 5497
2189 3453
661 1895
8521 9403
283 1256
7112 7740
2638 4027
3029 3616
8326 9585
110 1431
4993 5755
4368 5356
8454 9466
6529 7295
4697 5211
4116 5649
441 1980
4534 6067
4539 6077
8706 9221
31 1558
4607 6133
6317 7841
1012 1528
4131 5678
6616 8149
8857 9367
4237 5763
8343 9880
4614 5143
4505 6028
501 2016
9075 9579
2404 3965
6310 7869
2793 3317
6806 7307
941 1459
177 1680
2103 3606
4259 5760
4546 6119
4514 6021
77 1637
6382 7879
7057 7611
4544 6124
4619 5159
8434 9950
8876 9345
2156 3649
2680 3159
7138 7629
4538 6026
2956 3516
182 1671
7131 7658
896 1458
2213 3735
4472 5963
6255 7771
6295 7843
2777 3309
6190 7707
6332 7813
6205 7684
902 1468
8231 9757
4576 6107
7065 7589
4344 5829
1001 1495
2701 3251
2813 3266
2175 3646
6188 7789
8983 9558
5042 5617
2183 3779
7098 7679
9005 9579
1016 1471
5087 5525
288 1901
4517 6120
6955 7526
6445 8035
5060 5514
4643 5235
904 1496
8267 9755
2838 3397
6782 7208
610 1076
2110 3689
228 1724
6168 7745
4853 5295
2872 3427
954 1505
373 1833
6338 7838
2587 3142
2396 3841
8381 9952
9088 9696
151 1782
2534 3970
2571 3182
4606 6040
7138 7556
2255 3753
8838 9441
4670 5209
4740 5356
6576 8153
5012 5630
6191 7747
4254 5875
4270 5824
2158 3614
189 1740
629 1031
8388 9910
8751 9309
6813 7401
657 1253
4149 5709
2928 3336
6527 7943
4899 5466
851 1322
2474 4048
2988 3543
8773 9273
2123 3639
19 1644
483 1891
2299 3706
238 1647
8357 9767
8951 9331
4396 6056
4692 5329
8401 9815
7009 7655
8265 9934
675 1060
4855 5247
724 1118
4944 5595
6528 7949
7159 7545
2343 4023
2083 3760
6493 8142
612 1264
4336 5732
2233 3628
4295 5712
8760 9391
6269 7909
485 1916
668 1029
4831 5190
6229 7887
4955 5569
512 1178
6836 7208
8296 9972
2444 3857
2473 3895
4658 5292
4116 5812
4390 6022
4703 5374
2401 4032
8759 9365
355 1985
196 1639
8721 9394
6237 7934
6566 7938
6193 7829
6763 7373
324 2018
4522 5901
2903 3568
6358 7793
4253 5684
2058 3751
9052 9713
8320 9774
2482 3842
8294 9942
76 1789
4831 5230
8960 9651
2117 3839
294 1948
4530 5897
5003 5431
6757 7384
8969 9655
84 1771
73 1675
7161 7482
2322 4049
6758 7330
9168 9493
8783 9351
286 2004
4918 5627
6339 7693
845 1411
557 1250
2168 3752
9063 9654
2516 3840
8332 9818
2050 3796
6748 7306
4141 5877
4977 5545
6797 7253
2817 3544
8869 9340
5055 5477
4322 5694
717 1041
978 1295
2801 3119
111 1679
6937 7672
6451 8144
2229 3670
9117 9593
2579 3318
2127 3752
9050 9650
4117 5885
8376 9811
4209 5789
6990 7587
811 1478
452 1834
494 1792
555 1221
2810 3080
862 1450
6684 7402
4567 5920
8414 9767
3061 3340
6532 8061
2101 3791
4118 5868
2846 3556
2366 4037
9103 9586
214 1576
4854 5128
6552 8039
6180 7973
4422 5701
2984 3244
772 1024
6212 8002
8495 9769
4672 5447
296 1568
4512 5804
418 1711
7103 7344
2786 3565
3004 3244
4866 5139
9047 9285
6806 7555
6220 8026
8634 9901
2111 3880
538 1293
4925 5157
2211 4026
544 1337
6769 7528
4616 5394
4332 6134
6572 7859
2400 3648
6845 7581
8851 9651
6267 8026
4780 5518
6279 8101
6770 7505
8897 9700
39 1793
2843 3132
2352 3611
8966 9261
322 1641
4265 6020
184 1942
793 1065
199 2038
4376 5674
2915 3153
632 1355
4569 5869
58 1807
8632 9869
2668 3418
538 1324
6572 7835
4230 6078
4622 5430
6 1855
611 1370
4666 5377
6633 7890
4502 5802
4969 5204
6706 7437
476 1763
8521 9846
9040 9237
2845 3163
652 1482
2806 3504
2471 3808
2142 3865
8836 9676
2755 3466
711 1422
9107 9439
4906 5223
2454 3783
923 1231
9007 9336
9176 9344
2239 4070
656 1482
1022 1188
9153 9372
2272 4029
5023 5312
2056 3927
602 1338
6362 8122
2126 3886
8779 9515
473 1723
2853 3136
8494 9800
8726 9584
2732 3531
6925 7274
4496 5883
206 1954
4893 5232
8833 9708
4553 5796
8492 9821
6175 8045
2713 3563
276 1638
271 1659
4655 5467
852 1058
6851 7604
773 1149
9163 9393
8909 9655
8818 9486
8973 9328
4493 5872
4961 5344
2675 3570
2915 3298
6215 8134
4655 5549
8506 9913
2502 3650
784 1175
2870 3258
8712 9604
377 1780
2578 3487
8767 9650
8927 9554
8907 9541
4396 5794
6730 7621
4553 5702
8578 9746
2283 3962
2972 3085
219 1865
2821 3222
451 1623
651 1311
409 1550
4174 6100
8956 9568
4245 5896
5050 5156
9207 9321
8847 9489
6316 7987
2591 3519
2753 3425
6622 7806
2641 3568
138 1835
6351 8043
2901 3325
486 1612
4469 5848
2760 3430
4800 5488
96 2001
2325 3748
4903 5269
4689 5605
2270 3946
500 1601
4381 5796
886 1228
8779 9712
6866 7534
9199 9299
4518 5659
2674 3535
8946 9551
388 1594
7167 7233
112 1969
6474 7816
970 1033
4942 5261
6413 7886
15 1994
8785 9623
6613 7698
6841 7536
2346 3811
3037 3095
8620 9825
2200 3925
577 1423
3013 3092
26 1992
9184 9266
441 1642
2903 3200
6539 7772
7007 7304
4750 5459
4858 5415
6187 8182
8872 9590
4295 5913
2510 3601
2910 3262
114 1939
6921 7403
8563 9873
239 1805
817 1237
6394 7966
4413 5848
6595 7718
4279 5970
4816 5429
3012 3106
601 1470
931 1097
8608 9802
6854 7468
8884 9566
2280 3843
6246 8077
6652 7696
8742 9672
945 1089
8945 9472
2399 3757
947 1088
689 1349
4808 5436
4188 6057
2407 3729
4545 5686
9061 9373
859 1185
6918 7420
4978 5257
6945 7386
6288 8044
7137 7199
521 1526
6796 7539
556 2605
951 2996
4431 6476
2038 4085
1101 3150
1418 3470
1030 3074
525 2568
1403 3454
5831 7874
4312 6366
1836 3882
5070 7113
5045 7090
1591 3632
4321 6381
1695 3730
4350 6384
5201 7262
5521 7553
5584 7617
626 2656
5227 7294
5292 7354
5305 7342
243 2276
4227 6292
916 2955
4445 6525
1000 3019
5491 7511
1191 3203
1296 3381
5353 7372
6075 8094
5695 7705
815 2825
1061 3084
4674 6761
4484 6568
284 2353
5535 7601
1277 3283
373 2395
4805 6891
5336 7400
1213 3208
1785 3788
4675 6779
4537 6531
4448 6490
4333 6359
4135 6172
5146 7205
519 2616
4375 6487
4621 6732
4789 6902
5986 7975
4289 6276
5931 8045
423 2529
336 2326
187 2301
5558 7665
4631 6750
4747 6849
6131 8127
879 2879
1822 3919
5011 7106
952 3049
5086 7052
5069 7070
1088 3091
1488 3462
1400 3375
5372 7332
1760 3768
6135 8110
1322 3440
5910 8013
1846 3946
5604 7609
894 2851
4952 6971
421 2497
924 3060
1284 3432
4407 6470
57 2125
5846 7843
208 2214
1507 3477
4709 6675
4348 6282
961 2998
142 2295
4983 6926
1906 3851
4627 6766
1717 3784
5847 7849
5237 7178
5739 7915
6126 8046
5967 8134
619 2785
5909 8094
4754 6658
687 2622
5853 7756
5543 7477
1837 4031
6066 7974
5892 8080
216 2125
398 2328
318 2473
1579 3772
1680 3594
4897 7102
5034 6923
1437 3388
5818 7710
1225 3180
1100 3305
1885 4088
4368 6582
4372 6578
5260 7205
1718 3615
583 2798
5672 7809
5093 6988
6073 7954
4340 6232
4515 6414
295 2442
4428 6626
1408 3377
4367 6589
4425 6650
4720 6852
639 2762
5732 7890
5210 7405
920 2863
1057 3227
5986 8153
4775 6684
6090 8049
5498 7622
5085 7008
5214 7392
4873 7095
5621 7498
20 2262
1866 3976
1512 3372
1779 3637
5072 6935
6074 8051
1971 3967
1169 3164
1154 3154
5647 7901
132 2134
5809 7778
5935 8188
6062 8061
5052 7019
5828 7699
926 2886
487 2367
1799 4062
816 3049
1046 3274
4235 6230
1578 3787
499 2328
1818 4075
5314 7216
617 2719
1517 3349
5339 7201
5715 7855
4126 6368
1341 3523
5058 6850
5062 6851
4132 6433
5946 7743
4906 6700
52 2354
5988 7779
5248 7560
150 2463
5805 8102
1869 3654
4345 6642
1460 3256
5820 8113
5902 7683
4603 6378
5440 7250
1800 3613
287 2057
1186 3508
979 2761
247 2540
5149 7430
454 2266
4260 6585
38 2310
1762 4034
121 2393
5287 7557
5749 8016
994 2756
1166 3497
6053 7823
5426 7193
5481 7234
460 2272
5202 7549
1937 3744
4717 7003
4757 7075
1529 3265
761 3011
5231 7471
1368 3097
1248 3492
1885 3609
4816 7063
4224 6600
602 2834
88 2320
1635 3881
4520 6370
5819 8177
4852 7103
4796 7159
190 2549
6034 7900
508 2226
1257 3494
5048 6893
4981 6688
844 2586
4968 6719
1425 3272
1519 3254
1299 3144
1705 4084
4292 6554
321 2079
5840 8079
4799 7134
1986 3744
5236 7440
144 2548
10 2414
4214 6418
1707 4046
1683 4084
927 2807
1026 3434
5262 7655
4898 6729
1033 3428
1168 3582
1914 3592
4682 6974
1421 3321
357 2067
4220 6410
1839 3672
5245 7429
1053 3429
5719 7978
5769 8180
814 2643
1145 3335
1005 2707
1669 4090
4805 6981
5013 6678
912 2579
6141 7806
5677 8105
1083 3517
708 2883
365 2277
1973 3647
872 2787
4841 7010
117 2553
6132 7803
170 2362
1917 3820
5758 8172
1379 3312
4424 6364
5342 7497
5537 7224
4335 6517
1618 4045
1559 3976
5942 7830
944 2581
627 3030
810 2700
1415 3104
5424 7320
5701 8171
5636 8107
5843 8034
6112 7763
4234 6457
716 2936
6137 7759
506 2124
5489 7366
5554 7173
1935 3638
4363 6321
1731 3960
4218 6598
5172 7561
1564 4001
4332 6482
1640 4008
319 2301
884 2737
5641 8132
4848 6974
5 2516
1069 3583
275 2241
465 2053
4645 7153
1096 3472
4671 7142
342 2188
5101 6711
677 2942
4123 6599
4442 6276
4426 6314
867 2690
5786 8056
5063 6690
111 2442
1748 3890
5111 6686
1691 3954
1813 3838
81 2492
1960 3655
4220 6547
117 2439
420 2134
339 2208
1393 3205
4310 6435
1587 4037
5722 8108
4664 7119
5240 7552
416 2137
1128 3474
6133 7695
5332 7470
5192 7604
4517 6233
5895 7930
4741 7035
1729 3903
955 2628
1715 3251
294 2855
1350 3911
1298 3856
5781 7312
4266 6829
5272 7839
6006 7550
4669 6198
5369 7922
1726 3248
332 2882
1863 3400
5318 7881
1661 3183
4740 6294
5698 7254
723 2246
1363 3909
4780 6330
4458 7025
4315 6855
4847 6385
4249 6841
1878 3446
5036 6541
211 2800
1912 3420
6072 7583
44 2565
4543 7061
4507 7089
448 3050
516 2095
939 2432
1801 3364
4176 6782
554 2052
5721 7286
221 2796
4771 6290
5263 7867
299 2847
390 2995
730 2274
5170 7688
4982 6472
4293 6907
1601 3073
4436 6933
4994 6592
4294 6786
4309 6801
16 2646
1872 3350
5328 7833
124 2608
709 2185
507 2999
1724 3313
5900 7490
429 3069
650 2267
638 2092
1645 3128
4504 7104
728 2177
4153 6752
5167 7796
4400 7020
2021 3513
4482 7134
806 2424
2026 3508
881 2350
4400 7023
4645 6209
157 2801
1752 3252
826 2390
5239 7706
4491 7142
4998 6632
131 2796
5573 8117
1518 3999
974 2492
5787 7405
330 2876
1378 3870
4414 6978
827 2374
188 2753
4286 6848
5316 7866
1741 3250
293 2906
5501 8184
1614 3273
6048 7464
5257 7680
5441 8141
5746 7423
4201 6905
4240 6662
1045 3714
113 2793
1865 3537
1905 3565
1038 3731
5482 8183
5909 7560
5616 8046
4925 6562
4880 6576
1651 3287
4201 6861
4516 6934
4351 6733
5265 7714
6060 7455
464 2918
4892 6564
50 2698
1836 3476
4381 7076
5990 7644
97 2783
639 2237
1170 3664
5717 7313
6122 7471
22 2771
315 3069
5337 7711
5742 7337
1500 3860
6080 7433
652 2118
75 2695
4945 6557
1237 3608
5570 7948
4457 7097
4978 6563
5341 7692
1432 3918
4442 7053
6106 7426
1384 4017
5238 7852
5817 7267
5666 7422
1160 3669
6038 7496
4992 6494
4190 6846
1125 3716
4894 6652
6125 7439
394 2925
1216 3623
1886 3510
1795 3563
1283 4074
5077 6463
421 2889
5903 7650
1372 4018
72 2726
5763 7282
4650 6363
765 2062
692 2112
4855 6147
5381 8176
1722 3148
4825 6177
5142 7914
4560 6957
898 2431
218 2596
5408 8159
5251 7804
5580 7884
312 2617
460 2765
4997 6278
1031 3843
1281 3588
5502 7798
5288 8100
1398 3707
6063 7329
272 2591
5650 7453
498 2813
5875 7651
1185 4016
1269 4066
6093 7383
4391 6716
1860 3160
5642 7444
1652 3434
5512 7848
999 2247
690 2451
1442 3712
5749 7511
503 2773
309 2582
1749 3574
4343 7124
5993 7245
5285 8073
4540 6800
801 2061
5008 6333
4818 6653
618 2394
2046 3278
1268 4038
5238 8005
581 2422
1238 4067
6100 7393
6097 7396
1759 3562
1179 4014
1106 3940
752 2505
4824 6627
566 2317
978 2286
1310 3617
141 3021
5362 8114
1737 3464
1223 3974
4916 6261
5550 7919
1618 3345
28 2907
4582 6817
5963 7169
767 2485
1325 3686
4568 6804
922 2260
1612 3330
392 2759
1719 3559
624 2337
5973 7172
671 2510
5198 7967
5777 7619
1380 3638
7 2901
5096 6330
1483 3743
101 2867
5931 7292
1364 3596
5764 7642
4385 6720
529 2416
730 2491
4361 6760
4277 7126
5997 7176
1716 3548
575 2391
1161 4069
35 2894
5506 7916
6109 7346
1271 3992
1215 4047
4316 7085
800 2129
735 2477
4594 6791
4886 6243
480 2711
4329 7070
1108 3885
1054 3998
5729 7651
312 2747
4462 6893
1735 3395
5010 6167
1312 3751
303 2728
4430 6857
6114 7272
833 2250
5009 6173
5116 6256
5988 7412
4322 7027
4179 7109
403 2564
5005 6164
1546 3475
50 2984
4700 6594
138 2836
4700 6595
229 2938
291 2691
899 2082
6038 7219
5283 7940
4929 6377
5583 7782
329 2784
209 2939
4795 6423
1254 3915
2030 3139
5293 7936
5158 8075
360 2758
1999 3168
5694 7569
1531 3658
1107 4066
1162 3896
767 2379
159 2858
4923 6286
472 2670
5833 7551
1720 3343
4324 7004
2037 3149
4269 6932
1725 3334
95 3044
1570 3481
2015 3172
4414 6784
867 2268
4930 6274
1052 4063
4281 7037
1040 4052
5191 8067
20 3024
722 2324
5605 7714
1407 3768
4657 6646
4453 6829
5091 6184
827 2295
5051 6263
1073 4092
1576 3558
5836 7452
5457 7808
5071 6174
1959 3190
535 2501
203 2840
1650 3489
4130 7158
714 2323
5513 7760
5521 7754
5423 7923
4905 6389
297 2804
6054 7288
663 2377
5096 6198
5691 7641
93 3001
1823 3322
5303 8017
4542 6745
5780 7539
795 2290
895 2196
145 2941
793 2292
4274 7004
5960 7334
482 2572
300 2755
490 2565
1881 3254
548 2517
611 2448
963 2100
865 2198
1500 3620
584 2481
5176 8129
244 2829
1271 3853
5410 7896
4961 6298
522 2545
4177 7086
4621 6642
935 2136
5157 6181
4870 7940
612 3687
5122 6151
4288 7366
5048 8127
842 3917
942 4006
4488 7552
1039 2055
1539 2570
143 3231
6101 7111
1817 2827
887 3941
1597 2601
5408 6453
4319 7369
1308 2314
1940 2947
5637 6685
112 3178
5842 6856
5172 6186
4715 7796
5952 7011
1602 2657
1914 2910
1832 2829
5175 6162
5233 6228
5638 6688
1064 2063
4706 7749
245 3293
695 3742
5766 6831
5681 6682
1704 2712
4882 7970
1242 2282
997 4052
5043 8064
5507 6580
868 3932
1261 2263
59 3073
1906 2888
153 3234
1357 2316
4966 7972
5483 6441
1763 2727
2015 2969
5811 6900
6052 7139
5776 6872
5215 6166
4557 7556
265 3392
125 3127
6112 7088
4516 7669
5713 6659
334 3354
224 3255
755 3753
654 3794
748 3761
5171 6254
5784 6854
647 3813
589 3627
335 3365
568 3666
1888 2826
551 3660
2014 2992
1743 2750
1905 2816
5690 6728
1428 2535
368 3331
4628 7783
5907 7015
322 3381
5972 6956
4225 7416
1106 2088
5273 6370
932 4063
196 3257
386 3583
5403 6502
4754 7919
1387 2324
1054 2206
954 3898
4197 7399
4364 7567
4843 7790
5473 6631
1518 2408
1810 2965
6005 7154
1607 2767
5837 6724
5283 6185
5889 7053
1640 2790
5870 6753
870 4073
4813 7772
6016 6929
5433 6571
581 3798
4444 7631
129 3093
5346 6270
4794 7718
5313 6236
5628 6493
4216 7386
278 3507
4262 7171
1171 2102
5828 6755
1321 2446
5131 6307
1147 2258
358 3532
883 4057
500 3423
347 3574
4642 7820
5718 6887
1825 2967
6010 7116
669 3621
5564 6406
5477 6623
4948 8175
1139 2248
1143 2251
1645 2768
4701 7906
4533 7541
851 3985
626 3767
4762 7773
4876 8133
424 3426
5860 6703
5066 7937
4615 7883
4620 7872
4461 7584
903 3913
4882 8157
868 4023
4742 7762
1662 2728
1874 2948
4586 7485
5061 7961
4451 7614
5103 7986
1982 2913
4282 7258
253 3100
1547 2794
1042 2291
5195 6313
4232 7275
5365 6163
32 3272
4307 7227
6131 6939
1504 2318
1140 2202
604 3763
4202 7322
802 4050
5981 7084
5443 6577
995 3857
4275 7233
1323 2520
740 3607
46 3293
429 3416
190 3145
532 3811
5126 6399
929 3931
1712 2635
4860 7687
4305 7212
4503 7529
1979 2884
1648 2703
4866 7682
1862 2631
246 3575
5858 7136
40 3371
1594 2873
326 3139
5918 6683
1877 2643
11 3341
1782 3057
5822 7094
4454 7278
1070 2340
937 3748
6104 6871
5839 7133
4571 7368
5804 7096
404 3201
4812 8146
4172 7532
825 3608
4699 8057
1673 2987
36 3328
5880 7132
4514 7303
17 3380
1535 2266
5527 6335
1545 2849
4626 7995
732 4085
489 3264
1756 3061
4195 7498
1851 2576
5735 6985
1498 2293
200 3579
1086 2317
1414 2229
766 4043
5646 6969
5906 6696
5820 7047
1459 2191
4182 7530
6017 6847
5185 6526
1664 3007
350 3103
72 3339
4938 7689
4842 8110
1207 2546
1984 2694
5466 6162
4138 7523
6057 6883
4521 7395
6042 6865
374 3133
1378 2094
1701 3051
1681 3038
1439 2256
320 3088
664 4041
4346 7593
1672 3037
1622 2830
779 3667
4278 7663
1297 2120
5506 6360
5821 7143
277 3145
5538 6398
5351 6586
5302 6635
127 3361
5105 7827
613 3846
4404 7255
5814 7121
269 3175
1454 2245
481 3213
5513 6375
5375 6545
824 3656
4301 7613
661 4069
1381 2069
833 3633
6058 6875
1328 2113
5323 6584
1137 2309
1669 3059
973 3770
6117 6815
4415 7236
165 3545
971 3659
4113 7573
4708 8174
6088 6722
6120 6754
270 3204
4981 7928
1105 2524
797 3731
4689 8158
5254 6420
5145 6539
1454 2109
1520 2148
53 3491
5830 7006
5394 6283
4157 7591
1177 2307
1369 2246
5602 6208
514 4001
2046 2651
5589 6259
5644 7082
47 3464
5221 6594
1268 2387
6003 6875
2018 2634
376 3281
1978 2577
6031 6691
5041 7709
759 3928
1773 2908
5826 7024
4976 7875
778 3775
1060 2450
4327 7504
4547 7284
4164 7667
4838 8031
4468 7368
5937 6796
5510 6200
5609 6231
8 3510
5982 6814
4634 8154
1020 3645
5014 7764
4626 8145
1122 2465
4157 7673
1506 2086
427 3181
2045 2612
1509 2094
5217 6570
246 3389
4136 7652
4299 7430
5308 6514
5636 7114
4282 7530
981 3591
5683 7144
4637 8129
362 3252
4162 7581
4944 7856
550 4036
2005 2609
1080 2526
679 3904
5015 7805
4297 7458
4468 7320
1840 2782
1536 3055
4665 8137
5407 6381
302 3292
4111 7675
734 3877
5713 7082
861 3745
4785 8015
1204 2378
5114 7674
1104 2641
162 3750
5474 7014
5987 6501
5204 6738
4142 7721
4745 7297
5845 6365
6076 6581
1397 2940
5343 6869
1672 2179
4888 7445
608 3183
4337 7909
933 3506
1650 2154
4362 7952
4495 8084
607 3138
5472 7038
1462 2985
683 3211
492 4044
5155 6657
5454 7021
5271 6835
892 3417
1332 2835
4681 7264
4859 7378
223 3827
5460 7034
818 3357
4520 8088
1996 2559
5104 7620
567 3075
239 3803
6064 6533
1421 3000
5266 6820
5226 6748
1704 2193
1509 3036
565 3087
838 3451
6097 6636
1946 2471
1981 2435
5964 6515
4265 7913
5961 6411
5571 7040
668 3295
4635 7263
5996 6442
448 3979
430 4065
361 3878
5349 6826
158 3790
4575 8077
1000 3519
4566 8074
24 3652
5067 7594
5496 6938
6105 6587
856 3387
1582 2122
1689 2300
1530 2973
1583 2118
919 3581
505 3989
4377 8055
5423 6976
735 3248
5377 7024
1977 2504
5840 6305
452 4022
25 3690
4387 8022
4369 8038
5063 7614
783 3446
5742 6167
866 3352
4889 7522
5736 6165
6128 6541
9 3703
1634 2274
4631 7318
2045 2428
796 3486
4229 7686
940 3368
6032 6428
6021 6408
237 3683
4364 8092
1633 2288
1599 2221
1325 3007
4842 7289
412 3848
103 3826
191 3626
1580 2234
1470 2857
4994 7445
4801 7257
5861 6268
1532 2917
4497 7947
5120 6811
755 3176
5355 6775
5260 6673
1577 2228
4572 8001
5591 6984
1078 2710
1466 2842
1105 2803
5297 6675
601 3322
4561 8053
4210 7895
1676 2089
6102 6512
5984 6599
1592 2207
4806 7278
1584 2201
928 3339
4648 7300
1967 2304
989 3436
766 3147
1071 2713
1320 2960
6089 6512
1335 2955
5307 6663
466 3950
1217 2684
783 3505
4211 7885
5273 6694
6033 6446
6095 6415
1572 2276
1359 2959
5479 7074
4479 8120
4463 8103
5106 7483
1049 2771
741 3112
1352 2949
1603 2195
1501 2828
1422 2911
4908 7678
5109 7462
4792 7275
5182 6891
4941 7573
1258 2610
4370 8138
1629 2180
563 3306
4671 7398
1095 2716
353 4029
1082 2791
1210 2660
4676 7323
1294 3055
648 3177
5878 6164
5798 6213
1701 2114
5873 6166
623 3207
5253 6764
6042 6518
1615 2211
1245 2611
911 3424
582 3241
4 3828
383 3982
5031 7509
5050 7497
1377 2966
5566 6982
615 3229
1508 2841
4488 8054
653 3186
354 3682
4423 7751
1713 2480
5415 6689
5974 6238
2032 2297
5133 6912
5671 6440
6011 6248
617 3453
686 3512
5654 6400
1455 2744
1337 2593
4677 7517
1742 2519
1915 2145
450 3800
61 3873
4887 7178
5785 6535
6108 6338
4586 7882
5670 6407
1447 2693
5923 6145
4894 7228
4960 7235
4140 7946
4782 7559
4527 7812
5099 7367
1231 3042
1790 2515
442 3722
315 3595
1246 3053
5028 7314
545 3350
4738 7610
67 3961
770 3138
4647 7527
5055 7422
5673 6509
4217 7997
1262 2986
1201 3060
1247 2968
5664 6504
4543 7926
736 3497
627 3386
7 3917
845 3079
1534 2741
4970 7206
5263 7107
4200 7972
4574 7827
825 3191
4433 7711
4395 7780
5866 6565
5135 7007
1826 2162
6098 6275
5386 6744
524 3423
4298 8089
4199 7985
1025 2902
233 4030
5317 7068
1147 2850
18 3912
1785 2466
1020 3232
4585 7861
4261 8187
5205 6923
1685 2507
5176 7000
1172 3062
23 3957
4977 7186
690 3542
5471 6715
4991 7194
5865 6542
2003 2228
1741 2468
5862 6543
5606 6797
898 3310
1202 3036
4725 7451
5417 6745
351 3631
5773 6655
4194 7953
1019 3215
6142 6283
1969 2247
4679 7472
674 3546
4694 7469
1615 2353
1446 2777
187 4036
5511 6904
1298 2706
1042 2962
5242 7160
1941 2070
1367 2782
676 3373
5359 7013
5667 6569
6071 6205
702 3378
328 3782
739 3442
5560 6697
5341 6988
65 4051
4275 7969
5734 6640
632 3567
197 3933
405 3596
1046 2954
4953 7364
5404 6785
262 3737
1897 2248
4775 7427
1366 2802
4424 7917
5744 6614
5544 6670
424 3586
942 3077
666 3382
718 3424
4205 8157
5894 6322
345 3820
1924 2097
1982 2059
218 3951
5361 6982
4928 7415
4792 7439
1537 2488
843 3313
5491 6860
5387 6859
5183 7167
6087 6148
2011 2076
4996 7244
4152 8177
4734 7605
1148 2999
5542 6762
889 3253
603 3478
5718 6553
5032 7271
5764 6485
1372 2702
4609 7641
1978 2147
404 3663
5347 6973
6015 6304
699 3419
4912 7376
4927 7390
1452 2637
4799 7517
1734 2337
4776 7503
1817 2289
688 3416
5532 6773
5227 7042
5959 6317
907 3168
5676 6593
747 3354
1182 2927
278 3812
5158 7124
4538 7753
2006 2085
4323 7952
5578 6718
4562 7719
4416 7862
5387 6899
5645 6645
6113 6168
621 3475
1584 5681
2748 6847
3705 7805
1253 5344
313 4415
84 4178
3384 7486
2558 6648
57 4144
134 4237
2790 6890
2649 6740
3570 7676
256 4370
1872 5957
774 4880
1903 6007
3966 8036
3937 8060
771 4893
3151 7249
97 4222
68 4198
2718 6843
3314 7381
437 4509
2066 6203
4032 8169
1406 5461
1424 5566
4089 8150
2816 6961
1388 5470
3913 8059
961 5106
2553 6605
114 4166
1403 5455
90 4207
1930 6076
772 4924
3755 7824
2990 7057
2225 6286
1524 5579
670 4830
2989 7150
3046 7077
2078 6237
2250 6284
2171 6195
3541 7580
643 4809
711 4749
3480 7635
4074 8102
2050 6223
2956 7106
518 4694
2435 6611
1981 6125
3300 7349
3823 7870
1580 5757
1189 5367
1024 5203
683 4863
3711 7722
3399 7441
1187 5371
957 5092
2019 6073
3869 8000
193 4252
496 4526
2859 6987
2775 6839
1707 5834
2326 6519
2381 6446
3728 7924
2746 6877
965 5026
2863 6983
2909 6967
1140 5151
744 4739
3214 7394
2960 7165
1283 5484
417 4558
223 4268
570 4687
1933 6136
1541 5747
2302 6281
2198 6382
3412 7468
3390 7495
3226 7392
2355 6473
634 4608
3692 7703
3378 7502
3895 8008
587 4811
2697 6665
1255 5222
1989 5958
1055 5275
1198 5161
1072 5305
2691 6666
2537 6496
2882 7118
2215 6184
2368 6608
475 4425
2223 6202
1420 5402
2930 7141
2885 7135
283 4480
4064 8060
910 4883
3447 7657
1548 5805
2449 6448
1158 5154
3604 7868
1608 5858
166 4108
3598 7844
3567 7492
3616 7819
1236 5247
570 4758
3031 7032
2770 6781
1342 5519
3905 8178
2566 6832
3923 8164
3665 7910
372 4556
1657 5825
1374 5607
3227 7202
3791 7795
1267 5199
3006 7038
3261 7294
3707 7871
1708 5736
1229 5129
4081 7989
1767 5666
324 4481
280 4573
2987 7022
3789 7688
707 4619
2899 7067
2982 7022
3839 7732
2768 6685
3386 7668
440 4460
2043 5934
3597 7896
2889 7071
2657 6838
2957 6998
1481 5399
2345 6647
1620 5771
54 4311
957 4958
1171 5232
3316 7185
1356 5547
3916 8107
1426 5498
1457 5465
1920 5994
200 4131
3355 7670
2060 6369
1354 5540
2163 6301
828 5074
342 4519
848 5025
1189 5200
1206 5197
2235 6208
3225 7266
3888 8140
1150 5250
3351 7659
2086 6361
3302 7654
250 4602
238 4590
3141 7494
4087 7923
1236 5584
2203 6558
2330 6173
2627 6986
3876 7720
3024 6876
478 4307
1013 4856
3355 7188
1816 5655
2521 6345
2483 6307
1616 5952
2064 6403
1625 5965
439 4259
398 4251
869 4720
3715 8085
1554 5892
3334 7199
3119 7476
3831 8169
2350 6158
2723 7042
1395 5202
381 4191
3977 7850
3328 7204
2597 6913
1300 5169
2303 6618
1351 5218
1301 5171
836 4706
314 4112
2848 6672
2815 7119
885 4677
3842 7735
1292 5179
2137 6510
860 4715
2412 6235
603 4962
1936 5801
2461 6311
2754 7160
2393 6245
4053 7912
3379 7181
1079 5495
1117 5405
437 4340
3939 7713
1196 5614
2425 6202
2333 6238
2766 7051
3195 7475
1352 5120
107 4385
1156 5582
3965 7734
2686 6965
1781 6078
1932 5825
3691 7973
3394 7180
462 4225
2666 6949
2334 6225
2908 6668
1555 5954
3738 8136
2338 6256
850 4609
413 4297
1126 5427
791 4673
2679 6957
2558 6308
1699 6136
2061 6481
3949 7728
3338 7252
1297 5199
681 5064
930 4803
2788 7046
2034 5782
1627 5951
747 5004
2618 6994
228 4492
892 4629
340 4159
2512 6331
2039 5784
2390 6201
1296 5216
2529 6289
1572 5973
3947 7706
2676 6919
3467 7423
1487 5306
3264 7608
2983 6879
2159 6423
3777 8121
1861 5692
758 5002
3702 7946
2684 6914
1486 5296
1227 5556
2723 6946
3317 7540
2928 6897
2283 6506
1067 5545
3618 8097
1133 5614
1578 6062
2545 6260
3836 8058
1903 5863
29 4500
3020 6726
3550 7253
2236 6445
332 4317
2917 6903
1401 5354
2752 6995
3984 7685
1556 6018
2525 6219
3388 7339
1962 5682
1388 5364
3167 7623
1926 5662
3005 6692
1092 5593
3238 7480
3745 7936
3934 7933
462 4203
918 4656
2354 6298
3185 7640
2973 6710
1494 5243
2349 6272
589 5117
774 4788
3733 7975
3396 7414
805 4758
240 4420
431 4122
1263 5462
1203 5385
819 4744
2188 6455
2008 5731
1492 5224
3280 7532
2611 7054
1135 5586
3087 7601
2774 7016
2517 6251
33 4510
2550 6217
2265 6425
1682 5970
3206 7492
2861 6895
484 4128
1725 6005
4043 7683
1416 5188
2231 6500
3809 7988
1624 6016
1219 5402
577 5019
3106 7678
4011 7799
1844 5867
445 4189
406 4215
3340 7406
665 4991
259 4324
826 4829
3921 7865
2263 6462
449 4143
637 5004
1928 5754
681 4954
501 4102
2692 7025
943 4698
527 5112
2934 6798
2410 6288
906 4726
2687 7043
1082 5572
1643 6036
1405 6014
1209 5821
3155 7764
3747 7332
3034 6610
878 4454
3782 7374
3975 7566
2531 7151
2800 6397
1480 6086
1491 6081
1009 4579
161 4787
1445 6070
1377 6002
168 4797
3741 7304
2998 6560
2225 6822
1029 5661
1259 5874
3216 7820
2344 6964
2457 7045
2087 6714
1442 6079
207 4817
3161 7750
574 4129
925 4482
3792 7408
1261 5837
416 4993
307 4881
849 4469
3462 8098
42 4620
3887 7431
3369 7937
3954 7515
590 4222
263 4919
585 4219
30 4650
3316 7873
431 5017
2351 6937
1643 5203
1546 5170
3645 7175
540 4135
2799 6356
715 4336
4003 7583
1700 5274
1938 5586
1897 5417
1694 5338
836 4354
1248 5799
1693 5338
1344 5898
2494 7156
280 4948
3268 7818
1630 5134
1995 5531
3509 8165
1641 5178
214 4738
3407 7963
1094 5651
3309 7864
2612 6253
3271 7838
3191 7724
2887 6428
3282 7817
696 4323
1813 5449
2313 6999
1608 5142
3072 7774
2535 7041
1752 5310
1383 5888
511 5016
285 4980
2711 6395
102 4616
2616 6231
1134 5662
839 4405
2136 6699
784 4452
1108 5664
3109 7760
3184 7685
3405 7994
2500 7091
2588 6244
1345 5944
3671 7213
3910 7484
2574 6258
3557 8091
3377 8015
1842 5452
3550 8096
2022 5528
667 4122
210 4691
600 4314
799 4508
1859 5568
106 4834
2013 5460
955 4402
3342 8069
2820 6536
3110 7862
3349 8069
2533 7028
2355 7079
2347 7101
24 4751
1620 5325
837 4572
3442 8174
299 5047
3043 6527
655 4114
379 5093
2898 6605
1892 5627
3041 6467
1215 5660
2837 6577
4071 7491
3900 7578
594 4347
432 4890
3306 7744
2303 6740
1010 4446
3286 7803
2900 6649
2493 6931
1159 5673
2441 6951
2601 6278
470 4967
349 5102
2294 6722
1531 5966
1864 5629
992 4438
3151 7928
3278 7801
896 4408
3764 7180
849 4584
573 4228
3118 7828
967 4476
894 4549
762 4166
2779 6246
1766 5208
295 5095
2096 6897
3362 8163
2305 7107
1496 5914
2386 7062
87 4753
3833 7217
1738 5122
1883 5523
2781 6161
1499 5911
2573 6339
2651 6292
571 4331
426 4986
2736 6242
3673 7307
3094 7877
3022 6429
2547 6944
3344 8133
3674 7311
2716 6212
391 4959
3593 7376
1770 5168
489 4917
2194 6734
290 5119
1409 5980
3505 8047
3910 7576
3361 8128
3817 7179
3005 6489
1133 5768
700 4180
749 4101
222 4660
3305 7682
1864 5539
71 4778
130 4716
1376 6030
3630 7361
2878 6609
3710 7311
2371 7088
109 4766
1011 4359
3174 7826
3859 7653
1814 5601
786 4587
790 4588
1990 5434
615 4250
1267 5645
1653 5258
521 4363
1387 5737
3943 7269
3324 8191
2837 6161
3320 8189
1116 5977
811 4142
635 4477
1551 5384
3738 7571
3935 7254
275 4634
490 4832
1413 5775
1406 5748
78 4931
1259 6116
2981 6325
3629 7484
269 4639
3955 7265
3409 7747
3345 7687
1898 5245
1919 5223
1803 5137
2484 6831
1974 5293
3773 7585
3634 7470
408 4741
3107 7997
2042 5349
2522 6853
2880 6241
105 4938
3346 7734
2598 6402
3452 7768
1671 5551
2724 6540
1241 6129
3419 7794
3832 7633
1343 5654
2244 7150
2499 6899
2179 7091
906 4283
2402 6739
407 4774
367 4701
3010 6384
13 4926
777 4158
901 4285
1013 4300
3291 8161
2058 6960
2854 6170
1385 5717
3196 8000
2531 6878
750 4563
1284 5689
1668 5562
347 4709
1789 5567
2139 6941
715 4493
3590 7489
510 4791
658 4571
2187 7105
669 4566
2333 6736
3531 7834
3644 7535
1252 6065
680 4606
87 4865
2388 6658
362 4669
870 4145
2809 6574
2238 7145
2489 6894
1187 6139
3400 7697
3456 7898
2429 6695
2044 5286
141 5078
593 4362
259 4703
3304 8116
678 4550
3039 6335
3052 6284
1467 5849
1138 5904
194 5031
3009 6308
2734 6600
1918 5144
3622 7488
542 4473
2278 7055
2477 6855
4053 7358
480 4750
1523 5789
461 4770
348 4659
94 4911
3098 8043
3048 6299
1417 5884
3457 7927
1708 5595
2254 7092
3225 8163
798 4197
1200 6091
3348 7785
2361 6726
596 4564
703 4413
2217 6954
985 4186
1792 5252
2784 6502
2979 6180
1416 5632
2213 6959
2709 6425
1170 5918
4071 7273
3615 7568
970 4165
666 4360
513 4498
878 4345
1968 5160
3000 6176
3889 7337
3279 8022
865 4347
3526 7773
2926 6386
3968 7201
743 4421
393 4651
1665 5411
2430 6877
2414 6861
3187 8151
1766 5440
1915 5340
2708 6451
1715 5396
107 5057
3342 7842
2844 6320
37 5003
1196 5916
465 4705
2572 6588
530 4515
3084 8125
3439 7902
2685 6604
1593 5515
3539 7776
1909 5315
1774 5464
2862 6297
472 4719
352 4823
768 4280
1485 5748
2344 6802
488 4691
534 4525
3668 7656
3994 7207
267 4790
1705 5399
1746 5485
1091 6140
3604 7595
3438 7854
2469 6759
2868 6391
48 5108
3083 8143
406 4690
2279 6947
1368 5788
633 4529
145 4953
2818 6347
1706 5473
848 4253
3111 8170
2649 6548
3801 7447
1392 5792
2823 6359
213 4868
131 4945
1012 4134
3587 7632
1272 5934
1944 5184
3197 8103
2756 6431
3385 7908
491 4662
2107 7141
2888 6294
1250 5949
78 5009
3653 7590
561 4565
3695 7562
1882 5311
1469 5720
3199 8090
2398 6843
1286 5856
1613 5546
987 4156
3243 8002
3410 7864
195 4905
1622 5565
3818 7425
3837 7440
2769 6460
994 4109
1613 5565
3908 7351
412 4712
3561 7708
2923 6300
3075 8187
3739 7523
2741 6477
2143 7077
1945 5220
1464 5703
3081 6153
1216 4289
3725 6798
2459 7576
64 5187
3836 6904
159 5272
616 5743
2124 7243
3588 6669
290 5416
760 5874
2527 7637
2305 7434
3058 8185
1709 4770
1375 4432
2280 7417
712 5849
1950 5007
897 6035
212 5319
2138 7241
3688 6780
3881 6975
3983 7061
123 5217
685 5814
3431 6524
1007 6130
3236 6329
2877 7970
166 5252
3627 6671
2445 7593
3064 8159
1290 4397
5 5165
1484 4581
1092 4205
224 5321
2699 7841
4081 7133
2599 7690
2281 7367
3211 6331
2416 7489
1955 5010
3150 6269
2874 7950
3689 6749
2660 7761
2761 7935
1883 4973
2415 7512
597 5743
2000 5099
213 5358
502 5578
3140 6264
1994 5110
3488 6556
331 5494
1811 4910
2056 7221
1930 5045
2375 7544
1943 5077
536 5724
3192 6206
390 5569
2776 7825
1991 5001
1006 6049
1937 5056
2259 7296
1760 4789
2939 7982
2538 7612
677 5884
2792 7857
2051 7258
3318 6316
936 6134
2113 7198
544 5759
1565 4732
926 6140
3540 6583
2398 7474
3136 6189
1543 4724
3387 6476
3258 6349
1313 4440
3064 8066
874 5904
1117 4129
2734 7888
438 5426
2495 7483
1535 4474
1375 4570
3332 6530
3314 6260
1605 4814
1873 5082
2069 7321
118 5370
2945 7949
1443 4398
1854 5040
402 5378
543 5772
2332 7567
1929 4885
3189 6377
2979 7998
2521 7494
137 5161
2036 4949
3810 6721
3885 7049
3474 6455
3175 6336
47 5255
2309 7596
776 6049
3250 6169
2002 4990
3663 6882
3610 6839
1206 4120
3232 6159
2027 4932
3662 6911
645 5687
279 5541
1001 5978
3675 6888
1793 5047
2958 7993
2004 4963
1287 4528
1796 5052
789 6061
2321 7592
1129 4304
2072 7330
2127 7411
1574 4762
3362 6559
4040 6920
320 5505
1193 4203
519 5827
853 6033
2404 7587
1011 5940
232 5167
3547 6419
3016 7938
741 5679
1911 5053
3338 6593
596 5791
2006 4890
3337 6597
2718 7762
2932 8123
3041 7985
2359 7654
1637 4788
1886 5007
757 5668
1623 4742
38 5364
1610 4761
3925 7040
2951 8017
3323 6178
934 6015
1564 4806
1651 4783
3379 6638
1736 4630
3942 7097
3700 6827
777 6127
1611 4781
3863 7161
2304 7662
2994 8029
3679 6830
3944 7066
3171 6289
3798 6691
3009 7988
9 5375
3170 6293
1173 4204
2116 7357
3315 6152
3699 6799
3636 6856
3380 6602
459 5323
794 5659
1266 4593
3988 6800
3374 6185
435 5300
100 5484
1402 4209
3746 7081
1035 4358
468 5337
2026 4858
3509 6309
2498 7382
2417 7270
3804 7115
417 5304
1508 4349
3247 6581
2869 7726
552 5942
248 5606
2489 7323
3854 6697
268 5163
3990 6846
2316 7206
459 5345
1746 5113
850 5756
1832 4615
2740 8070
2808 8139
2795 8152
2766 8186
3539 6374
1295 4154
3635 6918
1805 4664
12 5435
529 5926
1043 4388
4012 6811
2640 8041
4039 6910
493 5335
3184 6475
721 6124
3961 6724
1505 4316
1841 4623
2226 7564
3115 6420
1359 4208
3300 6564
840 5643
921 5850
2542 7338
773 5697
3382 6258
1157 4544
2264 7582
3406 6150
2974 7892
2182 7629
1404 4151
2358 7290
1286 4170
3116 6496
1656 4917
1506 4271
2971 7893
399 5342
1369 4104
496 5282
2377 7195
2514 7302
1729 5015
307 5221
2856 7807
1084 4452
1065 4465
650 6096
625 5930
3427 6206
2216 7671
3837 7069
1986 4768
1435 4351
352 5126
3528 6306
1773 4999
1745 5051
1728 5035
3113 6466
2370 7214
707 6061
2802 8092
801 5710
751 6046
2170 7435
3971 6898
2421 7175
694 6084
3228 6638
1178 4585
3163 6447
3769 7118
2410 7187
3454 6151
2389 7215
1788 4999
2594 8030
3721 7156
1779 5005
893 5634
959 5693
3533 6222
1242 4446
1246 4443
1131 4589
1428 4124
2585 8081
605 6103
1597 5040
382 5361
3275 6468
3884 6819
3357 6285
952 5672
226 5490
1047 4495
1318 4286
3733 6924
506 5219
69 5599
2622 8098
3348 6324
921 5691
517 6054
1682 4913
1307 4287
2163 7638
3086 6571
364 5322
313 5278
965 5741
888 5844
3677 7152
1586 5020
243 5468
2167 7622
4010 6681
2568 8124
2041 4684
154 5420
2468 7187
3238 6417
3290 6499
363 5330
3945 6867
384 5178
2548 7246
1050 4518
3065 7748
121 5572
1521 4175
2490 7172
3089 6575
2989 7698
2540 7213
3806 6941
3996 6746
1489 4119
3223 6481
4062 6681
545 6118
1426 4185
1210 4465
1899 4774
4058 6676
2486 7270
821 5860
2420 7334
509 5166
754 5926
2183 7506
756 5921
3370 6396
1962 4722
742 5950
62 5607
2569 8149
3299 6462
3490 6268
3190 6568
1801 4822
1740 4883
977 5646
2073 7673
645 5991
1212 4447
1232 4403
1514 4105
3101 6651
2439 7264
2583 8176
857 5811
3773 6993
120 5525
2715 8053
2087 7624
3422 6321
3693 7069
2406 7319
1243 4393
325 5297
2388 7331
2503 7231
474 5152
1303 4331
1068 4560
3115 6614
2178 7548
3137 6590
982 5590
3553 7137
1262 4846
3829 6389
3671 6230
2079 7708
4079 6635
2024 4591
1920 4489
1217 4810
4065 6637
3135 6706
1855 4401
1560 4118
1714 4285
262 5910
2619 7211
1859 4439
1180 4745
2513 8135
221 5830
586 5201
2356 7976
2607 7218
2838 7432
958 5536
2357 7978
181 5781
2602 7179
1233 4851
2392 8059
3776 6372
1269 4817
2630 7267
3711 6234
1764 4291
2462 8118
1282 4907
2673 7261
85 5753
119 5723
2021 4552
2028 4546
234 5851
3436 7005
573 5132
2002 4576
3159 6756
4004 6551
3129 6669
1351 4979
2208 7829
2033 4551
1425 5030
2909 7524
3370 6928
566 5132
770 5432
3805 6374
258 5945
3905 6522
2664 7252
427 6039
3860 6484
3137 6659
1365 4886
3709 6203
3346 6997
3822 6313
3684 6179
1319 4960
2 5707
1221 4751
4054 6555
3298 6828
1730 4236
3233 6894
1554 4189
646 5334
2394 7947
3969 6615
3291 6786
305 5995
2438 8154
3949 6448
3805 6274
2638 7214
1040 4722
484 6023
435 6096
2231 7892
2475 8143
3500 7110
580 5160
703 5327
876 5406
1806 4477
35 5719
1778 4229
2484 8131
2850 7514
3124 6733
1312 4954
2920 7442
3934 6437
3478 7149
1037 4721
1277 4737
890 5383
361 5908
3879 6567
560 5296
4093 6521
2683 7421
1089 4807
2683 7420
1397 5117
1476 4940
1239 4702
2152 7905
3879 6574
1019 5490
901 5391
1512 4962
2509 8006
2105 7858
3892 6584
23 5786
1910 4600
1220 4693
106 5883
1571 4273
1203 4641
890 5608
559 5308
330 6110
1825 4532
888 5613
3170 6903
2749 7210
1929 4382
3936 6650
2284 7799
2842 7559
2142 7875
1371 5061
76 5868
440 5912
788 5557
2740 7189
446 5915
823 5520
3763 6171
327 6123
3188 6873
2379 8166
1026 4786
2576 7329
51 5762
1799 4533
1110 4837
2536 8029
953 5379
802 5528
2206 7717
14 5810
3787 6261
3576 6968
2446 8014
2210 7779
1989 4356
1209 4730
2932 7607
3302 6690
375 6064
2534 7980
1625 4242
1419 4928
1233 4636
738 5165
764 5164
1396 5028
1533 4909
2663 7350
526 5340
2666 7352
3456 6995
2995 7520
3205 6742
2563 7383
4007 6513
3634 6379
3099 6848
261 6105
3398 7064
408 5958
2053 7899
463 5905
3549 6973
227 5635
3325 6686
1706 4169
2073 7933
327 6051
2720 7237
242 5658
1722 4176
719 5156
1819 4598
3894 6617
973 5410
2032 4383
1095 4791
2912 7568
3952 6528
2447 8062
1309 5100
3090 6886
542 5352
2877 7626
803 5588
934 5470
3762 6218
1468 4934
3891 6601
1124 4767
2980 7519
2383 8114
2052 7929
3411 6737
3690 6508
2978 7333
1064 4897
1493 4828
1348 4686
1552 4378
3822 6628
60 5943
3821 6625
2961 7325
1455 4797
3224 7052
1338 4643
644 5535
4004 6328
2977 7356
1818 4101
2313 7723
217 6139
2178 8096
2990 7309
310 5653
1053 4926
3578 6878
3353 6717
4024 6300
3516 6805
4015 6277
1875 4223
1667 4525
2644 7546
3173 6997
1197 5022
1328 4612
3265 7157
1492 4833
1652 4417
2343 7697
743 5585
3482 6828
1126 4958
1169 5033
2519 7916
1812 4137
2953 7369
3643 6520
1093 4864
685 5611
1694 4567
1563 4434
1316 4718
3535 6787
1401 4660
2249 8068
2195 8156
2370 7699
3866 6219
795 5193
304 5730
684 5624
3153 6919
1447 4848
2117 7965
1207 5103
304 5737
1478 4764
3324 7078
739 5560
1063 4987
149 6088
2160 7982
2709 7626
3592 6505
2363 7775
744 5517
704 5547
1452 4807
1481 4773
3819 6534
3319 7047
3929 6187
1115 4904
3766 6597
2204 8168
991 5289
3630 6489
216 6048
2799 7575
1820 4196
2772 7598
914 5352
3066 7302
81 5932
198 5959
991 5213
1317 4769
2271 8024
1437 4629
1339 4785
15 6020
2302 8050
2754 7502
175 5922
3525 6731
3709 6636
2539 7801
2380 7897
643 5398
3929 6351
1952 4151
2791 7550
3678 6596
2260 8008
1681 4367
3533 6765
1547 4522
3405 6892
1761 4419
2467 7681
389 5671
1808 4276
2943 7387
2873 7325
1440 4614
194 5998
134 5928
708 5492
1456 4608
2659 7633
4025 6155
3173 7126
1232 4964
2735 7450
3011 7285
3341 6838
2491 7802
3874 6371
1314 4833
2378 7817
1123 5024
2780 7448
3171 7078
2130 8085
1627 4498
2255 7939
2789 7464
503 5689
3033 7177
1285 4820
220 5901
253 5935
2554 7720
3599 6620
1510 4661
987 5135
1003 5183
863 5258
3284 6914
3165 7051
1461 4707
1224 4895
3994 6210
1665 4441
2906 7296
3759 6515
140 5969
3593 6612
2108 8162
629 5546
3882 6346
1717 4439
3408 6836
2104 8144
712 5409
855 5309
3678 6580
1257 4869
34 6094
3158 7099
2819 7404
308 5829
3174 7063
2916 7313
2437 7795
820 5315
3685 6546
1139 5006
4020 6218
3718 6521
2746 4794
687 6830
775 6917
860 7002
3026 5076
1695 7832
962 7115
3503 5540
179 6334
3930 5972
3123 5181
467 6620
86 6233
1867 8024
3646 5677
311 6433
2696 4752
1754 7874
231 6398
3790 5847
1432 7554
1497 7618
4058 6086
2341 4409
1153 7324
3951 6002
664 6789
2405 4475
4075 6132
3428 5499
1727 7840
215 6390
1085 7196
4061 6143
2702 4778
3425 5444
2483 4507
1032 7200
641 6825
3941 5966
317 6422
1713 7837
3479 5563
1326 7426
2682 4695
3203 5294
3130 5143
1028 7211
2809 4809
694 6790
49 6144
653 6844
3894 5893
1808 7974
1912 8014
559 6680
1391 7512
817 6922
2253 4342
1412 7615
1524 7600
3863 5969
1394 7477
3554 5548
128 6350
631 6713
3855 5982
2019 8119
1348 7443
4044 6036
3141 5150
323 6424
1462 7661
891 6949
3758 5872
1370 7429
3529 5526
1831 8056
2904 4920
670 6909
2452 4599
2227 4304
1649 7701
18 6262
648 6892
493 6537
1270 7315
3779 5797
266 6508
268 6507
2557 4506
3014 5036
4067 6031
2705 4861
3035 5046
753 6815
395 6628
2560 4721
514 6771
2731 4825
1130 7192
3514 5581
3169 5149
1571 7774
2656 4638
737 6814
2190 4337
179 6194
1102 7370
567 6834
3283 5206
3760 5687
3443 5620
2891 5058
2434 4360
1453 7462
2318 4485
3732 5657
439 6457
204 6211
2307 4496
3177 5373
2824 5021
2720 4661
1550 7835
2321 4486
3553 5494
1764 7800
2385 4557
3524 5465
2589 4739
2874 5029
3485 5437
1696 7680
1069 7308
235 6222
3004 4884
367 6598
2759 4716
4083 5983
2500 4456
3311 5186
2976 4877
1796 8106
862 7152
31 6318
3692 5854
3680 5846
1163 7229
1639 7903
3551 5476
2422 4555
2669 4819
2230 4105
1923 8003
380 6590
1784 7739
3245 5230
3548 5400
2705 4693
2976 4964
344 6557
2001 7958
2857 5089
2795 4640
2951 4940
409 6482
1104 7324
4064 5933
3068 4913
3198 5295
3865 6091
3812 5680
2561 4821
3556 5425
3795 5637
296 6654
3323 5164
454 6430
1835 8178
2980 4984
2624 4765
4092 5921
2614 4840
2176 4192
1889 8065
3108 5316
2347 4554
2981 4929
618 6799
2415 4490
3401 5550
3975 5999
2762 4640
3687 5771
729 6709
3561 5380
861 7086
3179 5279
835 7095
2820 5105
2074 4335
168 6224
818 7113
3668 5807
498 6415
1913 8068
1346 7615
968 6966
2480 4273
1197 7592
2526 4310
2824 4611
1438 7317
1230 7618
3664 5983
2993 4798
191 6575
1575 7990
1345 7250
1659 8040
3167 5451
1976 7853
369 6247
1882 7756
829 6693
3848 5648
3600 5897
298 6192
3219 5519
2676 4969
1324 7181
41 6410
3459 5287
1502 7419
2810 5087
235 6606
3981 5797
2448 4283
2525 4342
2143 4467
3083 5414
66 6511
1626 8052
2384 4223
425 6297
3210 5562
2546 4291
2009 7912
2360 4107
2064 4389
3817 6111
3441 5190
2869 4622
497 6348
3660 6001
3695 5968
768 6719
126 6463
1112 7449
3050 4779
3196 5438
2219 4591
1545 8013
1434 7391
192 6533
4086 5809
1896 7727
3503 5351
486 6318
1947 7891
255 6582
3042 4777
964 6792
3619 5999
638 6963
2224 4605
2075 4437
487 6323
2944 4821
979 6790
359 6193
2397 4106
3290 5507
1742 8084
2613 4974
2539 4272
1331 7279
2667 4919
1360 7183
2476 4339
1303 7285
2243 4512
748 7048
1935 7915
2022 7811
67 6437
1127 7424
3437 5125
248 6545
3415 5180
3528 5284
1015 6810
3830 6040
1440 7374
155 6632
3995 5869
3850 5756
526 7033
813 6746
3741 6116
3935 5667
3496 5332
2926 4624
699 6970
3067 4730
1279 7547
2212 4384
1956 7712
1023 6778
1598 8123
3435 5357
3259 5436
2924 4836
3206 5391
3845 5775
745 7010
3152 5597
3219 5406
2219 4388
1408 7183
3218 5405
2204 4365
1399 7397
1636 8182
951 6692
2140 4559
884 6881
982 6720
3802 5965
2456 4098
1101 7639
3823 6004
1395 7407
822 6827
1319 7353
1538 8093
1769 8009
1583 8078
3521 5216
1249 7488
92 6654
2997 4625
2596 4992
2739 4887
2070 4528
2170 4573
1684 7996
3301 5453
1709 7941
1015 6751
241 6488
990 6772
1278 7508
3777 5994
17 6589
1887 7920
2020 7765
3944 5850
1174 7458
1366 7395
2115 4603
1327 7317
3401 5365
3289 5476
3209 5428
950 6665
3122 5619
2562 5056
1045 7639
2575 5068
1362 7318
63 6651
3068 4666
3054 4646
346 6291
3102 5591
3594 6083
1016 6705
2808 4915
782 6853
3993 5716
3963 5803
1251 7472
4095 5675
2688 4950
2898 4744
69 6559
2654 4995
4000 5758
1205 7531
3555 5123
2514 4146
1085 7644
2731 4937
257 6373
298 6350
479 6200
2639 5032
1386 7309
4026 5725
3999 5752
3421 5301
2376 4256
3873 5832
873 6787
1156 7534
2878 4818
2949 4713
2763 4901
3217 5503
3169 5518
3736 6007
674 6989
1274 7435
654 7036
575 7116
3430 5269
693 6977
1025 7670
1983 7752
516 7164
1987 7738
597 7087
3025 4651
1660 8071
3263 5443
250 6406
3899 5831
2311 4346
1446 7257
3986 5522
2730 4264
1674 7305
2312 4878
2834 4373
3889 5434
2232 4787
2080 4652
3063 4600
2635 4187
380 7020
160 6832
301 6972
1557 7170
3376 5929
3071 4579
2952 4500
3056 4562
2494 5018
3937 5444
151 6834
749 6344
422 7055
3515 6032
3778 5353
1078 7704
3356 5932
3023 4601
2080 4632
375 6991
1444 8093
4047 5621
520 6196
1822 7459
2081 4638
273 6993
640 6337
2082 4704
1630 7194
2681 4156
769 6468
3143 5634
3286 5776
3140 5635
2265 4752
3914 5382
3292 5777
2440 5081
3676 5134
1870 7452
143 6873
1958 7664
3273 5790
2345 4990
1354 7953
1758 7298
1999 7570
1305 8004
1942 7624
1941 7627
883 6444
523 6251
1856 7457
1943 7669
3307 5769
4031 5596
1066 7758
1199 7880
4077 5514
3280 5815
1114 7728
387 7145
517 6254
779 6503
2000 7613
2269 4784
2167 4632
2359 4952
326 6953
1931 7652
1327 8031
2443 5113
2023 7572
1114 7727
2538 5021
1797 7538
1889 7451
1887 7460
2133 4649
2722 4319
3383 5962
1776 7310
236 6803
562 6221
1030 7815
170 6702
1628 7385
178 6708
798 6548
1339 8113
3893 5561
3898 5558
2173 4845
2637 4317
1654 7399
4078 5503
701 6190
73 6874
3499 5951
1600 7382
2207 4617
3958 5615
634 6371
263 7067
3853 5520
2881 4577
1557 7349
1927 7461
481 6979
3552 5955
2031 7496
2957 4389
2455 4924
2041 7509
2335 5043
2844 4531
125 6860
613 6356
1346 8179
1048 7851
1039 7868
3914 5631
2258 4714
1052 7846
2856 4499
1831 7579
2035 7500
1152 7746
997 6438
55 6896
1275 7740
318 7158
1168 7770
804 6639
1490 7966
471 6938
2916 4523
199 6664
2100 4837
3924 5510
2952 4443
3997 5449
3344 6085
3701 5280
2770 4103
872 6591
3776 5145
3956 5544
1477 7962
1374 8065
3547 5947
689 6227
4021 5463
1750 7220
2642 4278
2536 4876
2216 4672
82 6842
2724 4173
2994 4444
1686 7289
847 6560
3552 5905
147 6753
1811 7649
3057 4357
834 6583
1816 7661
2181 4733
2668 4244
2677 4238
2230 4680
1868 7245
3605 5398
1037 7945
880 6263
2860 4132
3922 5210
1870 7239
2275 5097
3224 6034
1869 7239
436 6840
1939 7327
3270 6090
3076 5896
776 6148
2698 4485
812 6179
2940 4204
2257 5059
1802 7192
1921 7314
2365 4654
2289 5092
2532 4849
760 6625
3192 5985
2972 4230
2252 5073
1880 7238
101 6980
3123 5906
2985 4232
2047 7388
3704 5467
847 6252
306 6678
2609 4375
13 6948
2543 4804
1525 7902
1118 8048
1748 7675
4014 5249
1858 7282
271 6718
600 6505
3110 5908
3675 5480
2040 7372
3438 5722
3194 5967
518 6461
750 6613
3869 5153
2503 4857
1449 7913
88 6939
3327 6075
3529 5772
3360 5733
605 6427
1629 7450
553 6497
3750 5615
1017 6322
2090 4966
3649 5388
1115 7957
863 6158
3526 5780
3014 4243
3720 5599
1222 8095
160 7162
3966 5154
1972 7400
3493 5880
1294 7763
532 6473
39 7032
3331 5731
2152 4877
1802 7277
731 6579
2078 4982
2319 4711
950 6367
1075 8025
3688 5382
1423 7905
2478 4801
2610 4417
2671 4379
2653 4392
2419 4613
4046 5304
3269 6066
2557 4746
547 6491
173 7125
1879 7215
36 7006
3494 5851
3001 4292
988 6305
1948 7394
3974 5369
260 6788
946 6194
2629 4549
3927 5335
3126 6071
1838 7338
3972 5123
1475 7748
1138 8181
2298 4979
2518 4698
2340 4777
1504 7789
2427 4854
115 7165
1367 7878
2550 4711
3259 5929
3969 5141
1431 7681
3108 6067
241 7017
1925 7197
996 6264
2592 4481
3877 5254
359 6852
1430 7730
975 6249
1891 7375
1687 7482
247 7001
3483 5685
3376 5760
3039 4206
2729 4380
2408 4829
2742 4366
1318 7839
2871 4238
2730 4371
983 6253
3993 5155
893 6342
740 6488
948 6152
1634 7645
2192 4946
2614 4597
1341 7929
841 6287
1815 7391
547 6634
2222 4967
203 6912
3142 6026
340 6808
2736 4478
3725 5442
3852 5343
3088 6089
2104 5089
10 7120
852 6287
3320 5925
3315 5933
2105 5095
875 6325
415 6721
1390 7857
3821 5389
2348 4812
455 6694
1653 7572
2739 4433
3682 5505
1427 7792
636 6552
2256 4916
1940 7281
3277 5928
3125 6099
606 6585
3440 5783
2308 4844
1689 7537
505 6672
2522 4659
1829 7375
1739 7456
562 6617
3034 4145
1112 8118
592 6591
3997 5234
3878 5333
1419 7800
98 7062
1833 7389
1588 7616
3162 6063
702 6475
1047 8161
3277 5946
1686 7521
3511 5711
975 6199
2262 4910
33 7128
3864 5347
3715 5500
356 7525
186 7355
1441 6563
2664 5740
2528 5604
144 7316
646 7810
2139 5214
1017 8188
2727 5792
3661 4682
3044 6115
1214 6326
3026 6106
1928 7044
3938 4973
1592 6696
3542 4548
1712 6820
3295 4299
857 8012
2400 5493
1385 6526
1879 6991
1087 6182
1775 6901
1992 7122
2946 6041
1103 6227
1382 6523
879 8050
3774 4768
139 7316
2840 5945
3092 4150
4013 5006
3364 4352
1765 6850
161 7305
3303 4302
1381 6479
208 7419
1847 6940
1063 6156
3813 4808
1389 6492
3468 4541
2745 5768
1997 7164
3162 4200
1581 6687
360 7516
2498 5622
2504 5629
2323 5412
3659 4723
960 8186
3329 4412
3105 4127
3541 4503
1565 6751
3089 4178
705 7812
3032 6045
2859 5997
2205 5339
3856 4951
649 7886
1768 6816
3940 4909
2327 5469
2109 5239
3213 4290
3082 4187
2223 5374
1050 6216
1329 6498
2929 5924
507 7597
990 8071
3995 5057
1726 6884
3118 4211
2847 5953
794 8005
186 7397
3963 4900
3287 4279
1714 6867
2358 5463
1522 6544
3246 4301
2764 5800
765 7833
2618 5726
3897 4957
2144 5127
2760 5794
1830 6984
2084 5194
3343 4449
2599 5705
4007 5064
513 7792
3780 4790
2009 7083
3231 4330
1875 6950
2342 5456
3404 4411
4057 5025
2399 5414
1548 6774
752 7821
2811 5766
1056 6304
1164 6156
2893 6092
2845 6047
3282 4177
1959 6948
1153 6150
3964 5109
292 7597
913 7963
3307 4198
2542 5475
3724 4611
3458 4365
3018 5957
2462 5390
2640 5824
1410 6418
1313 6579
3398 4563
1349 6608
45 7348
620 7920
44 7345
3413 4555
3080 4264
2406 5574
1310 6588
1520 6484
630 7889
2773 5746
2352 5529
3077 4266
1658 6869
122 7381
969 8057
3793 4705
96 7378
900 7991
2634 5887
1954 6932
2282 5200
1074 6281
1955 6943
2544 5453
333 7666
2175 5311
1260 6188
2106 5371
3157 4244
3827 4656
3810 4647
2063 5321
4018 4987
2135 5277
2389 5534
3098 4305
2604 5856
2091 5350
494 7459
2386 5532
1300 6619
1847 7140
1614 6810
972 7960
2966 5955
3220 4161
2912 6070
2348 5620
2296 5153
2156 5301
428 7538
3404 4524
2831 6126
4076 4878
1561 6909
3803 4670
604 7867
1330 6618
2707 5752
644 7784
2552 5396
649 7783
85 7354
3849 5094
1971 6978
172 7256
2311 5618
407 7521
2451 5483
2017 6936
376 7553
1960 6994
3056 5899
2047 6915
175 7598
91 7513
1606 6981
2497 5319
1850 6704
2382 5189
3765 5054
403 7327
56 7479
2769 6110
628 8036
2418 5218
451 7379
146 7555
402 7303
1839 6711
1405 6244
2582 5903
3134 4387
21 7479
1373 6267
3027 5876
3844 4653
1677 7079
1475 6383
2364 5138
3260 4492
3918 4735
2518 5348
3275 4601
1582 6940
2306 5169
345 7276
3864 4653
2076 5412
1144 6465
1900 6737
1767 7128
495 7343
450 7298
2005 6804
981 7824
637 7995
2678 5937
1251 6570
1807 6725
3488 4334
2513 5278
2285 5538
1880 6664
2097 5472
1798 6743
3698 4896
3861 4679
2363 5231
1073 6503
285 7236
308 7277
2234 5603
571 8037
2821 5723
2042 6821
2597 5956
631 7957
142 7658
1874 6712
1702 7117
1488 6332
2264 5556
2590 5998
2131 5409
150 7649
2895 5688
1315 6235
2028 6807
1804 6768
1605 6968
924 7709
1595 7098
2725 5927
993 7781
443 7229
2376 5326
832 7879
1602 7109
2200 5393
515 8072
2899 5855
3806 4947
877 7904
8 7558
3120 4542
660 7942
3681 5107
2804 5984
3085 4505
3661 5080
3991 4610
357 7410
1721 6958
2631 6111
1149 6629
3451 4321
1036 6551
461 7249
3255 4393
1976 6695
3178 4597
261 7322
2914 5826
2174 5598
1778 6999
1094 6624
2205 5429
3128 4501
2554 5207
1032 6566
2253 5475
2512 5246
1093 6634
579 8179
1266 6465
2774 5987
2165 5568
963 7797
270 7352
1720 6913
1474 6265
3072 4541
1225 6516
2360 5255
2783 5919
1658 7099
1350 6279
4019 4727
1860 6784
226 7463
1243 6429
598 8081
1226 6401
905 7746
1214 6517
1762 6958
787 7903
3319 4410
2456 5192
2661 6069
2088 5625
1323 6393
725 7943
2595 6135
54 7660
1184 6523
3727 4947
3485 4160
2786 5890
2074 5626
1834 6859
2946 5728
2920 5770
3117 4558
392 7276
3104 4551
2426 5277
900 7788
1539 7147
1502 6196
323 7336
2210 5454
1687 7035
918 7802
183 7515
1023 7693
583 8116
1448 6236
1175 6497
2798 5913
875 7836
3904 4793
1678 7028
30 7653
809 7893
959 7744
2694 6009
2222 5806
2306 5891
2180 5765
152 7834
2606 5162
3726 4235
3734 4241
3569 5110
713 7361
2936 5488
3347 4891
2132 5725
3799 4318
1590 6204
3047 5612
2434 6028
3808 4334
1077 6714
2209 5806
3824 4320
2128 5696
1301 6916
2209 5808
3113 4667
2655 5196
4076 4602
3705 4193
2749 5285
3429 4988
2852 5439
3195 4704
3408 4939
2190 5778
1692 6272
2561 5150
3499 4995
1027 6699
485 8140
300 7942
2900 5502
584 7268
1163 6822
3635 4125
2722 5266
1596 6157
3892 4358
2814 5324
3591 4148
3486 5034
2923 5471
1980 6537
478 8168
3525 5107
732 7396
2130 5738
19 7722
2647 5229
1898 6486
3670 4202
1404 6977
3520 5119
3953 4430
840 7433
3045 5543
691 7409
1901 6443
1534 7096
2044 6587
2287 5798
103 7725
3780 4239
1963 6630
1256 6840
909 7645
2329 5960
446 8172
647 7380
146 7878
2583 5185
2632 5138
869 7487
1282 7005
721 7344
1161 6890
1783 6291
2481 6101
976 7605
907 7660
3759 4296
787 7544
2818 5486
2411 5895
2919 5384
791 7527
3694 4127
2068 5734
2336 5974
2894 5432
792 7520
3829 4236
1809 6506
1472 7100
1414 7162
3538 5039
2682 5124
662 7401
2699 5131
3465 4873
1800 6538
1158 6660
2120 5834
1804 6543
2817 5508
2285 5738
1968 6456
3202 4618
3762 4158
3294 4688
2508 5980
1071 6845
286 8076
358 8190
2688 5144
1307 7041
1654 6380
1396 7151
781 7574
3590 4251
3458 4892
3921 4559
2007 6472
2905 5625
512 7328
595 7409
3420 5112
2261 5757
3998 4405
1152 6701
2925 5597
2890 5626
1974 6407
123 7881
3990 4384
2436 5938
3234 4628
2765 5242
2986 5395
803 7580
1143 6837
1685 6225
2367 6138
2778 5148
467 7956
2374 6017
2458 5981
1195 6755
2511 5894
68 7822
980 7454
3756 4199
70 7816
2275 5676
659 7260
2040 6441
2391 6022
2988 5501
3652 4246
3947 4536
3402 5022
3622 4338
442 8047
3046 5427
3771 4206
3915 4499
846 7575
1380 7102
2726 5244
2440 5971
1644 6320
3146 4756
4072 4407
3953 4497
3131 4826
2528 5890
348 8126
3489 4933
2116 5793
499 7956
2887 5536
3090 4853
2077 5882
3284 4668
928 7501
4045 4386
2037 6426
400 8032
148 7776
724 7200
1908 6540
491 7955
1589 6348
1964 6487
2115 5823
351 8099
1166 6771
1449 6825
3193 4986
508 7931
1493 6866
2417 5750
3942 4207
3008 5322
177 8122
556 7456
434 7871
423 7849
217 8150
3126 4921
1190 7092
2961 5251
389 7830
185 8109
780 7193
457 7900
2420 5730
2279 6128
3737 4494
1128 7026
1450 6833
1485 6870
339 7752
548 7487
805 7230
3051 5366
1142 7016
3816 4552
4077 4303
1265 7127
998 7360
2441 5807
726 7665
1677 6565
1590 6431
1280 6698
1845 6174
2184 6051
3743 4529
1871 6241
3210 5029
237 8130
1 7984
3018 5368
2039 6341
1292 6712
1871 6265
207 8184
1192 7058
3070 5317
122 8001
3765 4489
968 7413
1599 6401
594 7533
2812 5571
1703 6630
780 7247
3575 4786
3498 4844
3149 4874
4079 4263
1596 6518
1436 6871
3697 4410
1124 6952
2665 5413
1771 6567
2636 5379
876 7203
2642 5378
3091 4931
377 7723
2647 5381
1549 6495
2789 5559
2421 5665
2950 5331
3146 4895
2089 6012
1849 6240
3909 4124
1098 6928
3775 4580
3721 4565
1753 6532
2743 5608
3628 4429
3797 4532
1244 7101
3081 4971
1819 6271
3847 4195
3391 4696
2186 6115
378 7696
1460 6879
1598 6485
1777 6558
2227 6108
1091 6963
588 7485
2449 5859
337 7715
1107 6944
1966 6362
3720 4605
1273 7054
3246 5078
881 7177
3490 4827
2665 5392
1617 6440
368 7691
254 8066
3607 4458
2806 5512
1907 6157
3484 4835
1289 6792
3756 4398
3959 4341
2868 5302
3160 5083
2600 5537
1004 7269
557 7591
630 7677
908 7168
3030 5209
201 8027
164 7991
1409 6674
3868 4233
3560 4733
2700 5401
66 8148
1137 7149
1270 7018
2193 5900
3228 4865
1501 6723
1192 6966
1511 6777
1218 7011
3855 4268
4094 4186
2091 6029
3785 4463
104 8142
3948 4298
2714 5437
2235 5916
2543 5700
799 7345
2407 5833
929 7182
1306 6837
1910 6361
2191 5920
1513 6747
3723 4409
2567 5555
372 7873
3793 4457
3394 4856
3902 4226
2785 5468
3672 4583
837 7301
1453 6764
814 7407
333 7823
2865 5366
3245 4965
3658 4483
2432 5705
4055 4125
1675 6464
1821 6358
1567 6612
2541 5665
1165 6976
3311 4896
537 7638
201 7961
3421 4749
3530 4633
1774 6458
156 8009
363 7859
853 7310
3530 4630
2615 5610
3685 4536
3012 5146
832 7326
2776 5383
543 7677
59 8152
1075 7120
2186 5993
3471 4714
397 7782
1335 6874
1529 6679
3304 4871
3719 4456
1553 6626
99 8086
792 7406
1552 6631
3247 4951
29 8165
1894 6303
2218 5968
3329 4861
3062 5130
726 7466
1096 7094
2150 6041
1457 9649
1549 9739
434 8629
169 8352
1099 9281
287 8466
343 8538
1344 9550
1788 9960
858 9039
387 8597
971 9173
1465 9626
1728 9958
3 8228
1852 10000
338 8550
52 8194
788 9004
808 8977
1536 9787
540 8736
593 8812
622 8784
1223 9348
464 8598
1111 9247
219 8337
786 9054
933 9193
419 8686
401 8651
163 8446
1355 9516
1616 9783
1157 9453
309 8543
1125 9230
211 8382
966 9143
931 9169
759 8834
925 9189
742 8860
1151 9219
56 8261
1208 9278
1159 9216
382 8694
397 8449
1181 9233
569 8886
1716 9761
599 8897
396 8474
651 8733
1205 9260
546 8888
1458 9513
947 9006
1199 9264
1342 9627
157 8250
751 8773
273 8637
1334 9627
188 8211
1517 9565
1087 9357
992 9044
492 8532
1514 9559
366 8657
1566 9889
336 8687
422 8545
198 8204
133 8270
346 8584
528 8900
1776 9765
628 8878
761 8741
1543 9946
1326 9713
916 9079
1638 9857
769 9193
306 8671
1229 9279
1642 9881
908 9078
21 8430
737 8730
165 8612
949 8884
260 8198
590 9033
1838 9762
205 8641
671 9099
706 9178
673 9144
558 9012
316 8230
789 8719
771 8729
355 8313
682 9140
1464 9372
399 8362
1234 9722
338 8312
1510 9416
178 8579
551 8982
204 8699
1103 9591
1932 9930
426 8416
2033 9917
839 8712
1155 9695
27 8518
1386 9224
374 8208
350 8245
1881 9781
2029 9859
659 9212
1213 9677
1004 8860
1299 9313
1499 9391
580 9016
1014 8842
370 8207
1018 8839
764 9090
1275 9605
1924 9734
673 8994
989 8795
1044 9629
1957 9775
1983 9778
1361 9411
1965 9791
1182 9479
222 8516
1119 9669
1525 9320
996 8772
1255 9543
1379 9414
384 8232
1059 9609
1068 9601
910 8766
477 8301
1894 9942
719 9084
463 8315
1274 9548
172 8465
1109 9707
369 8398
909 8783
866 8870
356 8353
1241 9500
418 8307
1757 9999
1247 9484
153 8522
576 9109
1411 9310
400 8269
1302 9459
53 8656
1 8681
1993 9764
1264 9503
1988 9779
1973 9800
1086 9664
578 9149
1922 9600
873 8554
1843 9526
100 8822
379 9065
2030 9722
1995 9683
1950 9604
944 8618
1102 9832
1866 9596
334 9078
1150 9796
393 9138
180 8840
1848 9477
415 9121
504 9147
1358 9997
120 8752
657 8410
564 8314
1204 9956
289 9072
932 8693
1848 9578
325 8982
1917 9509
1795 9563
1964 9717
1666 9432
835 8472
588 8215
716 8364
171 8911
846 8490
1130 9742
1022 8603
1384 9987
6 8811
1043 9853
1160 9976
843 8511
353 8985
1692 9446
974 8629
386 9209
1002 8596
1061 9894
515 8329
1410 9992
130 8722
1567 9354
449 9049
2017 9592
1084 9888
1132 9970
1154 9760
1668 9251
553 8325
995 8524
1146 9932
691 8196
720 8298
1963 9492
119 8885
1076 9969
625 8376
1662 9390
209 8708
692 8302
824 8674
1066 9973
258 9187
919 8564
2 8934
568 8403
1768 9219
1810 9727
95 8877
1711 9308
1925 9584
539 8423
610 8349
251 9215
1944 9360
2011 9427
1979 9392
1507 9967
1302 9752
885 8314
550 8499
1469 9899
1987 9428
763 8672
1739 9684
1772 9673
1480 9967
447 8855
1733 9705
458 8932
606 8555
274 8748
504 8882
731 8593
58 9073
1931 9434
2010 9352
1733 9622
1433 9921
678 8703
1844 9326
2034 9384
633 8482
129 9180
561 8556
962 8359
1334 9808
676 8642
79 9000
1815 9343
585 8483
227 9101
2008 9398
432 8899
2036 9344
104 8988
1933 9464
395 8957
520 8560
785 8297
842 8247
1495 9898
1445 9761
999 8290
1888 9452
762 8567
609 8684
1984 9295
599 8647
41 9144
388 8725
985 8266
1828 9392
1603 9687
958 8232
1904 9448
82 9161
1427 9778
1849 9360
152 9010
586 8679
1750 9595
889 8392
1951 9260
502 8782
1609 9712
1743 9587
746 8534
447 8705
891 8370
1222 9996
781 8391
4 9166
89 9110
180 9057
1751 9474
527 8665
1698 9588
854 8333
672 8575
236 8972
202 9001
436 8786
727 8496
1249 9995
1474 9773
956 8271
536 8684
1540 9726
1136 8308
90 9311
1340 8505
1591 8754
1857 9030
1162 8322
667 9872
1953 9133
1451 8613
1412 8587
317 9517
591 9822
635 9836
469 9676
277 9525
1336 8475
709 9953
1336 8479
1240 8433
92 9329
192 9455
233 9430
662 9897
109 9256
1051 8285
619 9763
366 9504
94 9232
469 9607
1155 8401
728 9868
314 9583
1661 8744
582 9756
174 9461
1702 8954
574 9826
531 9805
182 9431
1265 8338
1239 8368
495 9608
169 9408
288 9547
1562 8814
433 9670
27 9314
1850 9024
181 9423
1853 9025
1285 8569
1212 8387
1461 8503
28 9369
479 9561
1648 8950
2025 9070
2003 9051
1538 8842
1611 8898
733 9809
763 9847
391 9482
1240 8265
1966 9016
1516 8525
534 9909
1180 8248
305 9621
1690 8765
1947 9011
249 9299
205 9312
1244 8307
609 9936
1775 8796
1949 9003
176 9223
1288 8639
1035 8369
1751 8813
174 9235
1120 8362
1753 8723
45 9468
717 9752
1589 8931
303 9720
1058 8442
1036 8406
1121 8380
176 9297
614 9861
458 9518
1791 8731
1574 8896
1544 8943
1732 8751
1184 8268
1624 8886
1014 9991
383 9613
343 9647
155 9314
148 9325
433 9544
102 9375
1471 8517
456 9524
623 9872
1809 9198
98 9568
466 9425
3 9477
171 9644
821 9790
316 9271
1868 8775
1921 8846
414 9361
282 9227
1593 9002
1893 8819
1952 8889
887 9837
329 9300
1670 9113
154 9659
1448 8334
1542 9006
1770 9154
820 9732
272 9257
1568 8985
1099 8562
1293 8241
1676 9138
1080 8571
2007 8852
430 9450
1122 8486
1791 9145
917 9945
2012 8840
1479 8339
1179 8652
1365 8206
922 9977
1900 8708
1194 8646
1827 8789
1465 8384
945 9933
476 9308
234 9576
1144 8702
1390 8420
1541 9103
1890 8942
809 9892
1134 8672
1735 9032
1628 9171
1909 8933
473 9288
1430 8197
132 9495
1438 8202
1769 9087
1331 8357
1131 8691
147 9483
149 9484
1201 8493
1356 8427
1555 9146
1006 9799
1491 8312
1418 8230
1996 8801
265 9383
1142 8646
11 9657
1433 8237
365 9435
1186 8468
344 9368
816 9969
1077 8695
394 9282
1633 9128
1211 8559
1710 9077
1794 8921
1857 8861
1846 8938
511 9248
105 9654
1003 9780
1316 8389
1056 8644
1697 9030
1573 9154
137 9569
1757 9007
1890 8848
993 9750
471 9259
897 9852
1420 8305
1190 8868
83 9815
1667 8328
967 9675
1070 8736
1553 8223
1519 9208
1194 8880
63 9759
1393 9042
938 9612
1057 8710
1938 8634
1399 9053
1631 8306
1273 8904
1441 9104
1916 8527
113 9797
695 9346
1956 8601
1513 9129
729 9373
938 9702
1688 8404
831 9586
904 9689
935 9718
1309 9026
240 9873
1604 8229
1679 8428
1635 8209
698 9417
173 9937
1688 8422
1949 8479
74 9926
1081 8875
225 9842
93 9929
1343 9127
1009 9577
940 9524
127 9958
864 9724
1663 8416
1389 9165
1245 8829
74 9963
1840 8597
115 9941
225 9804
1429 9018
1463 8966
1172 8741
1391 9181
1619 8422
1610 8447
43 9885
939 9500
229 9765
960 9472
1317 9191
1083 8958
1119 8858
1417 9039
1961 8558
193 9737
984 9494
859 9608
1655 8364
1532 8992
1828 8697
1738 8234
124 9887
523 9452
524 9447
1678 8291
1055 8941
1521 8962
754 9223
607 9385
1585 8393
871 9628
640 9339
158 9824
1145 9084
1021 9464
984 9438
1164 9118
804 9270
1953 8373
2031 8438
1542 8476
1577 8501
1683 8590
2035 8429
1288 8727
1100 9043
1415 8877
1837 8193
831 9234
335 9825
1606 8552
1737 8678
1176 9129
1321 8728
1609 8568
710 9719
2029 8408
1660 8517
1018 9409
1062 8987
1463 8947
1700 8673
1646 8491
1826 8293
686 9699
80 9996
855 9227
2027 8374
917 9418
533 9589
1113 9009
401 9976
880 9243
1062 9035
1034 9080
1600 8499
1176 9186
1841 8369
733 9564
704 9538
1911 8437
474 9822
291 9895
1806 8326
1884 8405
289 9903
720 9566
1188 9008
941 9275
1558 8591
641 9499
1790 8546
419 9788
1783 8530
983 9330
1575 8578
1362 8948
778 9389
1472 8816
470 9831
1588 8576
497 9796
1784 8526
1306 8876
1657 8625
753 9528
864 9385
1120 9132
1211 9071
710 9488
693 9570
1823 8390
680 9587
1049 9157
1008 9232
1798 8423
1333 8918
341 9904
1820 8441
1656 8606
443 9811
1278 8983
256 9961
1856 8361
1097 9125
905 9317
563 9693
1436 8810
642 9588
1876 8355
595 9636
1585 8649
1116 9124
1863 8379
483 9758
297 9940
279 9962
1946 8295
1132 9107
3297 9447
2162 8319
2269 8403
2203 8330
2413 8574
3148 9305
3559 9714
3117 9272
2632 8798
2963 9092
2472 8628
3657 9812
2322 8463
3518 9632
2658 8770
3828 9943
2144 8263
3624 9735
3767 9861
3713 9908
3802 9964
2380 8571
2482 8585
3043 9183
2160 8240
3101 9305
2308 8514
3651 9736
2805 8889
2729 8934
2872 9079
2499 8592
2187 8412
2864 9066
2962 9160
2450 8689
3271 9376
2218 8386
2095 8263
2254 8352
2963 9213
3772 9939
3571 9603
3369 9560
2174 8205
3105 9304
2835 9064
3066 9094
2101 8368
3383 9639
2161 8426
3363 9662
2680 8920
3276 9324
2387 8690
4005 9984
2371 8683
2613 8862
3452 9680
3564 9539
3665 9953
3640 9862
2650 8856
2335 8668
3589 9923
2292 8242
2077 8405
3736 9813
2249 8199
3522 9490
3422 9614
2603 8953
2608 8933
3465 9553
3455 9638
3143 9374
2890 9111
2475 8565
3180 9356
3418 9663
3605 9980
3732 9850
2648 8887
2409 8600
2331 8674
2243 8255
3477 9366
2965 8848
2580 8989
3523 9418
2470 8365
2975 8851
4088 9975
2365 8235
2438 8351
3121 9514
2839 8714
2778 9156
2443 8354
3276 9703
2294 8667
2212 8585
2670 9025
3263 9616
3500 9369
3336 9288
2202 8664
2520 8337
2240 8588
3566 9378
3850 9817
3047 8883
2594 9076
2672 8999
3040 8890
3841 9819
2341 8319
2184 8660
3448 9254
2532 8325
2792 9097
3955 9750
3455 9241
2239 8663
2556 8341
3332 9320
2721 9164
3506 9437
3410 9277
3696 9985
3546 9384
2458 8425
3193 9487
2921 8734
3517 9415
3299 9625
3406 9269
4027 9927
3450 9222
3107 9633
3887 9900
2199 8468
2146 8677
4033 9798
2975 8727
4016 9786
3579 9326
2732 9015
3242 9521
3116 9648
2334 8323
2297 8551
2853 8837
2661 9159
2369 8421
3473 9273
2181 8492
2327 8379
3096 9652
2573 9146
2336 8344
3844 9914
2171 8633
2241 8450
3016 8716
4019 9845
2620 9210
3880 9955
2460 8272
2584 9160
3433 9400
3463 9301
3223 9539
2146 8635
3849 9939
2062 8661
2172 8609
2508 8210
3249 9565
3261 9552
2935 8858
4024 9814
3461 9333
3096 9706
2585 9197
2488 8256
2876 8901
3972 9854
3008 8763
2742 8372
3642 9266
2048 8722
3708 9327
2135 8771
2369 9048
3266 9944
2947 8600
3209 9876
2867 8464
2721 8331
3987 9656
3269 9973
3215 9918
2964 8614
2427 9037
2822 8510
3308 9901
2403 8996
2941 8497
3814 9387
2607 8289
2527 9100
3584 9301
2271 8841
2220 8948
2072 8771
3025 8589
3686 9222
4012 9668
3120 9792
2463 9199
3603 9319
2950 8689
4051 9643
4041 9648
2805 8335
3262 9925
3257 9927
3172 9754
3859 9621
2487 9022
3907 9674
3643 9394
4056 9556
3815 9323
3303 9833
2461 8967
3819 9329
3700 9455
2652 8446
3498 9998
2232 8732
4060 9585
3641 9364
3931 9716
3038 8555
4087 9536
4091 9548
2693 8253
2833 8619
3052 8528
2763 8310
2881 8577
2624 8324
3082 9935
2487 9087
3194 9908
2701 8259
2822 8649
3835 9259
4015 9597
2164 8871
2938 8617
3229 9801
2555 8993
3858 9678
2588 8385
2103 8937
2054 8935
2242 8743
2581 8432
3699 9365
2696 8288
2933 8607
3186 9886
2852 8651
2214 8788
4090 9480
2129 8867
2126 8893
2293 8705
2155 8862
2192 8807
2467 9055
3796 9258
2706 8594
2571 8456
3706 9598
2464 8871
2310 8718
2580 8478
3472 9883
4093 9458
3746 9645
2065 8963
3840 9235
4008 9405
2621 8486
2803 8686
3655 9581
2385 8826
3443 9816
3487 9907
2155 9031
3054 8412
2530 8912
2603 8478
2108 8960
3333 9797
2447 8910
3371 9834
2290 9147
2672 8508
2653 8466
2544 8895
2372 8715
2454 8903
3431 9781
3058 8356
2619 8557
2068 9027
3580 9884
3674 9529
2419 8720
2395 8747
2460 8940
3924 9254
2883 8241
3985 9442
2368 8756
2584 8556
3740 9706
3981 9460
3854 9332
2933 8200
2592 8541
3566 9839
3757 9519
2185 8971
4061 9303
3629 9638
3893 9402
3851 9348
2523 8778
4006 9267
2071 9102
2277 9082
2165 9194
3723 9492
2476 8717
3540 9841
3426 9924
2429 8923
2625 8681
3788 9574
2199 9021
3943 9416
2578 8611
2426 8898
3862 9389
2314 8881
2717 8482
3501 9836
2122 9097
2096 9204
2970 8287
2567 8641
2141 9108
3874 9451
2659 8627
2780 8452
4048 9225
2757 8476
3619 9721
2401 8891
2733 8561
2679 8618
2515 8717
2197 9034
2065 9202
3555 9739
2075 9206
3571 9731
3908 9397
2689 8563
3928 9388
3524 9789
2807 8457
2717 9880
3977 9102
2506 9666
2245 9420
3270 8399
2298 9457
2149 9321
2687 9843
2423 9594
2233 9399
3636 8740
3833 8936
3902 9004
2133 9287
3600 8707
2159 9331
2176 9383
3724 8868
3754 8838
3365 8459
3992 9131
2563 9776
3483 8623
2251 9470
2083 9237
2617 9733
3109 8217
2474 9705
3527 8577
3217 8409
3897 9073
3522 8584
2356 9599
3079 8267
4080 9151
3572 8614
2737 9961
2662 9789
4086 9130
2646 9738
2719 9921
3650 8739
2169 9244
2424 9490
3786 8865
3367 8523
3717 8939
2182 9449
3544 8616
2697 9980
3825 8844
3716 8955
2362 9658
3396 8640
3984 8986
3870 9104
3288 8264
3112 8378
2628 9943
2060 9366
3256 8228
3111 8327
2437 9505
3578 8540
3181 8384
3212 8226
3297 8270
3235 8216
2627 9858
3903 9213
3296 8227
3980 9032
3930 9105
3020 9986
2413 9660
3838 8740
3612 8903
3212 8300
4068 8965
2501 9511
3735 8820
2059 9443
4050 9023
3774 8784
3288 8247
2154 9371
2566 9975
2686 9868
2166 9346
3710 8843
3496 8542
3701 8844
2338 9688
2658 9886
2466 9378
3562 8427
2342 9253
3002 9905
3959 8826
3585 8974
2093 9533
2911 9803
3048 9981
3017 9951
2382 9302
4002 8888
2403 9336
3784 9174
3601 8975
3015 9957
2111 9496
3633 8984
3135 8469
4091 8916
3717 9143
2831 9788
2958 9914
3074 8502
3473 8356
3445 8268
3491 8346
3226 8615
3237 8677
3862 8791
4021 8959
3216 8667
2157 9510
3938 8750
2319 9309
2242 9617
3846 8787
2161 9508
2943 9766
3333 8280
3358 8257
2866 9809
2119 9506
2469 9422
3564 8323
2942 9738
2833 9828
3834 9095
2886 9787
3804 9121
2931 9741
3469 8435
2057 9609
3867 8859
2823 9860
3610 9118
3792 9045
3537 8286
2430 9454
3207 8473
3133 8611
2854 9913
2121 9704
4017 8720
3602 9139
2862 9863
3482 8243
3495 8205
3164 8688
2106 9623
3816 9029
3501 8194
2375 9463
3366 8342
3536 8299
2201 9506
3577 8261
3747 9059
2433 9289
2913 9896
2296 9522
4028 8823
2405 9386
2931 9890
2085 9724
2919 9915
3983 8815
3703 9111
3662 9133
3202 8550
3795 9019
2832 9982
2071 9701
3393 8371
3114 8659
3359 8419
3481 8292
3800 8411
4000 8621
3179 8806
2623 9265
3403 9028
3053 9725
3033 9674
3932 8520
3676 8262
2645 9289
2779 9412
3778 8419
4059 8703
3097 8766
3156 8824
2826 9508
2081 9749
2049 9782
3279 8951
3771 8321
3883 8471
3656 8310
3078 8761
4009 8682
3093 8785
3182 8747
2055 9793
3470 9158
2997 9720
3847 8522
3484 9170
3617 8304
3922 8448
2758 9374
4035 8601
3577 9125
3926 8458
3986 8655
2815 9377
2797 9358
2600 9293
2948 9697
3901 8536
2150 9749
4056 8620
2788 9361
3513 9167
3200 8954
3367 9052
3766 8394
3395 9022
2880 9534
3480 8986
3312 8828
3673 8407
3188 8932
2455 9991
3876 8630
3448 9195
3125 8865
3543 9026
3214 8728
3502 9013
3950 8693
3888 8621
3602 8370
3968 8485
3807 8313
2991 9475
3681 8396
3896 8587
3402 9201
3003 9476
3165 8930
3040 9504
3134 8959
2112 9859
3260 8831
3534 8973
2902 9618
2110 9978
3666 8340
2153 9902
2157 9892
4068 8494
2648 9362
3393 9099
2173 9907
2971 9546
3019 9497
2102 9955
3435 9148
2217 9842
2586 9467
2066 9968
3825 8219
3587 8431
3625 8409
2751 9295
3584 8436
4013 8529
2300 9728
2626 9406
2381 9807
3281 9173
3414 8796
2895 9280
2506 9951
3439 8825
2663 9594
3468 8850
3152 9038
3124 8980
3028 9462
3722 8616
3403 8812
3814 8648
3621 8470
2351 9755
3326 9162
2715 9647
2866 9220
3962 8269
3268 9214
2871 9228
3095 9046
2329 9819
2330 9821
3712 8648
3906 8203
3389 8820
2891 9217
3718 8650
3669 8474
3352 8776
2752 9618
2655 9485
3189 8981
3620 8518
2472 9931
3335 8803
2897 9271
3035 9404
2496 9898
3807 8624
2349 9794
2674 9478
3809 8603
2168 9987
3240 9172
3926 8234
2772 9642
2843 9370
2453 9751
2551 9845
2937 9467
2623 9659
2339 9894
3861 8339
3132 9139
2748 9516
3852 8348
2537 9849
2445 9748
4030 8226
3691 8692
3267 9057
2383 9965
3640 8604
2332 9912
3437 8904
4094 8278
3868 8375
2704 9532
3989 8248
3102 9132
2775 9571
2457 9772
2968 9262
2945 9270
3308 9044
3679 8678
4038 8317
3433 8919
3648 8702
3957 8373
4073 8239
2495 9849
3742 8530
3901 8425
3391 8936
3399 8861
3076 9183
3221 9033
3749 8515
3065 9236
2885 9386
3155 9123
2750 9540
3714 8574
4814 8905
5174 9265
5902 9990
4123 8208
4688 8769
4214 8293
5655 9729
5774 9876
4930 9049
4134 8249
4874 9002
5803 9864
5839 9959
4394 8451
4610 8745
5205 9338
4138 8219
4943 9085
5864 9950
5587 9710
5085 9184
4519 8676
5291 9448
5779 9936
4179 8215
4155 8318
4181 8222
5416 9572
5253 9429
4437 8455
4180 8204
5111 9135
4411 8551
4161 8220
5355 9397
5186 9250
5555 9691
4867 9071
5857 9877
5248 9461
5044 9165
4868 9086
4190 8414
5267 9236
4863 8819
4464 8701
5583 9536
5191 9430
5439 9643
4971 9214
5367 9313
4710 8956
5346 9342
5810 9773
4524 8460
4983 9171
5222 9420
5692 9869
4781 8732
4617 8892
5657 9903
4826 8802
4771 8731
4564 8553
5590 9491
5017 9054
4840 8737
5724 9878
5261 9283
5124 9437
4224 8285
5647 9938
4582 8507
5802 9847
4479 8608
4988 9113
4408 8661
5023 9074
5097 8967
4169 8377
4748 8829
5610 9503
5076 8995
4215 8330
5638 9979
4570 8485
5179 9531
4914 8753
4547 8388
4667 9020
5039 8867
4625 8965
4678 9050
4242 8591
4881 8756
4423 8303
6050 9867
4227 8617
4353 8236
6109 9964
5044 8832
4871 8753
5354 9682
4946 8808
5462 9324
5688 9990
6141 9911
4879 8772
5240 9525
5552 9471
5289 9725
4534 8418
4681 8993
5030 8908
4276 8671
6104 9897
4191 8493
5084 8879
4972 8730
4676 9011
5262 9719
4526 8404
4369 8299
5499 9469
4506 8202
4851 9056
4898 8890
5294 9527
4383 8380
6060 9735
5256 9529
4441 8431
4108 8635
4502 8225
5114 8770
4713 9174
4835 8995
5431 9460
5575 9216
4747 9036
5098 8749
4213 8633
4803 8975
4965 8873
4194 8627
5264 9537
5386 9436
5320 9513
5421 9417
4374 8433
5098 8704
4649 9179
5478 9364
5912 9966
4766 9062
5539 9307
5276 9574
6087 9671
4193 8804
4933 8515
4902 8481
4341 8946
4438 9048
4595 9186
4163 8790
4213 8802
4639 8195
5941 9512
4326 8952
5977 9597
5246 9816
5193 9838
5726 9337
5878 9436
4756 8382
4333 8902
4849 8415
5773 9407
4975 8541
5244 9807
5744 9285
5857 9433
5652 9263
4885 8490
4464 9009
4252 8926
4174 8709
6052 9711
5925 9589
4911 8573
4684 8212
5037 8655
6019 9703
4315 8894
5162 9805
4120 8823
4099 8827
5639 9351
4100 8837
4820 8260
4972 8696
4269 8763
5128 9875
5710 9424
5225 9974
5207 9928
5282 9730
5181 9884
4228 8742
5801 9217
4612 8366
4668 8338
4241 8743
4475 9164
4578 9055
4403 9200
6058 9580
5864 9253
5648 9438
4644 8432
4313 8718
4548 8984
5360 9775
5213 9919
5778 9334
4889 8688
4957 8630
5631 9999
5774 9341
5813 9292
5236 9866
5275 9828
5523 9875
5579 9928
5001 8320
5915 9239
4692 8538
5700 9556
5485 9854
5054 8361
4900 8252
5086 8391
4418 8799
5553 9900
5033 8375
5400 9734
5390 9744
4836 8698
4478 8798
4707 8519
5450 9839
4184 9072
4152 8978
4712 8514
4743 8619
5745 9564
5711 9598
6018 9396
5613 9947
4857 8643
6095 9355
5018 8402
5622 9919
4311 9115
4313 9108
5395 9795
5452 9757
4663 8548
4306 9094
4104 9042
4491 8913
5715 9486
5020 8387
4592 8850
4665 8540
6082 9380
4719 8455
5669 9549
4728 8465
5493 9759
4460 8711
4294 9130
4554 8870
4379 8811
4763 8682
4216 8971
4326 9109
5812 9664
4575 8875
4755 8683
5696 9532
6043 9445
5855 9567
5948 9401
4550 8782
4862 8567
4504 8713
5455 9948
4231 8978
4348 9065
5509 9747
4420 8915
4997 8216
5656 9656
4484 8737
4221 9172
6030 9249
5576 9850
4274 8961
6069 9229
5482 9938
4150 9101
5698 9602
4406 8949
4773 8545
4635 8669
4578 8746
5511 9806
5094 8236
4725 8638
5735 9641
5312 9998
5081 8201
4985 8360
4869 8400
5832 9502
5474 9917
5594 9786
5080 8250
5002 8290
4658 8669
4955 8363
5461 9895
4472 8843
6138 9218
5754 9603
5115 8192
4418 8894
5515 9846
5919 8991
5640 8713
4748 9870
5542 8610
4584 9710
5706 8780
5876 8947
4765 9879
4210 9315
6077 9127
4182 9290
4240 9358
5401 8505
5674 8715
5574 8687
5522 8632
5224 8262
4453 9552
5127 8242
4455 9554
5573 8690
5589 8685
5228 8237
4188 9245
4673 9728
4459 9517
5140 8274
5695 8822
4736 9932
4674 9740
5313 8335
4154 9333
4815 9887
4847 9918
4219 9262
5961 8990
5419 8572
4487 9694
4361 9555
5819 8928
5480 8450
4239 9440
4391 9558
4793 9933
5234 8196
5189 8252
4426 9526
5670 8794
5707 8757
4435 9682
4727 9974
5653 8852
4221 9471
6039 8979
4262 9251
4772 9783
4568 9538
5795 8761
4355 9631
5845 8824
4819 9853
6074 8970
4537 9480
5270 8231
4662 9856
4448 9688
5125 8383
5530 8480
6044 8999
4862 9794
5195 8439
5996 9169
5761 8764
4432 9709
4486 9528
4569 9497
4843 9771
4834 9763
4474 9662
5922 9190
5650 8922
5541 8557
6137 9015
4501 9549
5889 9179
4099 9441
5553 8533
4642 9924
5306 8279
5137 8418
5661 8937
5286 8272
4376 9711
4731 9856
4234 9610
5533 8345
4153 9523
5451 8282
5071 9947
4440 9293
5290 8639
4523 9404
5084 9925
6098 8908
5376 8227
4303 9708
5618 8406
5708 9061
4168 9569
5445 8297
5882 9162
6084 8950
5815 9093
5206 8549
5062 9970
4596 9408
4107 9520
4306 9619
5336 8604
5108 9906
5083 9885
5464 8209
6059 8929
5911 8793
5887 9135
4133 9591
5264 8645
5419 8318
4284 9685
4918 9823
5651 9080
4872 9827
4308 9658
6129 8834
5163 8528
5549 8233
5751 9200
5059 9801
4959 9940
4167 9685
4378 9349
5422 8333
4263 9474
5585 8317
5601 8271
5800 8989
4117 9635
5268 8483
4354 9401
5581 8305
5212 8673
5950 8835
4353 9409
4556 9229
5469 8350
4155 9727
4985 9906
5669 9206
5403 8397
5989 8893
4583 9274
5793 9086
5014 9844
5886 8980
5225 8581
4137 9689
4872 9981
5611 8221
5714 9124
5118 9737
4143 9684
4249 9573
6047 8803
4136 9687
5949 8509
5088 9696
5219 8807
5649 8221
5979 8532
5188 8789
4678 9300
5067 9695
5702 8275
5728 8311
4119 9740
5944 8487
5835 8426
6000 8533
4726 9297
4663 9247
5704 8289
5309 8854
4280 9866
5442 9077
4623 9268
5235 8776
5174 8821
4921 9596
4247 9949
4760 9429
5930 8549
5404 9036
5329 8835
5697 8210
5863 8377
5118 9630
4318 9916
5318 8869
4165 9766
4181 9777
5074 9653
4168 9764
4112 9855
5397 9082
4098 9848
5385 9076
4644 9381
5299 8754
5458 9178
5151 8853
4899 9641
4183 9945
5350 8816
4184 9920
4144 9899
5684 8360
4270 9776
5237 8939
4753 9264
4258 9732
5481 9166
5012 9533
4349 9814
5046 9498
6123 8519
4284 9747
5886 8266
5447 9209
5299 8817
5508 9027
4802 9226
5881 8244
4167 9877
5241 8859
5561 9053
5992 8588
4281 9820
5602 8964
4636 9462
4577 9994
5418 9180
4300 9782
5995 8599
5177 8900
4798 9283
5747 8562
4710 9573
5844 8658
5079 9425
5838 8642
4357 9744
4471 9838
4903 9278
5359 9153
5943 8199
4355 9777
4920 9228
5827 8698
4914 9224
5741 8529
5703 8570
5788 8610
5168 9074
5816 8699
4160 9989
5865 8622
5755 8500
5310 9196
6094 8344
4687 9495
5281 9211
5079 9353
5939 8277
5104 9367
4875 9312
5989 8201
4943 9248
5075 9377
6122 8350
4447 9770
4922 9292
4604 9867
5042 9419
6046 8421
5136 9067
4699 9510
6013 8195
5333 9131
4402 9804
4641 9637
5762 8454
5596 8790
5226 9189
4509 9741
5500 8941
4743 9494
5281 9012
5783 8463
5459 8906
6142 8292
4510 9733
4769 9534
5709 8685
5053 9245
5976 8443
5867 8524
5249 9000
5733 8654
6065 8222
4728 9673
4757 9511
6009 8394
4956 9444
4613 9660
4839 9562
5348 8998
5767 8534
4695 9602
4588 9780
4746 9553
4380 9923
4870 9444
5458 8881
5588 8752
4412 9944
5504 8805
4804 9519
5948 8397
4397 9948
5947 8393
5530 8813
4587 9745
4761 9575
5115 9221
6876 8924
7136 9185
7478 9521
6353 8411
6766 8800
7037 9070
6149 8214
7404 9457
7068 9150
7846 9860
7104 9187
6710 8723
6833 8856
6509 8513
6404 8489
7080 9112
6461 8462
6812 8872
7066 9134
6336 8438
6379 8413
6538 8628
7545 9542
6673 8786
6542 8653
6239 8220
7491 9479
7371 9357
7701 9810
7299 9419
7286 9279
6333 8435
7360 9359
7297 9435
7209 9332
6175 8258
6862 8849
6734 8749
7060 9190
6402 8566
6717 8777
7130 9134
7212 9307
6280 8436
7371 9398
7911 9881
7646 9633
6749 8738
6946 9122
7328 9249
6767 8940
6452 8626
7737 9904
6144 8334
6732 8924
7771 9935
7248 9414
6972 9126
6290 8206
7315 9231
6596 8539
7599 9487
6971 9110
7807 9937
7465 9628
7389 9317
6795 8755
7700 9902
6707 8846
7590 9496
7743 9979
7765 9857
7284 9379
6633 8498
6996 9096
7625 9514
7346 9302
7791 9865
7411 9241
7831 9826
6969 9167
7196 9446
6768 8845
7012 9115
6818 8797
8048 9841
6170 8473
6701 9003
7093 8882
7668 9459
7607 9403
6434 8243
7585 9396
7114 8925
6352 8650
7506 9337
6189 8477
6656 9008
7968 9746
8021 9827
7398 9681
7427 9274
7283 9546
7190 9515
6961 8719
6341 8576
6729 8974
7612 9458
6889 9136
7065 8896
6962 8815
7359 9698
7184 9551
7123 8880
7295 9498
7999 9818
7166 8857
6397 8602
7554 9450
6226 8507
6926 8804
7981 9793
8027 9771
6644 8324
6306 8662
6823 9170
6270 8452
6345 8520
7341 9518
6421 8342
7073 8738
7467 9390
7987 9915
6667 9090
7446 9350
8112 9762
7234 9680
7500 9434
7251 9675
7994 9891
6910 9063
7029 8943
7355 9509
6865 9038
6434 8381
6739 9201
6314 8462
7990 9874
7630 9322
7130 8831
8139 9837
7326 9522
6478 8444
6689 9106
6627 8282
8135 9848
7551 9407
7993 9977
6821 9060
8120 9851
7268 9632
6421 8413
7230 9718
6395 8497
7602 9343
7163 8757
7209 9702
7280 9637
6181 8691
6323 8558
7287 9620
7030 8853
7184 9715
7377 9530
8132 9768
7631 9250
7493 9387
6520 8328
7331 9555
7921 9989
6302 8552
7255 9645
6880 8988
7648 9246
8158 9694
6303 8863
7225 9784
7074 8612
6183 8750
7755 9306
6364 8910
7876 9426
6340 8915
6342 8926
6775 8279
7999 9502
6243 8768
7031 8531
7340 9864
7702 9276
6419 8997
6387 8909
7146 8660
7335 9954
8004 9475
7887 9350
6376 8866
7169 9802
7358 9971
7729 9342
8012 9501
6842 8424
6459 9058
7283 9769
7191 9803
6573 9203
7529 9993
7742 9310
7223 9812
7851 9411
7533 9986
7767 9263
7021 8469
7717 9311
7387 9888
7105 8636
6603 9142
6324 8906
6656 8322
8167 9582
6818 8238
7767 9433
7218 9891
6409 9114
6783 8428
6917 8593
6884 8306
6501 9212
6365 8775
8020 9672
6400 9116
7815 9243
7019 8694
7702 9355
7692 9363
6640 9041
6311 8709
8080 9523
6778 8415
6676 8371
7111 8559
8082 9535
7207 9865
6368 8788
7695 9399
6885 8280
7852 9325
6660 8389
6758 8359
7301 9799
7925 9277
7312 9817
6513 9149
6762 8378
6534 9043
7924 9261
6522 9120
7221 9962
6435 9158
6776 8351
8105 9537
6666 8417
8038 9611
6199 8901
7100 8527
7227 9934
8023 9634
7759 9400
7757 9402
8148 9507
8111 9557
7837 9319
6245 8863
6788 8580
6761 8553
7659 9963
6569 8878
6708 8508
8119 9406
7438 9731
6273 9100
6698 8484
6228 9051
8087 9359
6386 9194
6412 8726
6483 8830
8037 9291
6813 8626
6405 8746
6302 9137
8020 9315
7481 9742
7742 9478
6469 8825
6443 8810
7674 9912
6723 8453
6952 8302
6809 8670
6405 8781
8108 9445
7980 9318
7689 9543
6394 9141
6480 8735
6639 8892
6510 8762
6159 9047
6273 9177
7694 9557
7951 9327
8191 9375
6232 9017
7431 9829
7586 9926
8063 9242
7914 9612
6160 9081
6248 8962
7880 9636
6450 8797
7786 9499
8090 9449
8155 9388
7847 9690
7882 9652
6469 8762
6987 8395
7968 9381
7777 9704
6789 8460
7951 9349
6301 8972
7087 8254
6163 9088
6478 8923
6812 8451
8121 9246
6680 8625
7060 8253
8088 9268
6315 8964
7501 9954
6924 8383
7784 9692
7610 9730
7050 8245
7543 9910
7840 9570
8160 9252
6643 8758
6312 9056
7442 9946
6347 8961
6947 8429
6611 8733
6216 9114
6889 8506
7562 9820
7703 9677
6210 9119
7758 9646
7761 9653
6213 9120
7031 8345
6601 8760
7969 9424
7844 9559
7979 9439
8146 9255
7075 8276
7072 8287
7547 8569
7577 8602
7739 8764
6147 9226
6915 9993
8067 9096
6793 9862
7546 8546
7466 8498
7954 8968
7621 8665
7447 8457
6337 9440
7694 8744
6742 9840
8083 9140
6366 9463
7596 8582
8083 9150
8185 9175
6154 9252
8028 9069
6393 9421
6604 9723
6191 9233
8099 9191
6644 9661
8104 9188
6452 9592
8016 8990
6549 9691
6492 9491
6259 9276
6357 9370
6354 9347
6458 9576
7540 8481
6704 9829
7557 8656
6992 9992
6562 9721
7528 8502
6653 9634
7365 8346
6801 9968
6355 9393
6661 9831
6209 9256
7866 8913
7958 9083
6863 9889
7219 8284
7983 9024
6412 9571
6668 9852
7845 8917
7510 8487
7271 8212
6709 9798
6802 9959
7826 8938
7664 8586
7856 8907
6449 9649
7220 8372
6622 9567
8054 9204
6602 9550
6480 9686
6667 9863
7455 8590
7347 8225
7636 8512
6816 9785
6794 9745
6399 9316
6354 9294
6757 9978
7210 8347
7434 8636
6780 9931
7904 8792
6905 9795
6329 9220
6495 9629
6507 9640
8003 9095
7416 8246
7944 9176
6531 9561
7667 8488
8063 9122
8100 9083
6319 9294
7854 8780
7340 8264
6514 9626
6657 9965
7964 9203
7599 8512
7182 8442
7663 8471
7173 8445
6387 9231
7640 8408
8033 8800
7750 9028
7741 9019
7356 8631
7222 8509
8019 8792
7148 9952
7444 8218
7242 8537
7425 8214
7273 8564
6363 9668
7518 8316
7894 9205
7531 8259
7777 9035
7976 8710
6442 9242
7794 9034
6504 9296
7418 8640
6920 9779
8044 8791
7510 8213
8126 8957
7736 9075
8166 8874
7751 8969
6544 9413
7117 9883
8162 8891
7860 9198
6743 9995
7080 9972
6392 9617
6925 9824
7733 9031
8042 8734
8055 8707
7168 8565
7418 8579
7223 8525
7939 8830
7438 8304
7793 9202
6285 9481
6791 9984
7832 8976
7927 9085
7413 8548
7564 8223
6392 9581
6257 9707
6249 9717
7473 8347
6929 9893
7769 9196
6546 9255
7048 9791
6240 9690
8025 8930
6979 9982
7537 8399
7850 9069
7093 9855
7408 8510
6616 9238
7224 8695
8175 8765
7023 9909
8131 8729
7292 8615
6403 9432
6490 9345
7894 8970
7508 8329
6309 9595
7786 9098
6417 9456
6464 9380
8124 8793
8111 8774
7290 8599
7704 9192
7726 9181
6607 9275
6931 9957
8051 8836
7424 8445
7855 8366
7473 9018
7907 8424
6967 9531
6942 9488
7333 8874
7414 8935
8141 8668
6864 9410
7089 9639
8170 8701
7174 8721
6426 9985
6862 9454
7385 8955
8115 8592
7964 8511
7526 9029
7606 9106
7818 8365
7008 9544
6767 9286
7595 9089
7804 8275
7967 8491
6725 9338
7861 8439
6954 9577
7647 9112
6670 9287
7259 8724
6186 9843
7108 9624
7524 9017
6197 9813
8109 8653
7822 8420
7056 9723
6858 9382
6662 9323
7719 8276
7901 8363
6907 9356
7925 8332
6165 9833
7872 8257
8155 8543
7897 8286
7965 8595
7503 9152
6881 9328
7790 8440
6674 9353
7013 9665
6960 9622
6902 9304
7877 8311
6146 9911
8076 8500
6271 9920
6901 9269
7648 8992
7632 8977
7921 8244
8147 8470
7768 8349
8091 8531
6252 9893
7589 9064
6343 9736
7226 8942
7565 9045
7753 8336
7676 8994
7176 8919
7321 8774
6390 9758
7188 8958
7944 8675
7432 9188
6980 9642
7745 8367
7039 9614
6155 9983
6823 9298
7059 9578
7481 9152
6868 9257
6299 9830
7690 8458
7217 9010
8007 8260
6793 9610
8011 8283
7421 9197
7707 8456
7992 8238
6864 9671
6172 9988
6770 9583
7247 9040
6414 9770
7738 8477
7402 9155
7918 8644
7979 8197
7039 9296
8167 8392
7971 8211
7513 8809
7611 8847
7628 8945
7000 9318
6610 9874
6432 9835
7260 8979
7716 8560
7499 8735
7684 8536
7542 8745
7363 9123
7461 8769
6927 9322
6765 9483
7679 8849
7791 8475
6707 9540
7403 9105
6835 9679
7015 9240
6785 9473
7319 8981
7911 8547
6826 9507
6661 9615
7769 8658
6424 9878
6592 9808
8125 8239
6747 9679
7934 8554
6773 9699
8087 8207
6641 9834
7493 8920
6456 9882
7548 8921
7891 8547
7710 8623
7863 8453
6702 9624
6922 9395
6411 9905
6679 9640
7992 8440
6868 9493
7636 8725
7125 9239
8181 8246
7813 8513
7499 8845
8006 8321
7671 8767
6703 9700
7594 8806
7241 9119
6606 9753
7059 9291
6807 9547
7926 8489
7351 9046
7474 8917
7522 8841
8070 8301
7917 8449
7863 8537
7845 8523
7712 8659
7272 9116
7163 9230
7725 8666
7814 8561
6716 9670
7842 8542
7884 8496
7507 8879
7634 8748
7588 8795
7049 9334
6615 9768
