10000 10000
1636 1637
4052 4053
8220 8221
4521 4523
3186 3191
6736 6743
7958 7967
1047 1053
8613 8623
6116 6127
707 718
2807 2809
5186 5197
6082 6098
8772 8789
5581 5596
6432 6451
1101 1118
7681 7700
386 405
9167 9175
1312 1336
9929 9939
9705 9715
8389 8415
8737 8763
4417 4442
1984 2011
9029 9049
425 436
6372 6393
6539 6549
8333 8339
8582 8600
7429 7461
5848 5881
8916 8949
979 1010
6162 6192
1280 1316
205 232
7823 7850
2760 2797
211 244
8850 8890
1180 1205
6607 6630
665 690
2631 2667
5450 5478
2826 2852
1616 1663
7128 7159
7255 7288
3984 4001
6787 6832
6794 6847
3609 3617
9691 9699
1233 1256
7896 7905
2573 2612
276 297
7631 7666
3460 3513
4062 4064
6341 6394
30 33
6400 6464
6826 6890
176 241
5 68
1841 1907
5049 5114
6450 6518
57 125
3084 3145
5136 5208
667 723
8490 8547
5290 5347
5915 5970
6174 6228
6195 6265
5128 5208
9905 9952
8632 8681
2847 2894
1828 1910
4006 4085
7049 7130
8066 8150
2076 2122
6958 7033
8757 8812
8343 8397
6795 6864
2353 2410
5794 5886
899 991
9637 9723
4230 4312
314 357
4411 4452
2437 2522
166 249
800 834
9352 9451
7191 7284
3631 3660
7352 7391
2197 2303
4764 4854
6799 6883
3127 3163
9015 9050
1682 1791
7698 7805
5507 5612
4236 4349
9008 9027
6282 6398
9225 9341
8988 9066
2360 2369
6914 7032
3073 3195
1554 1646
3200 3324
9547 9675
6777 6905
2894 3022
615 741
3147 3273
7793 7922
1894 2019
7536 7671
2093 2218
8060 8180
26 144
4937 5058
2341 2478
3418 3542
9761 9902
7966 8078
2362 2475
9763 9906
1543 1685
7762 7878
6490 6604
5378 5525
9072 9196
4961 5117
5151 5249
57 153
3359 3519
5239 5334
3105 3200
3392 3554
7194 7353
5436 5528
4393 4492
90 255
71 225
6982 7136
6250 6349
6190 6278
3083 3234
3923 4089
9829 9931
4878 5024
5380 5546
3863 4024
9789 9871
9756 9903
5143 5284
81 229
866 983
9478 9649
6941 7082
6926 7094
5721 5856
7696 7850
9248 9371
2841 2981
6 184
6197 6283
6171 6308
6517 6581
1141 1204
2352 2545
7024 7090
8290 8360
4388 4590
7459 7656
2916 2996
1043 1216
4944 4995
1390 1466
6955 7167
6457 6637
6769 6821
3843 4054
7447 7631
119 175
3849 4049
5977 6017
280 449
6204 6373
281 448
5417 5616
8301 8375
334 404
8037 8127
4608 4826
2624 2715
2115 2200
571 736
4652 4855
2579 2760
9558 9611
638 672
6263 6294
6508 6542
2153 2186
12 239
5409 5570
2316 2543
279 498
7945 8175
9813 9907
4696 4784
6703 6852
2376 2468
5720 5812
9077 9112
8823 8858
8519 8618
4894 5107
3597 3810
1539 1772
1105 1214
8541 8626
5431 5571
6004 6019
4715 4755
9326 9364
3078 3325
3161 3234
4697 4772
3119 3282
4957 5027
2641 2735
2919 2968
3654 3769
3162 3237
8295 8549
4663 4917
7422 7674
2653 2904
9274 9533
1124 1379
7322 7570
2714 2963
9415 9677
5700 5960
23 282
2064 2333
1134 1376
8854 9113
1219 1484
7214 7457
3271 3528
2614 2854
5842 6086
8711 8979
3790 4059
5211 5452
5344 5624
8419 8699
2148 2430
7358 7589
4655 4916
3120 3372
3125 3371
6363 6597
662 904
4632 4870
4153 4391
3244 3469
5717 6007
3797 4087
1666 1958
9374 9659
9295 9577
2664 2880
597 892
8215 8510
2671 2885
87 379
6213 6504
2651 2933
3108 3339
1617 1889
7729 7937
1547 1849
3134 3338
7234 7543
7921 8134
4124 4389
4144 4465
8243 8561
7836 8158
3257 3579
7810 8134
1189 1505
6780 6968
3784 3981
2125 2315
3205 3523
2097 2423
7383 7568
6293 6610
532 860
4727 4927
4757 5087
8282 8465
9231 9538
2229 2552
4341 4536
4734 4912
712 903
8306 8483
6863 7069
2195 2496
541 840
6849 7060
690 997
9412 9619
8739 9076
1193 1523
8784 8970
8832 9178
9236 9551
4231 4572
2250 2449
1249 1469
647 987
3268 3481
7897 8071
7297 7647
4231 4568
1641 1801
6670 7022
725 948
1107 1329
3283 3504
6718 7002
9363 9719
6874 7100
7254 7473
3624 3919
3778 4005
7189 7548
2247 2478
3213 3552
5665 5964
1756 1970
5867 6041
6274 6640
8305 8450
1268 1408
4651 4956
3233 3547
2747 3008
8325 8702
4748 5104
561 845
7909 8089
9352 9717
9854 9987
580 825
6821 6948
7282 7664
1767 1891
4667 5055
9450 9583
669 795
197 323
4717 5099
4683 5068
5698 6090
3161 3537
5331 5464
178 318
78 450
2264 2390
2566 2952
7879 8008
7773 8146
5691 6057
5316 5462
7326 7437
8810 9215
1557 1920
1211 1326
198 337
5884 5995
1193 1342
8360 8511
7356 7460
8312 8672
5368 5475
4319 4420
3819 3952
4316 4423
6765 7152
4807 4953
6853 7013
1111 1525
2686 3036
6359 6516
1161 1322
8243 8599
4806 4963
7344 7446
2666 3021
7783 8128
4285 4373
522 930
7406 7494
1648 2008
7685 8108
6670 7074
3323 3414
663 826
6878 7027
5303 5401
4726 5081
6199 6552
27 427
4146 4482
4752 4896
2781 2927
9410 9585
4715 5080
8446 8522
7742 8072
6262 6592
1562 1954
7915 8017
9322 9686
5770 5943
5286 5403
1786 1860
1706 1813
6152 6601
3790 3855
4138 4587
8777 9096
3076 3526
680 875
4631 5072
7361 7433
8273 8601
3803 3851
7275 7611
3754 3963
2053 2516
6188 6650
7790 8121
4292 4381
6705 7146
6715 7143
1258 1335
7776 8126
743 825
5131 5588
8203 8660
1030 1497
7799 8087
2182 2405
4315 4408
3776 3876
156 377
1071 1481
2692 2914
2570 3040
7901 7991
6216 6563
6727 7083
7242 7591
7378 7487
8906 8996
9223 9705
4166 4521
749 770
8825 9110
3657 4006
2592 3024
3674 4008
6810 7017
4644 5074
177 327
588 954
4699 5036
4754 4970
5710 6070
3273 3377
9291 9650
2809 2819
2203 2401
6674 7144
1076 1486
8801 9114
2731 2903
6839 6986
5244 5506
1744 1839
9453 9490
7373 7474
7324 7523
8433 8945
3181 3688
7282 7796
8356 8878
3317 3839
9481 9986
4166 4682
4376 4884
4160 4685
3421 3922
9366 9862
6371 6898
6304 6833
2548 3046
8392 8927
1269 1762
2377 2897
5345 5880
7386 7875
2180 2719
8361 8885
446 931
8227 8766
5362 5842
7355 7834
3524 4070
2253 2799
5412 5889
8492 8970
1175 1712
6397 6874
4575 5111
7552 8106
1324 1793
6207 6674
3131 3594
8689 9152
77 636
4142 4636
360 859
3243 3736
6509 7001
5504 6068
246 706
8676 9169
5442 6005
4586 5074
2294 2764
201 754
2275 2783
1342 1795
7240 7798
5154 5730
2114 2562
7535 7981
5521 6099
3287 3733
1317 1895
1349 1799
1035 1608
2209 2786
330 777
126 570
362 815
5487 5927
1303 1887
1313 1897
6235 6679
1488 1948
5480 5926
75 538
6151 6742
1046 1605
3513 4074
1434 1998
7379 7815
6483 6917
9277 9835
310 879
2383 2837
1060 1662
3301 3775
5321 5778
4400 4972
2417 2863
4429 4883
7591 8185
1397 1813
6330 6872
7263 7739
8328 8941
4361 4975
2214 2753
3567 3975
7516 7990
8375 8924
3372 3911
4172 4647
5307 5840
5568 6060
4598 5019
7465 8007
8251 8788
2270 2734
7210 7770
7561 8185
7663 8094
421 980
5227 5658
4581 5015
7195 7784
4424 4924
7507 7974
7415 7810
5386 6015
7430 8062
466 939
1066 1616
8515 9017
5328 5804
1142 1546
8558 8978
289 861
3287 3753
8217 8807
8659 9041
5352 5738
2460 2847
9258 9902
9324 9960
193 582
5452 6085
8457 9091
396 774
9263 9891
6162 6815
17 668
3111 3753
7364 7755
1402 2026
2107 2730
5559 5925
6155 6809
228 626
3578 3949
7510 8129
8620 9013
8263 8924
5315 5727
9351 9754
5524 5897
6507 7157
7660 8051
1137 1774
48 656
1268 1620
2407 3013
4206 4813
304 916
6253 6857
5139 5814
2279 2625
3238 3599
4376 5041
103 716
3458 3881
4486 4909
5465 6130
5193 5861
2558 2898
2484 2843
4159 4751
1331 1922
5490 6083
1119 1771
2131 2789
7332 7698
6436 7071
2307 3007
8594 9007
4398 5011
3484 3875
7178 7883
1532 1853
7278 7853
157 606
7368 7692
6274 6726
6449 7156
5629 5941
51 762
302 996
4466 5049
444 887
9278 9973
3427 4015
1259 1574
1243 1556
5128 5831
3075 3788
8688 8992
7598 8061
1281 2002
441 877
8468 9154
1229 1555
3207 3687
1372 1976
7262 7866
277 1009
4535 4946
6495 7096
2091 2755
9334 9887
9229 9959
4207 4741
5172 5854
344 946
128 619
2098 2782
9320 9860
9219 9965
1070 1728
5437 6092
3289 3627
8263 8884
5622 5890
5314 5690
2246 2620
5297 5707
5418 6103
7369 7732
7354 7748
1027 1788
9385 9814
1399 1653
6195 6961
2311 2565
5505 5762
7409 8178
6618 6867
8690 8955
4495 4740
9712 9983
6232 6985
6212 6999
8559 8827
7240 8029
294 574
229 1020
7201 7992
6425 6659
1190 1980
6636 6902
6537 6803
341 591
9555 9801
6230 6989
364 624
4538 4775
8227 9022
2101 2859
6348 7123
6224 7025
4344 5082
6441 6666
2331 2622
4235 5038
1437 1720
6320 7062
3568 3798
7277 8010
1361 1657
7500 7780
4517 4749
2304 2601
5549 5767
6245 6990
7347 8088
4460 4679
8571 8791
3365 3595
3353 3639
2497 2799
3509 3719
2058 2878
7608 7821
3193 3907
3320 4035
474 737
1297 1581
6310 7066
6385 7117
1168 1964
4559 4851
4288 5118
3376 3598
6471 6776
1048 1880
5533 5853
2261 2964
3475 3794
395 714
3554 3750
2519 2706
5369 6079
2069 2899
1038 1864
1188 2018
4349 5050
1460 1779
4527 4838
4553 4739
4467 4665
1489 1690
6654 6837
146 985
1063 1900
2404 2602
5425 5729
8549 8756
6355 7040
9493 9795
5480 5680
3359 3654
8475 8770
2163 2857
3578 3744
2239 3044
3444 3631
295 633
9543 9753
188 988
7636 7860
5144 6009
6273 7142
3360 3656
4496 4857
2313 2659
4145 4957
8355 9165
2406 2568
4334 5023
104 794
8647 8884
5378 5745
439 708
9343 9995
6248 6942
2421 2563
8450 8820
8540 8746
348 551
8231 9052
7471 7764
7418 8069
7410 8077
1085 1980
42 936
1082 1977
8655 8780
8265 9164
5463 5841
6555 6684
3217 3865
6239 7126
4434 4802
7328 7984
4108 5016
8314 9199
7197 8072
7181 8091
2337 2745
5153 6072
5276 5895
1343 1699
4157 5025
5387 5783
5154 6079
1286 1688
426 564
2269 2942
1215 1820
3230 3898
6221 7144
2205 2875
6253 7115
1081 1937
8538 8947
5157 6031
5444 5864
6589 6673
7369 8036
407 570
2207 2865
4512 4623
5506 5677
5629 5714
1096 2023
4597 4677
318 654
4403 4738
150 805
3329 3762
28 936
3577 3661
7436 7864
1341 1668
9385 10000
8359 8988
1428 1576
431 623
5317 5892
8474 8923
4351 4925
6587 6777
7425 7874
8285 9118
5544 5741
2372 2690
5218 6052
4582 4640
2167 2992
9679 9734
7295 8115
9489 9951
8315 9141
3321 3895
5555 5756
1127 1975
3142 3991
1147 1962
2121 2970
5438 5866
5191 6035
4322 4917
3133 4064
1025 2017
7678 7709
2089 3018
7 994
9548 9897
6241 7044
3468 3685
8 993
6426 6896
390 621
4596 4632
5433 5845
8555 8838
24 1015
8580 8821
2463 2669
6529 6771
4572 4655
2351 2779
7625 7743
5124 6131
3323 3842
3266 3899
6422 6893
9598 9858
5214 6051
4601 4615
1019 2043
2368 3392
4707 5731
6915 7938
4491 5512
5106 6132
8238 9252
6460 7479
2306 3343
8422 9448
6795 7812
8562 9570
4754 5763
4594 5600
8258 9296
2545 3555
8412 9423
6414 7453
4483 5527
7046 8083
4562 5572
308 1314
910 1945
8615 9663
919 1935
4519 5562
4272 5264
2203 3257
8773 9825
6683 7743
4192 5189
2237 3227
305 1302
6617 7678
6836 7827
3010 4075
6863 7909
759 1757
9000 9986
8756 9759
8680 9667
4445 5488
8361 9348
6726 7787
6433 7439
4556 5603
2632 3687
311 1286
5038 6044
2741 3714
8850 9898
6183 7196
6404 7481
6672 7726
4584 5544
6442 7530
2886 3842
990 1946
4973 5929
559 1642
7025 7991
3057 4025
8938 9891
6193 7291
6173 7249
7139 8110
8932 9909
4910 6012
4617 5722
2872 3950
6651 7596
373 1314
629 1570
2931 3883
2547 3497
6802 7880
2189 3281
8883 9966
6439 7545
4834 5821
4783 5839
2371 3360
4902 5957
2050 3174
4680 5678
583 1583
4491 5603
951 2015
6854 7854
4877 5988
8890 9936
815 1856
6546 7650
8385 9394
4781 5854
2818 3956
8331 9469
1010 1924
2800 3719
409 1505
859 1826
6996 7976
2906 3879
144 1263
692 1739
4539 5435
2251 3147
7141 8036
2496 3394
4721 5875
885 2039
4885 6039
200 1100
4901 6049
2140 3289
2467 3364
671 1559
2819 3978
2848 4009
8737 9896
7100 7989
8700 9584
8838 9736
2572 3714
785 1951
4119 5272
8472 9609
7053 7964
4158 5295
2384 3521
2645 3783
4188 5321
1006 1912
8474 9612
6553 7438
4921 6062
8646 9566
8789 9932
6641 7531
8259 9432
6784 7709
8795 9925
4307 5196
6237 7417
3005 3867
5088 5959
8604 9524
6686 7863
4112 5305
2298 3158
8335 9250
8956 9804
24 1192
4825 5736
5119 5966
4999 5941
4824 5739
8602 9519
2337 3479
958 1800
8194 9396
526 1720
4416 5624
2184 3122
422 1309
1003 1872
8529 9711
137 1079
6500 7643
971 1803
721 1555
8231 9445
4228 5184
5062 5888
2444 3403
8744 9952
6330 7280
203 1024
107 1184
442 1397
555 1764
8208 9408
6256 7328
899 1875
6477 7583
497 1317
6374 7216
2312 3550
2252 3099
5027 6011
2535 3391
248 1056
2345 3571
783 2004
4483 5470
2871 4073
855 1929
2069 3275
6221 7314
8809 9864
4578 5379
6174 7421
4472 5532
83 1207
2723 3653
2716 3707
2660 3724
8454 9708
4747 5729
348 1463
6503 7564
347 1463
4146 5340
8350 9328
8451 9708
4352 5615
770 2033
2171 3208
8911 9784
4662 5825
4565 5420
884 1933
8550 9628
6661 7929
3026 3884
6 1272
4589 5395
4716 5779
8705 9982
2400 3168
4327 5607
6924 7692
2320 3089
2767 4046
6417 7187
4872 5642
6609 7379
9129 9898
275 1044
2698 3981
8637 9396
6913 7688
2427 3184
227 1519
961 1741
7060 7832
4316 5585
810 1572
6403 7181
4255 5520
3035 3787
2795 4090
5020 5774
2273 3570
4234 5534
6491 7247
2477 3256
517 1811
4150 5423
2324 3087
8724 9999
6981 7771
8213 9483
5033 5769
4216 5466
5116 5849
6442 7180
8370 9621
832 1640
4237 5541
8630 9372
6768 8026
3054 3779
6870 8187
7121 7934
6194 7426
6558 7343
2382 3194
4268 5528
2676 3904
6823 8081
2145 3415
2724 3987
6151 7486
8636 9350
4265 5523
6528 7357
4432 5229
6649 7366
8516 9218
2587 3932
8285 9498
8218 9554
2186 3522
4726 5950
9074 9786
9069 9764
4922 5747
4514 5352
6984 7682
8769 9997
7167 7859
9115 9943
550 1899
6688 8045
4372 5210
2286 3489
6754 7987
2413 3132
524 1887
9071 9788
6335 7659
2120 3357
4612 5971
5108 5795
4328 5552
7054 7895
2739 4078
6201 7527
376 1062
7000 7687
8532 9268
2922 3592
2114 3361
6690 8006
9075 9750
2912 3590
4525 5323
8192 9576
637 1808
2438 3307
797 1650
6516 7195
8314 9483
6399 7565
6334 7626
2155 3358
2417 3079
6904 8079
543 1895
2781 4007
2617 3906
2106 3399
351 1057
9017 9799
697 1990
2838 3689
6605 7245
8536 9433
1019 1656
4576 5220
7035 7932
6724 8140
706 1865
2323 3231
2977 3628
813 1698
2978 3634
7113 7769
6396 7533
353 1264
4911 5822
6213 7638
7099 7725
8430 9593
2144 3577
4534 5164
4444 5318
9046 9930
2435 3103
4969 5876
6557 7171
817 1711
2610 3984
6828 7944
8199 9635
4 1441
8691 9307
6290 7482
8303 9669
3045 3663
2971 3632
4325 5448
4117 5563
437 1031
4974 5852
8658 9313
2410 3294
445 1034
2801 3913
8538 9442
8281 9696
6544 7209
6991 7925
8556 9430
8990 9893
2378 3318
8425 9559
6318 7440
2144 3551
4284 5500
6781 8125
5046 5749
4674 6022
493 1065
8281 9628
448 1030
4200 5537
2135 3486
2352 3324
783 1731
2776 3861
333 1181
6300 7500
6622 7182
426 1144
2365 3311
2071 3524
4881 5826
5082 5644
4671 6120
4443 5251
870 1726
2729 3957
2876 3808
699 1893
262 1240
6980 7834
8583 9304
4951 5768
215 1288
8211 9676
285 1277
413 1149
7031 7831
89 1465
2204 3453
4965 5767
4744 5994
2617 4058
5091 5638
6466 7335
5099 5645
6695 8143
463 1062
4476 5270
7012 7822
2812 3857
4555 5158
225 1292
6615 7226
4749 5984
245 1306
4283 5460
4180 5540
2840 3818
8502 9410
2571 4093
2656 3990
2308 3315
8476 9444
8207 9716
953 1604
8811 9323
8196 9733
6409 7946
4701 5209
2983 3490
444 1978
8310 9841
8918 9438
4996 5516
2953 3457
9134 9639
929 1450
2472 4003
9204 9727
5067 5568
6546 8093
546 1074
8247 9766
161 1712
4765 5263
7019 7551
2569 3103
2942 3430
290 1850
6223 7766
4222 5730
4746 5270
6171 7738
263 1829
2418 3926
8721 9270
4099 5675
6791 7343
2424 3922
6723 7272
2306 3886
5083 5623
603 1143
6504 8004
8786 9343
2595 3085
8881 9375
4446 6000
7018 7492
6938 7477
7162 7626
5030 5527
2654 3180
8783 9340
6460 7951
8332 9912
2825 3388
4532 6017
675 1172
8354 9883
9146 9603
4600 6081
6786 7353
922 1446
8907 9463
116 1609
7152 7629
2112 3710
460 2034
710 1272
151 1705
705 1278
8811 9300
4509 6050
4436 5908
4260 5861
8785 9232
553 1130
6153 7756
2540 4011
2890 3330
4934 5390
842 1283
910 1479
2377 3843
4436 5919
647 1227
2931 3390
145 1758
6357 7813
2536 4025
6582 8165
691 1255
354 1844
8388 9874
4486 6097
9094 9681
4704 5178
9174 9612
4650 5233
6458 8033
3039 3458
4706 5183
8774 9243
2051 3677
2922 3381
6940 7551
4264 5836
6757 7168
7015 7424
2228 3795
1003 1411
6234 7734
8369 9948
2580 3193
8790 9275
107 1542
4977 5404
8750 9280
4369 6014
1022 1425
6793 7417
2245 3765
9207 9607
3061 3463
2134 3618
6365 7849
720 1188
8794 9263
4193 5652
7120 7590
9018 9539
6963 7497
8413 9888
375 1802
4714 5143
5067 5557
8411 9819
4215 5878
4165 5830
4327 5732
4175 5834
596 1234
9016 9662
8287 9941
4971 5601
750 1125
6477 8128
101 1770
4606 6001
6434 8109
332 2012
683 1083
6798 7198
853 1476
6704 7329
6956 7614
6878 7243
6824 7230
4328 5745
9191 9598
20 1677
8841 9235
4498 5902
818 1454
2934 3563
6545 7948
4153 5798
4769 5123
4318 5756
469 1905
8994 9605
6634 8013
4386 6027
155 1586
138 1568
2105 3730
6297 7730
932 1295
6550 7995
262 1972
811 1432
9032 9723
828 1416
4645 5264
2091 3742
4375 6048
7055 7480
2784 3160
6605 8054
6992 7660
4422 6138
734 1122
4723 5325
2759 3192
729 1052
6214 7809
2966 3422
2634 3202
2684 3253
4666 5367
6328 7797
102 1704
8896 9231
2483 3939
4831 5131
8405 9729
4250 5711
950 1379
8307 9892
8841 9299
8219 9925
191 1632
2956 3411
4967 5511
2736 3153
4546 5923
8447 9757
6599 7973
6767 7309
586 1192
4986 5529
8804 9351
8380 9812
4232 5731
8857 9335
4324 5643
2111 3791
2151 3734
696 1097
4687 5307
121 1676
7028 7554
2394 4012
4697 5281
8775 9407
6634 7954
4419 6074
7032 7559
4524 5804
8620 9900
7005 7260
4345 6139
8491 9768
5115 5375
8930 9702
865 1124
4492 5770
2562 3332
9101 9354
4664 5439
4163 5963
8741 9517
4442 5715
467 1754
9035 9281
789 1055
2139 3920
2626 3401
2856 3107
6502 7786
4329 6118
9165 9437
654 1436
686 1469
8878 9658
2565 3347
7034 7266
867 1147
8872 9648
1002 1266
9053 9284
8975 9237
7047 7325
8936 9714
8910 9685
2492 3744
2341 3641
4785 5548
4217 5988
2944 3229
6862 7632
9006 9265
4360 5672
9206 9429
234 1993
4557 5865
640 1444
9149 9368
8600 9917
8560 9813
2849 3079
5114 5341
2489 3729
8936 9665
3 1837
9166 9440
8693 9946
2131 3943
4481 5812
2892 3194
2179 4021
7048 7345
6849 7675
6497 7773
6245 8027
4967 5209
2662 3416
6393 8135
238 1966
6307 8162
6972 7294
6854 7556
6532 7873
836 1025
486 1696
8570 9778
3034 3217
6270 7989
640 1483
4734 5426
5018 5334
2915 3118
4422 5640
776 1094
6953 7271
4556 5789
8763 9578
216 1931
4747 5599
97 1844
8783 9498
5012 5314
310 1633
7147 7347
8530 9736
6708 7534
2770 3464
724 1423
8828 9511
2295 4011
141 2000
8725 9544
2192 4045
66 1823
6922 7252
6303 8129
2070 3912
6752 7426
2330 3704
3068 3230
5040 5331
970 1196
2716 3579
8607 9975
5086 5302
4164 5933
8525 9766
194 1961
8628 9944
6978 7212
6311 8136
4638 5486
8973 9341
8982 9319
9002 9304
2188 4094
31 1901
2608 3395
108 1816
8453 9843
3018 3260
960 1208
2300 3972
2388 3630
5055 5316
8641 9916
135 2040
6701 7506
6823 7463
4816 5456
8612 9765
89 2008
935 1061
2408 3819
158 1818
2098 4023
4701 5595
6231 8145
685 1323
913 1049
3033 3155
762 1398
344 1749
6316 7969
550 1449
9062 9449
4924 5292
4835 5494
6666 7583
1009 1127
6792 7455
6680 7567
4590 5753
4531 5675
556 1460
2181 3868
2311 3741
8753 9642
8987 9344
976 1100
2917 3321
6608 7757
114 2003
508 1626
6761 7630
6796 7460
9088 9256
2887 3310
4635 5553
2537 3653
385 1583
2233 3863
8581 9781
8373 9989
8853 9509
588 1532
6147 8114
4812 5503
902 1074
6707 7559
8613 9744
58 1935
1020 1098
2906 3308
7151 7256
299 1692
6418 7851
6968 7300
962 1151
9093 9272
4437 5864
2689 3390
8846 9550
409 1625
7069 7261
6380 7981
8953 9530
8982 9429
589 1422
841 1165
521 1487
1016 1086
2208 3943
6901 7484
4275 6010
2875 3312
2671 3491
4983 5287
6712 7656
2720 3440
2887 3223
4334 5951
4362 5851
2464 3697
897 1106
4158 6122
2998 3170
4547 5655
2664 3516
6842 7532
4507 5709
4628 5570
9162 9235
694 1388
901 1119
21 1999
9063 9404
1021 1057
4819 5390
2861 3314
4171 6059
2396 3774
8554 9865
633 1437
2907 3262
8562 9879
4739 5478
680 1357
4108 6123
6383 7943
9177 9269
2248 3877
181 1883
8798 9648
941 1117
4744 5497
165 1879
8978 9441
3038 3114
3012 3120
6381 7960
6676 7649
3032 3118
6462 7880
4147 6091
2806 3342
309 1741
4182 6063
4111 6134
4225 6008
8692 9743
8664 9764
8744 9685
4476 5761
4958 5280
639 2682
1457 3508
4813 6853
5479 7533
779 2817
4598 6652
5232 7290
4135 6188
1621 3678
5157 7211
1280 3342
1637 3690
559 2623
265 2328
1997 4063
5005 7071
399 2461
5384 7452
5765 7824
5152 7221
4433 6471
5628 7652
5926 7999
38 2111
1420 3478
4559 6612
1537 3613
861 2881
4760 6842
5726 7802
5141 7218
1737 3822
1707 3715
5203 7291
4494 6563
4736 6835
446 2442
541 2601
4603 6607
1772 3800
1981 3977
1792 3892
1208 3214
5560 7566
5992 8031
86 2156
4171 6256
384 2495
5360 7375
1186 3296
5373 7358
5957 7942
830 2941
4881 6997
4338 6326
239 2218
6024 8142
4550 6529
809 2926
1339 3443
4363 6467
5246 7222
1346 3338
4792 6896
327 2318
5160 7269
6058 8167
5132 7233
435 2558
4518 6633
5112 7081
4240 6339
1282 3409
326 2325
4594 6566
1603 3607
5882 7853
4741 6866
1808 3912
5989 7997
5460 7437
417 2555
5637 7774
1375 3330
189 2274
4200 6152
4923 7003
5694 7775
4126 6271
1309 3455
5269 7414
317 2393
5594 7614
1510 3459
796 2937
914 3060
113 2076
538 2679
6020 8169
5246 7178
610 2583
1260 3225
767 2698
5588 7587
4985 6912
4591 6548
4727 6665
1159 3320
1163 3316
4968 6935
1201 3121
4923 7098
1016 2937
4804 6725
1130 3304
5413 7590
970 2892
494 2409
1038 3209
6119 8047
804 2989
1426 3355
1838 4005
1697 3626
5419 7589
4642 6829
5509 7445
1262 3199
930 2864
1249 3189
5104 7014
6060 7995
948 2860
1847 4015
1254 3199
5402 7552
5285 7231
1930 3862
1959 3897
569 2726
1524 3435
1680 3635
5896 8107
55 2194
5243 7390
664 2621
5101 6987
178 2068
862 3064
5277 7227
474 2429
5365 7250
5429 7581
5805 7684
350 2546
386 2350
1849 3988
787 3006
1243 3188
915 2850
6107 8041
1708 3615
1905 4039
781 3002
717 2682
1060 3219
5201 7398
4242 6186
1998 3959
5345 7256
4694 6890
5737 7894
16 2258
316 2559
122 2238
1050 3295
5712 7830
5195 7298
1337 3571
117 2239
4225 6219
4477 6577
5505 7501
4596 6433
1612 3738
267 2524
1042 3269
4815 6678
4266 6259
1492 3341
909 2903
4842 6710
4508 6465
5681 7889
5857 7680
1430 3447
126 2204
4351 6172
1832 4043
1277 3097
4537 6493
1926 3938
4529 6484
4380 6650
5225 7297
1835 4034
6034 8062
470 2363
5817 7767
4670 6865
4804 6699
5470 7594
5712 7847
119 2191
4377 6624
5595 7463
5894 8186
4143 6447
5472 7264
271 2062
1244 3549
4566 6356
1798 3588
4588 6377
1687 3986
5432 7229
1452 3242
4567 6352
6133 7935
5551 7333
1036 3335
735 3027
70 2379
757 3067
4794 7092
1591 3878
5908 7681
4592 6375
756 3043
5485 7284
4972 6774
6055 7869
5811 8083
4275 6547
4453 6215
5589 7415
152 2490
1390 3149
1386 3150
4185 6526
5887 8150
974 2789
4304 6653
1934 3745
5371 7627
4742 7095
788 2593
4962 6740
5627 7363
5663 7971
5255 7609
5326 7664
1871 3696
1586 3955
1807 3659
4356 6208
1855 3706
5859 8100
4161 6406
64 2312
4633 6994
424 2275
5674 8039
5116 6834
2030 3745
1870 3612
5291 7672
1411 3280
5526 7365
1023 2730
631 2862
1908 3630
5353 7605
4280 6628
1298 3151
346 2052
1638 3897
1304 3192
5361 7569
4606 6302
1628 3903
4293 6560
6023 7906
4306 6580
4966 6656
509 2202
1511 3215
711 2990
6042 7920
548 2888
1270 3482
499 2206
2024 3717
4287 6609
1814 3705
4314 6571
5785 8171
5613 7326
186 2510
4526 6363
1901 3608
1830 3664
6115 7828
378 2048
4753 7146
5229 7446
5609 7317
358 2075
5744 7950
5427 7244
5095 6758
387 2049
1848 3772
4698 7134
886 2813
54 2491
5374 7539
1278 3438
4611 7058
1203 3362
4888 6797
5948 7851
645 2845
1785 3939
92 2502
4619 7062
5063 6746
484 2169
5407 7296
4392 6327
649 2838
1502 3198
121 2520
1710 3852
499 2135
75 2542
490 2124
1213 3354
5169 7578
5228 7623
1054 3507
1266 3423
5355 7493
1892 3787
1377 3281
170 2334
4947 6885
5013 6690
1097 3582
5632 8119
872 2768
4190 6631
5617 7245
4512 6240
5646 8140
589 2954
632 2994
1854 3829
4671 7155
346 2199
1414 3144
699 2932
540 3020
1652 4004
5445 7317
1991 3606
5058 6679
2013 3592
4388 6386
1518 3122
134 2395
323 2206
813 2802
799 2815
4116 6644
1526 3095
1542 4071
4447 6333
480 2050
1160 3434
1143 3476
866 2689
4528 6228
5009 6773
6140 7705
1406 3224
4612 7138
4106 6626
5986 7816
5467 7351
163 2382
1863 3754
5399 7418
1455 3136
5917 7922
4980 6788
4933 6833
5172 7616
804 2770
4630 7150
1164 3444
5671 8157
702 2883
5758 8067
147 2707
1285 3847
4167 6725
1527 4084
5199 7755
5793 7332
4862 6392
1925 3468
158 2711
4954 6483
58 2611
832 2379
5602 8169
1489 4061
4252 6800
1265 3838
421 2997
1116 3660
560 2084
5523 8070
1334 3872
1979 3488
1307 3840
5042 6575
2040 3557
5354 7927
1318 3846
609 2113
876 2381
1170 3760
5693 7199
406 2994
1477 4067
1468 3989
1196 3718
483 3017
260 2870
123 2638
4297 6911
1716 3202
230 2769
5436 7947
4110 6713
5565 8065
5486 8019
1399 3914
6006 7499
5604 8153
891 2360
6092 7560
5867 7341
5474 7972
1338 3964
1854 3448
462 2949
1612 3072
641 2253
5880 7349
1670 3272
5105 6561
4987 6443
6128 7585
216 2697
5605 8116
53 2660
5990 7476
1516 4031
5065 6557
4989 6440
32 2678
6077 7653
5873 7336
368 2859
6073 7653
1037 3665
4589 7091
4282 6872
1679 3309
88 2618
650 2280
5394 8049
1375 3899
61 2649
1148 3611
1523 3995
5424 8028
1137 3613
4465 6941
1245 3760
701 2256
1139 3586
1061 3671
918 2533
5304 7884
4468 6913
938 2527
1781 3203
5974 7457
5054 6599
6056 7633
5048 6596
5982 7456
4148 6730
689 2254
1995 3508
4240 6895
5060 6468
1533 3965
713 2121
5833 7243
4981 6641
5193 7885
136 2572
5939 7607
5260 7690
884 2556
4516 6957
301 2982
288 2987
2037 3450
1606 3286
1238 3655
369 3042
5243 7912
1321 4026
1552 3203
1833 3517
99 2807
4223 6889
1888 3574
766 2153
1178 3590
561 2220
6103 7497
4661 6314
360 3063
5984 7679
5702 7398
997 2375
1909 3543
356 3009
1528 3934
254 2648
5129 7841
809 2432
1643 3265
5965 7655
5635 7341
999 2376
1952 3343
5619 8002
397 2878
4395 7070
751 2137
1089 3832
5474 8155
715 2162
5914 7584
1495 3949
329 3058
711 2171
565 2187
4323 6749
615 2264
4618 6346
4712 6312
5679 7407
1751 3093
5816 7292
137 2639
1224 3598
6038 7505
1013 2354
4131 6884
531 2260
5094 6444
5798 7276
1043 3806
2010 3351
1730 3087
4523 7013
4123 6868
687 2173
1304 4042
4220 6831
1420 3929
5682 7396
1327 4087
4966 6590
1743 3094
127 2726
6096 7434
5175 7917
462 2834
4939 6551
5692 7392
1132 3762
1827 3523
4537 7005
1401 3997
1156 3681
1859 3493
4573 6966
677 2126
4320 6668
515 2286
5937 7646
4299 6692
998 2326
5265 7779
4850 6150
803 2518
5807 7257
5235 7817
583 2235
500 2824
5110 6410
4565 6867
154 2973
5465 7762
981 2265
735 2513
4290 7117
4503 6808
339 2625
4279 7076
5766 7568
5978 7234
188 2981
5382 7711
4963 6264
6007 7272
5435 7707
390 2722
4729 6494
204 3051
5618 7898
5254 8108
475 2801
6095 7423
85 2917
5266 8098
1223 4086
4458 6747
1886 3183
1404 3662
4867 6192
1452 3743
5508 7856
5330 8166
4880 6180
408 2734
382 2630
4164 7037
5713 7532
5360 8112
1023 2238
2041 3258
679 2531
1365 3614
1131 3879
1735 3465
5407 7759
4409 6760
4496 6851
1231 3996
617 2365
5666 7542
1200 4069
1112 3853
4593 6820
1818 3148
732 2443
674 2554
5517 7892
4737 6618
4841 6580
520 2391
5493 7701
4932 6181
1431 3829
5871 7562
382 2584
1408 3814
1363 3643
924 2293
817 2136
5791 7668
4131 6984
535 2426
5084 6321
1348 3636
312 2634
5219 7952
6066 7366
1635 3350
729 2479
4405 6722
4340 7052
6064 7368
6067 7371
5441 7736
1989 3262
4574 6816
5412 7845
5262 7946
5088 6244
1667 3334
5241 8190
684 2347
4852 6525
6095 7238
4219 7153
4303 6980
5693 7603
5056 6222
1669 3349
5463 7879
5980 7373
4397 6841
1747 3398
4461 6907
5662 7560
5520 7689
484 2685
4455 6909
1146 4065
5509 7705
826 2212
1644 3532
5687 7571
4440 6910
4423 6880
1225 3937
1513 3649
4833 6472
5531 7730
1435 3633
416 2570
5347 8009
5823 7441
1723 3348
869 2263
956 2056
5372 8008
4960 6364
1881 3300
1738 3339
481 2595
162 2913
1301 3793
1912 3260
946 2166
5301 8051
1689 3422
4865 6342
660 2397
1989 3086
4976 6332
5112 6198
675 2413
808 2279
658 2368
5138 8132
1284 3804
1660 3493
1988 3101
4311 6925
1380 3774
1297 3786
715 2327
4391 6906
5711 7569
603 2437
5883 7451
564 2518
816 2259
4139 7119
1048 4080
4910 6343
5874 7448
1389 3712
6033 7292
860 2226
176 2911
5931 7364
4336 6943
676 2389
4759 6498
1201 3911
4979 6277
2019 3092
206 2871
5513 7795
5931 7383
1701 3416
1515 2538
172 3241
4805 7872
533 3603
691 3770
1684 2719
1965 2978
410 3466
4837 7927
1162 2201
644 3728
1622 2627
1103 2136
4979 8043
5699 6747
241 3304
614 3711
1882 2880
765 3809
4454 7546
5746 6767
4875 7956
5809 6830
5564 6556
5010 8112
62 3101
990 4093
4876 7983
4522 7566
4286 7323
4988 8022
4187 7281
1333 2334
4904 7939
142 3232
5981 7026
5127 6198
143 3256
422 3473
519 3646
4570 7648
4609 7739
5659 6694
4986 8005
265 3401
5418 6507
967 3971
1426 2517
73 3073
5569 6536
2002 2968
1866 2817
659 3807
917 4059
4735 7728
5469 6415
63 3180
4427 7454
838 3859
5728 6710
5720 6671
1473 2456
4603 7586
5006 8146
5825 6812
4517 7675
4160 7202
5650 6775
932 4033
5907 7029
1171 2292
1405 2330
375 3344
4226 7402
253 3221
2033 2971
5491 6431
142 3325
5046 8133
1861 2865
4762 7918
933 4049
5651 6757
5117 8074
97 3097
4779 7891
1911 2830
110 3092
1541 2681
4602 7558
5510 6651
1979 3014
4586 7575
4684 7729
4653 7763
655 3824
740 3680
173 3113
6032 6933
1033 2177
1915 3057
272 3485
5239 6392
1472 2386
288 3507
1352 2525
1761 2676
1323 2493
5674 6845
1373 2506
5891 7067
284 3461
4336 7275
118 3305
4759 7735
5012 7988
5824 6753
4874 8104
1235 2160
2039 2898
1273 2142
1988 2924
5221 6348
4161 7403
1037 2215
4196 7375
824 3989
959 3857
4854 7768
5061 8042
252 3149
1593 2699
4213 7360
4897 8086
2034 2888
4530 7433
974 3954
5358 6224
1775 2640
4390 7654
6005 7092
5282 6243
1108 2198
5911 7124
4698 7833
4782 7789
5481 6570
5458 6550
5093 7971
335 3465
5849 6686
1072 2297
1461 2430
683 3680
5339 6166
5166 6369
1647 2749
523 3801
7 3285
6131 6945
5322 6169
4877 8152
1218 2074
1927 2909
411 3393
1677 2642
4625 7886
442 3419
1319 2502
4331 7182
620 3722
1565 2810
116 3219
1974 2897
1345 2473
4408 7633
6010 7056
1885 2998
1058 2255
951 3930
1790 2576
5652 6906
322 3501
1602 2738
221 3116
5575 6454
5733 6804
4786 7745
6045 7022
4862 7690
5466 6574
185 3151
1902 2966
5808 6728
1710 2646
4343 7183
5500 6534
964 3903
5820 6720
5787 6759
492 3345
661 3688
1696 2976
93 3420
1521 2291
5614 6378
5691 6975
235 3564
5337 6622
1587 2874
5293 6564
230 3562
1123 2415
4971 7782
5904 6687
1890 2674
1368 2122
4848 8163
969 3804
4310 7617
4256 7609
1693 2948
4918 7724
6118 6908
5294 6581
4722 8018
4798 8090
1484 2281
5874 7127
4659 7957
4907 7693
5062 7904
5886 7129
4681 8032
6037 6844
129 3499
1285 2094
6094 6883
5175 6426
5743 6976
1448 2183
966 3831
5919 6698
4253 7595
5561 6286
1244 2539
516 3901
1179 2466
1578 2832
1573 2846
1068 2327
1827 2590
893 3651
4405 7179
1276 2492
4386 7265
4124 7519
4394 7273
1868 2568
5113 7868
707 3972
283 3154
5441 6154
1185 2538
5872 7099
602 3860
594 3868
1600 2833
4829 8079
6063 6908
483 3255
1937 2759
1653 2851
266 3165
4183 7438
4125 7492
4711 7996
103 3388
944 3823
4901 7748
4844 8077
708 4002
642 4069
975 3751
5462 6207
242 3480
1156 2542
5890 6760
1415 2283
212 3514
1564 2930
515 3948
1212 2508
5620 6277
5341 6571
5538 6356
4208 7431
5586 6309
591 3894
4529 7371
4668 8000
5561 6342
1842 2637
6025 6902
1683 3052
4898 7843
2036 2679
5596 6232
5333 6480
1549 2949
161 3370
1955 2606
1443 2094
1237 2395
110 3552
983 3673
5230 6655
854 3781
4733 8168
5448 6367
5445 6354
5799 6960
2037 2668
69 3545
4684 8144
1773 2928
1480 2133
5716 7114
4843 8053
4330 7541
5645 7086
4677 8163
1102 2534
5631 6229
5300 6430
452 3183
2016 2635
1755 2935
963 3694
821 3739
1639 3016
1499 2154
183 3334
4147 7553
1669 2870
6013 6856
1131 2514
5306 6403
1606 3068
349 3302
4891 7846
4926 7935
669 3934
5007 7756
4776 8044
688 3958
1674 2882
5899 6850
5023 7765
4817 7962
4532 7288
5878 6970
1538 3022
577 3982
6135 6695
4672 8081
769 3792
763 3880
1781 2849
5255 6482
1488 2053
4710 8113
5357 6453
4888 7874
791 3789
106 3505
6030 6741
1210 2401
5597 6144
1530 2085
1197 2380
1652 2967
465 3124
668 3962
381 3226
4657 8152
4993 7787
4830 7986
5692 7121
4953 7860
4224 7534
2025 2567
220 3379
1591 3015
812 3805
5284 6486
574 4045
4474 7310
257 3316
5815 6976
5215 6568
2031 2582
5043 7758
883 3725
1412 2170
1077 2507
952 3512
5238 6775
827 3386
1730 2240
1118 2650
5993 6510
4618 7170
1189 2732
90 3664
994 3561
1917 2416
5968 6494
5021 7571
725 3269
5502 7020
4938 7512
1406 2921
1261 2804
1673 2192
612 3198
168 3724
5805 6283
391 4000
1629 2170
1789 2263
4344 7891
5429 6936
171 3717
5487 7007
889 3400
5802 6296
4114 7717
5057 7670
537 3104
4140 7702
514 3128
5752 6211
1886 2405
790 3373
943 3474
4637 7200
1341 2941
1233 2704
5564 7166
6059 6633
1153 2754
5950 6522
1346 2823
1034 2636
6056 6624
1533 2999
670 3285
727 3228
5313 6797
1987 2447
4887 7513
757 3259
235 3749
4714 7204
5294 6881
1789 2226
726 3206
4430 7967
5133 6751
4579 8113
5934 6524
1145 2605
4928 7444
106 3647
5068 7577
4509 8138
1264 2728
2029 2485
4522 8179
597 3084
4313 7808
1897 2355
436 4072
1232 2700
4098 7772
5374 6817
5909 6513
1032 2668
4399 8011
6043 6654
1121 2567
6067 6613
5414 6977
4378 8049
2 3689
771 3438
85 3640
1442 3023
125 3602
5697 6193
5052 7629
4718 7196
4767 7405
4338 7809
1560 2156
1914 2319
764 3209
1367 2848
864 3352
6121 6545
1531 2946
664 3298
5885 6272
4294 7865
5421 7085
4950 7639
1950 2332
5237 6903
1613 2251
4243 7700
648 3074
2020 2408
5897 6533
1815 2457
1252 2666
4546 8016
1636 2288
6091 6495
1598 2219
298 4031
72 3805
242 3685
1495 2895
1877 2509
578 3290
1779 2152
4221 7905
4152 7844
5905 6541
6125 6515
286 4027
867 3531
293 3980
6130 6488
4678 7405
4115 7864
5091 7503
1474 2926
4252 7728
505 3924
6066 6431
1378 3034
5473 7128
5427 7049
4876 7607
1354 3063
1751 2071
1311 3037
4540 8053
6075 6513
1839 2533
1246 2578
5913 6612
4209 7871
5578 6916
5203 6786
1918 2479
4584 7994
289 4083
5858 6199
1140 2723
334 3991
5881 6179
5137 6859
389 3935
115 3759
843 3478
5966 6547
571 3291
4398 8142
5552 6994
5392 7154
105 3723
1450 2889
1251 2560
4919 7634
4909 7624
1910 2449
1615 2214
5540 6989
5660 6391
5906 6649
1658 2193
907 3431
5327 6689
2011 2356
100 3723
4320 7696
1809 2529
488 3864
5694 6351
6098 6432
5048 7498
470 3874
1705 2141
400 3942
311 4047
5467 7079
5079 7466
196 3641
5019 7525
5272 6758
5432 6712
1615 2383
1830 2087
6083 6337
4861 7673
671 3480
837 3138
5978 6226
1462 2750
4964 7278
1676 2438
748 3581
846 3167
1540 2326
490 3833
530 3329
4732 7530
1075 2853
4990 7270
1069 2868
244 4077
1869 2134
4282 8102
1287 2586
4993 7324
4155 7963
4248 8120
5592 6904
4294 8165
5819 6552
4190 8059
4254 8120
4526 7816
1199 2950
4182 8063
4825 7669
1112 2932
5468 6769
649 3492
4996 7338
5410 6672
4313 8170
5750 6466
5920 6165
6143 6344
4673 7544
1863 2172
5535 6819
5974 6250
4527 7826
4610 7487
5484 6738
5268 7083
4309 8085
6032 6352
719 3470
1339 2680
5634 6465
98 3873
5571 6791
4410 7807
401 3799
4662 7537
1792 2119
4480 7884
55 3962
607 3346
1853 2160
4441 7703
5493 6693
388 3797
4832 7603
4303 8092
1646 2362
4359 7761
4149 8035
607 3337
418 3828
5149 6986
307 3692
5627 6811
1919 2078
1924 2277
491 3721
418 3777
5682 6481
4863 7579
5299 7127
4238 8171
4551 7841
4485 7917
1407 2580
485 3721
1456 2782
4750 7649
1898 2073
1166 3069
1967 2267
5379 6774
1369 2607
1896 2079
1704 2512
5786 6627
4384 7771
423 3623
1564 2459
4472 7921
5892 6285
345 3794
5586 6750
4935 7370
5519 6658
4561 7744
760 3433
5928 6329
4312 8009
5479 6901
5543 6708
4593 7778
5356 7039
1631 2505
4683 7644
6035 6148
1386 2806
820 3240
4238 7955
5150 7043
724 3402
1700 2363
6018 6178
4505 7737
4706 7621
5855 6520
4563 7800
5602 6734
1817 2216
1087 2957
4183 8164
4893 7342
9 4029
634 3534
4448 7893
236 3929
4758 7456
599 3567
731 3424
5029 7192
5526 6697
4377 7897
5673 6632
1582 2540
4173 8078
1644 2472
5496 6845
5759 6586
4419 7813
117 4018
1106 2970
4260 8046
1364 2718
5259 6983
502 3620
612 3510
4233 8029
4860 7464
4428 7833
4674 7575
1093 2960
1378 2740
2 4057
5752 6566
5899 6357
71 3992
1078 3031
6006 6295
6024 6249
1334 2773
1649 2450
4938 7340
5741 6535
1681 2427
1795 2287
6104 6197
61 4051
4113 8191
4317 7986
5975 6306
907 3197
4221 8068
1630 2469
2018 2078
4672 7613
5510 6779
1569 2527
3169 7265
32 4128
4076 8173
458 4552
1087 5180
3793 7890
3556 7655
3506 7606
1585 5684
3683 7782
1610 5708
972 5066
3548 7643
1108 5213
1752 5843
352 4459
3471 7555
1159 5271
337 4416
1703 5813
666 4745
1067 5171
3242 7346
3410 7499
3245 7348
3748 7871
513 4634
2283 6384
782 4882
2536 6645
3711 7777
365 4428
3110 7172
2758 6894
3700 7772
1765 5836
13 4132
3795 7930
543 4661
3560 7619
3666 7806
3983 8099
159 4273
2571 6715
753 4803
3663 7804
2523 6639
3041 7125
2787 6871
3216 7333
3608 7726
2984 7056
2242 6395
923 5026
2215 6299
1172 5332
630 4663
1798 5956
2615 6771
1183 5338
2599 6753
3254 7422
3856 8026
171 4321
359 4395
2443 6597
1604 5643
775 4951
2067 6210
3156 7173
2919 6965
1274 5295
1086 5227
2268 6282
1220 5266
2022 6065
1190 5361
2411 6450
2976 7161
2940 6949
2284 6323
2890 6954
1198 5326
3233 7360
968 5035
2587 6783
2896 6964
2925 6920
897 5092
2022 6016
731 4796
140 4324
1248 5257
628 4637
2237 6358
1661 5649
1472 5549
590 4670
2522 6569
67 4144
2630 6706
128 4342
259 4475
709 4797
3905 7992
579 4666
2407 6429
2499 6589
440 4411
1655 5875
1453 5416
3635 7862
617 4847
636 4858
1840 6073
3541 7516
2658 6888
3259 7223
2385 6620
1529 5492
3042 7020
1253 5226
1257 5222
2436 6411
2125 6366
2974 6925
248 4203
231 4211
929 4919
1667 5653
258 4501
3130 7330
2598 6847
3959 8173
3407 7637
1868 6102
1620 5832
3062 7019
3292 7233
1755 5702
2777 6727
1242 5189
253 4185
1913 6109
296 4493
487 4417
3830 7775
1065 5248
806 5007
2402 6601
1011 4952
413 4406
2221 6150
398 4387
491 4421
172 4099
454 4471
2550 6468
33 4245
2245 6257
208 4197
3941 8147
3308 7252
820 5004
3121 7304
3008 7033
4014 7959
2613 6793
2356 6646
789 5079
1908 6071
1014 4914
2103 6385
214 4113
308 4605
500 4415
41 4325
1906 6078
3143 7319
278 4551
1872 6021
2973 6987
4028 8043
1501 5381
1041 5320
1315 5631
2321 6604
2900 7050
3156 7306
1024 5343
3536 7439
2627 6819
1462 5458
220 4154
2805 6675
672 4680
2301 6164
2455 6526
1569 5832
2224 6235
3757 7750
2343 6602
2159 6272
3212 7293
2665 6811
3657 7867
2728 6748
1195 5215
1474 5428
148 4204
3969 8056
258 4604
1350 5190
3773 8125
2351 6191
3025 6864
3496 7337
2752 7105
2902 6741
1664 6019
3155 7504
2165 6514
839 4687
3527 7374
2058 6401
2516 6360
4080 7933
40 4390
1090 5459
1078 5415
3540 7365
329 4189
2709 7043
3469 7323
3264 7640
4092 7908
1331 5162
827 4641
3860 7695
2934 6762
312 4134
1478 5337
2695 7064
958 4766
1896 5704
1548 5934
1312 5124
398 4267
1005 4810
218 4605
3677 8055
226 4552
3735 8124
338 4220
1717 6042
1485 5346
2482 6301
2547 6339
3436 7261
15 4413
3616 7954
1093 5489
478 4330
3182 7512
356 4178
2236 6538
2373 6258
1963 5779
2984 6800
461 4340
3040 6873
3157 7535
3150 7540
989 4838
2938 6721
1092 5498
1308 5155
1270 5559
1036 5453
2943 6716
3586 8007
3268 7553
2339 6246
1160 5581
2049 6470
3277 7556
2323 6233
3431 7213
3351 7260
1383 5163
2751 7154
29 4434
3525 7306
3037 6796
3124 7525
750 5053
3890 7783
581 4883
2188 6619
2338 6267
693 5100
2529 6328
1322 5235
2908 6662
3488 7421
986 4740
752 5008
2740 7124
829 4703
2641 6962
251 4510
627 4886
3299 7557
4086 7825
3610 8050
3484 7412
792 4723
1267 5533
2842 6772
3301 7563
3385 7241
3213 7676
1950 5868
2769 7075
1964 5855
2244 6576
2729 7134
3515 7372
1806 5751
2933 6671
3623 8028
843 4656
1833 5717
3752 8148
610 4892
2629 6971
2023 5735
1971 5683
2710 6935
254 4477
249 4474
1509 5216
3426 7396
3119 7592
1332 5310
2573 7047
1152 5387
542 5010
797 4752
3826 8061
3740 7950
2686 7148
2104 6572
3419 7374
4074 7804
115 4587
3864 7808
2373 6361
2310 6298
2946 6685
2434 6179
1996 5742
677 4870
1536 6053
1084 5531
1852 5780
1525 5212
3796 8058
3123 7581
4090 7754
3000 6664
477 4205
169 4379
1610 6136
2118 6644
1338 5263
2649 7151
3546 7267
2816 6843
2831 6836
616 5075
1041 5548
1283 5310
2083 6556
3139 7676
3396 7302
2420 6320
3405 7307
819 4853
3515 7283
2047 5686
4072 7713
1492 5149
3545 7187
194 4361
60 4592
1077 5625
2080 6640
1427 5186
355 4272
862 4746
473 4109
512 5077
942 4731
3382 7395
2579 7108
3070 6697
80 4488
3803 7939
3296 7481
2320 6345
1672 5969
2619 7138
1724 5989
3168 7610
213 4367
906 4689
3576 7204
1873 5772
868 4794
3546 7173
2993 6737
1546 6126
3433 7309
882 4756
2762 6957
1784 5906
2939 6801
2605 7110
2268 6449
1291 5350
42 4548
3511 7257
3052 6658
2458 6261
1253 5398
801 4820
2099 6598
3559 7185
1321 5343
180 4418
1396 5260
46 4567
2904 6817
1894 5788
560 5070
3160 7768
3271 7877
1255 5859
2755 6343
1797 5377
2697 6284
1922 5508
1235 5845
2255 6856
1385 5985
1042 5658
2656 6249
199 4811
3279 7875
1575 5162
2788 6377
153 4756
947 4541
1360 5983
2995 6567
2013 5573
1209 5792
3243 7857
3710 7269
681 4274
2551 7148
3428 8057
3558 8187
3780 7385
1050 5636
2093 6706
3091 7731
2566 6183
4082 7635
653 4271
1778 5328
2174 6738
880 4444
3511 8090
3927 7545
1707 5274
3491 8088
3976 7604
2450 7084
1526 6089
1018 4549
653 4301
3328 8001
1442 6115
646 4292
3952 7475
4007 7652
2883 6406
1464 6141
977 4503
1394 5940
3249 7926
631 4159
529 4187
575 4210
3003 6645
396 5084
190 4846
1536 5200
652 4318
3761 7394
95 4620
2066 6721
1158 5843
3208 7902
1053 5706
3387 8044
74 4624
3818 7344
1588 5224
1493 6025
1081 5734
3658 7189
2927 6415
1561 5240
1242 5816
651 4329
3902 7514
3487 8179
5 4713
3813 7307
934 4553
1476 6068
2179 6899
4044 7615
2979 6614
3634 7239
2609 6217
3476 8172
1943 5615
2701 6389
2266 6818
3713 7416
3009 6584
3993 7650
1973 5577
326 4920
1630 5342
2403 7137
608 4322
3265 7747
1740 5199
1367 6100
489 4970
2228 6704
3824 7285
101 4832
2778 6227
1064 5793
3953 7677
3705 7413
3362 8110
261 5013
1941 5380
1263 5757
3772 7215
1076 5799
3533 8030
1561 5261
34 4790
2180 6673
1683 5125
2616 6319
1699 5179
2065 6792
2084 6846
2057 6803
469 4942
2822 6554
1310 6018
2822 6553
3445 8149
549 4229
1095 5862
3638 7316
3568 8018
763 4184
2484 6929
372 5073
2756 6242
2304 7089
2867 6528
80 4836
624 4293
1749 5216
3340 8122
2025 5471
3809 7254
3933 7658
1648 5319
279 5035
2289 6732
593 4332
343 5096
2591 6304
3812 7205
1487 5901
2400 7079
3633 7414
3718 7246
467 4891
3529 7936
420 4974
1590 5372
781 4550
2321 7133
1504 5932
2845 6608
3909 7563
1851 5620
287 5070
1141 5796
2721 6259
2756 6167
3730 7239
1445 6003
2177 6742
2603 6387
800 4601
1822 5572
367 5045
3955 7593
2481 7018
366 5040
3059 6445
2236 6755
3226 7803
1738 5160
2054 6885
1531 5912
740 4097
1857 5542
2683 6300
74 4770
3297 7688
2349 7111
1059 5833
1125 5775
319 5075
927 4467
2296 6677
3784 7206
1882 5546
2532 6931
3252 7757
889 4480
773 4607
3701 7311
4012 7510
1443 5977
1467 5952
392 4980
250 4615
478 4899
2105 6855
1451 5972
944 4431
660 4203
1371 5715
2113 6985
2097 6969
2696 6530
2141 6998
2301 7153
3504 7868
1757 5584
2792 6631
1293 5660
573 4396
28 4878
2746 6569
1230 6109
1423 5785
195 5076
3569 7910
2272 7160
3591 7454
1021 4326
341 4686
1429 5768
237 5106
705 4577
3716 7588
3854 7214
575 4382
2024 5323
3535 7916
905 4270
402 4795
1732 5608
1382 5704
2763 6629
1725 5512
3940 7249
3543 7906
2357 6659
4095 7367
3958 7247
852 4205
738 4568
1862 5242
1349 5753
16 4911
790 4181
4052 7312
65 4869
195 4998
585 4364
3176 7982
4068 7331
3440 7737
846 4101
3812 7592
3553 7855
1374 5648
384 4816
2575 6490
2493 6888
721 4487
1239 6029
366 4660
572 4455
3091 8014
1874 5135
415 4800
2596 6523
298 4725
36 4932
1756 5565
3272 8105
2282 7054
2146 6919
3410 7733
3954 7194
29 4981
2391 6716
3429 7694
874 4122
534 4454
3519 7886
3319 8069
528 4450
3385 7754
1350 5685
2157 6939
2856 6238
3081 8048
563 4426
3290 8096
2287 7059
3216 8174
540 4451
1301 5781
62 5052
2086 7076
48 5043
3560 7788
2331 6814
3645 7611
1601 5577
2308 6799
733 4435
372 4858
2262 7001
2403 6892
3182 8190
628 4580
3699 7651
2151 7157
1419 5662
1090 6100
257 4758
1859 5338
1661 5607
2974 6149
1842 5289
2116 7135
2366 6818
1005 4173
844 4333
1727 5406
76 5102
1773 5454
3956 7376
1614 5610
3255 7953
2028 5188
3830 7518
1332 5789
3889 7322
3644 7570
728 4470
2584 6583
2869 6279
501 4678
1539 5558
768 4277
927 4137
4030 7175
1999 5237
2434 6718
2600 6549
2329 6873
1032 6090
3011 6144
3358 7898
881 4279
895 4281
3665 7574
3666 7577
3146 8071
1241 5911
3004 6252
237 4926
1966 5242
3298 7990
3815 7473
2471 6781
2681 6562
3853 7377
955 4198
3055 6156
2835 6384
2703 6508
1694 5498
2829 6379
2508 6699
3332 7916
547 4554
873 4227
2645 6590
1932 5217
1197 5954
1605 5557
1522 5632
2651 6568
2585 6639
2844 6379
3916 7355
13 5109
3602 7657
2240 6972
1722 5446
1251 5918
3077 8184
3076 6148
1760 4833
2737 7859
3891 6961
2862 7980
2763 7881
2477 7598
2062 7179
2285 7400
226 5349
1794 4874
1824 4907
968 6084
3998 7057
573 5677
2344 7483
976 6084
2652 7752
1969 5029
3618 6711
2790 7920
456 5598
2644 7746
2101 7202
3381 6434
1902 4983
639 5734
1503 4549
3247 6325
531 5641
1748 4814
2361 7458
845 5968
2586 7687
2044 5089
978 6093
1921 5022
2896 8015
4078 7119
3976 7081
3173 6214
1723 4753
3992 7091
3404 6496
1729 4845
1771 4806
1575 4616
2673 7774
2868 7940
1001 6105
4003 7058
3425 6480
1746 4835
3096 6186
2628 7792
1867 4991
3229 6313
2812 7882
3177 6238
1091 4219
1144 4162
2530 7641
2338 7449
231 5340
411 5536
1906 4942
485 5541
3558 6565
3164 6175
908 6088
1400 4414
1430 4561
2494 7673
1722 4850
2397 7445
3071 8117
3376 6524
786 5980
3291 6292
256 5455
450 5517
2387 7427
1195 4346
2741 7911
1045 4167
1007 6075
1289 4447
2225 7399
963 6036
3345 6475
2217 7411
718 5780
79 5140
495 5555
2133 7177
2814 7843
3181 6153
4081 7061
966 6051
3350 6512
3908 6956
2828 8037
562 5723
830 5975
2230 7388
880 5915
72 5156
1311 4466
2657 7695
1978 5076
196 5290
3729 6910
764 5775
53 5185
1800 4991
4056 7087
1961 5073
1215 4291
2791 7835
2703 7923
222 5283
1302 4456
2685 7683
2957 7949
3888 7088
1356 4557
1891 5093
3703 6897
939 5933
259 5515
2702 7686
3737 6676
2227 7229
325 5579
3751 6696
449 5456
1867 5081
4020 6944
3167 6347
4054 6988
1126 4348
343 5580
2222 7221
1520 4459
1265 4202
174 5171
1230 4177
3892 7061
736 5698
2977 7941
1085 4248
2796 7753
2692 7715
912 5945
1250 4168
2653 7926
1694 4658
2986 7943
1858 5101
21 5306
2832 8096
433 5376
2081 7315
2593 7826
1737 4730
3807 6764
3517 6409
2537 7517
2067 7334
1058 4247
3946 7135
1742 4728
3600 6822
722 5739
2244 7293
3510 6412
3738 6689
182 5130
202 5238
1638 4827
849 6124
3877 7066
2451 7468
3363 6627
331 5515
3237 6244
1835 5097
285 5593
3796 6675
2441 7488
1482 4355
1485 4356
2095 7397
3886 7141
1524 4409
3811 6701
98 5293
2007 4871
981 5893
2555 7467
1479 4374
30 5325
1433 4429
3726 6746
2901 8064
2652 7819
294 5630
950 5998
2628 7837
1846 5103
453 5406
2147 7359
2881 8092
3369 6647
96 5311
495 5424
1740 4653
2864 8147
2622 7888
1599 4817
3584 6895
2152 7321
2143 7339
120 5261
980 5921
1122 4247
2290 7172
23 5344
2813 7685
643 5754
1889 5020
873 6039
611 5987
1347 4162
300 5165
4062 6879
2148 7526
4077 6894
527 5894
3300 6637
1040 4378
113 5501
2834 7710
3725 7041
159 5521
727 6105
626 6013
319 5166
2092 7486
2543 7419
3483 6286
2775 8143
685 6069
1226 4563
3348 6157
1563 4866
1562 4864
1029 4383
120 5475
2531 7423
3834 7131
2481 7314
2546 7382
2439 7329
2213 7554
1928 4768
2761 8161
2787 8139
2317 7205
1560 4913
814 5639
3572 6360
2303 7634
187 5525
1936 4770
2708 8103
3596 6975
377 5198
140 5556
666 6055
3778 7164
734 6113
2435 7363
3832 7097
2736 8180
3715 7111
2219 7662
3427 6187
858 5649
1182 4562
836 5642
3442 6205
3741 7122
3740 7118
3621 7030
971 5791
250 5550
3935 6667
3066 7855
852 5633
1977 4844
967 5778
746 6076
1388 4155
614 5937
2158 7479
1551 4949
3996 6848
4068 6841
1303 4169
26 5499
3901 6751
388 5350
1281 4194
2324 7287
1571 4928
3692 6921
1395 4118
152 5630
1941 4851
3062 7825
1706 5069
2364 7259
3072 6503
1703 5071
3206 6638
482 5258
3098 6512
2608 8027
18 5503
712 6053
3174 6408
2992 7902
3617 6992
1748 5030
1402 4105
3081 6527
2563 8052
915 5860
1732 5053
4022 6860
2082 7513
1927 4859
525 6000
1059 4445
870 5656
1836 4690
245 5514
1931 4619
2699 7944
1291 4232
2038 4722
1943 4627
374 5363
1566 5017
3982 6663
2670 8164
180 5438
1219 4431
1556 5017
1783 4985
1990 4692
1471 4141
3768 6954
2519 7236
394 5150
2833 7812
567 6050
2241 7508
402 5125
49 5545
923 5633
45 5558
3555 6269
476 5187
1148 4579
2498 7264
3525 6247
4082 6737
443 5151
1477 4194
3536 6263
863 5879
1120 4554
2473 7170
1601 5098
3406 6370
2680 8149
1305 4276
100 5578
417 5134
2589 8114
4047 6783
1336 4233
3967 6861
586 6142
2271 7529
984 5742
1099 4604
3270 6527
882 5835
3801 7011
2446 7220
1645 5072
872 5800
3220 6484
368 5297
1907 4785
1094 4485
3565 6185
3948 6827
1139 4539
2194 7514
3540 6173
1745 4890
2695 8011
1260 4387
3302 6451
3518 6251
1733 4880
451 5147
50 5610
3278 6423
2886 7836
1619 5001
2965 7753
3353 6340
1514 4148
3678 7102
3979 6763
2599 8135
1372 4285
3218 6515
659 6002
2497 7203
2176 7524
752 5909
2458 7295
2316 7401
3344 6390
964 5667
962 5669
3190 6559
1115 4530
3384 6353
339 5304
2412 7303
3825 6938
199 5419
2102 7642
2158 7580
767 5898
2032 4616
622 6036
44 5591
2375 7356
3096 6628
1013 5640
3248 6478
3509 6218
2501 8133
82 5714
1454 5039
4021 6583
2521 8158
4038 6593
487 6126
3019 7617
3144 6723
3284 6879
2706 7327
2398 8019
1879 4440
3240 6840
2117 7767
3031 7620
2399 8012
3470 7065
1351 4959
2879 7462
2616 7201
1967 4534
292 5951
3474 7055
3580 7137
2725 7352
566 5163
114 5740
883 5485
3187 6765
2752 7393
2914 7489
3988 6578
102 5710
834 5482
3446 7006
1619 4218
129 5802
1357 4961
3378 6940
2090 7684
3349 6971
2065 7712
857 5482
4070 6611
399 6074
2861 7450
1929 4528
898 5566
2272 7901
1665 4287
1371 4964
1198 4847
606 5148
210 5777
1326 4969
169 5857
656 5336
916 5597
3246 6887
1613 4100
2032 4538
3502 7140
2012 4502
4041 6531
652 5312
2349 8032
3693 6176
2145 7724
536 5205
1587 4192
2553 8111
1796 4435
1568 4216
1678 4308
472 6020
3585 6240
584 5161
2300 7832
2453 8176
3439 6920
1955 4548
56 5727
1440 5064
3919 6438
2559 8086
2923 7425
2509 8103
2746 7376
67 5679
1880 4407
255 5776
1199 4831
268 6012
3909 6453
3413 6949
1611 4152
979 5551
1520 5005
3999 6625
1580 4179
2168 7928
552 5289
1920 4353
3737 6168
623 5357
611 5351
2440 7949
1540 4236
2747 7219
795 5522
2001 4443
3267 6728
922 5393
2884 7624
1295 4992
3704 6376
3938 6643
1553 4227
1534 4973
678 5170
850 5574
3460 6928
3856 6534
3434 7164
792 5519
3030 7503
1329 5037
3928 6598
3742 6206
599 5366
2364 8093
2185 7723
709 5223
3013 7521
1535 4955
425 5900
1640 4302
1953 4358
1739 4195
1632 4297
2189 7719
3177 6850
732 5232
1497 4982
1545 4262
3061 7493
4051 6498
2021 4433
1958 4382
3172 6876
3755 6160
1884 4583
1352 5109
2288 7759
973 5490
3190 6838
576 5248
3038 7455
1011 5426
2367 8189
2265 7708
2991 7529
1783 4145
457 5902
3293 6677
1900 4518
1841 4602
3672 6291
278 6106
3357 7120
2278 7721
2322 8130
704 5139
524 5336
563 5349
2830 7641
2353 8166
2827 7639
3340 7123
150 5748
3223 6773
2858 7630
3337 7149
3102 6907
833 5543
1151 4760
93 5818
2548 7965
3563 6914
40 5826
555 5312
2020 4367
2047 4371
1787 4118
56 5846
868 5514
2221 7747
3125 6855
1447 4948
2688 7285
3994 6511
270 6136
335 6072
1152 4728
3885 6613
2514 7979
406 5996
730 5152
2588 7399
985 5413
1753 4132
1250 4636
3047 7448
60 5948
1066 4906
1774 4585
440 5808
4042 6337
234 6113
2424 7799
1330 4669
507 5866
1596 4393
3591 6417
2305 7703
754 5604
3218 7045
466 5829
2107 7980
1614 4439
3082 6931
2954 7318
2826 7188
3869 6146
306 5651
4060 6388
1320 4609
787 5181
1629 4461
1824 4114
2920 7258
2551 7876
1701 4497
3542 6882
1140 4931
3874 6170
403 5803
2744 7555
3288 7140
3236 7065
3639 6410
3994 6366
1362 4631
41 5996
2276 8097
2611 7542
12 5962
898 5317
1226 4994
127 5942
447 5877
362 5665
3331 6735
3643 6517
701 5619
3547 6804
3559 6838
2619 7528
2757 7574
2309 7761
2210 8182
2249 8095
369 5670
3368 6768
408 5831
391 5848
315 5723
1328 4688
906 5358
3651 6437
1337 4702
2110 8025
1364 4668
1963 4290
1903 4102
557 5447
3396 6696
2150 7945
191 6094
3178 6937
3836 6543
1203 5056
1500 4778
1029 4989
839 5178
508 5762
3953 6158
3207 7160
2261 8022
149 5910
2267 8024
3595 6541
3733 6418
3058 7290
1915 4337
1227 4935
4044 6208
577 5585
3869 6284
1530 4712
2524 7758
1179 4872
1775 4475
1933 4121
14 6040
1602 4564
2797 7547
1473 4694
276 5772
847 5335
2592 7608
3695 6647
3054 7287
1874 4296
3619 6585
3035 7232
2056 8084
2948 7192
3945 6389
2313 7829
2447 7725
1982 4125
1512 4685
3111 7040
4008 6159
1709 4357
1056 5000
4053 6268
673 5386
2486 7706
3326 6995
625 5598
2378 7928
553 5530
305 5764
1391 4826
2000 4198
3936 6358
2461 7722
2001 4201
1877 4335
2727 7452
1202 4879
2387 7918
744 5461
1360 4845
2629 7672
1167 4913
3254 6921
2132 8084
3855 6350
3514 6779
4 6085
3697 6578
2127 8074
496 5688
1150 5047
2428 7856
20 6104
3640 6646
3286 6936
848 5278
211 5916
1257 4902
1862 4246
2711 7495
3720 6489
1700 4469
3572 6694
3248 7012
3893 6368
130 5972
2837 7362
3700 6573
2418 7848
2900 7311
2130 8073
1098 5015
2784 7485
456 5655
3883 6388
785 5365
3923 6326
1419 4717
46 6089
3844 6381
3792 6458
3232 6990
3164 7086
3880 6365
1883 4258
2993 7242
3866 6374
3650 6588
1660 4482
1225 4918
3449 6790
877 7021
1938 8082
2388 4438
376 6522
3866 5918
3569 5621
43 6191
960 7109
1855 7994
37 6189
2638 4702
3882 5947
324 6485
2574 4639
3782 5844
1186 7350
2099 4133
942 7097
3374 5433
887 7023
2106 4130
1791 7907
1306 7430
2120 4180
2080 4156
2621 4640
2762 4820
2869 4906
3896 5927
1797 7962
2958 5009
2198 4278
3201 5280
2564 4646
2560 4643
340 6519
2569 4652
1449 7567
2596 4611
769 6950
2392 4464
3153 5240
684 6784
799 6962
1695 7858
2469 4500
1445 7572
1308 7470
3587 5680
3802 5869
1714 7818
3020 5111
1995 8176
3926 5997
1780 7882
1044 7210
2827 4916
3398 5497
4039 6021
1410 7616
2470 4578
914 7126
429 6635
2009 8094
851 6939
193 6281
2425 4400
3420 5398
3539 5532
1763 7852
2691 4818
761 6826
2142 4109
2055 4179
2597 4720
1464 7661
2765 4763
266 6492
925 7115
3393 5401
1222 7327
3029 5006
2027 8119
2631 4634
3107 5245
27 6267
3494 5575
2433 4576
900 7142
3499 5576
4066 6022
956 7129
2523 4542
349 6456
3312 5269
112 6166
3848 5998
3139 5156
63 6229
480 6539
240 6299
1992 8100
3299 5262
1344 7469
1639 7689
3910 5928
412 6642
1138 7197
3191 5126
3789 5820
1819 8040
389 6643
2230 4289
179 6347
687 6868
3872 5979
122 6145
1541 7801
3303 5275
1461 7476
1000 7017
2814 4732
412 6424
3758 5672
3761 5686
2765 4682
3263 5176
2490 4413
613 6882
3556 5484
1776 7801
3498 5411
1180 7185
3593 5764
1164 7169
926 6928
913 6942
1288 7576
2757 4693
4017 5920
1726 7727
1721 7723
1366 7619
896 6934
203 6237
1340 7594
4030 5929
497 6505
888 7136
4088 5985
1194 7217
1176 7171
3520 5468
8 6293
1296 7600
3225 5177
2855 4997
1475 7520
532 6832
864 7108
3565 5451
3928 6143
1545 7854
2486 4383
3671 5885
558 6788
2474 4352
2339 4488
2855 5004
1994 8038
2070 4280
359 6600
3614 5806
2460 4399
1729 7797
2742 4610
3944 6110
2661 4819
3747 5659
1670 7740
404 6447
838 7165
2048 4283
1651 7887
3530 5492
2130 4332
837 7162
438 6518
3694 5806
1777 7731
3974 5955
1177 7263
1878 8095
3961 6069
890 7095
3564 5409
2613 4859
1245 7186
1407 7599
2095 4350
3025 4867
1128 7354
1898 8121
678 6770
78 6298
2839 5071
3541 5388
261 6623
1893 8127
3045 4927
1624 7811
3870 6082
3570 5422
3917 6061
3341 5613
2661 4742
415 6523
313 6620
2342 4547
1467 7517
2488 4446
3090 5370
1470 7511
476 6454
2185 4199
2422 4504
1650 7837
3998 5999
988 6959
3135 5324
1088 7348
3387 5580
1501 7461
3698 5771
3802 5664
609 6810
2344 4564
1503 7458
3599 5872
551 6951
1027 7424
937 6830
3502 5286
3391 5174
1578 7968
4036 5838
3915 5696
3844 5647
697 7093
1765 8168
3417 5204
91 6485
2910 4689
905 6790
3413 5210
1766 8178
2911 4681
200 6623
954 6829
2453 4239
1294 7188
1687 8076
847 6740
3333 5145
3731 6029
3890 5676
2414 4174
1418 7339
2965 4791
1544 7979
3352 5179
3196 5471
3960 5724
3921 5748
3220 5553
2452 4274
351 6264
1247 7671
1000 6848
355 6217
992 6858
2026 7873
517 6958
1597 7958
2348 4096
3905 5740
1960 7815
3326 5582
3356 5165
3699 5954
2955 4793
3931 5737
428 6296
2173 4425
616 7004
435 6278
3251 5513
361 6226
2594 4894
1969 7820
22 6440
1972 7819
1675 8139
1551 8014
3080 5449
468 6295
166 6629
3999 5851
2440 4301
352 6181
613 6947
3652 5901
3049 4775
1826 7789
3170 5421
3389 5225
3940 5681
703 7145
4034 5784
1904 7722
1169 7628
2590 4931
608 6974
3708 5923
3138 5414
2252 4520
1481 7340
3179 5388
247 6559
2176 4585
2140 4406
3195 5393
2385 4154
3082 5473
3946 5637
2031 7838
2771 5025
2470 4304
52 6467
814 6745
76 6452
2359 4175
1173 7663
940 6870
2274 4511
2294 4489
620 7149
1713 7987
1173 7447
3854 5773
2196 4368
1102 7627
223 6488
183 6463
788 6813
1873 7899
1012 6782
3777 5965
3527 5194
2086 4520
1482 7237
1965 7714
3575 5223
4060 5709
451 6225
816 6820
3544 5197
2515 4165
3050 4733
112 6632
3053 4724
1439 7174
1885 7878
3783 5991
844 6893
2060 4525
3461 5159
554 7048
287 6332
778 6825
1228 7528
833 6884
686 6923
1974 7699
2374 4321
2820 4780
2354 4250
1847 7839
1051 7602
2474 4097
210 6521
2063 4515
4088 5718
1944 7734
160 6416
1117 7662
3024 4709
1414 7216
2511 4217
4063 5735
835 6909
2901 4843
2419 4300
2816 4799
2223 4463
888 6840
3973 5700
460 6158
1459 7280
2951 4675
2029 7720
3070 4664
3136 5511
1113 7582
1576 8160
1435 7251
64 6536
314 6387
644 6991
2818 4809
2217 4450
3175 5547
3538 5122
432 6242
4050 5639
3189 5539
2109 4581
1135 7606
124 6565
204 6421
518 7133
1073 7658
3979 5719
625 7085
534 7114
3503 5234
943 6770
1621 8117
324 6309
2557 4126
2539 4111
1634 8070
1565 8181
3261 5461
646 7023
3496 5185
2600 5059
92 6577
2504 4133
2165 4506
1760 7952
2396 4269
496 6147
3466 5244
2544 4104
1313 7384
3900 5830
2738 4936
700 6983
2295 4360
2314 4875
2980 4519
291 6944
2874 4415
3069 4597
1448 8097
1811 7449
3870 5396
256 6924
3676 5201
3642 5173
2126 4673
447 7087
2150 4724
3775 5292
94 6731
2556 5097
3415 5953
3135 5673
177 6825
3696 5226
2476 5047
1599 7203
2907 4420
3157 5749
109 6734
2305 4900
807 6414
2231 4765
3277 5863
3752 5252
3776 5356
605 6257
455 7158
3758 5279
3848 5434
165 6806
1985 7669
1207 7811
2964 4513
812 6425
811 6428
856 6511
2764 4347
786 6443
793 6435
208 6891
2725 4251
393 7113
322 6915
1793 7491
2243 4743
645 6336
1403 7998
2775 4242
3749 5346
2088 4719
3786 5250
2909 4373
1582 7271
1384 7970
912 6619
1335 8059
4014 5600
1758 7312
2591 4176
147 6851
1948 7628
1934 7647
1794 7505
3669 5121
3644 5224
2803 4261
568 6254
3621 5234
3065 4513
869 6461
1848 7521
2655 4100
2216 4852
1368 7940
4066 5566
3011 4510
3522 6044
552 6216
79 6700
1370 7993
1876 7472
3455 5914
1956 7618
1543 7279
36 6733
1483 8098
3916 5408
271 7008
3887 5440
1026 7794
3659 5182
2879 4425
2804 4239
2425 4868
2201 4839
44 6828
1121 7904
2854 4516
2480 4915
3887 5545
529 6297
1623 7389
488 7010
2893 4544
1666 7180
999 6505
1424 7966
1055 7824
4040 5464
3115 5819
3961 5609
35 6834
3628 5309
2209 4658
2485 4908
2882 4575
3152 5837
2960 4365
596 6346
3185 5870
2742 4137
821 6551
2844 4543
3089 5813
650 6190
949 6416
2655 4346
3099 5822
3485 5946
1805 7588
549 6287
429 6919
3759 5123
464 7036
4076 5443
479 7024
3619 5267
713 6265
1389 8156
1690 7208
1890 7632
3456 5939
2416 5061
2102 4737
3846 5567
2720 4121
2036 7502
4037 5502
1693 7200
2952 4407
1544 7351
3534 6001
605 6301
1191 7780
2004 7443
2277 4642
3019 4355
779 6595
3214 5703
661 6239
2735 4196
1709 7267
2429 5037
1319 8183
926 6478
1039 7900
1810 7622
514 6359
2064 4808
3506 5995
3885 5616
2491 4965
1680 7246
871 6585
18 6898
3408 6065
2276 4613
3412 6064
1082 7903
1949 7547
1557 7410
65 6822
3601 5369
765 6164
111 6789
945 6492
3873 5583
749 6172
1836 7645
1132 7838
3210 5758
419 6998
3110 5840
2643 4261
3987 5477
2657 4246
3430 6033
1627 7331
3503 5973
3117 5847
1805 7670
1466 8006
2317 5105
3629 5330
2390 4695
2675 4471
2475 4780
1577 7470
3355 5648
2046 7411
642 6540
1593 7465
2513 4801
1089 8017
2877 4140
1026 7955
3263 6061
3463 5781
3075 5905
955 6319
2045 7400
3679 5450
2166 4975
383 6750
1534 7903
1239 8181
1104 8052
124 7000
1845 7184
364 6729
1458 7831
841 6255
4017 5273
3051 4291
2885 4204
1686 7615
2561 4394
1673 7586
1750 7674
523 6437
1028 7978
2987 4228
2174 4945
1500 7923
1831 7186
1471 7818
2677 4418
1490 7915
392 6835
2441 4789
3537 5869
1223 8186
2550 4811
2722 4508
3397 5755
1434 7899
3235 6112
91 6943
3841 5190
2462 4822
751 6567
3251 6139
1647 7462
2003 7321
3443 5695
3743 5587
2195 5085
938 6372
367 6688
3313 6078
2442 4827
270 6748
2369 4627
2950 4309
2456 4812
3702 5410
1315 7798
2644 4353
1293 7765
307 6763
3516 5860
973 6288
582 6424
1252 8123
2585 4473
3960 5145
3129 5976
1275 8089
3895 5205
793 6268
933 6338
3249 6107
1598 7509
190 7122
2247 5034
1865 7225
3129 5964
3674 5420
601 6446
3944 5136
2535 4767
1114 7969
2147 4895
1256 8085
3030 4264
3771 5573
4055 5207
1110 8151
1063 8101
1645 7657
1804 7305
1494 7760
3535 5701
831 6324
1072 8123
3305 6008
618 6648
2836 4224
506 6764
808 6335
780 6294
3188 6127
760 6499
638 6626
806 6331
9 7063
1206 7977
2138 5113
1592 7580
2774 4464
489 6720
1878 7420
998 6218
3889 5276
3021 4195
3436 5827
22 7078
3968 5168
414 6703
1006 6236
357 6865
2431 4809
2995 4106
2873 4226
3152 6125
1715 7538
1 7107
902 6210
2254 4873
2795 4396
2503 4622
423 6766
2155 5031
1930 7236
2210 4978
3146 6040
306 6886
96 7094
4032 5144
3184 6057
1194 8048
2511 4624
3380 5844
1391 7822
303 6861
1807 7404
192 6948
2785 4357
2168 5021
2232 4958
919 6271
3056 4120
3675 5554
544 6602
1221 7982
2010 7222
775 6378
214 6969
1734 7478
2853 4311
438 6722
1079 8131
373 6787
2889 4273
2581 4588
2028 7190
2393 4771
3258 5952
2471 4700
3083 6135
941 6227
3769 5447
2104 5063
3927 5288
2534 5606
1110 6231
768 7938
900 8066
2211 5285
1825 6950
1084 6196
1104 6233
1716 6846
2646 5724
1155 6287
978 8159
2967 6041
3765 4795
2961 6046
4036 5078
2297 5354
1778 6886
3310 4347
2943 5993
2290 5348
3894 4897
1202 6312
2090 5168
3814 4860
1470 6562
674 7870
3432 4470
146 7308
1393 6510
3278 4305
3637 4650
758 7913
2693 5796
1506 6592
350 7549
3583 4571
911 8105
1169 6327
3397 4457
2110 5137
3648 4719
1362 6496
3059 6081
3210 4286
459 7679
3756 4763
3437 4437
4018 5003
2920 5970
4016 5002
481 7642
3810 4830
1659 6724
3228 4259
269 7474
3521 4481
1088 6145
756 7862
1672 6859
1508 6560
2336 5476
4095 5050
2117 5120
2577 5718
263 7488
1491 6555
1571 6762
2454 5599
1664 6858
3548 4502
1607 6668
1218 6281
428 7648
3672 4629
2876 6002
895 7983
407 7621
784 8003
957 8170
2044 7077
2923 5936
2059 5200
3015 6043
1572 6778
1594 6756
893 7965
2092 5196
479 7613
2857 5967
3576 4511
1328 6487
1909 6930
1333 6493
3245 4295
1816 7027
2406 5389
1136 6175
2777 5801
4084 4997
2489 5579
1812 7015
3764 4807
1736 6844
3698 4614
539 7790
3763 4810
316 7494
823 8012
2851 5983
2455 5611
714 7861
1724 6717
3172 4326
2940 6142
851 8151
853 8145
3212 4104
1146 6396
824 8126
268 7562
3467 4365
4026 4925
2975 5912
1681 6681
453 7501
3222 4127
3636 4799
1008 8060
3785 4676
3100 4241
3945 5092
281 7572
2606 5792
3875 5036
1353 6616
1743 6749
2072 5258
1643 6905
3176 4348
742 7792
3275 4189
2793 5759
3140 4307
3482 4354
909 7957
182 7215
747 7793
2712 5635
546 7870
2748 5664
3276 4176
3967 5090
1962 6967
1441 6463
1355 6635
1986 7011
2951 5924
1404 6617
728 7805
857 8188
347 7677
3947 5069
1938 6964
600 7934
3166 4345
2980 5900
537 7857
1785 6739
1892 7118
2233 5138
2072 5299
17 7359
2075 5300
1588 6789
50 7299
2199 5158
1178 6184
2626 5873
2872 6028
1376 6614
890 8131
512 7866
1688 6691
593 7914
3611 4774
777 8137
3012 5893
2115 5249
723 7697
3575 4404
1344 6532
1535 6459
2776 5661
104 7342
622 7846
2063 5318
4035 4873
745 7715
1843 7161
1942 7004
2014 6933
457 7429
1917 7088
747 7718
1031 6345
2504 5400
458 7450
632 7848
2006 6916
361 7610
516 7888
1177 6220
198 7184
2823 6097
3060 5922
2525 5381
25 7361
3878 5118
1702 6782
3529 4368
3980 4949
3973 4959
1162 6225
1508 6456
3407 4499
3918 5008
1821 7106
2841 6137
3027 5938
984 7993
1396 6544
1083 6367
3798 4659
3090 4343
2426 5522
132 7279
221 7219
2315 5605
1509 6411
1719 6744
1843 7132
2829 6141
3876 5078
682 7769
657 7781
1815 7139
604 7849
977 7976
299 7638
1274 6149
315 7225
2895 5706
437 7346
1153 6537
3858 4635
595 8024
3100 4375
393 7301
274 7198
387 7310
3951 4705
3462 4244
73 7515
2962 5760
207 7644
3078 4370
416 7349
2908 5705
3669 4940
445 7335
1224 6610
2694 6045
2710 6070
1767 7109
921 7867
3985 4787
365 7241
1377 6215
2772 6140
755 8154
798 7733
3055 5827
3845 4648
2986 5786
1109 6500
3367 4117
1138 6474
3403 4210
733 8167
2235 5504
703 8068
3561 4306
1284 6200
54 7432
1015 7881
2758 6137
1422 6321
2990 5777
513 8001
784 7760
2717 6108
3667 4887
805 7779
2052 5442
2119 5377
1829 6754
3827 5051
1918 6711
2328 5202
739 8104
4079 4771
2724 6121
780 7746
3957 4647
3891 4710
2743 6112
233 7601
3539 4235
2732 6133
3566 4276
995 7865
3373 4214
3053 5814
1022 7840
2361 5222
1987 6812
3600 4943
51 7507
1166 6636
1884 6719
3626 4943
1734 7073
2772 6076
2167 5404
3227 4599
1983 6866
4001 4815
2647 5945
1742 7072
1812 6756
108 7453
2515 5281
544 8020
2785 6037
2260 5536
59 7502
1659 6926
2708 6122
2128 5422
3587 4988
965 7749
3551 4191
2766 5967
1158 6407
2528 5217
4010 4648
472 7259
865 7908
3861 4755
2624 6087
3441 4342
2161 5625
3495 4141
3690 5094
934 7720
3472 4096
2187 5402
3501 4156
2299 5481
2717 5903
2462 5133
2123 5592
3077 4497
2673 6117
1496 6223
1574 7101
3695 5108
3094 4490
3479 4105
2257 5454
2068 5556
1373 6397
2014 6780
2466 5127
414 7227
1960 6669
4023 4638
1424 6202
695 7964
3134 4501
1382 6349
1517 6209
3205 4392
3764 4890
2517 5221
641 7984
3159 4580
1405 6344
336 7402
2751 5891
3346 4270
1002 7766
766 8003
3925 4840
2345 5271
1871 6897
2467 5148
1628 7068
1236 6420
3720 4937
3865 4824
1511 6182
1746 6932
3906 4750
794 7892
1047 6616
2085 5621
3921 4736
473 7176
3686 5044
554 8184
1715 7009
2016 6707
772 7890
4013 4730
2541 5173
3964 4773
1174 6474
2059 5590
3746 4934
698 8031
1421 6248
1237 6448
1427 6260
154 7538
1702 6988
1528 6163
1415 6251
4067 4621
4028 4691
3799 4920
503 7174
1176 6506
430 7258
3768 4941
2042 6669
217 7459
2285 5399
371 7304
2554 5121
3115 4560
682 8023
1447 6234
2370 5955
247 7924
69 7750
3902 4410
3732 4241
987 7645
665 7313
818 7482
2939 5488
863 7508
2521 6101
374 8058
2211 5807
3997 4499
3498 5028
1946 6538
1759 6350
1983 6574
1154 6801
3439 4984
2721 5302
1802 6419
186 7847
280 7941
3589 4120
2041 6630
1366 7031
1714 6288
1154 6816
3604 4151
1369 7037
168 7821
3471 5034
3942 4430
1068 6660
533 7228
829 7444
722 7416
2982 5516
3686 4172
3442 4956
755 7388
2336 5904
363 8025
1747 6368
2938 5449
2866 5382
1040 6693
3625 4127
2767 5367
1692 6308
342 8040
3454 4929
3 7740
2969 5542
3424 4900
1398 6963
545 7270
1017 7600
2499 6026
10 7745
3197 4657
959 7666
3283 4764
2774 5273
320 7956
3196 4649
2200 5839
1381 6973
302 8054
3080 4690
2445 6102
2027 6576
504 8101
3441 4889
3137 4649
1656 6161
2196 5887
2178 5870
2088 5701
3788 4258
2419 5916
1145 6678
3370 4954
213 7844
19 7778
1516 7070
86 7716
1970 6596
2116 5683
1453 7125
679 7390
3032 5538
3800 4259
1054 6755
3241 4823
3246 4654
3154 4818
2501 5956
292 8102
3137 4803
2639 5324
3175 4836
2108 5817
455 8002
2953 5391
1671 6159
3048 5472
3682 4331
3808 4202
1392 7163
1780 6266
174 7713
2778 5194
2635 5339
2947 5395
2614 5287
1761 6260
1228 6745
3811 4214
1513 7039
1939 6405
1380 7165
1921 6427
1596 6311
1033 6805
535 7305
2302 5728
2677 5355
3585 4257
4033 4449
1691 6201
3531 4968
1150 6877
3369 5002
2963 5430
855 7665
2293 5725
1641 6336
961 7531
1381 7112
3088 4798
1926 6441
1914 6603
1932 6457
925 7464
2433 5940
2054 5823
1229 6772
1684 6189
2955 5425
465 8042
2087 5788
2945 5437
2169 5828
3681 4319
4038 4358
1985 6401
1438 7006
427 8047
3615 4315
1649 6325
293 8160
3821 4139
2118 5761
3970 4421
269 8132
2414 6052
1589 6398
1633 6317
2112 5774
345 8087
2564 5322
3925 4506
228 7732
3361 5107
264 8154
2754 5142
2790 5170
2284 5689
2488 5997
2873 5612
3574 4896
454 7953
2988 5499
3004 5483
1727 6247
2594 5370
441 8035
3850 4560
1769 6194
1064 6900
1417 6999
1594 6373
1279 6683
4055 4401
952 7518
920 7550
1444 6978
3333 5090
2089 5838
828 7637
991 7477
2476 5958
2273 5647
1403 7051
4092 4364
744 7193
492 7960
3105 4821
3307 4639
2234 5708
2257 5670
1348 7102
1428 7016
802 7646
2659 5279
3366 5080
1232 6702
4043 4404
2350 5678
1353 6731
3597 4366
1788 6648
2609 5428
3588 4354
2650 5469
3163 4947
525 7431
3143 4940
1096 6979
1584 6459
3093 4889
3839 4595
431 7842
3280 5086
3553 4849
2225 6049
2081 5936
1307 6665
3709 4462
2678 5477
945 7330
584 7515
222 8141
835 7253
1267 7145
3113 4915
536 7480
604 7548
2448 5809
1548 6445
2432 5794
662 7604
3629 4366
1095 7009
2768 5622
2436 5795
1994 6370
4029 4245
874 7235
2989 5252
105 8000
1217 7147
2292 6110
3667 4479
1305 6709
542 7475
3284 5115
1155 7089
1209 7051
1107 7008
3646 4362
673 7573
3295 5098
1182 7080
3831 4544
2604 5403
3566 4823
3231 5028
1984 6395
730 7654
774 7224
3806 4577
1234 7059
1275 7098
2786 5539
2500 5766
2191 6093
1128 6955
2402 5668
878 7207
84 7961
1210 7159
1806 6209
3850 4184
3274 5016
3966 4138
3451 4654
2733 5626
2073 6011
1231 7077
164 8138
1623 6438
3975 4341
3158 4898
4000 4308
136 8188
2137 5932
924 7401
1394 6661
3464 4848
2902 5167
1276 7046
1782 6540
1206 7116
2005 6318
1007 7315
162 8159
2709 5608
2006 6315
1609 6455
2161 5903
1187 6947
739 7522
1271 7029
1212 6974
3425 4834
2959 5130
771 7302
2318 5771
2132 6099
2852 5283
3473 4633
1385 6881
370 7931
1768 6499
504 7785
2912 5362
1733 6487
1846 6306
758 7523
201 8030
3128 5024
1409 6681
3836 4453
1558 6543
1292 6807
4085 4201
572 7585
879 7408
3500 4621
1852 6302
2172 6111
2372 5856
4094 4186
1642 6606
1875 6390
1299 6837
3840 4263
1923 6180
3785 4449
1431 6717
433 7706
1708 6402
4027 4107
2197 5925
3014 5236
3088 5026
3133 5003
876 7386
3703 4558
2079 6054
2810 5440
3423 4837
70 8189
2877 5254
1537 6586
2975 5155
3006 5120
587 7668
695 7543
3270 4871
338 7827
3382 4853
4020 4208
2465 5733
3489 4708
1157 6979
3016 5135
2815 5431
1957 6255
181 8056
1736 6405
2983 5236
831 7403
2181 5969
1359 6809
3282 4868
1828 6386
1770 6461
2544 5671
3670 4494
1262 6966
475 7682
3851 4305
1651 6575
1412 6744
2771 5389
330 7828
1951 6270
3990 4212
4065 4103
118 8080
3712 4458
3477 4729
2021 6165
1550 6655
1993 6202
498 7686
3650 4535
2465 5716
651 7549
2582 5601
1981 6212
3056 5129
2526 5668
3311 4885
3452 4743
3845 4350
3132 5057
494 7697
1008 9200
1290 9480
205 8392
464 8661
726 8926
49 8248
155 8336
284 8456
1490 9668
521 8720
972 9173
1299 9481
148 8372
600 8827
996 9155
681 8833
885 9048
1254 9419
1109 9339
219 8427
1522 9670
1181 9378
1567 9818
1345 9484
313 8555
738 8880
657 8901
737 8886
95 8198
304 8528
1654 9749
212 8354
224 8343
133 8197
557 8876
634 8952
43 8366
163 8229
1069 9376
1766 9846
986 9033
1258 9337
1187 9271
243 8296
1425 9482
704 8801
700 8735
157 8239
773 9136
394 8498
1217 9342
240 8271
807 9186
581 8852
1354 9625
849 9098
1126 9400
340 8628
1436 9592
759 8720
1356 9632
1289 9727
772 9202
949 9036
1480 9522
1017 8966
380 8316
1355 9290
309 8246
505 8445
59 8509
131 8587
643 9097
1116 9555
1185 9654
1 8475
565 9001
420 8377
896 8864
471 8437
1075 9494
1134 9537
1298 9277
1200 9600
1294 9279
1325 9247
1136 9539
965 8958
11 8520
1928 9920
1167 9671
232 8611
14 8513
143 8671
223 8591
871 8755
702 9193
1881 9730
798 8771
301 8269
1857 9767
109 8458
1035 9571
145 8672
1819 9838
1457 9414
353 8216
802 8795
1959 9947
694 9162
717 9137
875 8726
1899 9963
381 8444
295 8358
1191 9507
592 9183
15 8606
1070 9660
1947 9742
1163 9501
1486 9302
443 8225
1363 9423
1099 9687
303 8331
370 8404
1246 9592
1954 9733
130 8493
567 9093
336 8418
698 8967
486 8283
1456 9230
1939 9793
325 8342
2043 9774
1387 9392
1458 9303
1506 9226
477 8244
218 8503
1214 9549
1073 9666
1478 9269
527 9210
1157 9596
1784 9987
1261 9494
1092 9799
332 9026
1840 9510
928 8631
419 9146
501 9172
1129 9802
320 9060
931 8583
629 8273
1944 9661
297 8975
272 9014
568 8208
19 8761
1817 9525
1721 9365
133 8875
1801 9510
578 8306
1567 9262
1799 9524
576 8317
1365 9988
34 8823
185 8942
1864 9513
1220 9893
1142 9748
1538 9312
317 9054
274 9078
1595 9310
1718 9427
648 8430
1603 9257
189 8904
1782 9345
635 8194
1790 9348
246 8842
506 9082
82 8917
1762 9323
47 8870
88 8914
510 9077
1416 9991
894 8686
424 9022
503 9071
1595 9383
1171 9740
918 8508
1174 9789
1611 9444
1279 9807
1580 9369
1049 9903
761 8253
810 8674
328 9089
1039 9924
1916 9655
296 9190
1663 9392
1956 9590
1149 9899
1111 9857
1123 9908
371 9131
459 8977
2030 9522
197 8728
1494 9993
1697 9283
953 8540
139 8812
1764 9229
1634 9355
111 8835
233 8710
283 9195
1071 9950
1592 9417
1820 9704
403 9063
1814 9710
1713 9293
385 9086
1240 9767
1787 9220
1804 9228
2045 9468
1631 9563
903 8321
2009 9438
273 8726
556 8485
139 9089
1735 9674
141 9119
1554 9472
1945 9354
471 8899
975 8410
858 8268
333 8813
173 9099
135 9131
1384 9797
167 9110
562 8448
209 9189
519 8497
1686 9646
940 8342
1976 9347
1550 9550
1340 9852
238 9135
822 8308
1566 9565
1763 9638
1325 9829
904 8385
594 8448
989 8329
275 8779
1777 9643
510 8863
670 8701
1971 9430
917 8434
663 8703
1547 9570
123 8976
776 8312
585 8505
170 9176
743 8596
522 8574
1515 9885
1558 9582
187 9153
1393 9738
891 8440
192 9029
1831 9376
547 8612
1952 9259
1504 9836
1850 9386
1310 9871
1507 9840
507 8808
1768 9595
1975 9250
1012 8300
1316 9917
1579 9649
1004 8270
530 8638
1459 9729
1438 9772
1563 9647
1913 9421
689 8452
993 8276
156 9002
819 8329
592 8687
1433 9817
1359 9869
1968 9331
1821 9433
1579 9709
886 8382
47 9191
1387 9890
1982 9333
300 8928
1413 9802
520 8667
354 8886
1432 9805
202 8991
252 8992
468 8715
2017 9221
1330 9940
267 8929
1695 9588
401 8829
1400 9878
215 9016
134 9065
1618 9632
260 8944
1502 9768
803 8408
11 9207
1903 9362
1810 9452
167 9380
1627 8797
1439 8598
1719 8889
579 9808
745 9981
434 9636
1046 8192
1750 8911
1940 9102
1413 8603
1475 8668
1518 8655
1205 8337
84 9342
1682 8888
286 9518
1718 8839
1675 8889
1273 8398
1271 8396
1861 8965
224 9379
290 9572
1838 9058
1451 8678
526 9792
1401 8489
710 9879
509 9644
548 9847
1051 8269
1183 8390
1135 8245
2042 9127
1851 9051
511 9630
1374 8507
206 9381
590 9762
380 9488
1133 8193
251 9364
1825 9040
1996 9144
1607 8761
2038 9097
430 9516
742 9839
566 9915
383 9707
1213 8233
1668 8732
618 9969
1698 8767
1973 8981
1577 8847
482 9547
635 9942
10 9380
432 9503
545 9872
1832 9118
207 9335
1904 9160
1080 8322
1856 9088
1957 9057
627 9910
1133 8357
1752 8722
331 9600
1626 8855
94 9358
1837 9213
528 9923
328 9629
1052 8393
236 9273
621 9910
131 9318
1657 8849
1949 9073
1678 8803
1498 8500
439 9561
31 9457
1679 8830
342 9636
569 9931
2015 9003
1919 9099
1170 8303
83 9389
1446 8357
850 9815
1858 8773
2046 8940
1866 8796
1888 8826
1440 8379
1940 8840
1491 8435
35 9475
1916 8792
1468 8345
209 9718
1728 9194
1991 8938
1004 9945
1395 8261
1870 8821
395 9399
1392 8270
1665 9160
1091 8462
1216 8590
854 9732
502 9379
1860 8735
1753 9092
66 9507
778 9835
1499 8381
77 9514
1343 8278
796 9841
1590 9031
1625 9005
894 9734
928 9945
1925 8711
1370 8408
217 9565
264 9357
1421 8196
1923 8713
219 9559
1759 9039
1689 8971
1300 8327
1822 8843
1455 8247
1296 8330
25 9603
1936 8718
801 9918
1786 9048
1358 8426
379 9426
1290 8378
1968 8706
1585 9095
782 9911
1570 9117
81 9616
1300 8409
452 9225
511 9261
1320 8443
840 9886
358 9405
227 9475
1992 8745
1559 9206
164 9542
881 9877
1383 8323
911 9831
282 9456
1498 8240
1744 9019
461 9254
397 9315
1986 8749
1549 9215
1204 8526
1236 8488
1324 8401
1028 8697
1662 8317
1658 8319
99 9834
1754 8406
39 9782
741 9462
693 9382
823 9505
1221 8925
580 9309
595 9330
1001 9677
753 9428
1269 8927
598 9339
175 9886
160 9873
138 9913
179 9856
1685 8352
87 9825
184 9859
892 9537
1175 8873
132 9914
558 9233
1521 9143
842 9485
39 9836
52 9849
1327 9085
1496 9098
1101 8729
1410 9174
1248 8888
856 9472
1796 8542
676 9413
68 9763
619 9242
1622 8229
1573 8275
1953 8665
1512 9104
667 9442
243 9864
947 9678
1597 8258
1418 8968
149 9757
937 9504
1417 8963
1769 8313
1617 8386
37 9907
1600 8407
1115 8896
2007 8523
1869 8656
1103 8943
2035 8535
957 9499
969 9571
1654 8413
901 9515
1014 9540
1351 9203
1114 8943
1361 9192
151 9771
1581 8425
1287 9155
1519 9001
463 9989
848 9626
719 9217
1318 9200
45 9979
920 9551
1717 8299
1358 9135
1527 8981
692 9303
878 9611
1876 8637
1105 8891
1618 8382
995 9495
1674 8319
1282 9211
1711 8276
1691 8592
1409 8848
1238 9159
1671 8597
400 9858
277 9735
1080 9003
1529 8928
38 9984
1168 9142
1589 8479
696 9621
982 9465
637 9549
1655 8518
1493 8929
1429 8879
822 9226
935 9368
1803 8267
1552 8528
1347 8707
273 9810
1184 9190
1553 8534
587 9473
1120 9004
1911 8250
1809 8287
1745 8577
291 9842
1211 9197
1129 9009
1113 8965
1222 9112
1045 9076
1465 8915
655 9725
992 9365
982 9377
1259 9107
1067 9041
688 9521
748 9583
1834 8364
1731 8521
539 9616
410 9751
434 9791
518 9608
1942 8198
716 9566
791 9349
1510 8820
1635 8697
1018 9316
1823 8320
2035 8272
601 9722
720 9587
1845 8351
1947 8241
493 9798
2005 8292
1725 8457
1834 8351
363 9950
378 9935
321 9976
1507 8799
1165 9011
908 9267
1776 8497
1608 8585
1161 9034
405 9809
602 9618
1514 8738
1584 8698
321 9870
658 9536
1997 8219
1517 8762
921 9294
630 9646
746 9527
1241 9010
1624 8616
1247 8995
598 9640
2280 8424
3756 9901
2632 8780
3187 9332
3319 9469
3130 9264
2794 8934
3378 9504
3375 9531
3383 9505
2597 8754
2979 9147
3728 9865
3354 9476
2123 8297
3632 9748
2648 8830
2866 8985
2794 8900
2791 8905
2057 8253
2687 8779
2340 8478
3477 9640
3108 9318
3766 9972
3918 9994
2959 9161
3526 9601
3044 9134
3622 9837
3400 9477
2307 8530
2227 8423
2962 9163
3817 9908
2576 8782
3276 9362
2083 8316
3303 9400
3331 9573
3691 9740
2259 8383
2246 8362
3380 9542
2761 8880
3638 9805
3211 9461
2510 8525
2454 8466
2242 8266
3683 9966
3722 9752
3211 9240
3573 9574
2773 8769
2691 8728
3645 9894
2620 8865
2310 8603
2843 9145
3007 8986
3557 9544
3371 9627
3095 9390
3838 9795
2480 8565
2143 8345
2918 9133
3292 9234
2936 9128
2796 8765
2335 8649
3026 8971
2640 8844
2945 9052
2658 8893
3336 9704
2066 8437
2498 8491
3702 9885
3451 9620
2552 8459
3827 9728
2452 8547
2905 9124
3109 9508
2061 8463
3288 9690
3867 9747
2526 8396
3145 9563
3123 9511
2270 8649
2183 8605
2821 8734
2358 8234
3974 9881
2222 8589
3140 9568
2340 8193
2700 9126
3893 9728
3297 9684
4041 9980
2557 8391
2451 8402
2482 8438
3965 9787
2583 9054
2840 8785
2750 9205
4050 9881
2930 8766
3871 9806
2928 8740
2996 8931
2669 9008
3908 9753
3456 9447
2103 8542
3001 8912
2129 8481
3244 9693
3450 9224
2108 8512
3386 9286
2207 8674
2444 8200
2667 9184
3005 8754
2138 8648
2803 9056
2713 8962
2446 8210
4071 9850
2663 9159
2380 8431
3204 9506
3162 9713
3904 9964
3222 9509
2707 8997
2589 9127
3247 9491
3910 9978
2431 8383
2921 8874
3448 9404
2705 9044
2096 8695
2530 8235
2910 8855
2512 8220
2164 8635
3849 9926
2674 9120
3171 9652
2654 9090
2683 9115
3820 9992
2282 8461
2398 8369
2281 8454
2647 9122
2457 8300
2342 8411
2867 8499
3859 9503
2715 8340
2124 8797
3815 9461
2243 8917
3648 9311
3656 9322
2463 9143
2999 8605
2096 8731
3064 8660
2549 9157
3970 9650
2731 8346
2190 8895
2783 8426
2248 8950
3609 9255
2800 8399
3001 8582
2182 8902
3816 9384
3041 8611
3963 9533
3261 9979
4002 9701
3313 9913
3589 9288
2077 8781
2386 8967
2163 8747
2997 8685
3731 9418
3971 9688
3684 9216
3924 9521
2343 9024
4079 9605
3716 9448
2487 9176
2325 9082
3755 9434
4032 9651
2672 8204
3937 9697
3109 9894
2665 8428
2503 9025
2718 8215
3327 9845
2850 8617
2154 8934
3727 9216
2702 8222
2162 8930
3314 9827
2860 8638
3913 9680
3178 9975
2988 8498
2929 8687
2615 8347
3676 9457
3148 9981
3112 9883
3606 9378
3736 9261
3726 9272
2675 8395
2384 9196
3766 9227
4016 9584
2223 8813
2232 8828
2129 8852
2588 8406
3250 9854
2831 8642
2541 8969
2241 8741
3294 9785
2687 8344
3780 9251
3823 9222
2712 8307
2575 8419
2175 8851
2157 8834
2394 9130
2055 8946
2074 8984
3532 9928
2745 8639
2642 8536
3852 9222
2739 8639
2332 8721
3862 9240
2811 8682
3821 9720
2494 8872
3418 9804
3328 9758
4048 9460
3782 9699
2956 8362
2051 9007
3356 9777
3652 9591
3594 9532
3336 9790
2811 8652
3492 9875
2637 8564
2367 8709
2705 8618
3950 9298
3405 9843
2322 8787
3036 8349
3767 9716
2404 8736
3417 9759
3538 9876
2298 9149
2256 9116
3023 8321
2302 9133
2604 8569
2915 8245
4075 9395
2289 9129
3462 9951
2346 8816
3421 9731
3882 9332
2947 8417
2891 8226
2549 8863
2146 8969
3449 9749
2918 8213
2607 8537
2744 8641
3596 9591
2329 8802
3750 9691
3649 9665
3933 9435
3915 9411
2828 8324
3993 9232
2737 8506
3581 9830
2780 8515
2483 8723
3947 9418
3951 9417
2684 8666
2333 8887
2128 9185
3411 9957
3668 9711
2561 8634
2935 8374
3834 9528
2415 8877
3693 9641
3770 9586
3046 8238
2164 9148
3771 9587
2972 8275
3039 8205
2258 8960
3610 9678
2944 8277
2929 8358
3518 9833
2792 8501
3472 9806
2714 8571
2159 9100
3071 8217
3366 9921
3549 9777
2985 8261
3394 9901
3605 9703
3494 9812
3483 9839
3412 9900
2464 8796
2670 8593
2694 9862
3637 8758
3173 8294
2371 9541
2370 9540
2411 9569
3735 8860
2612 9785
3102 8205
3185 8293
2507 9683
3727 8854
3914 9043
3406 8532
3224 8324
2374 9562
2149 9336
2357 9515
3871 8961
3402 8552
4024 9116
3250 8346
3763 8857
3322 8407
2358 9486
2399 9575
2269 9446
3679 8804
2798 9899
3620 8803
3533 8578
3604 8772
2693 9941
2060 9311
4013 9211
3166 8199
3583 8608
2190 9455
3445 8470
3221 8441
3709 8723
2314 9593
3841 9080
2100 9289
3781 8891
2802 9868
2520 9638
2193 9454
3141 8388
3662 8909
3395 8647
2636 9928
2633 9933
3820 8810
4019 9012
3977 8974
3467 8451
2208 9259
2798 9827
3104 8365
2733 9762
2713 9739
3713 8725
3624 8892
2459 9474
2077 9346
3389 8610
2780 9853
4073 9035
3655 8932
3446 8661
2581 9905
2389 9715
2766 9830
3490 8459
3520 8553
2423 9693
2229 9246
3622 8843
3500 8479
2220 9247
3985 8999
2603 9884
2082 9370
3941 9181
3003 9985
2505 9589
2347 9623
3475 8531
3746 8802
2231 9334
3734 8787
3437 8619
3131 8435
2422 9663
3426 8617
2061 9409
3969 9037
3497 8548
2271 9230
3252 8295
3828 8736
2598 9983
3983 9042
3364 8698
3605 8948
2748 9822
3995 9086
3169 8327
2487 9552
3835 8732
2409 9601
2346 9670
2109 9420
3920 9121
2348 9695
2690 9847
2445 9585
2663 9882
3365 8666
3293 8226
2381 9294
4091 8959
3544 8414
2884 9794
2224 9659
3112 8485
3309 8675
3550 8400
3658 9040
2448 9358
3767 9128
3748 9092
3757 9103
3884 8719
4089 8915
3114 8453
3126 8452
2250 9721
3512 8334
2291 9673
3826 9161
3505 8330
3429 8283
4010 8853
3141 8455
2392 9245
3274 8591
3881 8815
2202 9687
2913 9778
3239 8702
3408 8240
3607 9079
3684 8966
3773 9179
3335 8298
2961 9953
2528 9363
2212 9682
3409 8234
2249 9545
3374 8367
2428 9470
3822 9068
3691 9198
3235 8488
2500 9295
3747 9000
3837 9060
2149 9726
3453 8416
2439 9249
2335 9390
3363 8337
3264 8563
4081 8776
3562 8235
3186 8624
4022 8831
2863 9958
2213 9580
3642 9203
3573 8254
3930 8849
3673 9108
3917 8861
3142 8607
2421 9388
3732 9037
2836 9934
3239 8569
3584 9186
3966 8859
3000 9821
2553 9244
3367 8399
2205 9581
2506 9278
3593 9201
3050 9747
3435 8336
3931 8871
3086 8719
2916 9573
3900 8511
3447 9087
4046 8644
2808 9460
2805 9466
2672 9312
3267 8913
3116 8760
3368 9011
2296 9949
3236 8844
3017 9697
3215 8895
2985 9624
3049 9682
2842 9567
3266 8836
2262 9880
4019 8677
3603 8260
3858 8517
2577 9293
3322 8869
3048 9615
3171 8712
3978 8678
3486 9202
3708 8210
2824 9595
3432 8987
3033 9647
2602 9309
3159 8746
2184 9974
3253 8906
3047 9624
3707 8442
3739 8222
4083 8566
2278 9824
2175 9976
3279 8775
3327 8822
2958 9502
2100 9895
2662 9467
4004 8507
3028 9588
3495 8964
2266 9855
4009 8449
2936 9681
2858 9604
2835 9661
4040 8570
3204 8755
4048 8552
2688 9276
2234 9732
2825 9672
2821 9671
3117 8937
3459 9030
2178 9800
3625 8421
2139 9866
3457 9042
3106 8951
3706 8364
3315 8747
3306 8753
2749 9313
3454 9123
2727 9286
3779 8225
3028 9526
2704 9331
3936 8581
2905 9660
3306 8716
2578 9464
3127 8902
3986 8545
3907 8630
3647 8394
3847 8689
2299 9731
2618 9414
2127 9904
3661 8518
3067 9462
2839 9241
3528 8903
3835 8683
3682 8560
3383 8739
2355 9769
3968 8350
2743 9619
3675 8574
2972 9397
2924 9287
3098 9009
3616 8460
2319 9760
2899 9340
2991 9370
2623 9480
3375 8727
3065 9411
3888 8202
4056 8418
2891 9329
4037 8446
3580 8898
3074 9027
2820 9285
3377 8819
2468 9953
3384 8829
3379 8824
3627 8544
2366 9845
3530 8837
3002 9450
3318 9122
2753 9620
3029 9357
2495 9958
4058 8323
3791 8597
3701 8489
2969 9413
2779 9607
3165 8963
2643 9523
3898 8282
3404 8750
2925 9224
2309 9837
2420 9756
3428 8718
2610 9538
3399 8759
3825 8577
2359 9792
3010 9402
3833 8579
3816 8557
3817 8558
3179 9185
2893 9409
2788 9577
3670 8644
2574 9626
3201 8980
3487 8709
2532 9855
3106 9151
3601 8590
3414 8948
4061 8309
3582 8786
3317 9049
2793 9560
3813 8535
3066 9289
3085 9145
3837 8523
2412 9946
4057 8291
3481 8743
2808 9531
3612 8664
3126 9212
2846 9422
3452 8876
2633 9617
2696 9553
3896 8423
4091 8218
2701 9578
3238 9038
3932 8370
3347 8956
3043 9239
3668 8622
5397 9495
4335 8428
4197 8289
4385 8487
4441 8533
4110 8195
5095 9194
4960 9070
4703 8781
4363 8472
4994 9109
4215 8288
5810 9875
5366 9424
4253 8374
4641 8717
5661 9779
5014 9124
4207 8284
5944 9997
4814 8955
4944 9062
4738 8892
4277 8436
5644 9803
5495 9535
4600 8627
5495 9530
4191 8209
4402 8572
5754 9775
5282 9463
5385 9553
4101 8284
5787 9921
4531 8659
4808 8864
4136 8259
4256 8397
4142 8256
5251 9458
5391 9594
4237 8439
4369 8554
5315 9407
5329 9391
4688 8751
5646 9866
4098 8338
4713 8952
4864 9111
4914 9130
5147 9346
4651 8881
4244 8206
5207 9416
5000 8983
5883 9818
4298 8299
5634 9892
5267 9268
5507 9512
5083 9079
4857 8791
5161 9350
4626 8893
5066 9083
5253 9271
4284 8207
5182 9347
5359 9297
4174 8334
4656 8944
5876 9782
5725 9877
5811 9849
5296 9338
5534 9554
4504 8534
5364 9275
4536 8567
5181 9453
5650 9920
4570 8462
4781 8818
5476 9604
4840 8715
5434 9689
4704 8837
5301 9308
5654 9977
4571 8490
4263 8277
5245 9359
4725 8845
4468 8589
5032 8874
4432 8274
4323 8679
5953 9796
5231 9575
5039 8868
5327 9692
5617 9452
4414 8224
4456 8264
4856 9170
5944 9739
6138 9929
4773 9105
5494 9282
4122 8495
5032 8861
4778 9117
5400 9310
4178 8468
6031 9924
4865 8784
5962 9755
5278 9676
4371 8260
5713 9993
5405 9287
6114 9919
6117 9915
5582 9361
4620 9068
4904 8777
4438 8252
5218 9484
4699 9013
5930 9816
4389 8272
5256 9725
5042 8901
5959 9776
4170 8496
5250 9479
5192 9669
5898 9863
5122 9613
4675 9170
4271 8508
5164 9658
4829 9031
5305 9502
5174 9631
4861 9047
5501 9420
5913 9889
5169 9610
4278 8456
5987 9949
4168 8586
4828 8990
5535 9292
4457 8378
4705 9141
4766 9030
5085 8710
5308 9568
5233 9645
4879 8914
4645 9156
5991 9861
5103 8714
4439 8380
5319 9516
4412 8403
4507 8297
4533 8268
4234 8561
4566 8237
5241 9602
4243 8556
4295 8504
4939 8527
4748 8348
5852 9422
4424 9043
4950 8567
5882 9432
4500 9150
4676 8302
4856 8402
4607 9171
5790 9393
6030 9662
4599 9158
6014 9548
5342 9961
5219 9816
4213 8778
5889 9534
4317 8862
5014 8668
5018 8657
5732 9257
5999 9534
6108 9615
4929 8469
5992 9535
5800 9458
5291 9968
5751 9238
4846 8335
5935 9546
4976 8473
4800 8363
5257 9954
5351 9867
4842 8348
5990 9488
5690 9282
5187 9784
4473 9214
4912 8635
5191 9932
4265 8742
5087 8527
4193 8945
4374 9090
4822 8257
4789 8237
5703 9436
4623 8340
5696 9436
4962 8640
4768 8202
5776 9274
5537 9998
6116 9557
4181 8935
4718 8404
4941 8688
5183 9857
5782 9256
4555 8974
5569 10000
5593 9996
4905 8703
4841 8254
4380 9214
6047 9597
4487 9056
4625 8443
5126 9963
5177 9940
5888 9709
4370 9212
4402 9152
5699 9398
5853 9253
5895 9726
4884 8686
5628 9980
5496 9850
4613 8460
4310 9180
5457 9821
4869 8201
4545 8908
5837 9667
4582 8937
4542 8879
5763 9622
4921 8224
4821 8692
4339 9168
4930 8289
4802 8683
5879 9694
4385 8717
4801 8684
4805 8682
5663 9519
4254 9132
5176 9995
5676 9496
4206 9046
4777 8595
5041 8332
4188 8985
4460 8742
4129 9066
4933 8212
4469 8748
5096 8373
4772 8645
5705 9512
5654 9589
5064 8367
4493 8935
4569 8883
5835 9637
4693 8506
4372 8805
5986 9233
4116 9057
4731 8461
4268 9005
4788 8501
4982 8439
4223 9210
5976 9439
5938 9403
4489 8733
5824 9556
5614 9848
5562 9765
5491 9964
4999 8230
5636 9633
4478 8919
4249 9014
4665 8584
6046 9258
5415 9874
5917 9384
5576 9840
4757 8494
4669 8576
4922 8442
4209 9136
4692 8599
4143 9193
5946 9468
4745 8526
4299 8972
5656 9684
4614 8663
5958 9367
6086 9237
4839 8496
4630 8654
6123 9265
5574 9754
5110 8232
4427 8875
5385 9965
5961 9377
5547 9794
4700 8629
4691 8633
4463 8860
4793 8524
4514 8794
5949 9415
4720 8587
4169 9138
5666 9689
5935 9428
5298 8368
5430 8499
4136 9254
4157 9266
4163 9299
4211 9315
6038 9095
4269 9401
5653 8704
5392 8455
4128 9273
5371 8422
5590 8651
5922 9020
5783 8885
4863 9947
5689 8734
4401 9497
4186 9330
4628 9790
4774 9873
4686 9842
5383 8505
4462 9518
6129 9140
4769 9956
6080 9094
4490 9664
6023 9163
5657 8776
4828 9870
5773 8926
6119 9137
4617 9833
5309 8414
5550 8653
5206 8241
5333 8381
4107 9319
4735 9746
4339 9345
5623 8579
4990 9991
4257 9437
4643 9820
5829 8768
4381 9627
4478 9721
4761 9745
5626 8563
5457 8669
4543 9523
5747 8957
5518 8476
5146 8322
6087 9053
4151 9387
5265 8206
4498 9520
6015 9181
5247 8410
5863 8770
5606 8524
4524 9474
5195 8420
5268 8228
5687 8839
4314 9321
5396 8622
5801 8722
4721 9933
5444 8696
4515 9500
5695 8959
4679 9860
4574 9489
6129 8993
4786 9826
6124 9023
5329 8200
5961 9104
4569 9476
4230 9305
4595 9491
5910 9204
4796 9823
5335 8242
5769 8815
4397 9674
5405 8694
4558 9506
6096 8993
6062 9055
5253 8304
6047 9065
5834 8764
4797 9797
5353 8209
5489 8585
5384 8691
5657 8933
5896 8712
4452 9326
5198 8514
4112 9500
4249 9623
4591 9470
4102 9492
5736 9087
4903 9776
5180 8484
5884 9188
4267 9654
4251 9656
4266 9614
5746 9045
5298 8602
5364 8665
5359 8670
4660 9984
5618 8389
5591 8427
5563 8326
5100 9939
5743 9006
5518 8395
4479 9270
5981 8724
5416 8290
5296 8701
5211 8469
6003 8764
5688 9064
5308 8685
5594 8328
5059 9872
5446 8211
5744 8998
5738 9021
4403 9316
4977 9770
5184 8478
5784 9208
5560 8409
6034 8954
4123 9586
5949 8788
4541 9425
6111 8882
4262 9675
4945 9788
5963 8760
4412 9290
4281 9679
5311 8648
5947 8771
5212 8487
5973 8745
5850 9050
5722 9179
5877 9078
5332 8541
4218 9713
5288 8504
4177 9712
4255 9532
5397 8371
5213 8699
5726 9209
5423 8325
5868 9024
4426 9446
4119 9657
4998 9783
5942 8836
4149 9606
4134 9618
5697 9205
4448 9431
5247 8646
5850 9061
5982 8856
5815 9073
4886 9937
6071 8831
4302 9479
4135 9706
5134 8670
6058 8824
6027 8799
5313 8470
6114 8757
5530 8256
5719 9101
5089 9787
5828 8984
5375 8482
5368 8486
4946 9869
4222 9629
4359 9443
4866 9960
5797 9038
5303 8539
4573 9266
6128 8706
5202 8609
5451 8376
5132 8695
4298 9922
4908 9508
4948 9564
5921 8493
5065 9668
4629 9243
5638 8214
4103 9750
4170 9822
4899 9527
5810 8359
5707 8279
4782 9395
5228 8818
4751 9360
4791 9366
4777 9356
6004 8531
5818 8338
4955 9590
5031 9610
4289 9973
4150 9742
4783 9451
4849 9397
4115 9815
4199 9775
5220 8751
6132 8634
5011 9666
5459 8964
5256 8918
5584 9138
5782 8436
5790 8440
4762 9459
4892 9580
4212 9743
4790 9419
4129 9823
4905 9558
5411 9123
4987 9722
5760 8204
5483 9208
4296 9820
6101 8514
4895 9608
5140 8845
5994 8694
5320 8790
4337 9838
4695 9456
5231 8903
4333 9798
4229 9771
5847 8291
5529 8995
6077 8449
5153 8862
4792 9337
6026 8520
5363 8759
6120 8481
6048 8553
5159 8939
4984 9655
5045 9574
5685 8417
4716 9402
5583 8983
5871 8242
4784 9297
6016 8546
5846 8244
4130 9927
5924 8652
5721 8371
4952 9641
4300 9791
5277 8806
5060 9529
5907 8684
5960 8266
4451 9832
4903 9260
4696 9557
4384 9774
4776 9639
5979 8265
4855 9700
5821 8616
4379 9741
4711 9599
5033 9398
5119 9439
5684 8473
4978 9308
5348 9175
6054 8341
5394 8743
5862 8657
5373 9156
5865 8658
5943 8309
4761 9690
5669 8546
5417 8814
4707 9513
5230 8997
5206 8986
6028 8386
5408 8816
4992 9427
5188 8976
5930 8318
5376 8793
5274 9158
5757 8483
4708 9477
4484 9959
4533 9938
5589 8894
5554 8921
5587 8894
5765 8693
5797 8662
6106 8366
5524 8941
4882 9325
4505 9752
6134 8305
4626 9630
6088 8280
5102 9338
5204 9164
4788 9517
5971 8393
5858 8568
5567 8740
4995 9255
4484 9761
4644 9602
5142 9144
4646 9622
5443 8946
5044 9217
5167 9111
5077 9325
5803 8467
4495 9781
4709 9695
5051 9221
4779 9579
6009 8376
5001 9288
4288 9988
5054 9336
5214 9113
5641 8654
4540 9846
5453 8833
5275 9044
5439 8942
4583 9780
5750 8608
4787 9579
5611 8752
5383 8933
4893 9465
5259 9069
5841 8502
4667 9692
5141 9209
5455 8867
5022 9328
6080 8239
4545 9779
4930 9399
5192 9150
4936 9393
5755 8578
4622 9717
4608 9724
5667 8669
5146 9189
7933 9977
6929 8962
7784 9851
7919 9978
7661 9719
7163 9177
6582 8592
6455 8464
7896 9972
6653 8656
7103 9106
6469 8565
7997 9999
7199 9249
6993 8979
7693 9807
6362 8339
6280 8391
6317 8445
7496 9496
7913 9912
6375 8372
7090 9188
6927 9047
6691 8826
6430 8519
6952 9074
6519 8492
6146 8286
6399 8353
7795 9772
6824 8905
6776 8730
7858 9942
6329 8403
6314 8390
6211 8236
7622 9651
7320 9455
6579 8650
7381 9391
6967 9036
7075 9182
6324 8394
6246 8216
7894 9896
6561 8482
7080 9004
7156 9084
7667 9594
7842 9769
7296 9228
7223 9403
7665 9597
7781 9971
7440 9609
7599 9525
7741 9888
7636 9546
7443 9613
7736 9882
7491 9706
7235 9449
6918 9132
7496 9702
7053 8994
6922 9125
6439 8584
7116 9081
7691 9906
7191 9388
7238 9467
6684 8866
7082 9067
8130 9985
6667 8904
7536 9653
7337 9324
7325 9301
7817 9793
6481 8601
6502 8621
7924 9760
7308 9305
6735 8856
6262 8353
6476 8594
6322 8279
7582 9582
7112 9019
7466 9694
6446 8663
7016 9109
7038 9091
7169 9471
7213 9426
6946 8738
7573 9361
6871 9169
8050 9844
7635 9435
7131 8913
7975 9773
7010 8819
7176 9499
6506 8318
7428 9245
7947 9745
7253 9545
7951 9773
6862 9195
6167 8510
7596 9374
7218 9473
7041 8882
6714 8973
7318 9644
7506 9327
7988 9737
8141 9863
7052 8897
7524 9264
6203 8548
8111 9930
8174 9867
6918 8800
8080 9974
6533 8431
6310 8650
7800 9994
6338 8625
8175 9876
7509 9431
8033 9957
6860 9033
7385 9564
7206 9635
6997 8925
6615 8262
7232 9683
6572 8249
7963 9859
8137 9810
7130 8774
6334 8480
7064 8765
7367 9569
7248 9720
7334 9487
8107 9735
7623 9320
6177 8596
7612 9227
7576 9248
7382 9576
7175 9656
8177 9783
6178 8676
6875 8989
8013 9856
6323 8544
6204 8681
7564 9302
6520 8344
6530 8293
6219 8610
7442 9471
6995 8867
7667 9223
7057 8805
6621 8232
7409 9478
6535 8313
7985 9935
6594 9153
7251 9808
7718 9251
6501 9058
6196 8762
8099 9645
6361 8919
6160 8708
6785 8341
7068 8586
6322 8868
7298 9880
6951 8509
7002 8512
6900 8424
6736 8271
6316 8847
7702 9267
7387 9970
7380 9982
7970 9485
6664 8250
8005 9599
7948 9526
6889 8405
6805 8363
6932 8533
8016 9490
7930 9401
6713 8304
6444 9059
6814 8401
7751 9239
8115 9701
6412 9045
6705 8298
7345 9962
7150 8629
8082 9714
6241 8707
6996 8503
7336 9934
7110 8623
7942 9581
6869 8377
7050 8679
7978 9562
7378 9889
6923 8573
7786 9234
6806 8429
7701 9321
6313 8916
6877 8352
7268 9755
6285 8716
7299 9730
7063 8467
7021 8675
7791 9441
6279 8727
6435 9142
6953 8627
6960 8619
7107 8543
7974 9606
7877 9317
6475 9197
7030 8671
7972 9614
6154 8865
7699 9406
6603 9061
7796 9434
6252 8899
6509 9180
6315 8730
7003 8680
7211 9884
6170 8866
7975 9631
6752 8412
6952 8598
8021 9617
7961 9686
7166 8495
7042 8529
6489 9100
6682 8384
7316 9800
7300 9817
6351 8748
7863 9300
6462 9166
6230 8871
6436 9173
6875 8233
7143 8466
6714 8384
7404 9744
7319 9834
6428 9187
6333 9148
6785 8576
6155 8968
7561 9868
6371 9192
6472 8793
7565 9887
6733 8543
6558 8840
8057 9327
6959 8248
6831 8626
7490 9826
7691 9514
7103 8349
6362 9213
6934 8252
8183 9412
6291 9126
7777 9560
7557 9919
6680 8484
7034 8262
6554 8869
6380 9171
6719 8575
8191 9405
6593 8834
6273 9157
6579 8951
7738 9596
7427 9796
7721 9572
6911 8624
6876 8595
7911 9652
6685 8517
6652 8870
7999 9314
7273 9992
7814 9698
6382 9096
7541 9746
8161 9353
6663 8559
7900 9653
6827 8640
6682 8564
6521 8713
6421 8806
7522 9751
7441 9831
6761 8471
8148 9387
6289 8991
7469 9890
6290 8960
8076 9236
6692 8636
6638 8822
6903 8557
6730 8662
7749 9703
7042 8228
6930 8379
6501 8907
6993 8420
6353 9067
7998 9349
6531 8767
6276 9018
7073 8292
6573 8808
6354 8980
6698 8673
6479 8835
8162 9260
6305 9070
7823 9567
7432 9948
6470 8851
6220 9108
6927 8421
6982 8365
8091 9333
8038 9353
6413 8957
7451 9961
7694 9724
7158 8195
6660 8700
6486 9556
6280 9355
6743 9811
8075 9102
7544 8573
6452 9528
7537 8572
7419 8438
7224 8246
6400 9487
8177 9184
6476 9552
7803 8807
7286 8296
6369 9408
7893 8950
7741 8729
6254 9291
7483 8471
7727 8705
7478 8463
7996 9084
6807 9943
8155 9106
7283 8255
7907 8877
6759 9780
6808 9922
6169 9285
6591 9698
6802 9970
7539 8465
6843 9944
7498 8494
7925 8848
6662 9824
6594 9643
7266 8203
6184 9284
6766 9758
7869 8909
7394 8347
7420 8326
7428 8568
7973 9125
7620 8513
6464 9672
7407 8294
6258 9464
7806 8947
7248 8387
6168 9359
6266 9443
7889 8778
6364 9280
7228 8355
7384 8315
7255 8432
6408 9634
6156 9382
7370 8288
7511 8677
7742 8842
6857 9852
6892 9819
6305 9241
7226 8320
7794 8910
7887 8817
7381 8214
8055 9147
6778 9911
7519 8593
8075 9028
7372 8221
6275 9296
7885 8731
7919 8758
7710 8900
6595 9501
7807 8859
6732 9897
6798 9828
7489 8621
6236 9394
7504 8615
7959 9199
7177 8432
7659 8464
6376 9238
7717 8996
6570 9389
6420 9244
8124 8887
7338 8614
6394 9718
7895 9178
7208 8486
7763 9025
7380 8653
6404 9246
7442 8201
6340 9688
6611 9459
7395 8643
6407 9253
7770 9080
8034 8768
6383 9673
7704 9023
7968 8714
7707 9015
7105 9968
7274 8539
7680 9012
6469 9329
8045 8792
8023 8800
7262 8550
6709 9996
7387 8673
7286 8500
7712 9059
7067 9938
7788 8999
8064 8908
6473 9220
7587 8434
7912 9151
6402 9306
6497 9279
7526 8197
7595 8398
7711 9081
7977 8782
6243 9482
6269 9492
6491 9262
6419 9317
7084 9937
6482 9424
7708 9119
7193 8606
6600 9281
7484 8368
8073 8708
8034 8940
7209 8632
7640 8267
6448 9381
8172 8825
6423 9344
6261 9710
7132 9853
7231 8604
7578 8255
6937 9918
7038 9936
7814 9021
8010 8949
6182 9700
7026 9904
6479 9356
6917 9926
6391 9520
6427 9425
6289 9536
6429 9416
7168 8667
7289 8614
6176 9664
6642 9218
7230 8651
7435 8433
7752 9139
7932 8961
6981 9541
6739 9298
6729 9292
8118 8625
7883 8387
7078 9642
7735 8251
7802 8311
6382 9955
6187 9786
7602 9121
7435 8977
8109 8631
6222 9809
7776 8257
7393 8898
8153 8690
7612 9103
6355 9956
7434 9010
8118 8588
7268 8798
7490 9085
7212 8814
6205 9851
6276 9923
7936 8522
6206 9844
7155 9634
7045 9680
7558 9182
6880 9406
7467 9032
7036 9493
6794 9440
7751 8236
7716 8264
6869 9383
6525 9998
6157 9848
7845 8400
6292 9954
6891 9373
7104 9657
7625 9139
7303 8954
7840 8415
7101 9529
6852 9283
7104 9543
7250 8922
7791 8447
7035 9707
6656 9360
8182 8551
7597 9020
7289 8939
8021 8643
7244 8922
6177 9914
7294 8931
7546 9183
7764 8441
7220 8832
6702 9367
7237 8958
7540 9167
7914 8278
7651 9055
7861 8308
7007 9625
6813 9306
6303 9811
6657 9421
7618 8972
7377 8704
7527 9140
8067 8537
6200 9955
7408 8749
8063 8609
7350 8809
6163 9971
7830 8311
8039 8580
6687 9466
6657 9447
7929 8223
7601 9051
6275 9832
7485 9168
6185 9927
7190 8953
6331 9803
6307 9814
6161 9967
7820 8588
7276 9064
7876 8642
8020 8280
6584 9909
6625 9967
6965 9252
7274 9083
7579 8846
7785 8575
7413 9198
8041 8310
7412 9172
7744 8545
7096 9372
7985 8212
7093 9369
7406 9154
6473 9828
6564 9878
7320 9120
6912 9276
6203 9990
7072 9373
6973 9219
7719 8551
7217 9075
7931 8633
8116 8444
6606 9861
8156 8333
6899 9633
6588 9962
7281 8998
8004 8230
7605 8912
7593 8920
7313 9187
7301 9201
7683 8566
6945 9307
7520 8733
7362 9026
8144 8274
6514 9969
7468 8873
6815 9497
7835 8477
8046 8416
6970 9386
7397 9072
7183 9114
6548 9741
7389 9028
7028 9454
7597 8752
7495 8921
6542 9770
8136 8301
7472 8858
7392 9034
6422 9895
6413 9916
7852 8477
7207 9107
6591 9738
8065 8249
6839 9486
6887 9561
7550 8897
7074 9314
7391 8989
8157 8223
6341 9990
7910 8480
6946 9445
7872 8458
6700 9696
7584 8817
7044 9301
7829 8516
8122 8302
7436 8920
6621 9737
7839 8521
7106 9242
6977 9375
7704 8696
7714 8645
8015 8356
7937 8429
7357 9039
6587 9801
8106 8286
7471 8923
7277 9105
7014 9371
