100 100
44 45
41 43
9 11
69 70
81 82
25 26
81 84
65 68
65 71
8 15
32 41
39 45
66 73
83 95
67 78
16 29
69 72
3 14
48 62
7 9
39 40
77 92
75 89
47 58
4 17
79 88
37 61
3 25
46 50
35 63
43 54
28 60
4 36
23 55
13 44
14 47
16 50
22 52
18 52
17 58
10 33
10 38
6 55
7 53
21 38
11 63
87 97
19 36
5 61
94 100
30 37
13 51
1 62
21 42
34 98
31 94
5 71
20 87
20 80
18 90
40 96
23 93
19 93
27 75
29 76
27 74
30 77
24 76
54 98
26 79
12 90
31 73
12 91
24 64
1 89
57 99
8 82
6 92
15 83
56 100
28 66
56 88
2 99
51 80
2 97
48 85
33 68
60 84
42 67
49 91
53 95
35 72
34 86
59 78
32 85
22 96
46 86
59 64
49 74
57 70
