10000 10000
5936 5939
2641 2642
9217 9221
6480 6487
916 924
6165 6173
534 543
6199 6200
5291 5307
1633 1649
1603 1618
7460 7478
2533 2550
1359 1372
1379 1399
6083 6103
7143 7153
8455 8465
9196 9211
4711 4734
4101 4124
7436 7446
332 342
6957 6966
969 978
9124 9145
6111 6141
652 687
3329 3364
7952 7990
5773 5803
1227 1260
1730 1765
4884 4915
1559 1597
5644 5671
9481 9508
3930 3957
8004 8052
8143 8190
1739 1789
1224 1278
9738 9788
601 609
7509 7532
5597 5607
8913 8938
541 545
7298 7358
3415 3434
1949 1955
8286 8288
3870 3873
9490 9555
1292 1357
6171 6232
3625 3693
9384 9454
8125 8181
4239 4294
4287 4341
9753 9812
7425 7500
9617 9694
5517 5570
4113 4161
2991 3071
7689 7771
8751 8829
9734 9813
1579 1662
3863 3904
6943 6982
2367 2405
1539 1624
5251 5343
4653 4720
9021 9059
3766 3817
6462 6497
5679 5744
4380 4476
2440 2539
4779 4815
9374 9467
431 456
8737 8776
4888 4979
4269 4294
6529 6637
9376 9421
438 475
9275 9302
8092 8179
6786 6898
1054 1134
9387 9435
6836 6854
7356 7375
7820 7931
7734 7758
1967 2006
1157 1279
6675 6761
9478 9594
2083 2142
2567 2682
9876 9962
3489 3551
2574 2672
7274 7400
5751 5876
7720 7854
7543 7665
3164 3285
8515 8655
3844 3976
7538 7678
5895 6025
7723 7844
3681 3822
8014 8129
9591 9702
121 232
9763 9906
8978 9088
799 908
7750 7890
9320 9468
3100 3209
2849 2996
4886 4995
6489 6607
4642 4789
2430 2534
542 646
5642 5778
263 414
3646 3748
3087 3221
3945 4083
4400 4523
71 217
5497 5593
9080 9176
6471 6629
7242 7400
6476 6639
7968 8068
6414 6571
616 717
1630 1787
6163 6326
2358 2451
800 902
4705 4806
7470 7558
1576 1666
4167 4332
2592 2703
858 1002
2165 2245
3711 3790
2336 2450
4143 4252
4610 4785
9770 9881
3908 4080
7017 7133
8058 8142
6674 6822
4205 4312
3696 3782
5461 5603
7448 7598
4879 5049
1850 1933
4376 4527
9799 9968
4709 4818
7961 8110
9340 9412
1145 1217
790 943
4627 4783
9791 9859
1827 1951
1105 1260
6458 6532
2058 2228
34 226
6174 6364
6411 6601
4462 4524
3331 3521
5685 5878
2386 2449
8705 8901
5182 5370
2872 3069
2603 2798
7498 7565
1051 1235
9740 9925
9740 9927
9278 9461
4422 4490
6190 6368
2826 3013
81 158
8295 8374
7988 8166
2560 2773
9556 9603
1886 1926
7795 7850
2175 2212
7005 7041
5215 5248
4864 5087
7515 7556
8721 8945
8253 8415
6269 6302
2907 3006
1894 1920
7009 7047
4927 5078
3621 3785
2071 2299
6195 6367
1606 1704
2903 3001
7945 8184
7232 7346
8749 8921
2317 2553
102 147
4928 5049
3121 3274
5755 5765
7469 7635
5971 6060
6264 6520
1265 1525
8327 8579
1219 1478
9407 9654
7308 7557
4802 5064
1072 1338
8956 9206
7724 7974
6256 6523
6734 6981
5345 5613
5805 6049
8837 9096
2691 2958
3653 3927
8376 8618
2785 3058
7810 8086
2115 2390
3712 3990
5304 5550
3077 3357
4761 4993
2169 2400
7793 8042
2742 2989
4184 4419
9754 9985
5733 6009
6357 6603
6840 7079
9258 9483
6783 7005
6779 7000
6322 6550
8391 8675
1127 1347
5207 5491
2588 2873
4749 5032
166 385
2166 2398
8782 9063
4266 4483
2720 2954
3263 3477
4137 4354
7715 7950
6746 7031
1084 1297
9273 9494
1262 1503
8295 8531
5838 6134
9463 9679
2602 2835
583 893
117 335
1615 1908
2667 2896
6321 6543
4280 4600
3774 4094
7888 8080
3633 3955
8792 8986
5656 5978
2251 2446
1108 1297
1609 1804
1551 1866
2054 2368
4608 4934
9283 9485
7330 7661
9228 9539
6175 6478
1572 1910
8233 8570
3219 3520
703 999
4132 4477
4148 4461
1252 1471
67 287
1259 1463
6840 7141
4751 5073
5269 5620
4210 4371
253 412
1261 1423
9277 9567
2563 2912
3838 3994
7222 7506
3239 3523
727 947
1646 1802
2573 2920
1035 1388
2587 2940
9430 9663
6152 6501
3224 3573
4753 5119
7722 8025
3179 3359
150 483
2613 2880
2113 2359
1672 2046
597 802
160 471
5274 5602
3739 4067
8889 9152
8284 8486
3627 3920
6384 6539
5179 5447
8305 8463
6757 6939
7312 7663
137 502
6826 6954
8229 8612
2615 2997
8332 8462
5634 6016
2209 2338
1141 1521
2578 2965
8804 9196
3631 4004
9389 9510
5126 5517
3176 3556
553 934
8938 9061
5649 6046
8194 8594
8228 8628
4614 5013
8883 9002
2108 2470
564 943
1106 1486
4334 4467
8427 8566
8875 8970
45 396
6308 6406
7774 8186
2132 2544
6825 6925
5186 5606
3684 4032
3679 4087
2709 2877
7867 7955
5762 5929
6821 6921
6229 6649
4141 4483
1539 1964
1254 1366
4720 5056
4222 4557
1561 1953
6697 7057
6189 6551
4324 4446
9409 9595
5371 5440
2066 2473
4121 4517
3697 4044
8390 8568
7389 7453
565 1015
656 851
4228 4416
5844 5905
1621 1936
9932 9995
3141 3469
9398 9598
3644 4086
2580 3039
8880 9084
8861 9040
4649 5095
6903 6969
4169 4504
8194 8656
7730 8161
517 977
6170 6606
7875 7959
3742 3915
9391 9593
6187 6652
7251 7563
234 310
5303 5481
669 834
7311 7504
3135 3549
7283 7568
1126 1410
3672 4028
4631 5107
2172 2458
5781 6002
5368 5392
5186 5546
6228 6589
2245 2348
7358 7509
1574 1997
7766 8125
3211 3429
6831 6977
9425 9505
8790 9127
692 838
165 343
1584 1987
5131 5624
7201 7636
1224 1341
7332 7516
619 915
4689 5035
6703 7125
3205 3454
9325 9622
4316 4385
7856 8013
4158 4544
5446 5958
4607 5118
1070 1580
3113 3626
1152 1668
3243 3758
6161 6678
3344 3863
6197 6718
3573 4089
1187 1711
6415 6913
4423 4936
71 584
7550 8047
90 587
2059 2585
7512 8011
6448 6949
7369 7888
6377 6899
5467 5953
5165 5686
7417 7897
5139 5682
8406 8951
1346 1888
8571 9048
2248 2795
9264 9748
446 923
6265 6751
5141 5683
2113 2662
4237 4775
4519 5003
8280 8820
6598 7146
7401 7878
7671 8135
1289 1848
4099 4658
6240 6738
2123 2680
7256 7787
153 685
486 979
2466 2964
7231 7688
8204 8756
343 879
3426 3931
7635 8168
4510 5026
3462 4025
5353 5801
5458 5906
5135 5709
3273 3723
7223 7795
2167 2611
7224 7805
6332 6906
6311 6880
8358 8929
4105 4686
5527 6096
5420 5988
4153 4721
6580 7166
3084 3655
3425 3885
3561 4005
2205 2767
1184 1778
9368 9931
1350 1813
7461 8054
5331 5766
1383 1841
4244 4803
1129 1587
178 745
6251 6711
7270 7739
9237 9803
4561 5006
2261 2741
7363 7841
7508 7990
2207 2813
6409 7018
2185 2794
442 990
3475 4085
8278 8753
6 623
5403 6001
5600 6026
9335 9755
1512 1924
7404 7809
3302 3720
8415 8879
4554 5051
3438 3866
6198 6723
5406 5995
8369 8903
2291 2693
1276 1675
3217 3814
178 714
5629 6020
8685 9108
1498 1958
3321 3716
1490 1965
9269 9909
5350 5732
7410 7798
8456 9100
388 768
8610 8996
4155 4797
4459 5091
1037 1669
1377 2026
2402 3055
245 635
1132 1763
8554 9210
5383 6035
3423 4043
8506 9135
1533 1899
6379 6771
9299 9931
2253 2645
1324 1973
4206 4852
2219 2608
4484 4895
3317 3694
5123 5791
5237 5867
2525 2882
2408 3063
496 849
5561 5912
3110 3717
8298 8905
9325 9928
3579 3934
5168 5782
5630 5976
7454 8121
404 828
1461 1820
4533 4894
1209 1554
8544 9167
7556 7979
5315 5747
2337 2963
469 871
436 774
6178 6801
9638 10000
8306 8906
2083 2715
4233 4656
9341 9924
1442 1819
9434 9824
2398 3044
5259 5680
4414 4994
4494 4915
4587 4949
3478 3880
3409 4079
6475 7156
3252 3700
4377 5082
7379 7703
3195 3772
2263 2576
3512 3952
8522 9089
2217 2658
8678 9015
3390 4076
441 875
8300 8888
6602 6940
6635 6973
4430 5016
1087 1768
1271 1583
9395 9835
4426 5011
7195 7874
2484 2927
8690 9007
5628 5921
7289 7846
6312 6728
5459 6067
32 706
7437 8175
3481 3962
1449 1866
6643 6935
8609 9028
9228 9961
8601 9087
8518 9120
2086 2766
2099 2779
4273 4697
5426 6107
9255 9933
8487 9164
7657 7941
6360 6709
4268 4674
2175 2704
5392 6112
8240 8896
5614 5917
6275 6775
7395 7701
2556 2827
1162 1650
6268 6789
5566 5959
7350 7757
93 673
4575 4899
8468 9193
6573 6992
1188 1627
322 578
4230 4998
2551 2806
2443 2697
8210 8983
140 905
1312 1575
87 863
9600 9867
391 652
3085 3841
268 513
8523 8772
8586 8858
6395 7147
441 681
5623 5862
3491 3761
6160 6914
3184 3939
8310 9061
9576 9852
3488 3765
1450 1724
6380 7163
3513 3758
7203 7988
6354 7114
1306 1538
6452 6700
5311 6054
5386 5648
9573 9854
6577 6830
6304 7040
8482 8707
4519 4742
1257 1995
9529 9754
7514 7806
363 589
1415 1697
6651 6876
8448 8743
9639 9870
5168 5913
6453 6681
5282 6030
2537 2757
93 880
5259 6053
8490 8708
7185 7998
6159 6944
8256 9072
2454 2726
6176 6930
4451 4695
3546 3822
4430 4730
6386 7109
1130 1874
8283 9058
7378 8175
6413 6733
8483 8802
3107 3938
132 967
8478 8795
265 591
3142 3840
6450 6773
4313 5009
4181 4893
6371 7083
6395 7090
1479 1677
6486 6682
6356 7065
3105 3951
2485 2811
1138 1852
8333 9154
8417 9136
5126 5972
3078 3925
6608 6787
4248 5070
1438 1736
7396 8115
6400 6743
3262 4069
7197 8006
3453 3622
4 856
3472 3788
1258 1974
2106 2918
326 539
1251 1981
4246 5065
6215 6936
6282 7146
2269 3004
1180 2046
6268 6936
143 1003
2055 2914
5305 6108
2142 2871
451 681
1376 1550
2232 3031
3168 3857
8462 8831
8391 9142
8385 9138
7377 8101
6441 6748
5322 6077
1347 1588
295 607
8390 9150
6253 6933
6146 7034
7217 8009
1187 2011
6263 6926
4485 4860
387 762
7297 8187
9641 9938
135 1020
1082 1857
306 590
3298 3996
3234 3875
6350 6991
3268 3909
5156 6053
4438 4820
3263 3897
8585 8718
1490 1630
2365 2737
5592 5717
304 702
2283 2916
2497 2643
1379 1777
4305 4930
5416 5821
9374 9995
8244 9122
8259 9173
2401 2807
4568 4687
2517 2637
1391 1782
6146 7067
6509 6897
2366 2722
2184 2837
3347 3763
4174 5102
4576 4672
6477 6892
8643 8802
365 716
4243 4913
4211 5072
2432 2596
6296 6972
2339 2694
3101 4027
3349 3773
5495 5855
5529 5681
4267 4867
3251 3867
5163 6018
2 942
1328 1693
3081 4004
428 513
5244 6098
3246 3841
9658 9739
4281 4874
2523 2670
7232 8182
4511 4649
3424 3798
7191 8097
5241 6081
6298 6946
2410 2770
5333 5996
270 690
6204 7164
3467 3658
7639 7702
1172 1878
117 950
5612 5672
8291 9127
29 984
3178 4012
4530 4729
9527 9978
7472 7934
3156 3972
6469 6805
8583 8789
1156 1878
4229 4950
5569 5652
3218 3908
3239 3953
1358 1688
7578 7746
6224 7049
9624 9793
6585 6752
4159 5093
1234 1801
3097 4034
6457 6885
3151 3986
7591 7801
8244 9195
405 629
2257 2867
2462 2683
2087 3008
3285 3901
5278 6007
1134 1922
3570 3614
7351 8027
2096 3038
3330 3820
25 1015
3528 3622
1096 1959
4507 4714
5287 5973
6369 6931
6620 6697
7375 7993
233 798
453 575
431 597
9703 9755
8539 8870
2316 2801
4293 4920
3106 4061
399 1422
8839 9862
2472 3499
5050 6078
2213 3232
2492 3514
8768 9799
4726 5745
2879 3894
2330 3344
7132 8150
8659 9689
4186 5201
793 1810
6842 7857
6576 7614
667 1684
2759 3784
2194 3229
8519 9559
4098 5138
4579 5618
4832 5873
929 1971
8283 9289
4857 5866
3030 4037
257 1302
6531 7579
4900 5949
3027 4041
2579 3592
2931 3944
2852 3896
6897 7918
190 1185
4448 5443
4739 5792
6581 7569
102 1091
4296 5357
577 1636
772 1826
4647 5647
6594 7658
2419 3419
6484 7550
907 1958
8947 9950
6924 7969
6417 7484
4165 5226
8942 9921
6744 7784
251 1226
264 1337
4182 5220
2549 3527
4221 5198
4727 5700
18 1062
116 1088
4697 5741
6192 7175
2667 3665
8516 9599
2593 3613
2187 3255
2259 3309
6222 7281
520 1591
4643 5731
5060 6021
4808 5770
436 1522
6798 7880
4541 5626
546 1637
6375 7328
8685 9642
728 1680
77 1028
6492 7447
6694 7784
4112 5215
4397 5503
8739 9841
2244 3222
512 1620
542 1611
932 2033
8241 9321
2500 3485
8710 9820
4404 5486
5021 6086
4348 5280
4780 5836
8902 9903
4175 5157
2676 3614
4342 5277
6460 7511
360 1283
101 1033
570 1623
4733 5648
6439 7496
2761 3769
189 1228
6832 7873
2610 3648
8912 9892
146 1255
4327 5265
2661 3603
4180 5155
6809 7905
4369 5481
77 1076
2758 3775
4465 5387
467 1455
739 1695
2201 3300
4881 5996
8447 9346
6868 7850
4237 5132
6741 7892
96 1249
2497 3395
4340 5238
206 1098
4449 5607
2646 3793
6476 7623
8261 9417
85 1241
757 1659
6647 7527
2428 3564
6632 7544
491 1402
809 1979
6998 8133
5083 5960
4698 5833
292 1456
6778 7919
8471 9602
817 1956
4876 6041
287 1418
4957 6088
4843 5756
2531 3444
1022 1894
3011 3930
796 1926
6188 7350
2546 3433
4566 5451
7132 8001
4846 5744
8713 9897
6732 7916
3016 3944
2573 3756
7007 8189
4489 5420
555 1678
4929 6116
245 1106
8420 9292
4807 5743
235 1089
4557 5479
6861 7782
5038 5918
8799 9966
2526 3437
980 1895
455 1396
530 1702
2819 4022
4391 5520
773 1980
4395 5521
6632 7506
888 1986
55 1164
4420 5631
5086 5986
697 1541
4788 5640
8202 9397
8515 9602
487 1318
6771 7858
6642 7475
2693 3649
803 2023
5079 5906
89 1180
937 1902
4265 5230
2156 3236
2186 3139
8575 9654
2498 3339
6934 8156
6703 7909
2730 3686
7140 7978
604 1676
2048 3280
4760 5705
2476 3454
945 1891
2282 3128
4217 5290
4509 5448
4257 5236
6896 7718
1 1239
9182 9992
4436 5507
9180 9991
7104 7963
4216 5283
4497 5453
4598 5418
237 1075
2502 3366
2430 3485
8788 9911
2689 3685
1013 1808
8375 9296
5044 5980
4861 5653
940 1861
493 1284
2612 3805
4574 5429
541 1782
8606 9589
2199 3196
8922 9782
6218 7334
6636 7424
2904 4021
2644 3770
2379 3493
4691 5820
8670 9516
6979 8113
2836 4064
2698 3711
4675 5813
6614 7457
4467 5514
2134 3247
312 1475
6957 8147
6525 7295
478 1245
6265 7546
4623 5898
9185 9959
4764 6043
2377 3150
2751 4023
4414 5175
705 1995
6850 8137
422 1194
6793 8069
719 1985
4717 6013
6505 7288
389 1172
6680 7946
6500 7287
95 1356
4997 5776
2954 3743
6578 7335
4834 6132
3064 3823
2910 3657
4811 6099
6359 7630
244 1517
814 1589
4889 5637
2865 3629
476 1216
9195 9973
236 1522
4850 6125
683 1930
2574 3887
8411 9727
490 1229
2919 3663
4686 5991
2743 3998
6399 7637
5067 5856
4177 5501
4372 5178
9024 9838
2945 3759
2054 3383
2246 3575
6369 7634
6758 8018
8227 9499
6706 7947
9131 9879
676 1945
402 1196
390 1208
982 1769
6621 7321
8413 9625
6440 7278
8962 9796
4374 5201
447 1271
345 1040
4745 6080
4330 5537
6185 7522
2146 3375
2154 3365
4191 5391
593 1797
8433 9637
239 1465
2263 3457
821 1635
4149 5474
6648 7343
7134 7814
4482 5336
2474 3313
143 1492
8617 9458
4154 5473
4194 5438
8264 9492
6989 7696
9058 9730
5094 5766
7119 7853
6955 7759
4352 5221
8379 9683
2222 3526
6454 7263
6531 7401
941 1734
2203 3574
7114 7847
9028 9769
2375 3114
6415 7265
9091 9971
901 1780
4584 5273
5014 5860
6872 8108
791 1634
2284 3481
7062 7904
8285 9515
166 1488
7153 7817
2198 3566
4479 5127
4339 5515
8601 9440
636 1799
6626 7321
6179 7519
8209 9580
6172 7580
8445 9596
2557 3198
103 1508
2164 3571
8540 9428
4869 5772
6166 7580
8416 9578
226 1385
8297 9698
6953 7842
6151 7562
4357 5256
2673 4067
7127 7749
303 1212
8966 9874
6744 8141
222 1352
6382 7545
5027 5691
4883 5770
4336 5482
4559 5204
4470 5357
4932 5855
4736 5917
526 1939
9160 9814
4669 6051
2809 3943
2092 3506
8592 9231
4662 6057
6800 7984
2282 3400
4448 5315
2412 3279
8287 9724
4229 5409
6841 7964
2284 3401
4134 5504
4226 5412
4328 5454
8279 9712
915 1588
7111 7791
6584 7184
2455 3134
4250 5424
6534 7210
4670 6034
61 1425
6163 7614
9003 9862
947 1566
6986 7909
4950 5881
767 1871
4683 6138
4148 5510
4904 5786
34 1430
2488 3084
2332 3240
6190 7579
8301 9690
4242 5413
2064 3497
4433 5352
2904 3809
2610 3976
277 1192
4369 5295
2722 3868
4312 5401
19 1488
8664 9244
826 1791
8461 9419
2126 3464
7041 7751
6409 7360
647 1869
4505 5202
6254 7589
2674 4030
4596 5176
8367 9571
5088 5678
6630 7209
299 1274
787 1734
4699 6029
8598 9281
6919 7903
4681 6032
2332 3270
641 1882
6634 7217
6592 7196
892 1698
6913 7904
4502 5239
2796 3853
935 1605
4376 5372
9137 9812
6928 7926
4713 6031
2219 3404
9044 9917
6864 7993
2576 4090
4717 6022
2569 4068
205 1315
8373 9563
4939 5796
2845 3826
6197 7621
113 1408
6300 7533
6374 7444
2692 3958
9194 9752
835 1712
767 1803
134 1395
8335 9591
4391 5342
4124 5605
6739 8111
856 1700
6252 7571
90 1445
4743 5254
2799 3308
6766 7277
2552 4092
8834 9351
8765 9274
357 1900
620 1125
2675 3194
2354 3896
4605 6128
2860 3363
4335 5887
8744 9273
7113 7640
4162 5715
200 1757
6260 7788
4779 5297
8276 9800
6821 7352
4719 5233
8255 9761
3049 3574
4474 5989
845 1362
477 2042
4398 5897
4303 5864
2412 3909
5034 5504
6437 7950
6569 8068
8288 9806
4333 5826
248 1751
6392 7895
6622 8177
8386 9965
626 1090
4193 5713
8983 9507
2669 3160
7100 7561
5116 5577
2865 3332
321 1911
5098 5597
8922 9442
6657 7225
4197 5724
3043 3545
6638 8149
6677 7208
691 1166
4439 5993
634 1093
965 1413
460 1932
2451 4051
2833 3411
7027 7473
6335 7932
4725 5174
2237 3838
140 1736
2960 3541
657 1238
6853 7309
2944 3529
2417 3898
6421 8024
4810 5252
592 1055
8745 9337
162 1778
8258 9744
2369 3859
4964 5431
787 1344
2294 3746
2276 3760
6193 7781
8439 9888
2131 3588
4291 5787
6685 7236
3051 3504
8855 9419
2399 3842
4723 5166
188 1756
4897 5442
6220 7720
872 1293
866 1287
595 1077
4277 5842
2382 3879
536 1137
401 2045
8378 9942
8798 9264
4738 5361
162 1745
504 1931
2279 3731
8904 9392
6953 7505
1017 1412
4984 5382
8739 9379
4408 6074
6740 7382
133 1543
8212 9878
7129 7517
2985 3372
8387 9798
2803 3189
8437 9843
294 1953
782 1417
2343 4015
8821 9469
9102 9479
2459 3857
8219 9873
6419 8089
504 1907
9126 9517
21 1689
2643 3293
518 1161
254 1649
421 1847
8214 9861
8579 10000
8860 9224
4563 5958
8607 9994
2540 3956
867 1528
3010 3422
4816 5196
2306 3999
848 1487
2545 3950
4256 5695
6605 8045
8907 9322
2407 4036
8404 9847
4729 5340
6637 8011
2829 3498
2152 3791
6737 7414
5069 5477
8789 9470
459 1888
2416 4059
952 1288
2154 3803
5092 5462
4097 5812
6699 7325
574 1160
4439 6124
537 1186
2566 3261
426 1814
8634 9988
4846 5200
6862 7280
672 1121
6854 7173
6916 7616
438 1907
8858 9308
2485 3955
4678 5249
2099 3828
8769 9352
6972 7667
8830 9393
377 1961
2215 3699
2258 3591
6209 7828
125 1704
107 1726
6946 7669
2901 3458
497 1834
8960 9692
6408 8149
489 1844
9149 9570
200 1577
4135 5829
2898 3505
4320 5636
5103 5384
4240 5752
7150 7430
933 1359
1009 1307
480 1803
6795 7270
9030 9643
6233 7863
6823 7240
2559 3854
4829 5167
132 1655
7085 7518
6603 7998
4377 6124
4721 5255
6533 8051
782 1528
4257 5720
2197 3695
2268 3623
8885 9294
6206 7874
17 1773
8689 9996
5086 5411
7051 7542
366 1939
403 1901
6612 7978
2435 3964
4952 5208
8644 9925
7148 7405
4963 5216
2103 3892
6527 7802
6393 8178
6313 8101
6617 7893
4340 6136
283 1558
8754 9535
4152 5942
2225 4030
2121 3910
2311 3606
4286 6060
482 1776
6388 8167
336 1603
2327 3588
8963 9232
2275 4087
4599 5859
6456 7727
7118 7385
3048 3312
4543 5799
9087 9316
8687 9972
8719 9491
8826 9574
870 1146
4412 5667
4516 5819
6260 8020
6253 8012
2122 3945
527 1323
426 1666
9215 9429
6301 8113
7001 7284
6699 7450
674 1424
534 1316
4635 5417
2567 3381
2272 4052
4451 5718
9165 9466
333 1655
2065 3887
5 1850
8492 9747
2734 3566
8889 9722
238 1962
6666 7502
4367 5706
2787 3493
99 1829
4571 5779
4641 5480
6787 7626
301 1639
6570 7905
262 1613
6671 7488
272 1600
459 1691
2058 3931
6994 7171
7055 7389
6212 7959
598 1280
638 1321
9102 9431
6349 8081
551 1403
2188 4050
2942 3102
50 1874
2811 3483
499 1682
8668 9918
958 1244
2719 3581
8545 9733
4549 5793
498 1686
612 1281
8580 9954
5102 5257
957 1237
5099 5250
2443 3809
498 1694
2468 3786
8908 9635
381 1554
271 1663
8887 9670
2997 3271
6997 7206
4532 5831
2312 3707
4450 5649
3018 3260
4306 6052
6674 7524
4636 5476
2542 3734
6656 7545
979 1199
804 1112
2621 3393
6845 7617
6565 7896
673 1500
2372 3641
133 2043
889 1031
7009 7199
720 1455
2349 3666
6692 7588
6729 7627
8876 9518
1009 1143
4919 5296
70 1985
242 1914
2144 4073
723 1372
2518 3673
2962 3074
4847 5503
8719 9629
6922 7320
6893 7551
225 1906
4631 5506
2243 3926
4219 6125
2203 3852
4647 5552
8840 9503
7081 7216
4109 6036
4922 5283
3013 3167
4623 5525
2688 3354
8503 9899
186 1831
9047 9418
124 2012
7158 7254
32 1921
2091 3983
2108 3993
8932 9537
8696 9822
6961 7319
8947 9556
8933 9538
2955 3107
9093 9261
4953 5362
7104 7276
4749 5408
6358 8056
146 1852
4679 5623
6705 7553
6806 7462
2213 3860
6709 7559
5096 5211
8615 9747
6626 7767
6176 8085
2233 3855
3025 3174
983 1135
466 1555
8662 9748
6811 7512
873 1197
4829 5402
9143 9342
6890 7456
9166 9218
4517 5737
4823 5400
2723 3443
2287 3903
6329 8042
6736 7557
6228 8066
9092 9308
67 1947
6873 7427
932 1150
27 1988
6449 7889
716 1326
106 1929
8521 9903
179 1877
8941 9483
676 1357
6547 7802
4831 5428
2406 3725
753 1309
4704 5516
5023 5234
2524 3628
3015 3127
448 1585
6214 8116
8963 9456
6183 8146
2869 3277
211 1833
2307 3832
4316 5927
4213 6261
1024 3072
4552 6600
328 2378
1335 3381
6070 8114
5875 7924
1501 3540
4955 6993
5400 7445
503 2553
5944 7977
1125 3188
5327 7388
1268 3303
1919 3947
5804 7866
1158 3216
2029 4085
5947 7971
1237 3276
5442 7515
708 2781
4998 7068
4983 7021
659 2696
26 2052
4891 6916
553 2571
1261 3279
1651 3664
4831 6907
678 2690
372 2384
4325 6339
4862 6870
4401 6425
5379 7466
1058 3083
5923 7945
1361 3451
2045 4049
6068 8089
4685 6755
819 2844
539 2612
260 2356
4643 6675
806 2839
4320 6353
1903 3933
692 2695
300 2331
2016 4055
1628 3686
4478 6467
4888 6951
903 3015
1381 3365
1688 3801
6032 8151
175 2280
244 2236
770 2891
5657 7763
86 2076
1102 3075
5725 7699
347 2325
1049 3149
5438 7531
1798 3921
5993 7985
880 2856
4457 6448
57 2147
1345 3355
4997 7129
1924 4056
4513 6652
5960 7958
176 2286
535 2633
465 2446
5043 7148
5975 7991
1568 3650
5814 7892
4275 6358
5369 7327
5475 7429
4118 6270
5496 7441
1495 3518
1189 3278
557 2627
5631 7567
1122 3091
5508 7669
685 2783
4741 6903
1446 3550
5244 7172
6004 7949
4932 6974
723 2728
5104 7054
5130 7285
1263 3183
4958 7130
1230 3146
1031 3203
1508 3427
4315 6226
420 2350
4678 6860
5500 7670
4903 7084
11 2183
4999 6923
4139 6310
228 2153
4409 6583
5615 7520
5604 7541
1842 4003
5110 7015
154 2059
1046 3205
5918 8074
5258 7199
5082 6978
4946 7115
752 2665
1614 3796
1527 3436
1692 3585
4548 6490
4651 6793
5108 6999
1691 3646
4355 6566
5627 7518
5233 7383
996 2894
5776 7738
4297 6243
712 2659
5915 8116
582 2807
1190 3092
365 2527
4464 6595
4389 6544
854 3040
1384 3550
385 2358
5309 7178
4587 6482
4395 6545
5709 7927
5502 7620
5916 8103
1434 3361
5822 7683
5112 6983
5925 8165
6084 7941
870 2983
6059 8041
5161 7402
5542 7523
884 2993
1511 3361
931 2922
5130 7365
4778 6757
4894 7119
1921 3920
151 2117
1471 3435
5111 6947
6104 7948
4532 6496
1326 3579
5031 7026
5676 7930
4110 6360
5943 8160
1571 3828
488 2352
1954 3963
5994 8115
1726 3687
5500 7590
1408 3420
4983 7082
4578 6400
5757 7838
1853 4057
1912 3998
5404 7668
605 2740
1431 3453
1169 3197
1074 3295
4235 6245
159 2161
760 2583
1737 3640
4688 6817
2015 3885
825 3019
961 2867
1319 3537
5521 7526
5708 7861
1272 3073
4187 6305
1026 3320
1856 4026
5160 7378
238 2069
6030 8051
1836 4050
1759 4063
5195 7498
795 2591
5375 7673
5895 7681
5351 7662
4234 6528
4723 7033
4794 7088
4353 6154
5911 7704
1314 3117
6047 7824
5598 7374
1996 3805
1963 3768
472 2253
1098 3421
5499 7267
5712 8008
505 2272
1616 3913
4295 6622
1633 3960
5035 6832
1215 3490
5672 7989
2047 3808
6088 7895
5404 7171
5645 7981
1266 3539
1221 3554
4702 7031
4968 6722
4801 7147
4203 6471
194 2547
4263 6548
433 2180
4706 7002
4940 6773
1896 3666
281 2082
2036 3791
4482 6334
5120 7484
450 2178
5872 8112
4208 6449
5852 8094
1127 3364
5594 7326
1453 3307
5691 8060
2047 3767
1452 3301
749 2980
1779 4026
373 2111
5825 8075
1374 3091
6070 7928
5530 7371
6077 7916
6091 7832
4217 6446
75 2323
72 2321
857 2562
1912 3620
1512 3253
1430 3272
4250 6596
320 2079
5856 8127
4428 6188
192 2465
1304 3195
4746 7150
4480 6373
1696 4038
5769 8174
4207 6407
5737 7937
4858 7058
625 2841
1213 3540
5764 8174
5527 7420
5267 7679
346 2100
5650 8061
1040 3424
1118 3374
4972 6684
4784 7106
5321 7610
5001 6909
5285 7632
4182 6432
1969 3783
4859 7053
1019 2700
4445 6186
1515 3228
5333 7586
5380 7292
4893 6756
328 2098
1822 3685
807 2650
5742 7955
204 2380
383 2303
4773 6948
2014 3674
4263 6433
547 2981
5854 8023
4363 6274
5288 7458
97 2539
462 2117
4204 6624
1131 3559
96 2541
5183 7600
1570 4019
5931 7865
1540 3991
854 2754
1094 3538
5948 7848
1807 3738
4546 6231
4740 6929
1079 3501
4106 6550
1925 3609
4659 7087
729 2885
1762 3966
5262 7440
5185 7651
1267 3409
4817 7028
510 2132
735 2933
4523 6151
386 2094
1877 3834
274 2210
5854 8046
5703 8182
1014 2628
4609 7091
5844 8032
4443 6380
5014 6689
258 2235
5750 8140
4410 6273
4498 6191
1078 3464
1248 3423
2021 3621
1320 3304
5122 7618
92 2461
970 2568
1205 3447
792 2778
4504 6235
73 2445
5824 7940
4486 6211
4969 6831
1942 3665
4423 6286
69 2447
651 2881
743 2861
6062 7781
6059 7783
4096 6605
4333 6435
5145 7638
4622 7135
5300 7526
1639 4021
1316 3319
1764 3889
243 2342
5797 8048
422 2160
5510 7249
5538 7288
1251 3385
4633 7110
181 2410
88 2488
4322 6403
1119 3516
177 2386
1843 3799
5622 7187
884 2707
255 2321
1273 3350
181 2375
6133 7683
5617 7174
5402 7395
1416 3185
5767 8062
5422 7380
5768 8050
4854 6920
1519 3088
4207 6767
4105 6664
5203 7762
5727 7260
1654 3186
812 2340
748 2275
5872 7423
4901 6452
1557 3079
1126 3701
844 2399
4867 6416
1181 3721
5214 7753
5682 7211
951 2476
739 2302
5434 7973
433 2990
912 2480
4176 6768
1679 3246
754 2259
6038 7605
1018 2521
5071 6633
2018 3530
5450 8032
5758 7251
628 2139
6003 7491
1429 4006
948 2432
5562 8079
5826 7416
5491 8015
5302 7816
1358 3953
4534 7158
6071 7670
4775 6372
5802 7407
5829 7296
758 2227
734 2201
1895 3375
1920 3528
4258 6891
5582 8071
1595 3184
759 2236
5356 7842
4153 6774
259 2899
4874 6491
869 2356
1381 3895
45 2680
5299 7910
5950 7531
466 2948
6057 7664
1228 3729
5662 7235
4969 6455
187 2788
1002 2442
4342 6807
1373 3900
666 2296
532 2166
4212 6679
82 2614
435 3031
6142 7576
1373 3899
4835 6282
5146 7792
1476 4014
289 2890
425 3012
4558 7075
4350 6800
5074 6562
75 2618
4664 6218
50 2625
1397 3846
696 2252
6133 7552
1706 3292
4239 6905
740 2206
4882 6510
5476 8164
5181 7868
5857 7267
1832 3498
4613 6278
4931 6599
5512 7951
4477 7157
5019 6418
5879 7294
5410 8104
6063 7459
325 3017
5926 7594
5075 6493
501 2917
5526 7942
6134 7527
5871 7292
4920 6572
4540 6952
5840 7237
5997 7675
454 2897
1738 3165
248 2657
1265 3688
1740 3157
559 2229
323 3033
127 2789
288 3003
5983 7619
400 2829
1643 3318
243 2669
4138 6836
1298 3981
5373 7773
1233 3701
6044 7480
4398 7051
5010 6459
972 2407
1793 3503
5461 8165
779 2490
4905 6555
4491 6969
1623 3299
310 2946
378 3021
4868 6589
1897 3539
285 2982
4600 6979
252 2631
5577 8050
5898 7606
5890 7615
5054 6403
60 2690
1764 3163
4669 6396
1870 3471
5909 7638
5654 7381
921 2396
1074 3831
219 2578
563 2297
5399 8157
853 2463
4748 6214
1998 3332
5321 7685
6110 7442
418 2927
637 2227
4724 6331
850 2434
1329 4065
206 2591
55 2790
4321 6707
5053 6511
4554 6942
22 2755
170 2687
145 2630
1001 2366
297 3057
1593 3297
4547 6938
5941 7663
4619 6353
161 2683
548 2296
5314 7711
992 2367
631 2199
5742 7311
4809 6186
5533 8059
714 2082
4310 6718
1562 3314
566 2270
4789 6236
4381 7159
514 2286
5431 8152
1547 3322
5952 7603
622 2202
1741 3129
4450 7060
525 2292
5646 7412
194 2616
829 2503
583 2234
220 2593
4872 6647
842 2122
1549 3340
197 3009
5471 7768
5845 7645
1220 4045
4501 6815
324 2634
5025 6319
742 2550
1090 3922
4425 6745
2044 3311
4290 7126
119 2915
5226 8063
6141 7403
4493 6810
763 2530
603 2370
4841 6643
5990 7293
4679 6489
5068 6355
5427 7698
4662 6418
1043 3895
4536 6814
288 2568
6076 7316
4608 6444
736 2509
4883 6205
841 2150
5191 8053
668 2478
1718 3461
4346 7118
1289 3647
4638 6438
4968 6225
5007 6324
4385 6682
114 2889
66 2943
4126 6945
573 2306
1676 3533
5805 7660
1258 4008
399 2761
428 2794
4123 6995
836 2060
6099 7322
1598 3447
665 2515
1799 3148
6103 7324
1957 3305
4638 6480
5920 7281
4117 6980
406 2756
945 2274
4358 6738
158 3019
917 2242
1986 3226
582 2335
1204 4079
1262 4018
707 2461
392 2775
1123 3843
89 2875
5104 6290
1065 3914
5684 7511
5729 7428
903 2273
1368 3632
5157 8015
6015 7188
4728 6419
4246 7163
1147 3862
4586 6791
1324 3650
1885 3116
4595 6785
1250 3984
5372 8073
950 2240
642 2554
397 2805
66 2875
4743 6654
4941 6198
4531 6863
668 2531
4119 7063
5386 7819
1709 3372
4318 7004
1599 3516
4887 6291
1722 3388
1069 4011
4580 6754
1784 3455
5666 7593
1048 3989
4174 7135
4590 6780
1789 3433
5379 7830
97 3063
4158 7078
199 2911
224 2937
1360 3785
4978 6376
1883 3265
1369 3778
4270 6962
1699 3391
4528 6701
19 2957
1077 3991
5039 6156
4462 6861
449 2661
2003 3188
5861 7490
141 2853
769 2216
4218 7121
136 2851
836 2287
5089 6221
5617 7773
1354 3815
1162 3877
626 2496
5810 7424
5117 6222
1131 4056
543 2474
5759 7626
1787 3405
1500 3691
4989 6341
5023 6183
5687 7567
6074 7168
5316 8062
1581 3478
5715 7662
974 2163
4168 7159
5876 7476
1864 3210
4201 7083
4522 6767
5543 7778
5328 7958
4994 6219
4469 6847
4891 6352
4603 6704
4727 6587
279 2777
4516 6762
4378 6869
338 2717
5619 7714
440 2668
5739 7612
4902 6396
5710 7572
4793 6498
1514 3638
1944 3140
609 2492
5738 7604
505 2599
6100 7220
5449 7851
2002 3120
5639 7651
4898 6343
1227 3875
6010 7312
922 2167
5436 7890
478 2609
4848 6431
1779 3330
1657 3467
4396 6879
4718 6554
1181 3947
5962 7356
4935 6320
4579 6676
6109 7204
4402 6857
5389 7920
1815 3306
4375 6889
5681 7631
4196 7066
393 2678
4601 6662
368 3440
87 3158
4452 7525
4289 7360
4156 7230
1913 2939
472 3546
4654 7725
671 3739
33 3108
5528 6558
5518 6537
1916 2939
4099 7179
5548 6564
1715 2744
1552 2587
6098 7134
1129 2148
2020 3051
6047 7053
272 3333
2000 3014
1756 2762
4222 7268
1719 2733
5263 6293
707 3801
5 3102
5144 6147
261 3358
717 3798
5055 8098
5665 6719
2036 3050
1923 2972
6093 7122
5891 6947
1003 4042
1829 2820
656 3762
4107 7213
4646 7694
1038 2086
2008 3056
4536 7570
4993 8109
5240 6230
729 3816
1846 2820
5980 7016
86 3170
4828 7914
1308 2346
861 3946
5827 6904
5736 6742
4700 7779
1573 2663
184 3324
4733 7736
1128 2095
1176 2256
1820 2897
284 3410
4330 7332
5775 6849
1777 2721
1451 2555
1564 2638
1948 3022
4855 7844
5008 8132
816 3941
1521 2471
1982 3049
1662 2601
35 3199
100 3130
4325 7302
6089 7082
6096 7092
4421 7459
4189 7227
5242 6167
1602 2607
2 3180
763 3732
988 4019
57 3145
5537 6609
1499 2475
353 3347
5478 6420
4673 7730
4155 7245
5309 6346
1504 2456
1518 2455
27 3170
4128 7258
4254 7397
308 3510
1830 2978
1397 2557
424 3362
842 4038
913 3868
613 3819
4515 7469
5297 6177
1807 2972
104 3324
1591 2723
4542 7467
4990 8168
925 3845
5701 6877
186 3104
253 3175
5752 6883
4185 7362
84 3272
872 4084
1645 2800
5629 6499
1635 2813
679 3589
4400 7571
1336 2460
282 3519
5712 6902
1515 2380
4331 7235
6105 7029
761 3671
832 4082
5650 6817
54 3202
4267 7198
5213 6376
14 3257
4555 7548
1101 2294
4682 7921
5523 6440
1230 2162
711 3707
4930 8191
4251 7205
1740 2675
738 3618
4985 8120
771 4033
5583 6410
24 3294
4394 7661
694 3710
4139 7394
5348 6189
4319 7189
1665 2635
1387 2464
6106 6934
1037 2241
63 3313
4559 7455
4827 7690
4709 7862
4256 7283
91 3215
1626 2702
1325 2555
6072 7008
92 3206
5509 6494
897 3935
1475 2333
246 3094
1466 2394
5006 8047
5840 6705
4774 7748
4764 7807
5525 6513
351 3515
4191 7354
4272 7253
4114 7415
1315 2501
780 4075
1653 2717
1746 2622
5711 6818
815 4034
4880 8190
4169 7335
4317 7218
1868 3004
5763 6770
5796 6743
4558 7485
15 3323
5170 6340
1774 2585
1671 2685
1617 2731
1148 2177
4665 7992
5451 6217
892 3704
1748 3025
859 3677
5692 6971
1927 2688
5020 7835
5235 6523
4706 8043
112 3455
4612 7956
5018 7817
5408 6196
5881 7149
571 3886
2026 2802
848 3656
1164 2454
5360 6634
1150 2402
1330 2095
5585 6351
4145 7471
5764 7067
382 3166
991 3833
5327 6631
276 3132
942 3718
6118 6863
512 3883
4726 8029
4655 7939
5559 6279
5549 6302
5458 6247
1445 2192
4465 7239
179 3460
4550 7418
1073 2317
4223 7489
4814 8076
4108 7503
1067 2415
4653 8035
5827 7052
1520 2239
784 3649
5100 7870
273 3138
6109 6795
215 3457
1938 2760
5878 7080
70 3353
649 4054
1728 2976
5274 6651
1020 3741
966 3751
2035 2705
1821 2681
1893 2561
742 3968
4271 7624
1442 2250
437 3292
5150 6519
976 3770
733 4023
640 4074
1523 2200
4872 7780
4984 7701
349 3123
4902 7767
4982 7684
1283 2161
1376 2066
832 3637
5243 6413
4202 7452
1752 2991
1075 2377
4975 7697
4736 7936
4624 8081
4515 7202
4110 7564
1089 2498
1107 2512
5270 6421
970 3662
5981 6875
573 4027
6011 6908
191 3383
5278 6423
5919 6803
4810 8007
1887 2769
1217 2383
1791 2928
4908 7843
5453 6338
4881 7808
789 3719
4589 7295
4816 8003
4283 7470
1166 2328
879 3832
1055 2438
4769 7994
5251 6430
552 4022
5869 7026
52 3476
5819 6939
1330 2195
1567 3005
4822 8048
1844 2716
5314 6507
164 3341
1189 2318
814 3714
898 3631
5863 6985
938 3589
4404 7323
5845 7015
5304 6411
4281 7434
1466 2057
4875 7871
4865 7860
4637 8104
1111 2529
1400 2254
699 3852
4837 8029
909 3639
4478 7364
1177 2339
5424 6284
314 3207
4583 7257
4472 7366
6023 6713
5909 6871
4177 7572
4665 8191
611 4005
5138 6612
78 3462
9 3523
1449 2146
5007 7745
1749 2843
1813 2779
4442 7316
5986 6834
689 3937
1004 3645
1429 2119
560 4066
5615 6202
4790 8035
985 3596
1174 2371
920 3662
5604 6204
1432 2114
4130 7672
5794 7038
1024 2525
4988 7841
4373 7370
30 3582
5101 7694
1753 2874
4524 7241
69 3490
5659 7164
317 3290
4225 7528
5206 6586
392 3172
1067 2501
5707 7099
896 3696
5688 7112
883 3715
1389 2204
4273 7488
1428 2150
4420 7351
6040 6764
1174 2403
5925 6866
5019 7779
409 3171
802 3800
1052 2528
1690 2918
1867 2742
1088 2495
5807 6319
1899 2411
4621 7180
1010 3569
5760 6276
2035 2548
4774 7342
1322 2850
5936 6457
5425 6968
4299 7879
1931 2439
5622 7160
4245 7834
680 3257
4905 7480
2013 2511
5335 6852
4225 7829
1505 3061
1342 2857
644 3228
5190 6750
4821 7372
5205 6735
1419 2961
1190 2749
5817 6306
1652 2159
941 3510
5178 6694
1596 2081
1806 2320
5174 6696
1459 2988
1290 2860
4986 7517
1085 2581
4412 7956
407 4031
1536 2090
4876 7463
6052 6538
1710 2177
5894 6454
434 3971
4800 7410
294 3860
4409 7946
788 3360
4715 7263
1667 2231
5252 6833
5142 6691
5574 7152
4830 7398
205 3825
2032 2510
1520 2992
661 3284
5630 7101
1604 2048
550 3182
5221 6701
1507 2984
5153 6762
4406 8056
1444 3060
5735 6199
6019 6610
5547 7161
1884 2318
4236 7902
5433 7021
5664 6264
1461 3053
5465 6912
1800 2385
5846 6284
6143 6559
185 3800
1182 2812
675 3271
4583 8067
1989 2465
398 4073
6121 6542
5416 6976
4260 7885
4456 7938
622 3073
4223 7690
4118 7791
4664 7233
974 3508
5553 7116
4154 7751
5238 6665
263 3973
1723 2105
6008 6653
5436 7097
78 3784
1658 2300
1754 2141
758 3198
1363 3034
755 3194
4812 7238
4309 7769
1538 2191
188 3633
278 3995
5573 6996
4917 7588
1437 2830
394 3871
4859 7278
1845 2464
1730 2138
895 3557
5229 6902
4696 7364
1586 2223
5568 7008
566 3222
6087 6498
1422 2857
5181 6804
60 3733
5666 6283
718 3173
5070 7525
948 3353
5579 7012
5818 6158
4574 8040
114 3780
4651 7315
449 3961
367 4054
1681 2091
613 3289
610 3294
1218 2687
271 4047
76 3726
918 3412
4666 7417
4481 8005
6087 6402
1876 2449
4298 7695
4285 7797
864 3497
5998 6567
1463 2941
5110 7462
1279 2606
1959 2420
4763 7247
1760 2100
1869 2459
5746 6308
987 3341
794 3533
5454 7065
1864 2448
1556 2255
47 3824
4348 7710
1916 2462
5457 7092
761 3103
4287 7769
1934 2408
4319 7735
4711 7310
783 3555
4863 7184
1509 2833
259 4086
1654 2176
890 3468
5057 7481
5860 6174
722 3113
1562 2278
5880 6148
5232 6798
1014 3337
4452 8091
1790 2559
5042 7345
5626 6911
691 3509
1124 2924
6015 6262
5977 6224
5849 6613
5099 7398
131 3980
5507 6803
2027 2298
4252 8078
5702 6484
5701 6487
1364 2631
1448 2747
5410 6714
5173 6959
4972 7280
4819 7667
1880 2168
5117 7388
5616 6865
4708 7495
5177 6938
5136 6964
4546 7910
1795 2084
5596 6900
650 3491
1590 2333
4295 8169
2011 2281
5584 6884
882 3143
1110 2915
5055 7305
1875 2149
6035 6315
109 3925
122 3906
1933 2228
4818 7656
5612 6871
5719 6508
410 3750
654 3506
5156 6937
224 4000
5552 6896
944 3312
5984 6177
5668 6502
837 3078
1775 2467
4741 7625
5965 6144
1854 2163
882 3133
1923 2252
1529 2730
5039 7419
4646 7537
5932 6262
1543 2397
65 3867
6123 6327
1755 2437
6000 6191
533 3402
51 3948
5651 6514
5688 6490
1086 2909
3 3943
820 3164
840 3105
5325 7076
1302 2685
916 3327
4625 7549
375 3609
4575 7857
1236 3003
1611 2363
1050 2923
401 3811
4923 7240
1282 2679
4645 7504
5188 6963
381 3594
251 3970
1264 2953
5351 7068
5328 7086
965 3259
568 3398
955 3131
731 3418
4582 7780
5026 7200
1963 2088
4100 8064
4329 8045
4358 7823
5839 6470
1462 2623
2031 2147
1298 2718
935 3115
5486 6883
5445 6859
4194 8173
4731 7659
120 4072
5585 6721
4171 8154
1156 2837
4356 7830
4160 8147
5962 6361
4534 7714
5930 6332
904 3103
5524 6659
643 3355
5841 6472
4805 7513
4274 7982
1062 3002
617 3572
1524 2665
82 4082
1994 2155
5196 7149
4140 8073
5646 6571
1582 2441
1711 2312
766 3414
4525 7686
4104 8099
568 3476
902 3114
5381 6824
1909 2267
4384 7822
4925 7314
1207 2823
4152 8072
5938 6275
4259 7954
4166 8179
2037 2115
565 3459
4307 8043
5589 6765
359 3804
4701 7648
40 3990
719 3441
429 3602
2024 2135
347 3812
4873 7371
1343 2812
1568 2532
4195 8103
4738 7499
270 3776
4305 7966
4492 7774
629 3495
1708 2431
4372 7872
5720 6542
693 3437
5098 7219
232 3891
796 3266
4601 7708
5005 7275
4137 8129
329 3747
1388 2695
483 3592
5489 6813
355 3724
5580 6717
4364 7935
1843 2247
4796 7497
4799 7496
4476 7812
556 3541
5608 6677
4405 7880
5572 6713
1049 3047
5852 6434
1242 2852
1036 3059
2444 6540
2208 6305
3500 7597
2887 6981
572 4671
3700 7799
3610 7708
2929 7030
1725 5818
2504 6593
1008 5114
3042 7144
73 4165
520 4612
3939 8046
2051 6158
1354 5445
3203 7308
1083 5172
130 4241
926 5000
235 4349
1770 5884
2656 6776
1954 6075
2594 6712
2034 6120
104 4212
3551 7619
2174 6243
3797 7883
1800 5911
128 4255
126 4188
2785 6850
1333 5395
2892 7019
3166 7286
3553 7625
2486 6552
497 4547
1061 5137
1171 5284
2768 6888
2911 7014
2708 6824
1080 5242
2912 6949
3238 7406
3076 7245
3753 7906
489 4514
58 4214
3099 7254
2765 6813
3728 7873
1486 5532
3090 7233
3670 7685
3207 7379
425 4607
3532 7578
1932 6107
522 4691
2225 6378
1903 5938
2428 6434
4013 8141
434 4560
2513 6579
4040 8106
2657 6660
371 4383
3420 7474
831 4943
3059 7042
3502 7647
1812 5991
746 4767
2267 6318
141 4344
1301 5475
2053 6258
2819 7028
2757 6845
2758 6847
1968 6090
1439 5407
2452 6423
2588 6810
2490 6460
2351 6568
1104 5338
2565 6792
711 4682
3201 7183
3449 7671
2836 7066
585 4807
309 4538
3109 7338
3066 7018
2809 6763
766 4712
973 4954
1998 5972
514 4766
3466 7466
660 4660
1578 5771
2647 6901
2155 6345
1533 5470
1948 5951
1537 5797
2133 6385
1979 5907
496 4440
4074 8003
2120 6370
2139 6388
3346 7613
747 4676
2198 6201
3940 8139
1952 5905
1051 5282
1285 5564
1100 5367
2649 6886
521 4790
1882 6042
3109 7397
3045 6948
1969 6002
2119 6276
1350 5509
3654 7811
223 4120
2056 6351
1457 5494
1517 5418
1947 5970
435 4473
2362 6645
1309 5586
2979 7027
3356 7630
204 4127
3168 7348
2817 7124
662 4672
1842 6116
839 5022
575 4836
866 5054
3795 7695
3683 7870
2118 6297
1641 5814
3840 8159
3227 7290
1277 5145
1872 6069
3052 6922
877 5002
1278 5143
2017 5899
98 4233
2307 6639
810 5063
3661 7840
2226 6239
2145 6287
2038 5892
1473 5426
1860 6071
281 4589
2968 7020
348 4521
1303 5601
611 4762
1747 5673
2415 6548
180 4175
2620 6855
1720 5700
1121 5279
3090 7443
3268 7621
3810 8160
1506 5345
772 4609
1731 6091
3040 6889
2877 6710
469 4313
3152 7519
2162 6499
922 4744
3883 7736
3929 7754
2728 7100
2725 7089
1725 6056
1873 5703
3745 8119
1927 5789
3232 7611
1472 5340
1240 5572
137 4500
2170 6501
1478 5346
3698 8023
2973 6843
412 4282
889 4689
2933 6749
2128 6522
1917 5718
3803 8176
614 4938
2019 5838
515 4910
990 4848
2672 7006
2040 5847
3543 7399
3408 7264
2890 6779
674 5008
2509 6392
980 4835
2081 6424
906 4785
1041 5422
3120 7439
3738 8154
2342 6246
39 4454
1750 6039
2522 6299
3934 7709
2326 6226
1781 6065
122 4415
3058 6837
708 4995
3428 7212
3204 7631
3658 7937
196 4495
1796 5704
522 4934
1437 5329
3966 7731
773 4683
3252 7652
3502 7423
3011 6802
3427 7218
3744 8180
1349 5137
481 4279
2934 6689
1976 5857
1565 5956
1664 6105
530 4937
2671 6963
3813 8121
52 4457
2976 6910
1733 6043
1536 5982
3191 7464
3247 7664
770 4701
637 4892
2905 6714
3982 7917
2582 7029
1399 5139
2748 7128
2597 6976
3781 8109
2308 6248
2654 6962
3690 7942
3864 7797
3921 7740
218 4535
1802 5735
724 5029
3124 7493
1382 5140
2322 6246
39 4433
910 4856
364 4122
2522 6317
324 4157
994 4760
3761 8140
2541 6288
3482 7194
1975 5687
864 4834
3296 7523
2331 6303
1341 5305
2572 7050
3635 8117
413 4123
356 4323
3924 7891
170 4386
3757 7973
1332 5311
2973 6678
3623 8108
318 4277
3818 8039
3807 8017
53 4539
4064 7790
344 4311
1053 5522
231 4471
3844 7829
2826 6808
3723 7961
624 5090
1456 5155
3704 8172
2747 6958
3922 7877
733 4933
3575 7279
2533 6270
1193 5429
2994 6702
4048 7756
818 4782
4020 7721
208 4429
771 4770
2140 6648
1656 6108
394 4140
2343 6272
3597 8106
2774 7036
2989 6663
958 4626
2484 6169
1073 5535
3664 8161
1044 5536
3599 8123
3214 7483
1494 5219
2109 6536
2528 6231
1439 5160
2986 6685
485 4189
2938 6851
2746 6912
1720 5890
3378 7304
3577 7234
1042 5550
612 5081
1393 5324
3471 7216
2290 6450
908 4687
1729 5893
156 4441
331 4238
2244 6412
1434 5203
2248 6401
1774 5927
149 4440
3981 7747
94 4496
2952 6727
3083 7642
3220 7494
3799 7939
899 4694
189 4453
1592 6112
663 4943
2666 7088
3691 8112
2632 7059
7 4572
4059 7687
3600 8177
2913 6788
984 4660
2684 7056
3115 7643
3370 7387
1721 5963
2884 6838
1670 6000
808 4817
3938 7832
2770 6952
3189 7566
1401 5250
2684 7047
3851 7926
3291 7460
3280 7471
919 4503
1109 5719
229 4839
3384 7996
3849 7436
177 4791
1420 6027
3978 7565
1673 5249
3569 8184
2136 6737
3319 7933
1798 5388
989 4561
521 4100
1742 5313
1144 5751
2127 6750
762 4328
2112 6739
3233 7861
4058 7628
1576 5170
2149 6783
2382 6997
2615 6187
2834 6414
3173 7800
555 4149
3705 7271
4070 7673
588 4206
2619 6169
1904 5460
605 4216
648 4270
1275 5853
2666 6210
3192 7764
1165 5795
3817 7384
2821 6455
1683 5281
424 5021
670 4264
354 4949
1188 5789
2963 6569
74 4724
876 4434
2169 6726
1565 5154
222 4833
1352 5896
468 5012
1709 5358
3230 7901
756 4272
1679 5323
596 4113
3946 7468
2406 6956
3075 7752
3043 6575
1785 5301
665 4309
3869 7505
250 4788
694 4345
2499 7058
3854 7516
376 4906
562 4192
2334 6984
1622 5121
84 4620
2209 6909
1556 5192
3722 7383
3377 8044
3484 8188
1753 5306
2080 6725
1832 5443
1821 5490
914 4605
3659 7227
725 4261
1053 5741
3162 7723
1277 5772
3421 7983
3894 7492
2804 6272
2859 6495
339 4903
1344 5940
2633 6207
900 4595
3358 8041
1331 5963
1944 5600
3690 7187
3465 8176
791 4461
2517 7086
1110 5674
1243 5723
274 5011
267 5002
1855 5565
23 4754
1220 5708
4093 7541
3295 7766
987 4434
1256 5731
1094 5835
1674 5124
700 4146
1325 6076
3959 7653
897 4370
3076 7824
1034 5791
1750 5194
724 4170
1589 5290
1208 5657
2602 6283
2125 6895
3973 7463
3127 7828
1045 5809
2158 6858
1045 5808
1950 5432
2520 7024
16 4792
1616 5374
618 4292
1163 5668
3864 7607
701 4114
152 4648
1095 5877
3554 8017
3869 7598
2711 6179
2677 6336
3116 7833
3762 7172
3327 7752
3316 7747
2500 7036
1336 6016
630 4302
585 4337
198 4732
750 4179
1033 5815
2097 6799
2815 6206
785 4565
3917 7560
3706 7359
2337 7143
693 4221
3161 7827
1313 6127
1496 5896
662 4167
3616 7411
1563 5325
4035 7451
2936 6560
982 4366
499 4906
3070 6436
1097 5778
2141 6784
2579 6387
3117 7887
3988 7543
2600 6347
1056 5828
3334 8163
2325 7152
2982 6464
252 4634
3837 7189
3111 7885
2674 6297
395 4960
1419 5984
1532 5904
983 4411
2854 6600
2084 6859
721 4131
470 4901
1624 5292
1634 5268
3699 7305
247 4621
3847 7676
2609 6348
995 4380
1177 6042
443 4792
2288 7155
3488 7845
2664 6496
495 4839
1809 5147
2838 6168
298 4644
2821 6154
3002 6314
199 5077
56 4907
2457 6797
1387 5759
473 4812
313 4652
569 4396
1145 5999
461 4826
175 5048
3065 6375
3315 8173
3419 7749
2385 6768
3240 8074
1880 5247
2249 7137
2242 7145
877 4166
2929 6239
3549 7923
372 4676
2260 7140
2005 5348
160 5010
3565 7896
753 4551
3734 7585
2160 6984
1095 6014
3403 7792
3072 7996
3950 7250
1818 5158
1221 6136
2124 7025
1219 6140
3643 7428
3047 6311
1176 6104
1560 5465
1761 5536
3777 7555
457 4747
1915 5177
3193 7997
953 4351
3413 7699
3411 7706
2632 6401
1149 5937
24 4948
1378 5676
3001 6391
2353 6782
2681 6441
639 4399
914 4288
3086 8028
706 4497
3652 7441
3300 8114
3601 7497
3206 8159
2021 5310
627 4399
678 4602
3829 7593
2241 7071
1858 5148
2888 6184
1234 6066
2921 6152
266 4716
144 5112
1147 5907
4033 7336
2899 6201
3511 7877
1707 5592
2297 7052
1252 6033
1717 5571
3501 7898
16 4970
183 5067
2240 6977
1861 5319
1847 5299
986 4190
2013 5209
3578 7794
3558 7790
1011 4218
2777 6483
3608 7573
1592 5557
536 4503
1485 5698
3304 8059
3442 7911
3069 6248
357 4851
1502 5705
1136 6119
2316 6804
1910 5358
2626 6619
1978 5152
3764 7464
627 4590
3996 7170
1846 5270
1937 5169
3992 7225
3162 8185
2640 6644
795 4286
1130 6095
3492 7682
152 4926
1491 5748
110 5063
3108 8079
2792 6467
2543 6722
2202 6967
3191 8133
2181 6967
2030 5212
1672 5435
182 4866
1027 6069
745 4446
951 4111
3323 8006
2433 6719
3567 7760
4090 7226
1697 5473
3045 6181
3357 7900
290 4838
1896 5280
3826 7482
1256 5926
1025 6097
2905 6280
3302 7989
3927 7299
2190 7002
3387 7918
423 4734
65 5016
308 4845
1113 6019
988 4103
2936 6307
1546 5591
1545 5611
3143 8100
3350 7925
3306 7951
1835 5326
38 5057
1286 5870
380 4756
1371 5810
1658 5526
1339 5835
1498 5675
3354 7915
1300 5863
1792 5363
3125 8134
7 5106
1400 5774
1087 6089
2647 6574
363 4754
3452 7815
4081 7178
3605 7657
2188 7025
1411 5756
207 4912
3788 7475
3806 7457
275 5395
2701 7821
2042 5115
2552 7676
2197 7313
619 5740
1667 4740
2949 8077
2416 7548
2256 7391
3556 6645
647 5781
2354 7456
2894 8026
2327 7427
3890 6950
3532 6617
3219 6277
2619 7724
2389 7501
715 5843
3389 6436
1272 4322
2624 7772
2429 7520
3705 6756
1911 4970
3406 6510
3626 6667
3689 6731
2815 7900
1857 4964
448 5606
3338 6445
1010 6106
1288 4384
3804 6900
1414 4526
3884 6918
3217 6331
2708 7866
1905 4958
3328 6447
1549 4670
265 5439
2374 7536
1469 4490
2931 8004
2068 7215
1693 4769
3845 6968
17 5164
3702 6729
3825 6833
1465 4603
819 6007
193 5253
3009 8069
3416 6429
1977 5119
1405 4411
1781 4797
3456 6602
413 5590
1950 5077
2364 7536
4095 7091
3766 6907
4072 7077
2308 7510
525 5726
2065 7236
3429 6463
807 6013
1913 4899
3037 8070
3486 6594
241 5295
18 5197
3276 6316
2686 7711
2143 7228
2634 7727
3514 6610
3037 8117
3008 8105
3160 6193
3675 6706
3586 6760
3842 7017
3515 6608
1673 4836
3392 6445
2516 7609
632 5655
710 5815
2968 8169
2784 7826
830 5964
3256 6348
2646 7712
2529 7574
1194 4317
1294 4468
890 5889
3706 6662
1154 4350
964 6073
887 5897
576 5695
3440 6641
3494 6437
503 5492
3806 6746
418 5414
1566 4756
1374 4565
3697 6908
2157 7392
558 5792
891 6123
862 6094
1622 4805
3578 6505
2180 7191
2863 8123
41 5308
155 5134
1406 4585
4002 6970
164 5183
1575 4795
3755 6711
2360 7576
3328 6561
905 5930
3653 6881
4017 6933
190 5146
600 5886
1056 4232
815 6023
3741 6708
3153 6397
1402 4567
2814 7761
4029 6930
2370 7666
1047 4262
3524 6517
2463 7468
3599 6842
852 6115
2955 7986
975 6006
458 5488
2689 7741
359 5595
2858 8087
2974 7968
735 5663
2017 4896
3376 6642
3369 6638
3846 7105
1458 4474
2395 7575
3601 6878
2824 8135
4014 7038
3518 6508
1206 4196
2586 7881
2187 7262
2748 7785
4020 7011
649 5713
664 5696
615 5823
2290 7211
1000 5937
2156 7349
296 5618
2097 7402
2737 7788
3399 6565
2126 7339
3176 6286
3346 6644
3283 6203
2030 4871
3432 6530
4 5352
1648 4765
3307 6149
1834 5061
111 5279
830 6094
3997 7020
540 5869
2629 7856
1198 4185
3412 6563
2604 7893
2019 4889
946 5961
2431 7554
3007 8000
356 5531
792 5656
1825 4640
1170 4496
1822 4633
2033 4857
873 5729
2518 7390
3718 7054
1573 4908
2959 7813
1838 4645
2376 7238
2908 7762
391 5257
1771 5093
868 5739
3848 6663
528 5919
3225 6536
1043 4354
2671 8060
2524 7368
2189 7577
126 5483
2760 8158
3400 6238
524 5915
937 5822
1472 4315
3836 7139
1027 4387
3317 6613
2925 7756
4091 6874
3982 6828
1612 4975
2878 7709
3296 6597
3678 7035
1117 4472
625 5975
3281 6646
2116 7534
3082 6433
939 5767
3248 6557
3211 6566
216 5621
1386 4164
4018 6786
1231 4604
2207 7596
2784 8148
3190 6466
249 5580
2110 7432
697 6017
3954 6731
2278 7647
2932 7757
911 5813
940 5783
996 5848
233 5588
3692 6993
134 5561
371 5171
1380 4133
3371 6249
2831 7755
479 5275
3583 6328
3843 6724
2447 7367
2978 7914
1587 4986
130 5576
851 5662
3208 6618
462 5277
2478 7419
72 5405
3659 6941
657 6086
2789 8124
3530 6288
2832 7755
1751 5003
2221 7665
531 5967
2561 8031
928 5886
957 5858
2551 7318
971 5802
2265 7608
743 6021
2682 7967
3684 6915
31 5495
2893 7717
3884 6726
2171 7447
361 5125
2320 7294
4009 6855
1971 4803
1290 4219
2211 7634
818 5696
2797 8094
2425 7183
1351 4144
1657 4878
695 6080
3325 6533
3737 7137
2889 7729
2699 8178
2603 8022
3567 6289
240 5519
1167 4592
2231 7479
3288 6491
1280 4228
3629 7080
1146 4604
2958 7688
1695 4887
1769 4961
2840 7825
1767 4973
2731 7969
3911 6858
3209 6407
2960 7681
3165 6604
1022 5743
3046 7796
409 5133
3965 6891
345 5313
1195 4402
617 6128
417 5176
2353 7336
1783 4973
1327 4276
718 5968
868 5882
899 5661
1133 4594
850 5837
1143 4584
1295 4271
955 5658
2271 7547
2598 8066
3759 6923
1333 4242
2547 7259
3987 6715
1957 4620
2506 7265
516 6056
3776 7022
350 5361
2015 4716
1382 4306
1858 4852
930 5653
2233 7438
556 6036
1153 4408
1394 4296
353 5338
3856 6827
3771 6917
327 5369
2104 7672
210 5398
3270 6402
3028 7697
3293 6420
187 5489
3676 7063
4063 6671
3474 6209
684 6008
3835 6959
3961 6829
3151 6553
1831 4849
660 5965
614 6079
624 6058
185 5477
3544 6148
4060 6716
3774 7004
2816 7906
3492 6215
1766 4866
2862 7881
242 5397
2418 7323
1548 5094
1602 5038
2389 7352
1016 5654
563 6082
2357 7361
1929 4735
3733 7010
1409 4214
165 5469
174 5460
1427 4200
2977 7775
1259 4373
698 5306
3547 7131
3036 7645
3033 7642
4083 6640
2799 7403
246 5875
3336 6927
3111 6688
3286 6876
2371 8008
1173 4761
3932 6481
492 6115
731 5323
751 5374
3879 6451
3787 6365
3520 7126
689 5286
1760 4343
151 5774
3754 6320
3235 6846
1949 4480
1211 4773
3483 7044
3482 7045
2372 8036
61 5660
3410 7024
4094 6621
2804 7376
894 5464
3264 6886
3130 6684
4000 6535
1934 4518
606 5239
2778 7411
3674 6256
1721 4247
4046 6625
859 5492
1891 4435
3255 6790
4049 6627
2130 7776
2077 7721
806 5393
98 5722
2313 7985
3487 7079
1169 4776
3136 6777
2953 7600
1418 5046
809 5399
1214 4737
490 6101
2283 7849
1970 4593
3682 6182
4002 6631
2452 8146
3812 6306
1296 4954
3000 7666
4095 6581
3768 6389
2414 7971
1479 5001
3320 6839
3703 6200
3042 7602
523 5210
1139 4640
2205 7886
142 5850
1618 4102
3157 6657
1070 4730
713 5276
2273 7863
2581 7234
3714 6362
2411 7987
1735 4253
1266 4776
124 5670
1264 4778
1922 4569
3667 6159
1231 4752
1553 4209
1856 4386
1310 4989
3628 6216
1299 4987
465 6073
533 5245
2996 7644
2031 4486
1268 4765
3150 6692
3531 7073
2855 7500
1246 4786
396 6113
1599 4178
874 5380
2964 7674
2916 7435
64 5680
2347 8030
3586 6267
600 5154
2655 7204
3529 7090
2212 7897
382 5888
3053 7570
1247 4703
1115 4827
1202 4658
461 5964
616 5353
3299 6753
3892 6582
1321 5037
757 5232
3652 6337
2971 7454
901 5389
805 5549
823 5563
451 5967
3183 6882
2326 8070
2831 7583
2596 7349
3967 6633
515 5275
2677 7404
1054 4737
1876 4598
2193 7733
592 5365
2458 7999
677 5120
1030 4768
3858 6586
3311 6725
569 5266
432 5916
2990 7426
1621 4344
1593 4235
546 5265
2782 7275
1816 4526
3465 6975
1202 4618
2050 7864
3438 7124
2577 7341
14 5808
2698 7221
768 5567
799 5599
2595 7394
1966 4463
3169 6819
3499 7016
1991 4356
2881 7561
4061 6416
1366 5017
869 5546
1690 4170
1962 4466
480 5944
3676 6278
2900 7566
3873 6650
2653 7297
3087 6866
645 5210
305 6126
4084 6422
3545 6970
3167 6844
2434 8038
1117 4793
995 5381
1645 4231
3748 6223
2891 7584
3044 7433
302 6110
2537 7962
2445 8057
26 5868
1191 4688
2598 7391
1484 4919
3430 7069
2002 4393
2181 7806
318 5694
1195 5034
2816 7169
3283 7122
1610 4427
2521 7899
2006 4308
709 5575
3882 6185
2049 7940
2444 7818
3367 6688
1582 4390
3290 7123
3408 6745
1477 4809
3634 6462
2433 7823
968 5318
2924 7266
3407 6721
3722 6554
3596 6428
3917 6236
2381 7772
2940 7277
2771 7618
331 5721
2845 7182
3507 6822
1122 4980
3771 6562
590 5463
3500 6838
2726 7613
2715 7559
3667 6515
3443 6741
3602 6458
1345 4712
911 5286
1978 4240
2254 8163
427 5765
2277 8139
744 5575
1897 4187
3147 7039
3942 6227
3218 7077
1586 4362
440 5762
1071 4885
2951 7355
1991 4345
765 5570
54 6005
1504 4772
1159 5058
2735 7656
3021 7301
3525 6792
825 5236
821 5240
2077 8019
167 6135
1353 4634
234 6078
3199 6954
2584 7502
1696 4599
2975 7367
2277 8124
228 6079
3041 7357
3407 6673
1212 5085
863 5180
1007 5260
3017 7340
913 5367
1141 4895
203 6054
3989 6394
3630 6492
3977 6385
3627 6483
1901 4116
1936 4331
3902 6213
3912 6196
3041 7327
3448 6904
2075 8091
738 5472
4088 6259
3935 6355
1519 4707
3814 6506
885 5370
136 5914
1348 4819
3286 6990
389 5661
2926 7415
1663 4581
1008 5227
3018 7249
917 5134
1078 5033
1460 4629
2170 8153
1163 4911
1012 5202
1700 4355
3260 6935
2949 7208
494 5697
3978 6181
2281 8028
95 6122
3583 6728
2123 8188
2651 7660
173 5908
2767 7540
261 5816
3585 6591
2967 7209
722 5484
2556 7740
339 5779
1300 4821
2694 7495
4062 6171
1173 4944
688 5494
3742 6488
3536 6681
2564 7629
2874 7409
81 6045
3952 6334
1960 4199
3587 6611
1669 4437
2429 7852
2483 7777
3333 6870
561 5605
887 5281
571 5613
2713 7493
3356 6848
747 5430
142 5968
2215 8007
1191 4931
3308 6920
3563 6670
1295 4842
2802 7444
2157 8075
3093 7165
3580 6676
500 5660
1988 4142
3611 6640
2848 7373
3505 6751
302 5824
325 5809
3086 7162
2218 8031
1310 4841
3213 7034
2590 7654
2888 7344
1885 4261
1776 4363
1464 4675
3241 6994
2483 7758
953 7096
1186 7331
2024 8170
4040 6092
1308 7450
1511 7649
3865 5904
330 6464
463 6595
635 6774
283 6422
3274 5317
3036 5075
4069 6132
2808 4843
2310 4368
3660 5723
2898 4939
801 6971
2843 4869
447 6559
4066 6083
2786 4800
3444 5462
314 6425
927 7099
3366 5376
2148 4173
1493 7679
2189 4262
2842 4918
2514 4606
2060 4130
1641 7750
3233 5264
2701 4798
2755 4855
3890 5894
1276 7370
374 6478
500 6604
3898 5891
1943 8110
1956 8095
898 7102
3267 5375
1209 7300
3511 5512
1320 7529
3404 5390
1527 7604
3620 5740
1497 7569
1677 7876
1140 7230
403 6616
3034 5015
444 6641
1116 7176
2393 4365
1601 7700
3835 5806
1233 7303
2129 4103
2702 4820
2907 4864
581 6686
2344 4468
3275 5268
2230 4311
1629 7743
3680 5635
3907 5920
978 7089
2906 4925
1389 7431
180 6367
2052 4200
2110 4179
3740 5873
778 7013
1255 7304
1719 7879
1748 7845
3893 5959
2970 5097
3821 5785
171 6366
1742 7864
68 6194
2527 4521
2102 4161
488 6544
1955 8155
1367 7465
3010 5052
3507 5581
1993 8118
833 7107
3974 5893
2752 4677
2718 4635
1643 7917
529 6809
1340 7605
3373 5540
144 6170
1984 8010
3681 5867
3208 5122
962 6988
2438 4361
4024 5928
926 6927
1530 7528
8 6289
2957 4884
1665 7707
131 6173
2329 4537
1609 7915
127 6363
1902 8137
710 6764
2947 4909
3242 5124
1223 7273
3928 6135
2782 4718
1664 7729
3212 5182
601 6892
2264 4205
118 6350
2172 4292
3779 5754
3926 6122
1113 7396
3468 5425
348 6625
3519 5377
4092 5955
3094 5334
20 6356
3398 5508
159 6237
2467 4455
558 6890
3959 6066
596 6802
1758 7705
1332 7677
756 6717
764 6704
3065 4916
968 6918
2705 4703
3210 5214
2368 4501
2070 4300
1534 7458
2906 4999
3672 5816
1424 7537
1480 7465
2803 4626
3732 5750
29 6399
2214 4163
2391 4529
2763 4652
1540 7907
1041 7416
1236 7229
304 6619
607 6835
1524 7449
1917 8082
2951 4982
3877 6097
2067 4326
3254 5184
1263 7193
1319 7633
2089 4318
1403 7564
2790 4639
775 7165
2935 5005
786 7151
3023 4914
1613 7859
3385 5574
378 6266
1825 7712
1242 7641
2565 4877
203 6597
3687 5992
843 6747
1057 7472
1839 7742
247 6630
3128 5417
3155 5447
3692 6009
467 6340
2396 4164
1574 7999
2512 4297
1722 8096
1660 8038
3526 5339
1505 7422
623 6991
3425 5187
989 6910
2878 4637
3030 4853
2453 4274
633 6995
3754 6017
4062 5874
3227 5559
1441 7313
2668 4957
113 6466
76 6527
456 6397
3054 4824
481 6359
852 6755
2289 4550
44 6427
643 7096
1960 7912
1548 8013
1987 7809
3275 5513
1401 7226
2404 4128
2597 4960
861 6683
1353 7169
2735 5095
149 6620
1983 7921
1499 7307
2515 4226
423 6389
1426 7361
3577 5292
1274 7599
3582 5288
193 6553
3396 5149
3158 5391
49 6507
3140 5407
3326 5539
3914 5655
3345 5199
3903 5728
1365 7220
963 6816
1795 7783
3026 4798
3789 6051
1039 7521
3342 5217
1275 7563
1474 7347
1713 8128
352 6162
1830 7765
3479 5347
2538 4255
358 6160
1281 7286
3154 5419
1294 7282
2762 5046
1946 7911
1489 7340
3403 5173
3702 6129
858 6867
919 6686
972 6727
2783 4947
977 6748
4045 5699
349 6354
1484 7260
1447 7223
1285 7319
2055 4500
484 6257
507 6254
3747 5946
1773 8055
1772 8055
3780 5976
586 7127
2625 5087
2763 4971
216 6521
3712 5923
439 6164
1443 7175
1854 7834
430 6155
138 6447
779 6828
376 6352
1765 8012
109 6599
936 6658
764 6992
2732 4865
312 6294
218 6516
3670 6137
1414 7222
3251 5378
1531 7241
538 7081
3182 5594
41 6557
1879 7907
262 6323
105 6623
3242 5394
833 6905
1493 7276
2360 4227
2022 7770
3432 5332
47 6546
2129 4591
725 7019
284 6364
1699 8034
4053 5652
2736 4979
1644 8107
3121 5624
2039 7741
3428 5294
384 6220
2128 4511
3098 5579
4006 5748
105 6588
3495 5234
161 6518
2075 4545
3237 5497
1636 8122
3608 6137
3496 5194
1416 7274
2648 5052
2503 4129
1601 8102
3772 5979
2216 4431
2012 7732
2798 4870
1577 8128
2473 4163
871 6796
125 6545
1557 8186
417 6225
705 6961
1578 8155
4010 5726
3340 5368
1458 7237
865 6808
3694 6037
2703 4977
746 6377
8 6668
3269 5825
1036 7689
1454 8100
3023 4549
1426 8088
405 7070
1794 7433
2966 4506
2369 4941
727 6363
3568 6143
1884 7501
783 6430
3889 5411
1016 6635
3230 5773
2481 5029
677 6323
1158 7825
1975 7584
3919 5463
484 7167
1928 7573
3287 5834
906 6568
2508 5096
3881 5388
699 6301
737 6342
2628 4204
3458 6058
604 6261
1860 7534
2426 4945
3993 5554
4065 5578
1815 7483
938 6535
1469 8082
956 6547
2791 4310
755 6338
2545 5059
3100 5678
2107 4611
3786 5363
2074 4641
3123 5647
2101 4617
2801 4300
2442 5044
1032 7734
891 6468
3730 5330
760 6329
1091 7680
3321 5821
1096 7693
2204 4825
2642 4116
3560 6062
2186 4802
2655 4119
567 6271
1269 7869
2088 4708
2413 4896
4001 5614
30 6734
2869 4455
2858 4473
803 6512
2868 4449
85 6659
1115 7692
2998 4577
319 7012
1432 8131
2489 5092
3979 5590
3221 5879
1405 7967
1668 7399
3301 5761
3486 6138
2505 5036
3248 5848
377 6931
2729 4291
1675 7393
3417 5941
1717 7365
3229 5868
788 6503
1992 7612
3807 5291
1468 8136
688 6341
516 6258
3967 5383
1153 7929
1151 7687
1808 7530
2507 5041
2510 5040
1427 7954
3929 5595
110 6893
2025 7532
687 6184
1494 8030
3473 5912
2659 4329
3827 5247
1683 7198
1215 7726
2409 5114
1104 7876
1375 8138
1754 7244
847 6616
2138 4813
2750 4134
2304 5017
2696 4115
737 6266
2711 4106
2589 4224
949 6443
1480 8040
954 6426
1809 7601
3316 5716
679 6150
460 7023
2121 4842
1421 7977
2193 4661
1915 7646
2772 4211
3893 5522
3266 5738
427 6915
3744 5129
1859 7658
1005 6465
3369 6020
2618 4247
1718 7195
2691 4142
305 7071
135 6696
2823 4520
2941 4556
1604 7413
340 7142
683 6168
1183 7718
2072 4770
1670 7229
1569 7325
1992 7540
3450 6085
4077 5423
2738 4208
3615 5341
2038 7477
3571 5942
2900 4498
2274 4644
1489 7960
885 6584
3484 5970
2885 4491
1213 7794
574 6382
2023 7479
3282 5633
1952 7539
3245 5753
2639 4249
3397 6044
3775 5218
2491 4965
1660 7331
2348 5107
2404 4996
929 6465
1828 7622
3480 6014
1132 7818
2504 4911
2775 4159
2872 4562
4036 5423
646 6250
1617 7357
3144 5798
3112 5831
239 6687
1698 7248
1196 7775
2468 4951
3527 5940
3022 4413
36 6865
1833 7644
3414 6048
2753 4150
2570 4338
3024 4392
751 6166
3789 5175
3348 6121
547 6366
1108 7851
2133 4948
2679 4469
230 7138
962 6342
74 6988
1716 7603
1081 7984
1433 7827
1723 7601
1898 7264
659 6552
3477 5790
2257 5084
2627 4428
2289 5088
1431 7813
157 7048
1380 7793
920 6287
1167 8088
1435 7810
1510 7935
2752 4570
2572 4370
3538 5837
2664 4471
2526 4862
3027 4338
1355 7785
3576 5851
443 6812
844 6247
2575 4388
3660 5472
3201 6061
3378 5663
342 6776
2623 4368
2359 4613
2654 4460
1638 7508
1291 7737
1102 8058
3570 5830
3144 6012
2848 4117
213 7136
1839 7193
701 6539
3161 5998
2421 4674
1775 7637
912 6314
3269 6142
3388 5632
2827 4151
101 7003
805 6245
2558 4796
2051 4929
1972 7414
621 6446
1047 8019
1612 7432
3396 5635
1716 7677
1738 7553
42 7014
3795 5535
704 6541
3760 5602
736 6578
2589 4431
1410 7889
2745 4588
1823 7242
3871 5193
1702 7678
3048 4275
1797 7257
2300 5024
398 6867
1867 7190
2105 4967
1470 7902
3781 5543
1905 7186
549 6470
2460 4863
338 6710
1101 7976
2251 5037
2250 5036
963 6315
221 7093
2324 4732
3850 5218
2009 7346
2605 4422
2713 4597
993 6285
1632 7439
2743 4568
3644 5452
1232 8098
3193 5901
3386 5711
354 6683
3861 5231
1339 7744
511 6785
2302 4990
3006 4156
1780 7542
675 6432
961 6210
1248 8036
3345 5780
1849 7359
4010 5165
2068 5020
1892 7405
655 6405
1806 7298
3591 5514
3535 5698
3178 6117
976 6216
3796 5452
1349 7901
2114 5083
1334 7852
400 6666
765 6503
3977 5141
458 6742
2208 4926
1065 8118
2564 4507
2439 4632
3802 5499
936 6153
3562 5704
537 6587
3261 5913
4078 5192
1615 7650
3287 5990
444 6670
3190 6084
634 6606
3401 5884
1739 7549
9 7103
171 6941
388 6716
148 6958
2712 4389
2932 4276
1642 7595
2653 4510
3876 5344
463 6667
1114 8092
1731 7435
3213 5957
2639 4487
2453 4700
3215 5956
2074 5073
15 7106
129 6990
2864 4351
2073 5078
3584 5584
4016 5216
3474 5702
881 6309
1770 7486
2063 5081
2436 4690
2397 4742
843 6295
3080 6102
3972 5220
1946 7291
4071 5125
2569 4586
2472 4684
3146 6050
2271 4918
4012 5190
2022 7179
3824 5405
53 7131
311 6872
1559 7655
2725 4437
1192 8024
2922 4251
1050 8171
482 6679
1474 7739
817 6344
2008 7202
2183 4987
1594 7623
1659 7558
1363 7853
1109 6229
2656 5728
1972 7095
1124 6252
323 7499
3647 4663
3912 4928
3153 4184
3384 4403
2781 5841
2644 5722
2106 5172
2422 5496
1945 7062
2387 5468
857 8022
1790 6894
2992 6048
518 7702
703 7854
1133 6271
3728 4739
2336 5428
215 7363
2873 5932
3315 4326
3397 4432
442 7596
1555 6669
557 7731
1365 6475
3928 4935
1425 6577
594 7798
2063 5163
148 7344
3204 4258
1247 6390
524 7719
954 8086
1889 6989
2934 5979
2486 5531
2825 5945
3750 4759
3521 4592
1446 6549
3310 4314
991 8166
3413 4463
2224 5258
1982 7042
2651 5734
3624 4630
1103 6155
1052 6234
3794 4757
1544 6720
3298 4266
1286 6477
2921 5924
1680 6848
1732 6806
1837 7033
2206 5322
3179 4157
620 7733
2969 6082
3371 4470
845 7952
2237 5347
839 7975
3636 4694
3949 4879
2662 5637
3695 4618
1157 6371
2944 6120
62 7255
3496 4545
973 8102
2575 5730
2764 5795
644 7925
3584 4725
3557 4499
3531 4540
3855 4981
3389 4417
3470 4594
3891 4942
2956 6131
1085 6333
3231 4127
2493 5439
3435 4585
952 7994
2314 5513
2930 6139
1925 6926
2391 5596
956 7991
301 7590
3148 4288
641 7692
2566 5771
2676 5883
1535 6512
3736 4616
3057 5985
1935 6942
2266 5195
1329 6563
3098 4238
2818 6039
1386 6655
3132 4265
1553 6791
1793 7064
3284 4173
2279 5246
59 7329
2620 5798
3916 5079
4089 4962
3463 4379
139 7190
2724 5689
2605 5811
3373 4530
1029 6298
1100 6381
544 7812
1391 6601
1222 6255
414 7474
276 7608
2324 5541
921 7979
1011 8000
2746 5641
3439 4572
3782 4722
1340 6537
1977 6924
658 7716
3821 4699
477 7530
227 7259
10 7347
3171 4314
4044 4976
1046 6312
1703 6680
1313 6624
2636 5775
808 8171
3992 4956
2896 6037
3125 4339
2266 5148
3878 5089
3329 4553
22 7384
2420 5562
2562 5836
2395 5515
1092 6293
2919 6068
2895 6040
3460 4435
3792 4615
213 7181
1755 6656
2734 5749
322 7582
3818 4663
362 7607
778 8151
554 7924
2383 5551
256 7648
2005 6964
2007 6965
3264 4131
2925 6024
3719 4705
3611 4861
3625 4815
2016 6919
174 7239
1303 6654
2617 5843
13 7392
567 7898
1064 6361
2078 5354
351 7595
2479 5466
3032 5921
220 7207
2626 5820
4076 4882
560 7887
2495 5440
3724 5004
1732 7108
1201 6579
554 7982
1518 6379
223 7640
329 7246
2029 6885
1706 7075
3603 4890
1200 6585
1287 6157
2538 5344
2714 6033
502 7421
664 8083
3343 4125
1105 6469
3736 5004
2856 5693
650 8093
3555 4347
638 8037
2914 5753
2223 5555
278 7176
3392 4190
960 7903
2999 5783
266 7210
198 7654
824 7704
2841 5689
406 7348
3177 4427
1415 6307
2120 5485
2832 5685
2759 6113
3648 4966
300 7173
1407 6230
2365 5143
3367 4109
1225 6629
311 7194
2520 5366
256 7214
2663 5974
655 8126
510 7372
306 7168
1435 6318
4032 4853
3129 4364
337 7271
3886 4632
3544 4335
1840 6665
1411 6330
2508 5366
2092 5398
1476 6398
25 7461
2519 5354
1306 6180
1183 6623
1393 6192
1890 6691
1323 6249
3391 4220
1034 6473
1875 6672
4071 4771
2795 6061
1733 7043
2514 5269
361 7201
682 8162
1941 6877
523 8002
2340 5229
2608 6011
1021 7862
1758 7061
1495 6299
4001 4844
364 7203
1205 6650
1491 6274
2652 5902
2176 5588
3449 4141
2910 5643
103 7473
1841 6758
3703 4910
3811 4992
633 7962
759 8083
1583 6985
411 7420
358 7182
894 7703
1590 7007
2999 5851
2413 5121
1140 6424
3418 4151
3534 4259
2825 5732
1253 6549
1741 7101
3559 4245
2959 5883
1747 7078
2000 6823
3984 4845
1881 6695
3862 4759
3359 4253
3726 4875
969 7759
128 7430
2846 5785
1838 6825
36 7599
28 7568
3668 5080
212 7513
1226 6468
2768 5982
1610 7108
680 7975
182 7481
3335 4232
172 7486
780 7839
119 7652
992 7796
3995 4622
2988 5690
2224 5415
1743 6998
2374 5343
1788 7013
3380 4269
1307 6273
1728 7003
2549 5224
383 7393
1485 6227
2064 5519
3038 5697
506 7258
2056 5545
928 7682
1182 6461
3106 4481
2314 5294
855 7923
2295 5457
2727 5903
3563 4162
4007 4628
1254 6485
1210 6412
2315 5296
1892 6879
2709 5934
3678 5091
1334 6281
2270 5406
2850 5859
686 8044
580 8065
267 7374
1447 6241
3278 4361
416 7272
2078 5591
1715 7032
2917 5806
2025 6693
804 7913
517 8138
4080 4671
1605 7060
1648 7074
3159 4485
552 8189
579 8084
658 8005
519 8144
474 7170
2950 5724
1879 6797
208 7434
1314 6398
2378 5271
2103 5610
3180 4531
3957 4758
2511 5164
3572 4112
827 7891
2085 5581
2600 6081
3651 5032
1142 6555
3288 4405
4037 4650
379 7306
2124 5566
3689 5018
1801 6906
236 7448
475 7215
3052 5658
3552 4120
2700 6001
3604 5097
3124 4553
3616 5085
80 7597
2727 5287
3026 5587
2943 5501
3212 4751
4024 4539
3145 4684
410 8095
1865 6479
2041 6655
2935 5502
798 7445
1938 6558
3713 4236
2338 5933
2070 5638
249 7913
933 7602
1175 6784
2131 5707
273 7944
3379 4909
696 7334
509 8157
3783 4324
1724 6303
3249 4757
184 7837
1412 7073
732 7418
2788 5324
219 7922
3853 4388
3338 4897
2376 5988
3915 4454
3310 4801
1674 6328
667 7337
3200 4791
1060 6687
3250 4750
2190 5811
712 7413
408 8153
2125 5641
3446 4913
3441 4921
1322 7010
840 7425
1990 6540
3185 4666
3097 4692
3382 4966
3745 4336
3262 4838
3907 4379
393 8145
3752 4337
3598 4180
1060 6782
2151 5692
3055 5556
3553 5050
3126 4714
1199 6898
1596 6241
3362 4991
1824 6526
2739 5356
3669 4150
1459 7120
3797 4278
255 7835
3792 4278
2937 5393
3593 4193
531 7290
588 7200
3382 4955
1492 7097
1816 6518
1908 6427
1482 7098
1270 6789
1137 6658
2535 6034
3223 4833
1185 6875
2226 5832
797 7521
3020 5553
370 7948
1805 6514
3657 4298
1735 6211
1216 6724
2210 5671
2543 5994
927 7446
3960 4593
2710 5149
2786 5231
1093 6868
700 7214
904 7452
3729 4102
1420 6932
1238 6735
2673 5355
548 7354
1483 6996
2855 5511
507 8027
3851 4522
2477 5903
918 7476
445 7966
3348 5040
2876 5529
2062 5800
2658 5316
3876 4495
3277 4704
2116 5865
3231 4657
1371 7156
740 7252
1384 7128
3035 5482
1827 6546
6 7858
268 8120
3066 5455
2601 5276
2847 5542
1369 7136
1118 6887
1267 6730
2774 5228
2234 5632
2828 5558
1451 6929
2388 6127
1462 6925
812 7575
1564 6304
1433 6951
1653 6347
450 8061
139 7732
3765 4213
2071 5847
1377 7072
2714 5211
1335 7155
1786 6207
1914 6588
2577 5334
1210 6770
1214 6775
286 8148
1783 6205
2196 5721
2269 5651
1580 6370
1293 7133
2392 6025
2926 5564
2441 5981
1392 7076
147 7748
734 7177
183 7776
3463 4959
1092 6812
2822 5599
2851 5625
1713 6251
3089 4813
1961 6519
3430 5048
470 7944
3600 4303
3897 4571
1395 7056
285 8185
1249 6661
584 7341
1080 6878
2235 5725
2732 5189
3542 4927
3235 4681
2361 6101
690 7262
883 7583
2630 5302
2448 5985
1155 6769
2771 5153
2089 5850
1482 6974
2983 5459
192 7737
1646 6295
2787 5151
2516 5928
2104 5830
837 7610
2136 5799
3839 4096
1631 6495
939 7338
2740 5558
1701 6561
3642 4415
2414 5736
209 8150
3192 4991
2004 6365
2624 5449
320 7754
3949 4198
254 8181
1063 6956
3325 5105
1168 7069
2796 5601
3318 5113
1136 7039
3756 4541
307 7713
1689 6538
1746 6596
3787 4563
1966 6326
88 8001
3459 4762
330 7760
2262 6093
2928 5228
900 7320
2192 6028
2616 5413
2437 5784
3638 4392
2164 5995
1824 6144
3936 4160
1678 6575
421 7815
386 7840
258 7713
1516 6856
1039 6955
3395 4710
1620 6513
2329 5683
4091 4304
3062 5341
1356 6759
3335 4650
829 7180
3831 4548
319 7691
824 7181
2268 6117
2887 5245
1502 6880
2357 5643
46 7953
3565 4781
2641 5397
702 7674
1530 6846
1441 6884
2892 5129
923 7390
3986 4308
3641 4479
3548 4763
797 7252
1786 6576
3200 5066
1560 6485
907 7387
1863 6164
1656 6443
1483 6815
4046 4248
2309 5714
3494 4856
3624 4424
3962 4122
874 7177
452 7847
2776 5563
3050 5262
4042 4268
2061 5989
971 7330
3368 4673
615 7437
3524 4777
593 7487
202 8122
1644 6428
2214 6102
1904 6145
3110 4946
527 7547
1487 6843
2073 5997
1619 6438
1128 6943
865 7192
439 7884
3721 4596
2530 5788
3743 4382
2159 6126
2347 5800
2394 5849
1887 6362
2621 5560
3126 5043
663 7442
1099 7117
315 7868
1501 6740
2505 5699
595 7641
2835 5272
2987 5159
838 7368
1057 7087
1868 6339
4039 4183
3749 4407
2704 5378
2678 5603
2098 6055
3273 4956
4035 4181
3999 4104
562 7589
1989 6237
2724 5437
931 7224
540 7552
3134 5027
3778 4444
2822 5273
3933 4349
4093 4188
878 7373
769 7333
3062 5200
1064 7055
2301 5973
1250 6987
56 8084
44 8064
1942 6203
750 7489
2506 5754
2427 5834
3405 4860
3716 4401
227 8020
3331 4794
631 7629
1082 7046
3735 4394
2487 5642
3426 4828
2379 5877
1640 6614
3612 4514
1467 6660
279 7894
315 7929
1305 6874
632 7615
2481 5755
240 7997
2179 5966
210 7964
776 7366
2908 5261
2776 5385
1631 6541
2536 5694
2611 5609
3056 5162
62 8162
3779 4387
2424 5784
2839 5365
4017 4178
3590 4578
2349 5833
3139 5030
2854 5312
790 7409
2351 5832
1671 6511
3727 4453
853 7355
1701 6474
1940 6244
3522 4659
1138 7046
1346 6839
341 7843
2053 6131
997 7186
3587 4602
2738 5448
2828 5360
1361 6829
2243 5951
2733 5456
3512 4677
1120 9313
1714 9907
49 8247
997 9186
457 8640
1317 9519
1203 9400
214 8409
269 8450
176 8352
1142 9319
1154 9363
83 8256
698 8878
811 9009
1681 9871
1686 9908
684 8847
1273 9434
1355 9576
487 8641
1368 9586
58 8208
704 8939
576 8812
1257 9413
1378 9551
42 8222
138 8380
639 8774
670 8869
784 9003
473 8677
1207 9354
201 8436
452 8698
589 8717
878 9000
1218 9349
1197 9467
1638 9791
651 8917
748 8846
1282 9569
1692 9974
789 9081
810 9030
297 8519
1544 9831
1035 9339
404 8679
1651 9741
1558 9833
1004 9068
37 8359
1470 9533
11 8335
471 8542
1626 9936
419 8494
115 8446
369 8703
33 8371
13 8350
1161 9242
1457 9511
1178 9218
813 9140
538 8835
910 9006
1714 9746
12 8365
994 9029
1682 9781
846 9190
491 8516
1018 9035
966 9079
1292 9659
411 8492
1398 9655
867 9120
38 8419
479 8473
855 9104
1396 9660
1343 9717
116 8377
777 9177
1413 9558
169 8317
603 8834
682 8817
726 8714
416 8573
1023 8992
793 9158
1468 9566
1763 9735
578 8871
495 8453
579 8878
366 8577
486 8471
173 8287
860 9131
653 8818
998 8930
293 8225
1526 9458
384 8345
1863 9822
862 8772
1862 9819
1796 9767
1981 9886
1144 9567
154 8637
1460 9373
1428 9407
387 8360
946 8857
1814 9760
1103 9585
1364 9323
1203 9698
333 8223
1503 9355
1001 8894
446 8421
21 8522
1523 9388
1225 9640
1404 9239
1291 9312
1999 9891
1081 9547
981 8865
1114 9506
195 8633
713 9033
1367 9430
1318 9380
106 8681
981 8785
37 8611
1012 8818
909 8709
68 8652
1980 9776
849 8924
309 8357
352 8435
28 8584
150 8451
934 8755
1066 9651
1473 9307
94 8645
1685 9992
298 8330
1873 9970
822 8850
1179 9532
726 9062
316 8331
1853 9863
1327 9365
1013 8782
895 8899
1331 9357
1818 9944
775 8900
1448 9324
346 8348
944 8825
1235 9496
1025 9680
367 8381
313 8419
1421 9303
1099 9623
1990 9766
715 9001
1871 9899
1390 9349
985 8757
1997 9760
1811 9981
628 9091
1184 9561
79 8630
1409 9336
336 8363
1370 9377
1771 9451
355 9057
1810 9496
1000 8698
1909 9568
1993 9680
277 8974
1928 9643
587 8300
115 8796
157 8882
1919 9549
390 9141
197 8950
1772 9432
1837 9498
535 8236
420 9188
1017 8635
474 9110
2028 9635
43 8830
108 8758
237 8886
1652 9258
1804 9570
1171 9980
828 8525
959 8654
834 8496
774 8560
506 9101
209 8874
671 8418
485 9114
594 8407
250 8828
2043 9587
749 8292
1632 9451
847 8643
888 8680
241 8800
550 8372
606 8393
2007 9550
1727 9253
925 8454
415 9021
99 8896
528 8377
111 8901
1687 9276
608 8400
163 8722
332 9206
846 8693
1976 9477
1872 9710
1906 9677
2001 9493
316 9208
1886 9627
1044 9949
2004 9502
1178 9815
257 9171
1211 9832
46 8954
1042 9929
752 8237
1048 9926
1881 9657
168 8779
290 9162
340 9144
464 9020
591 8354
545 8398
1606 9398
1614 9404
172 8793
63 8905
1550 9464
344 9135
1768 9704
1835 9256
827 8252
564 8510
1729 9675
2018 9448
289 8750
337 8775
1745 9671
1597 9514
1537 9501
437 8873
721 8690
167 9090
720 8696
529 8507
1023 8397
1072 9987
1640 9565
1450 9876
602 8474
48 9075
672 8684
260 8778
608 8495
728 8599
80 8965
321 8727
781 8282
1812 9290
1757 9657
967 8361
509 8844
229 9105
1417 9983
876 8218
549 8530
1607 9528
1370 9945
1817 9375
1444 9772
1585 9661
621 8674
1940 9243
577 8663
1823 9353
1497 9806
599 8692
123 9182
526 8619
129 8999
408 8752
924 8241
1513 9796
118 9177
334 8952
741 8536
207 9073
492 8787
35 9191
1296 9943
1019 8243
1710 9572
1607 9612
776 8388
10 9178
397 8793
508 8741
654 8532
264 8914
599 8585
1762 9478
395 8801
1752 9522
669 8556
561 8648
23 9197
826 8385
1918 9344
1246 8414
20 9236
1552 8720
307 9521
653 9870
1918 9082
1168 8341
40 9263
493 9701
155 9360
1967 9123
1123 8303
350 9552
1453 8637
501 9697
1970 9130
1890 9083
1826 9019
618 9841
1467 8602
163 9351
1097 8303
1974 9113
1865 9081
1063 8214
1840 8975
1222 8327
1392 8500
1805 9031
374 9530
1542 8791
1855 9069
1116 8200
1244 8330
327 9499
1239 8374
2041 9112
1390 8460
1071 8269
1563 8831
559 9802
1068 8265
369 9492
108 9226
1712 8919
217 9392
370 9502
666 9974
1507 8591
100 9224
1269 8324
379 9486
1685 8928
1481 8639
1243 8352
1968 9167
1766 8807
1862 9157
123 9468
1529 8561
296 9632
453 9548
1028 8334
464 9562
1964 9022
286 9611
1561 8833
1179 8193
1068 8370
580 9946
1240 8262
1661 8925
145 9270
1707 8716
225 9291
1160 8227
732 9842
1819 9140
291 9618
1398 8653
636 9922
1454 8464
341 9706
1404 8636
1744 8720
1385 8621
598 9874
292 9710
511 9524
986 9993
2040 9007
1937 9033
1941 9036
360 9653
1784 8742
695 9832
1788 8733
1032 8425
476 9534
1198 8266
610 9860
362 9607
1785 8713
295 9686
1794 9207
221 9259
1625 8865
48 9416
2034 8970
1572 8924
1567 8934
191 9663
195 9667
1744 9169
1149 8575
335 9293
1076 8503
317 9270
1851 8758
1120 8558
1204 8635
214 9668
1600 9042
1532 8425
975 9944
1514 8438
373 9297
230 9664
120 9554
299 9217
429 9350
1311 8243
1069 8448
1165 8608
1510 8410
1038 8526
1229 8584
1423 8392
1394 8251
1546 9050
1438 8394
2028 8890
1058 8565
1581 9076
1650 9006
1007 9907
1661 8992
1705 9161
2020 8836
202 9641
64 9510
1531 8348
1477 8365
1059 8523
1148 8468
3 9583
303 9310
1792 8824
1406 8199
326 9277
2032 8844
1066 8534
1029 8569
275 9324
1107 8661
2014 8786
959 9777
1579 9125
1301 8325
1647 9211
1201 8484
156 9476
1440 8249
1999 8787
1348 8408
1708 8975
998 9792
1200 8473
231 9547
91 9717
686 9985
1608 9208
402 9248
1627 9187
930 9752
1935 8756
993 9818
860 9954
822 9865
293 9443
2037 8761
508 9265
2010 8725
153 9546
51 9696
1541 9168
168 9597
1440 8311
801 9976
445 9318
1973 8809
1299 8432
1375 8375
12 9700
1542 9199
415 9334
1951 8821
813 9920
1223 8501
964 9783
79 9660
1030 8691
1270 8458
1083 8763
881 9584
640 9348
83 9814
1135 8810
1407 9079
811 9506
2044 8688
786 9475
602 9293
1749 8396
1694 8325
196 9956
1245 8953
1241 8956
1703 8333
999 9684
744 9438
211 9956
121 9793
1119 8805
630 9292
31 9762
1525 9163
709 9348
754 9393
1569 8293
2039 8639
1889 8491
1342 9077
1984 8589
1232 8835
1571 8316
1436 9212
1337 9048
1759 8382
1828 8513
1193 8899
212 9919
1570 8270
893 9487
1767 8339
2027 8606
1506 9111
1598 8257
586 9418
43 9900
1305 9105
1436 8980
1383 9198
1 9866
1253 8814
201 9797
1994 8518
831 9649
816 9639
1159 8735
1584 8336
169 9743
1170 8757
800 9608
875 9671
419 9998
1139 8925
835 9708
572 9355
1084 8837
1362 9192
1079 8951
1965 8554
730 9245
1328 9209
59 9968
1317 9198
1705 8290
1206 8824
960 9488
1443 9072
841 9626
1836 8703
1006 9526
581 9371
1743 8238
112 9875
519 9455
896 9580
1687 8312
1481 8998
107 9884
820 9678
823 9673
1111 9044
1152 9100
551 9512
1845 8226
1628 8517
645 9628
1870 8276
1006 9460
407 9868
1151 9059
1338 8730
1086 8991
1647 8524
1761 8647
1595 8466
1996 8421
1608 8548
1551 8481
1625 8553
1021 9416
1983 8326
1112 8984
949 9463
1351 8704
368 9784
2001 8344
570 9587
2010 8343
454 9877
1859 8208
1545 8540
1496 8847
1811 8267
280 9794
794 9281
1817 8313
1943 8438
1304 8827
544 9540
661 9712
1452 8906
2003 8373
781 9316
1629 8502
1464 8915
532 9573
1175 9190
1684 8674
269 9850
1509 8863
2009 8354
777 9330
1311 8803
1900 8428
334 9935
1619 8658
280 9882
785 9362
494 9827
1727 8493
1594 8623
1737 8543
282 9856
1513 8819
380 9952
1516 8780
1059 9099
886 9439
432 9756
1360 8957
1026 9132
1284 8875
1547 8638
642 9524
1061 9107
1898 8412
1851 8321
886 9420
648 9525
375 9928
1535 8765
1155 9024
1005 9259
1849 8447
455 9741
730 9486
1526 8736
430 9842
1883 8326
1637 8581
1642 8587
1534 8733
1930 8302
741 9480
1848 8406
1312 8913
291 9941
1893 8345
468 9768
2479 8620
3581 9721
2817 8971
2303 8437
3007 9137
3661 9795
2403 8562
2258 8384
3172 9328
3752 9916
3469 9627
3605 9731
3224 9358
3790 9945
2847 8967
2475 8626
3473 9612
2140 8317
3874 9991
3147 9342
2127 8313
2363 8460
2876 8964
2903 9065
2422 8497
2744 8944
3827 9912
3517 9713
3470 9692
2502 8597
3677 9737
3434 9532
3735 9935
2405 8511
3475 9672
3607 9801
3135 9309
3122 9305
2067 8316
2185 8422
2217 8411
3174 9234
2381 8501
3794 9901
2535 8600
2582 8854
2173 8443
3619 9897
3089 9375
3081 9369
2421 8676
3610 9864
2153 8444
3537 9544
3177 9460
3281 9328
3448 9691
2736 8724
3258 9246
2586 8881
2107 8342
3634 9858
3769 9736
3250 9220
3249 9225
2797 8788
2969 8995
3461 9535
2971 8993
2457 8485
3436 9681
3032 8985
2886 9101
2635 8832
2513 8477
2984 9060
2305 8659
3730 9802
2592 8958
3380 9707
2393 8633
3334 9701
3186 9364
3379 9684
2426 8594
2293 8220
2222 8260
3360 9678
3636 9947
2440 8569
3136 9394
2328 8682
2871 9155
3522 9525
2427 8576
3445 9609
3751 9818
2554 8452
2805 9204
3558 9444
2866 8753
2061 8457
2986 8877
3560 9440
3343 9220
4009 9893
2436 8329
4077 9977
3088 9482
4039 9959
2249 8681
2993 8848
2238 8600
2966 8893
3282 9699
2583 8994
2995 8836
3509 9356
2218 8598
2471 8347
3542 9363
2595 9067
2707 9178
2920 8740
3028 8859
2861 8825
2355 8294
2773 9103
2196 8650
2544 8336
2519 8381
3000 8915
3259 9687
4055 9915
3858 9828
2584 9057
2980 8927
2255 8628
2112 8508
3902 9916
2846 8861
3451 9464
2319 8328
2979 8746
3394 9421
2532 8309
4031 9771
2893 8920
2961 8708
4048 9798
3402 9425
2697 9005
3576 9297
2594 9099
3980 9765
2947 8750
2706 9023
2134 8679
3092 9633
2401 8404
2606 9112
2965 8738
2423 8399
3096 9636
3985 9774
3258 9598
2182 8514
2362 8439
2712 9034
2806 8997
2388 8322
2168 8622
2494 8296
2884 8860
2315 8407
2629 9125
3489 9280
2542 8204
2637 9128
3068 8730
2883 8869
2200 8560
3900 9942
4052 9787
3513 9288
3543 9248
3326 9477
3155 9647
3314 9485
2390 9046
3642 9272
3297 9965
2373 9032
2293 8955
2981 8619
2076 8723
4015 9662
2319 8988
3813 9462
2229 8866
3612 9219
3253 9877
2546 9171
4053 9719
3060 8670
2607 8196
2842 8502
3904 9581
2482 9119
3099 9771
2118 8823
2930 8513
3387 9997
3012 8701
2523 9189
2072 8792
2862 8556
3709 9279
2699 8398
3590 9283
2534 9134
3970 9674
3969 9674
2692 8392
3101 9809
2050 8783
2507 9093
3910 9480
3682 9266
4003 9714
3763 9446
3422 9986
3309 9906
3865 9592
3954 9489
3061 8593
3159 9778
2494 9172
3226 9969
2355 9052
2977 8667
3717 9470
3833 9346
2111 8895
2335 9113
3305 9831
2895 8671
3096 9869
3829 9314
2350 9138
2617 8356
2062 8851
3988 9482
2571 8362
3035 8568
2232 8731
2648 8445
2344 9088
2720 8201
2710 8253
2499 9064
2599 8343
3958 9665
2152 8918
3923 9619
3635 9461
3606 9438
2173 8882
3175 9910
4041 9501
3839 9257
2810 8230
2650 8378
4081 9488
3866 9720
2765 8238
3874 9665
2194 8822
3882 9679
2276 8707
2417 9116
2469 9043
3888 9675
2165 8841
2285 8721
3675 9381
3079 9990
2291 9205
3352 9758
2191 9090
3456 9872
2868 8231
3849 9246
3445 9837
3472 9865
4007 9405
3878 9276
2902 8268
2853 8248
2424 8806
3979 9365
3654 9560
3911 9313
2834 8251
2985 8324
2814 8657
2143 9064
3725 9653
2962 8401
2469 8934
3918 9229
2942 8250
2069 9053
2101 9085
2238 9205
2863 8289
2151 9008
3668 9484
2079 9086
2178 9184
2780 8638
2536 8832
3731 9725
3937 9236
3547 9902
2749 8650
3480 9967
4029 9411
2262 9129
3071 8320
2423 8949
2096 9139
3339 9871
3536 9815
3830 9597
3393 9941
3525 9811
3968 9241
2766 8533
3808 9595
2739 8488
3487 9730
2686 8673
3698 9682
2292 9045
3067 8285
3508 9757
2247 9066
2230 8985
2392 8936
3985 9250
2305 8887
2109 9098
2613 8588
3936 9437
2818 8380
3948 9384
2866 8442
3951 9382
2299 9008
3975 9291
2057 9156
3673 9620
2614 8697
3837 9522
2480 8800
3932 9357
2840 8399
2049 9183
2298 8989
3942 9345
2346 8898
3820 9472
2295 8984
2311 8950
2246 9012
2849 8403
2652 8617
2361 8900
3452 8572
3987 9104
2221 9385
2660 9826
3342 8452
3466 8581
3619 8755
3562 8699
2636 9817
3669 8771
3118 8206
3154 8304
3753 8842
2145 9285
2341 9475
3888 8989
3568 8671
2288 9408
2470 9623
2570 9789
3104 8221
3830 8884
2409 9507
2466 9704
3137 8207
2670 9790
2754 9879
2135 9225
2558 9626
3439 8457
2716 9979
4043 9121
3122 8281
2260 9402
2419 9500
2094 9307
3374 8536
3916 9013
2323 9577
2182 9222
2764 9804
3965 9215
2425 9726
2793 9838
3237 8234
3708 8941
3535 8541
3149 8409
4016 9001
3905 9179
3836 8806
3847 9115
3637 8872
2085 9402
3709 8926
2496 9572
3376 8603
3810 8783
3630 8833
3244 8195
3913 9210
2756 9840
3764 8705
3244 8217
3548 8548
3077 8389
3964 9151
3377 8693
2808 9778
3363 8686
2792 9766
2482 9596
2645 9863
3746 8817
2780 9743
3604 8897
2493 9579
3442 8613
3479 8527
2384 9614
3815 8760
3640 8921
3112 8394
2090 9423
3394 8612
3593 8928
3901 9169
3834 8714
3415 8614
3564 8474
2093 9435
3802 8738
2322 9708
3872 8736
2387 9304
2239 9651
2364 9267
2158 9569
3974 8849
2137 9537
2913 9851
3816 9203
3431 8315
2880 9821
3503 8368
3216 8625
3303 8641
2130 9588
3613 9014
4011 8839
3225 8631
2870 9753
3336 8231
3406 8314
3095 8481
2882 9845
3390 8198
2171 9530
3214 8652
2211 9696
3594 9039
3793 9118
2345 9318
3163 8459
2879 9839
2400 9268
2844 9803
2974 9927
2649 9989
3322 8615
2952 9943
3859 8820
2174 9497
2301 9621
3872 8778
3767 9180
2304 9330
2280 9630
3196 8450
2830 9867
3777 9031
2950 9728
3074 8580
3969 8710
3643 9142
3645 9139
3552 8319
2220 9523
3715 8993
3016 9834
3187 8663
3618 9092
3918 8937
3956 8927
2975 9779
2750 9998
3234 8466
3727 9023
3651 9203
3291 8553
3005 9739
2995 9732
2144 9690
3169 8669
2220 9489
3223 8535
4051 8726
2902 9886
4025 8816
2184 9540
3924 8857
3256 8552
3595 9179
3197 8620
4047 8731
2195 9542
2313 9436
3919 8852
3181 8624
2373 9368
3881 8911
3399 8363
3870 8946
3773 9042
2345 9432
3368 8412
2080 9688
2341 9436
2948 9853
2909 9890
3156 8784
3656 8258
2638 9284
2864 9504
3561 9212
3181 8823
3068 9688
3757 8329
2870 9491
2946 9636
2901 9593
2285 9921
3923 8547
3580 9164
2265 9961
3905 8563
3823 8413
2883 9584
2741 9459
3819 8364
2729 9454
2970 9693
2967 9694
3861 8543
2137 9749
2810 9396
3119 8801
3683 8247
3337 9055
3679 8201
4028 8678
3655 8221
3351 9034
2945 9695
2093 9805
3639 8274
3046 9615
3245 8902
2261 9914
3289 8872
3997 8687
3850 8574
3598 8312
2087 9823
2560 9339
3617 8357
2824 9614
3238 8737
3352 9119
3024 9560
4088 8561
3941 8694
3963 8684
4057 8512
3671 8434
3446 9168
3517 8986
2838 9662
3220 8764
3534 9060
2640 9445
3720 8254
3417 9186
3688 8405
4078 8528
2859 9706
3450 9147
3370 9193
2791 9249
3349 9153
3142 8856
3137 8864
2753 9251
3138 8868
3254 8785
2721 9286
3020 9508
3755 8257
3737 8307
2102 9949
2987 9543
2540 9987
3615 8429
2745 9290
2998 9539
2706 9317
2604 9431
2548 9999
2264 9764
3187 9075
2456 9881
4068 8423
2622 9531
2580 9490
3416 8799
3141 9037
3431 8808
3749 8618
4008 8359
2352 9762
2489 9898
3595 8479
3267 9175
3880 8252
3152 9029
3983 8344
2477 9911
3693 8562
2719 9658
3093 9011
3848 8239
4060 8433
3067 9428
2418 9794
2590 9519
3064 9420
2751 9610
2660 9562
3236 9184
3994 8414
3070 9400
3386 8828
3131 9074
3029 9372
3663 8454
3740 8658
3971 8396
3265 9111
3243 9200
2334 9797
3085 9043
2435 9948
3632 8529
2487 9937
3708 8475
2330 9846
3119 9026
3241 9159
3680 8464
3029 9390
3856 8301
2179 9988
3607 8604
2491 9776
3504 8747
3080 9109
2309 9892
2793 9544
3082 9132
2769 9590
2310 9889
3039 9333
3202 9000
2956 9254
3940 8402
4075 8274
3133 9094
3617 8605
4058 8218
3899 8442
3054 9260
3351 8917
3095 9183
3118 9189
2886 9361
2923 9395
3975 8286
2450 9807
3014 9252
4013 8271
2800 9493
2994 9301
3597 8676
4070 8205
2938 9366
3710 8592
3713 8565
3906 8383
2772 9513
2563 9725
5674 9770
5349 9443
5758 9849
5320 9410
4614 8712
5441 9551
4627 8732
4460 8547
5480 9599
4799 8870
5298 9387
4951 9038
4544 8666
5101 9202
4753 8880
5576 9709
4556 8682
5768 9889
4745 8867
4731 8784
5264 9406
5132 9250
5342 9447
5135 9267
4591 8657
5939 9996
5330 9361
5485 9513
4573 8597
5222 9263
4636 8791
5961 9986
5669 9834
4347 8361
5012 9159
4176 8203
5670 9848
4111 8297
4244 8446
5059 9128
5150 9331
4974 8991
5337 9386
4916 9027
4290 8383
5222 9240
4877 9074
5128 9359
4811 8770
4419 8649
5532 9495
5686 9914
5528 9494
5246 9457
4365 8605
4668 8877
5769 9749
5533 9474
5433 9624
4101 8356
5189 9447
4787 8729
5115 9046
4172 8418
5804 9731
5828 9835
4429 8700
4383 8621
5310 9226
5803 9746
5332 9326
4302 8308
5254 9274
6095 9997
4953 9115
5071 8972
4871 9154
4359 8654
5271 9309
4615 8909
5664 9963
4418 8590
4695 8838
5733 9905
5638 9939
4962 9146
5223 9405
5312 9242
5782 9805
4923 9191
5151 9411
5644 9964
4886 9202
4610 8935
5131 9452
4352 8683
5076 9016
4597 8472
4215 8322
4525 8532
4569 8483
5217 9370
4529 8527
4755 9107
5212 9561
4374 8197
4981 8813
4693 9039
4528 8366
4421 8293
4580 8388
4343 8661
5128 9516
6072 9872
5892 9774
4564 8440
5255 9640
5466 9323
5184 9586
5516 9403
5198 9590
4924 8709
4567 8430
5474 9304
5111 8907
4702 9056
5427 9329
5900 9807
4132 8546
5444 9219
5545 9442
4715 9019
5308 9702
4198 8504
5446 9241
4447 8192
5289 9672
4135 8517
5610 9353
5285 9676
4890 8819
4755 9214
4475 8213
5068 8892
4967 8727
4830 9130
4936 8766
6038 9960
4942 8752
5293 9515
4502 8209
4484 8207
4367 8323
4499 8220
5320 9543
5540 9271
5484 9471
4750 8987
4201 8700
5933 9909
5062 8798
5042 8746
4654 9094
5807 9990
5108 8797
5028 8715
4840 9049
5267 9504
4542 8205
4880 8871
4787 8968
4509 8230
4390 8423
5978 9880
5227 9634
4538 8307
5627 9265
5541 9321
4804 8969
4172 8577
5256 9542
4307 8451
4512 8304
5437 9453
4667 9199
4823 8972
4570 8193
5434 9441
5303 9577
4735 9121
5064 8744
5571 9251
4639 9209
5225 9601
4126 8695
6130 9756
4668 9170
5207 9656
5589 9254
4696 9133
5284 9553
4822 9004
5419 9424
5058 8767
4728 9095
6085 9786
5346 9955
4870 8453
6064 9652
4360 8974
4441 9041
5640 9216
4707 8298
5376 9993
4144 8767
5015 8583
4537 9129
5999 9592
5161 9777
5350 9980
4630 8246
5167 9742
4625 8245
4375 9011
5364 9939
4804 8428
4143 8704
4359 9014
5880 9417
4873 8509
5864 9437
5307 9857
4304 8943
5076 8604
4406 9084
5179 9845
5677 9343
6003 9514
4445 8961
4784 8431
4115 8780
5950 9563
5109 8595
4492 9188
4249 8945
5846 9404
5000 8677
4617 8292
4851 8321
4667 8271
5673 9296
4655 8277
5929 9557
5693 9280
4832 8349
4220 8958
5193 9930
5992 9711
5100 8555
4693 8402
5030 8494
4341 8829
4748 8198
4885 8603
4555 9051
5061 8528
5235 9957
5823 9257
4978 8680
4777 8245
6022 9498
5219 9982
5169 9902
4293 8804
5987 9666
4747 8237
4464 9174
4806 8302
5205 9983
4847 8260
5191 9975
4767 8235
5634 9399
4487 9010
5136 9894
5560 9984
4692 8429
4854 8267
5171 9971
5118 8508
5947 9715
4494 9027
4996 8533
4493 9045
5935 9718
5144 9922
5123 9951
5248 9827
4648 8395
5162 9934
4611 8420
5871 9223
5225 9857
5887 9238
4685 8358
4508 9068
5667 9427
4280 8777
5987 9617
4945 8616
5109 8463
4444 9123
4642 8484
4138 8994
4210 9083
5889 9229
4513 8881
5140 9989
4443 8776
6065 9381
5777 9607
4366 8728
5727 9541
4768 8636
4552 8936
5013 8369
4129 8966
5523 9915
4562 8955
5583 9958
6005 9306
4992 8367
4346 9163
5924 9232
4121 9004
5557 9864
6045 9433
5633 9546
5948 9331
4771 8691
5910 9285
5060 8338
4283 9197
4413 8810
4146 9069
5842 9648
4782 8645
4924 8272
5955 9262
4772 8651
5611 9884
5415 9808
5573 9919
5377 9852
5677 9555
4227 9213
5945 9287
5441 9924
4209 9204
5106 8314
4976 8441
5555 9790
5493 9979
5045 8224
5056 8278
5382 9873
5716 9667
4186 9153
5935 9396
6118 9336
5009 8206
5777 9521
4963 8387
4527 8715
5679 9605
5619 9816
5390 9888
5943 9369
5505 9775
4582 8777
5628 9804
6026 9275
5780 9511
5853 9582
4442 8942
4560 8808
4458 8914
4858 8514
4980 8397
4215 9166
5414 9887
4566 8812
6119 9305
4299 8971
6139 9278
4825 8465
6046 9302
4629 8668
5931 9446
5839 9473
6031 9311
4506 8781
4535 8814
5582 9775
5625 9757
4284 9040
5469 9905
4850 8479
5047 8263
6028 9340
4844 8476
5385 9976
4147 9161
5266 8338
4432 9553
5788 8862
4284 9401
5387 8449
4795 9898
4680 9817
5490 8544
5568 8662
5885 8935
5865 8946
4183 9288
4107 9256
4624 9782
5498 8531
5817 8850
5761 8879
5456 8551
4752 9896
4133 9247
5969 9066
5396 8489
5969 9071
4458 9557
4533 9716
4424 9481
4202 9262
4195 9252
4264 9456
4436 9526
5901 9070
5977 9018
4722 9750
5953 8999
6114 9106
5430 8512
4698 9773
4657 9801
4837 9885
5185 8249
5371 8323
4606 9604
4680 9780
5518 8456
5470 8664
5272 8211
4362 9606
5435 8630
5971 9181
5206 8389
4581 9585
5616 8550
4224 9245
4505 9529
5747 8912
6012 9176
4417 9703
5487 8647
5432 8593
5910 9148
4744 9764
4360 9656
5498 8651
4393 9630
4576 9559
5359 8279
4397 9618
5133 8370
5730 8867
5900 9162
5409 8683
4410 9719
4824 9736
4323 9266
4231 9301
5208 8332
4564 9474
4719 9904
6063 9037
5861 8711
5204 8368
5534 8570
4426 9645
4456 9615
5505 8555
5793 8779
4171 9376
5331 8248
5241 8340
5734 8841
4145 9408
5717 8868
5567 8520
5373 8192
4254 9315
4781 9810
5359 8686
5051 9913
5033 9901
4199 9583
4357 9231
4512 9386
5974 8794
5336 8660
5812 9146
5870 9213
4147 9509
4098 9503
5455 8273
5065 9964
5874 9172
6055 8843
5263 8609
5158 8470
4933 9844
5511 8372
4543 9356
5230 8541
4938 9854
4900 9745
4508 9382
5506 8382
6075 8838
4285 9600
5934 8723
5544 8424
6004 8760
5710 8962
5665 9070
5127 8520
4321 9650
4974 9785
5355 8627
4418 9243
4447 9221
5041 9966
5745 8976
5243 8478
4892 9851
5757 8981
5187 8495
5199 8482
5983 8751
4097 9589
5335 8610
5084 9893
4334 9616
5608 8296
4577 9315
5787 8990
4588 9322
5902 8856
5421 8371
4959 9920
4988 9940
5022 9783
5412 8334
5298 8472
5319 8564
4125 9646
4282 9484
5401 8353
5329 8557
5760 9026
5569 8195
5339 8477
5180 8692
4459 9378
4197 9647
5598 8211
4952 9878
5578 8196
6018 8781
4944 9887
4230 9558
5159 8695
5053 9839
6100 8711
4327 9523
5746 9124
5152 8697
4381 9414
4488 9320
5888 8930
5620 8215
5520 8309
4301 9512
5213 8634
5862 8973
5301 8538
4489 9337
6064 8768
6010 8845
5237 8589
4551 9272
5669 8228
5223 8803
4628 9235
4332 9958
4710 9333
5593 9152
5478 9082
5538 9150
5524 9143
6114 8646
4279 9880
5317 8949
5483 9055
5547 9118
5066 9727
5074 9700
5166 8726
5289 8855
5103 9645
4947 9495
4136 9836
5045 9715
4965 9517
5318 8845
4977 9533
5080 9608
5467 8973
5899 8529
4619 9303
4898 9538
5763 8417
4814 9385
5554 9173
5786 8434
5539 9160
5464 9013
5072 9661
6092 8611
4301 9917
5858 8347
6067 8648
4234 9972
4783 9260
4243 9744
4971 9711
6130 8564
6050 8498
5188 8919
5636 8337
5479 9201
5908 8578
5645 8346
5966 8665
4921 9633
4260 9788
4168 9937
4746 9238
6027 8469
4985 9693
5690 8349
4922 9620
6090 8549
4912 9631
4808 9338
5954 8699
5396 9133
4656 9459
5364 8759
4108 9930
4203 9891
5556 9086
4780 9312
5444 9109
4961 9648
5300 8807
5587 8965
4192 9910
4766 9289
4661 9453
5621 9005
4136 9969
5147 8897
4289 9759
5028 9541
5801 8270
5952 8624
6029 8572
5544 9054
4241 9833
5534 9062
5142 8940
5197 8883
5922 8669
5253 9095
4849 9726
5384 8735
6024 8339
5684 8469
4518 9860
5659 8511
6140 8400
4786 9603
4466 9792
5421 8729
5224 9052
5794 8596
5024 9367
5260 9147
5639 8506
4616 9545
5337 9117
5675 8557
5749 8509
5209 8977
4416 9738
4940 9223
6041 8405
4826 9610
4573 9869
5116 9391
5031 9471
5113 9383
6006 8233
6111 8320
4382 9849
5349 9096
5468 8748
5882 8586
5551 8926
5403 8809
5471 8749
5069 9403
5450 8754
5090 9371
4904 9300
5062 9287
5565 8764
4713 9709
4407 9904
4488 9734
4937 9415
5326 9050
4878 9366
4353 9882
5949 8355
4868 9370
5105 9326
5586 8816
4690 9713
4438 9982
5261 8996
5609 8771
5025 9233
5866 8537
4840 9564
5293 8987
4907 9362
5487 8918
4371 9896
5790 8542
5548 8813
5493 8884
6049 8291
5362 9018
5885 8500
4520 9825
4475 9908
6129 8225
4914 9450
5954 8350
5706 8599
5922 8444
5946 8408
5488 8853
4917 9427
5714 8629
4378 9970
5914 8435
4425 9895
4403 9923
5394 8929
5047 9282
4758 9571
5530 8815
5957 8376
6150 8199
7833 9883
7188 9235
6233 8272
6269 8311
7789 9824
6592 8655
7491 9548
7882 9946
7314 9347
7919 9977
6781 8811
6950 9009
7070 9148
6242 8262
7006 9080
6153 8224
7706 9781
6500 8530
7574 9644
6781 8770
6772 8761
7250 9247
6156 8259
6618 8587
7381 9347
7514 9531
7778 9737
7113 9145
7345 9413
7273 9244
6772 8706
6482 8488
7205 9380
7268 9445
7408 9332
6162 8342
7385 9311
6442 8608
6292 8216
6410 8582
7098 9012
7343 9249
7884 9795
7043 8979
6481 8649
7538 9705
6695 8891
7811 9761
6525 8667
7477 9619
7786 9933
6405 8623
7632 9594
7735 9859
7228 9354
6556 8485
7698 9938
7064 9049
6887 8741
7369 9227
6324 8305
7130 8988
7453 9685
7586 9581
6280 8280
7821 9821
6661 8916
6316 8318
6219 8351
7859 9828
6582 8545
6337 8217
7307 9298
6960 9194
7206 9466
7855 9840
7301 9314
6698 8898
6336 8235
7045 9073
6543 8571
6932 9187
7037 9098
7451 9697
7507 9646
7943 9733
8021 9810
7555 9359
6309 8616
8080 9856
7105 8920
7261 9536
7592 9399
8130 9953
7094 8853
8009 9836
7412 9683
6814 9136
8016 9825
7643 9450
7048 8890
7324 9642
6760 9041
6408 8242
6384 8653
7094 8948
7287 9520
6509 8229
7306 9666
6841 9200
8096 9962
7582 9429
7103 8948
8144 9883
7309 9670
8077 9951
6180 8563
6978 8725
6502 8254
7111 8862
7074 8953
7269 9534
6472 8213
7328 9664
7510 9268
6486 8240
6570 8384
7243 9505
7659 9350
7139 8851
7639 9383
8119 9923
7807 9994
8033 9751
7035 8706
7050 8944
7120 8874
8076 9742
6982 8910
8021 9948
6628 8310
6853 9047
6820 9015
6277 8470
6567 8242
7546 9452
7482 9388
6819 9017
7485 9379
7606 9237
7212 9606
7291 9686
6653 8275
6628 8266
8049 9950
6488 8424
6393 8524
8143 9848
8142 9846
7247 9718
6250 8656
6390 8525
7524 9439
6574 8210
6285 8499
6759 9126
7221 9723
7592 9319
6928 8904
6520 8353
6811 9025
8071 9819
6473 8341
7963 9978
6368 8458
7992 9940
6426 8426
8130 9779
7957 9952
6345 8497
8090 9830
6944 8487
6607 9155
8018 9566
6404 8981
6406 8978
7282 9829
6257 8811
7151 8688
7084 8588
7680 9253
8183 9681
7816 9377
8049 9565
8067 9650
6373 8916
6506 9051
6672 8226
6242 8790
6668 8250
8063 9545
6763 8284
7011 8539
7377 9875
7059 8660
7157 8632
6960 8574
6383 8893
6221 8734
8078 9691
6844 8426
7299 9953
7983 9549
6591 9181
6208 8742
7716 9282
6240 8712
7380 9912
7095 8665
6372 8852
7167 8590
7376 9890
6213 8762
7949 9609
7032 8702
6182 8864
7976 9634
6888 8290
6609 9054
7255 9926
6235 8911
7144 8573
7166 8552
7728 9360
7980 9605
6444 9089
7848 9222
7782 9426
7928 9295
7801 9409
6690 8346
7803 9410
8097 9500
6504 9175
6715 8440
6255 8876
7256 9885
7878 9230
7057 8537
7808 9300
7317 9800
6161 8952
7934 9239
6524 9110
7142 8461
7121 8480
7231 9932
6627 8982
7908 9234
6664 8432
6335 8774
6149 8959
6914 8203
7649 9963
6259 9085
6881 8689
7908 9716
6313 9144
7761 9536
6636 8959
7981 9271
6965 8234
7449 9784
7814 9637
7839 9659
7980 9227
6945 8200
6805 8613
7650 9936
8187 9415
7507 9837
6451 8717
7123 8337
6723 8455
6291 9174
6796 8644
6769 8504
6973 8308
6494 8722
6263 9016
6321 9185
7836 9676
7943 9298
6830 8694
6147 9053
7655 9913
7587 9981
7116 8364
6515 8724
7115 8355
6456 8786
6387 9116
6175 9071
7938 9329
7581 9960
7965 9373
6344 9035
7799 9714
6294 8977
6267 9201
6669 8582
6765 8675
8093 9230
7875 9552
7322 9984
6145 9114
7986 9390
6835 8493
8016 9422
7577 9785
6238 9214
7107 8294
8131 9327
6524 8909
6921 8379
7117 8318
7138 8273
7102 8202
6788 8498
7617 9847
6391 9036
6849 8449
7145 8232
6590 8826
7742 9722
7093 8306
6777 8626
8072 9284
7972 9449
6208 9103
7696 9695
7001 8328
7722 9721
6834 8549
6530 8794
6343 8990
6217 9106
7611 9811
7040 8299
8002 9389
7920 9472
7867 8891
7819 8846
6572 9632
7467 8486
6442 9509
6827 9918
6386 9448
7743 8734
7882 8939
7684 8743
7560 8622
6749 9850
7957 9020
7972 8968
6851 9967
6529 9644
7269 8264
7174 8232
6752 9808
7492 8567
6346 9462
7431 8505
8052 9010
6560 9707
6317 9469
7296 8401
7970 9078
7627 8607
7710 8775
6234 9216
7745 8732
6690 9855
7591 8646
6730 9768
7253 8246
6857 9894
6374 9364
6349 9406
7244 8255
7831 8931
7317 8431
7382 8362
6780 9729
7764 8747
6753 9955
6826 9772
7192 8351
6869 9820
7705 8854
6310 9269
6357 9286
8087 8964
7886 8795
7804 8937
6794 9759
6330 9261
7804 8932
8014 9170
6593 9564
7551 8672
6882 9853
7440 8625
6799 9773
7581 8510
6325 9233
7616 8558
7715 8849
6646 9550
6431 9638
7728 8842
6194 9358
6333 9341
6404 9669
7770 8859
6766 9900
7310 8269
7691 8910
7246 8331
7668 8499
8183 9022
7932 8759
7869 8822
7443 8642
6852 9751
6580 9568
6429 9673
6894 9787
6707 9957
7197 8395
6837 9826
6573 9588
6394 9255
6761 9868
8132 8995
7539 8596
8065 9065
8037 9097
7522 8591
7849 8797
7738 8908
8010 9149
7768 8866
7846 8796
7883 9165
6383 9699
7675 8427
7353 8614
8026 8827
7248 8566
6327 9616
7871 9108
7141 9929
6479 9343
7303 8629
6615 9455
8152 8931
8057 8773
7213 8467
7421 8642
7289 8507
7185 8535
8099 8933
6290 9689
6463 9327
7125 9861
6598 9367
7049 9947
6279 9685
7995 8815
7777 9017
7022 9780
7771 8967
7624 8340
6322 9682
6917 9829
6300 9724
7628 8366
6583 9426
6453 9299
7438 8289
6325 9668
7243 8505
6167 9622
6474 9422
7744 9157
7936 8843
7386 8534
8054 8954
7995 8886
6202 9652
6292 9476
6522 9449
6212 9687
6435 9397
6940 9866
6296 9487
7407 8567
7717 9151
7494 8410
7965 8895
7554 8239
7855 8961
6526 9424
7112 9830
7974 8840
7085 9758
7872 9078
6157 9649
6223 9613
6232 9628
7196 8666
7820 9025
7337 8550
6564 9332
7422 8490
8172 8763
7318 8526
8167 8766
6459 9444
7789 9097
7947 8943
7429 8416
7455 8441
6172 9723
7408 8476
6987 9895
7279 8576
7594 8261
8156 8748
8085 8805
7765 9122
8158 8745
7933 8960
7927 8969
6195 9677
7787 8299
7620 9158
7000 9554
8170 8673
7653 9192
7326 8848
6165 9732
7894 8386
6178 9786
7272 8773
7339 8863
8111 8595
7831 8360
7302 8903
7478 9077
6873 9372
8180 8627
8145 8602
6807 9433
6862 9345
7725 8319
7037 9518
8053 8480
7353 8940
6975 9578
7693 8282
6801 9414
7746 8216
6864 9394
7362 8873
7803 8215
8025 8489
6856 9401
7342 8923
7529 8979
7061 9705
6754 9441
7329 8740
7805 8443
8164 8559
7535 9207
6712 9378
8127 8475
7922 8277
8136 8559
7753 8430
7315 8762
7535 9156
7636 9063
7044 9527
6378 9823
6895 9306
6381 9816
6720 9344
7633 8976
7161 9520
6980 9613
7622 8982
7838 8268
7837 8265
6702 9465
7503 9134
7219 8923
6673 9465
7912 8219
6966 9669
7609 9038
6281 9844
7931 8197
7930 8701
7160 9457
7030 9338
6700 9528
6504 9855
6461 9767
7426 8728
6820 9601
8033 8263
7786 8538
7800 8521
6999 9317
7719 8467
6497 9813
7293 9032
6439 9745
6736 9575
6417 9769
6986 9334
7970 8223
6818 9631
7154 9423
7266 8998
7386 9117
7207 9056
7860 8702
7960 8275
8039 8236
7726 8546
7109 9352
7284 8997
6937 9294
7585 8957
6983 9240
7285 9002
6551 9973
6244 9999
7822 8672
8090 8436
6532 9975
6517 9729
6493 9765
7487 8892
7562 8718
7686 8578
7406 9067
6528 9735
7865 8496
7110 9295
6534 9750
7300 8980
7763 8640
6899 9579
7826 8459
6911 9574
6790 9497
8134 8281
6698 9611
6816 9473
6860 9582
6615 9843
7162 9310
8126 8212
8034 8393
7023 9412
7700 8632
7707 8631
6708 9604
8107 8222
7836 8491
6516 9934
7899 8551
6590 9728
7953 8403
6747 9625
6556 9809
7544 8885
7154 9279
7333 9076
8105 8315
7646 8716
7533 8888
7987 8422
7072 9335
6733 9621
6649 9763
6693 9720
7587 8769
6778 9629
7261 9141
6794 9575
6611 9789
6901 9479
6521 9858
6732 9655
7490 8894
