1000 1055
912 913
892 893
458 459
593 594
816 820
616 620
715 719
888 895
858 861
555 556
149 156
66 78
548 553
629 635
259 268
705 721
644 660
833 849
9 24
780 797
709 727
224 242
137 155
935 948
105 125
78 91
398 408
877 891
270 281
591 599
813 821
454 478
456 465
589 599
677 703
907 919
674 700
834 860
904 918
384 416
211 243
641 672
92 126
665 699
280 315
333 361
709 739
711 749
768 810
837 878
13 38
917 952
651 678
331 358
722 764
457 486
460 509
783 830
664 681
13 60
601 620
397 443
781 826
520 561
604 613
22 44
729 738
724 745
145 172
595 621
134 184
333 370
346 357
164 228
35 99
819 883
297 360
143 206
145 208
932 998
16 82
412 479
392 462
189 245
290 363
811 866
42 96
414 468
812 871
821 894
307 383
558 610
288 366
14 65
649 729
424 505
388 469
260 341
296 378
537 587
42 126
442 494
284 329
897 980
563 614
388 467
399 471
279 334
698 739
646 732
566 618
137 213
157 195
163 252
413 511
669 766
26 121
949 976
149 240
773 864
135 225
663 753
274 373
540 628
945 984
571 593
25 115
825 851
830 848
933 981
934 982
826 842
782 895
130 240
133 246
948 967
146 234
524 628
440 449
45 87
385 507
281 355
536 611
16 107
35 88
693 713
571 582
654 755
940 978
262 377
145 238
529 657
534 662
522 650
513 640
827 959
123 254
871 992
380 500
576 713
352 489
366 487
11 129
27 144
64 203
545 682
626 761
258 393
577 716
295 426
622 737
266 410
535 646
558 703
39 180
47 186
57 175
566 673
779 915
43 179
362 498
836 991
289 445
306 428
309 427
55 169
580 731
817 942
116 235
271 400
301 397
320 480
891 987
275 439
38 130
587 751
294 384
81 249
303 391
336 505
282 435
562 664
350 501
782 930
58 150
105 196
372 473
326 491
872 966
98 204
28 172
348 493
522 696
590 765
543 684
37 144
591 762
605 747
276 419
592 743
1 185
618 720
127 197
26 161
552 661
257 447
850 914
779 971
857 920
381 441
894 953
601 670
832 904
262 463
878 932
66 142
28 208
17 220
839 906
32 237
73 135
768 975
277 453
62 239
100 181
617 701
125 168
557 760
846 923
795 974
597 643
836 915
848 903
346 386
616 688
574 743
335 404
63 227
10 215
347 390
789 968
843 917
623 689
586 661
341 394
835 930
614 647
846 936
368 406
106 141
530 757
875 898
607 694
270 487
564 728
4 232
512 749
10 228
560 734
634 660
537 758
116 132
788 997
39 211
636 648
306 455
34 215
73 188
58 207
111 151
44 212
61 199
95 164
59 192
874 913
98 159
615 666
103 153
71 327
563 818
651 911
171 431
707 965
697 958
71 320
48 313
233 483
40 291
168 421
704 977
226 496
11 281
172 447
533 771
5 274
99 372
67 340
602 834
70 351
174 436
569 803
536 771
193 474
94 322
721 972
6 283
115 338
170 395
254 477
767 988
679 899
109 330
567 784
70 367
547 778
523 802
556 774
568 786
238 452
570 784
90 369
61 278
746 961
714 996
33 272
18 289
590 890
644 946
251 451
21 300
235 466
11 306
606 868
100 350
672 923
701 902
737 986
85 361
652 944
39 281
512 831
603 795
645 964
763 954
20 342
677 999
244 432
93 280
741 931
118 318
142 455
175 485
94 277
675 1000
555 864
229 425
747 933
521 838
236 444
724 901
552 889
93 268
551 885
238 445
635 814
736 950
106 317
67 283
205 405
74 275
56 354
138 471
525 851
624 815
527 879
156 511
723 944
13 366
104 269
120 285
696 989
754 916
203 419
758 926
653 999
632 791
41 344
158 492
218 430
588 827
658 997
155 492
226 411
221 423
211 424
700 960
718 945
224 355
21 401
525 901
208 344
733 853
716 837
91 464
33 429
602 983
680 824
553 952
685 828
640 785
214 324
207 349
606 973
752 867
605 969
180 288
165 317
46 438
114 490
231 381
97 507
179 302
4 409
710 857
727 887
702 799
219 377
255 349
705 866
51 406
549 898
222 374
209 376
123 465
220 369
731 886
734 881
158 305
692 773
130 307
31 429
647 820
659 807
534 931
206 376
15 439
561 907
730 865
222 354
112 460
539 935
624 973
104 425
130 320
750 809
248 319
642 843
79 390
608 938
172 359
157 336
64 401
704 785
147 321
600 906
111 445
577 914
201 285
629 929
531 966
690 868
671 840
180 355
739 820
185 353
245 300
698 864
117 431
608 955
674 889
60 487
229 313
134 347
28 508
171 331
212 308
741 773
49 464
169 328
68 422
234 265
648 876
36 450
722 820
217 318
710 815
84 446
191 339
600 948
95 433
53 475
647 873
6 488
186 330
96 402
202 312
550 978
154 355
179 330
52 462
3 504
84 426
132 378
365 877
415 927
319 831
260 773
181 695
294 804
302 813
418 929
420 928
69 579
69 578
362 867
495 994
345 854
194 717
86 583
187 682
87 580
75 600
241 740
503 993
310 800
256 791
45 565
257 793
170 691
48 557
510 995
458 983
473 967
236 755
308 788
152 697
49 528
484 963
311 799
252 725
501 988
187 662
436 922
413 946
128 688
375 835
183 642
74 639
322 884
327 881
32 535
290 794
364 852
305 777
321 888
247 718
303 789
482 984
53 526
418 921
34 542
147 687
111 595
403 943
263 824
490 938
204 654
117 567
496 947
393 975
193 649
407 990
114 568
60 630
352 810
267 832
365 801
29 592
287 847
18 576
151 708
200 668
477 905
243 683
200 657
356 829
337 781
28 578
255 673
162 765
325 805
14 622
121 541
7 609
43 579
427 961
77 550
55 604
470 954
108 514
337 800
39 597
296 860
314 844
497 902
102 542
202 690
5 638
339 808
23 619
122 519
412 994
244 650
353 993
500 885
311 947
113 756
287 920
166 545
404 796
453 845
247 639
422 814
367 998
360 993
481 872
292 942
408 787
253 630
387 776
395 774
424 806
476 845
237 636
432 802
122 745
502 869
12 663
499 879
506 870
160 572
119 744
385 798
118 726
68 740
489 841
250 603
65 739
131 549
219 627
188 532
7 686
110 708
299 896
408 820
394 807
298 900
108 706
251 596
304 927
396 828
506 842
461 893
353 976
178 518
450 884
315 909
210 613
102 735
312 897
482 859
72 753
184 513
295 925
139 560
7 699
476 864
85 744
233 598
2 707
454 775
485 804
101 679
133 582
475 792
481 805
338 918
250 574
209 532
65 647
19 730
47 741
510 820
80 667
225 559
374 934
214 519
273 963
416 883
65 658
347 904
457 797
486 818
57 748
389 850
286 969
375 928
343 911
145 584
141 598
198 541
359 956
198 538
273 972
420 890
479 769
167 633
208 526
50 748
392 855
124 675
40 714
2 736
463 811
382 922
328 940
298 962
7 751
194 554
380 918
31 757
438 861
20 767
138 609
217 565
474 822
148 633
139 612
316 979
37 725
242 514
504 776
140 638
415 876
29 750
332 959
277 993
357 912
8 766
272 1000
143 631
423 863
243 521
36 735
493 787
189 957
306 562
278 533
379 632
424 683
174 939
279 529
391 641
334 585
13 778
179 948
183 958
396 645
166 943
17 794
299 544
59 823
127 882
101 875
134 918
191 941
330 600
430 699
297 575
442 684
195 980
152 896
161 953
176 936
63 806
82 840
480 762
459 720
50 809
484 760
449 733
205 977
495 754
343 586
314 548
433 687
146 908
22 777
238 974
325 612
30 829
8 812
192 996
88 892
77 873
443 669
261 546
80 887
30 822
159 951
441 656
128 939
178 921
134 941
281 562
90 886
310 538
269 544
510 723
363 581
173 899
41 775
400 702
173 925
153 937
291 530
336 609
54 769
276 547
364 596
476 741
370 584
277 552
342 617
258 573
261 583
76 783
271 588
103 803
165 992
491 686
54 880
129 968
353 552
292 623
323 520
451 655
136 964
124 816
12 833
211 924
389 726
461 670
264 607
470 652
335 528
503 680
347 516
407 712
218 955
246 916
467 689
112 786
469 691
509 667
223 950
62 852
75 801
356 527
51 856
508 656
437 728
340 569
409 759
216 951
316 589
452 694
259 625
241 903
162 985
472 678
399 752
83 979
23 919
9 904
446 575
326 711
332 717
232 874
24 924
411 543
301 683
76 970
497 631
89 990
196 844
366 742
1 905
92 981
136 772
201 839
109 995
417 559
379 756
79 991
264 665
89 970
81 965
221 841
140 793
487 625
309 685
154 770
414 518
434 554
410 515
248 865
405 524
307 682
197 863
444 551
494 626
286 643
216 838
167 825
27 900
249 870
358 761
408 568
111 974
46 908
448 610
60 926
304 659
478 637
440 539
150 819
113 982
176 792
428 517
373 732
182 796
243 862
281 692
445 531
267 676
307 668
97 974
230 854
483 594
107 985
15 957
230 853
177 770
256 693
110 987
284 683
119 960
11 956
210 869
324 764
466 619
434 523
387 570
52 910
368 715
382 706
348 738
417 609
345 666
448 515
371 695
266 719
421 611
510 568
148 862
502 573
456 516
190 882
435 637
498 572
323 653
19 989
199 790
499 546
25 971
329 671
231 817
86 910
437 621
476 517
3 986
213 780
371 681
402 585
293 763
182 855
72 937
253 798
386 615
83 949
468 562
227 772
223 823
403 634
177 859
320 682
336 699
472 564
263 746
282 759
293 712
265 742
190 849
383 655
131 880
488 540
120 909
160 856
239 790
163 858
56 962
351 676
180 847
398 627
