10000 10000
3942 3943
8329 8330
3227 3231
6186 6188
5427 5432
8897 8909
6547 6558
9202 9212
42 58
8294 8311
9930 9945
1480 1499
2565 2582
3627 3647
8616 8638
8523 8541
105 127
7648 7671
550 574
2668 2678
6760 6770
5477 5502
2 30
9902 9907
4362 4375
7469 7472
4775 4793
3336 3351
4233 4265
9354 9387
7936 7969
6359 6389
3462 3492
320 355
4701 4734
9484 9519
2311 2339
6534 6562
6226 6263
5004 5028
6670 6695
9870 9893
9935 9954
5312 5360
3410 3424
8220 8238
3012 3056
9618 9638
3660 3704
4097 4148
3330 3383
7635 7652
3338 3378
2714 2722
7501 7541
2268 2276
2371 2427
3422 3431
284 294
8718 8756
7511 7532
7571 7592
4575 4579
8912 8940
7055 7091
9168 9196
9553 9580
8901 8954
4876 4942
3747 3809
6800 6867
9901 9966
3842 3911
933 995
4502 4560
3084 3146
2065 2134
9004 9067
4102 4161
4749 4805
7066 7123
163 233
1058 1129
8340 8411
9106 9181
3632 3680
8717 8799
8456 8538
3878 3956
5163 5241
8741 8822
903 980
4259 4340
8104 8176
3229 3268
4238 4311
1281 1371
9781 9838
950 1003
3754 3829
6402 6498
8511 8541
8842 8937
7097 7133
5679 5706
5132 5226
8345 8433
6333 6356
10 99
2751 2772
6169 6261
5055 5075
2314 2405
6792 6887
8508 8524
8253 8270
7841 7892
2188 2297
6810 6892
2364 2379
9621 9709
5660 5733
4671 4676
3362 3417
8231 8282
2597 2651
3986 4076
5681 5711
9265 9393
1358 1486
6244 6373
7695 7818
4965 5091
1862 1998
9548 9669
9299 9433
1284 1423
6757 6889
7015 7147
5666 5807
4660 4795
3158 3289
7019 7163
5920 6065
9807 9949
6946 7092
1806 1945
9816 9935
358 510
3853 3989
3087 3217
7787 7924
1656 1752
1813 1973
1815 1974
2362 2459
5939 6039
4428 4585
7994 8095
3887 3978
8231 8321
8495 8585
6471 6637
9270 9373
851 1020
2604 2691
359 456
2075 2218
8192 8370
3144 3323
9751 9889
8754 8843
4154 4224
6690 6814
2088 2197
1074 1167
3444 3529
7004 7138
1035 1204
5753 5817
1330 1520
9755 9951
2685 2745
9581 9641
6241 6309
2615 2801
8742 8929
7542 7601
1568 1769
6497 6571
2128 2202
3851 4039
9747 9950
8011 8069
3870 4049
9475 9683
5239 5286
9288 9369
7016 7097
6400 6609
9078 9124
8791 8836
3148 3231
4628 4807
311 483
2889 2974
3620 3836
857 899
9323 9392
5445 5534
3941 4024
3604 3786
5919 6143
5709 5805
3587 3810
6229 6324
8976 9201
803 962
3155 3248
2359 2515
5739 5775
4366 4586
7174 7393
8818 8859
860 949
4715 4738
2066 2302
1350 1451
7691 7909
44 221
4729 4744
7680 7921
1084 1230
8050 8065
5224 5275
547 726
7439 7673
8291 8340
8570 8589
5134 5366
3093 3308
4664 4801
7786 7825
4900 5087
4631 4843
2381 2480
8203 8438
59 315
1572 1828
155 410
5748 6005
5173 5428
3290 3544
2761 3019
532 790
8894 9148
3661 3919
5178 5433
4294 4547
9437 9691
7357 7611
81 342
252 507
2568 2816
5722 5974
4856 5108
6909 7153
9432 9685
8895 9137
9280 9550
6795 7045
3072 3343
2791 3062
4262 4532
9333 9575
670 904
6383 6647
6741 6990
9319 9596
3187 3438
4168 4438
1277 1507
6825 7094
617 886
4732 4958
5270 5556
5836 6126
8863 9146
8219 8509
8926 9209
2589 2874
4671 4886
7783 8014
8806 9036
3664 3962
1068 1287
208 508
9336 9557
2700 2978
5818 6026
184 392
629 836
204 510
2293 2503
3204 3504
5227 5470
4203 4445
9276 9482
213 483
2060 2358
3690 3926
2165 2376
607 799
4642 4962
5885 6079
9440 9634
4811 5000
2667 2856
8431 8619
5845 6033
746 942
5138 5462
4730 4924
1165 1482
8195 8516
6857 7041
1747 1946
6732 6914
9259 9572
4737 5073
7377 7553
8429 8636
4128 4466
1692 1998
4684 4895
7745 7957
5710 5914
3825 4006
5741 5946
7753 7952
8218 8512
2654 2820
6750 6917
5269 5576
1057 1407
8344 8647
9304 9528
5338 5563
9831 9990
6696 6986
9236 9590
4861 5022
226 390
3793 4021
7889 8116
7175 7521
707 932
9269 9566
4776 5060
7862 8152
7215 7489
9345 9713
2055 2423
9264 9536
9221 9588
5268 5605
3686 3863
7284 7430
6353 6563
2629 2871
690 961
9413 9654
8318 8461
7886 8123
4690 4901
2758 2993
36 348
25 352
1541 1916
9216 9593
8746 9043
3718 4093
530 878
5724 5921
4624 4973
3595 3957
3652 3899
7828 7956
1568 1952
5685 6068
4263 4390
4697 5080
2173 2556
9866 9992
4333 4462
7851 7980
6673 7062
7270 7662
3728 3866
4238 4356
2141 2518
8263 8652
2169 2546
5858 5998
4743 4875
5843 5983
6772 7162
5346 5485
7204 7605
4714 5112
1067 1465
566 933
1252 1392
3638 4002
5156 5554
5792 5943
3753 3889
3150 3543
3153 3531
748 886
2567 2973
3644 4007
7899 8000
6886 7034
8266 8662
5320 5463
3318 3414
8819 9169
4636 5054
610 960
55 405
7352 7451
6232 6652
6325 6417
7390 7546
7720 8077
6855 7009
2590 3001
8727 9151
5850 6002
4328 4417
5677 6020
3320 3409
5306 5395
2083 2447
7245 7649
1602 2028
2254 2430
1240 1386
2171 2504
1128 1499
7845 7953
4677 5105
5825 6004
1676 1849
1113 1516
5728 6102
5309 5386
139 305
1151 1477
5145 5538
3154 3566
7361 7551
9218 9661
7808 8000
5754 6075
4324 4391
3238 3429
3824 3892
6766 7078
1027 1483
5633 6088
7230 7668
7241 7554
8331 8512
2291 2366
8873 9060
109 418
652 860
1710 1918
2206 2383
8427 8505
1147 1449
186 352
5688 6114
696 866
2161 2474
9256 9715
9268 9705
4658 5100
7729 8175
2805 2858
5749 6037
704 801
8433 8464
4116 4597
3097 3576
9422 9517
9325 9608
1119 1466
3302 3331
7192 7665
7277 7556
4334 4357
3787 3879
4170 4518
2102 2501
4750 4985
1230 1337
7320 7520
1712 1865
8707 9208
1148 1409
6845 6976
3116 3538
8835 9085
5293 5458
4501 5013
282 794
9295 9807
1301 1812
9401 9916
146 663
56 573
7518 8024
8199 8705
133 642
1202 1717
6571 7075
283 787
8533 9049
5617 6113
5543 6070
3092 3590
1531 2025
264 795
8317 8814
7475 7975
4341 4832
9503 9993
2177 2711
35 571
8469 8975
411 897
8218 8710
5334 5835
7464 7990
6354 6861
4550 5081
5145 5689
5436 5916
2417 2899
2537 3020
2559 3034
9453 9931
8599 9136
7344 7832
3425 3913
6511 6981
2377 2914
7268 7759
282 822
7473 7964
7466 7940
9397 9861
8449 9009
92 622
2414 2909
6289 6818
5606 6099
7632 8166
2195 2725
391 944
6334 6790
7196 7716
8599 9134
1187 1690
6521 6978
2163 2632
1241 1765
2157 2640
6216 6774
8390 8952
2446 2992
7515 8036
1066 1641
5300 5872
5355 5807
4131 4710
1246 1688
6194 6772
8214 8798
8345 8913
4560 5016
9303 9759
6493 6935
1522 1977
2349 2918
2088 2660
6623 7059
3076 3659
6591 7151
1345 1808
4360 4955
1418 2009
3467 4063
4337 4773
2516 2945
5279 5834
7620 8081
6148 6738
365 826
5278 5830
2252 2709
7569 8136
8313 8736
1372 1797
1245 1671
8474 9025
1024 1629
6555 7109
5139 5746
6156 6765
6514 6931
5356 5774
4243 4848
5184 5667
7602 8150
246 658
9251 9799
2328 2941
9401 9951
2500 2978
4200 4623
5216 5640
5176 5712
8227 8778
6170 6768
9267 9817
468 958
6469 6958
8588 9191
4555 5031
8680 9092
2179 2799
3242 3782
490 903
8451 9068
3260 3788
8315 8719
3437 3865
8634 9166
6176 6740
2320 2919
8325 8946
501 908
4603 4994
3573 3982
7634 8105
1240 1700
6415 7024
2387 3026
414 795
8494 9128
4141 4778
1459 1851
3119 3749
4325 4719
8300 8935
6310 6701
6273 6666
5512 5892
1423 1794
3138 3791
4330 4708
7622 8008
5238 5881
21 646
2160 2787
8685 9081
8410 8782
5223 5875
2180 2577
496 869
1295 1945
1394 2020
4606 4968
6523 7139
3400 4051
8556 9200
353 1021
413 768
3129 3748
2518 2888
3421 4035
7280 7919
4275 4627
379 987
1483 1903
4511 4922
7467 8077
5434 6044
6171 6845
7556 7980
7447 8126
3497 3843
86 764
8341 8767
3126 3738
1146 1751
1383 1992
446 783
9284 9973
4340 4684
5610 5970
8519 9214
423 797
41 659
2448 2859
7513 8164
6557 6947
6579 6925
6165 6826
3469 3890
1241 1638
3326 3649
1519 1838
3220 3670
6459 7161
8416 8739
2112 2692
1293 1993
5348 5664
4470 5040
4389 5090
8444 8757
5601 5931
9449 9762
1439 1875
2222 2658
7213 7905
2350 3040
400 863
7492 8085
7436 8153
2235 2670
9423 9754
6617 6924
380 938
9380 9842
402 837
9291 9884
7541 8109
6191 6902
4246 4687
7324 7749
6610 6920
200 532
3361 4093
2152 2740
6197 6888
5278 5699
1425 1871
2490 2917
3491 3905
2058 2792
413 894
5296 5721
60 725
368 923
1473 1837
7256 7860
2380 2976
6393 6676
9216 9965
3306 3591
6379 6662
2076 2802
9338 9877
1532 1811
4229 4714
5625 5896
1465 1866
2065 2789
8571 9103
9295 9915
8499 9158
4151 4800
6150 6897
5252 5756
140 631
8517 9150
5365 5640
7517 8096
1236 1577
4546 4927
6162 6893
2428 2684
4243 5009
1035 1800
8228 8999
7450 7711
3212 3979
5220 5996
9687 9950
34 808
50 825
7463 7723
4577 4845
7620 7880
362 613
39 823
3378 3619
5262 6047
1127 1910
4337 5091
2288 3042
2509 2782
2419 2656
452 720
2384 2629
415 649
6566 6832
1361 1606
226 1013
6201 6945
1462 1711
5511 5789
8351 9092
2121 2898
19 782
3387 3621
335 592
5464 5752
8240 8976
8355 9090
8322 9121
3088 3891
7493 7776
7474 7700
6647 6865
1338 1554
4536 4753
1142 1887
3401 3682
8247 8988
6480 6780
8198 9002
8577 8877
1389 1601
5170 5916
2474 2693
1094 1897
5447 5751
4134 4886
3572 3780
1512 1755
2200 2988
7214 7961
4558 4855
5521 5802
9617 9901
110 848
4475 4667
7358 8190
8286 8991
307 624
3353 3674
1345 1541
4140 4969
2099 2933
8319 9017
4208 4919
6485 6674
4269 5092
6638 6823
8601 8915
2140 2839
432 767
3413 3589
9489 9792
2068 2886
2285 3007
18 838
7637 7809
8287 8970
5160 6014
3415 3584
7586 7928
7289 7972
5568 5790
3404 3603
2324 2635
9628 9980
8583 8934
7584 7873
5187 5922
1468 1757
364 520
7191 8050
3132 3929
353 519
3245 4036
3557 3724
293 588
1434 1776
3523 3752
99 776
7443 7807
8419 9103
6413 6752
6161 7039
2495 2769
9534 9809
5188 5943
9586 9735
8642 8887
2461 2795
8203 9074
2303 2949
6227 6953
2167 2829
5276 6119
7622 7866
8248 9029
8692 8843
98 992
5179 6073
9493 9879
233 877
9358 9990
8611 8751
2161 3068
1216 1869
2116 3017
7575 7705
69 970
6331 6955
7332 7989
6168 7050
2306 2710
1300 1665
3334 3729
4322 4987
3411 3786
1149 2022
8506 8869
2536 2632
1303 1718
1382 1732
1047 1983
1149 2005
8661 8828
8474 8883
5336 6001
7168 8106
32 906
2504 2659
249 850
4402 4761
9726 9810
3468 3617
5353 5959
7507 7933
2111 2960
3577 3657
7249 8163
8506 8841
8399 9080
3498 3613
2321 2726
1138 1994
6528 6712
1063 1950
256 698
8620 8726
6454 6794
9484 9904
6530 6719
3309 3920
2208 2846
9398 9992
4545 4735
8412 9059
216 792
4245 4949
2462 2655
5550 5736
450 516
3075 4037
5295 5992
2464 2663
467 538
3117 4068
4239 4934
4281 4979
9514 9959
1351 1674
4428 4739
3369 3833
6451 6882
9517 9983
238 828
4305 4867
3552 3635
6177 7154
4182 4995
5592 5645
4143 5114
8586 8796
4589 4663
3359 3781
8518 8860
1025 2010
8607 8772
5185 6045
5356 5937
458 554
8633 8793
7670 7698
9504 9925
8356 9026
1126 1920
7502 7846
270 743
2080 3018
6314 6983
6464 6830
6198 7128
108 899
2227 2882
8504 8905
6470 6836
359 659
1505 1559
8374 9025
5385 5886
7506 7851
6426 6883
1344 1721
9609 9840
8225 9181
8518 8888
45 979
1269 1802
9587 9868
5094 6118
4107 5128
713 1741
142 1163
7008 8037
4323 5348
6475 7500
7116 8133
4387 5417
709 1743
870 1900
4099 5128
8584 9603
8735 9748
645 1675
3 1037
4236 5251
218 1237
671 1679
6756 7797
4655 5694
6245 7284
8886 9895
6230 7236
4363 5400
2403 3447
2348 3384
6394 7407
4621 5652
5055 6054
322 1368
6558 7555
8557 9584
2253 3282
2733 3725
2645 3701
6481 7536
4436 5495
2751 3738
110 1099
5041 6039
710 1760
2344 3342
723 1780
6293 7346
2477 3466
4908 5893
8827 9809
2927 3906
5025 6028
68 1129
559 1537
6641 7646
2794 3781
2074 3125
6607 7679
8887 9860
103 1108
2317 3390
8233 9242
6688 7701
4599 5581
452 1535
4180 5224
809 1812
884 1865
4180 5225
6607 7664
754 1714
8789 9748
6423 7508
8448 9539
174 1259
8696 9662
8242 9338
2073 3153
155 1233
7041 8138
8658 9625
8808 9763
7004 7952
8492 9568
4640 5740
2938 3895
6628 7594
4436 5402
383 1328
6758 7721
6320 7392
8903 9878
164 1271
387 1495
7123 8069
7016 7998
2878 3945
6184 7281
7133 8068
4682 5648
2776 3714
8563 9512
3056 4013
2268 3201
2753 3743
5035 6132
6751 7680
950 2007
3058 3985
8722 9846
6410 7532
6968 8030
6729 7726
6518 7441
882 1819
678 1740
4411 5456
2112 3116
2194 3327
577 1580
2762 3751
215 1209
2270 3248
6437 7508
2724 3797
2902 3876
2910 3885
7042 8177
6689 7765
6756 7708
8686 9623
4450 5403
227 1178
4612 5758
2510 3508
6286 7412
4187 5152
6895 7828
7051 8183
8634 9670
2238 3267
290 1442
4865 6019
2637 3790
582 1730
7160 8061
305 1460
4806 5696
6826 7724
6543 7433
2904 4062
506 1404
3065 3966
46 1190
4613 5773
5107 6011
6929 8088
8749 9892
2838 3996
2139 3281
4915 6073
5061 5966
41 1189
2261 3163
6385 7294
4546 5453
8697 9590
8610 9522
2412 3581
2211 3122
8808 9978
457 1370
2439 3347
6663 7827
2118 3283
773 1936
4799 5674
967 1874
9108 9986
691 1573
2917 4083
8327 9233
2094 3254
3055 3958
6324 7209
476 1346
6443 7604
4847 5744
8938 9845
4933 6117
2507 3435
8779 9963
2890 4073
6313 7181
8745 9871
8858 9788
2601 3726
4536 5392
3031 3967
2706 3643
8911 9828
2599 3723
2689 3628
2332 3507
409 1320
7023 8157
4935 6132
348 1513
72 1279
4567 5486
2593 3736
2061 3252
7034 8132
2625 3838
815 1936
6994 8173
177 1038
3036 3869
5112 5946
4220 5311
2482 3441
4459 5551
134 1091
8532 9617
4985 6078
8272 9367
2676 3772
5111 5949
7083 8033
2831 4036
4431 5508
2581 3806
2282 3110
3036 3858
6740 7834
8877 9853
4510 5454
100 1205
522 1752
2627 3734
4587 5438
78 1176
4336 5158
8596 9538
6398 7209
4225 5206
4568 5379
6792 7764
4688 5773
490 1333
8380 9315
6554 7546
4543 5468
605 1726
823 2002
8285 9403
8582 9569
2708 3708
6303 7287
2129 3256
8596 9597
182 1116
977 1855
8933 9749
6753 7825
2116 3253
4485 5495
378 1417
4989 6025
788 2017
2891 4029
2771 3627
6662 7933
2529 3298
5063 5827
5113 5887
8989 9755
311 1086
248 1523
6389 7672
2607 3873
2825 3591
6311 7593
862 1617
2616 3880
4976 5728
6674 7938
2256 3522
8225 9522
2223 3516
2644 3904
2573 3864
6297 7567
7128 7886
2132 3394
2873 3630
8641 9430
8210 9477
2365 3109
7160 7904
325 1117
8557 9333
5102 5878
2812 4068
2101 3372
6351 7638
2812 4069
8535 9293
8730 9985
6613 7369
8565 9321
6361 7623
2807 4073
6259 7533
4395 5173
6944 7743
4234 5546
6699 7946
90 1400
6284 7599
8348 9663
4734 5981
7019 7759
8417 9668
6636 7370
7082 7821
8267 9568
6246 7499
4334 5598
7121 7904
597 1888
7064 7854
6576 7303
6279 7614
6754 8027
12 1333
4430 5237
4816 6124
535 1835
8362 9622
8437 9673
747 2006
4841 6103
4603 5317
6602 7413
716 1934
4686 5901
4144 5491
5067 5768
8781 9993
6995 7703
6654 7355
4756 6098
77 1290
3005 3834
8576 9416
2265 3473
2939 3634
6798 8133
176 1532
472 1172
6612 7301
2835 3650
149 1476
2881 3603
2452 3271
7077 7926
2977 3826
4125 5448
2215 3570
4927 5738
546 1915
2090 3443
6824 8177
478 1156
8298 9526
6827 8182
4306 5555
646 2023
8507 9305
6371 7553
8604 9471
2704 4086
761 1937
927 1781
2079 3443
4286 5584
2793 3974
4416 5167
4555 5305
2650 3886
40 1374
219 1453
8346 9698
2576 3947
8236 9552
7098 7878
580 1850
4682 5940
9141 9930
529 1902
8424 9578
966 1604
4615 6018
2730 3885
4679 6080
65 1485
4945 5853
4940 5825
2179 3342
6499 7406
9042 9923
6294 7431
4570 5195
6584 7210
2484 3111
4696 6092
6979 7894
8283 9677
8595 9220
8384 9559
619 2035
214 1359
6370 7544
62 1445
2397 3267
6837 7979
6771 8172
6680 8120
8530 9457
6957 7817
2928 3796
4138 5518
8320 9510
8337 9529
6402 7336
2612 3998
557 1927
7153 7771
2879 3732
4324 5460
506 1099
6856 8057
8492 9375
4226 5425
6337 7540
3028 3681
7134 7787
4414 5256
2850 3733
937 1553
482 1114
2286 3412
2316 3254
235 1367
8613 9240
217 1383
4161 5631
2747 3844
9144 9848
6537 7244
4290 5380
2345 3311
4519 5217
7090 7801
2723 3944
6972 7927
123 1456
8467 9439
721 1821
2584 4052
254 1331
2359 3322
796 1740
2713 3914
2580 4034
8448 9431
4768 6008
4641 6137
2245 3359
8431 9524
4619 6096
6208 7580
2784 3900
778 1750
4721 6060
2222 3441
8415 9533
8245 9681
2108 3545
4912 5846
9199 9734
688 1881
2067 3577
4994 5736
5075 5689
6145 7658
2908 3767
812 1729
2921 3716
6454 7366
2465 3152
4351 5389
7105 7730
156 1391
210 1318
497 1028
517 2032
210 1316
159 1384
2937 3713
4507 5219
2614 4047
6749 8102
6397 7430
2093 3631
2574 3083
2951 3457
6349 7883
9020 9530
2071 3600
4668 5174
6874 7382
2501 4042
6318 7841
8833 9358
4567 6085
4889 5387
4975 5500
8350 9866
8860 9352
4349 5864
8840 9374
687 1208
607 1095
8913 9417
6702 7223
4918 5423
6276 7837
2907 3393
4853 5352
3 1566
4784 5295
4878 5422
8823 9302
6424 7997
6303 7866
6734 7272
4429 5994
4967 5440
4461 5957
2819 3371
6852 7405
444 1942
949 1439
2712 3251
5027 5518
433 1951
2933 3419
4150 5657
2384 3967
6848 7409
5069 5631
714 1279
5098 5599
255 1737
6435 7957
2185 3775
295 1821
4276 5775
2757 3326
6960 7438
2794 3285
6962 7537
4674 5124
909 1482
9079 9520
6764 7204
970 1410
990 1428
8444 9910
6568 8164
8981 9560
6239 7697
2841 3401
5002 5594
6930 7491
2481 4067
849 1285
8902 9362
139 1747
4362 5968
7109 7582
2469 4088
4447 5889
4472 5926
6835 7377
6585 8155
8337 9972
528 1144
7037 7444
8208 9852
5061 5547
4479 5904
739 1164
7137 7569
6669 7293
9182 9647
9041 9504
8295 9750
6743 7206
8323 9970
9070 9500
4646 5204
6403 8049
6877 7342
4882 5479
4298 5823
810 1375
2391 3872
727 1199
2542 3991
6288 7914
664 1251
2232 3779
6247 7706
6281 7926
302 1873
2432 3840
2679 3319
2894 3534
595 1234
6158 7818
8216 9885
955 1342
6249 7916
4154 5823
6238 7890
5053 5424
7145 7527
2184 3608
6793 7192
5047 5414
4317 5708
679 1077
4800 5203
8963 9616
4372 6023
2272 3700
6645 8035
9189 9586
6329 7726
525 1173
2570 3218
6456 8099
6691 7352
402 1807
4193 5887
559 1200
138 1557
4145 5777
4548 5990
2262 3701
4564 6000
6985 7660
7131 7549
802 1412
7107 7524
2929 3545
4227 5675
6639 8005
4454 6091
198 1640
6284 7742
4955 5608
2444 3903
968 1403
4222 5834
4167 5875
6467 8182
6724 7410
4874 5564
2847 3494
6565 7967
2453 3887
885 1487
8821 9419
166 1561
4842 5162
672 1120
789 1495
1014 1332
628 1206
267 1992
6804 7248
2109 3835
4145 5878
4313 5649
6440 8161
4348 5680
6151 7883
4751 5186
2654 3219
6197 7931
915 1373
8396 9731
809 1529
8948 9252
8335 9822
2191 3678
2275 3634
7121 7427
6810 7240
5050 5480
6691 7414
6611 7941
6533 8018
4521 6001
960 1306
570 1254
912 1356
2838 3531
4288 5666
4757 5233
2671 3211
4926 5590
9186 9480
6658 7401
7106 7470
2845 3570
2406 3990
4257 5712
779 1529
229 1553
540 1257
753 1031
388 1907
44 1749
382 1924
8812 9366
8987 9697
2979 3416
85 1705
3065 3332
6391 7690
6500 8090
478 1758
2141 3932
8866 9635
2552 3834
6629 7911
4185 5981
3040 3300
8720 9494
2066 3860
2084 3874
2097 3894
8561 9851
8997 9257
5023 5267
8896 9677
2633 3399
4640 5422
4825 5590
2832 3073
2605 3388
726 1476
6755 7543
6285 8091
9165 9429
4604 5862
948 1192
6367 8131
6269 8033
4785 5550
218 2042
4990 5214
9172 9461
2673 3408
1013 1238
6258 8020
9164 9451
408 1712
397 1701
6207 7958
940 1157
6495 7796
7087 7299
4220 5969
4614 5416
4341 6106
4665 5398
7049 7353
6983 7287
249 1999
7103 7305
644 1459
4 1843
6271 8005
2742 3467
2534 3800
4149 5899
6180 7963
703 1535
3061 3253
8879 9710
2735 3566
269 1614
2639 3340
2670 3373
4704 5412
6224 7956
6773 7486
13 1856
2507 3718
6645 7867
9005 9315
4370 5698
4816 5505
4551 5781
75 1816
6164 8007
8904 9627
49 1895
2328 3648
8479 9796
745 1461
9192 9396
6768 7469
2915 3134
2290 4015
477 1666
918 1270
6430 7806
8625 9939
8666 9912
6742 7476
8488 9804
2995 3287
6624 7813
2925 3083
2230 4063
2428 3607
2798 3459
6270 7953
5059 5301
549 1363
534 1390
4311 6061
666 1505
4510 5861
6494 7714
6205 8001
2357 3656
4506 5860
7085 7378
64 1984
1008 1138
2865 3250
8551 9956
7048 7180
8702 9851
128 1798
3067 3197
4509 5658
2489 3633
2572 3460
4786 5435
369 1784
2884 3278
5068 5190
6291 7961
8920 9555
6193 8125
6274 7951
4940 5313
349 1744
6928 7296
868 1271
8968 9372
285 1673
6537 7709
4293 5968
6237 8139
969 1105
4170 6099
2300 3943
6618 7751
6857 7511
4769 5376
2994 3091
2459 3641
2486 3605
6449 7829
6849 7525
8958 9563
2681 3550
2662 3533
6479 7908
6606 7778
4531 5662
407 1593
30 1968
4843 5467
2183 3893
6242 8145
4301 6009
4354 5815
6161 8100
9215 9290
6725 7667
6587 7693
8561 9929
4376 5793
4978 5321
9091 9279
6283 7988
4693 5525
9167 9230
4745 5450
2106 4094
8404 10000
2893 3208
863 1175
4413 5877
52 2043
4690 5507
199 1810
9011 9446
9006 9467
2612 3554
4282 5997
228 1852
523 1491
707 1307
2468 3709
6440 7924
5059 5149
6997 7307
8629 9835
2675 3500
8944 9488
917 1140
2878 3292
6835 7504
2169 3994
4358 5856
6603 7714
6501 7823
7080 7234
654 1381
5041 5213
8558 9858
2077 4080
6959 7360
4322 5904
642 1393
4415 5832
4634 5603
114 1931
6655 7685
8673 9756
5524 7572
1038 3086
763 2810
4483 6530
4346 6392
5036 7086
1145 3194
440 2493
1759 3801
4426 6466
388 2445
509 2548
901 2959
2006 4060
5819 7857
6032 8091
1707 3744
1991 4044
1626 3670
1130 3174
5441 7500
934 2985
4172 6211
6038 8070
21 2052
1060 3125
982 3012
1436 3465
4425 6495
1265 3303
63 2086
6030 8084
4121 6149
1112 3141
1824 3901
1416 3477
5836 7890
186 2213
1892 3963
4105 6166
5697 7776
1122 3139
93 2174
1366 3445
5365 7376
4987 7006
4575 6648
1092 3171
150 2239
4601 6611
1949 4022
1384 3396
2000 4094
260 2347
902 2998
4129 6160
673 2704
5772 7864
985 3053
1719 3727
5730 7770
4299 6386
4936 7026
5357 7383
830 2820
5833 7922
2012 4065
2029 4048
5548 7570
4628 6698
4716 6703
6118 8097
1653 3645
6079 8183
876 2852
1222 3215
1367 3352
5049 7158
5972 7940
4888 6984
1381 3380
315 2409
1262 3261
5780 7874
1340 3428
5399 7503
1103 3094
1991 3997
1441 3583
459 2453
4385 6464
1789 3742
37 2114
437 2514
5426 7514
6069 8159
668 2806
4644 6734
407 2555
5143 7290
4384 6478
875 2821
4838 6793
1753 3766
1359 3391
151 2278
5700 7734
121 2059
5745 7685
5097 7068
1608 3646
744 2719
1257 3216
626 2569
1311 3426
1548 3699
1563 3684
5259 7178
4240 6163
5714 7894
1891 4071
4891 7070
5570 7493
5191 7374
34 2219
5152 7339
360 2531
5842 7746
798 2959
222 2127
2046 3951
448 2386
5743 7932
498 2406
5578 7516
752 2662
6121 8049
206 2135
1272 3169
1223 3165
1372 3527
1141 3304
5841 7793
4478 6622
4382 6590
5806 7694
387 2338
121 2267
5304 7186
5115 6993
445 2327
1396 3544
5909 8121
1237 3192
6024 7974
464 2431
4228 6199
6041 7978
5093 6994
5301 7170
545 2710
4744 6704
1071 3221
1636 3807
710 2683
1433 3364
5809 7695
4958 7137
4320 6179
340 2455
5082 6937
5345 7205
5317 7169
94 2203
5481 7596
5457 7575
5995 8108
1088 3207
367 2472
6084 7948
6043 8017
5279 7250
5930 8165
1709 3709
1844 4070
1801 4058
5115 6952
4854 6690
4941 7065
820 3041
160 2166
1788 3626
915 2890
5361 7211
5193 7314
1885 3974
1735 3612
1715 3695
4125 6339
824 3046
5408 7678
5242 7333
806 3015
1588 3798
541 2814
4282 6239
4102 6369
4891 7155
1503 3382
1975 3933
5409 7627
11 2273
4252 6262
566 2781
1749 3646
1181 3190
4893 7158
1316 3528
1987 3884
5127 7400
5903 8160
2005 3877
4515 6481
27 2280
5390 7677
1235 3110
4824 6701
208 2085
4184 6317
5703 7856
5143 7407
1323 3537
1904 3979
4455 6555
5869 7696
5821 7747
286 2078
5811 8119
4584 6381
615 2913
4729 7025
14 2310
4867 6666
4119 6428
4974 6754
695 3002
5513 7300
6084 7882
5705 8025
4711 7031
5971 7746
263 2070
5494 7271
5000 6814
4986 6765
5784 8065
1801 3600
5374 7655
944 2729
5613 7412
5119 6885
845 2641
5867 8139
4858 7130
882 2643
5580 7403
5209 7550
6083 7908
1970 3740
5612 7390
563 2823
6109 7914
4250 6562
283 2083
612 2908
830 2566
749 3028
1894 3679
32 2329
1832 3688
1586 3956
907 2754
1848 3697
2011 3735
4742 7115
5226 7461
507 2228
1401 3112
1356 3102
1054 3402
4292 6544
5506 7383
4930 6677
5125 7517
5472 7224
134 2526
606 2823
5283 7673
4894 6725
5718 7949
931 2813
1562 3963
705 2981
4529 6357
597 2864
4688 6965
1686 4081
4490 6370
1444 3277
5671 8012
1110 3389
1109 3385
986 2743
5199 7457
1857 3630
1048 3433
6105 7850
881 2562
5819 8142
689 3014
5372 7563
4605 6277
520 2930
1458 3273
1403 3079
5159 7513
5506 7420
725 2901
5762 7939
433 2101
2009 3677
4409 6332
1590 4016
6088 7758
5838 8008
5982 7896
87 2527
1228 3398
1224 3395
319 2227
1461 3131
5287 7465
6066 7741
951 2616
6071 7718
1768 3962
5950 7853
6051 7728
4868 6801
4882 6789
772 2707
1979 3628
5076 6735
427 2096
454 2138
669 2819
4762 6970
1926 3623
1460 3093
5596 7294
1697 3843
5928 7819
5544 7179
4823 7025
1894 3790
4950 6908
1946 3639
1850 3735
1884 3821
1967 3611
4460 6360
1098 3582
4241 6439
4227 6452
4784 6922
223 2400
4471 6325
1362 3222
1956 3681
4173 6539
5066 6669
4513 6248
4695 7070
4187 6551
4667 7159
119 2491
1911 3769
5263 7488
630 3001
1925 3671
4197 6583
1041 3522
467 2054
5952 7829
4435 6276
5471 7304
5600 7226
4338 6441
1891 3715
6074 7774
5704 8109
1524 3089
5216 7558
5818 8028
5489 7319
653 2922
1913 3730
4865 6890
5593 7221
844 2721
1336 3286
294 2248
689 2911
5795 8013
916 2660
1321 3293
86 2466
4331 6430
101 2450
5020 6757
920 2657
5759 8070
5242 7552
4456 6290
6017 7803
247 2315
4634 7142
73 2485
1626 4005
5911 7443
1327 3883
832 2375
1504 4071
4407 6960
1693 3223
4966 6509
1825 3375
4840 6375
4810 6362
1790 3310
4177 6720
6010 7531
4764 6285
1652 3174
5239 7780
5705 7263
867 2421
1600 3158
475 3011
6063 7607
4593 7144
851 2378
1285 3871
4370 6920
1091 3673
650 2193
5437 7969
273 2828
1622 3147
278 2870
4284 6812
4118 6708
5599 8186
1515 4033
4669 6163
4912 6431
839 2408
652 2211
5580 8189
1986 3571
4318 6892
1136 3650
4740 6327
1647 3164
5120 7731
1934 3512
5643 7229
264 2864
341 2925
5786 7328
1737 3317
966 2555
4801 6396
614 2136
5144 7719
518 2119
6058 7656
5982 7452
1348 3847
655 2250
4846 6315
39 2657
4622 6217
4296 6786
5879 7354
4537 7159
5683 7293
953 2551
1487 3999
192 2705
4374 6979
5362 7844
4716 6203
1419 4060
4474 6946
1510 4030
95 2567
4941 6421
1796 3421
411 3010
1581 3191
5199 7698
143 2770
1274 3749
426 3022
4991 6427
5074 6583
1335 3922
5789 7418
5225 7683
5556 8158
5639 7276
141 2785
5328 7869
1648 3073
223 2734
4939 6458
4285 6863
1877 3366
4938 6461
202 2749
4359 7039
4951 6447
341 2861
5540 8156
2039 3471
878 2326
553 2131
5521 8173
575 2115
5545 8151
1182 3808
5572 8122
4302 6735
4481 6914
5529 7962
4839 6243
5584 8024
1786 3186
953 2352
591 2244
1504 3949
4952 6615
4134 6839
4217 6888
4924 6575
339 3008
6128 7524
5888 7573
5658 7311
368 3045
347 3011
4385 7096
4313 6722
5214 7874
1132 3827
4771 6204
4316 6781
38 2692
4235 6697
5963 7661
4746 6178
5289 7683
5940 7582
1260 3654
101 2766
505 2901
316 2961
1179 3636
1941 3386
239 2653
362 3032
4808 6269
76 2811
1045 3756
4371 7081
4649 6290
550 2205
1738 3190
4346 6727
5021 6432
1896 3542
4916 6539
5571 7936
552 2284
4825 6173
5109 6448
780 2502
5040 6526
4449 7086
1990 3351
5988 7607
742 2098
375 2977
4237 6741
259 3035
5084 6407
1341 4070
4400 7148
5908 7625
4484 7002
5337 7686
1617 3249
471 2871
4706 6272
1227 3625
876 2446
5037 6478
651 2152
4756 6263
4818 6198
883 2454
1995 3372
386 2920
1804 3559
1010 2334
4365 7136
5469 8115
251 2580
4502 7015
303 3038
1825 3536
169 2650
4698 6313
94 2728
342 2990
4419 7099
5661 7393
424 2903
5976 7591
169 2985
312 2617
146 2963
4127 6938
841 2124
5418 7724
5468 7770
15 2824
4726 6526
4561 6874
5256 8067
5729 7530
5552 7840
1161 3995
1274 4079
1079 3873
443 2723
1852 3109
5077 6348
428 2742
4672 6492
1446 3768
1446 3769
280 2617
5862 7623
733 2549
1837 3072
698 2452
4524 6786
1994 3301
1426 3746
485 2772
4837 6612
1816 3114
245 3015
5014 6308
5532 7848
5844 7651
4434 6763
4153 6917
1741 3569
1449 3732
5029 6298
4397 6766
4437 6678
1687 3538
4920 6270
4545 6791
1235 3988
5326 8073
2044 3259
5090 6309
6097 7321
4533 6908
609 2347
606 2324
1864 3075
1699 3567
451 2701
6076 7406
4821 6529
1967 3322
4350 7080
465 2695
6108 7302
5354 8113
207 2961
939 2292
4863 6559
4724 6420
1040 3952
1758 3519
254 2972
1308 3711
42 2894
5078 6323
4271 7114
484 2690
4498 6901
5585 7865
4565 6843
1827 3149
5962 7227
4783 6621
1836 3166
4396 6746
502 2689
5246 7942
5754 7426
1269 3983
4363 6769
4739 6648
4637 6502
1239 4012
5221 7966
5043 6350
1115 4057
5906 7312
252 2942
6005 7414
1710 3371
893 2299
1603 3524
2004 3165
5690 7603
4653 6566
5934 7330
5453 7901
709 2388
5913 7307
1706 3384
5302 7973
5129 8090
5586 7750
108 3060
5703 7646
274 2699
1560 3458
749 2417
4952 6341
480 2687
4232 6953
120 3033
5686 7572
872 2251
1949 3128
1604 3554
4638 6584
4410 6813
660 2355
4593 6747
4147 7065
6069 7198
5007 6179
583 2538
717 2400
1428 3642
380 2771
4374 6841
5523 7715
993 2133
1592 3470
5307 7948
612 2526
1759 3427
4327 7001
4432 6801
1142 4023
1874 3219
5566 7804
486 2596
4278 7026
947 2166
6070 7283
212 2833
4835 6437
4831 6425
5656 7647
1980 3189
419 2665
662 2396
4201 7074
53 3064
4849 6460
589 2434
811 2276
891 2217
4694 6532
5670 7669
462 2586
5460 7810
1912 3246
1059 4084
4394 6899
580 2461
5993 7347
1159 3932
280 2756
70 2970
5573 7705
122 2983
934 2168
4554 6698
4257 6976
1990 3108
1963 3145
5668 7617
5292 8010
4524 6731
358 2702
1021 2069
5211 8114
5526 7804
16 3067
5294 8003
1508 3605
578 2480
658 2401
1464 3659
716 2367
4973 6296
25 3044
463 2609
1094 4025
942 4014
692 3766
5732 6759
656 3734
1032 2062
6018 7044
5555 6580
5798 6817
5168 6199
4258 7338
173 3233
330 3398
5989 7030
1982 2989
948 4000
5027 8119
1549 2587
1610 2652
1730 2773
4817 7878
28 3076
5213 6212
4193 7288
2020 3069
6051 7098
1073 2091
5706 6742
4192 7295
384 3489
1313 2307
1267 2257
130 3238
6136 7135
5796 6787
5354 6338
1046 2110
5266 6330
4202 7235
4534 7583
4695 7805
4606 7637
1778 2777
5534 6581
1226 2279
5782 6841
1041 2110
1875 2940
5913 6954
5945 6925
590 3706
5933 6936
5562 6541
880 3912
4959 8039
4307 7401
1081 2051
4177 7274
5498 6470
743 3803
5289 6292
1567 2592
4875 8010
1562 2649
4222 7226
5797 6881
674 3813
4887 8016
5101 8106
6140 7092
4433 7448
5095 8107
1922 3023
1421 2499
930 4076
4260 7403
5203 6172
6129 7102
5414 6519
1678 2780
5997 6975
415 3530
1941 3010
4788 7916
6024 7120
5296 6377
1845 2927
4475 7457
105 3123
699 3809
4997 8155
1443 2556
683 3787
71 3111
1394 2323
4982 7959
5244 6174
4993 8162
5342 6333
1049 2175
5669 6723
1928 3055
1694 2809
5336 6320
260 3437
202 3232
2037 2968
5951 6992
581 3637
667 3818
1729 2736
4378 7531
1337 2376
4399 7512
5542 6622
6008 6912
837 3903
1273 2178
5177 6213
690 3791
4339 7282
272 3474
79 3276
4883 8080
281 3482
4489 7437
4815 7754
54 3258
82 3295
694 3640
711 3671
576 3794
529 3717
1544 2717
5235 6373
1512 2431
556 3764
801 4026
4547 7519
461 3408
5614 6515
4566 7496
995 3906
4980 8149
1008 3924
1202 2068
6003 7125
4608 7847
806 3980
4915 8089
631 3804
5583 6498
5919 7090
1528 2389
1620 2809
1147 2262
936 3846
141 3107
905 3878
23 3236
1217 2162
4110 7357
4209 7365
5838 6778
626 3783
5461 6624
1554 2724
4905 8094
540 3755
1680 2600
4272 7177
1001 3920
847 4081
5273 6183
6133 6967
4198 7332
5893 7110
379 3512
243 3127
5198 6280
166 3168
1583 2792
172 3179
5737 6819
5137 6363
4451 7597
754 3618
4387 7666
1779 2593
1045 2247
900 3926
5988 7088
1689 2636
1833 3070
5182 6374
1848 3042
1190 2170
1054 2242
112 3247
1170 2125
5537 6467
884 3990
6142 6941
4755 7799
4444 7609
5095 7937
586 3744
5298 6233
372 3481
2037 2843
488 3356
5917 7146
5937 7113
5111 7950
298 3537
1570 2851
5629 6399
160 3490
1650 2928
1447 2212
419 3236
4557 7370
4864 7688
5569 6345
177 3515
4660 7993
777 3590
4142 7484
2027 2808
376 3180
730 4047
5311 6569
334 3160
5358 6646
5477 6268
4652 7985
4375 7223
6093 6895
4581 7363
4655 7943
5849 7152
4438 7295
4641 7944
4981 7775
1324 2055
4795 8087
118 3419
2018 2767
4326 7639
5632 6961
4104 7482
4120 7468
1490 2278
1841 2565
4712 8019
5801 7058
4679 8059
4473 7236
4937 7798
5272 6567
5687 7029
1019 3775
314 3184
1981 2806
1637 2862
20 3423
5897 6727
5066 7812
5623 6328
1723 3048
4535 7395
4585 7356
5070 7835
5135 6490
299 3196
1578 2931
945 3819
4231 7645
1195 2545
5808 7148
4939 7702
1978 2791
760 4006
740 3973
4300 7592
1017 3741
4578 7300
1917 2581
4771 8138
4358 7279
852 3645
470 3260
497 3226
601 3892
1588 2905
50 3423
1774 2945
6060 6876
4237 7672
5741 6939
2011 2732
737 3993
4851 8073
371 3081
907 3824
4919 7756
1135 2322
702 4035
5122 6525
1437 2274
5255 6407
5638 7045
5679 7084
549 4001
1602 3013
4189 7642
6041 6673
5297 6456
96 3562
5113 7795
2047 2677
1870 2754
4890 7830
276 3225
1879 2777
1939 2562
1745 2883
4635 8072
4559 7254
1484 2134
4480 7195
4325 7547
4785 7982
4748 7982
385 3107
5702 7140
693 3857
1826 2694
2039 2642
4802 8037
503 3167
678 3850
465 3197
603 4087
1582 2947
4677 8168
453 3178
5051 7691
4504 7212
84 3553
1421 2104
6017 6711
1327 2201
5694 7049
1829 2717
314 3203
1912 2755
492 3159
451 3198
5327 6513
5507 6211
4648 8169
5039 7790
5888 6850
185 3451
1860 2688
1453 2153
637 4024
287 3285
4123 7633
357 3246
4526 7266
356 3241
543 4050
4373 7387
1750 2841
5215 6542
5018 7752
635 4013
824 3822
1600 2967
4210 7593
1222 2330
6109 6659
4195 7612
1180 2429
2014 2620
4268 7497
6131 6683
4408 7379
788 3832
4938 7846
5851 6955
1764 2837
4789 8007
4366 7421
5828 6962
1611 3004
5324 6453
60 3525
5726 7076
714 3894
5221 6553
1908 2697
4648 8151
1283 2817
1647 2156
4699 7256
1234 2774
1971 2487
5891 6406
1552 2069
579 3140
616 3183
1618 2137
1214 2739
5603 7150
770 3343
5526 7064
4479 8048
1164 2691
4225 7822
4259 7859
5488 7009
5533 7054
1653 2145
4703 7243
5247 6762
5273 6799
611 3189
1879 2369
1906 2410
1533 3047
1402 2913
758 3307
4754 7308
4221 7778
677 3205
1776 2260
466 4086
5433 6943
1900 2379
4361 7968
400 4026
534 3133
75 3680
250 3793
4113 7740
4911 7424
1437 2994
1857 2416
4694 7271
1897 2395
2046 2508
531 3104
5656 6188
919 3490
5446 7027
5366 6863
481 4059
5559 7052
131 3773
1082 2682
4702 7199
932 3559
5131 6732
6123 6572
5188 6668
5877 6335
1195 2785
4523 8167
5412 7029
770 3414
1212 2793
5935 6520
5911 6474
4903 7544
4120 7802
1536 2147
2027 2440
5909 6524
5314 6825
5627 7056
167 3784
5653 6266
1564 2157
4398 8031
731 3241
1645 2079
4264 7898
5964 6463
381 3854
5991 6418
781 3451
5978 6444
5047 7616
4827 7331
5262 6903
4196 7709
4265 7891
5234 6665
5546 7126
1262 2707
5389 7053
4639 7327
4497 7955
4352 8067
4733 7417
705 3140
1637 2272
703 3128
234 3682
4241 7707
877 3555
1493 2885
57 3757
1518 2938
4579 8053
5850 6220
1771 2172
4860 7268
6007 6638
1736 2129
1108 2765
338 4046
4591 8051
5786 6148
5081 7545
5473 7105
838 3556
1184 2564
1580 2187
1243 2675
4946 7674
955 3345
92 3831
601 3316
5428 7066
1255 2647
1748 2149
1330 2944
5956 6640
4931 7669
316 3978
422 3857
1007 3416
5561 6913
4845 7252
1924 2366
1723 2053
5517 6963
1407 3009
4137 7830
1513 2857
6112 6433
5895 6597
4665 7419
5967 6540
4838 7202
4203 7854
504 3902
6107 6419
111 3750
4512 8042
599 3228
1363 2975
5813 6265
5425 7164
563 3299
4643 7410
1905 2464
4285 7788
20 3782
5760 6226
5822 6253
861 3470
33 3826
5181 6889
1722 2159
1276 2603
971 3346
4850 7208
5473 7100
239 3633
5761 6242
4602 7966
5291 6733
5331 6708
5803 6210
5407 7156
544 3276
4869 7658
1838 2497
5089 7438
159 3695
598 3239
271 4088
5670 6367
5747 6282
5165 6868
1592 2242
614 3224
253 4092
700 3513
1069 2859
4668 7483
4477 7797
5983 6231
1699 2473
4368 7706
4373 7704
5885 6642
729 3542
635 3434
5765 6551
636 3439
1583 2363
1289 2591
1651 2405
6072 6304
5243 7011
1085 2853
6096 6347
5186 7007
1921 2207
2019 2243
4391 7684
251 4056
962 3297
4471 7763
4577 7879
5723 6514
5461 6783
6115 6344
1907 2143
5330 7166
1039 2850
498 3804
6059 6277
4862 7632
1430 2744
1540 2346
5110 7385
4897 7185
429 3741
1040 2848
765 3532
1910 2117
5538 6806
1901 2136
4121 7983
4331 8156
93 3941
4964 7261
1720 2433
4596 7885
5581 6900
1933 2228
487 3803
4427 7799
360 3668
1264 3021
951 3209
1387 2645
5026 7325
462 3726
5734 6438
4829 7581
33 3936
964 3202
613 3363
1521 2743
1469 2810
5073 7321
4566 7836
272 3674
1862 2061
5355 7079
1268 3002
1201 3071
5639 6472
1122 2866
5074 7296
708 3478
4484 7888
4506 7887
5595 6798
5971 6149
4957 7178
1574 2430
4304 8075
5647 6483
306 3694
1703 2552
1663 2336
1118 2876
804 3143
4902 7235
5577 6828
1083 2909
5629 6807
5519 6884
890 3095
5290 7108
5023 7409
149 4090
35 3923
1829 2133
6016 6384
1727 2506
5713 6439
1927 2288
5985 6169
6077 6340
4613 7548
820 3149
275 3690
1760 2460
1722 2500
450 3773
476 3747
4181 8157
5562 6706
813 3237
896 3080
1155 2831
332 3776
4444 7888
5411 6831
1662 2546
308 3771
1093 3018
4293 8020
5915 6282
1985 2131
2040 2154
1809 2178
5071 7259
1861 2259
821 3245
1447 2622
1299 2696
5411 6846
5501 6880
5854 6465
404 3595
1306 2693
808 3255
5955 6364
4335 8015
5577 6761
4953 7419
4165 8166
5474 6855
6122 6223
22 4016
5123 7076
608 3527
1734 2401
247 3934
1145 3024
4166 8175
4913 7323
4822 7527
1265 2883
1867 2303
6034 6182
126 4043
514 3515
5535 6694
161 3867
805 3230
641 3389
892 3266
4889 7335
5665 6627
4881 7380
366 3752
1375 2713
1249 2854
946 3192
6010 6326
1951 2130
231 3882
1225 2822
1457 2686
956 3182
5476 6838
564 3558
5582 6682
4813 7449
4591 7736
1706 2418
4329 7984
4820 7437
6067 6250
4109 8144
4332 7987
455 3608
1547 2516
5077 7221
1806 2287
5547 6730
1621 2486
5184 7079
4847 7432
570 3536
1839 2244
5508 6767
5297 7002
291 3788
1701 2389
354 3729
5456 6820
5652 6637
1792 2299
4213 8078
5097 7189
5695 6594
1743 2352
3819 7915
2663 6758
3132 7229
3366 7460
3777 7877
2341 6432
3987 8086
2306 6405
3722 7810
1010 5114
1575 5678
3162 7251
1314 5416
2123 6208
871 4972
2488 6580
840 4932
1922 6031
1106 5212
919 5016
2762 6853
3576 7657
1397 5478
3905 8018
2530 6641
3501 7609
2834 6918
1814 5891
622 4728
3912 8016
3161 7232
1000 5106
201 4306
1786 5863
471 4553
2355 6445
3385 7448
2192 6322
2125 6255
554 4617
466 4598
2078 6200
1329 5399
3503 7561
3180 7238
785 4923
2310 6444
3394 7529
2199 6332
2966 7096
188 4242
1349 5483
3484 7596
651 4794
3049 7131
1004 5087
1665 5812
3964 8009
2143 6250
4003 8086
1754 5868
4061 8170
196 4348
3940 8028
3195 7233
1324 5398
1033 5170
1859 6015
1947 6053
3982 8113
3614 7713
551 4711
835 4866
1036 5197
1133 5164
765 4798
3161 7197
1624 5662
3402 7436
2547 6581
3867 8019
3931 7954
495 4518
3954 7992
1124 5166
1155 5320
1625 5650
2536 6563
2523 6544
1640 5668
3966 7984
3814 7858
3418 7439
3452 7466
499 4523
242 4267
1632 5692
1849 5989
1183 5314
3924 7945
206 4270
129 4321
1855 5979
145 4342
1997 6055
1101 5159
3989 8191
3284 7359
373 4382
3596 7783
3921 7999
1868 5948
1360 5408
1249 5268
300 4441
2334 6504
1704 5855
229 4253
3763 7882
3146 7222
523 4727
688 4812
677 4824
524 4749
2716 6686
2123 6345
3405 7631
1524 5494
1906 6129
1310 5530
2554 6527
189 4149
1836 6053
684 4646
3762 7737
2559 6516
537 4754
2212 6184
1725 5683
3792 7744
4040 8027
1858 6100
1598 5799
161 4152
1654 5868
220 4167
2930 7150
2748 6689
1057 5308
3602 7820
3580 7523
3205 7194
718 4718
1334 5527
61 4255
759 4692
3944 8140
3770 7711
528 4790
29 4283
3985 7990
2263 6256
2800 6744
1210 5142
458 4455
1559 5817
1863 6121
1110 5369
774 5046
3907 8179
2386 6625
1494 5472
718 4728
3185 7367
1185 5142
784 5032
1584 5769
337 4589
1521 5452
2402 6620
1002 4948
3446 7605
2305 6598
244 4156
2674 6843
1789 5686
4065 7986
2875 7151
998 4914
3367 7666
1746 5637
1386 5565
198 4126
888 5024
3479 7501
345 4482
2258 6159
3949 8112
3505 7535
574 4830
2271 6207
1650 5779
2483 6491
236 4101
2637 6820
861 5046
2620 6864
297 4551
2196 6267
4028 8012
2553 6412
3505 7492
6 4336
4018 8004
203 4156
1289 5616
1006 4884
3058 6921
2678 6797
3202 7289
369 4490
767 4611
3489 7518
3275 7220
2196 6251
728 4647
3051 6891
1031 5383
1813 5654
991 4826
26 4380
2245 6600
1296 5150
664 5015
593 4931
2988 6840
2960 6789
3027 6854
1716 6050
2202 6540
3350 7183
2987 6834
3918 7760
2441 6295
3596 7955
3459 7331
1542 5925
846 4717
3750 8064
1075 5397
1445 5251
1501 5371
3393 7270
2214 6529
168 4481
3349 7231
1159 5549
4009 7813
3823 8130
3255 7577
594 4989
771 4652
3337 7225
1420 5310
2307 6192
279 4129
3617 7959
3317 7618
2458 6317
2818 6715
3462 7359
3430 7261
1130 5457
3653 8057
3420 7264
3329 7228
2991 6894
3214 7628
1668 6087
1630 5917
1089 5378
1188 5602
2895 6664
939 4835
2396 6164
2231 6653
511 4277
2870 6781
891 4662
1555 5954
9 4440
491 4280
1888 5684
3064 6829
3484 7369
1318 5232
3296 7608
1926 5852
2992 6893
2606 7024
1246 5504
1065 5449
827 4699
2763 7082
4042 7848
2709 7152
735 5050
215 4528
230 4494
77 4388
3799 8125
122 4368
661 5118
3795 8127
1377 5133
429 4289
3059 6815
3936 7692
916 4839
1674 6137
3329 7285
2207 6634
2765 7099
3638 8001
1194 5597
1308 5220
3964 7686
3486 7397
297 4178
1214 5570
775 4730
1168 5615
1817 5785
3274 7502
3217 7444
1467 5171
301 4261
2240 6473
3648 8137
3946 7907
3074 7563
2989 6694
3120 7613
1398 5368
445 4147
4082 7805
2137 6601
3171 7665
3623 8116
3774 7978
3049 6780
1163 5406
2932 6881
1517 5240
2048 6550
2899 6859
442 4131
2647 7118
4089 7779
1937 5642
241 4461
3379 7341
3557 7291
1044 5515
887 4840
1121 5630
3339 7338
3837 8030
2398 6397
3430 7362
3344 7348
2440 6189
3504 7189
1422 5163
928 4616
1023 4692
2816 6827
829 4753
2563 7087
3556 7241
954 4631
488 4165
1724 5905
2676 7129
2889 6887
2656 7118
639 5072
1171 5436
2578 7078
3789 8056
1520 5189
438 4096
1014 4673
1417 5182
2786 7003
3624 8083
2273 6490
1693 5920
2335 6306
405 4139
164 4453
3991 7763
1873 5781
3313 7477
3860 7889
1462 5233
2275 6442
800 4842
1037 5574
2095 6626
87 4505
624 5054
2320 6337
3022 6684
410 4169
1526 5154
545 5109
3151 7579
1659 6062
2733 7035
2649 7055
3397 7315
4043 7708
3572 7203
1357 5274
97 4537
741 4925
2315 6354
2274 6459
1775 5942
561 5098
1312 5372
154 4423
2087 6650
24 4549
489 4151
2255 6447
3676 8124
3765 8021
3388 7388
326 4261
3098 7678
834 4772
649 4974
924 4731
3179 7564
3328 7400
2896 6844
2611 7134
2892 6817
1830 5835
1261 5378
1256 5401
879 4765
2463 6252
1290 5375
555 5086
1720 5952
1083 5569
3825 7947
2575 7157
2056 6643
2687 7043
1200 5452
1076 5684
3126 7735
518 4103
2477 7084
822 4404
2191 6796
771 4352
3612 7194
274 4890
454 5068
3588 7182
3069 6646
175 4770
2168 6775
1171 5788
2856 6457
805 4401
2784 6390
700 4266
2520 7119
2444 7061
3068 6629
2906 6465
3723 7312
2118 6746
2730 6326
2082 6718
2916 6520
1261 5873
1349 5979
940 4530
1609 5206
2560 6175
2975 6591
875 4426
1630 5244
594 4215
1410 6052
925 4532
3106 7689
2638 6240
1219 5869
3280 7934
2808 6359
3454 8017
3702 7238
3599 7230
3077 7734
1826 5393
1244 5871
1547 5183
479 5099
1102 5755
1448 6046
1916 5451
1123 5723
1473 6136
618 4179
2952 6578
120 4675
2779 6368
2371 7032
408 5028
2530 7135
3613 7200
1391 5970
3705 7239
1089 5633
1867 5384
2648 6172
2799 6314
1072 5749
3940 7458
3457 8134
2976 6631
322 4874
2124 6656
965 4491
2618 6261
3240 7911
2919 6455
3960 7467
769 4434
1531 6056
3094 7749
2017 5557
734 4234
3947 7485
3288 7822
943 4600
234 4797
3392 7960
2971 6593
1399 5932
2395 6912
2624 6171
2528 7102
1304 5959
1353 5929
2240 6816
3178 7690
2999 6613
832 4388
1545 5229
2370 6951
3739 7422
242 4759
1775 5258
2836 6515
2566 6255
3881 7491
327 4909
1253 5768
270 4988
3720 7420
3971 7670
2442 7167
1840 5447
1885 5418
2319 7032
1231 5815
1638 5150
3969 7675
3658 7216
232 4755
1314 5977
2258 6830
3502 8147
673 4316
1989 5444
2826 6536
183 4659
2015 5465
984 4446
1405 6138
1856 5576
1368 6098
2150 6890
1435 5910
2045 5488
2855 6569
1218 5708
3856 7583
3575 8039
18 4736
3121 7843
1974 5413
3435 8191
1634 5367
2840 6542
665 4096
945 4392
285 4996
1302 6028
3761 7211
1160 5651
2080 6844
3836 7264
3899 7590
1595 5284
2955 6443
3327 7773
1557 5303
1209 5660
3644 7323
1708 5125
4078 7495
975 4453
1026 5800
3707 7376
1174 5693
193 4719
535 4262
3902 7567
4003 7441
2763 6264
2030 5466
3868 7594
2013 5482
2584 6305
56 4738
755 4168
682 4113
2570 6347
2805 6196
3407 8075
971 4367
1984 5381
2280 6702
3615 7384
978 4378
2364 7157
697 4210
3054 6434
1670 5205
3632 7396
1953 5493
1898 5567
1522 5924
539 4300
1253 5693
514 4315
2716 6214
2521 6915
3743 7237
2105 6883
3044 6463
1581 5360
2381 7059
3442 8108
1932 5485
1020 4383
2885 6561
3306 7694
1085 5848
3655 7328
1872 5560
1555 5369
114 4761
1834 5574
571 4310
793 4596
3849 7652
12 4834
148 4731
3455 8079
1104 5793
1011 4353
2892 6586
818 4554
3124 7884
3270 7740
2752 6203
1431 5996
3861 7657
3485 8034
3908 7237
717 4556
2904 6236
15 4873
2972 6299
244 5116
2900 6237
3211 8066
3968 7305
1713 5563
872 4194
3279 8131
741 4587
3935 7247
3583 7918
2533 6903
3407 7772
2953 6301
958 4267
2738 6564
819 4132
3115 7996
1506 5883
1601 5464
1596 5415
66 4953
3539 7880
3710 7522
2021 5316
4057 7416
3112 7945
3294 8188
3777 7653
3609 7484
2561 6438
3692 7499
1065 5894
3096 7991
301 4610
569 4360
2158 7007
167 5012
2221 7067
586 4477
908 4283
1684 5544
1944 5284
456 4853
3413 7784
1080 5894
1869 5235
1287 5699
2296 7103
3708 7477
2092 7008
151 5082
1696 5615
2525 6802
2441 6873
604 4367
2545 6821
3656 7452
2271 7048
2640 6410
191 5092
2223 7156
2505 6805
3852 7249
1677 5587
3535 7824
1500 5763
936 4297
2814 6556
524 4456
2115 6950
1847 5201
3810 7557
2756 6574
2576 6524
1795 5230
3088 8032
2714 6635
2967 6369
3162 7981
3818 7568
1191 6106
1571 5469
4054 7337
922 4122
1004 4200
437 4657
1218 5956
3495 7713
1097 6094
1980 5172
1319 5806
881 4344
2783 6483
3175 8170
835 4304
2204 6927
1853 5294
180 4896
2998 6178
2040 5229
1599 5545
2422 6880
579 4571
575 4519
3183 8181
1777 5484
2004 5194
1156 5915
2964 6196
989 4223
109 5065
1056 6020
4061 7288
3100 8121
1839 5257
814 4232
1380 5837
482 4681
1134 6082
2874 6295
1415 5672
2860 6275
562 4483
787 4256
3665 7653
3948 7385
2103 7040
1661 5578
1294 5810
3046 6234
2433 6716
2337 6815
620 4563
3847 7366
1210 6014
2957 6219
1742 5384
2167 7089
3080 8143
818 4344
1258 5927
3041 6191
1935 5185
3247 8032
2906 6283
58 5096
914 4160
2797 6457
657 4422
343 4751
2502 6684
515 4569
625 4522
117 5033
2694 6491
1030 6105
1751 5431
2729 6473
2424 6809
3877 7364
3000 6235
1627 5566
2769 6452
107 5006
2505 6703
3898 7389
4007 7232
1478 5678
288 4809
1772 5381
3792 7482
1360 5821
1320 5830
3381 7899
3548 7731
1124 6027
533 4580
1957 5204
344 4780
2575 6649
26 5101
2738 6469
3667 7588
2254 6964
2872 6339
900 4223
3050 6166
1427 5742
67 5052
866 5986
2260 7380
4090 7161
512 5637
3225 6300
3303 6381
3915 6977
997 6126
4032 7115
1100 4163
1189 4266
1528 4599
1411 4499
2708 7812
2934 8038
4056 7112
1697 4787
679 5812
2113 7255
2788 7923
3506 6570
3563 6643
3320 6371
2348 7472
3185 6252
1388 4465
1766 4859
3200 6302
1369 4422
2479 7565
1414 4517
1319 4356
3381 6417
3266 6375
435 5525
220 5370
3084 6180
3156 6268
228 5327
1893 4942
395 5536
3029 8184
782 5923
3479 6586
3604 6692
3898 6926
3513 6541
2298 7375
1977 5007
3139 6260
291 5403
733 5863
683 5776
1969 5002
174 5264
156 5282
3103 6177
248 5318
3886 6929
558 5742
3693 6700
3362 6496
310 5492
152 5340
742 5794
196 5249
2435 7621
2506 7554
3547 6547
3215 6343
2346 7522
2658 7722
1160 4291
2432 7629
2997 8187
3234 6380
2698 7876
2484 7675
3657 6682
3954 6948
1095 4112
443 5612
887 5935
124 5157
2283 7345
2010 4999
2786 7868
1514 4488
3859 7031
1510 4480
2778 7859
428 5575
1833 4930
3039 8115
3820 6785
1491 4540
3297 6286
1030 4214
171 5339
3368 6489
2198 7396
1876 4896
1556 4705
610 5655
3135 6216
3692 6683
3756 6875
2292 7310
2553 7555
2064 7275
2038 5001
3071 8058
2639 7881
304 5558
1646 4841
2898 8153
2450 7449
3814 6763
2063 7297
3193 6391
46 5281
2225 7200
653 5663
888 6123
3736 6668
1598 4779
807 6066
2752 7767
3589 6812
3996 6919
209 5197
2426 7654
171 5172
1141 4310
3760 6678
112 5335
1794 5034
3311 6215
2026 4928
4025 6931
1566 4789
4084 7000
2104 7316
2873 8084
74 5351
2403 7629
2305 7600
3997 6956
522 5816
3228 6190
2323 7584
728 5740
773 6064
3830 6721
1431 4394
128 5183
1266 4146
1639 4774
2843 8154
1434 4440
224 5155
1166 4169
1960 4962
1028 4302
1480 4355
1742 4610
1193 4199
2622 7921
3565 6461
1350 4503
3880 7162
1503 4364
2253 7193
1976 4972
10 5343
2208 7286
2544 7462
2042 4899
3379 6632
3282 6153
2628 7833
1597 4832
31 5312
1761 4670
4092 6940
225 5120
693 5719
3357 6655
98 5248
1550 4844
1277 4126
638 5787
475 5438
2182 7267
1034 4332
3265 6183
107 5261
351 5560
2108 7381
777 6112
40 5315
2281 7173
1173 4216
3948 7042
2997 8006
3438 6557
65 5300
1508 4371
1223 4159
1962 4946
1291 4594
2165 7311
1489 4395
2201 7267
1435 4448
2949 8062
2302 7170
3993 7013
2343 7643
3510 6475
3774 6723
2924 8083
2476 7340
623 5998
1112 4442
1498 4312
1009 5874
3833 7165
152 5533
669 6040
49 5431
3257 6590
2182 7564
1966 4769
1607 4951
4051 6850
2932 7782
2132 7494
3672 6987
1667 5008
1727 5034
898 5783
3520 6358
2230 7585
591 5973
1357 4183
3687 7035
3453 6241
596 5961
435 5292
442 5285
481 5313
308 5141
3034 7929
464 5363
1725 5017
2097 7446
1804 4651
3503 6278
2803 8159
3745 7053
3305 6596
977 5884
3610 6964
759 6104
1574 4873
3027 7907
2734 8092
2410 7257
1411 4279
3124 6414
583 6011
3308 6610
212 5611
3078 6468
784 5715
188 5624
938 5858
1840 4732
5 5451
2804 8122
1603 4876
2407 7208
1469 4333
3037 7823
3546 6281
2963 7879
3445 6176
1039 4439
1621 4877
2498 7322
746 6067
1361 4107
1229 4496
1633 4926
2759 8103
406 5364
1053 4478
3077 6497
3216 6652
752 6047
1644 4892
2475 7386
1624 4906
1615 4922
1793 4724
3061 7811
1988 4796
1414 4351
1364 4141
2197 7663
1370 4128
1470 4292
1064 4435
1842 4687
312 5191
1947 4836
3059 7820
3917 6860
1043 4497
320 5319
1450 4130
3456 6153
2437 7183
256 5259
2327 7324
3846 6794
911 5635
354 5359
2408 7398
3807 6992
1136 4576
999 5750
1788 4968
892 5860
3914 6866
1823 4742
2370 7391
2760 8023
1354 4309
3466 6186
2102 7570
1979 4637
3134 6552
3184 6615
3907 6891
4015 6663
587 6113
1247 4469
1488 4219
2451 7231
4067 6733
3400 6393
2918 7895
2659 8144
2045 4681
3425 6357
643 5942
828 5770
836 5874
2481 7175
2312 7345
489 5200
2437 7228
3232 6425
393 5171
3795 7017
3614 7074
2122 7668
2533 7205
3526 6150
3585 7107
3150 6538
1536 5062
2239 7542
702 6007
1046 4572
3995 6736
757 5945
418 5231
3485 6227
2550 7225
685 5986
2360 7415
859 5771
2779 7946
1077 4583
2598 8180
2775 7941
2127 7580
1864 4763
3399 6291
2750 8043
1954 4727
3762 7018
2351 7413
3391 6372
2099 7661
694 5993
2233 7526
3721 6998
2289 7442
2003 4656
343 5299
1092 4512
3858 6902
2550 7198
1774 4866
3415 6330
1492 4155
3817 6939
2048 7667
2425 7309
1103 4539
2331 7395
1215 4421
846 5810
2511 7219
3759 6995
421 5211
3573 6154
1107 4689
115 5751
162 5799
1196 4777
2494 8123
1278 4856
1570 4133
3227 6803
1684 4253
560 5178
2295 7932
2034 4601
3053 7649
3188 6778
1203 4796
1309 4872
572 5162
1408 5014
3456 7063
2119 7774
3540 7117
1220 4830
240 5867
4020 6568
89 5700
143 5778
1432 4997
2737 7343
3848 6422
2605 7218
3315 6871
2540 8136
1657 4191
1954 4491
3805 6384
2135 7800
2946 7597
803 5388
2954 7608
1304 4907
2256 7910
3891 6405
1162 4797
3865 6446
2316 7995
567 5135
102 5727
3242 6803
144 5801
250 5824
3977 6578
521 5175
2551 8137
3994 6565
1496 5017
2232 7934
1109 4626
513 5190
555 5228
2727 7392
1266 4794
616 5154
2591 7253
3221 6879
847 5380
1668 4303
2090 7777
1686 4314
1006 5536
2361 8054
865 5424
1733 4244
1525 5030
2318 8026
3970 6614
275 5958
2520 8078
1456 5094
1331 4964
1571 4212
3168 6711
2907 7427
1087 4709
3660 6162
2204 7875
2568 7273
3549 7100
3580 7071
2679 7187
621 5129
1648 4118
1047 4721
1074 4697
4022 6618
259 6003
3970 6642
3767 6342
1534 5004
279 5984
1887 4389
639 5122
1915 4357
3555 7069
310 5960
2089 7766
1540 4228
1757 4189
375 6134
1365 5079
1902 4588
205 5710
2621 7351
1872 4571
1401 5108
1636 4330
2753 7246
3137 6865
3057 7520
3960 6634
1409 4883
2599 7349
3020 7519
2854 7602
2582 7298
1052 4746
449 5974
1339 5026
3043 7545
3929 6595
968 5459
1492 4937
1822 4542
1444 4868
2076 7869
2419 8146
2585 7355
1321 5005
3935 6649
1090 4837
240 5720
9 5795
2882 7663
2409 8134
2633 7417
3713 6192
3365 7060
3468 6973
2378 8184
3973 6451
997 5459
80 5864
3256 6657
2368 8185
1711 4117
73 5876
1918 4544
1118 4766
4095 6460
1957 4448
3200 6726
4072 6446
3953 6582
3975 6479
3369 7136
3550 6932
2926 7615
2420 8101
1264 4642
1107 4736
711 5139
2750 7275
2016 4405
1721 4207
1066 4850
929 5497
2360 8160
1717 4204
843 5522
4079 6453
662 5196
2070 7885
1889 4541
189 5725
3640 6361
912 5490
1413 4961
3520 6949
3532 6954
2294 7697
1325 5063
1538 4329
3691 6272
3849 6626
3154 6847
225 5647
1642 4248
3193 6795
1178 4713
2667 7327
290 6100
2031 4377
3496 7006
1678 4216
2664 7326
2153 7826
2852 7647
3374 7122
1120 4766
2392 8103
2337 7712
2948 7302
1378 4705
3386 6713
4064 6372
3689 6510
1288 4608
2986 7329
327 5707
2496 7884
91 5973
53 5947
3121 6974
3237 7093
1811 4098
657 5504
4023 6308
181 6054
2249 8154
3730 6534
1779 4582
3683 6518
3685 6525
2186 8082
2721 7610
3500 6839
4085 6382
3341 6675
2953 7318
2990 7310
1784 4569
1477 4833
1009 5333
1067 4879
704 5605
1939 4277
2016 4295
1438 4790
889 5200
205 6116
1958 4236
2876 7190
68 5999
277 5669
1880 4201
3582 6854
525 5430
3229 7073
1631 4449
3376 6671
3452 6717
1117 4892
323 5634
2284 8111
3446 6709
4038 6273
3801 6545
62 6006
1928 4288
1509 4781
2519 7838
2471 7917
2019 4270
2706 7644
1203 5116
2147 7987
29 5965
2597 7540
3827 6561
1263 5053
346 5646
2279 8127
1451 4854
1698 4604
386 5852
2301 8099
701 5602
2851 7292
3514 6875
2782 7613
2188 8168
1969 4308
588 5419
4009 6350
2877 7254
1763 4495
2680 7446
2610 7516
684 5598
2363 7752
3561 6813
3105 6997
3812 6546
744 5523
4012 6353
263 5752
2893 7373
3325 7037
190 5949
1355 4815
1276 4981
31 6037
930 5166
1344 4812
14 6016
197 5962
3745 6448
1005 5247
3021 7263
1420 4639
3062 7269
1427 4615
3897 6316
3988 6146
142 5912
1755 4419
1283 4763
3930 6336
3952 6378
374 5866
2333 7809
2270 8002
3353 6788
1219 4956
1471 4638
501 5716
1380 4806
1675 4393
3453 6878
3355 6847
3760 6420
2416 7893
2868 7314
3296 6982
906 5164
1167 4904
85 6141
1683 4410
1530 4691
1914 4307
954 5136
3312 7003
2525 7798
625 5596
3476 6715
2439 7735
1798 4276
617 5595
2764 7551
292 5783
3461 6705
1247 4971
2411 7902
1952 4119
2445 7732
1963 4114
988 5222
2427 7872
3925 6376
51 6030
104 6101
2418 7887
2304 7875
976 5140
2804 7473
3525 6656
3235 7014
1680 4437
2425 7870
1556 4563
692 5501
885 5310
3661 6528
1664 4430
902 5192
2429 7858
1799 4296
1385 4793
340 5766
3152 7043
3160 7051
1820 4298
3294 6918
1846 4335
2185 8023
3396 6811
1073 5102
3141 7077
2638 7599
485 5636
1366 4791
2024 4106
1227 4910
1611 4525
3350 6896
2393 7870
1216 4903
192 5928
3958 6302
2224 8026
842 5280
2549 7710
721 5437
2623 7630
2482 7747
2062 8186
2033 4101
2766 7481
937 5201
2646 7598
2126 8118
1374 4775
3148 7093
1681 4458
59 6080
106 6038
1726 4416
508 5635
179 6321
991 7132
2513 4562
363 6504
2229 4273
1016 7164
2321 4372
3813 5859
4044 6090
3861 5907
136 6287
1113 7262
2221 4260
1765 7919
3913 5955
602 6730
2109 4140
2385 4418
3578 5609
3890 5921
3052 5119
2795 4862
3482 5519
511 6633
761 6894
3436 5499
2470 4529
1767 7935
814 6965
727 6859
1082 7207
1467 7589
1567 7681
1614 7791
329 6507
3945 5963
731 6904
2902 4978
1254 7360
2508 4586
1542 7720
996 7114
1715 7836
2982 5008
2619 4620
2411 4432
2159 4179
1672 7862
910 7088
1955 8092
384 6592
3264 5248
277 6485
57 6264
854 6933
3118 5227
2958 5067
804 7022
2921 4898
3120 5245
2120 4124
1585 7781
3330 5462
2755 4759
3123 5223
854 6915
873 6975
3145 5138
2801 4781
768 7005
3703 5674
4001 6081
562 6736
313 6493
1137 7188
3354 5503
1669 7913
2571 4708
730 6837
2180 4343
399 6651
157 6376
1635 7702
420 6609
1695 7913
3618 5717
2300 4235
3252 5315
3854 6009
1546 7792
2884 4920
261 6521
1883 7973
3981 6130
1339 7611
1582 7852
318 6589
1239 7248
3534 5446
2267 4178
1805 8071
1132 7399
3449 5621
3592 5765
1385 7655
3003 4917
2238 4144
289 6574
2542 4476
3776 5715
3839 5739
3816 5757
3764 5676
2340 4540
495 6517
2404 4607
4052 5967
401 6415
603 6853
3261 5149
1662 7902
3922 6131
3008 4961
1213 7199
2588 4792
3096 5309
243 6230
484 6466
2705 4662
901 6956
2301 4183
1618 7928
812 7040
1919 8147
2345 4487
3622 5778
1639 7891
911 6971
3347 5541
3356 5540
843 7155
675 6681
396 6455
3654 5881
2574 4814
2015 7965
3175 5283
1168 7252
3675 5790
1018 6973
3487 5463
3268 5132
1616 7832
351 6546
1137 7356
3324 5169
2154 4263
3896 6134
1878 8071
1310 7624
460 6426
333 6549
3564 5429
2636 4758
2163 4271
1698 7807
2510 4369
1472 7455
28 6396
2377 4520
585 6824
2979 4929
185 6236
1022 6936
681 6721
1478 7470
2206 4212
2468 4431
1336 7636
1470 7507
723 6717
1899 8089
113 6275
1527 7429
3806 5677
3157 5281
190 6218
1515 7454
3815 5650
3471 5496
1148 7301
3823 5653
543 6885
1062 7388
3199 5253
774 7165
1787 7687
706 6718
640 6782
3410 5202
3300 5604
3597 5900
2577 4885
474 6366
440 6334
193 6598
2698 5005
3691 5987
1121 7529
3574 5373
605 6998
3427 5231
1853 7729
766 7154
3025 4831
3574 5351
1070 7487
3090 5377
2532 4339
1768 8176
2825 4629
3499 5303
1133 7536
1019 6873
3909 5735
3610 5944
1317 7174
1863 7780
931 6791
1734 8162
4085 5840
3143 5474
1450 7308
133 6575
531 6969
394 6310
4045 5857
1177 7606
3502 5275
2333 4136
3714 6071
539 6957
1938 7850
2984 4752
2513 4328
924 6821
2353 4106
502 6349
382 6209
2579 4908
3060 4811
2528 4256
2966 4820
2737 5106
3975 5828
1248 7587
3901 5753
1211 7679
2685 4921
1405 7227
3339 5187
3668 5914
1176 7639
780 6749
1623 7942
2540 4287
1506 7350
3609 5964
3455 5160
2595 4984
2296 4515
3816 6068
2148 4409
2747 5093
2973 4803
1454 7374
615 6919
2354 4176
3951 5644
1346 7201
880 6679
3113 5441
2113 4393
2627 4905
1613 7975
3275 5537
1049 7539
2121 4386
2903 4666
2991 4802
4058 5802
1889 7699
3930 5673
1834 7769
1376 7188
2351 4186
3118 5465
3746 6101
2033 7817
2331 4194
1511 7325
3742 6114
2560 4990
1780 8053
3099 5529
2865 4786
2563 4992
391 6147
2613 5042
2630 5057
1661 8181
1475 7242
2234 4403
2463 4116
2234 4401
1029 7566
3263 5427
195 6476
1687 7960
1315 7347
2842 4747
4017 5664
1135 7677
313 6316
3672 6093
935 6706
3663 6104
895 6886
3458 5144
633 7138
3529 5205
3621 6072
1619 8141
1756 8002
3052 4723
2456 4152
1677 7981
3780 5984
1892 7873
980 6769
1682 7988
790 6832
1642 8141
1317 7309
1259 7489
1920 7722
2652 5104
3667 6142
1158 7464
3334 5288
197 6506
1080 7560
3677 6125
1724 7949
4089 5704
1474 7283
140 6462
1199 7453
2740 4870
1843 7808
1127 7635
2965 4643
1388 7386
3358 5288
191 6408
2058 4530
3240 5396
3643 6021
4018 5644
1514 7253
2780 4963
2824 4791
1738 7947
2466 4195
1475 7168
4004 5735
2572 5071
1890 7847
1543 8129
1055 7640
3005 4725
821 6911
2603 5088
1828 7912
157 6480
2174 4531
695 7033
1778 7996
1072 7648
2294 4390
1841 7905
345 6280
4005 5748
1732 7958
920 6731
1543 8146
333 6292
750 6967
3533 5140
2338 4347
1455 7285
1551 8148
3879 5882
956 6755
3324 5405
504 6170
3702 6035
2467 4166
2181 4451
276 6387
1607 8110
2595 5064
1844 7903
1851 7893
3341 5347
2353 4289
648 7033
266 6395
1999 7741
1323 7384
1233 7461
994 6679
3063 4623
1682 8046
1191 7845
1817 7451
2651 4190
1809 7447
3344 5910
2304 4870
165 6818
3971 5514
2811 4338
4095 5619
3230 5779
3210 5764
1803 7429
3464 6040
2832 4354
772 6416
1660 7273
1086 7718
335 6999
3586 5146
3436 6006
1622 7244
4034 5593
3584 5147
793 6404
43 6709
530 6156
959 6560
3855 5392
2969 4486
2543 5104
3931 5498
816 6418
665 6331
3114 5641
2661 4162
1245 7925
3047 4558
1309 7985
2189 4768
2215 4758
194 6897
178 6790
2209 4757
572 6152
905 6588
278 6947
3921 5476
3972 5553
1561 7215
2910 4457
1371 8044
2602 4115
1455 8085
3250 5772
3758 5264
3271 5880
168 6807
1560 7207
1315 8035
1291 8011
1783 7349
3864 5467
1275 7864
3461 6081
989 6553
3235 5861
3424 5927
1909 7474
565 6271
1627 7184
2544 5051
975 6531
541 6225
542 6224
425 7142
241 6816
859 6409
1486 8093
446 7149
3167 5643
3719 5329
3218 5833
561 6253
1068 7792
1087 7779
3239 5880
3518 6110
81 6704
2822 4452
1452 8142
3715 5344
3717 5344
3828 5265
306 6996
870 6400
434 7125
858 6450
2600 4160
2815 4246
1440 8140
296 6980
1599 7250
2666 4100
3313 5791
211 6819
127 6671
3731 5346
1143 7682
1544 7280
3481 6115
2665 4117
1322 8022
1564 7266
2764 4175
2175 4859
323 7110
2774 4190
3465 5892
1221 7755
363 7140
2483 4899
1634 7408
745 6267
2879 4521
392 6943
3274 5714
1769 7281
1987 7512
158 6658
1194 7733
3957 5589
2830 4527
1351 8165
439 6930
2715 4158
1820 7604
1463 7965
2669 4295
2210 4622
3611 5302
2634 4327
2071 4792
807 6550
1781 7233
1343 8074
347 7149
3802 5228
3370 6045
1762 7258
3874 5531
1878 7659
3066 4420
3220 5716
3016 4361
23 6869
1093 7815
3683 5280
3607 5331
2026 7458
676 6254
3784 5123
246 6714
993 6445
1861 7560
3006 4467
2471 4970
3323 5685
3757 5218
2082 4851
3662 5274
585 6301
674 6260
910 6488
1993 7454
3579 5923
1294 8148
2056 4818
3098 5824
1666 7262
685 6259
1252 7739
448 6945
2470 4932
1612 7343
2614 4309
1670 7269
4049 5429
706 6182
182 6748
2623 4308
2583 4345
1312 8143
1018 6421
1192 7768
1177 7790
3349 6124
100 6808
3363 6111
2190 4722
2538 4885
1655 7304
3208 6025
3651 5442
1691 7577
2968 4252
1174 8082
666 6556
473 6879
2980 4258
1569 7465
1226 8128
3264 6090
1463 7867
3992 5271
3295 6094
897 6288
527 6429
2773 4550
2719 4492
2235 5036
928 6329
627 6505
3100 5889
2176 5021
2356 4650
3977 5271
123 7012
377 6745
1935 7342
3338 5672
1489 7923
952 6299
1119 8060
3585 5410
2818 4132
3360 5642
231 7117
2160 4954
1552 7483
2940 4174
2537 4826
3517 5774
1406 7757
3851 5176
2309 4657
1387 7775
701 6536
3099 5932
1546 7478
3333 5688
1805 7219
1053 7970
4054 5353
3147 5899
236 7081
802 6244
2807 4543
1745 7576
3636 5502
3620 5481
827 6249
797 6222
2594 4468
2726 4592
1307 7756
1185 8185
2813 4516
1296 7754
262 6748
176 7147
3799 5514
1584 7535
2863 4171
1507 7815
2326 4723
3434 5634
829 6228
460 6822
3442 5663
3737 5609
2624 4400
1102 7998
3348 5733
103 6934
3759 5597
2438 4852
2155 4895
118 6926
2935 4110
273 6762
2630 4413
4041 5298
3698 5390
2872 4164
2438 4858
1056 8029
1692 7650
2715 4581
2313 4745
1615 7630
2668 4590
2369 4803
1903 7404
1673 7434
2098 5045
3601 5528
972 6215
3480 5651
1404 7920
3560 5732
3395 5837
3976 5127
3422 5839
1719 7460
3377 5794
2120 5085
2434 4632
3003 4133
3292 6013
1408 7715
2803 4439
1858 7399
3712 5413
3226 5948
237 6986
675 6404
3689 5571
3918 5349
2460 4663
3622 5515
371 6878
2200 4918
1036 8098
913 6206
1335 7814
1983 7181
1831 7316
2522 4718
3206 5939
686 6424
2205 4906
3779 5499
2404 4829
1587 7562
3694 5588
3753 5397
3606 5591
680 6507
946 6262
187 7038
1932 7243
2962 4184
1659 7600
2946 4174
3641 5620
409 6728
1691 7498
3548 5646
3212 5976
779 6365
2564 4562
800 6390
1904 7336
71 7071
494 6710
3499 5747
3758 5492
682 6512
1050 8135
2897 4239
1244 7938
1956 7291
2219 4980
526 6636
513 6628
1162 8047
810 6348
1619 7610
414 6775
3509 5727
4053 5177
299 6852
3079 6135
904 6265
2447 4733
994 6168
4045 5174
3946 5265
1728 7485
2012 7202
3908 5306
1429 7786
1587 7628
1785 6907
3222 4242
1576 6700
2642 5718
1275 6398
853 8029
3601 4633
2585 5648
2151 5230
2257 5341
1899 7013
2373 5450
2839 5912
2954 6021
1347 6482
2266 5321
3509 4513
2226 5287
334 7515
590 7771
3284 4290
4017 5030
3194 4199
2213 5307
2758 5848
1830 6969
595 7793
3432 4427
2308 5409
3616 4614
519 7712
3188 4188
2830 5926
2295 5343
3705 4691
2821 5934
1744 6909
667 7861
3737 4777
548 7696
547 7703
2827 5950
3763 4747
1982 7047
2341 5407
786 7983
4014 5011
2380 5489
1212 6274
2671 5713
181 7306
3417 4377
1033 6217
1305 6488
1959 7139
751 7849
2449 5591
983 8080
3510 4607
1153 6344
3845 4943
97 7212
1322 6500
2266 5269
1051 6228
287 7504
747 7844
434 7650
1616 6659
1172 6343
3454 4392
200 7313
1643 6705
670 7876
2374 5404
3965 4897
3546 4538
477 7612
8 7274
3551 4538
4027 5086
792 8063
2744 5855
2277 5250
1534 6549
1169 6394
2589 5750
126 7187
719 7842
378 7445
2491 5579
567 7751
1767 6806
1929 7163
3927 4900
3719 4852
1448 6620
3270 4274
751 7831
2286 5270
350 7462
3521 4539
1539 6776
1413 6654
19 7272
1908 6927
4078 5010
3688 4630
1288 6519
2911 6110
2184 5131
346 7641
3390 4541
3213 4105
3043 5990
3616 4773
2964 5905
3289 4191
2412 5604
3731 4635
3516 4402
135 7191
2350 5567
521 7835
2277 5238
2897 6082
3475 4359
317 7595
1154 6165
1859 7124
581 7903
2414 5618
4040 4948
2727 5691
1965 6963
3257 4135
492 7538
734 7745
2342 5561
3564 4429
1502 6522
1589 6800
3592 4783
748 7748
2050 5291
309 7576
3848 5029
628 7898
2846 6062
3615 4782
990 8044
791 8100
712 7803
3117 4254
2209 5141
357 7633
2193 5156
3796 4706
2394 5613
3488 4379
3463 4411
2362 5510
1111 6378
1685 6699
573 7811
2987 5908
1539 6851
2492 5500
3406 4493
2415 5548
4021 4979
1481 6401
1923 6985
3794 4632
2643 5784
2162 5308
2217 5222
1795 7116
1134 6305
724 7707
2646 5766
406 7494
281 7625
3768 4713
527 7901
284 7631
3354 4559
715 7710
2736 5734
1042 6341
1948 6980
2517 5388
397 7510
3543 4364
815 8178
3406 4526
2293 5137
4059 4925
4080 4887
370 7579
2349 5572
1098 6307
3206 4205
3655 4779
923 8055
2840 6133
350 7603
3594 4836
2802 5632
512 7922
1846 7106
2926 6042
319 7626
921 8046
2796 5659
3136 4280
3552 4376
3104 4312
2571 5873
3910 5052
344 7587
1180 6240
1329 6604
1458 6323
2448 5266
3917 4686
4046 4810
3606 4880
2548 5362
1525 6399
3593 4871
844 7773
3925 4676
3900 4654
7 7445
1494 6338
2790 6130
147 7557
2760 6111
1084 6436
3904 4696
4028 4774
2114 5470
582 8025
3115 4404
1773 7119
3031 5876
974 7915
3842 4650
1490 6395
1847 6681
4077 4828
2732 6046
2512 5349
385 7351
2746 6029
2950 5822
1105 6505
2648 5985
2087 5405
3448 4163
431 7315
1111 6506
2853 5659
1079 6408
377 7224
3831 5044
1835 6767
1792 6724
1633 6948
2868 5746
3163 4381
3460 4301
2356 5246
3511 4347
1332 6246
1101 6431
2314 5215
2761 6044
826 7788
961 7833
1917 6693
2993 5865
1702 7167
3033 5760
3258 4576
1756 7046
2739 6127
1207 6632
2984 5879
1831 6726
3085 4463
2311 5218
300 7239
326 7210
890 7700
3418 4148
1182 6640
2252 5539
1550 7038
671 8174
3265 4528
2281 5532
2923 5661
2051 5493
3588 4988
88 7456
3403 4146
1832 6739
2312 5236
117 7433
753 8076
3038 5792
3234 4572
1818 6811
1362 6355
3428 4326
3725 4872
3696 5110
1645 7141
1923 6667
1023 7796
1426 6174
493 7265
935 7723
3652 5065
2610 6050
3561 4221
3346 4230
3938 4855
1605 7132
2372 5341
349 7364
3666 5064
4055 4685
1972 6696
2144 5628
3518 4130
389 7193
1895 6906
1746 6991
3262 4384
2423 5335
3679 5117
3357 4286
1201 6422
2402 5322
3984 4664
2285 5444
4074 4675
3893 4767
61 7574
2844 5811
3207 4407
3637 4996
2043 6728
2029 6750
719 8059
3837 4936
1415 6193
1256 6494
324 7411
2407 5328
1418 6205
2107 5509
2936 5831
3981 4658
3785 4877
3122 4598
2018 6695
4069 4653
3969 4683
199 7435
1062 6635
2210 5487
1497 6167
2626 6029
1754 6922
2497 5136
1402 6312
1225 6427
2237 5487
922 7753
3653 5011
756 7971
1685 6988
1282 6360
1206 6508
686 8052
91 7552
3569 4138
3568 4139
3840 4828
48 7660
558 8179
1050 6596
735 7999
3293 4412
587 8105
487 7173
1714 6993
1183 6522
1061 6605
1273 6416
1497 6195
1468 6231
2249 5410
918 7802
1232 6462
3137 4527
1442 6221
265 7398
1338 6346
2860 5853
577 8114
2588 6120
245 7424
1644 7067
3173 4509
630 8076
3629 5079
2579 6120
55 7627
1658 7046
2829 5872
1096 6582
2442 6026
1153 6787
3173 4707
399 8072
1573 6189
1343 6966
135 7821
3666 4185
947 7615
855 7495
1263 6910
2514 6083
560 7201
1196 6842
2869 5420
3223 4750
3669 4172
292 7997
2420 5999
3869 4355
1565 6146
2325 5898
2451 6065
2776 5370
425 8074
2443 6056
2030 6600
1143 6737
2672 5207
1292 6949
608 7242
2382 5987
2653 5232
2789 5323
64 7794
27 7727
857 7533
3722 4287
268 7994
1354 7036
3937 4441
104 7760
1593 6144
1985 6650
2535 6108
1628 6247
2842 5415
3472 5037
2478 6032
2941 5443
3841 4415
1958 6630
1229 6796
3706 4158
430 8171
2140 5657
3463 5058
3581 5048
2106 5756
4053 4499
69 7682
3535 4999
119 7742
3473 5080
967 7565
1517 7072
738 7341
3374 4991
1248 6834
1970 6631
654 7381
1886 6403
1655 6185
712 7319
2601 5193
1205 6870
1280 7011
325 7971
221 7861
1017 7571
3587 4206
332 7970
11 7781
265 8056
2189 5884
3432 4893
2527 6057
1166 6904
1914 6412
219 7853
3138 4666
2741 5325
1395 6923
634 7171
2523 6049
2073 5730
1341 6977
509 8066
2524 5980
2383 6095
2145 5857
3832 4217
1713 6195
3866 4505
2596 5282
3004 5435
102 7918
1964 6436
2150 5870
1398 7166
2255 5701
1378 7144
2457 5907
2375 6091
2887 5579
474 8022
1452 6944
3251 4670
1231 6720
538 7317
3063 5496
1876 6597
2701 5148
438 7972
2047 6509
2493 5931
1002 7548
163 7732
2236 5665
3593 4247
3822 4175
3130 4760
1667 6181
1989 6499
3938 4549
1305 7089
1597 6294
2156 5831
1430 6950
337 8161
517 7344
3950 4568
2815 5192
1641 6352
1663 6342
799 7589
2583 5293
3480 4902
1015 7496
874 7595
3318 4661
842 7566
708 7169
3859 4564
1081 6896
1799 6604
3340 5056
2847 5587
1791 6194
3494 4969
643 7251
3288 4618
1412 6999
1466 7020
1898 6589
1585 6374
3039 5383
1069 6901
757 7213
3514 4963
3191 4782
1026 6872
3440 5038
3051 5386
3383 5078
3872 4548
3170 4743
546 7367
2609 5332
3312 4630
505 7967
4082 4379
1373 7095
3081 4834
2050 5865
3955 4511
303 8130
2067 5886
2922 5509
3314 4611
2749 5196
2543 5918
1422 7036
1139 6784
394 8062
3712 4215
4075 4380
1538 6392
2485 5966
2171 5767
3928 4517
3057 5391
786 7186
2487 5814
1481 6856
3355 4633
3678 4445
1280 6661
1962 6307
2664 5475
2626 5454
3262 5043
1197 7075
979 7363
95 8014
3727 4508
3019 5342
3328 4629
1170 7047
1070 6968
3863 4108
318 7717
3669 4425
427 7863
1131 7030
3553 4863
3888 4142
3673 4473
699 7578
3850 4137
2391 5745
927 7350
1764 6605
2781 5622
1151 6996
2246 6125
578 7534
2578 5439
2081 5903
503 7896
3066 5322
2745 5512
3316 5062
237 8158
1299 6688
3155 4967
3937 4182
3450 4685
2195 6052
4091 4291
3450 4673
813 7190
416 7838
992 7391
1059 6940
929 7326
2757 5626
959 7423
796 7260
1238 7060
2187 6095
2177 6086
941 7402
3839 4534
987 7313
138 8129
1464 6900
298 7782
3882 4196
986 7306
2957 5340
565 7526
2608 5478
1326 6776
2539 5820
1761 6585
1770 6579
2863 5237
1960 6388
1029 7001
2339 5757
2264 6022
3151 4881
2036 6315
3884 4211
1777 6545
63 8031
2887 5158
2390 5687
2532 5767
831 7258
2974 5368
137 8174
2877 5210
2914 5130
2387 5691
2867 5209
2695 5611
201 8102
1558 6502
296 7769
295 7765
2382 5692
496 7816
3291 5025
2142 5925
2521 5796
1044 7018
3798 4520
2731 5589
3447 4616
1342 6842
3508 4656
1015 7282
2561 5511
1933 6155
2631 5568
396 7684
3797 4447
2075 6033
3259 4917
2924 5347
627 7676
2472 5690
1012 7265
4066 4213
426 7730
3507 4651
500 7791
3331 4767
638 7651
536 7558
3560 4726
3439 4848
2457 5638
4004 4155
1770 6472
2498 5729
2641 5621
941 7176
2241 5991
214 8048
1479 6752
557 7562
137 7968
339 7930
3321 4947
22 8124
1803 6311
2944 5165
1217 7027
4050 4198
736 7509
1882 6380
286 7849
3472 4647
3129 5006
1078 7054
3802 4450
3186 5070
1198 7023
1913 6328
3286 4884
4000 4197
2473 5743
336 7834
1474 6670
3953 4284
647 7498
2096 6143
1188 7028
1377 6833
1498 6664
1620 6535
2105 6122
1221 6928
3030 5121
3933 4229
3181 5044
3602 4556
2199 5961
1213 7010
3133 5085
3541 4661
982 7220
3086 5100
868 7303
1576 6603
1635 6535
439 7762
3449 4764
480 7687
3113 5056
2399 5814
2683 5522
3955 4255
6 8171
839 7337
258 7917
153 8054
3029 5157
2397 5805
2322 5856
113 8068
2111 6087
1827 6362
1425 6760
2955 5234
1708 6486
2837 5359
1496 6692
889 9083
162 8358
650 8839
1022 9201
1007 9213
1577 9778
328 8552
47 8205
257 8483
778 8993
148 8367
1606 9735
1579 9834
865 8998
1302 9564
963 9097
1076 9343
644 8912
204 8344
873 9020
1198 9465
1104 9223
1184 9464
766 8871
459 8592
1204 9450
1790 9888
422 8646
756 8852
1472 9632
656 8950
697 8927
1114 9258
974 9151
1911 9997
1771 9877
84 8235
470 8534
1061 9382
187 8252
1100 9412
1186 9256
1340 9655
1424 9500
769 9101
395 8475
811 9146
72 8413
172 8251
453 8542
1572 9860
926 9022
596 8945
1326 9605
973 9056
1735 9833
116 8411
1169 9278
598 8928
51 8331
681 8720
1016 9026
372 8650
47 8430
645 8780
1694 9808
1783 9765
737 8763
1272 9250
894 9120
444 8537
7 8418
1695 9849
1530 9501
1416 9583
1652 9887
324 8626
1591 9921
90 8365
1250 9240
329 8631
1096 9399
2044 9982
441 8378
713 9167
1973 9919
1292 9219
1950 9870
288 8243
479 8395
729 9166
1027 9498
1063 9531
1267 9682
536 9023
874 8770
985 8945
1419 9376
1187 9614
1438 9384
420 8339
762 9155
849 8811
862 8801
499 8381
1 8526
158 8657
537 9032
1236 9606
762 9127
79 8491
867 8708
1975 9927
1868 9790
1123 9489
1043 9569
640 9204
48 8522
1921 9733
5 8578
2 8581
1255 9580
1224 9561
1232 9544
858 8896
2025 9842
1078 9642
355 8446
432 8237
819 8876
2001 9806
2014 9793
633 9169
542 9142
227 8523
111 8643
1397 9410
45 8597
845 8948
261 8383
1479 9339
96 8669
2007 9832
356 8355
1823 9942
180 8569
183 8570
515 9165
469 8197
738 9014
376 8366
1966 9849
1139 9641
1284 9432
76 8622
629 9110
2013 9787
1802 9953
178 8513
592 9123
1352 9405
486 8209
1808 9962
500 9207
4 8711
235 8930
473 9160
401 9088
2021 9719
736 8434
1297 9987
1965 9662
336 9035
1943 9611
533 8202
672 8383
1088 9826
676 8321
165 8835
2028 9664
67 8813
1024 9775
1728 9455
623 8286
1605 9335
1944 9646
390 9149
972 8690
816 8462
883 8499
262 9030
1158 9923
1669 9410
755 8372
1591 9341
304 9082
173 8928
302 9056
83 8732
921 8643
1000 8627
1052 9799
125 8736
493 9138
1612 9260
258 9059
1258 9864
647 8421
1866 9518
37 8768
600 8255
321 9007
136 8935
82 8765
2003 9660
925 8681
1034 9855
1590 9281
619 8211
691 8394
124 8711
447 9154
1689 9446
203 8781
393 8965
1628 9421
1658 9448
850 8641
2000 9543
663 8206
417 9018
740 8260
1948 9535
680 8193
1796 9646
1905 9690
195 8816
1651 9414
1818 9644
1883 9699
1575 9375
317 9093
926 8486
43 8854
1909 9674
1793 9665
398 9034
1736 9230
869 8611
217 8722
1660 9392
1260 9761
893 8619
1011 8484
1766 9278
224 8761
1152 9818
436 9066
764 8226
1940 9584
1586 9435
914 8574
687 8258
83 8893
367 9118
170 8792
222 8747
758 8202
1 8959
1300 9749
1429 9876
2001 9427
1925 9350
1943 9364
1358 9805
115 9079
1961 9388
1671 9601
153 9099
373 8813
2038 9450
896 8352
2002 9459
38 8965
132 9123
568 8464
293 8715
257 8752
909 8379
1075 9989
1733 9715
52 8963
791 8239
412 8868
516 8510
78 9077
365 8748
1537 9538
1379 9767
1629 9496
398 8904
1365 9752
957 8434
230 9142
609 8497
978 8326
179 9190
361 8766
1854 9318
255 9127
1511 9918
1012 8360
833 8226
602 8510
913 8436
964 8354
1681 9723
620 8454
1440 9932
1718 9690
309 8772
981 8358
1516 9880
130 9211
1791 9606
1527 9868
1393 9741
366 8933
548 8625
1533 9832
1716 9507
564 8622
421 8762
988 8313
1807 9385
1656 9680
1443 9736
469 8807
389 8759
661 8481
1709 9496
1484 9847
374 8909
2024 9257
604 8606
1623 9620
763 8509
1931 9292
526 8640
1882 9359
207 8985
1325 9969
1396 9874
957 8277
715 8481
321 8875
1364 9918
1311 9967
175 9052
917 8291
1988 9273
266 8949
461 9676
1150 8315
611 9829
1268 8445
1250 8425
89 9301
1558 8728
1154 8338
1762 8947
132 9362
722 9931
66 9307
449 9707
1500 8689
1893 9045
1824 8977
1471 8581
632 9795
307 9486
1097 8310
232 9385
1881 8984
430 9704
1165 8394
1152 8392
70 9226
1055 8274
1664 8916
116 9263
634 9767
1140 8235
1150 8222
864 9985
1179 8441
1406 8475
328 9518
1281 8553
2031 9091
1193 8388
1608 8760
739 9873
1690 8936
1896 8987
238 9370
17 9317
1298 8551
1649 8717
455 9657
468 9556
8 9353
696 9786
1301 8598
722 9814
1502 8536
1400 8682
1886 9159
1436 8503
147 9279
1042 8381
436 9476
1207 8196
1509 8534
1197 8219
131 9275
1610 8841
331 9615
1880 9116
447 9594
1457 8568
403 9567
1565 8915
568 9974
1731 8723
145 9283
760 9774
1125 8371
1787 8737
569 9958
13 9454
1890 9094
381 9627
1376 8583
1739 8748
1688 8822
1938 9058
1251 8208
416 9557
720 9769
1631 8870
88 9378
1220 8248
641 9852
1815 9193
412 9571
969 9929
981 9940
74 9544
253 9720
1211 8637
1526 8445
1518 8419
852 9818
999 9960
154 9610
1810 8706
789 9732
1595 9000
1001 9969
831 9758
431 9356
1106 8566
1493 8442
783 9789
213 9702
457 9469
2008 8941
1545 9010
998 9949
898 9916
364 9299
1782 9150
1157 8654
853 9752
1632 9008
370 9251
1379 8249
965 9883
1845 8785
1654 8978
1390 8197
1679 9188
1243 8630
785 9827
952 9924
1997 8880
211 9558
2041 8831
1293 8326
129 9492
879 9977
338 9418
194 9562
840 9937
1609 9168
1996 8790
1488 8269
1313 8320
1115 8701
404 9267
1549 9130
1672 8994
1942 8761
1955 8721
1683 8992
1986 8817
1548 9143
1519 8275
1131 8663
1569 9116
1929 8777
1215 8575
1748 8981
1278 8503
1814 8924
1295 8386
1646 9121
1731 8972
825 9960
423 9332
1961 8830
1286 8414
1090 8602
2023 8762
1051 8699
330 9391
1395 8347
2035 8731
1126 8588
289 9422
1753 9001
1877 8868
125 9610
1060 8665
170 9556
668 9373
1432 9115
150 9874
1842 8500
621 9316
1501 9175
1976 8628
973 9695
16 9730
1763 8439
1785 8428
817 9511
1589 8232
184 9881
1871 8554
632 9310
855 9597
984 9718
1382 9047
106 9823
1523 9163
841 9591
1208 8952
1186 8931
1025 8771
1424 9171
584 9229
660 9425
144 9944
1005 9639
1700 8432
1228 8857
80 9734
1003 9649
54 9834
963 9629
1369 8967
1901 8463
1389 8964
1144 8725
1064 8775
2022 8585
1649 8194
856 9505
552 9301
1625 8230
1613 8391
1161 8709
2032 8573
24 9879
1347 9164
1819 8587
648 9245
1854 8614
209 9801
1739 8278
1772 8307
1860 8680
1579 8327
856 9717
1971 8450
1071 8858
833 9721
1328 9098
781 9649
1953 8477
1032 8885
1703 8216
589 9357
864 9636
551 9443
36 9964
996 9516
732 9237
553 9444
724 9241
216 9737
1981 8556
1125 8886
1355 9112
1563 8398
1702 8304
1676 8272
798 9725
848 9654
494 9989
17 9954
1175 8803
1707 8273
1978 8378
794 9234
491 9952
1242 9174
1800 8199
269 9756
424 9913
1968 8361
1643 8562
1058 8961
268 9769
750 9672
1433 8881
2008 8435
895 9296
1048 9001
1705 8605
1995 8446
1353 8817
871 9253
1116 8990
600 9501
1696 8677
1303 8797
2041 8373
1454 8929
599 9479
1930 8405
1996 8339
655 9708
584 9515
834 9249
983 9394
636 9499
1392 8729
1128 8964
1146 8971
1399 8709
637 9483
775 9343
1972 8393
776 9334
2036 8309
331 9933
271 9864
1242 9053
1286 8844
383 9972
1334 8890
1884 8403
463 9821
1352 8922
1181 8974
1485 8793
1298 8837
1441 8760
1657 8674
417 9791
576 9696
817 9367
1578 8578
732 9591
1348 8937
1270 9049
618 9669
1797 8375
556 9616
1704 8468
1919 8386
1773 8531
361 9897
1870 8335
1282 8900
1940 8284
1297 8921
1782 8511
1930 8256
1959 8299
1964 8316
593 9604
2034 8229
544 9723
1594 8678
403 9843
943 9294
1551 8685
1596 8670
441 9819
1822 8439
472 9780
1594 8651
976 9260
267 9975
2332 8478
3852 9994
2250 8397
2615 8752
2934 9087
3006 9137
2948 9111
2796 8949
3203 9369
2319 8466
3269 9435
2340 8455
3337 9519
3017 9187
2625 8810
3277 9442
2923 9051
2233 8329
3739 9899
3000 9090
2398 8549
2216 8424
2181 8396
3475 9667
2680 8745
3281 9351
2613 8810
2569 8809
2594 8770
3707 9757
2057 8302
3176 9218
2674 8734
2855 9033
3305 9350
2469 8661
3789 9917
2269 8364
2122 8249
3492 9680
3547 9647
3361 9559
3686 9745
2980 9180
2203 8416
3130 9287
2368 8644
2192 8213
2770 8794
3811 9833
3278 9285
3411 9695
2269 8270
2956 8977
3999 9984
3586 9890
3405 9705
3082 9391
2748 8730
2512 8566
2800 8790
2297 8287
2064 8375
3675 9971
3486 9523
3800 9836
4031 9995
3037 9058
2861 9106
2074 8401
2554 8502
2849 9197
3087 9409
2476 8571
2995 9065
3142 9371
3213 9321
3007 9050
2718 8825
2598 8911
2956 9062
2943 9104
3368 9689
3635 9921
2095 8408
2399 8615
3448 9601
2436 8573
2947 9082
3420 9311
3204 9600
2557 8443
3172 9571
2775 9183
2449 8349
3095 9479
2836 8716
3025 8908
3013 8923
2246 8677
3166 9593
3157 9599
3444 9304
2587 9003
3429 9300
2942 8780
2374 8317
2248 8693
2455 8400
2198 8668
3950 9763
3881 9850
2720 9208
3272 9620
2413 8241
2712 9156
3035 8890
2983 8902
2631 8994
2635 9006
3493 9411
3568 9366
3045 8845
2176 8688
2746 9162
2895 8767
3474 9440
2372 8247
2628 9021
3024 8786
2943 8956
4039 9792
3269 9548
3054 8805
2541 8288
2146 8684
3488 9271
2148 8700
3501 9270
2265 8517
3942 9925
2052 8608
2241 8548
3243 9485
2142 8695
2697 8995
3336 9400
3897 9865
2494 8200
2183 8496
3304 9552
2962 8749
2107 8698
2916 8867
2971 8787
3214 9542
2655 9108
2534 8234
3868 9938
3491 9330
3321 9514
3224 9547
3841 9941
3301 9532
2891 8849
3360 9471
3992 9848
3092 9724
2194 8569
3519 9293
3364 9431
2220 8529
3567 9233
2492 9149
3144 9804
2385 9045
3050 8687
3103 9754
2515 9172
2077 8725
2103 8766
3097 9744
2475 9125
2344 9018
2478 9145
3598 9235
2220 8881
3199 9820
3319 9938
3783 9452
3724 9379
2456 9143
2590 8236
3210 9904
3934 9570
2313 9014
3711 9277
4019 9726
3135 9841
2059 8795
3091 9798
2086 8774
2251 8879
2509 9130
2081 8779
3875 9551
2130 8764
2100 8794
2686 8206
3820 9368
3959 9485
3283 9903
2834 8559
4064 9630
3959 9718
2291 8816
3998 9498
3889 9652
3828 9329
3299 9830
3625 9377
2849 8621
2888 8670
2862 8633
3016 8528
2190 8724
2681 8418
2608 8366
2499 9052
2867 8620
2072 8888
3939 9666
2982 8452
2489 8989
3976 9516
3496 9998
2644 8447
4030 9491
3664 9441
3309 9819
3101 9893
2282 8785
2358 9098
2091 8855
2866 8589
3961 9658
3310 9770
3195 9905
3845 9673
2415 9122
2558 9008
3862 9688
2999 8568
2290 8750
4038 9509
2539 8974
2139 8892
3844 9708
2711 8319
3307 9732
2158 8862
2172 8844
2426 9096
3198 9863
2225 9139
3910 9284
3009 8387
3862 9235
2996 8370
2454 8862
3335 9738
3895 9272
2797 8697
2931 8294
2186 9119
2912 8312
2128 9036
2465 8832
2558 8923
2699 8621
2857 8192
3380 9758
3335 9770
3404 9855
2422 8782
3562 9936
3433 9815
3023 8328
2517 8850
3703 9535
3658 9475
2263 9095
4032 9361
3551 9869
2138 8975
2057 9041
2573 8533
2702 8663
2503 8861
3927 9227
2317 8784
3662 9513
3571 9882
2912 8207
2844 8307
3817 9624
4055 9381
2965 8430
3631 9554
3968 9217
3704 9722
2937 8442
2479 8744
2335 8852
3805 9558
3565 9824
3387 9909
3619 9655
3915 9436
2996 8237
2602 8624
2606 8629
2881 8413
2952 8215
2049 9122
3575 9811
3530 9836
3397 9981
2826 8369
3765 9481
2126 9203
2496 8829
4008 9238
3629 9618
4048 9232
3772 9596
3026 8211
2621 8700
2951 8259
2735 8555
3597 9668
2690 8525
2696 8539
3048 8254
2586 8653
2325 8898
3853 9434
2164 9132
2436 8797
3875 9466
2264 8962
2094 9161
4037 9258
4075 9243
2462 8815
2049 9205
3986 9316
3626 9682
2229 9039
2053 9209
2767 8496
2308 9472
3431 8544
2117 9291
3483 8586
3972 9109
3358 8461
3483 8590
2392 9551
2703 9880
3244 8372
3965 9063
4062 9152
4020 9131
3685 8773
3476 8630
2531 9678
2164 9306
3521 8689
3558 8660
3243 8350
2529 9687
2611 9742
4033 9089
2149 9254
3142 8194
3700 8753
3426 8490
3511 8702
2342 9583
2768 9886
2673 9790
3517 8684
2357 9574
3105 8309
2900 9996
3392 8476
2100 9323
2224 9428
2243 9386
2259 9400
3919 8996
3495 8650
3119 8256
3761 8899
3939 8982
3984 9190
3082 8306
3916 9013
3102 8290
2458 9703
3314 8306
3870 9117
2287 9324
2063 9355
3273 8257
3487 8465
2522 9549
2741 9774
2718 9729
3440 8687
3830 8791
2373 9711
3291 8304
2231 9244
2093 9344
3883 9119
2343 9701
2519 9490
2330 9693
2365 9719
2354 9720
2226 9317
3085 8400
3909 9124
2557 9497
2467 9542
2218 9282
2634 9890
2728 9794
2700 9831
3106 8403
3639 8901
2084 9426
3464 8574
2289 9222
3377 8648
2393 9635
4029 9031
4091 8957
2054 9473
3751 9135
3181 8548
3649 9035
2880 9803
4011 8871
3287 8664
3563 8440
2261 9664
3325 8683
3074 8478
2298 9703
2247 9689
3070 9948
3403 8296
4087 8914
3272 8672
3089 8480
3249 8579
2915 9808
2421 9282
3811 9177
4011 8853
2969 9947
2173 9528
2833 9820
2858 9829
2413 9250
2835 9798
4008 8958
3348 8265
2435 9437
3771 9179
2511 9386
3375 8264
2827 9825
3373 8257
2424 9227
3233 8668
3345 8300
4019 8908
3598 9102
3108 8614
4072 8814
4031 8754
3698 9212
3469 8212
3876 8895
3539 8269
3684 9210
2390 9461
3716 8999
2329 9406
3156 8701
2896 9979
3298 8529
2524 9320
3829 9024
3812 9042
3101 8612
2394 9443
2443 9271
3651 9214
3365 8347
3838 9021
3196 8635
2216 9572
2214 9576
4027 8820
4010 8824
3280 8453
2155 9650
2535 9276
2089 9665
2935 9887
3748 9038
3808 8973
3131 8652
2488 9281
3302 8479
3090 8683
3770 8379
2981 9639
2092 9765
3754 8357
2950 9622
2828 9499
3541 9160
3835 8410
3855 8490
2677 9309
3755 8322
4010 8606
3209 8894
3663 8311
2151 9821
2237 9859
3821 8364
3279 8842
3728 8406
2618 9340
3524 9100
2905 9488
2869 9599
2778 9361
3159 8731
3642 8308
3740 8402
3871 8528
2783 9359
3923 8450
2768 9347
3169 8757
2144 9782
2958 9686
3412 9015
3333 9057
2725 9409
2085 9794
3332 9070
2619 9303
2886 9513
2170 9741
3778 8376
2661 9241
3687 8426
2236 9775
3699 8423
2283 9802
3785 8288
2666 9414
3856 8636
3815 8265
3478 9016
3911 8694
2060 9917
2607 9370
2875 9612
3961 8640
3987 8495
2720 9247
3676 8349
3579 9016
3263 8826
2929 9652
3367 9185
2072 9937
3352 9170
3244 8800
2939 9643
3526 8990
2592 9466
3498 9076
2986 9589
2541 9998
4083 8470
3477 9072
3176 8845
3697 8342
2684 9365
2146 9869
3497 9048
2920 9626
3201 8820
3540 8995
2759 9671
4074 8427
3528 8906
3164 9051
3696 8567
2936 9328
2361 9779
3014 9419
2490 9900
3720 8592
2672 9579
2817 9244
3578 8932
3078 8998
2669 9550
2845 9275
3030 9470
2547 9946
4041 8420
2848 9242
3172 9055
2688 9663
2731 9707
2309 9796
3315 9141
3177 9007
3290 9107
3983 8390
3647 8550
2388 9742
3624 8564
4077 8332
2880 9253
3733 8691
3710 8473
3888 8281
2682 9491
3693 8452
2495 9942
3382 8796
2703 9700
2788 9608
2798 9628
3549 8878
3916 8244
2722 9692
3032 9308
3187 9211
3594 8607
3896 8353
2336 9914
3778 8540
3599 8617
3980 8230
3409 8955
4066 8264
3928 8435
4002 8201
3376 8861
3665 8703
3182 9178
3177 9180
2604 9623
2367 9858
2318 9934
3523 8723
3506 8800
3493 8819
3370 8956
3721 8531
2787 9533
2790 9477
3170 9105
2970 9324
3136 9147
3127 9162
5610 9706
4164 8263
4112 8196
5676 9784
4472 8558
4574 8648
5702 9830
4804 8934
4913 8978
4934 9061
4323 8391
4770 8837
4466 8515
4443 8553
4780 8863
5350 9429
4488 8639
5941 9996
4819 8941
5517 9650
4869 9037
5169 9337
5001 9155
5542 9709
4809 8839
4474 8491
5505 9685
5439 9579
5417 9585
4600 8609
4507 8699
4595 8595
4570 8639
5866 9862
5829 9896
5627 9621
4700 8755
4740 8951
5332 9377
5364 9356
4977 8971
5594 9633
5031 9176
4864 9089
4108 8334
5330 9300
5543 9505
5367 9342
5376 9611
5630 9587
5744 9981
4950 9176
4949 9157
5813 9766
4123 8328
5267 9229
4954 9210
6049 9984
5720 9978
4849 8789
5363 9307
5623 9564
4597 8537
5619 9537
4982 9156
4231 8241
4957 9194
4443 8672
4111 8371
4303 8305
4983 9136
5513 9537
4583 8489
4424 8582
5105 9022
4552 8472
5809 9835
5849 9733
5423 9712
4976 9135
5277 9341
5391 9710
4399 8654
4722 8848
4752 8821
4318 8246
5339 9266
4369 8696
5387 9698
4588 8477
5586 9509
5329 9261
4798 8771
5731 9885
4712 8855
5667 9948
5975 9814
4109 8457
5003 8846
5617 9465
5210 9554
5553 9402
4933 8776
5541 9387
4807 9183
5443 9305
6078 9891
5382 9243
5042 8876
4206 8526
4822 9202
5421 9221
5890 9778
4188 8555
4207 8535
5219 9560
4104 8502
4778 9195
4294 8580
5953 9730
4672 8966
4817 9111
4522 8429
5395 9306
5947 9841
4459 8251
4944 8706
4219 8483
4218 8486
4501 8395
5277 9727
4406 8274
4251 8703
5434 9298
4122 8560
5406 9330
5316 9642
4966 8726
5377 9331
5060 8880
5161 9565
5582 9292
5161 9645
5771 9999
5153 9636
5304 9520
4720 9213
5531 9225
5626 9326
4674 9173
4386 8376
4725 9198
4804 9060
6064 9745
4707 9153
5404 9407
4103 8610
4821 9084
5241 9683
4698 9206
5960 9956
5393 9406
4249 8488
5449 9464
4595 8258
4833 9046
4844 9040
4176 8686
4489 8246
5890 9922
4114 8659
5442 9345
4342 8501
4496 8281
5358 9511
6089 9728
4970 8864
4879 8899
4099 8653
4315 8459
6023 9813
5484 9394
5969 9907
4469 8336
5972 9906
4214 8603
5118 8715
4544 8245
4748 9076
4626 9193
4433 8362
5516 9328
4244 8552
5189 9656
5466 9380
5272 9574
4476 9085
4159 8764
4205 8809
4700 8280
4592 9204
6085 9667
4998 8591
5180 9776
4625 8223
4678 8279
4983 8546
5682 9252
5153 9782
4609 8221
5764 9381
5338 9976
5859 9408
5965 9582
5018 8633
5013 8624
4403 8980
5020 8631
5820 9363
4319 8940
5759 9288
5121 9791
5084 8675
4644 8289
5829 9346
5305 9968
6117 9644
4264 8930
4143 8805
5445 9995
4582 9138
4446 8969
5243 9772
5217 9785
4157 8807
6139 9632
6063 9714
5900 9555
5194 9771
5009 8695
4254 8953
5847 9404
4274 8921
5290 9945
4457 8986
4421 9011
4914 8520
6004 9487
5882 9339
4398 9125
4992 8459
4464 9184
5334 9797
4827 8259
5719 9462
6139 9562
4275 8733
5777 9249
5352 9817
5254 9779
4735 8393
6097 9575
4273 8710
4861 8262
5883 9286
4901 8600
6119 9508
5374 9789
4525 9065
4871 8655
6061 9573
5260 9793
4659 8422
5208 9856
4943 8594
5260 9811
4504 9081
5151 9982
5207 9905
6128 9495
5258 9825
4573 8996
4998 8572
5620 9999
5675 9512
5711 9547
4487 8846
4710 8559
5402 9751
4345 9192
5035 8377
5099 8441
5671 9523
4486 8851
4405 8739
4819 8645
4100 8979
6103 9462
6015 9309
4678 8549
5083 8440
5698 9576
4717 8513
4492 8864
4542 8851
5832 9722
4353 8759
4127 9000
5826 9717
4181 9069
5944 9217
4424 8714
5483 9768
4857 8637
5788 9684
4508 8918
6036 9434
5528 9943
5936 9312
4921 8297
4960 8240
4787 8674
6075 9448
5682 9577
4909 8310
6059 9463
5851 9607
4248 9158
4305 9139
5726 9527
5045 8415
5048 8392
5421 9822
5486 9753
4619 8562
4813 8628
4250 9188
4880 8303
4565 8788
4620 8591
4923 8368
4799 8497
4605 8818
5019 8201
5841 9541
4319 9033
5491 9957
5401 9857
4494 8727
5628 9824
5510 9760
4495 8741
6012 9424
5592 9845
4720 8671
6077 9228
4965 8407
5382 9909
6042 9248
4776 8467
4418 8959
5826 9474
4463 8870
5755 9640
4993 8279
4910 8432
5057 8224
5953 9376
4846 8454
5645 9700
5695 9686
4516 8776
4162 9140
4420 8892
4192 9117
5520 9838
5761 8836
6116 9187
5539 8618
5922 9010
5276 8333
5535 8590
4704 9844
5345 8437
4157 9259
4580 9725
5245 8289
5516 8594
4621 9773
4279 9363
4500 9648
4381 9524
5254 8367
4204 9280
5787 8885
6000 9054
5361 8385
4602 9678
4251 9390
4136 9234
5769 8884
5475 8542
6107 9189
5762 8898
5936 9080
4709 9773
4649 9827
5846 8859
5426 8546
5146 8271
5396 8514
4397 9594
4500 9679
5565 8666
5929 9027
5854 8882
5479 8457
5616 8577
5261 8447
4365 9598
5941 9027
4272 9416
5549 8662
4408 9540
4535 9525
4627 9876
4224 9223
5151 8343
4760 9746
6092 9031
5520 8476
4772 9768
4442 9674
4464 9699
5558 8485
4317 9289
5130 8338
4314 9286
6127 9039
4150 9360
5588 8563
6035 9019
6140 9047
5323 8295
4553 9573
4552 9595
5564 8463
4111 9403
4617 9919
6138 9024
4737 9786
4645 9883
6076 9086
4343 9266
6048 9062
5524 8543
4514 9581
4573 9482
5601 8508
5717 8840
5286 8312
4645 9920
5701 8866
5490 8597
4715 9859
4701 9908
4186 9393
4702 9906
5600 8462
4741 9844
5839 8765
5212 8361
6027 9086
4173 9399
4693 9902
4612 9988
5896 8714
5497 8314
5083 9944
5126 8460
4209 9595
4245 9624
4462 9313
4625 9987
6089 8925
5179 8493
5134 8471
4485 9374
5957 8793
5785 9095
5782 9097
5124 8485
5641 9002
4218 9567
6043 8883
4412 9239
5673 8967
4574 9456
5337 8681
5607 8404
5737 9054
4240 9640
4458 9302
5103 9939
4557 9457
5147 8487
5938 8719
5482 8238
5069 9867
5324 8580
4349 9653
5800 9191
4956 9743
6141 8873
6012 8742
5808 9197
5003 9940
5033 9974
5738 9013
5285 8644
5636 9063
5625 8346
5906 8824
5827 9129
5379 8302
5798 9161
5902 8830
5072 9888
5624 8330
5208 8493
4383 9320
4406 9294
6019 8955
4153 9540
5870 9104
4898 9894
5394 8343
5573 8271
5148 8593
5107 9854
6057 8743
5325 8539
5724 9159
4135 9660
6013 8924
5803 8969
4202 9672
5039 9739
5843 9078
5918 8889
4460 9412
5901 8865
4561 9313
4944 9955
5618 8260
5198 8694
5527 8234
4233 9527
5240 8635
5096 9764
5253 8521
4470 9402
5326 8451
4959 9872
5357 8505
4452 9395
5430 8428
5938 8942
5015 9802
5980 8834
5696 9120
4482 9314
4493 9322
5373 8469
5371 8466
4578 9224
5480 8323
4945 9914
4995 9839
5958 8874
6055 8778
5530 8308
4894 9967
4249 9578
6074 8777
5318 8498
4498 9319
5458 8356
4417 9398
5024 9816
5236 8584
5400 8988
5012 9625
5250 8848
5010 9600
5089 9714
4971 9592
5607 9200
5758 8293
4741 9383
4823 9458
5614 9163
4857 9438
4396 9988
4124 9781
5924 8468
4788 9351
4097 9784
4098 9787
5394 9003
4321 9947
5257 8882
5583 9101
5088 9634
5557 9206
5420 9064
4226 9926
6048 8678
6034 8664
4680 9219
5722 8212
5058 9612
5871 8353
4247 9927
5333 8838
4278 9955
4115 9800
4669 9311
5842 8369
4703 9274
5681 8285
5319 8872
6036 8679
5975 8494
4171 9777
4299 9800
5844 8273
5202 8916
4503 10000
5471 9175
5255 8718
5847 8284
5954 8658
4268 9788
5791 8207
4230 9746
5606 9074
5022 9480
5897 8593
4960 9721
4269 9783
4297 9812
5725 8387
6031 8487
5840 8316
5776 8255
5133 8893
4281 9736
5432 9100
5049 9487
4904 9631
4618 9405
4916 9614
5654 8360
5895 8646
4928 9603
5175 8946
5117 9526
4211 9912
5126 8907
6102 8455
4654 9468
4350 9764
5554 9071
5103 9521
4907 9675
5350 8707
5299 8788
5249 8815
5930 8667
5816 8266
5440 9140
4762 9312
5032 9389
5155 8997
5038 9382
5455 8774
4533 9913
5951 8243
6002 8318
4689 9541
4986 9325
4454 9850
5622 8918
4935 9318
5195 9066
5552 8849
5649 8501
5180 8985
5763 8623
5933 8195
5709 8547
4860 9676
5977 8298
5076 9455
5503 8769
6022 8388
4590 9899
5804 8682
5845 8602
4814 9630
4977 9262
5992 8204
4624 9589
5375 9105
4683 9508
5707 8507
5797 8659
4208 9991
5770 8690
4465 9738
6058 8401
4947 9263
5551 8750
5167 9129
4423 9933
4808 9539
4929 9420
4975 9441
4636 9619
5680 8612
5780 8449
5898 8363
5559 8724
5994 8397
5608 8768
4805 9577
5902 8354
4984 9430
4888 9389
5263 9015
5252 9023
4467 9928
5168 9099
4609 9661
4414 9857
5978 8421
5419 8939
5585 8721
5697 8576
5995 8365
5575 8713
5455 8833
5448 8857
4584 9785
4594 9766
5655 8642
4765 9546
5731 8632
5181 9186
5385 8939
4468 9875
4320 9994
5721 8626
5019 9334
5804 8514
6135 8217
4878 9469
4680 9659
4911 9433
6086 8252
4514 9823
7459 9507
6714 8763
7297 9348
7827 9881
7840 9900
7868 9897
6213 8275
6764 8823
7028 9064
7598 9648
7725 9739
7423 9424
7863 9862
7176 9269
7382 9365
7819 9928
7550 9530
7195 9310
6368 8357
7855 9961
6625 8617
7656 9633
7361 9357
6449 8572
7240 9245
6321 8420
6210 8222
7750 9762
6770 8728
6870 8891
7402 9368
6577 8647
7000 8993
6257 8204
7340 9261
7479 9653
6737 8914
7120 9046
7616 9549
6651 8565
7897 9805
6336 8277
6477 8667
6707 8869
7021 9205
7353 9248
6145 8348
6510 8691
7505 9679
7681 9886
7234 9442
6297 8250
6876 8826
6511 8649
6836 8734
6831 8733
6630 8530
7561 9521
7816 9776
6653 8516
7113 9075
6559 8482
7585 9503
7881 9737
7104 8966
6710 8957
7573 9561
6907 8756
6151 8407
6619 8458
6173 8389
6474 8598
6442 8692
6606 8465
6160 8399
6523 8603
7717 9934
6304 8268
7320 9335
7397 9226
6487 8632
6187 8409
6828 8792
6548 8545
6383 8217
7050 9073
6924 8716
6680 8986
6911 9207
7645 9428
7130 8917
7428 9239
6409 8209
7503 9297
6552 8382
6910 9174
6804 9148
6221 8550
6990 8803
6155 8484
6251 8540
7728 9991
8135 9983
8189 9924
6243 8538
6713 8960
6921 8755
6592 8443
6864 9196
7976 9750
6773 9034
7368 9613
7372 9609
6419 8276
7989 9854
6517 8254
8081 9946
8094 9936
6608 8351
7322 9675
7073 8947
7618 9360
7490 9237
7619 9371
7640 9346
6401 8282
8112 9965
6588 8408
7431 9322
7371 9638
6877 9132
7021 8729
7127 8867
7246 9529
6503 8223
6318 8656
6413 8333
7624 9289
7408 9588
7638 9297
6352 8536
6866 9050
6484 8414
8034 9971
6200 8618
6661 9110
6959 8889
8104 9780
6860 9068
7379 9585
6774 9171
6665 9147
6181 8676
6751 9118
7222 9716
6862 8970
6871 8991
7995 9970
6147 8655
7012 8874
6423 8389
7428 9436
6202 8675
6593 8224
7394 9472
7459 9408
6833 9044
7005 8891
6906 8982
7659 9222
6248 8605
7450 9452
6783 9093
7490 9407
8064 9602
7954 9502
7814 9354
7184 9757
6363 8917
8093 9613
7411 9958
6206 8747
6576 9126
6386 8932
6633 9215
6802 8324
7860 9379
7991 9515
6220 8784
7318 9867
8061 9565
6257 8787
6797 8363
6489 9087
6187 8704
8111 9602
6322 8834
6567 9109
7058 8616
6676 8239
7979 9495
6364 8931
7334 9959
6554 9170
7856 9468
7146 8615
8045 9506
7789 9277
6982 8471
7910 9395
7404 9908
6935 8527
6933 8522
7061 8676
6256 8708
6300 8936
6952 8543
7943 9598
6851 8377
8098 9693
7538 9997
6327 8758
6346 8783
7143 8545
6738 8405
6970 8627
7871 9268
6538 8961
7762 9439
7126 8519
8045 9727
6822 8244
6788 8215
8052 9696
6233 8910
8043 9713
7290 9952
7278 9973
6411 9133
7339 9740
7085 8458
7764 9470
8006 9704
7766 9447
7197 9896
6685 8359
6932 8671
8187 9525
7739 9460
6672 8384
6849 8210
7736 9451
8152 9478
6159 8943
6938 8698
6988 8623
7329 9797
6222 8872
6214 8878
6784 8296
6623 9012
8107 9543
6989 8608
6872 8233
7761 9378
7172 9968
7692 9467
7276 9872
6601 8906
6319 9131
8055 9331
6672 8470
8101 9390
7425 9740
7606 9915
6667 8453
7761 9566
6771 8547
7721 9532
8178 9445
7801 9582
7072 8380
7900 9716
6486 8828
8128 9454
7935 9681
6204 8972
7111 8438
7977 9247
6258 9029
6306 9113
8117 9353
6608 8942
6858 8587
6229 8980
7434 9803
6942 8283
6477 8712
6799 8649
8126 9463
6245 9004
8190 9388
8042 9273
6745 8460
6202 9071
6595 8853
6809 8645
6564 8897
6468 8738
8015 9254
7453 9847
7590 9932
7699 9592
6157 9057
7642 9911
7505 9761
8021 9255
6531 8950
6157 9083
6232 8992
6577 8910
7906 9570
6861 8524
6235 9182
7056 8213
6289 8983
7688 9615
7643 9815
6937 8342
7108 8276
7872 9553
7674 9837
6533 8732
7992 9383
6616 8775
7662 9806
7141 8261
7626 9839
7806 9691
6882 8527
7758 9724
7112 8314
7912 9563
7784 9692
6599 8831
8040 9427
7488 9979
6619 8806
8110 9327
7044 8261
6966 8436
6428 8926
7716 9702
7528 9903
6599 8735
6905 8480
6293 9032
7549 9891
7057 8305
6382 8973
7950 9447
6471 8875
6712 8660
7986 9411
7479 9926
6869 8482
7974 9438
6614 8751
7725 9684
7931 9473
7789 9619
6761 9837
6319 9384
7278 8297
6234 9298
7378 8412
7837 8850
7456 8498
7843 8884
7335 8382
7738 8737
8120 9113
7375 8426
7506 8564
7895 8953
7977 8984
6858 9976
8169 9178
7772 8804
6543 9651
6707 9843
6616 9631
7206 8301
6644 9637
7839 8907
6223 9236
6572 9712
8041 9012
6729 9771
7644 8638
6627 9605
7358 8409
7906 8847
6209 9262
7568 8673
7701 8801
8004 9009
6508 9492
6560 9694
6287 9231
6152 9355
6379 9326
7964 9114
7744 8903
7925 8825
7365 8267
6779 9963
7892 8773
6482 9670
6377 9342
7601 8489
7641 8515
7534 8688
7354 8228
8088 9019
6225 9460
7929 8798
6840 9759
7993 9107
6657 9898
7654 8525
8047 9152
8079 9017
6527 9666
6366 9246
6602 9483
6266 9404
8051 9144
7217 8417
7693 8925
7737 8943
7767 8832
6782 9895
7425 8669
6503 9656
7218 8402
8009 9128
7939 9185
6573 9545
6838 9810
7442 8693
8097 9030
6411 9697
8163 8968
6298 9329
6387 9246
7371 8250
6687 9961
7463 8656
6484 9645
7930 8704
6846 9795
6351 9265
6365 9694
6513 9332
6501 9314
6532 9347
7777 9067
7317 8600
7017 9828
6617 9421
7348 8609
7124 9922
7543 8299
7292 8544
8060 8802
8013 8786
7471 8205
7800 9053
6435 9220
6587 9372
7022 9801
6167 9510
7440 8227
7877 9203
7063 9898
6978 9731
7127 9875
7733 9072
7069 9943
6254 9506
6388 9657
6971 9846
7083 9957
7900 9094
7634 8334
7094 9962
6219 9494
7277 8456
7373 8613
6639 9348
8003 8744
7111 9910
8058 8712
6358 9637
6777 9986
7842 9177
7927 9096
7852 9005
7768 9179
6279 9476
7523 8422
6414 9352
7719 9134
7757 9153
6496 9453
7897 9044
7394 8567
7727 9145
6974 9894
7432 8336
7471 8374
8188 8802
7591 8193
6570 9228
7785 9154
7068 9772
8087 8740
7091 9728
7559 8242
7909 9048
6958 9873
6573 9327
7871 9084
7180 8651
7831 9055
6984 9856
7671 8253
7298 8520
7525 8373
8180 8743
7346 8554
7101 9826
7559 8293
6406 9445
7475 8406
7865 9040
7676 8214
6434 9423
7486 8398
7203 8657
7509 8359
6594 9264
7521 8341
7937 8951
6450 9418
7578 8290
7480 8385
7794 9102
7299 8575
6913 9474
7785 8292
6201 9783
7537 9061
6739 9285
7372 8922
6867 9420
7689 8232
7330 8838
6934 9534
7095 9629
7255 8827
8036 8521
7755 8292
6312 9882
6355 9953
7405 8927
6884 9425
7196 8746
6687 9255
6829 9364
6899 9417
6154 9777
8145 8601
7855 8423
6677 9308
7586 9199
6238 9744
7179 8795
7145 9651
6743 9225
8038 8504
6989 9490
6686 9340
6693 9287
7182 8811
7020 9481
6805 9459
7122 9658
7664 9114
6951 9545
7214 8769
7415 8856
6175 9840
6356 9892
6785 9456
7185 8804
7920 8325
8095 8679
6961 9546
6660 9336
6848 9283
6660 9344
6144 9865
6218 9920
7172 8847
6296 9747
7826 8221
6722 9426
7574 8960
7962 8579
7014 9671
6185 9861
7619 9077
6898 9290
6340 9853
7743 8324
6335 9729
6747 9444
6981 9604
7468 9198
6212 9871
6987 9607
6779 9397
7177 8920
7617 8979
6278 9812
7738 8425
7171 8919
6190 9977
7426 9173
6685 9413
7581 9028
7416 8738
7824 8268
6744 9349
7104 9502
7487 9184
8118 8532
6905 9224
6158 9980
7418 8713
8041 8604
6941 9701
7334 8799
7481 9157
6385 9743
7944 8200
7621 8900
7333 9126
7497 8783
7530 8812
7963 8220
7259 9043
6675 9497
6916 9231
8063 8303
7421 9195
7286 9069
7279 9073
7129 9415
7440 8758
8040 8262
7636 8954
6719 9486
6923 9274
7010 9296
7478 8705
6716 9478
7539 8753
7976 8301
6621 9878
7052 9415
7528 8740
7614 8944
7257 8983
7588 8938
7101 9449
6476 9753
6991 9238
6898 9643
8150 8332
7260 8962
7455 8829
7057 9458
6548 9975
7795 8472
6458 9813
7748 8500
6753 9493
8149 8352
6862 9659
6916 9337
7422 9088
6823 9688
7368 9028
6759 9706
7389 9037
6868 9536
7387 9038
6777 9711
8132 8280
7435 8854
7510 8905
7480 8856
6808 9531
6512 9941
8096 8198
7857 8473
6942 9396
6429 9911
7216 9115
7547 8919
7062 9272
7362 9075
8167 8278
6697 9626
6972 9349
6487 9964
6433 9884
7951 8368
7704 8665
6441 9966
8172 8229
6644 9760
6516 9889
7247 9112
6492 9863
7217 9194
7245 9133
7839 8560
7143 9232
7514 8865
