100 107
44 46
13 15
64 66
96 99
48 51
13 14
89 92
75 78
3 6
25 28
48 55
32 39
39 47
80 89
84 94
71 77
20 24
64 78
17 30
70 86
6 22
41 56
14 29
68 80
65 85
69 81
42 63
35 53
75 92
67 91
43 49
33 58
8 20
33 60
2 31
47 50
46 49
66 93
73 86
65 97
4 38
26 62
12 40
7 34
14 40
21 60
19 56
22 57
27 44
28 37
23 45
31 36
7 59
15 51
1 61
10 52
28 34
92 98
11 52
9 54
18 45
24 88
25 90
17 85
36 96
10 79
31 89
2 74
23 95
11 64
40 99
25 84
9 70
16 95
29 77
18 67
8 90
1 82
27 79
55 98
5 83
54 97
12 91
21 76
19 72
3 88
5 89
26 69
4 100
50 82
59 94
42 76
53 68
37 87
16 98
58 73
57 74
32 83
34 86
57 77
43 93
62 72
38 81
30 100
61 71
63 66
41 87
