1000 1005
100 101
129 130
561 564
562 567
473 479
921 927
713 719
681 686
833 838
657 665
70 79
615 619
7 10
772 777
356 362
401 414
332 348
302 319
814 829
111 124
832 854
68 82
749 757
774 799
578 600
236 247
709 729
385 413
326 346
966 984
591 592
264 279
896 928
603 635
654 684
258 288
260 295
795 831
322 359
715 749
514 555
138 163
461 487
93 118
919 956
449 493
735 752
541 562
217 233
838 886
449 496
465 482
23 35
652 697
21 34
393 446
459 508
386 442
607 612
387 440
72 115
597 617
541 544
186 250
557 621
145 213
668 729
694 755
142 203
1 68
278 336
825 883
422 492
938 992
571 625
170 230
412 464
54 120
948 997
394 472
910 989
134 210
165 240
898 983
155 205
818 874
534 588
699 737
35 120
688 751
159 255
424 458
523 617
565 595
5 99
400 502
130 229
387 491
278 383
304 345
905 995
141 227
154 232
407 484
410 495
397 507
286 361
34 90
42 82
140 245
788 877
274 361
258 380
158 224
289 417
798 926
514 640
304 435
569 700
776 909
521 652
340 466
67 197
846 968
12 132
560 696
857 979
16 156
536 661
112 254
594 733
32 176
282 395
595 705
822 932
880 995
811 952
809 957
119 226
804 946
524 666
84 195
354 501
8 159
597 706
334 470
271 405
91 192
370 489
268 407
40 179
330 471
81 206
517 677
543 703
770 931
14 172
572 670
795 952
634 732
564 658
810 908
821 915
375 478
608 714
871 972
26 177
27 183
825 916
28 177
124 210
64 239
365 477
276 420
556 669
123 201
72 250
50 128
294 404
584 764
2 182
318 395
544 662
73 240
279 430
64 252
103 219
625 719
530 685
894 961
622 721
346 485
881 974
344 408
773 965
530 723
125 191
342 402
879 939
262 451
549 739
791 976
893 954
535 733
307 505
299 480
873 930
587 647
553 743
22 216
537 726
584 647
549 746
267 452
301 482
337 384
598 644
31 204
608 692
633 684
78 155
870 945
296 496
378 419
893 935
796 962
122 165
30 193
605 642
267 490
869 903
631 660
294 453
843 942
852 947
613 655
887 925
820 991
871 907
835 943
61 208
527 736
104 135
815 960
121 137
827 971
834 947
289 464
297 475
835 950
77 186
626 650
552 722
366 404
307 456
849 941
19 238
29 227
57 199
48 206
577 702
641 897
247 503
65 321
13 268
112 371
735 988
695 948
609 866
46 298
601 863
211 468
589 842
587 832
605 849
85 344
55 313
580 853
69 343
702 940
637 878
95 331
691 934
44 314
528 775
565 812
62 292
693 942
566 810
149 392
1 284
96 382
638 864
680 951
621 882
570 794
656 945
512 801
593 882
577 866
87 372
208 500
187 414
633 860
45 264
30 313
698 925
521 800
567 798
239 453
15 293
107 327
537 820
105 324
212 506
576 879
47 287
246 454
616 857
529 800
153 427
255 460
753 962
96 340
100 349
582 895
66 376
515 828
758 950
634 827
158 479
546 867
594 785
591 779
117 305
744 941
722 922
750 934
585 769
12 325
51 377
627 824
188 503
113 316
201 391
45 355
94 273
596 772
202 411
62 364
122 297
219 392
519 851
36 368
548 883
214 398
253 421
670 966
550 892
249 422
542 833
153 504
575 862
613 775
615 773
179 465
748 911
740 909
531 888
69 302
181 473
765 913
568 852
576 813
171 452
539 875
718 958
656 993
115 257
704 949
235 412
754 906
106 272
71 317
682 977
107 272
243 371
58 445
766 886
693 831
696 818
236 358
117 510
579 975
532 920
73 455
164 298
522 900
620 994
83 476
254 364
203 345
52 423
651 792
21 385
103 497
53 418
646 785
184 303
121 480
37 444
671 774
715 850
645 796
524 917
40 433
570 928
231 379
225 381
718 848
651 788
668 828
724 884
763 856
745 845
79 491
745 844
67 486
17 436
63 409
78 488
663 817
23 432
765 853
671 823
56 401
676 783
532 953
2 428
678 776
168 262
632 982
199 360
26 437
194 368
628 967
705 885
747 863
189 265
734 873
135 318
185 256
229 351
244 334
95 485
752 844
151 299
736 860
559 915
173 272
92 481
603 998
157 290
226 291
150 341
526 970
39 481
694 881
44 484
238 292
606 916
77 391
538 976
63 500
513 972
516 970
193 273
760 808
766 815
209 261
20 448
516 977
57 492
687 890
53 483
520 990
228 306
109 442
161 374
99 443
640 858
214 269
672 891
641 861
196 283
681 840
66 416
174 332
81 436
41 460
139 365
134 353
573 981
580 940
205 293
650 867
659 889
737 781
46 448
18 509
55 455
720 802
89 426
39 468
220 303
59 463
708 816
188 328
146 358
174 347
716 826
730 813
92 427
551 989
211 296
13 497
575 963
610 924
9 520
8 522
194 704
224 740
110 619
309 819
10 515
383 885
167 685
114 632
410 919
90 599
11 517
426 933
339 834
428 958
151 643
167 691
42 572
131 667
263 797
195 728
467 968
300 816
354 894
413 897
504 998
510 991
164 646
148 695
220 767
431 907
58 542
101 579
400 950
192 743
348 891
319 789
152 690
441 917
7 554
363 837
499 988
231 727
509 973
430 926
138 699
386 944
277 806
325 880
253 712
25 556
216 751
311 783
252 710
369 842
435 911
447 898
38 536
474 996
271 817
323 892
141 717
133 711
152 730
144 725
160 742
376 830
305 888
173 742
502 957
218 662
88 534
180 762
256 846
327 791
169 760
506 937
33 628
281 847
245 674
402 965
143 726
329 784
49 618
338 777
451 927
149 713
6 602
478 899
184 741
350 768
311 872
353 769
429 974
59 607
76 552
450 935
274 884
341 829
139 739
315 850
333 807
4 623
355 781
419 979
266 890
111 543
420 982
86 547
499 901
225 663
379 780
425 990
132 764
38 606
501 908
349 807
343 811
3 639
486 922
241 653
198 698
450 959
441 964
287 865
335 975
91 731
48 688
161 545
105 747
323 960
457 845
248 636
336 981
351 986
367 999
275 923
333 967
244 638
215 604
261 905
163 559
22 667
440 822
403 797
9 664
175 574
74 728
320 978
472 843
196 592
477 841
246 610
285 904
439 802
461 859
260 924
508 869
469 847
397 790
14 659
145 527
93 707
446 801
265 918
27 697
498 854
18 692
187 531
384 808
438 799
228 589
207 614
94 756
424 770
36 648
242 604
218 629
495 861
396 824
429 793
213 611
19 676
133 573
123 707
61 644
56 643
162 540
24 679
489 809
242 563
363 938
339 913
32 738
98 673
50 758
300 996
118 700
423 877
104 675
189 630
86 666
89 660
249 566
352 943
215 519
20 709
437 865
172 634
150 590
126 678
54 750
232 561
31 710
47 757
198 540
382 930
433 878
185 601
505 793
137 616
49 720
171 586
462 812
490 782
178 599
324 929
136 622
207 550
127 661
24 754
312 978
462 805
202 545
200 547
157 630
457 805
270 994
352 912
5 756
312 969
183 582
136 635
295 980
335 955
469 803
380 906
356 914
147 612
222 553
375 896
357 914
475 803
321 953
37 732
42 723
33 731
366 912
88 679
131 636
16 786
176 946
75 840
301 558
200 973
109 874
373 626
396 642
421 683
306 546
374 614
357 629
309 548
257 528
322 598
444 680
337 581
388 657
425 703
142 920
168 944
498 744
511 741
290 574
431 689
276 523
467 753
190 923
160 902
393 687
76 875
317 533
146 954
330 611
381 596
326 620
454 748
398 677
74 870
11 806
116 858
126 848
389 682
507 724
102 855
280 557
405 672
140 955
377 590
266 560
98 856
181 904
148 937
456 759
269 588
342 535
360 554
41 876
237 939
235 929
282 593
270 581
494 675
275 578
411 714
459 665
291 624
438 738
310 609
222 902
3 859
434 746
97 826
43 887
87 778
415 706
80 782
511 673
409 761
128 992
369 529
230 903
406 755
432 727
127 786
197 936
80 830
182 985
119 792
466 674
372 512
65 821
25 876
243 901
458 701
60 836
217 931
162 984
241 906
28 864
154 997
350 734
144 784
180 823
143 779
51 951
209 855
156 794
102 993
390 513
315 690
434 568
347 721
204 839
288 686
373 763
263 649
84 987
4 918
147 768
390 533
60 936
320 725
284 649
83 964
488 624
70 986
362 759
85 971
471 631
389 551
234 841
125 985
113 983
416 518
97 969
259 683
280 689
166 780
107 961
408 563
338 767
190 787
316 658
116 987
172 771
212 868
447 526
6 949
157 808
443 525
223 872
29 933
470 618
248 839
388 571
314 645
310 758
166 868
331 648
129 836
329 655
233 814
399 583
251 819
308 761
114 959
285 723
221 787
328 664
169 889
277 708
281 717
241 804
415 586
170 895
286 712
359 701
283 711
52 1000
221 771
110 910
474 569
463 555
418 583
237 778
445 602
15 999
108 900
106 899
493 518
406 637
191 851
483 525
251 789
75 932
175 862
367 669
476 558
378 654
494 538
394 639
108 921
178 837
308 716
259 762
17 1000
417 600
71 956
399 627
487 539
234 790
403 623
439 585
370 653
43 980
