100 115
6 7
30 31
68 70
41 45
19 22
8 13
24 30
19 21
50 58
37 44
53 57
1 13
80 95
77 93
69 85
47 62
69 87
47 61
2 22
74 94
73 92
14 25
39 63
67 90
74 83
32 57
71 93
36 63
3 24
1 26
12 16
76 81
14 16
6 25
67 92
11 42
23 54
2 38
23 51
29 56
8 33
8 37
13 60
23 38
82 97
4 55
86 96
5 61
10 50
17 40
10 48
9 53
12 49
28 33
3 62
21 40
10 52
29 35
20 42
19 82
35 97
38 100
19 80
11 78
9 65
26 80
13 65
28 81
15 65
5 84
15 94
49 99
18 64
8 90
31 74
10 95
54 96
18 75
21 79
4 89
23 74
7 88
20 75
55 85
46 76
50 80
43 72
37 65
58 95
59 94
59 83
32 72
36 78
37 73
43 70
34 77
52 91
50 66
39 87
21 100
48 66
17 98
40 91
44 89
41 95
27 99
56 64
60 68
38 94
27 98
34 88
46 84
40 82
51 79
45 82
