100 112
88 89
25 27
9 10
58 62
89 92
97 100
16 24
87 95
17 24
86 95
39 45
23 29
64 74
66 73
7 12
85 94
22 26
35 45
4 10
87 89
34 50
40 56
41 57
43 59
42 59
75 89
3 16
65 82
36 55
70 85
5 17
75 95
33 52
79 88
79 87
76 84
3 26
6 31
37 60
2 27
77 86
12 23
78 83
71 90
17 49
29 62
5 32
19 54
11 44
75 99
20 61
77 96
31 49
15 32
27 52
1 49
21 36
30 44
22 34
25 47
20 46
15 51
8 52
28 33
8 53
2 60
1 63
13 50
6 71
37 100
18 81
28 90
27 93
2 68
2 69
4 67
31 84
14 66
47 99
18 94
19 67
17 65
53 97
54 98
13 87
7 93
11 80
21 73
31 65
30 65
42 74
61 92
38 68
51 80
58 95
39 78
9 96
56 82
38 76
14 98
43 70
63 81
46 64
52 68
41 91
48 69
35 91
48 72
49 75
40 83
57 68
55 72
