100 119
10 11
18 22
3 6
9 12
26 28
91 93
3 4
33 41
81 91
7 13
87 92
84 90
50 61
6 9
3 12
42 59
36 54
1 18
45 57
34 55
36 51
41 49
44 52
43 51
8 17
47 54
33 56
76 82
47 48
6 25
68 91
6 39
14 43
23 50
27 62
69 99
13 43
15 40
24 63
17 54
16 58
8 36
77 99
9 38
80 96
5 53
31 44
19 39
30 42
84 96
81 100
82 100
19 37
3 52
23 46
90 97
2 66
20 85
1 71
7 64
31 88
29 90
12 68
25 83
11 64
42 97
15 67
2 78
29 81
5 72
42 100
30 81
8 90
21 70
10 94
22 67
24 78
54 96
28 75
26 66
14 87
4 94
12 86
16 75
29 70
9 84
20 73
61 96
60 98
21 74
27 68
56 92
37 65
40 77
60 89
58 95
53 80
35 69
63 89
32 71
46 73
55 93
51 95
45 65
8 100
34 79
62 83
59 85
35 76
43 91
36 84
57 72
51 68
29 100
30 100
48 74
30 98
49 79
38 88
