1000 1001
462 463
356 357
298 299
220 222
4 6
116 119
796 799
841 842
648 652
369 372
59 62
145 148
912 917
816 822
835 837
155 156
561 566
597 605
51 58
678 687
615 622
257 267
16 26
160 170
772 782
513 523
581 591
66 73
276 280
481 493
327 331
178 191
436 441
869 872
594 604
721 735
945 959
686 702
811 827
905 920
868 885
518 532
291 304
840 859
258 278
13 25
364 376
718 730
2 23
418 439
843 862
41 63
709 723
608 631
897 918
303 310
655 662
878 887
866 891
141 151
104 114
64 90
750 757
577 602
173 177
235 246
392 405
675 700
908 915
152 184
586 618
725 757
515 546
773 804
771 802
457 490
153 186
519 548
14 42
414 442
400 436
199 226
863 890
780 809
74 108
65 103
522 556
652 682
271 296
586 621
719 743
77 100
67 106
790 831
20 62
73 99
281 307
67 105
712 738
599 637
323 360
342 381
669 694
776 803
78 98
863 883
644 680
964 1000
587 615
207 226
69 104
543 562
76 98
578 620
8 39
706 749
649 697
731 745
660 678
285 297
146 166
840 892
474 495
71 112
710 753
832 889
519 574
133 184
394 439
705 764
214 232
515 573
260 315
328 375
658 685
591 624
428 492
386 450
783 846
830 895
422 484
428 494
26 88
911 973
28 95
313 378
14 77
896 963
563 624
135 195
175 235
388 448
530 598
789 849
407 466
17 84
261 320
824 893
554 623
804 865
904 973
799 857
266 333
409 478
148 211
812 875
137 193
265 321
170 227
573 628
654 711
179 249
282 336
165 238
924 983
921 978
788 856
902 970
656 732
178 252
288 367
56 119
903 968
447 495
795 843
819 867
176 225
34 115
945 992
563 610
672 754
259 336
136 219
13 89
575 619
532 577
676 754
55 111
12 84
655 727
923 962
957 996
522 592
550 636
527 596
947 1000
437 489
425 500
900 986
164 251
274 370
390 487
267 362
560 594
651 745
543 637
665 762
783 875
158 251
390 483
29 123
941 971
404 499
551 576
57 81
438 479
304 345
144 250
646 748
775 877
19 120
24 115
907 999
809 836
426 452
295 329
518 616
690 732
17 126
958 977
663 760
445 461
292 340
677 725
553 600
787 866
270 380
19 97
182 196
778 888
571 584
188 200
822 834
800 852
314 335
292 337
775 882
312 334
183 206
294 351
808 851
405 491
827 837
409 486
565 692
123 249
285 415
365 494
37 166
370 497
37 161
839 963
613 736
374 496
512 647
606 729
272 408
309 445
127 247
30 150
828 948
638 758
826 946
122 243
623 741
538 657
48 189
80 222
5 139
600 726
529 671
381 498
311 440
524 643
777 902
846 961
851 988
513 654
330 474
769 913
288 433
274 387
565 676
531 642
607 717
570 680
103 244
777 922
100 240
86 194
512 660
629 737
514 663
124 234
371 485
60 171
793 910
38 190
318 422
53 172
625 744
636 742
836 991
311 427
559 691
33 188
94 195
373 488
107 245
281 391
628 747
830 929
71 231
49 145
264 424
306 403
316 413
338 499
888 985
308 406
807 901
44 143
45 137
523 685
325 482
44 133
893 980
892 981
625 728
780 934
320 491
54 154
784 956
284 434
5 171
793 951
781 930
552 664
814 927
362 472
575 653
874 984
770 944
538 681
580 752
572 648
85 227
298 412
782 952
590 761
118 206
263 446
608 729
556 662
626 713
603 736
785 941
794 934
572 640
583 761
347 484
375 456
109 172
354 419
256 450
1 197
789 976
101 163
801 999
35 228
7 207
361 417
569 753
268 453
363 417
567 765
516 712
812 992
540 720
555 742
576 653
79 129
2 204
8 198
546 748
287 464
588 643
612 683
622 673
91 139
351 399
835 915
844 925
92 142
558 764
312 492
322 406
590 666
40 253
823 994
534 707
534 704
617 702
630 673
309 493
63 231
317 487
349 391
36 255
61 230
528 715
873 946
256 476
868 952
889 932
382 416
18 204
325 411
261 475
365 434
93 130
369 430
521 726
21 245
50 210
638 670
364 397
30 255
11 233
550 708
768 995
558 717
894 922
833 932
27 253
262 480
829 986
113 153
831 983
578 682
112 154
821 991
55 220
82 190
817 989
803 975
602 695
620 641
878 896
815 961
849 958
32 208
516 756
811 987
595 674
32 210
841 954
887 899
585 701
545 724
293 467
854 928
290 469
324 435
581 690
895 903
848 938
613 671
377 389
121 132
838 955
553 727
117 138
341 426
279 488
592 687
635 644
66 322
583 839
121 376
99 354
94 348
739 993
61 318
667 927
683 942
714 975
18 276
632 894
89 350
15 263
169 416
48 313
216 465
162 424
57 307
695 957
659 920
87 347
588 832
681 933
658 926
52 314
20 283
149 410
146 386
688 928
630 870
113 352
131 402
589 860
714 987
10 280
201 475
612 886
75 344
564 807
526 797
173 441
569 813
159 394
217 463
181 419
165 435
194 468
215 448
554 818
693 940
101 383
710 989
21 265
661 905
182 427
542 768
582 856
525 787
106 330
517 805
684 909
167 389
228 454
105 331
694 916
76 367
242 465
549 774
544 772
180 401
248 477
168 398
762 988
128 423
709 994
41 257
528 824
140 421
64 361
631 862
737 968
246 476
34 264
677 911
142 421
163 399
598 890
649 933
675 910
579 877
603 885
96 335
607 879
634 842
744 984
175 414
759 966
28 302
24 300
549 785
56 269
582 881
621 858
117 333
75 371
52 270
72 372
22 299
647 953
642 956
540 860
758 951
562 883
766 959
704 898
180 496
43 366
747 942
755 950
233 431
6 321
50 373
544 871
734 921
31 343
533 861
541 853
88 273
51 377
202 385
122 305
157 470
116 319
127 308
15 323
9 327
749 931
574 881
593 798
12 348
54 358
763 939
125 300
524 861
713 923
72 283
633 810
7 339
229 433
767 939
614 819
236 443
68 284
699 995
202 403
198 415
151 461
520 850
224 443
152 451
223 387
526 850
669 960
215 392
22 329
715 916
614 825
138 490
135 486
767 926
751 909
537 891
570 857
167 451
254 410
219 446
134 483
755 918
162 452
192 423
752 919
536 880
611 779
751 901
551 845
698 977
236 384
160 460
33 332
95 305
169 455
705 943
633 790
610 786
587 826
40 346
108 286
223 429
248 395
247 388
46 349
724 935
79 315
547 855
217 431
711 944
537 865
155 482
174 471
703 966
668 997
230 412
109 278
199 444
193 442
634 769
241 396
181 456
539 869
679 985
698 965
665 998
158 286
664 792
697 825
70 455
254 383
38 420
45 430
520 907
29 408
39 418
597 976
689 823
579 965
722 852
168 303
666 797
722 853
733 858
239 359
238 358
741 876
692 829
661 796
92 470
746 864
674 808
110 485
218 337
216 341
703 818
659 798
517 904
3 397
530 925
25 393
150 262
514 914
221 332
177 291
691 801
696 810
174 317
96 500
234 382
605 969
668 776
187 302
80 453
203 350
74 479
601 972
564 930
535 897
27 396
604 971
141 277
718 854
596 972
83 458
224 378
107 497
43 432
250 353
9 402
53 425
78 466
189 289
548 953
58 420
85 459
201 342
567 936
179 275
646 806
140 301
609 960
639 990
750 847
110 460
213 374
641 802
200 366
651 813
521 943
566 912
531 949
126 473
557 906
203 355
211 379
542 948
114 473
192 363
746 833
626 990
68 489
132 297
533 955
557 898
124 462
86 480
599 993
639 969
529 935
60 395
743 848
707 884
670 806
125 454
191 259
635 967
197 379
46 400
723 876
161 353
617 937
720 784
243 306
134 324
10 457
164 352
545 997
535 978
733 795
187 380
90 413
214 273
147 340
83 411
128 328
650 834
701 884
616 929
147 345
525 967
156 343
609 938
536 980
149 344
218 279
730 791
539 982
593 924
686 864
4 459
708 779
740 820
627 931
240 289
185 360
16 449
131 338
619 954
129 339
606 908
111 444
244 295
738 817
699 872
739 816
93 393
176 356
242 294
734 778
87 385
213 258
70 401
130 346
719 791
706 794
159 326
212 269
1 472
759 814
541 964
629 940
527 981
237 310
728 771
568 996
209 268
23 458
3 478
47 498
601 900
11 469
205 275
225 319
102 440
766 800
186 357
208 271
144 368
584 936
611 899
656 880
229 260
97 384
740 773
627 913
239 266
49 468
36 449
721 820
59 477
595 949
645 867
640 870
82 437
731 828
205 293
143 359
212 316
679 847
252 277
667 882
716 805
763 786
684 838
241 282
196 296
91 438
547 974
571 982
559 962
120 407
645 874
221 301
765 781
735 815
102 404
756 774
632 906
580 950
209 290
35 464
69 432
232 287
118 398
136 368
47 471
618 914
693 845
42 467
183 334
716 821
552 979
561 970
81 429
650 886
237 272
689 844
31 481
157 355
65 447
560 974
589 947
185 326
502 998
504 979
501 937
509 919
507 917
510 879
508 873
509 871
504 859
511 855
501 788
505 792
156 623
508 770
502 760
510 700
507 696
511 688
506 672
503 657
506 585
503 568
505 555
