10000 10139
6032 6035
6544 6547
5809 5810
8523 8524
7845 7852
3571 3577
3395 3401
1446 1450
1859 1871
3780 3785
135 136
6929 6942
3946 3960
9891 9905
2149 2167
2246 2256
5805 5818
5196 5211
456 464
7017 7025
6118 6143
9548 9557
5835 5841
5541 5567
6429 6461
9036 9069
6427 6458
9165 9192
4745 4783
1042 1076
5208 5247
5888 5928
6928 6968
3525 3567
3650 3688
3607 3644
4933 4969
269 289
6853 6888
2837 2872
151 186
263 296
2200 2216
6997 7013
8473 8491
5393 5411
5085 5103
6660 6704
4748 4792
2463 2474
3932 3945
21 32
8086 8096
7324 7339
9922 9973
6737 6761
2122 2162
6087 6142
8217 8224
2383 2421
9160 9204
5703 5755
3026 3055
727 746
6671 6705
1606 1656
265 329
6292 6352
8862 8922
8627 8693
7200 7270
4251 4317
7316 7390
7574 7645
9519 9570
8069 8139
5543 5609
5122 5197
5380 5460
5548 5628
9224 9305
676 757
4377 4427
7332 7408
9355 9438
8735 8777
9634 9723
311 366
6819 6911
7083 7159
8610 8703
7058 7116
6457 6503
2483 2540
9484 9580
6416 6512
7300 7396
6201 6232
1851 1882
2726 2756
3245 3279
8115 8145
3585 3683
831 861
8337 8437
6201 6236
7691 7790
9394 9428
1435 1532
2307 2404
9612 9700
2816 2921
8065 8171
5798 5837
820 856
5916 6002
3840 3950
4408 4439
8738 8786
8347 8425
3873 3924
6077 6091
2331 2412
9220 9331
6334 6340
3261 3271
7052 7158
8854 8938
413 481
5262 5363
2082 2140
6933 7062
9778 9910
5415 5539
3655 3779
9299 9429
8479 8592
1281 1425
3405 3548
7284 7398
8826 8936
7695 7836
1407 1510
3168 3323
4867 5016
1057 1210
5691 5799
1133 1266
7508 7627
6416 6543
2387 2547
5943 6039
4673 4835
9779 9872
6006 6098
2833 2996
2161 2265
4418 4585
8310 8410
2672 2781
5376 5550
1025 1201
3883 3995
856 1000
6981 7159
7503 7676
280 428
9020 9096
2316 2484
5990 6110
7474 7563
9797 9983
877 982
4162 4345
586 758
7436 7600
9240 9381
5708 5873
8012 8178
524 691
4614 4793
2417 2480
8482 8672
7779 7841
4712 4778
1089 1155
4649 4845
1577 1773
2662 2722
8196 8396
1792 1993
7022 7079
6186 6368
5164 5351
8522 8582
6500 6569
9743 9921
1380 1451
8002 8082
7961 8137
4170 4251
1373 1423
1859 1936
8248 8428
6731 6814
9026 9111
4972 5049
538 717
797 965
1354 1425
6921 7122
8043 8119
3444 3499
2132 2228
8061 8092
55 212
9543 9635
9517 9675
86 190
592 697
6720 6825
1881 1973
824 981
7722 7879
3420 3500
5455 5566
2146 2195
8826 8843
7170 7409
9499 9711
4214 4226
5417 5597
4450 4503
817 967
3951 3992
536 736
4890 5091
5397 5615
7792 7818
875 912
6724 6847
1863 1979
586 692
836 954
8823 9078
5208 5465
9223 9476
6326 6578
5327 5579
4100 4352
6288 6550
2211 2469
3631 3880
1117 1370
9386 9645
4103 4352
8391 8655
51 313
5359 5603
2081 2351
8411 8651
5700 5972
712 984
7315 7558
8199 8465
2249 2526
2684 2923
8825 9057
3134 3367
7846 8127
1542 1823
8948 9198
7343 7603
5210 5445
182 425
6698 6965
4198 4422
5205 5493
5762 6050
5886 6111
4245 4535
7783 8005
5683 5904
1763 1990
2155 2382
2224 2453
1735 2031
9254 9486
6799 7078
7900 8181
4692 4990
7179 7456
5793 6029
3309 3521
4129 4369
5209 5481
5274 5547
6222 6524
4670 4877
5842 6113
8444 8648
108 344
9245 9512
4217 4428
5663 5930
3276 3578
661 930
6377 6609
6813 7072
629 840
1276 1474
6265 6470
1750 2025
2112 2431
5145 5465
5804 6124
8901 9092
7862 8180
4176 4370
694 1013
7834 8158
3668 3858
9376 9703
5340 5531
4163 4363
3615 3926
7410 7611
1260 1445
7387 7569
7784 7971
1578 1889
4696 4884
7897 8085
7840 8173
7382 7577
4755 5058
4643 4976
2739 3040
4811 5023
3196 3369
1576 1919
6881 7094
7215 7544
5209 5379
8950 9132
1675 2007
658 974
6365 6531
3110 3448
9312 9535
9247 9598
711 932
1724 2008
7785 7949
5721 5951
6775 6929
6179 6468
9427 9652
9435 9651
1250 1418
5829 6060
4774 5071
555 834
6684 7029
5826 6059
1220 1454
8306 8476
8194 8562
4681 4921
5363 5506
3289 3496
1266 1409
2227 2502
4658 4935
7411 7558
9368 9711
2597 2898
3252 3532
7340 7637
9323 9490
6326 6604
3075 3449
3278 3507
2219 2517
1259 1386
3598 3977
8923 9043
535 927
9442 9579
7358 7479
683 807
5879 6010
4735 5104
5738 6138
6675 7042
6217 6616
2301 2415
6203 6575
8378 8495
3208 3346
7311 7445
1546 1936
4622 5012
2812 2912
5858 6015
1580 1971
2738 2861
3199 3552
2188 2323
7827 7987
2274 2370
2789 2884
1111 1526
7258 7675
6316 6414
7689 8109
5821 5913
49 404
6674 7092
8364 8459
4863 4951
5772 5924
7802 8147
2764 2917
2264 2418
2179 2344
193 365
8207 8611
1582 1923
1746 1916
4700 5101
1253 1366
8891 8974
7794 8135
582 1008
8424 8542
7377 7526
5314 5493
8336 8487
1621 2028
8894 8967
1269 1358
8 439
6253 6573
3147 3465
3756 3944
766 826
5124 5571
2239 2424
6169 6622
4681 4995
6338 6409
665 853
5348 5417
4667 5110
6774 7096
2143 2447
24 457
4718 5055
1666 1872
2054 2516
1025 1490
3187 3488
2728 2941
519 978
7799 8097
6769 7081
5746 6056
2758 2840
9378 9596
7821 8018
3297 3390
1247 1342
5821 5980
6392 6427
2714 2942
4329 4367
1677 1899
8878 9030
2748 2901
7294 7575
7906 7947
4259 4431
7711 8178
1102 1443
3083 3578
4273 4418
4826 4905
8238 8667
3093 3554
144 359
3117 3541
147 363
1729 1849
4121 4577
2570 3056
8381 8518
3251 3407
6838 6984
1200 1358
6733 7090
7534 8046
5433 5945
6371 6881
9298 9808
9361 9874
3103 3611
6448 6965
3239 3744
3408 3927
5587 6106
7672 8177
6359 6878
5544 6049
7416 7923
5389 5891
3399 3913
4596 5092
4367 4894
2269 2766
6398 6893
9304 9804
4579 5115
1120 1659
5206 5707
8458 8983
2464 3007
6383 6863
7182 7726
1059 1539
328 873
8595 9138
4445 4985
5575 6114
7258 7804
459 995
3462 4015
2321 2872
6167 6718
2334 2868
4243 4770
217 747
7350 7810
6587 7053
5353 5854
6539 7091
5298 5771
8696 9153
6639 7126
8206 8757
9367 9900
8669 9185
8240 8716
8469 9001
4362 4919
6462 6912
1284 1851
7496 8055
1151 1600
5138 5717
270 838
1058 1643
7614 8183
2059 2626
52 637
7595 8161
7310 7876
5162 5728
6649 7090
7418 7863
5456 5918
5315 5773
3332 3914
8246 8825
1277 1709
7384 7816
2120 2584
3326 3756
3098 3662
7183 7771
333 793
5335 5763
7643 8079
6193 6756
5467 5900
2348 2939
3448 3887
442 994
5611 6067
9385 9971
8497 9066
3275 3734
8532 8971
4430 4881
6437 6980
6439 6981
7261 7736
1456 2005
9407 9943
362 769
7316 7935
9464 9876
2557 2961
1328 1885
34 589
2094 2654
1087 1615
8461 9087
5334 5795
5498 5903
323 822
9338 9741
6329 6862
5381 6013
3094 3691
1146 1543
9273 9799
6465 6974
5460 5931
2118 2617
3467 3850
4 647
171 552
1293 1929
4529 4916
4325 4707
6431 7065
7351 7728
8578 8971
2164 2813
5477 6124
4209 4856
6177 6827
2117 2766
495 867
4169 4805
4604 4977
5565 5936
4279 4666
3269 3656
2458 2839
7246 7872
3233 3633
282 907
3380 4007
4317 4686
9619 9991
138 542
46 698
1533 1896
4293 4688
9276 9898
5295 5689
2166 2784
9444 9843
1426 1797
2248 2640
9290 9938
5520 5899
8354 8766
7546 8167
246 619
5596 5955
3282 3661
4208 4816
7482 8090
4114 4788
2312 2991
1312 1929
2208 2569
3260 3606
7264 7882
8323 8744
8492 9088
5589 6008
9345 9772
9265 9884
76 738
5399 6072
9236 9893
1256 1626
3273 3706
3078 3765
4588 4952
3515 3854
7647 8042
1112 1775
2220 2581
2430 3015
8263 8958
4420 5118
5582 6005
2196 2607
12 688
6216 6901
3224 3622
4485 4923
1195 1556
4490 4917
7573 8020
277 980
4479 5053
9356 9806
357 935
7277 7849
5261 5705
5537 5988
4575 4889
4443 5011
8330 8771
8412 8725
2077 2772
6618 6928
5431 6140
8197 8910
2054 2765
5414 6120
4113 4831
509 813
2258 2560
2121 2715
4405 5095
8654 8989
2525 2827
4225 4695
8198 8912
5372 5674
4201 4785
1029 1758
5626 5926
8428 8752
4605 4899
4398 5070
4519 4935
2479 2895
5553 5971
6585 7002
279 1012
4212 4752
7276 7818
226 517
1507 1803
4587 4867
377 915
3356 4087
8605 9073
7459 8141
1500 1842
3096 3830
2467 2892
2123 2747
4342 4615
305 963
1373 1967
4334 4636
8320 8819
466 806
1365 1953
125 648
3274 3644
265 1022
4241 4713
2230 2638
8313 8834
2342 3037
5259 5751
1491 1839
5347 5662
4117 4842
8558 8814
8606 8862
4372 4629
7451 7706
8480 8738
8478 8732
6280 7051
8486 8739
3475 3733
8282 9053
8392 9157
4281 5046
9723 9972
2380 2653
4516 4784
5223 6002
3320 4077
1371 1614
3433 3711
2429 2661
3559 3838
9709 9972
7648 7931
5564 5799
8476 8704
238 1010
1187 1980
3205 4005
4518 4743
7222 7959
5418 5646
1200 1940
9566 9850
334 616
6363 7165
96 839
4350 5078
4277 5021
1505 1736
5453 5735
7341 8070
2410 2631
7485 7696
2234 2964
3565 3778
188 915
3557 3797
6144 6960
140 958
397 702
5228 5983
2093 2846
1046 1829
2363 2568
7433 7742
7415 8128
8537 8803
1471 1669
2209 2973
3281 4077
2441 2740
4221 4931
6443 6676
266 565
7421 8124
4395 4714
2318 2636
477 670
3560 3755
4225 5061
1180 2009
2051 2886
8453 8768
4363 4685
3321 4031
4377 4689
3304 4000
4316 5013
9640 9956
8281 8980
3081 3910
4492 4803
2280 3000
3142 3862
9533 9839
5388 5726
8658 8832
7399 8116
307 614
6619 6797
46 886
8576 8924
7271 7994
9629 9923
6457 6759
100 773
1121 1795
7596 7887
4188 4927
3552 3715
9567 9787
2153 2829
8396 9128
7670 7827
6405 6752
7669 7826
8348 9206
8636 8918
7553 7914
393 738
4485 4846
62 850
4313 5047
1283 1648
5445 5681
2426 2574
1414 1778
1441 1750
7413 8077
6219 6963
4500 4847
194 953
1367 1579
63 834
283 614
1320 1706
4346 4984
6271 7164
2199 2836
3238 3874
8313 9213
484 609
7677 7800
9544 9933
7655 7777
6403 6789
7355 7997
292 674
5159 6063
7348 7996
9479 9871
2082 2986
6602 6727
3286 3931
7277 8162
1057 1969
2083 2992
6543 6682
5316 5969
1082 1965
2392 2767
384 536
4566 4687
8575 8933
65 986
271 660
1236 1864
2376 2773
222 894
449 608
6530 6688
9705 9803
7531 7880
2298 2910
3409 3831
5156 6028
4442 4850
5435 5778
408 563
7369 8037
169 773
6303 6962
6531 6701
4495 4641
6632 6726
4142 5022
1279 1869
2335 2732
2522 2671
7640 7789
5558 5635
2192 2855
8506 8845
5505 5688
3296 3930
5511 5692
4488 4660
3333 3769
1035 1974
4597 4680
5482 5802
5571 5632
2362 2809
6370 6945
3550 3610
7668 7729
4426 4748
8574 8889
5588 5661
8572 8886
9662 9844
1063 2028
8528 8860
29 976
2191 2910
9528 9963
5581 5657
2125 2969
5478 5810
7381 7936
5622 5667
4515 4726
9561 9871
8197 9170
6623 6664
1192 1905
4473 4768
3350 3789
5446 5789
174 881
1322 1738
5288 5962
89 955
9514 9928
6406 6884
6145 7140
5226 6029
3266 3882
8661 8764
6239 7093
6198 7132
5172 6111
2469 2638
1291 1767
3254 3928
411 628
5621 5636
7623 7734
6379 6936
3465 3709
40 989
77 952
6562 6740
1422 1657
3315 3851
9704 9745
7670 7692
5245 6022
6446 6867
8662 9686
6424 7448
530 1553
6435 7463
158 1178
6480 7509
69 1101
239 1255
8315 9333
4998 6038
578 1619
8458 9497
2963 3968
45 1080
8335 9369
8599 9612
2502 3544
4812 5843
991 1984
976 1999
8525 9581
6502 7494
4946 6007
681 1676
356 1346
6961 7958
3010 4069
4448 5447
625 1622
2538 3533
5114 6096
8562 9561
4138 5126
8351 9394
8513 9583
3041 4047
813 1794
7103 8078
9013 9991
538 1576
2770 3808
7102 8077
4350 5322
2598 3603
6492 7525
6695 7708
8568 9541
2672 3662
4459 5461
8231 9240
8425 9385
2613 3701
909 1997
6320 7410
6571 7663
8925 9883
6450 7541
6218 7171
4360 5443
7038 7989
7074 8174
4340 5307
2361 3446
6892 7843
4590 5566
526 1630
6659 7761
7028 7968
4551 5522
196 1170
4915 5989
4876 5978
4981 5933
6611 7562
8553 9520
6252 7221
8865 9979
8325 9439
561 1642
577 1562
5009 6090
8417 9405
4108 5201
2808 3737
4881 6003
8302 9229
684 1736
6460 7513
2499 3493
6267 7196
5080 6079
501 1426
649 1761
1023 1942
6693 7756
8789 9788
8252 9302
6900 7832
7084 8130
4590 5505
4461 5404
7095 8134
175 1244
595 1575
6826 7900
3014 4028
8630 9677
914 2025
6773 7688
6983 7993
8323 9469
4136 5207
2787 3740
4743 5637
4686 5837
388 1280
6249 7404
4705 5860
4561 5463
7105 8006
6182 7340
6859 7744
6762 7911
6802 7709
6824 7719
972 1885
6246 7412
1022 1901
7075 7984
8819 9952
697 1581
108 1273
4821 5709
64 1243
139 1047
333 1488
6618 7492
812 1971
2206 3134
8711 9894
8861 9791
2688 3618
4883 6064
4882 6070
8264 9453
2098 3220
342 1520
448 1383
8540 9716
4183 5372
4308 5240
4753 5693
4181 5371
4205 5314
3014 3945
266 1467
2218 3097
6158 7354
923 1839
4693 5857
6441 7581
2281 3164
593 1764
8866 9751
4123 5293
6550 7470
2494 3334
4820 5741
860 2022
6307 7193
380 1479
2105 3321
8378 9339
6650 7483
2819 4034
102 1191
4654 5871
924 1885
53 1265
6656 7877
2270 3099
8593 9556
6449 7671
4851 5689
4344 5172
5109 5945
8273 9375
2936 4022
4798 5745
8735 9935
4381 5583
2982 3956
2139 3209
2712 3659
8812 9912
2702 3674
4537 5485
4963 6071
8222 9419
3028 3841
2143 3208
2720 3703
6815 7752
2639 3736
2393 3457
6276 7260
548 1789
8911 9750
2623 3814
6955 8176
4713 5813
4273 5231
6423 7625
354 1469
81 1201
2617 3801
2862 4046
113 1168
2255 3117
6684 7934
2190 3181
738 1542
6541 7529
90 1215
2523 3390
155 1149
4909 6091
4159 5336
2414 3462
8871 9807
4566 5438
8734 9974
8616 9539
8800 9868
4902 6090
4808 5669
2254 3107
6303 7280
8584 9592
4144 5313
2515 3362
4197 5271
6629 7441
6280 7292
489 1310
6355 7209
8595 9582
2336 3106
6946 7712
6840 8122
83 1366
2997 3763
6701 7978
454 1231
655 1926
8200 9473
6248 7522
2840 3602
4512 5291
8509 9270
2680 3955
6239 7507
8652 9408
6402 7180
2108 3379
4315 5588
4741 6026
8427 9700
2376 3143
445 1196
6727 8021
3022 3802
2185 3484
6295 7554
4549 5328
3070 3819
4563 5318
6173 7435
8626 9381
2996 3757
2381 3156
4507 5248
1006 1781
2402 3199
776 1558
4220 5475
6343 7640
919 1672
2656 3908
4904 5644
8969 9772
4505 5311
2724 3970
6381 7627
8308 9555
3065 3806
4393 5134
723 2041
4137 5378
7107 7919
6747 8055
8358 9622
53 1286
249 1482
6319 7579
8691 9415
2068 3360
6992 7781
8657 9447
4253 5546
6861 8181
999 1759
948 1677
4946 5739
4897 5659
71 1405
2815 4035
2318 3123
4345 5572
979 1773
3005 3838
3002 3836
6633 7329
6445 7265
2751 4083
2981 3817
788 1627
6193 7550
6979 7698
6875 8073
386 1232
8219 9551
187 1519
2810 4001
8527 9236
4210 5417
8399 9618
112 1325
8290 9535
2407 3129
4203 5428
2257 3505
4699 5947
6511 7181
8962 9825
2523 3256
5109 5776
6182 7488
8360 9679
4464 5145
6175 7542
2408 3074
2844 3702
6664 8034
7000 7731
297 1094
6751 7983
9084 9740
2958 3837
714 1982
4905 5725
645 2035
2788 3996
8607 9446
2345 3155
4707 5913
9159 9914
4237 5618
256 1152
6485 7380
596 2001
4158 5561
9146 9782
4570 5205
735 1871
7128 7752
6764 8189
2746 3880
235 1400
2250 3422
977 1606
7027 7915
6941 7812
4711 6142
2087 3516
4141 5552
295 1210
8968 9878
947 1580
8196 9627
4440 5368
6344 7529
2101 3479
146 1329
777 1706
7014 7874
2224 3348
2570 4015
4379 5310
9003 9858
557 1927
6796 7974
855 1788
6835 7967
9207 9818
4122 5556
6237 7666
571 1931
725 1893
8449 9392
182 1287
6702 8088
6184 7582
4997 5682
301 1178
4683 6131
66 1530
2954 3635
3030 3695
922 1571
359 1246
2461 3111
3043 3673
6293 7470
6572 7184
8671 9315
6513 7373
6715 8070
6988 7921
4928 5885
4294 5497
555 2026
2632 3977
2358 3316
2180 3392
4723 6070
7005 7835
6277 7491
4544 5126
6382 7465
6802 8021
2066 3546
816 1785
5018 5715
9208 9780
8985 9941
7136 7726
6930 7874
2303 3374
8990 9935
4999 5716
5113 5677
955 1647
8507 9455
6285 7513
6448 7397
6665 8156
9180 9738
6569 7295
8252 9707
5073 5641
8205 9685
6624 7225
2416 3242
103 1468
349 1153
501 1064
6968 7896
422 1094
2950 3687
4605 5151
896 1634
5055 5725
815 1740
6387 7447
4851 5911
7131 7740
8210 9722
8436 9501
5111 5661
4568 5171
2889 3749
5089 5646
556 1987
6609 7200
7053 7807
4264 5466
6421 7399
232 1308
4663 6080
4417 5305
4965 5789
6165 7661
2101 3535
8581 9337
4798 5953
258 1277
2938 3450
6183 7718
429 1967
273 1811
2310 3842
6910 7419
8729 9247
4973 5483
2962 3482
8806 9327
2624 3145
310 1855
2896 3418
155 1680
231 1771
8743 9259
6412 7938
386 1933
4231 5783
6604 8158
4608 5138
4366 5916
8296 9851
625 1122
276 1794
4307 5834
8464 9994
374 1898
4444 5954
49 1583
2472 3976
2419 3920
7117 7662
9060 9536
6378 7884
2259 3828
4465 5974
7019 7500
161 1670
322 1898
2673 3160
2962 3512
6504 8003
210 1785
2282 3782
2644 3193
9022 9488
6922 7460
6386 7901
2374 3958
2417 3907
8779 9337
8712 9275
841 1405
220 1768
4661 5121
8983 9506
9049 9582
2870 3342
852 1389
934 1439
3010 3576
675 1176
686 1171
9206 9675
8441 9924
8417 9948
2269 3811
7144 7639
9082 9530
2099 3699
4419 5895
7059 7639
9143 9714
2831 3402
2976 3558
2894 3336
8952 9406
726 1169
363 1827
829 1397
237 1700
5097 5536
9150 9716
6663 7245
2937 3379
8711 9292
2291 3768
6210 7694
6418 8028
4725 5178
8406 9863
8204 9822
6615 8068
2255 3740
5044 5600
8242 9828
4234 5840
7094 7661
6384 7851
8815 9267
2784 3262
8249 9830
2687 3104
4234 5864
6956 7502
4891 5496
2777 3258
854 1328
4505 6143
3024 3511
2969 3569
4312 5808
8442 9875
8220 9845
2991 3526
6918 7532
5018 5616
6325 7898
783 1376
6375 7816
290 1874
2129 3616
4380 5997
2159 3614
2891 3384
851 1317
2590 3177
4754 5354
4430 5942
8309 9742
9163 9648
6282 7926
4308 5801
9176 9637
2742 3275
6573 8147
2797 3219
6833 7374
8221 9826
4722 5362
2662 3302
958 1340
2194 3601
2739 3126
2838 3472
8727 9360
7162 7539
8733 9366
918 1309
8806 9450
990 1362
8365 9760
8928 9325
16 1695
8965 9610
4854 5222
2729 3129
287 1935
4217 5867
4142 5820
4658 5280
9017 9643
5065 5468
4186 5836
6576 7976
3067 3427
4462 6134
6315 7730
6409 8080
898 1307
4168 5841
8336 9739
7032 7652
2387 4046
324 2010
7059 7436
4506 5893
111 1743
4655 5260
8759 9364
2151 3780
56 1693
6568 7949
2074 3773
850 1530
6793 7201
559 1157
8879 9221
6183 7820
8719 9378
6420 8123
2328 4023
440 1800
4719 5340
8815 9436
4368 6052
100 1744
6749 7401
9156 9586
6874 7276
2420 4035
8945 9286
6299 7724
8849 9257
2337 3997
6256 7886
2470 3864
6369 7774
9077 9653
328 1930
890 1464
6732 7311
7140 7456
42 1774
4173 5771
496 1847
4306 5653
2314 4034
6353 7705
8904 9216
152 1617
261 1996
2329 4048
9094 9547
6522 8106
6523 8111
4678 5267
4598 5923
2887 3474
4270 5752
9084 9642
4608 5336
944 1386
469 1807
7015 7613
4487 5980
7123 7432
6963 7635
7152 7440
4432 6066
281 2043
2213 3649
7044 7520
2275 3591
3040 3334
2745 3166
6932 7667
6636 7947
361 1920
607 1203
5043 5469
6988 7586
6155 7909
8770 9388
666 1141
925 1394
2150 3734
4661 5318
6919 7667
6358 7715
4538 5964
9028 9661
6869 7212
4336 5642
2298 3584
9086 9604
4315 5664
6513 8074
4756 5224
5029 5467
4208 5774
6687 7393
4843 5140
4836 5147
6736 7504
8783 9550
2291 4082
2936 3194
2553 3834
6476 7759
8699 9971
4848 5624
8756 9532
8900 9672
6548 7832
3020 3265
4930 5196
550 1335
8956 9710
6833 7587
4760 5517
3069 3307
254 2024
409 1679
8552 9855
4497 5768
436 1710
6250 8048
6976 7259
4249 6021
8454 9752
9199 9423
4321 6081
7130 7422
2132 3953
4295 6113
4632 5424
4338 6107
2864 3097
25 1842
6594 7918
8524 9824
2170 3924
8627 9857
6754 7505
2306 3639
8890 9615
2729 3487
2471 3743
2575 3383
2212 3993
8953 9671
690 1522
179 2033
730 1432
4888 5211
634 1342
8973 9289
5063 5250
2963 3284
302 1641
6394 8125
4454 5665
6262 7998
637 1333
4612 5449
4855 5560
9211 9396
6464 7695
8508 9837
7088 7395
2641 3330
4106 5977
8280 9996
7010 7222
346 1548
105 1854
4616 5457
8695 9901
696 1508
6601 7830
6796 7635
2793 3464
6440 7753
4356 5734
8801 9474
9090 9446
2653 3385
8929 9605
2592 3396
2871 3154
2665 3343
9101 9445
2786 3464
2199 4091
2948 3306
4279 6104
2543 3742
4407 5702
4766 5612
678 1493
878 1050
6570 7902
783 1146
2545 3716
6989 7221
8534 9774
4715 5394
6163 8041
4734 5378
821 1096
84 1834
5020 5347
154 1819
2902 3287
4617 5516
274 1685
6889 7521
8767 9655
2524 3669
4421 5833
4419 5838
4219 6133
4908 5282
9074 9442
5039 5183
1000 1145
6811 7434
6505 7933
5071 5210
6221 8152
2404 3825
6327 7969
37 1970
6844 7462
8718 9621
362 1782
2541 3697
2493 3617
2566 3483
8619 9780
661 1290
4782 5425
864 1216
4739 5411
8621 9741
8474 9914
3025 3184
4468 5846
4193 6082
4921 5277
2306 3748
2205 3899
6323 7957
2824 3246
2753 3431
689 1303
8470 9918
8964 9391
3034 3190
8822 9691
6440 7813
2864 3230
713 1382
8867 9491
6249 8153
41 1946
9116 9257
8918 9568
47 1945
6165 8109
6824 7440
67 2043
6680 7585
6878 7524
9106 9256
767 1349
9022 9347
385 1596
6339 8061
6253 8146
705 1406
905 1097
6433 7905
9042 9363
6456 7930
2444 3663
588 1416
6542 7755
57 2044
7126 7187
2545 3640
7105 7176
8856 9554
2971 3153
4257 5994
2204 3927
8751 9699
4862 5426
8612 9834
4772 5482
2818 3277
2669 3490
2114 3987
4256 6004
9091 9300
4734 5542
6687 7621
2451 3657
6410 7888
2289 3885
6823 7546
4359 5850
6790 7515
9164 9235
263 1752
2811 3353
2539 3593
2705 3444
4553 5678
6388 7964
4227 5995
7039 7319
4321 5896
3017 3104
2226 3928
752 1307
9182 9263
4776 5470
826 1229
6313 8030
6159 8184
8790 9647
2541 3604
6880 7449
2544 3594
308 1743
6471 7867
6980 7352
8934 9498
4979 5263
2843 3301
63 2111
5353 7400
2007 4052
4105 6154
532 2578
303 2344
455 2509
1762 3816
1006 3043
1377 3438
713 2779
6031 8092
5269 7302
685 2745
1934 3994
26 2062
5691 7727
5983 8007
5662 7686
5629 7655
1056 3131
1440 3518
170 2229
1035 3092
4244 6283
1331 3347
4101 6180
5056 7139
1144 3164
1603 3686
4879 6954
6011 8030
659 2741
1900 3908
1545 3617
1977 3987
5283 7304
4596 6623
1170 3263
367 2397
1838 3869
1185 3221
1037 3128
64 2167
4304 6376
4220 6212
5676 7700
4672 6777
886 2895
1950 4004
5676 7702
5607 7644
1457 3468
1072 3086
6130 8140
4281 6279
1451 3477
5543 7576
475 2459
93 2076
5344 7331
4735 6715
1586 3700
4968 6959
4206 6181
5453 7424
5303 7418
1717 3835
5006 7104
4607 6577
4656 6783
751 2751
624 2592
779 2905
5139 7232
1431 3524
4665 6766
5158 7295
5528 7618
1411 3544
1209 3298
4750 6869
4820 6793
4322 6333
5008 7153
1937 4080
5873 7824
70 2084
4351 6301
4429 6447
5299 7376
879 2828
4837 6784
4459 6413
414 2549
5487 7428
5320 7332
803 2893
1817 3959
951 3033
68 2091
5326 7358
4627 6755
1625 3624
4634 6763
1732 3767
216 2220
25 2157
758 2691
1697 3799
786 2916
4575 6568
1429 3554
5168 7241
1268 3215
5419 7510
771 2946
579 2754
1213 3135
6140 8062
1481 3404
4671 6841
4416 6599
117 2290
1780 3699
4448 6631
4511 6423
293 2476
479 2388
4527 6435
4431 6595
780 2945
594 2780
6076 7986
4578 6509
149 2055
4331 6264
40 2236
4769 6708
4530 6436
2008 3918
4841 6783
1504 3447
1611 3804
6110 8009
1525 3437
292 2492
6061 7991
4847 6773
1396 3567
1709 3633
5502 7649
2005 3957
1498 3451
4741 6692
899 2849
5763 7718
5776 7733
5346 7237
693 2589
5575 7535
4400 6553
117 2264
2006 3960
260 2485
5855 7788
5091 6998
5364 7235
1051 3234
5532 7462
97 2266
926 2851
5294 7185
194 2173
5667 7907
1532 3387
5270 7249
1021 2874
1192 3168
1126 3246
5811 7803
1162 3142
130 2127
6034 8029
1413 3402
1453 3426
4659 6880
1185 3189
5204 7308
610 2744
1349 3480
694 2664
1609 3735
4143 6351
4373 6644
5164 7374
298 2510
5915 8190
5878 7699
204 2090
4289 6183
4432 6585
599 2747
5882 7702
4727 6809
5828 7723
4229 6261
1780 3590
4449 6551
1092 3250
5276 7275
1584 3783
55 2240
5633 7930
1481 3382
6064 7856
1180 3485
160 2468
4155 6463
1355 3150
330 2124
5973 7772
4982 6781
5422 7205
1279 3568
1731 4044
4727 7032
762 3050
5981 7757
1034 3355
735 3020
5163 7480
5513 7322
574 2859
4549 6367
1297 3082
4371 6159
5374 7651
770 2588
1831 3640
5560 7320
4200 6472
264 2089
4795 7071
1158 3491
4862 7128
5152 7432
4480 6315
4364 6176
5093 6856
319 2065
4343 6617
1225 3558
5218 7501
1691 4020
4751 7101
4353 6195
1559 3876
1479 3315
1761 4054
4215 6464
5012 6829
1873 3691
1494 3308
4110 6452
5509 7359
4907 6672
4174 6517
5399 7211
150 2475
5020 6818
4706 7005
1673 4043
5828 8076
1913 3632
4656 7033
2032 3771
5523 7391
4885 6745
5508 7369
4690 6943
175 2529
893 2610
1754 3989
663 3014
1934 3807
314 2155
734 2956
5577 7322
1346 3089
5823 8172
4601 6318
1428 3276
388 2268
1651 3882
237 2487
4236 6614
4625 6986
5748 7976
4960 6717
4239 6639
6037 7924
737 2947
4403 6224
1106 3377
5625 7325
1636 3852
4673 6952
5266 7675
4709 6927
1003 2689
4664 6994
1147 3345
1237 3513
1104 3388
1197 3520
1254 3467
427 2245
6050 7890
1187 3537
4708 6935
4675 6964
5663 8039
598 2862
4221 6404
723 2986
350 2085
4954 6689
5795 8156
1502 3166
1846 3767
77 2508
4441 6363
5390 7306
644 2818
891 2802
1142 3583
4812 6982
1585 4029
706 2894
1066 3495
1009 2686
777 2694
4944 6849
5824 8019
2 2454
656 2821
6086 7774
5001 6672
4709 7164
4524 6197
610 3064
460 2134
5664 8122
5811 7977
1292 3216
5638 8091
4961 6908
1040 3471
1253 3397
5626 7257
5829 8038
1691 3896
4265 6415
1126 3520
5357 7499
4567 6256
4311 6512
4624 7097
4880 6842
1604 4078
5720 8179
4576 6223
4446 6380
5616 7234
1202 3329
556 2975
4525 6169
5374 7498
5831 8062
6004 7885
2021 3679
1338 3200
4940 6902
1189 3359
585 3058
991 2659
1718 3850
638 3009
4783 7023
1524 3125
1430 3159
2020 3622
4701 7070
4135 6624
97 2473
476 2070
5868 7975
5551 7267
618 3003
5075 6658
1161 3419
5756 8110
1793 3795
1329 3301
4305 6405
5186 7573
4191 6535
1267 3369
5666 8184
1535 3108
2003 3634
6112 7681
1682 3955
569 3035
534 3060
4161 6563
1961 3658
4535 6228
4294 6437
4933 6817
1395 3223
1111 3506
319 2265
5090 6666
4550 6190
1801 3811
5272 7540
1061 3529
5804 8001
285 2288
702 2896
1675 3963
506 2056
4458 6297
4669 7118
5598 7213
73 2490
5507 7287
61 2505
1520 3077
4693 7075
383 2184
4099 6651
1574 4062
209 2345
5232 7561
1712 3916
4712 7062
1135 3473
325 2234
1583 3119
88 2648
4539 7098
4476 7039
1032 3595
1801 3342
6006 7537
4910 6441
5395 7962
192 2762
5133 7681
364 2913
1766 3305
508 3052
5476 8053
5715 7234
4148 6694
1555 3072
5048 6572
189 2728
1217 3798
840 2384
1972 3501
4894 6407
4242 6795
1194 3760
5896 7444
5675 7223
1591 3114
1551 3090
507 3045
1325 3891
1549 3091
1858 3421
741 2244
4533 7060
511 3038
4526 7052
5327 7915
398 2985
1388 3909
5167 7684
5970 7545
458 3046
4597 7129
4782 6275
1779 3293
4396 6915
585 2168
6059 7578
969 2555
718 2300
5545 8090
4335 6875
5570 8185
68 2680
1646 3155
5863 7385
4344 6840
4964 6438
4332 6830
1823 3419
5238 7742
5281 7913
715 2176
681 2277
5197 7680
5713 7168
1707 3327
5971 7429
4755 6340
1941 3533
114 2603
233 2741
1774 3251
4397 7024
4239 6866
51 2670
381 2851
1213 3810
1072 3666
4585 7050
1755 3256
423 3011
1358 3882
553 2113
1598 3158
720 2232
1814 3455
657 2299
2020 3471
5535 8179
1593 3156
1251 3725
1125 3595
156 2798
4481 7154
4456 6939
1018 2446
502 2946
5402 8047
202 2748
1646 3096
4829 6308
136 2803
5766 7174
5944 7609
5461 8150
5252 7682
703 2104
4184 6879
4510 6937
546 2218
4131 6825
4890 6545
5433 8117
5460 8155
4384 7088
444 2861
1462 3879
1328 4002
5917 7567
5102 6525
1158 3602
4192 6901
1075 3755
1428 3854
4759 6157
1068 3724
1165 3628
5303 7701
6025 7466
1046 3762
709 2144
5217 7876
39 2690
6040 7487
5112 6482
4230 6700
882 2526
852 2552
5506 7982
1620 3320
5630 8018
4496 6973
241 2652
5312 7790
1708 3100
1552 3233
317 2959
1752 3183
4508 6955
902 2353
513 2233
464 2920
5554 7945
5527 7978
1747 3182
5937 7567
1843 3571
569 2296
6077 7548
1285 4039
1159 3652
1355 3983
1300 4050
1161 3649
4348 6709
5278 7764
5107 6456
4429 7046
1371 3991
5258 7748
5033 6503
4834 6189
5758 7342
5940 7652
5177 7913
805 2548
4165 6804
431 2940
5767 7252
5281 7799
4967 6576
445 2919
576 2203
4266 6769
1209 3682
43 2806
5950 7651
1700 3195
5479 8120
4619 6356
1621 3253
5834 7210
1078 3799
5862 7175
139 2666
1159 3685
5963 7593
4243 6768
1302 4085
5312 7716
5098 6414
4983 6545
185 2655
767 2073
4796 6234
5752 7327
1527 3871
5002 6498
1600 3241
911 2405
4525 6979
4532 7003
4414 7121
1612 3260
533 2277
1480 3897
6015 7564
5428 8128
1063 3792
1907 3460
794 2530
6075 7489
4303 6709
5503 8068
1004 2320
4764 6240
5474 8095
5781 7272
906 2423
745 2536
4719 6508
1921 3202
123 2931
286 2578
1858 3151
1313 3630
600 2391
1070 3902
5683 7463
4442 6735
1845 3106
259 2587
4718 6518
198 3039
4698 6467
5672 7473
5968 7244
4825 6598
4463 6734
4190 7036
580 2400
1154 4006
346 2687
5915 7228
4491 6828
4115 6971
1680 3513
1188 3983
5722 7540
5599 7919
1646 3422
1627 3434
5063 6385
6007 7233
5519 7864
448 2808
4679 6527
66 2943
5642 7479
570 2309
971 2292
1975 3317
5454 7693
5740 7464
1053 3929
6094 7307
5190 7936
463 2691
4629 6489
5342 8082
520 2372
1810 3165
4724 6459
5739 7484
255 2984
5519 7896
4288 7064
312 2657
4642 6520
4956 6151
1334 3690
1066 3959
1733 3483
5769 7638
4274 7149
4578 6845
5961 7190
1177 4092
4482 6885
554 2370
4831 6582
6135 7324
353 2572
1156 4074
719 2464
1963 3268
4340 7045
832 2100
4557 6841
298 2652
5359 8088
1568 3415
784 2152
222 2982
700 2501
5343 8102
778 2160
6125 7319
4493 6902
748 2450
5898 7285
209 2897
806 2212
1396 3824
725 2384
419 2603
1144 4081
6047 7190
560 2490
5308 7990
4618 6529
5148 8080
5033 6183
5175 8120
5949 7346
1953 3125
400 2567
1923 3099
6020 7197
4737 6424
4292 7006
4882 6281
811 2231
377 2789
4662 6571
6 2971
1673 3348
123 3045
571 2457
4698 6654
4140 7048
1173 3889
904 2094
1079 3999
5051 6162
5081 6259
843 2272
4966 6349
1685 3385
454 2667
1160 3897
70 3060
433 2563
4775 6421
5473 7892
1084 3979
664 2351
5296 7943
4521 6686
1351 3837
5160 8084
1769 3412
952 2053
1513 3625
1280 3776
4196 7077
4572 6685
632 2489
344 2717
4475 6845
5573 7683
1809 3289
1420 3648
4672 6541
5309 8048
1354 3716
5687 7653
1550 3549
349 2697
1820 3272
632 2477
111 2999
6049 7290
660 2377
995 2109
5622 7720
5830 7449
5285 8058
4594 6675
1466 3675
1509 3591
5406 7933
215 2865
5549 7755
1687 3455
1629 3508
4633 6645
1515 3589
1813 3322
5284 8011
5918 7406
1762 3347
94 2989
1430 3683
1960 3153
432 2635
5026 6233
128 2940
5463 7850
5872 7438
5458 6483
4699 7768
1471 2492
1582 2602
5772 6794
4667 7740
918 3985
1850 2866
1925 2956
1589 2622
1922 2953
714 3783
1375 2381
5200 6213
1846 2848
4263 7345
5006 8089
1118 2121
4213 7278
1294 2322
5816 6822
4952 8056
6025 7083
5899 6952
568 3611
114 3157
5430 6430
740 3790
5531 6581
1703 2696
4402 7453
1016 4040
4945 8032
646 3764
4247 7330
23 3105
5448 6526
325 3453
291 3354
252 3270
1832 2837
5285 6296
4203 7253
665 3751
1335 2313
5576 6646
1136 2097
530 3664
5017 8154
801 3938
715 3720
790 3920
1639 2607
1840 2937
4154 7280
5568 6539
5706 6657
968 3971
4145 7290
71 3082
5464 6408
5458 6401
1644 2616
5351 6321
1765 2749
4601 7585
5208 6144
5614 6583
1708 2806
797 3911
6031 7124
1222 2215
1156 2278
4171 7208
510 3482
720 3764
4147 7254
1667 2795
5189 6191
1955 3016
1840 2908
5963 6951
1466 2516
4669 7763
574 3665
4836 7819
5152 6223
5161 6232
141 3326
142 3325
782 3965
711 3763
1965 3033
835 3895
888 3853
5075 8100
80 3111
1853 2890
4613 7805
5697 6713
477 3494
5887 6787
4310 7339
1671 2810
572 3651
4687 7728
5052 7996
524 3724
4603 7551
196 3136
508 3449
525 3722
1262 2153
1720 2608
562 3771
5875 6778
4763 7697
4584 7523
778 3975
499 3454
4838 7787
4704 7920
716 3678
5273 6154
5956 7127
4715 7934
5839 6744
5948 7076
255 3175
4749 7701
4447 7622
5907 7048
5699 6879
4981 8168
4191 7360
5481 6603
372 3543
5330 6257
5046 7954
115 3285
1818 3004
2032 2903
917 3890
1308 2484
5659 6834
1553 2744
4974 8133
240 3165
4920 8072
478 3436
465 3426
4413 7560
1452 2331
821 3982
137 3127
652 3634
4592 7503
372 3509
1916 3005
1988 2823
4237 7243
6092 6923
339 3481
6003 7097
5388 6594
5650 6876
1487 2304
484 3380
5479 6579
1179 2125
5512 6495
466 3336
1021 3878
216 3079
6020 7012
4697 7869
5417 6605
4930 8103
5001 8047
786 4088
4599 7452
933 3913
4415 7634
4702 7859
4922 8138
906 3962
1694 2668
279 3556
4873 8188
1424 2409
1347 2489
5706 6836
500 3339
4869 8186
357 3169
1572 2850
5379 6149
1114 2386
5660 6935
1865 2629
5193 6488
405 3200
4761 8079
1638 2929
1646 2934
1399 2158
4924 7717
1745 3018
4262 7610
4444 7233
1103 2385
5114 7909
5064 7895
5704 7016
5323 6635
4955 7800
1978 2713
1403 2142
5870 7115
5334 6641
1131 2371
1189 2445
688 3992
4323 7626
5118 7895
4700 8053
5530 6320
887 3676
356 3151
5405 6192
4883 7741
5425 6175
1855 2574
5439 6158
5803 7066
4982 7751
564 3847
4866 7735
1248 2519
1343 2055
5540 6296
662 4008
1048 2342
1902 2606
5709 6927
1649 2866
4256 7653
4677 7939
473 3231
4991 7736
4357 7245
300 3172
1891 2600
487 3244
1910 2618
5558 6394
1948 2769
5905 6751
1432 2263
4589 7357
338 3074
988 3725
174 3580
1387 2111
465 3205
4781 8187
1205 2540
6084 6813
4645 8060
940 3829
457 3221
5116 7840
627 3886
5087 7871
5892 6756
5806 7119
596 3893
515 3936
5682 6993
5069 7848
4528 7381
5125 6496
5179 6494
741 3970
1602 2853
5487 6152
5441 6185
5555 6362
6055 6860
796 3697
5831 7081
929 3791
1751 3000
1065 2392
254 3469
642 4086
4716 7960
1500 2217
5403 6254
5812 7107
176 3527
4299 7602
173 3540
1867 2609
4484 7422
4736 8187
4539 7366
6057 6700
4275 7477
1171 2324
4163 7620
2038 2673
4105 7552
1783 2941
1823 2708
1702 2859
4327 7530
4581 7275
677 3883
4702 8145
4647 8118
4517 7229
5538 6200
1744 2892
106 3575
211 3406
992 3710
939 3637
5188 6628
1640 3019
1791 2906
5480 6350
909 3620
1337 2195
1183 2356
1249 2378
5648 7100
4564 7289
635 4053
5346 6476
575 3985
4907 7812
1211 2324
4797 7954
3 3504
5742 7133
1348 2288
5220 6608
1889 2773
4481 7220
4214 7619
1195 2332
5057 7798
4830 8039
1833 2704
5059 7801
433 3085
442 3076
1861 2695
6054 6757
4602 7218
1261 2340
5253 6478
712 3846
4657 8191
5534 6225
5518 6238
682 3961
185 3436
4786 8036
985 3599
1888 2743
1436 2116
962 3608
257 3290
5133 6614
4338 7471
985 3590
5038 7793
816 3823
5668 7108
1292 2287
1255 2307
768 3813
1543 3055
72 3491
4222 7570
5335 6459
1941 2681
5580 6204
208 3361
1792 2802
6001 6786
522 4089
5884 6920
1665 2932
1536 3063
4291 7487
6065 6732
4405 7368
4650 8148
1928 2678
5779 7020
5985 6814
4749 7310
5747 6263
4574 8154
4931 7495
315 3903
1631 2138
245 3827
1707 2221
1127 2657
4628 7187
1760 2282
4813 7366
1910 2429
5742 6240
522 3076
1214 2737
6087 6615
833 3409
5582 7134
1319 2869
937 3515
415 3981
1459 2977
1544 2076
1215 2731
1401 2924
1262 2811
4179 7750
382 3944
761 3311
1216 2776
4962 7547
1790 2276
4607 8165
1015 3564
126 3685
4438 8010
1507 3071
1001 3573
5488 7021
2017 2556
5868 6385
5929 6452
848 3407
4269 7821
4945 7536
1723 2200
1699 2183
663 3263
335 3943
124 3669
1993 2533
1448 2948
998 3528
1719 2178
4538 8076
1293 2869
526 3126
5743 6231
338 3947
1853 2308
5325 6903
374 3916
5996 6487
6053 6552
5266 6829
4310 7831
4621 7244
658 3286
5574 7043
5693 6266
1173 2770
468 3998
5440 6922
1907 2361
5024 7660
1198 2786
5027 7661
5500 6957
4648 7291
1311 2885
1462 3048
1569 2175
1330 2925
5065 7593
4610 7264
4324 7814
1211 2783
820 3410
1080 2654
5087 7607
1655 2079
4240 7929
89 3635
1380 2831
437 4062
868 3337
256 3949
1498 2987
5355 6810
267 3962
5241 6667
560 3139
5408 6996
92 3624
5892 6514
4327 7824
4552 8112
1454 3031
4478 7940
5355 6805
1856 2367
604 3292
1724 2108
1652 2293
1225 2635
4630 7314
843 3534
4389 8099
1362 3028
186 3645
4800 7239
5025 7465
5306 6707
1535 2934
488 3938
4484 7950
4392 8099
5630 7027
1400 3050
1567 2189
4791 7203
5677 6331
251 3693
180 3618
1805 2458
408 3843
619 3319
5106 7533
6082 6498
426 3851
4196 7878
5259 6696
1671 2084
211 3696
1214 2584
1119 2805
515 3240
719 3171
268 4001
1624 2293
132 3626
4145 7839
5282 6669
4710 7382
5941 6533
6083 6519
611 3290
733 3172
1385 3027
1531 2881
5274 6688
1948 2342
4457 8146
378 4038
225 3677
226 3677
871 3495
1857 2432
6016 6466
253 3647
376 4030
1830 2529
4204 7847
424 3939
1830 2550
5451 7065
4829 7177
798 3530
5099 7484
5510 7007
5832 6162
1323 3062
1880 2439
5877 6165
5291 6730
5412 7109
5760 6242
1044 2807
1565 2297
5839 6187
5242 6812
4888 7678
479 3893
1714 2137
348 4023
4827 7223
4506 8054
4763 7286
104 3718
1294 3070
982 3364
1699 2128
1047 2787
5130 6909
4193 7833
550 3294
5563 6978
4370 8171
4967 7582
1278 2564
4342 7693
369 3981
5049 7353
4559 7884
450 3782
1829 2080
1239 3039
5457 6746
5155 6959
1593 2356
196 4042
1369 2647
1727 2481
5104 7423
5791 6544
4704 7538
4098 7952
1186 2993
1759 2505
5953 6230
5782 6542
4563 7883
1594 2337
4780 7601
4913 7215
5041 7312
5710 6508
5154 6912
1249 3011
226 4032
6089 6381
581 3424
5451 6766
4181 8050
1037 2858
340 3708
1455 2694
1570 2315
5726 6516
1763 2504
1962 2177
5221 6985
863 3187
5692 6418
6103 6393
929 3217
4502 7847
4547 7922
1064 2841
5558 6791
4546 7920
195 4080
350 3693
59 3855
5958 6258
1207 2947
4878 7227
4721 7497
5476 6748
353 3675
1391 2605
708 3463
5926 6242
5694 6520
989 3222
5943 6265
525 3394
5076 7323
1944 2249
37 3952
1991 2193
980 3212
1696 2553
5889 6235
4134 8059
2047 2210
5927 6264
1645 2317
1278 2975
1274 2968
4515 7873
118 3858
5905 6261
443 3804
1326 2633
1408 2792
6047 6390
5066 7331
1483 2721
4378 7797
4606 7822
4545 7857
659 3555
534 3428
700 3529
1051 2926
5986 6170
5628 6790
5914 6241
1096 2868
1364 2601
5849 6567
1662 2304
1202 3021
1626 2341
5775 6640
6056 6184
1363 2771
983 3159
4434 7891
4644 7584
4153 8127
4330 8045
4425 7886
1448 2595
1821 2198
91 4055
617 3556
1364 2778
4853 7547
1048 2967
1074 2978
743 3446
5894 6292
729 3403
2010 2126
1142 3042
5492 6883
857 3265
5191 7133
1421 2582
5050 7206
1856 2268
538 3462
4895 7298
1815 2185
4838 7544
4941 7378
4996 7195
4987 7389
789 3250
5332 7037
205 3940
1007 3140
2013 2160
5881 6484
5309 6931
5096 7239
1406 2767
1363 2785
5129 7098
4349 8009
4404 7809
1615 2554
462 3704
4730 7617
5615 6738
381 3778
5998 6318
6078 6271
218 3867
355 3745
28 4063
470 3605
704 3331
4925 7416
733 3355
5824 6406
4504 7775
4170 8066
1844 2302
4759 7517
4113 8155
1559 2524
5280 7023
5439 6894
5600 6705
460 3615
1440 2676
846 3227
842 3231
5277 6987
1130 3004
5814 6510
1456 2666
1837 2294
710 3357
5655 6600
289 3777
2030 2063
957 3167
5672 6602
5245 7070
461 3621
5039 7236
4371 7928
2036 2073
493 3587
4639 7663
496 3586
491 3608
1033 3066
432 3653
1986 2103
1924 2161
5185 7095
1966 2137
4724 7555
4903 7391
4536 7746
5503 6786
958 3136
2873 6971
1519 5613
921 5018
437 4534
3429 7520
1506 5604
3800 7902
435 4533
2828 6917
3073 7176
3626 7712
2650 6742
3109 7211
2530 6637
1219 5329
1128 5243
717 4830
3922 8010
2357 6444
2533 6652
3019 7120
1228 5329
2342 6459
4064 8190
849 4942
2093 6194
3432 7543
3841 7968
1470 5533
331 4456
1312 5380
1803 5935
4058 8191
299 4365
2317 6442
1560 5695
3486 7609
1303 5424
2571 6691
802 4875
616 4674
1749 5887
2822 6957
2858 6918
1391 5442
2709 6843
2663 6743
2552 6600
3661 7805
1402 5450
2761 6907
671 4781
1264 5316
1071 5146
503 4546
892 4937
3191 7232
928 5015
2454 6574
967 5117
3875 7966
1674 5815
498 4556
2664 6743
892 4925
2133 6164
3672 7706
601 4634
1086 5242
3902 8058
1940 6097
836 4878
3 4175
1711 5859
1815 5976
395 4548
1631 5647
2253 6300
987 5000
1119 5132
1925 6097
1540 5712
2904 6925
2004 6018
2693 6866
474 4483
933 5116
2614 6764
1712 5866
2704 6858
1903 5940
3877 8057
148 4298
3313 7342
3160 7224
426 4555
913 5107
3553 7557
1908 5906
313 4437
1563 5748
1588 5723
2252 6332
654 4860
2335 6507
3365 7507
393 4606
548 4701
2608 6729
1103 5174
939 5074
2202 6368
2750 6852
2679 6668
1132 5136
1992 6069
557 4691
285 4451
3269 7237
3417 7641
3375 7597
1410 5377
1566 5787
2620 6837
2512 6490
1024 5258
3727 7682
2967 6938
608 4846
3636 7866
2930 7138
4070 8052
1095 5330
3072 7318
544 4794
2183 6170
921 4868
1957 5946
419 4355
2532 6469
7 4260
2320 6580
2685 6873
2882 7141
3086 7337
3505 7446
3201 7209
3581 7509
1586 5786
590 4839
1315 5517
3719 7720
112 4288
1109 5348
1420 5437
2957 6972
471 4454
3264 7283
3954 8135
3607 7841
1915 6092
1822 6057
1379 5592
1817 6052
2444 6451
383 4542
3980 8015
535 4817
3884 8160
3522 7439
1467 5494
2632 6789
631 4794
3383 7673
541 4819
2856 7143
3071 6960
1614 5790
3781 7700
1640 5817
418 4471
3781 7696
1058 5365
3144 7313
3823 7733
3561 7474
1283 5597
3345 7631
3139 7330
2803 6673
3922 8113
2782 6714
1032 5356
935 4929
392 4449
3937 8072
1204 5214
3083 7392
2388 6591
2998 7002
2092 6337
2922 7047
1949 6000
1252 5130
471 4409
1041 5345
2966 7015
1980 5967
1970 5958
1092 5296
2305 6647
3096 7394
561 4813
1341 5569
1983 5954
759 4616
1232 5585
3232 7586
168 4523
243 4598
792 4637
1895 5729
2531 6372
3752 8098
277 4126
3349 7198
2565 6921
2462 6290
2011 5845
587 4932
350 4177
14 4380
3646 7979
2508 6361
1544 5919
167 4528
326 4177
743 5119
505 4320
1579 5938
1745 6088
3967 7780
1595 5920
815 4659
2045 5857
927 4738
1039 5392
2549 6356
314 4120
3966 7771
1131 5452
98 4421
3492 7308
2495 6294
3297 7624
3721 8098
3620 7945
1401 5207
687 4993
3135 7439
1577 5912
3273 7674
580 4976
3257 7565
2107 6415
2169 6477
1862 5747
427 4252
2889 6782
2591 6951
872 4689
2260 6634
1026 5442
2616 7033
4036 7814
1596 6009
3907 7686
709 4995
2379 6157
2048 6472
2437 6348
4084 7869
2131 6430
2442 6341
3788 8093
1943 5825
4029 7911
2389 6153
1545 5975
304 4178
1286 5219
4024 7901
3049 6799
2117 6434
3951 7687
924 4852
489 4224
2284 6534
2011 5808
1490 5311
704 5037
737 5004
2855 6739
2029 5785
3450 7181
1011 4747
3054 6807
3259 7616
653 5105
902 4858
2558 6273
3524 7355
352 4323
3427 7392
1861 5827
2350 6313
1196 5413
3510 7228
1423 5123
2391 6360
3228 7434
759 4960
1984 5720
1570 6074
3950 7927
2086 6591
3440 7402
144 4362
1643 6128
17 4493
107 4554
626 5072
249 4447
1959 5647
4074 7746
204 4452
2646 7167
566 5021
399 4131
725 4984
2246 6504
3814 8008
2142 6641
2580 7099
3758 7966
1682 5922
434 4097
882 4806
1431 5154
87 4588
3422 7394
2358 6281
3503 7279
1753 5914
43 4584
2983 6755
1017 4668
706 4871
2322 6359
2406 6307
542 5083
3929 7825
81 4507
3123 7673
1012 4671
10 4545
1376 5292
1775 5921
628 5028
1477 5140
3844 7894
1527 5155
2207 6475
2425 6305
1383 5310
2799 6966
2626 7067
2422 6316
1298 5321
1920 5729
3140 7589
4000 7748
1258 5391
3627 8142
4007 7745
3723 8034
4028 7766
1234 5432
2699 7035
1011 4610
2130 6561
3848 7932
1483 5181
2899 6820
1090 5557
811 4818
1588 6094
1299 5352
2725 7001
134 4473
924 4508
890 4475
1356 5965
3891 7473
3566 8170
775 4355
3729 7317
5 4621
4085 7676
1437 6039
764 4343
1002 4577
1415 6027
1242 5846
643 4236
485 5108
3997 7566
1033 5658
1347 5968
3268 7891
1838 5430
812 4406
1003 4593
2083 6713
27 4609
2881 6491
415 4996
9 4628
1931 5525
602 4164
2328 6919
1538 5149
578 4194
2270 6906
1270 5843
450 5095
2343 6913
2256 6903
3901 7445
1652 5213
316 4885
2187 6821
3371 7963
809 4376
4065 7632
133 4784
3782 7411
3801 7407
988 4582
669 4257
2752 6272
2716 6366
936 4587
1241 5786
3750 7395
2343 7009
847 4358
1876 5405
591 4101
2100 6777
1226 5765
896 4560
651 4314
1459 6114
158 4815
4033 7570
966 4501
3952 7460
1304 5952
1791 5286
635 4133
3877 7493
1104 5680
293 4932
176 4818
2860 6479
3181 7689
3148 7722
3150 7721
1734 5295
2597 6216
1240 5813
1038 5758
2514 7074
772 4469
3498 8155
2589 6255
306 4928
1245 5807
1468 6095
1045 5731
262 4990
1902 5396
3547 8097
4019 7630
2013 5469
2413 7151
3517 7999
559 4269
2852 6566
3536 8023
551 4271
3660 7365
2966 6431
2003 5465
2130 6872
3059 6521
2659 6380
2665 6393
3898 7598
2495 6953
2521 6991
1746 5193
494 4978
2820 6552
2369 7132
1781 5224
1219 5724
970 4437
3202 7714
1499 6008
3894 7568
3340 8106
749 4171
467 4986
2173 6868
567 4252
3684 7375
956 4375
1407 6100
4051 7548
2338 7057
2452 6944
753 4165
2379 7166
3437 8152
3866 7597
2701 6196
3362 8094
2012 5472
718 4210
4063 7455
2037 5429
1110 5780
1833 5611
56 4861
2873 6655
1689 5215
2723 6250
2459 6992
3318 7738
67 4750
2625 6284
3848 7623
79 4736
2327 7110
3281 7683
3904 7571
1125 5814
2716 6217
3990 7502
2842 6593
753 4138
3797 7176
1345 6044
2476 7025
639 4255
2475 6984
2560 6374
404 4978
3006 6489
1476 5923
1828 5580
2965 6525
1359 6055
29 4852
2127 6821
443 4939
2048 6896
2924 6557
3481 8043
2289 6661
2145 6805
3472 8037
2398 7079
2921 6546
1517 5907
2441 7031
2056 6920
3865 7192
1733 5574
3468 7817
203 5059
235 5090
47 4901
59 4912
2468 6831
3862 7197
1662 5491
865 4207
683 4543
1083 5933
2675 6500
1434 5773
3674 7490
1147 5987
910 4247
880 4201
2395 6721
209 5066
23 4874
120 4965
248 5080
2994 6291
2852 6150
459 4840
3876 7180
2000 5368
799 4150
2587 6449
3120 7962
673 4492
221 5106
1489 5856
3030 6375
938 4248
343 4708
2102 6917
4079 7387
910 4283
3585 7478
1556 5421
1812 5165
3451 7745
3754 7574
1188 6041
2682 6468
1864 5238
3475 7853
541 4387
3906 7168
2877 6270
1474 5761
3768 7677
1491 5781
2016 5287
3271 8078
3972 7373
1305 5715
2891 6144
260 4683
1155 6098
2217 7163
1375 5644
2547 6816
1174 6083
3331 7766
1557 5440
3731 7621
15 4953
2353 6759
3170 7992
790 4173
873 4146
2566 6493
532 4425
1487 5777
2305 6753
3643 7514
4082 7313
2904 6206
1038 5993
2690 6634
851 4152
3197 7953
1837 5187
3048 6298
31 4972
463 4795
3979 7423
2050 7031
518 4464
2933 6146
3743 7654
438 4815
3244 8150
3762 7624
677 4574
795 4192
747 4503
3803 7590
369 4623
2890 6346
227 4962
368 4849
3754 7467
1390 5871
1506 5735
1314 5796
913 4119
320 4807
183 4927
2850 6312
1060 6062
1442 5673
2600 6564
1100 6109
2879 6317
4048 7234
903 4116
1816 5260
1702 5427
2240 6997
2960 6150
1542 5521
984 4160
2651 6595
1716 5420
3619 7615
2118 7131
2528 6781
4087 7273
3007 6176
2039 5206
545 4487
149 4914
3485 7735
213 4991
3203 7977
2885 6382
1026 6057
504 4692
1938 5182
1764 5448
131 4911
2465 6668
2001 5247
756 4443
2435 6704
582 4594
3309 8025
35 5014
1547 5565
1089 6134
3774 7430
1189 5917
1241 5984
2874 6275
2888 6386
2002 5225
133 4926
2735 6419
998 4184
2973 6178
1721 5499
1867 5256
2669 6574
647 4420
370 4790
1843 5371
1854 5366
3461 7757
3113 8163
1894 5290
2535 6698
2357 6907
1296 5827
3366 7922
866 4276
909 4187
3879 7408
2839 6336
2325 6863
3576 7715
1233 5898
1811 5326
3113 8183
2389 6794
348 4739
520 4589
2907 6333
2918 6286
290 4808
1529 5654
3254 8003
871 4241
3623 7633
284 4843
2882 6331
810 4305
3805 7457
129 4988
483 4638
1288 5878
4086 7176
1281 5886
606 5727
3137 6208
3688 6761
1932 5007
3978 7049
3413 6486
682 5807
1772 4842
3299 6373
3213 6277
1163 4226
3087 6149
3945 7011
4067 7145
2606 7717
3892 6975
1122 4210
1273 4331
3372 6462
3713 6803
3197 6254
860 5960
2424 7533
3531 6622
2363 7469
335 5465
3138 6229
1324 4411
866 6011
1711 4789
3514 6560
1030 4124
2019 5112
3247 6324
2466 7614
1831 4923
1194 4277
891 5979
809 5897
649 5801
2420 7511
322 5473
1398 4435
3081 6179
3810 6857
1766 4810
3360 6412
2898 8063
3534 6627
1314 4364
172 5251
2646 7783
170 5272
2085 7191
1950 5032
861 5991
2145 7259
2012 5088
1594 4615
109 5203
3737 6823
3562 6613
2394 7451
3211 6346
3458 6592
1073 4211
248 5307
1160 4300
3798 6800
3314 6325
3015 8064
384 5577
3211 6336
2241 7309
2856 8036
817 6013
1609 4613
1153 4303
4090 7092
2642 7709
1026 4177
707 5783
1905 4900
648 5853
1081 4207
1099 4125
2876 8042
3432 6463
1350 4382
553 5746
2394 7425
3593 6740
3546 6535
3668 6708
2701 7916
2072 7293
1639 4609
2630 7713
4072 7055
247 5279
633 5649
4050 7099
2147 7178
2327 7549
3069 8086
2396 7472
2251 7334
1069 4188
2283 7321
2171 7177
1499 4526
968 6078
1326 4441
2507 7603
2753 7864
3641 6723
380 5382
1725 4807
739 5784
2033 5005
1116 4129
3352 6501
1381 4379
191 5313
2080 7328
456 5450
721 5714
2777 7770
209 5202
2790 7778
1933 4873
3521 6473
3702 6910
2326 7583
3253 6206
3176 6371
261 5518
3991 6937
950 5944
2997 7973
1568 4787
2743 7716
99 5364
225 5241
3492 6460
1632 4859
3435 6647
3364 6586
286 5504
2558 7521
4009 6966
1019 5979
3368 6536
1463 4372
1095 4324
3207 6191
1472 4458
1893 5070
3194 6353
3037 8054
1624 4852
3559 6474
3899 7061
2917 8149
2854 8087
1434 4393
1877 5089
1484 4472
3935 7146
2375 7666
2065 7334
833 6136
1139 4298
2038 4943
128 5177
2568 7857
3408 6637
2506 7541
3053 7981
44 5357
1784 4666
147 5201
1962 4975
1320 4591
3539 6428
3868 7112
218 5135
407 5455
3141 6300
2550 7468
3974 7004
2791 7738
2711 7753
823 6100
3663 6828
3679 6838
206 5159
1113 4272
825 6096
1605 4780
2316 7654
3346 6648
2661 7823
4026 6999
641 5743
3541 6436
3473 6496
3790 6716
1493 4386
752 5640
1808 5096
2040 4865
3710 6788
1271 4104
2964 7828
2044 4861
3066 7931
894 5757
4041 6861
3255 6579
1465 4284
212 5585
467 5333
2099 7477
2144 7527
2774 8159
1799 4619
2022 4840
3871 6673
1097 4423
2242 7629
537 5910
274 5120
3885 6712
119 5472
2738 8105
115 5480
3949 6774
903 5784
1199 4495
2846 7743
3774 7068
1175 4532
732 6138
1261 4554
888 5715
3299 6607
3132 6417
1539 4910
3526 6390
2138 7528
583 6005
3303 6612
3847 6707
4045 6904
2411 7251
1508 4318
899 5817
512 5947
1098 4470
2968 7844
3487 6306
2585 7975
54 5384
1436 4258
3058 7885
2091 7530
1455 4334
2182 7620
3094 6485
207 5514
3878 6752
3921 6678
2692 8131
1419 4290
1404 4149
3430 6188
320 5131
3075 6479
2294 7611
3840 6734
3623 7017
3948 6717
1212 4591
179 5607
483 5302
1678 5081
3873 6776
3002 7907
164 5631
1979 4832
2105 7527
1653 4906
3396 6171
129 5601
2147 7427
2112 7458
438 5331
698 6108
722 6068
807 5696
2368 7207
973 5797
3088 6521
1638 4874
387 5358
689 6108
3478 6392
2213 7626
2329 7273
2457 7403
1486 4285
4079 6812
679 6099
2312 7293
400 5350
2945 7927
1361 4135
3901 6730
230 5535
2732 8149
950 5836
1617 4906
1832 4691
1538 4985
3225 6628
696 6085
2267 7588
3196 6652
3175 6631
2817 7811
2279 7525
539 6046
1647 5097
3375 6312
165 5410
1270 4478
2555 7283
1955 4650
1186 4392
2281 7522
4075 6757
3008 7760
2954 7704
2623 8107
194 5460
2700 7956
2510 7254
282 5251
1883 4802
2493 7207
12 5527
1313 4286
3324 6499
1024 4514
1716 4887
724 6001
3001 7710
2035 4697
655 5924
3588 7087
3570 6236
2002 4732
403 5181
134 5416
2807 8024
3227 6443
358 5333
22 5541
2593 8085
1890 4823
2774 8033
2422 7361
917 5679
3836 6976
2799 8017
2498 7171
3377 6387
2951 7749
3411 6288
749 5934
2346 7401
2813 7993
2696 8013
2795 7981
2366 7417
1351 4224
978 5653
1378 4266
85 5533
3867 6864
746 5921
1947 4688
2423 7356
3417 6290
2513 7199
2431 7345
2440 7238
2697 8025
1179 4426
2364 7406
2015 4620
495 5178
2915 7871
731 5894
2582 8137
1488 4111
785 5874
2591 8188
3267 6439
739 5897
18 5625
2517 7225
2678 8089
1718 4953
2395 7338
4068 6678
2825 7921
3860 6893
2072 7650
2448 7274
1729 4922
2546 7182
1332 4297
1881 4772
1790 4865
342 5289
3638 7113
2611 7219
2998 7604
687 5293
1282 4870
2267 7903
3671 6226
1841 4404
780 5385
3667 6229
3225 6801
2596 7213
3186 6776
1834 4384
2491 8113
2761 7365
122 5750
458 6084
825 5431
3548 7122
936 5542
402 6045
2797 7420
673 5298
2359 7971
3738 6287
597 5184
371 5995
1359 4950
1564 4103
1620 4168
2066 7694
3388 6945
1297 4879
3008 7646
1997 4563
736 5375
1974 4521
3751 6276
3842 6438
3416 7037
1177 4796
92 5754
3915 6509
926 5561
2408 8015
2902 7551
2783 7413
901 5551
1534 5077
2633 7266
197 5870
449 6127
146 5820
1710 4255
34 5651
347 5992
1370 4974
2115 7796
2403 8026
803 5400
2141 7782
1607 4219
2798 7379
1995 4490
2273 7846
2911 7446
876 5413
3844 6478
2355 8057
2123 7687
3243 6887
800 5486
2427 7988
1378 4915
107 5690
1636 4144
2919 7475
1067 4733
3429 6973
3645 6245
2455 8143
558 5239
599 5134
831 5478
889 5412
1478 5019
3770 6372
3424 6974
554 5236
3551 7041
4068 6532
2014 4542
1218 4771
2203 7929
2483 8144
3389 7006
2790 7299
2901 7472
2727 7360
72 5679
1819 4467
1633 4107
3746 6344
877 5383
1504 5003
3295 6835
1769 4228
1616 4157
1267 4765
2271 7855
1206 4806
250 5770
3680 6161
3807 6314
3937 6420
3157 6690
3705 6151
1324 5036
545 5283
26 5790
1172 4624
1737 4172
2705 7188
1124 4833
3476 6930
148 5660
3888 6586
1904 4604
3833 6262
1899 4580
69 5847
1316 5047
2594 7351
2645 7363
3911 6608
2259 7754
473 5952
781 5521
1957 4411
1417 4886
2251 7786
529 5299
3905 6627
33 5768
2804 7262
2619 7312
1421 4902
3059 7512
1560 4276
3793 6268
1065 4740
385 5935
3422 7153
3294 6767
1495 4966
121 5835
3393 7155
819 5504
1697 4117
9 5822
1728 4215
2820 7613
3881 6547
845 5623
294 6042
412 5920
2131 7918
1651 4302
3650 6397
1693 4130
3382 7158
3311 6703
258 6082
2336 8161
497 5941
705 5125
3044 7457
2579 7380
2334 8153
540 5332
1630 4246
3923 6555
214 5658
3096 6868
1053 4816
742 5174
357 6071
315 6127
3120 6884
3012 7443
3416 7040
3283 6667
2972 7494
3809 6202
3088 6859
2154 7862
181 5737
2912 7612
1735 4122
3259 6758
1217 4639
2378 8084
1220 4644
4010 6475
957 5471
960 5410
1619 4283
2308 8173
3366 7117
2445 8035
846 5563
480 5909
3266 6711
1585 4295
3284 6691
350 6057
4069 6429
1302 5103
1469 4934
2764 7216
13 5872
3757 6227
242 6130
2854 7206
2278 8166
784 5137
3237 7078
1954 4260
425 5792
1290 4611
269 5639
3328 6670
4091 6378
1681 4483
3161 6989
3425 6775
153 6030
236 6139
3673 6469
1976 4248
3442 6739
309 5655
2723 7559
2296 8157
3378 6676
3601 6455
3420 6778
1540 4387
3508 6803
605 5492
2406 7756
2878 7184
3041 7375
2703 7584
2180 8107
2282 8154
3238 7060
1826 4112
1043 4896
3400 6770
3292 7143
1014 5325
2110 7941
1336 4611
2373 7801
631 5449
1610 4469
1996 4339
1776 4559
1207 5111
674 5602
792 5208
84 5909
1521 4786
3322 7102
3582 6843
3522 6788
488 5806
1412 4803
1062 4961
2521 7825
3335 6735
3249 7160
337 5656
4044 6279
366 5666
2897 7199
2559 7854
1164 5086
3678 6413
352 5685
1129 4926
3124 7021
39 6014
3792 6538
3179 6961
431 5876
1018 5284
1512 4791
3252 7147
3729 6606
1683 4595
828 5213
2182 8164
3494 6848
908 5350
401 5885
2302 8081
1772 4509
2830 7292
4081 6274
897 5362
1749 4513
2719 7659
1715 4550
3934 6185
2321 7785
3732 6638
1276 4992
1994 4278
2676 7433
491 5782
2009 4185
33 6048
3934 6367
3460 6661
940 5166
1229 4936
1275 4989
3324 7034
2775 7517
961 5194
2660 7656
1105 5085
1512 4710
1688 4374
191 5936
4066 6257
101 6129
2301 8041
844 5337
2567 7568
2299 8044
3889 6310
1618 4555
1 6043
3753 6451
3839 6497
2634 7636
2227 7980
302 5809
1893 4346
2685 7645
3509 6679
1505 4677
2838 7344
2173 8155
1836 4235
2090 8066
1805 4261
3374 6791
755 5464
2857 7301
1272 4949
1657 4564
2460 7730
2037 4186
3958 6342
83 6115
612 5590
2649 7658
3501 6681
1223 4979
942 5142
3731 6442
3291 7010
4032 6265
2262 8044
3820 6486
1010 5192
1992 4211
3975 6215
3023 7183
126 6076
304 5874
1328 4852
1518 4651
94 6040
3398 6785
626 5562
3335 6862
948 5246
2078 8148
1603 4488
1055 5076
1002 5153
997 5161
2156 8096
2061 8129
1300 4824
1824 4333
3967 6322
3386 6900
125 6066
2326 7897
3218 6978
2572 7644
2425 7848
1165 4959
5 6103
3404 6808
250 5934
226 5943
3996 6218
3234 7029
2755 7444
3686 6590
2063 8151
4004 6270
3722 6480
827 5345
1912 4259
391 5723
3338 6871
3149 7056
3303 6969
1113 4998
3860 6389
943 5195
1786 4383
1722 4445
485 5645
2478 7750
591 5536
1212 4947
1728 4401
2136 8108
448 5684
3739 6510
1154 4980
2981 7250
2046 4102
3302 6942
2794 7443
1306 4832
391 5756
543 5601
579 6722
2186 4232
3288 5339
2663 4706
3667 5718
2746 4787
3108 5165
4090 6128
2586 4625
2313 4354
2364 4400
768 6924
2462 4498
3025 5084
2352 4385
10 6171
19 6145
1034 7192
80 6212
4093 6123
2667 4732
2352 4391
298 6450
2447 4502
1660 7781
3682 5755
2721 4792
1595 7714
914 7049
2652 4672
760 6885
601 6724
1742 7888
1587 7703
3575 5587
451 6630
513 6695
82 6260
1613 7786
2473 4494
1042 7226
617 6720
1787 7889
3884 5895
1895 8012
1199 7298
1740 7906
2504 4583
2561 4654
308 6404
1345 7537
2598 4631
3486 5548
2639 4731
2542 4571
3816 5855
1054 7204
2725 4761
3690 5717
3332 5444
1658 7743
2181 4291
2152 4128
3984 6105
3579 5553
1395 7481
2613 4728
3904 5901
969 7047
455 6551
145 6337
492 6590
3306 5305
1461 7648
2712 4814
1722 7916
707 6804
1798 8029
1537 7770
398 6610
3371 5494
2494 4579
4056 6022
832 6947
2049 4197
650 6895
1123 7172
971 7084
3032 5040
724 6846
2119 4141
1666 7912
1352 7458
2292 4254
993 7051
1546 7777
1756 7863
3484 5617
1845 8027
60 6226
1857 7985
3832 5769
618 6683
468 6567
1460 7616
281 6511
1062 7248
2034 8069
2257 4265
2749 4805
623 6677
451 6584
3808 5788
3968 6141
24 6247
862 7135
200 6219
3746 5670
2988 4904
2564 4737
210 6231
2994 4920
2189 4099
1836 8124
3666 5825
2106 4270
3659 5854
3318 5230
3291 5184
2651 4800
35 6328
2377 4565
1093 7396
2788 4679
1572 7808
3892 6033
227 6213
835 7145
3163 5360
2522 4465
3597 5793
1339 7575
2233 4118
946 6914
3504 5377
2496 4467
1658 7881
3812 5712
2204 4137
486 6481
3149 5370
294 6558
1298 7594
1398 7631
1835 8087
2759 4729
1099 7412
1914 8123
1659 7866
2272 4130
4095 5949
2481 4466
1478 7429
2276 4128
197 6147
2443 4428
1275 7217
323 6537
881 7101
2515 4382
2825 5062
593 6784
2460 4424
3733 5696
766 6697
964 6931
2769 4617
4020 5999
645 6750
345 6530
544 6908
3845 6104
4060 5889
3503 5490
3506 5459
2559 4381
2081 4290
378 6558
3410 5559
2295 4114
505 6428
453 6434
3818 5645
1458 7514
357 6541
2499 4394
3542 5436
3689 5767
3178 5275
3186 5248
3917 6079
802 7121
2187 4223
824 7118
4070 5919
855 7086
2800 4618
2230 4172
779 7157
1143 7543
613 7012
2372 4160
695 7089
2023 7904
2433 4233
3680 5993
3412 5214
770 6665
972 6848
3115 5414
1446 7336
3653 5962
1892 7796
3158 5446
2576 4866
3557 5367
2625 4947
3954 5728
3740 6024
844 6744
375 6241
3389 5163
3826 6116
1683 8075
3285 5583
4061 5830
3087 5394
1964 7820
2914 4678
3038 4858
1930 7853
2399 4212
1311 7220
3215 5539
3919 5731
2373 4200
2980 4746
3775 6032
2579 4899
3054 4828
924 6831
1715 8064
2656 4948
1598 7946
4057 5869
1074 7431
3370 5137
2136 4453
2365 4096
1135 7506
418 6301
448 6399
3598 5966
2135 4375
640 7106
2707 5072
131 6592
1075 7536
2069 4433
3296 5540
3747 6118
1402 7229
2194 4570
905 6850
1547 8007
602 6934
2282 4519
1860 7690
1164 7619
3062 4793
2823 4680
335 6144
722 7043
2262 4482
1109 7425
2689 5079
1381 7218
1374 7174
3574 5292
2801 5035
1268 7592
2148 4410
239 6577
1117 7426
3218 5616
2061 4463
403 6384
3753 6093
1906 7703
1562 8063
2348 4169
2273 4486
2158 4358
2480 4312
1924 7917
1318 7247
584 6947
3869 5745
121 6422
2306 4210
1077 7495
3999 5869
85 6432
1176 7662
3080 5502
1704 8144
2695 5117
194 6584
453 6334
219 6560
2988 4817
2593 4959
3732 6122
4017 5838
2903 4822
2067 4497
1415 7173
3344 5268
396 6153
3185 5623
1301 7325
3100 5525
3091 5530
3566 5218
609 7148
1611 8133
1377 7407
229 6507
1029 7562
3621 6058
776 6791
2990 4670
2518 4166
2436 4119
2604 5048
2453 4097
1949 7690
2876 4779
3599 6038
1516 7285
200 6481
2621 5031
1997 7761
360 6391
2561 5022
3839 5978
3397 5344
2243 4453
287 6329
1036 7595
999 6733
4076 5703
3788 5985
538 7082
1353 7417
4094 5708
310 6274
2989 4633
278 6304
2675 5060
1234 7528
1622 8172
2577 5034
1284 7354
2658 5084
717 6925
2433 4161
2427 4282
379 6330
3707 6074
1492 7191
2897 4757
1240 7452
1441 7268
755 6970
1048 7633
4018 5753
3068 4663
2349 4326
1822 7890
2999 4728
183 6502
2832 4801
679 7030
3414 5253
2573 5086
105 6588
2835 4804
1738 7965
428 6260
1105 7560
1036 7638
3689 6067
937 6772
1868 7826
2995 4690
2878 4828
3882 5832
3132 5599
1946 7806
641 7013
1148 7577
3392 5286
762 6941
4067 5643
3452 5271
643 7016
1167 7523
278 6395
3093 5624
4017 5727
74 6564
1091 7596
2347 4292
2830 4833
1190 7510
2720 4944
4021 5701
2730 4954
1656 8073
2197 4452
3859 5856
1191 7506
1086 7622
1777 7944
2628 5054
757 6926
744 6932
1102 7602
3800 5925
1417 7284
521 7156
3864 5861
2241 4415
2683 4218
57 6714
3516 6073
3433 5999
4093 5627
3890 5429
1645 7269
2409 4963
1151 7797
2853 4398
2369 4940
3458 6028
3656 5191
3542 6086
1820 7437
2637 4185
1259 7935
1612 7257
4047 5594
2159 4730
4037 5586
475 7116
638 6246
486 7166
549 6205
3670 5198
1720 7329
2724 4285
2796 4341
88 6722
1256 7923
252 6882
3277 5842
1067 7691
3423 6012
3789 5358
3017 4586
3047 4547
3171 5701
2832 4407
1601 7274
1477 8168
4010 5511
3600 5183
2472 5017
1802 7483
4059 5609
79 6780
728 6383
3023 4599
911 6581
1198 7829
893 6470
576 6267
373 6990
11 6710
1501 8093
1115 7707
2916 4389
2036 7601
4009 5614
3986 5594
220 6806
2527 5013
2609 4218
1555 7256
3430 5930
3853 5441
1193 7908
1826 7532
2258 4738
1360 7937
124 6702
2849 4468
3381 5986
2710 4289
2649 4152
1868 7471
3230 5883
86 6716
1382 7948
389 7150
2173 4630
636 6167
2440 5092
3461 6123
3587 5235
814 6495
1458 8131
2338 4950
2238 4811
472 7086
3363 5972
3308 5780
2355 4938
116 6669
1725 7367
1077 7758
1778 7305
2987 4567
732 6304
729 6309
4011 5419
3174 5861
2640 4309
1127 7905
335 7113
3442 6133
159 6680
1541 7309
1484 8004
3441 6141
2884 4553
3300 5738
2354 5053
1181 7698
1277 7789
2110 4778
1613 7386
3325 5732
1023 6501
744 6259
528 6283
3229 5633
3579 5977
2713 4155
3363 6016
3966 5597
823 6548
869 6593
4003 5382
1124 7873
3395 6117
3401 6126
20 6844
3965 5590
2677 4313
1269 7769
127 6867
2737 4124
717 6269
3440 6082
364 7134
3527 6000
2700 4148
2243 4729
189 6663
3500 5910
3305 5714
2792 4179
2985 4373
765 6209
630 6345
2958 4401
1393 8112
607 6302
4061 5407
109 6826
765 6196
603 6289
1668 7246
355 7080
1163 7744
3835 5175
1726 7282
2765 4098
1416 8024
1190 7798
161 6771
2401 5045
1608 7326
1672 7262
527 6360
31 6855
1061 7932
1687 7242
2909 4541
2951 4455
589 6319
1550 7402
3671 5297
3694 5257
2976 4424
3654 5294
2452 4988
3919 5543
1465 8016
514 6377
326 7082
1166 7776
3319 5656
106 6808
680 6234
2325 5094
30 6890
3717 5233
1875 7591
306 7111
1244 7721
3632 5319
2950 4479
2914 4504
3476 5994
2437 4986
572 6461
874 6248
1847 7219
1901 7272
2015 7385
500 6899
3713 5513
1007 6374
2340 4653
3391 5685
75 6977
1390 7780
506 6896
87 7003
884 6266
1453 7842
2175 4975
4059 5323
470 6852
3065 4330
1337 7725
1352 7772
1798 7185
166 7103
1698 7608
624 6506
4013 5297
1317 7737
2401 4733
3562 5877
3421 5698
3752 5512
3329 5668
1140 8017
3822 5579
3210 6060
3540 5884
395 6817
2102 4892
564 6425
887 6233
3832 5591
1310 7727
3861 5153
3350 5678
2115 4984
1316 7704
615 6490
2605 4368
2943 4162
394 6839
159 7073
1243 8165
3374 5648
3032 4326
3875 5148
3438 5713
1301 7765
2681 4409
2527 4766
2027 7337
3477 5840
1968 7415
3300 6051
528 6492
2636 4353
2611 4477
1888 7214
2909 4108
3696 5409
4008 5370
2805 4513
156 7112
1528 7854
2041 7328
1041 8013
2501 4760
1263 8114
2283 5044
3596 5459
1883 7172
1943 7414
2319 4717
1748 7600
2711 4593
2644 4402
3243 6093
2841 4209
1242 8114
1411 7914
3870 5239
3327 6036
3337 5753
223 7087
841 6200
2385 4643
1463 7877
441 6858
2196 5088
3316 6017
2244 5042
3596 5498
2221 5078
2621 4422
2757 4536
1987 7356
3029 4180
2844 4253
944 6194
2225 4918
800 6314
1554 7576
318 6837
2580 4511
3154 6105
621 6625
2974 4115
1348 7883
949 6180
2612 4512
1912 7404
234 7036
1365 7875
1985 7255
184 6958
932 6195
351 6856
2263 4943
2165 5101
2977 4157
1228 8016
145 6924
2245 4964
1123 8130
2310 4771
2581 4531
4011 5123
3133 6036
2970 4147
2679 4573
668 6455
3057 4189
490 6726
1511 7754
3939 5324
570 6538
2911 4333
3531 5759
3874 5270
3765 5376
3982 5176
2614 4494
1954 7194
4055 5230
1850 7297
885 6350
1591 7563
1918 7362
1932 7217
1321 7828
2763 4470
3573 5704
1264 8014
4042 5237
3163 6043
3758 5484
920 6235
3141 6017
3373 5864
1233 7956
563 6645
666 6482
1676 7492
54 7167
2990 4195
280 6870
3248 5984
2557 4652
2332 4814
1879 7301
3063 4132
1282 7894
3856 5317
4005 5235
1379 7860
2702 4438
3551 5639
3223 5967
3919 5269
3549 5638
1438 7749
3631 5617
2261 4875
4016 5200
3953 5264
273 6898
3101 6137
3821 5385
394 6767
2207 4983
76 7077
1050 8182
3592 5606
430 6721
3217 6014
3543 5671
462 6719
2674 4480
642 6523
217 6948
2528 4638
990 8159
472 7641
3887 4909
3787 4809
2235 5304
1714 6836
360 7534
2124 5195
1558 6686
188 7344
3463 4491
2018 7148
4031 5041
1338 6453
830 7982
1960 7096
2886 5975
2367 5422
1148 6255
3079 4116
1789 6888
2362 5423
2960 6023
1043 6155
3717 4767
3384 4386
1938 7054
336 7500
1663 6753
4030 5025
2064 5135
3741 4797
3229 4284
1741 6895
1005 8143
584 7791
365 7498
2847 5942
446 7572
3822 4804
309 7454
730 7926
2760 5862
2979 6035
1175 6311
1982 7054
2314 5434
1334 6407
3777 4848
3560 4572
3162 4206
2629 5744
1549 6712
4022 4992
3105 4118
3988 5036
2162 5194
1235 6379
3581 4548
2867 5903
3439 4435
154 7335
2905 5990
1433 6617
2017 7072
469 7572
120 7216
1939 7129
1157 6347
3235 4332
2096 5216
480 7604
3819 4799
2252 5273
956 8169
1419 6621
1670 6864
1350 6417
3625 4720
2477 5620
2478 5620
1809 6986
3434 4406
1863 6938
4018 5100
1561 6779
208 7347
2285 5257
2717 5880
3499 4558
177 7383
3085 4202
668 7925
3821 4740
1296 6522
3053 6023
232 7299
1394 6425
3179 4096
351 7476
3582 4501
178 7390
1765 6792
750 7808
3759 4801
1541 6762
1476 6580
1797 7028
2163 5121
3415 4388
1705 6877
3178 4126
3056 6021
2897 5924
2078 5223
2980 6109
50 7240
1071 6228
184 7364
2699 5877
953 8134
1922 7165
3658 4810
307 7607
1272 6269
3361 4516
430 7464
3964 5115
399 7431
1357 6599
3470 4357
1975 6972
3545 4436
2714 5652
2079 5264
2150 5366
2879 6061
2434 5398
2390 5570
760 7788
224 7286
3694 4857
1802 7069
2993 5931
301 7606
3127 4267
2114 5343
474 7493
354 7618
3046 5959
1876 7157
3769 4635
3121 4245
1522 6487
2062 5289
2883 6116
3665 4857
244 7263
2382 5602
1222 6251
2205 5170
3184 4319
2052 5300
2534 5462
3766 4614
1690 6699
2827 6073
3387 4489
3865 5035
3224 4143
1309 6565
3827 4682
3146 4339
2692 5694
3118 4244
1771 6736
2939 6080
2029 6995
1224 6263
3616 4767
3068 5955
288 7583
1886 7137
3629 4844
3925 5015
1688 6747
1534 6458
15 7370
305 7671
1116 6294
3628 4839
1388 6561
3785 4612
981 7963
3906 5004
1001 7974
959 8046
3530 4376
1990 6933
2543 5436
1812 7104
942 8059
413 7496
3870 5064
3274 4125
22 7361
3051 5939
151 7242
2718 5699
1392 6575
2306 5597
1383 6534
481 7427
2787 5632
1031 6370
3115 4301
1427 6517
3786 4653
3330 4586
1304 6642
3826 4632
3027 5951
1517 6400
3459 4462
3232 4175
1824 7119
482 7442
748 7711
2756 5687
630 7813
2154 5278
3220 4195
945 8006
2287 5144
2279 5136
1340 6597
675 7769
3203 4216
1120 6299
3894 5067
3352 4582
3742 5023
3745 5026
4013 4777
3794 5077
272 7193
447 7349
243 7672
2650 5969
2488 5300
410 7318
2935 5754
2225 5567
3171 4466
3399 4178
3242 4540
3956 4717
3454 4199
2952 5777
2927 5750
3910 4696
3121 4399
78 7504
2750 6046
1696 7042
857 7802
798 7739
870 7747
1684 7100
1835 6658
1447 6285
1628 7026
3195 4427
2211 5523
476 7405
870 7767
3457 4275
2428 5198
763 8136
1221 6640
3428 4177
3206 4529
727 8175
1963 6800
3833 5061
3914 4726
667 8102
4040 4853
2089 5398
1523 6323
2556 5304
2845 5721
3136 4356
2390 5139
2463 5338
318 7291
275 7253
3370 4205
1810 6746
2734 6119
1814 6748
2771 6041
1937 6877
1353 6148
1961 6886
1599 7018
3545 4238
2119 5392
2995 5860
3597 4949
130 7643
862 7685
1409 6364
1927 6873
2198 5576
1372 6204
3749 5060
2057 5484
562 8023
371 7189
2727 6081
2164 5401
828 7762
3648 4911
3498 4293
2731 6106
3365 4180
1969 6851
1956 6871
3846 4725
2496 5301
3102 4457
4065 4758
244 7555
3116 4436
945 7881
692 8141
1073 6477
996 7833
3078 4472
3026 5805
3077 4474
3359 4192
2116 5572
2791 5991
3744 4898
1897 6890
30 7578
2877 5816
4066 4714
4038 4685
98 7657
4 7561
1039 6529
1445 6187
2829 5762
1806 6815
2615 6053
2166 5605
523 8095
2519 5187
1108 6593
1882 6850
435 7210
652 7959
3681 5119
3393 4319
2760 5974
1004 7795
3843 4764
1260 6515
1277 6498
2949 5670
1287 6308
1087 6555
703 7958
3510 4127
1799 6830
3012 5736
3282 4476
1886 6897
2482 5122
4083 4674
3497 4120
397 7231
1367 6373
367 7388
3021 5751
1088 6650
1818 6816
872 7893
2908 5858
1800 6839
2151 5543
196 7429
3131 4600
928 7779
3829 4918
478 7195
3400 4238
2393 5279
1602 7044
3933 4762
4053 4626
1368 6289
2562 6088
3376 4347
2586 6102
3351 4314
429 7267
615 8105
1601 7055
1495 6168
2693 5973
695 8038
2059 5593
2759 5908
3210 4446
2577 6085
73 7580
3398 4240
1327 6391
1878 6798
2929 5800
3888 4844
3712 4956
1028 6616
1959 6779
1082 6630
2821 5848
2500 5146
1877 6795
2042 6693
1162 6506
246 7447
1110 6583
3119 4558
1049 6651
510 7196
1054 6653
1389 6286
1988 6689
1686 7024
2835 5883
975 7719
1981 6741
934 7759
1665 7019
3794 4924
2497 5173
690 8004
2503 5168
2365 5317
327 7359
3353 4320
1203 6474
1976 6723
82 7598
3957 4744
390 7289
3627 4139
1825 6432
1844 6454
3453 4987
740 7405
1727 6324
1106 6750
1496 7124
162 7855
2345 5924
3044 5610
3614 4112
1083 6699
3338 4891
3235 4785
1150 6765
379 8040
3095 4623
3214 4752
157 7811
4043 4565
2095 5680
514 7203
1653 6230
1319 6916
4094 4573
311 7955
2097 5652
3016 5613
2004 6643
3262 4758
1557 6207
1767 6349
361 8002
2434 6063
48 7710
1581 6147
1770 6341
1514 7130
2631 5237
1958 6549
1330 6916
421 8083
3445 4941
653 7348
3580 5062
75 7793
3714 4280
2095 5649
1894 6488
2006 6633
1739 6388
1573 6244
99 7713
708 7302
1030 6725
3146 4622
644 7372
2906 5395
3191 4668
943 7649
2260 5764
2942 5423
2824 5466
2953 5595
3670 4100
1705 6397
2601 5244
3687 4146
1494 7040
837 7442
2034 6570
1945 6593
2146 5688
2474 6129
3013 5534
2375 5912
1674 6357
2215 5826
3748 4301
3279 4773
231 7820
1999 6563
1227 6822
58 7764
493 8067
275 8060
1637 6164
1031 6772
2652 5160
2421 5890
791 7535
2163 5643
839 7486
411 8162
775 7549
1252 6809
3761 4302
3502 5073
959 7486
1437 6940
1492 6999
1737 6220
1299 7061
1230 6728
1869 6596
2763 5186
3180 4837
1246 6741
2096 5822
818 7612
2471 5928
3796 4187
3270 4694
1017 7529
3241 4665
171 7737
1664 6163
78 7899
558 7352
761 7278
1668 6174
2863 5556
19 7822
965 7512
1138 6892
295 8121
1392 7151
3563 4939
3122 4754
4019 4369
622 7372
3474 4913
1896 6606
1015 7519
1554 6330
1806 6562
4076 4417
1958 6408
895 7629
3986 4385
1516 7007
613 7379
2532 5970
1418 6962
975 7542
3245 4631
1322 7056
3118 4756
2400 6107
1149 6854
958 7429
2349 6033
324 8186
1635 6364
1427 6956
1661 6335
2060 5832
1973 6515
3589 4300
3719 4174
595 7321
507 7985
2455 5981
2620 5367
935 7529
2563 5324
316 8174
1777 6181
1013 7459
2706 5188
3312 4646
1628 6282
3116 4859
1637 6322
1998 6422
3815 4158
2236 5733
2867 5608
1238 6666
2772 5128
3169 4799
2683 5275
1145 6811
787 7664
3425 4994
2804 5143
1486 6954
101 7809
1768 6156
789 7665
1452 6985
2698 5231
3657 4268
2927 5509
1878 6588
137 7778
2297 5650
1885 6578
143 7806
2518 5927
1681 6243
3405 5054
620 7320
3073 4855
3414 5024
1828 6610
230 7697
257 8185
1998 6454
3978 4466
2148 5788
2800 5129
3009 5432
1755 6177
1796 6655
2371 6072
1274 6662
2758 5179
2323 6125
669 7266
2169 6009
859 7263
14 7946
2223 6058
116 8049
810 7212
452 7875
662 7569
2149 5997
3312 5113
2875 5170
340 7773
2039 6396
3089 4893
880 7294
4095 4337
3511 4775
1873 6208
334 7775
672 7605
8 7967
2542 5879
3784 4562
2074 5888
44 7990
2309 5657
2536 5876
4071 4346
1770 6644
2880 5217
2569 5416
2436 5798
1 7973
4057 4349
3583 4825
214 8177
4012 4228
2710 5564
3240 4997
497 7903
1238 7161
922 7349
3861 4154
3831 4551
1224 7162
1250 7120
2706 5537
3198 4938
1020 7370
847 7288
699 7564
321 7803
4051 4328
547 7448
3052 5328
2411 5719
504 7878
3314 5068
1230 7152
420 7835
3815 4568
172 8083
3112 4887
868 7204
2887 5127
930 7397
3909 4109
3964 4149
603 7441
742 7594
3525 4747
2347 5733
3824 4543
1926 6345
1443 6898
2300 6062
1231 7068
3212 5082
3502 4856
1618 6410
3786 4498
3462 4830
686 7664
671 7617
1257 7050
1608 6445
3239 5056
2165 5906
2812 5524
1107 6969
2842 5232
375 7708
1208 7125
672 7630
1028 7018
1667 6636
3961 4106
577 7476
884 7169
3189 4864
900 7409
3214 5108
1472 6842
549 7518
1942 6376
3568 4751
2275 5987
2311 5766
262 7810
1880 6365
62 8121
11 8067
141 7940
1994 6209
36 8104
3102 5009
1497 6729
1385 6905
2674 5603
1315 6834
264 7834
1206 6946
2768 5444
2027 6268
1719 6447
731 7488
3057 5229
3130 5030
3349 4745
2736 5421
590 7632
1986 6243
699 7450
3391 4765
863 7421
1397 6870
3051 5199
3003 5150
3637 4499
6 8110
3122 5018
95 8180
3267 4968
2223 5890
2726 5384
221 8045
912 7202
3969 4151
1068 7063
1739 6519
299 7829
796 7386
414 7768
492 7723
1014 7230
1172 7004
573 7665
964 7178
2978 5234
368 7842
3219 4929
3278 4893
566 7650
122 8111
2202 5964
587 7581
2098 6120
2088 6132
3612 4544
1360 6797
1964 6258
321 7838
1289 6889
1698 6466
1318 6855
858 7353
897 7269
1368 6846
1533 6682
1966 6214
2796 5381
2715 5490
3035 5169
808 7363
3940 4232
3535 4642
166 8020
1664 6514
3288 4908
167 8031
771 7419
1343 6854
2295 5902
3480 4705
3190 5005
1569 6620
1208 6982
533 7659
3639 4552
1167 9358
1497 9693
195 8388
994 9198
935 9130
1357 9564
143 8350
1221 9431
1005 9215
879 9081
13 8215
583 8796
1599 9762
1132 9329
849 9075
1052 9279
895 9048
1369 9585
409 8631
229 8394
540 8747
180 8332
1026 9278
1189 9445
581 8707
830 9081
1566 9815
1473 9613
885 9018
627 8737
198 8345
678 8900
512 8802
401 8690
1339 9565
602 8764
763 8850
298 8518
1134 9219
1081 9303
341 8485
1295 9599
1917 9992
875 8981
1616 9938
1090 9413
1661 9969
1655 9978
406 8472
1776 9824
568 8875
1578 9917
1093 9439
961 9050
240 8300
192 8287
498 8557
878 9166
205 8298
848 9208
1509 9544
1344 9715
801 9109
1101 9460
1482 9584
1052 9377
1642 9902
597 8849
1150 9398
1133 9382
118 8381
654 8768
1424 9538
1782 9760
1384 9654
331 8597
60 8414
1635 9862
436 8536
1592 9941
1548 9980
1788 9740
1138 9351
1383 9627
837 9144
938 9047
598 8873
1515 9492
907 9076
636 9086
247 8692
1860 9793
1414 9345
1865 9792
1008 8954
874 8801
1384 9317
592 9055
1085 9516
132 8592
142 8598
1852 9764
1408 9371
2024 9975
684 9100
795 8760
854 8817
202 8674
680 9089
1128 9564
1271 9667
1502 9448
883 8776
2023 9946
392 8375
1605 9989
291 8295
1450 9447
259 8269
1862 9748
490 8383
376 8238
258 8277
330 8209
634 8978
1361 9275
140 8675
271 8317
45 8542
1514 9369
1076 9537
1410 9467
979 8872
1404 9223
1118 9695
135 8460
1470 9265
1529 9334
296 8376
516 9105
738 9087
1951 9728
1928 9770
1473 9315
1528 9309
951 8721
1226 9571
1945 9783
531 9120
1464 9228
1808 9892
163 8471
343 8416
728 9056
152 8481
527 9142
523 9137
1813 9902
751 9044
845 8945
18 8621
651 9034
1890 9891
676 9061
1152 9538
1524 9267
421 8303
168 8548
74 8580
284 8399
276 8384
1939 9800
329 8361
91 8638
1056 9673
710 9004
61 8646
1121 9631
253 8450
606 8286
1757 9436
27 8730
1978 9656
95 8794
1887 9559
552 8225
865 8555
41 8741
1289 9990
1078 9766
1872 9539
1020 8680
900 8594
588 8283
781 8474
487 9215
416 9089
2 8754
1704 9361
1140 9806
297 8981
28 8737
1332 9993
1141 9781
1985 9603
1870 9479
509 9140
2016 9644
754 8380
594 8220
529 8286
954 8686
110 8760
1757 9351
1197 9975
7 8796
32 8827
1607 9243
827 8549
1625 9274
822 8541
920 8692
1913 9493
1944 9719
228 8853
819 8513
206 8893
876 8475
1804 9591
734 8357
1879 9516
169 8916
1536 9343
1136 9743
1649 9441
519 8343
1587 9382
1257 9852
547 8372
567 8365
502 9068
993 8573
1143 9942
245 8785
657 8247
656 8251
268 9121
42 8836
201 8829
785 8613
646 8243
482 9054
104 8917
1048 9945
1184 9831
883 8628
670 8278
791 8671
267 9154
1884 9616
1793 9676
1947 9556
288 9201
90 8839
640 8285
829 8665
1174 9841
1754 9266
1650 9368
407 9085
1574 9421
685 8257
1669 9321
242 8733
1935 9596
1945 9580
1779 9222
667 8291
1875 9643
93 8870
745 8681
516 8460
444 8881
1977 9399
1747 9692
1561 9481
1909 9316
1387 9855
1660 9577
1760 9717
203 9174
2042 9437
1590 9503
52 8984
1723 9622
345 8823
1069 9986
1952 9363
1748 9698
1564 9508
1918 9280
21 9002
1758 9618
1444 9962
1870 9243
417 8948
1323 9853
1689 9678
793 8261
1439 9922
716 8593
1344 9761
1989 9380
503 8851
521 8559
919 8446
201 9125
193 9140
1732 9650
1991 9393
339 8747
173 9173
1989 9407
970 8374
119 9203
782 8331
1751 9553
1917 9461
853 8415
1678 9476
494 8805
1589 9659
233 9063
1288 9880
446 8750
382 8939
620 8698
973 8301
1717 9488
410 8759
2018 9293
977 8290
1496 9837
1327 9881
838 8433
1412 9790
157 8999
539 8667
215 8989
162 9065
1684 9560
236 8993
1874 9372
931 8300
238 9019
332 8858
1852 9451
181 9058
818 8427
633 8602
904 8302
270 8932
756 8478
187 9047
551 8663
16 9192
228 8986
1904 9072
272 9489
1193 8364
693 9907
1679 8841
113 9334
1654 8828
164 9384
452 9672
177 9377
1027 8211
1295 8477
2019 9214
650 9901
402 9657
1523 8643
1333 8463
1205 8329
199 9466
1265 8369
50 9330
2030 9135
1821 9055
190 9463
1049 8265
406 9678
543 9798
1703 8955
1100 8209
17 9294
1823 9087
1331 8539
1247 8371
869 9992
424 9688
1644 8732
1730 8881
1137 8203
150 9450
1756 8864
58 9401
1641 8941
2021 9056
1070 8359
389 9487
1892 9204
417 9520
1306 8590
575 9897
1251 8315
1552 8842
1245 8262
1182 8195
234 9332
1713 8723
1825 9090
623 9931
1565 8888
1503 8570
1884 9210
138 9251
1457 8479
207 9340
1634 8925
701 9852
1848 9210
1475 8448
213 9238
1218 8199
303 9701
565 9982
1701 8817
1413 8529
1356 8600
621 9869
387 9575
1906 9108
38 9408
1239 8253
1753 8755
1909 9115
1542 8937
1632 8848
1742 8767
370 9600
1623 8865
1575 8912
1040 8423
1393 8585
2000 9006
1168 8594
987 9944
1911 8820
1009 9970
1897 8814
1784 9200
1336 8240
223 9685
1686 9112
441 9387
1169 8578
1690 9102
96 9591
412 9349
422 9405
808 9736
300 9228
1741 9196
1903 8782
1438 8379
1795 8740
1983 8854
332 9314
336 9342
1908 8773
1841 8707
908 9913
1358 8306
947 9869
224 9636
931 9961
1461 8441
1866 8708
440 9462
1513 8377
869 9783
1435 8392
1236 8577
283 9294
1088 8472
2014 8834
1972 8939
127 9498
1597 9040
1573 9045
1107 8483
110 9502
772 9844
804 9809
1184 8485
65 9671
1629 9178
1429 8222
1134 8701
1956 8753
163 9525
1503 8261
1592 9122
2046 8799
1055 8633
2040 8799
1374 8434
1692 9009
941 9730
1783 9030
1166 8509
199 9587
941 9754
996 9820
1060 8605
1654 9162
1449 8212
1604 9094
1531 8254
258 9420
992 9775
396 9307
219 9477
1525 8213
1129 8586
1321 8398
974 9769
102 9601
461 9253
48 9689
447 9302
405 9342
2047 8722
1449 8262
2045 8717
20 9702
805 9936
1305 8431
923 9829
842 9909
546 9251
1027 8705
1227 8908
1372 9046
1475 9167
1787 8437
804 9515
1084 8745
764 9449
1237 8899
160 9911
814 9526
612 9340
1341 8996
1663 8292
1489 9164
726 9463
664 9402
1726 8349
867 9542
165 9856
178 9880
1480 9186
1796 8499
1734 8444
1567 8227
1139 8780
573 9218
898 9664
1433 9179
916 9683
1460 9212
721 9370
1981 8694
622 9250
611 9263
1045 8769
1848 8547
153 9925
251 9895
1571 8319
1968 8656
1526 9106
1786 8349
1730 8371
754 9347
605 9260
241 9861
1590 8259
946 9674
38 9823
769 9595
1091 8766
103 9958
1263 8813
966 9541
701 9274
1510 9071
889 9715
1731 8270
1849 8622
602 9421
1951 8455
1713 8235
774 9629
859 9668
1521 9041
774 9635
1891 8650
1921 8490
1422 8992
750 9300
799 9633
1223 8719
1258 8739
537 9419
1442 9078
949 9570
1019 9507
1919 8614
1016 9509
1204 8811
1827 8641
1501 9023
869 9601
1399 9118
858 9655
1291 9190
1721 8267
36 9944
986 9510
1447 9050
725 9684
1079 9008
439 9919
925 9367
1648 8571
1633 8561
517 9492
1181 9098
1701 8583
787 9264
2026 8398
1914 8284
1915 8278
997 9416
1995 8440
1183 9131
1059 8985
341 9833
916 9428
2031 8362
1551 8514
312 9847
1584 8549
499 9892
909 9428
327 9765
1511 8835
963 9384
1900 8194
1563 8554
1108 8997
358 9748
416 9942
1866 8241
1044 9065
604 9505
423 9946
1893 8218
1804 8334
1254 9058
1518 8808
511 9848
531 9602
691 9511
1130 9202
1807 8340
1485 8784
1444 8763
962 9314
1692 8508
518 9634
600 9724
420 9731
390 9774
1098 9187
1694 8503
1952 8202
1537 8619
1997 8288
373 9927
1285 8887
983 9316
629 9676
1610 8689
513 9661
1112 9189
1114 9112
1115 9113
513 9667
1182 9051
1623 8607
639 9652
1695 8531
317 9968
337 9886
1085 9193
794 9420
864 9403
1137 9133
788 9418
1248 8960
1485 8751
960 9254
1597 8666
347 9905
1911 8346
1650 8604
901 9328
1235 8998
434 9800
1887 8355
1403 8838
1816 8422
2863 9003
3852 9988
2428 8564
3137 9297
2414 8575
3272 9433
2470 8631
3654 9809
3550 9667
2923 9076
2350 8457
2500 8686
3280 9466
2438 8618
3143 9322
2467 8589
3226 9390
3572 9665
3681 9812
3718 9904
3705 9798
2231 8328
3198 9277
2781 8855
3915 9985
2949 9160
2426 8500
3084 9308
3207 9430
3466 9694
2554 8622
2386 8452
2229 8429
2248 8341
2345 8566
3537 9614
2618 8798
2219 8386
2497 8618
2383 8481
2071 8294
2140 8237
2677 8710
2443 8702
3698 9733
2686 8709
2330 8550
2075 8293
2284 8339
2575 8840
3478 9489
3456 9480
2488 8498
2628 8904
3629 9916
3565 9593
3073 9365
2058 8351
2451 8457
3715 9753
3523 9567
3148 9425
3403 9706
2957 9004
3323 9305
2944 8994
3228 9269
2339 8589
3170 9424
2413 8656
2535 8538
3735 9769
3209 9271
2604 8937
2360 8701
2782 8726
2931 9123
2826 9178
3344 9669
3171 9397
2129 8368
2619 8922
3236 9286
2822 9187
3787 9773
3378 9690
3034 9009
3466 9574
2242 8239
2899 9149
2113 8366
3776 9776
2092 8409
2330 8684
2757 8754
3372 9684
2752 8761
3356 9698
4086 9983
3138 9551
2688 9101
3942 9832
3304 9720
2768 9154
3536 9411
3394 9303
2585 8962
3470 9362
2736 9134
3912 9814
2107 8474
2668 9039
2174 8533
2871 8728
3014 8948
2642 9064
3161 9573
2959 8882
3136 9472
3183 9515
2210 8677
3029 8860
3222 9695
3310 9639
2122 8452
2383 8219
2050 8535
2086 8563
3881 9854
3061 8866
2722 9211
2181 8668
2983 8958
3177 9480
2188 8687
2311 8289
2368 8231
2952 8931
2216 8644
3969 9964
3447 9241
2814 9104
2595 9037
2961 8930
3435 9244
2596 9053
2926 8724
4027 9920
3049 8852
2643 9005
3933 9763
2077 8602
3948 9956
3182 9701
2913 8941
2648 9172
4054 9793
3110 9649
2120 8660
3574 9320
2398 8384
3947 9928
3188 9693
4089 9813
3569 9311
2315 8379
2972 8749
3406 9468
3519 9225
3359 9380
2779 8986
3061 8756
2485 8318
2826 8897
2172 8624
3261 9581
2071 8645
2418 8358
3539 9226
3523 9250
2875 8921
3994 9846
2733 9027
3152 9663
4084 9729
2235 8525
2190 8569
4039 9776
3176 9616
2935 8846
2172 8581
3988 9838
3064 8710
2573 8207
2128 8797
2285 8957
3727 9375
2049 8721
2170 8809
4036 9687
3886 9529
2482 9125
3859 9482
3313 9963
3795 9422
3900 9501
3280 9973
3708 9306
3905 9577
4073 9664
2405 9038
3206 9896
3857 9504
3941 9558
3845 9522
3255 9870
2776 8418
2933 8526
2228 8946
2479 9191
2907 8471
2520 9111
3643 9323
2599 8311
2333 9039
2064 8770
2900 8450
2486 9196
2932 8489
2583 8265
3147 9771
3586 9318
2415 8990
2658 8208
2397 9006
3609 9324
3703 9231
2396 8996
2509 9137
2201 8934
3805 9309
3042 8548
2928 8697
2133 8924
2925 8678
3204 9737
3092 9882
2206 8714
2209 8757
3730 9222
2156 8949
3201 9759
2176 8734
3258 9755
2442 9007
3604 9393
3856 9658
3636 9374
3109 9865
2624 8436
2627 8439
3672 9453
3519 9989
2834 8617
2794 8276
3919 9615
3973 9543
2412 9134
3018 8451
2602 8416
3984 9562
2399 9105
3998 9552
2984 8570
3793 9227
3173 9861
2819 8673
2222 8778
3609 9459
2087 8907
2893 8609
2214 8790
3080 9976
3098 9960
2787 8214
2383 9139
3216 9836
3855 9714
2487 9032
2880 8258
3772 9663
3990 9374
3818 9697
3603 9475
3001 8362
3036 8394
2186 9117
2836 8201
2814 8672
2286 9201
2537 8899
2847 8244
3806 9712
3918 9313
2106 8970
2970 8361
3784 9726
3490 9884
2703 8644
3456 9932
3912 9241
2590 8522
4092 9387
2551 8875
2833 8271
2511 8879
3740 9724
3917 9260
2930 8208
4086 9365
2883 8230
2965 8435
2139 9021
3676 9525
2432 8940
3868 9329
2520 8873
2060 9080
2915 8214
3036 8285
2615 8625
3802 9554
3726 9478
3517 9783
3441 9981
3766 9531
2319 8863
2647 8645
3333 9879
2655 8649
2103 9133
3935 9412
3443 9964
4072 9290
4025 9232
2168 9170
3849 9404
4049 9321
2226 8969
3493 9758
2525 8800
2539 8789
2503 8824
3067 8260
2067 9171
3655 9607
2192 9044
2718 8535
2179 9033
3612 9687
2928 8380
2359 8954
2888 8325
3728 9566
3903 9456
3354 9931
3723 9562
2760 8474
2944 8275
2366 8929
2778 8504
2446 8812
2157 9097
2571 8687
2419 8852
2922 8333
3750 9549
4003 9295
2622 8659
3712 9583
2610 8650
3024 8232
3972 9341
3588 9725
3497 9808
2247 9413
2671 9830
2439 9610
2126 9281
2637 9819
2760 9950
3700 8802
3185 8297
2430 9563
2271 9458
3820 8897
2135 9325
2682 9787
2057 9288
4060 9118
2053 9281
3872 9069
3759 8930
2466 9713
3932 8960
3775 8919
3459 8680
3930 9002
3317 8324
3779 8882
2407 9491
3443 8454
2809 9858
3180 8215
3423 8482
3796 8874
2058 9354
2754 9795
3931 9176
3945 9198
2955 9986
2134 9414
2171 9449
3264 8276
4032 9045
3564 8567
3791 8788
4088 9060
2514 9584
4071 9027
2708 9779
3374 8581
3942 9162
2346 9605
3857 9120
2513 9568
3698 8902
2104 9358
4014 8984
3293 8298
3995 8995
3553 8538
3642 8836
3925 9194
3692 8915
2261 9322
2360 9607
3641 8953
3237 8289
2698 9804
2506 9485
2184 9280
4037 8972
3561 8480
3469 8515
2627 9873
2109 9448
4075 9021
3359 8646
3193 8344
4058 9019
2815 9756
2197 9341
2222 9311
3707 8841
3095 8419
3721 8831
3936 9110
3514 8515
2088 9426
3664 8878
3896 8762
3130 8505
3695 9068
4002 8868
3090 8469
2178 9614
2974 9870
3343 8223
4045 8926
3538 8390
3413 8258
4052 8947
3386 8211
3738 9141
2594 9997
3358 8236
3257 8577
2247 9725
2534 9432
3381 8307
3431 8225
2410 9261
2141 9485
3418 8203
2992 9958
2845 9802
3112 8560
3600 9033
3720 9172
3555 8320
2511 9386
4049 8884
3941 8706
3488 8391
4073 8833
2450 9471
2670 9987
2465 9422
2546 9344
3900 8772
2531 9370
3660 9015
3247 8659
2201 9497
3921 8919
2290 9594
3577 8304
3963 8951
3613 9104
3367 8360
3248 8511
2461 9229
2333 9352
3828 9059
4014 8761
3946 8947
3298 8571
3704 9190
3619 9148
3341 8338
3084 8620
2052 9638
3812 9025
2232 9503
2491 9234
3647 9109
2938 9936
3709 9175
3770 8977
3376 8321
4016 8816
2069 9689
2253 9473
2449 9284
2266 9484
3684 9148
3652 9116
2177 9563
3479 8267
3773 9059
3714 9052
2507 9237
2193 9585
2498 9249
2816 9957
3760 9026
3340 8447
2274 9495
3073 8695
3973 8828
3570 8206
4032 8764
3730 9070
3739 9063
4078 8679
3283 8920
2730 9383
2848 9519
3411 9035
4006 8639
2237 9895
3103 8708
3373 9014
3993 8634
3133 8729
3834 8402
3114 8706
2075 9778
3803 8439
3174 8779
3849 8487
2250 9957
3594 8229
4027 8585
3809 8404
2562 9271
2775 9452
3605 8279
2051 9802
3563 9127
3606 8283
2070 9794
2303 9899
2920 9532
3249 8932
3445 8995
2762 9373
3031 9609
3144 8726
2280 9910
3518 9182
4021 8661
3287 8885
3528 9130
2979 9670
3538 9146
2174 9751
2612 9310
2900 9510
3651 8241
3547 9129
3610 8296
2286 9885
4024 8652
2740 9417
3711 8443
2630 9423
2254 9796
3328 9099
2734 9248
2068 9882
3047 9588
2599 9396
2438 10000
2755 9301
2583 9359
3825 8297
2238 9767
3489 9018
3592 8341
3706 8420
2214 9785
2237 9762
3747 8193
2785 9282
3741 8249
3368 9103
3701 8412
3439 9156
3736 8245
2239 9745
3584 8367
3989 8484
3295 8811
3638 8322
3980 8507
4041 8561
2634 9456
3976 8503
3357 9181
3613 8414
3013 9472
3226 8791
3813 8247
4026 8559
3188 8876
2684 9373
3895 8661
2208 9795
3107 8901
2576 9465
2870 9691
3898 8663
3496 9048
3772 8271
2865 9669
3192 8847
2834 9705
2191 9842
2537 9961
3971 8326
3162 9052
2416 9849
2486 9915
3512 8886
2719 9617
3006 9391
3863 8192
3728 8625
2341 9739
3339 8765
3646 8456
2733 9627
2709 9646
3572 8907
2955 9417
3152 8979
3101 9049
3782 8591
2449 9947
4056 8339
3872 8301
3817 8612
3351 8793
2339 9847
3507 8935
2735 9718
3692 8501
3532 8855
3204 9179
3923 8243
2435 9954
2538 9867
2643 9527
3726 8683
3863 8305
3630 8521
2512 9912
3761 8665
2857 9283
3943 8200
3926 8229
3310 9110
3145 9011
2456 9955
2588 9569
3866 8347
2354 9907
3173 9191
2801 9589
2544 9845
4064 8294
2565 9603
3128 9151
2843 9360
3124 9144
2448 9732
3974 8223
2456 9733
3830 8553
2780 9597
2645 9713
3341 8872
2918 9409
3452 8916
2707 9528
2742 9590
2793 9517
3307 9007
2374 9865
2641 9630
3236 9067
3167 9102
3489 8821
4033 8218
2817 9434
2403 9919
4025 8295
4012 8306
2548 9771
3213 9064
2380 9897
2402 9866
2551 9755
3642 8648
3192 9099
2660 9628
3358 8933
3022 9266
2860 9426
4287 8382
4641 8736
5705 9805
4278 8383
5686 9789
5866 9959
5037 9145
5341 9416
4675 8793
5785 9860
4762 8837
4896 8961
5288 9354
4660 8720
5158 9217
5234 9308
4620 8765
5718 9825
5225 9296
5778 9899
5584 9710
4777 8940
4390 8545
5212 9239
4971 8998
4455 8490
5051 9205
4892 9043
5032 9212
4936 8988
4107 8274
5337 9350
4948 9012
4530 8657
5609 9615
4753 8950
4132 8269
5157 9292
5612 9606
5573 9641
5665 9805
5882 9867
5180 9288
5255 9457
5851 9900
4164 8254
4627 8813
5124 9339
5265 9235
5110 9074
5697 9927
4834 8804
4399 8615
5686 9913
5759 9967
4871 9107
4655 8888
4198 8447
4150 8367
4662 8851
5100 9028
5481 9667
4202 8385
5203 9471
4779 8731
4182 8423
5185 9461
5233 9414
4592 8496
5354 9256
4869 9158
4788 8816
4223 8377
5516 9540
5069 8964
5554 9592
5815 9851
5406 9681
4296 8216
4657 8928
5481 9661
5068 8987
5386 9683
5030 9087
4413 8664
4864 9189
5132 9451
4676 8877
5641 9955
4450 8588
4249 8310
5356 9219
4886 9188
4684 8895
4980 9088
4280 8268
4768 9122
5319 9666
4262 8623
5426 9272
4414 8237
4486 8350
5176 9508
5128 9494
5403 9220
4951 8822
5083 8959
4850 9173
4602 8402
5050 8850
5019 8883
4527 8326
5669 9998
5031 8842
5339 9707
4637 9001
6051 9878
5593 9440
4703 9062
5415 9244
5902 9777
5701 9986
5267 9690
5390 9287
4199 8488
4827 9096
4318 8584
4884 8771
5221 9522
4522 8433
6131 9896
4306 8590
5040 8943
4139 8520
4823 9139
6117 9856
4496 8440
5732 9998
5447 9259
5265 9697
4518 8406
4711 8977
5893 9853
4134 8543
4870 8835
5522 9242
5538 9258
5204 9688
4776 9020
5252 9490
4626 9093
5520 9224
5079 8782
5409 9400
4104 8599
5794 9987
5939 9883
5989 9934
5591 9336
5302 9478
4849 9031
5606 9310
4261 8477
4695 9197
5497 9411
5557 9225
6048 9827
4136 8685
5515 9293
6089 9742
5254 9550
4651 9186
4412 8438
4246 8541
4204 8608
5058 8720
4434 8321
4716 9151
5965 9876
4153 8674
4347 8484
6102 9737
5619 9234
5244 9620
5491 9371
4365 8422
5157 9673
5974 9914
5959 9908
4272 8519
5287 9552
4809 9010
4194 8803
5016 8601
5749 9328
5852 9425
4408 9014
4746 8324
5169 9790
4390 9010
5797 9392
5000 8598
4258 8892
4309 8949
4167 8805
4111 8741
4562 9209
4822 8445
4250 8887
4267 8857
4999 8624
5256 9906
4647 8219
4845 8400
5262 9934
4514 9184
4227 8903
4723 8245
5791 9430
4346 8883
4919 8573
4361 9029
4824 8332
4510 9163
4109 8795
4636 8266
4231 8927
4121 8769
4412 9062
5961 9495
4307 8845
4769 8446
5875 9365
4649 8257
5349 9877
4973 8473
5014 8675
6075 9677
4900 8531
4274 8911
5192 9782
5859 9313
5865 9326
5851 9296
4229 8718
6042 9482
5671 9398
5369 9834
5528 9995
4989 8682
5737 9457
5261 9744
5734 9464
4383 9147
5010 8505
6027 9511
4397 9113
5082 8546
6069 9487
5074 8558
5093 8539
4635 8415
5220 9888
4581 9000
4682 8327
5306 9833
5982 9611
5787 9282
5255 9821
5227 9911
5938 9681
5143 9970
4942 8616
5254 9838
4583 8974
4263 8778
4254 8810
4880 8682
4156 8903
5960 9654
5562 9918
5707 9549
4672 8518
4647 8481
4396 8742
5823 9653
5833 9668
4359 8713
5757 9587
4773 8629
5559 9894
4821 8642
5402 9731
4182 9037
6122 9460
4423 8792
4316 9213
4176 9075
5711 9576
5818 9611
4489 8891
5387 9784
4731 8527
5730 9557
5760 9661
5925 9242
6099 9452
4826 8677
4395 8810
5008 8403
4230 9157
5475 9766
4190 8987
5730 9513
5684 9594
5844 9626
4860 8620
4189 8975
4341 9127
4520 8955
5389 9816
6132 9379
6101 9355
5568 9889
4523 8906
5227 9985
5555 9945
4159 9038
6112 9365
5702 9521
5722 9504
4721 8459
6121 9362
5618 9868
5749 9483
4471 8946
5544 9773
4287 9013
5891 9352
4296 9029
6019 9230
5501 9966
5470 9933
6065 9253
4361 8861
5598 9801
4694 8654
4520 8753
5764 9496
5501 9951
6012 9433
5779 9530
4835 8521
4235 8993
4557 8807
4391 8844
4903 8328
5881 9546
6037 9262
5634 9662
4439 8938
5495 9908
4647 8676
5581 9734
5495 9914
4348 9005
5865 9531
5901 9429
5998 9357
5802 9548
4329 8966
4156 9167
4994 8312
4640 8666
4897 8413
5632 9724
5719 9641
4640 8670
4789 9909
4500 9623
4394 9513
5408 8486
4102 9230
5578 8647
5957 9035
5976 9032
4366 9502
5229 8316
4742 9874
5250 8342
4676 9822
5190 8284
4133 9278
5629 8673
5443 8546
5740 8783
5929 8973
5404 8506
5147 8246
6126 9152
5558 8581
4841 9949
4830 9960
5636 8755
5322 8435
5796 8857
4790 9864
5880 8902
5569 8576
4863 9915
5391 8519
5407 8534
5770 8896
4595 9636
4560 9613
4311 9353
4971 9999
6024 9197
5434 8543
4970 9999
5462 8496
5863 8847
5499 8466
5249 8426
5202 8255
4744 9978
6018 9207
4645 9810
5674 8786
5800 8913
4268 9431
5794 8926
5950 9024
5141 8342
4192 9445
5710 8898
4297 9287
5488 8703
4460 9699
4569 9546
5956 9168
4322 9335
4233 9233
5549 8499
5400 8583
4110 9388
4328 9291
5681 8859
5315 8303
4374 9659
5268 8228
5637 8885
4742 9781
5616 8516
5352 8272
6119 9054
5456 8684
5609 8533
6115 8994
4541 9598
5156 8431
5338 8202
5369 8233
4166 9364
4576 9523
5852 8712
5489 8614
5182 8421
4684 9879
4325 9273
5596 8510
4183 9395
5608 8462
5486 8580
5631 8467
5485 8579
4770 9810
5477 8597
5427 8640
4652 9945
5105 9990
4461 9623
4958 9820
5741 9067
4563 9428
4531 9402
5634 8968
4351 9717
4213 9599
5397 8217
5803 9126
5853 9168
5619 8445
5483 8293
5526 8344
5361 8702
5042 9898
4451 9283
5526 8370
4336 9686
5027 9866
5792 9098
5127 8493
5514 8356
4264 9626
4416 9336
5996 8788
5604 8413
5471 8291
5877 9161
4876 9777
4537 9348
6068 8843
5765 9153
6139 8892
4354 9285
4477 9268
5215 8465
4140 9571
4580 9399
4360 9307
5320 8606
5586 8330
5308 8676
5393 8304
4917 9811
4872 9829
4984 9750
5102 9881
5387 8305
5141 8555
4410 9285
6136 8824
4522 9258
5199 8655
5373 8574
4271 9506
5547 8230
5418 8356
4460 9443
5167 8633
5904 8839
4958 9926
4286 9505
5529 8198
5654 9142
4970 9929
5812 8976
6054 8705
4957 9974
4540 9232
4561 9343
4433 9441
5236 8643
5532 8235
4914 9864
4403 9359
4242 9518
4571 9319
4957 9952
5094 9817
5144 8664
5552 8308
5219 8615
4877 9930
5373 8500
5974 8858
6101 8728
4440 9366
5002 9797
5847 8963
5621 8227
5162 8694
5331 8463
4151 9704
5151 8640
5028 9796
5545 8266
5043 9817
5007 9828
5966 8895
4854 9996
4509 9319
6044 8807
5038 9811
5500 9083
5474 9061
5849 8401
4912 9534
6026 8601
4282 9890
5775 8338
4934 9560
5029 9609
4646 9227
6034 8637
5468 9070
5627 9155
5911 8494
5099 9680
5584 9199
5605 9124
4337 9917
5988 8502
5166 8829
5149 8776
4167 9758
5420 9077
4774 9467
5342 8894
4819 9395
5922 8518
5173 8797
4250 9968
5003 9696
4901 9545
5651 8319
5010 9727
4466 9986
5341 8876
4703 9438
5180 8889
4720 9462
5226 8956
4969 9727
5171 8868
4868 9619
5845 8268
5932 8630
5222 8957
5276 8704
5290 8713
4524 9994
5496 9171
5524 9017
5982 8689
5900 8637
5263 8763
5819 8205
5052 9483
5832 8306
6121 8530
4299 9840
5386 9143
5216 8864
5932 8685
5189 8844
4127 9939
5249 8780
4304 9759
5437 9202
5454 9114
5150 8905
5375 8744
4955 9600
5034 9590
5774 8272
5595 8965
5212 8893
4664 9434
5383 9188
4222 9885
6045 8569
5700 8352
4977 9620
5361 8724
5452 9131
4216 9887
5698 8363
5515 9057
6095 8511
4335 9757
5301 8774
4123 9967
5850 8226
5011 9578
5844 8234
5701 8512
4517 9888
5635 8453
5632 8455
4569 9940
5819 8628
5365 9185
5131 8991
4898 9268
5349 9203
5716 8514
4802 9692
6030 8366
5592 8952
4889 9279
5908 8253
5711 8544
4556 9980
5142 8997
5401 8746
5067 9458
5396 8749
4603 9925
5240 9031
5057 9344
5957 8192
5695 8567
5550 8935
5045 9470
5948 8307
5744 8481
6137 8352
5489 8746
5508 8920
6010 8216
4534 9940
4474 9753
4916 9299
5098 9350
5673 8517
5578 8869
5321 9149
4757 9696
4895 9312
5546 8917
6135 8316
5867 8551
5736 8678
4499 9729
5438 8874
5610 8831
4378 9859
5589 8821
5246 9180
5360 9046
5228 9159
5946 8334
4872 9406
5724 8683
5943 8335
5507 8764
4600 9784
5529 8792
5640 8641
5510 8781
5120 9175
4722 9640
6019 8281
5937 8430
5761 8547
5435 8927
4388 9923
5848 8498
4937 9379
5992 8327
4993 9332
5243 9100
4648 9680
5675 8658
7608 9657
6607 8653
6620 8670
7615 9660
7435 9486
6983 9025
7707 9757
7146 9184
6342 8397
7224 9270
7058 9093
7341 9397
7420 9440
6703 8717
7739 9747
6400 8489
7870 9872
6934 9016
6291 8355
6926 9023
6536 8635
6491 8556
7732 9736
7519 9569
6626 8668
6711 8818
6670 8774
7231 9333
7468 9574
7138 9129
6311 8426
6589 8688
6807 8921
7679 9648
7867 9966
7860 9965
6654 8610
6265 8221
6556 8698
7773 9786
7371 9403
6936 9066
8051 9995
6643 8586
6801 8942
6221 8393
6635 8545
6882 8809
6347 8256
7898 9794
6203 8354
7658 9547
7795 9937
6798 8748
7762 9977
6352 8288
7830 9764
7751 9969
7326 9255
7924 9807
6950 9115
8132 9984
7110 8963
7142 8992
7705 9950
7531 9632
7466 9703
7660 9507
7819 9819
6298 8264
7009 9138
6677 8898
6245 8382
7067 9024
6309 8312
7347 9326
7557 9575
6742 8884
7859 9815
6247 8322
6166 8432
7556 9578
7634 9533
6950 9161
6998 9126
6923 9214
6188 8409
6402 8693
7729 9926
6160 8424
7538 9608
7189 9454
6763 8853
7657 9445
6343 8649
7938 9746
7011 8818
6220 8529
7000 8773
6238 8512
6696 9015
6865 9200
7455 9277
7150 8909
6653 8408
6897 9177
6554 8373
6302 8623
6419 8224
7163 8909
8132 9979
7022 8750
7480 9338
6338 8582
7461 9324
7080 8931
8022 9734
6990 8731
6499 8244
7020 8758
6674 9036
7226 9573
6541 8429
7566 9454
6358 8626
7170 9572
7469 9284
6987 8742
6964 8794
7208 9565
7983 9818
6891 9117
7346 9674
7984 9803
7599 9427
7364 9656
7678 9346
7085 8745
7501 9418
8074 9732
6190 8639
8116 9765
7236 9682
7111 8784
6399 8551
6444 8329
7085 8714
7606 9246
6780 9174
8139 9831
6949 8840
6272 8493
8182 9816
7144 8775
6497 8401
6211 8688
7114 8830
7186 9637
8169 9813
7198 9633
8000 9859
6671 9183
7579 9295
7591 9330
7953 9929
7943 9949
6411 8400
6820 9082
7986 9965
6943 8896
6832 9040
7955 9976
7343 9537
6894 8988
6611 8228
7261 9632
6967 8905
6725 9147
7179 9738
8049 9586
6598 9155
6638 9193
8065 9608
7961 9493
6876 8403
7870 9389
6332 8871
6160 8715
7988 9512
6355 8951
7214 9735
7154 8669
7904 9424
6906 8395
6872 8430
6690 8212
6632 9169
6904 8386
7972 9496
7270 9763
6785 8388
6745 8201
6251 8762
7831 9409
7699 9289
7327 9924
7255 9783
7194 9850
7265 9728
8138 9646
7950 9572
7235 9768
7941 9579
7782 9238
7282 9730
6887 8343
6389 8838
6465 9012
7718 9306
6284 8944
6697 8279
6362 8795
6589 9016
7868 9264
7046 8468
7296 9749
6559 8970
7142 8563
6205 8869
7135 8517
7925 9320
7942 9638
6287 8740
8008 9702
6760 8410
6754 8407
6970 8591
6883 8282
7296 9789
7685 9400
6949 8603
7149 8530
6731 8331
7035 8632
6934 8661
7398 9775
6865 8219
6683 8395
6528 9041
7139 8502
6366 8715
7234 9877
6566 9073
6605 8980
6765 8375
6597 8991
6152 8914
7175 9959
7136 8449
6174 8948
6557 9072
7882 9276
6197 8910
7951 9231
6317 9132
6252 9071
7646 9947
8126 9401
6357 9181
6857 8642
6827 8613
7109 8407
7865 9644
7475 9770
6768 8554
7849 9651
6540 8877
7030 8277
6293 9136
6977 8299
7908 9679
7763 9597
7731 9475
7490 9843
6810 8617
7491 9846
6549 8867
6505 8798
8175 9432
6657 8504
7125 8337
7156 8368
8000 9221
7948 9291
7515 9746
7628 9862
6603 8833
7910 9645
6818 8691
6662 8532
7034 8232
6328 9198
6996 8195
7856 9708
7642 9863
7837 9721
6656 8552
6685 8565
6975 8275
7268 9993
7995 9301
6758 8470
6737 8483
6339 9136
7281 9988
8026 9261
7845 9682
7526 9752
7944 9335
7518 9948
7628 9792
6905 8566
7843 9523
6948 8376
7160 8280
6853 8550
6621 8830
6582 8722
8101 9216
6518 8915
7333 9997
6692 8591
6524 8913
7844 9494
7524 9937
6528 8758
6237 9195
6484 8943
7559 9786
8071 9272
7865 9595
7851 9576
6166 9169
7979 9443
7668 9785
7999 9455
7969 9459
8136 9245
7937 9437
7041 8287
6540 8787
7861 9558
7688 9709
6211 9124
7952 9465
7123 8250
6738 8638
6934 8420
7794 9604
8022 9390
7887 9526
7823 9589
6710 8653
6953 8404
7994 9415
6399 8961
6791 9860
6629 9708
8052 9085
8028 9042
7599 8608
7403 8443
7230 8239
6565 9649
7964 8966
7357 8353
6202 9255
7378 8434
7516 8572
7605 8596
8119 9107
8170 9165
7389 8442
6403 9514
7350 8346
7252 8314
6192 9246
8104 9119
7893 8942
6172 9248
7323 8357
6706 9842
7317 8405
6587 9721
6186 9327
7565 8651
7815 8908
7669 8632
7256 8213
7912 8870
6537 9694
7970 9080
7461 8516
6787 9953
6210 9252
6886 9857
7338 8397
6559 9720
7679 8600
7508 8510
6471 9527
7554 8690
7656 8603
7939 9079
8167 9114
6446 9553
6189 9298
6178 9376
7205 8359
6426 9625
6453 9660
7394 8299
6354 9304
7590 8491
6899 9827
7997 9135
6660 9873
6335 9252
6310 9218
6642 9559
7505 8697
6806 9767
7271 8405
6860 9848
7589 8464
7333 8292
8160 9000
6161 9410
7836 8777
6532 9555
6613 9474
8056 9123
8140 8979
7478 8681
7227 8411
6847 9823
7972 9158
6222 9389
6173 9470
7249 8373
6601 9518
7335 8270
8032 9097
8164 8975
6516 9624
7588 8520
6426 9719
6728 9893
6909 9747
6891 9754
7238 8372
6199 9410
6148 9468
7305 8309
7724 8914
6401 9217
7108 9920
7127 9939
6646 9469
7303 8587
6546 9372
7169 8466
7248 8523
7394 8700
6278 9639
6993 9840
7247 8557
6939 9788
7383 8700
6321 9628
8126 8848
7580 8370
7453 8234
7063 9903
7026 9801
7765 8982
8040 8748
6156 9545
7987 8820
7315 8660
8151 8863
7741 9079
6199 9593
6494 9233
6295 9666
7093 9954
7917 9141
8101 8959
7571 8393
7393 8634
6215 9499
7251 8462
7450 8260
6225 9521
6533 9444
7069 9982
8019 8752
7784 8972
6399 9627
6473 9262
7872 9128
6224 9529
7376 8636
8103 8906
6278 9718
6771 9984
7647 8363
7467 8273
7414 8587
7388 8540
8142 8781
6172 9625
7625 8256
8157 8785
7141 9832
7545 8438
7371 8536
8115 8736
6369 9588
7556 8210
7858 8978
6207 9631
7553 8236
6214 9712
7362 8564
6995 9962
7680 9152
8005 8846
8117 8827
7692 9183
7287 8609
8129 8727
7243 8604
6483 9348
8035 8890
7089 9839
7437 8421
7367 8488
8189 8716
7155 9735
7868 9034
7636 8226
7201 8662
7066 9826
6493 9383
7304 8565
6348 9932
6168 9744
7076 9647
7674 9195
6327 9890
7787 8317
7995 8492
8001 8537
7587 9145
7960 8451
7071 9602
6913 9500
7281 8787
7661 9161
7091 9624
7637 9209
7767 8314
6354 9953
7792 8263
6944 9500
6306 9887
7820 8369
7552 9150
7106 9606
7942 8526
7992 8560
6395 9906
6146 9814
7115 9630
8154 8591
7899 8333
6940 9540
7880 8340
7592 9205
6273 9951
7014 9477
6659 9317
7732 8274
7850 8387
7279 8709
6198 9821
7288 8725
7057 9724
7137 9615
8075 8699
7861 8389
7260 8743
6760 9239
7642 9051
6396 9854
7991 8629
6967 9650
7173 8832
7424 9095
6165 9886
7837 8204
7202 8880
8050 8679
8091 8461
7957 8579
7718 8369
6694 9404
7807 8418
7188 8880
7008 9670
7734 8348
7610 8976
6398 9812
8094 8494
7858 8193
7815 8242
6361 9836
7482 9103
7980 8596
6994 9706
7240 8944
6782 9412
6706 9353
7965 8611
7776 8353
7114 9481
6244 9889
7045 9536
7430 9166
8051 8635
7250 8856
7161 9524
6305 9841
8118 8556
7489 9119
6749 9346
7838 8318
7300 8804
7307 8808
6718 9435
7760 8374
7426 9194
7892 8250
6351 9791
6297 9835
7539 9095
7511 9121
7951 8696
8176 8456
7550 9092
8166 8475
7336 8791
7879 8248
7303 9091
7008 9318
7497 8772
8014 8259
7428 8723
7804 8544
7970 8255
7910 8647
6681 9534
6626 9943
6227 10000
7377 9108
6832 9722
7241 8967
7758 8448
7499 8730
8163 8369
6851 9617
7684 8528
8081 8389
6649 9903
7747 8468
7314 9161
6958 9331
6526 9761
6819 9665
7147 9356
6612 9916
7038 9237
8011 8251
6874 9642
6625 9875
8108 8408
7001 9249
6991 9269
8125 8390
7481 8775
6648 9849
6467 9921
7454 8859
7516 8923
6914 9349
6556 9749
7438 8837
6770 9726
8100 8233
6915 9357
7400 9083
7817 8467
6498 9977
8033 8385
7725 8588
7839 8501
6719 9621
7073 9226
6679 9658
7306 8999
6596 9835
6553 9768
7297 9011
8031 8419
6411 9930
8027 8345
7989 8432
6619 9756
7064 9297
7928 8497
6911 9524
7186 9177
6792 9542
7384 8982
6527 9904
7852 8568
7485 8936
6433 9981
6554 9799
6459 9945
6849 9509
8071 8311
7368 9008
7998 8387
7889 8495
