100 101
40 41
8 10
32 34
84 86
93 95
81 83
17 18
21 22
89 90
74 76
27 28
41 46
67 68
6 14
54 62
55 63
5 12
86 95
38 44
55 61
2 9
33 45
69 73
33 47
23 25
70 72
65 79
66 77
2 18
75 91
13 31
7 20
8 28
13 25
3 23
68 80
39 50
75 94
6 16
74 92
79 87
76 85
12 22
72 83
67 88
73 85
14 19
3 29
66 92
1 30
65 94
5 37
10 40
15 45
64 98
15 43
11 44
4 35
24 48
27 50
1 43
26 48
4 46
9 34
78 96
31 47
19 35
20 39
82 97
80 100
84 96
17 36
7 49
30 38
11 49
16 42
24 36
29 32
26 37
21 42
53 99
52 99
58 98
56 100
60 97
57 89
59 91
63 88
61 87
57 82
54 90
51 93
62 81
52 64
51 70
56 78
32 87
53 77
60 71
58 71
59 69
