1000 1000
88 89
693 695
425 427
345 346
73 74
683 687
561 564
56 62
384 390
344 351
501 509
308 318
241 251
485 489
484 488
64 77
147 158
310 312
949 955
288 303
274 285
758 761
357 362
105 121
872 891
847 860
68 80
359 370
399 409
815 825
745 767
204 218
66 91
879 882
93 125
857 888
221 255
962 993
142 170
343 371
279 305
537 575
209 246
10 34
256 296
479 502
664 689
513 555
968 994
401 443
598 637
653 673
206 227
26 55
835 877
593 609
156 172
729 747
522 568
211 225
7 52
198 243
198 252
794 801
652 689
927 930
667 677
899 957
452 507
420 484
826 891
649 712
417 482
51 119
403 471
828 889
294 355
521 590
691 763
674 746
821 892
814 869
160 237
699 758
792 853
181 248
286 337
42 122
672 752
774 855
172 254
188 239
518 597
306 353
652 735
640 723
896 980
17 71
542 580
49 107
319 355
292 376
441 486
526 593
692 724
170 202
152 249
428 461
648 746
428 463
301 328
10 111
151 242
796 889
682 719
390 483
261 364
133 233
548 585
570 597
315 329
275 353
61 78
395 509
571 578
40 81
271 374
954 966
130 253
289 419
559 684
543 663
13 135
93 214
579 718
839 969
526 640
303 416
309 421
299 443
553 696
515 657
100 247
120 235
594 710
118 226
341 448
296 445
70 208
79 216
375 494
812 949
298 435
308 424
305 429
789 904
851 973
295 440
2 162
25 185
19 178
258 416
304 404
636 728
535 690
378 477
85 252
18 187
356 462
625 733
563 671
281 437
27 182
373 472
370 476
350 496
868 971
364 451
335 510
791 934
828 910
26 169
622 730
9 189
5 177
531 678
567 642
21 163
117 195
877 981
521 688
378 451
601 736
269 439
115 206
795 934
109 211
602 741
349 413
313 504
620 686
629 694
325 384
524 714
874 940
87 144
629 700
8 193
571 759
557 737
883 958
546 748
768 975
875 955
272 449
274 448
550 757
576 660
837 912
599 655
538 707
79 150
854 908
871 956
345 389
366 434
297 500
113 175
292 506
547 765
379 411
314 474
803 963
895 920
545 715
520 738
826 977
598 701
874 897
579 680
63 210
317 464
854 952
320 432
23 231
802 978
527 767
563 705
72 187
276 487
60 207
264 508
289 468
32 213
844 954
885 898
573 829
219 475
527 783
95 350
59 314
176 433
94 348
519 773
197 455
2 257
697 959
142 392
532 787
650 909
134 398
524 772
642 904
75 326
631 890
708 970
696 950
255 495
540 780
725 965
224 497
138 411
711 982
548 821
205 478
675 944
603 845
195 469
135 400
609 886
528 775
621 884
32 316
53 297
104 372
47 306
533 776
146 396
114 365
683 906
70 356
751 972
764 991
236 463
562 785
128 422
584 865
762 979
126 338
25 311
620 835
77 381
619 859
660 933
176 386
615 862
759 972
561 778
536 804
622 850
151 427
39 281
536 807
203 395
20 340
84 276
215 406
203 398
632 831
515 843
106 290
191 501
238 420
149 478
721 922
704 907
59 374
713 900
103 311
659 960
217 394
241 421
628 801
11 349
618 829
242 421
180 492
541 837
564 876
582 798
101 316
180 494
182 492
38 380
586 784
161 507
606 770
657 973
96 317
735 897
69 282
715 937
592 818
763 920
673 962
528 883
225 388
250 412
97 263
713 943
33 326
246 414
166 462
208 441
610 776
638 786
165 457
173 449
544 844
146 511
165 459
36 331
55 344
684 963
743 919
202 442
207 446
626 771
658 995
742 916
167 469
156 488
56 333
244 385
150 483
40 336
525 885
228 413
95 293
538 864
46 341
126 258
214 426
727 939
138 503
192 445
60 321
749 914
197 325
215 343
132 261
654 783
754 880
589 974
572 948
112 510
52 442
566 953
654 798
633 1000
674 817
50 422
520 925
626 999
665 782
568 943
576 987
171 304
229 382
243 367
727 843
184 295
662 822
551 903
22 438
635 984
693 784
87 497
553 900
549 917
45 412
612 982
638 970
517 945
554 926
48 389
21 418
601 992
575 901
739 857
232 339
600 996
570 902
643 831
702 769
731 795
694 884
164 358
213 279
543 987
14 458
83 407
47 490
704 773
84 401
201 270
743 800
139 332
121 433
707 778
131 330
616 929
75 391
516 971
191 367
72 409
152 329
22 452
143 346
591 921
676 882
220 260
737 824
698 864
749 822
153 322
158 322
669 834
644 869
757 788
566 983
677 839
560 979
702 858
590 936
129 361
718 806
603 946
634 913
604 951
28 496
615 906
18 508
240 287
102 393
230 265
712 824
687 863
551 980
682 863
39 465
212 290
740 787
228 284
688 841
676 861
661 878
709 830
48 460
600 932
636 896
65 444
591 945
630 905
238 273
249 761
17 529
300 813
43 552
68 583
467 983
167 675
373 893
470 989
347 848
282 791
157 656
92 594
309 827
137 646
1 529
247 741
267 799
386 917
76 596
43 562
300 823
340 847
49 554
472 964
154 646
29 512
237 755
8 534
337 846
263 807
101 581
65 611
41 523
375 852
34 518
110 587
155 701
493 965
291 779
405 956
271 806
193 747
3 552
91 624
419 911
369 860
286 816
368 862
404 935
439 899
332 890
466 997
74 625
385 957
188 641
248 709
366 849
259 833
336 786
186 760
323 768
145 722
96 547
328 782
495 937
88 534
431 992
30 588
262 853
273 836
140 730
85 514
397 986
115 555
376 802
190 738
132 729
1 604
287 833
352 830
148 756
177 720
227 644
362 770
368 794
44 582
365 774
284 881
310 838
278 871
480 913
360 793
205 703
174 732
129 754
431 988
299 856
320 820
460 952
199 690
485 915
505 911
352 792
137 752
476 935
38 679
457 840
173 559
82 724
455 832
491 867
189 565
86 734
168 546
272 924
388 777
175 545
498 893
148 516
486 886
371 995
280 905
500 870
454 850
477 842
6 670
240 617
283 898
387 799
440 805
89 711
133 539
245 618
194 605
204 595
83 753
31 700
223 635
210 630
260 941
319 918
212 639
216 628
97 716
147 574
221 627
253 589
414 813
381 969
436 769
140 569
339 998
123 717
155 556
267 947
37 665
357 985
307 910
293 922
285 989
338 915
139 586
209 531
259 960
194 513
294 997
179 624
192 517
90 669
363 930
28 726
54 765
80 668
112 703
219 532
46 766
143 607
4 726
434 875
199 541
245 558
464 779
354 959
164 634
270 977
35 706
467 818
113 659
347 953
178 592
62 733
104 651
127 667
12 744
123 670
382 923
145 631
105 655
323 932
333 938
223 567
57 720
392 866
15 740
230 525
254 533
217 565
45 706
307 988
233 537
377 909
116 641
92 681
430 856
360 926
168 607
342 942
393 880
283 993
487 793
315 964
36 805
301 558
15 780
42 812
466 725
54 817
396 651
190 950
423 686
50 827
471 734
94 852
116 894
465 731
24 788
275 540
73 838
99 876
499 764
415 656
475 714
14 796
361 637
118 867
415 650
33 823
504 750
489 766
351 584
125 870
493 753
218 966
408 645
410 647
269 557
108 845
334 623
480 705
9 811
444 671
335 617
141 939
99 842
107 834
98 840
456 739
201 996
81 895
250 981
6 809
481 721
162 914
236 990
277 550
403 672
435 647
402 679
159 938
127 841
266 572
20 803
506 717
16 808
363 595
503 716
154 929
24 804
130 958
454 760
239 976
136 968
461 653
423 742
468 662
505 698
82 790
31 859
7 832
256 585
264 578
280 596
318 627
226 941
298 632
312 619
231 946
251 942
71 785
53 866
244 940
131 991
348 514
234 948
102 772
257 611
51 848
436 722
27 881
124 790
387 751
160 975
64 816
61 846
481 661
11 894
183 961
67 820
474 685
499 649
354 542
453 697
402 748
16 878
23 872
29 925
400 530
473 602
288 678
35 933
174 809
12 901
265 643
86 985
391 535
377 745
331 728
359 755
268 666
184 815
19 907
122 994
302 695
447 549
502 621
321 732
229 888
196 858
450 605
453 613
58 923
432 530
450 608
482 577
324 736
66 998
185 797
278 691
490 588
63 919
37 908
106 961
4 936
383 723
277 699
234 836
117 986
119 967
136 825
222 879
291 658
397 574
3 944
447 523
179 775
134 819
149 800
111 984
456 639
418 539
380 710
181 777
171 789
144 814
369 719
235 811
183 887
232 810
44 1000
424 623
166 865
224 808
430 614
196 781
458 512
426 614
425 612
394 580
157 851
429 610
120 951
438 633
327 663
141 861
220 781
406 583
67 912
473 522
200 797
446 616
161 887
30 967
408 577
302 756
241 810
13 976
110 947
222 771
405 587
498 556
186 868
342 648
410 581
511 544
379 666
268 750
330 680
266 744
5 999
100 903
153 892
479 569
69 931
372 668
128 873
324 685
470 573
114 921
437 606
57 978
76 928
491 519
327 681
78 928
399 608
109 924
407 613
163 855
98 918
58 974
159 873
417 599
41 990
108 916
169 849
103 927
90 931
124 902
334 692
383 645
459 560
262 762
313 708
358 664
