1000 999
158 159
728 729
829 831
36 38
652 655
272 277
787 790
16 21
426 429
769 777
114 123
721 731
67 73
720 734
614 616
262 264
710 713
928 943
225 243
300 318
876 895
653 670
930 945
235 253
68 82
172 187
428 437
940 949
647 668
677 697
811 823
521 533
653 659
474 506
9 41
913 944
473 504
391 421
531 567
590 619
847 874
470 496
641 678
918 958
402 443
283 306
323 362
774 813
283 304
200 227
897 941
67 110
840 869
778 807
770 812
94 112
384 431
3 50
341 356
665 683
340 355
712 754
267 304
204 242
25 39
70 121
162 226
934 998
11 74
290 355
49 112
145 210
681 749
512 581
907 973
151 223
189 247
432 506
423 493
131 207
56 118
827 884
421 490
909 988
191 238
182 228
537 586
186 238
802 886
409 460
401 455
561 615
302 377
914 965
285 325
299 369
59 96
952 997
640 733
908 979
440 487
20 75
901 997
679 711
825 859
132 224
664 764
181 221
281 368
532 637
271 358
528 634
308 350
572 599
818 857
933 971
549 587
447 462
410 488
263 371
144 229
771 886
942 984
441 448
675 735
937 983
57 185
100 229
328 459
259 384
555 680
634 766
85 209
549 673
64 197
4 129
849 983
585 704
40 162
320 458
841 962
787 926
861 976
808 933
2 144
835 977
374 482
370 484
92 202
108 251
97 246
613 767
46 177
572 668
339 498
377 475
8 171
321 485
791 946
839 994
554 655
620 714
785 951
822 912
585 750
343 511
824 915
45 128
617 708
19 190
121 215
280 439
577 753
106 219
339 482
29 175
31 172
865 978
589 761
860 1000
592 741
618 732
518 689
351 488
894 969
36 156
538 675
310 399
826 901
105 214
580 644
372 437
839 902
287 477
342 404
88 155
854 914
69 128
374 435
87 145
291 484
69 141
383 439
603 659
612 686
315 496
126 178
102 169
334 385
598 646
595 643
851 898
295 500
55 227
869 947
628 674
616 702
847 921
891 931
830 999
332 406
856 899
334 405
590 658
368 429
579 669
557 754
885 938
41 200
309 470
286 509
635 671
838 930
573 729
619 654
890 927
99 133
311 465
553 718
848 953
301 455
570 726
297 452
335 418
575 721
571 725
285 495
289 469
15 250
28 233
555 734
382 392
15 248
305 457
541 742
44 208
99 157
142 396
711 965
228 480
567 819
699 959
42 303
72 333
198 448
153 401
45 292
4 271
588 832
79 323
526 768
597 837
239 510
582 852
119 357
104 379
642 919
107 381
165 435
161 438
142 403
629 872
607 833
669 956
35 258
584 875
570 798
217 508
649 943
520 815
546 779
104 322
758 989
601 873
547 786
562 771
603 874
743 981
127 331
596 864
756 961
650 956
166 400
536 800
608 856
53 268
539 801
658 936
83 367
672 926
51 371
120 312
624 818
183 501
18 337
716 911
667 976
209 415
25 329
175 511
610 817
102 309
241 422
157 453
764 932
40 370
118 301
623 820
551 892
82 265
165 505
631 808
48 367
101 261
150 503
80 305
88 313
54 340
638 797
170 463
512 872
523 866
724 957
676 968
630 794
730 950
244 388
249 393
146 483
188 461
222 431
727 934
574 844
757 897
606 810
526 891
760 910
79 313
42 349
522 883
187 450
639 772
667 992
605 806
97 282
73 456
236 365
527 910
640 770
535 917
514 902
680 812
123 510
742 878
22 412
57 434
81 477
222 336
538 916
207 321
575 944
213 346
26 394
600 973
134 275
604 970
151 257
524 923
44 436
722 843
571 929
135 284
578 990
560 941
176 303
534 905
661 778
173 269
631 982
216 380
173 264
535 945
633 990
231 335
564 925
90 499
666 819
218 375
715 870
68 489
164 266
741 842
212 379
12 444
643 816
556 927
22 418
56 398
211 356
255 327
125 453
24 416
62 390
645 828
106 464
230 348
47 405
135 316
670 805
751 850
569 900
713 887
519 952
735 864
126 445
98 417
179 375
46 491
550 993
594 917
2 458
589 900
10 451
601 915
724 799
648 838
690 893
532 987
539 971
212 260
708 789
6 468
695 868
10 478
689 871
186 354
247 302
516 991
608 955
103 444
86 394
61 481
143 338
89 391
105 438
3 476
71 408
686 846
736 768
703 862
137 360
17 499
249 282
122 414
61 472
211 310
198 288
204 299
30 502
649 865
554 961
131 360
152 372
688 861
111 386
622 899
60 467
136 376
117 388
243 258
611 913
201 317
687 858
557 986
178 331
736 793
748 791
536 995
623 916
673 858
636 903
728 803
216 293
550 985
235 747
322 834
270 783
37 545
32 548
18 534
74 591
23 530
95 602
132 641
267 782
203 717
50 565
34 558
400 924
426 935
256 781
404 922
19 540
461 989
20 516
13 540
33 563
262 788
354 887
502 992
115 612
6 529
233 753
245 748
166 703
250 737
272 780
161 700
390 921
141 685
150 695
364 845
63 541
345 893
497 981
449 996
411 958
393 940
351 889
244 723
276 829
139 674
297 773
33 524
274 828
291 780
226 723
319 782
464 994
265 827
296 795
23 546
1 564
407 929
109 602
205 762
382 836
201 755
196 760
252 705
346 794
119 565
369 821
167 739
254 696
396 964
195 650
27 593
288 875
392 966
92 531
508 947
234 698
270 862
87 518
5 596
199 661
290 881
188 744
256 853
31 586
70 528
120 559
185 750
366 822
189 740
169 752
30 580
308 878
35 632
387 991
129 732
402 972
109 525
456 938
490 904
307 848
94 573
210 694
122 543
420 963
500 925
7 622
59 594
43 577
58 598
353 781
287 882
91 552
93 558
293 849
507 911
93 552
449 951
43 605
133 765
220 677
328 817
8 625
38 604
205 694
442 964
359 793
21 618
80 720
168 553
134 519
332 974
65 706
347 984
163 551
422 800
64 712
397 773
202 578
261 908
411 786
326 975
77 705
406 795
487 873
24 662
446 814
475 842
117 740
14 671
486 882
149 513
110 762
230 626
320 982
1 665
100 765
403 777
413 775
208 588
13 657
164 569
34 700
427 820
495 880
373 980
37 647
279 949
509 863
84 759
12 687
361 975
311 912
136 544
397 806
424 772
395 804
232 600
60 652
425 792
450 880
182 514
341 993
407 801
163 533
409 814
478 870
492 854
366 978
194 639
273 942
492 813
466 784
76 654
84 663
140 584
116 688
352 932
27 733
257 967
241 566
111 678
124 691
91 651
171 632
236 568
350 906
434 871
442 879
158 587
125 683
389 851
248 559
344 898
154 576
485 830
239 563
16 717
78 656
289 960
472 826
177 595
138 617
357 896
48 726
433 855
415 888
240 537
269 999
312 979
138 609
65 685
385 877
89 692
5 746
381 909
146 611
373 903
194 566
317 969
153 620
14 763
468 802
454 816
443 835
26 739
497 776
469 809
363 918
85 682
160 607
451 707
66 834
440 697
149 919
454 709
101 866
156 923
362 621
330 579
460 710
452 719
413 662
494 738
72 836
446 691
489 743
363 633
7 789
338 576
476 719
49 804
184 928
419 698
361 627
278 525
498 745
378 615
148 906
501 746
471 759
483 706
316 542
358 581
459 751
254 986
192 996
387 682
234 963
412 693
467 761
224 970
298 513
140 935
447 660
203 998
292 522
86 888
75 868
427 644
307 515
474 745
77 894
232 988
266 574
90 879
296 543
333 628
113 843
54 779
479 737
63 769
462 752
191 896
127 831
242 946
251 955
314 635
300 621
326 517
276 592
107 815
62 889
386 715
279 606
430 738
130 974
66 783
348 529
154 980
324 523
295 630
147 960
481 690
383 556
419 756
52 867
463 663
148 972
343 527
159 966
324 542
215 907
424 757
349 515
47 845
408 763
81 821
83 823
98 774
465 693
220 948
414 758
507 657
214 957
197 937
417 716
342 568
376 520
294 599
273 610
52 832
206 954
96 788
473 684
420 722
237 922
274 613
184 962
466 681
9 884
280 614
55 841
193 959
319 702
137 776
11 905
253 895
436 561
217 860
245 883
268 646
318 692
505 626
58 950
298 676
430 544
330 730
170 825
32 948
260 656
29 904
286 648
193 855
223 840
139 796
479 583
213 844
192 859
206 853
225 890
196 863
53 936
494 624
329 727
364 755
152 824
195 867
103 967
425 521
315 666
221 892
353 707
179 784
294 642
352 709
480 582
28 954
78 1000
190 792
183 799
180 796
143 807
471 638
398 548
306 664
114 985
181 798
124 977
378 725
345 747
180 775
246 837
433 517
278 672
337 744
17 939
95 995
336 749
259 701
491 597
231 805
314 767
432 629
486 545
503 560
263 718
115 953
219 785
167 876
218 790
277 731
130 850
380 684
275 704
284 714
255 809
240 810
174 885
423 636
344 645
416 637
399 593
493 562
252 803
147 881
325 679
428 591
347 696
71 931
389 609
168 846
365 651
281 766
76 939
176 857
113 920
504 530
457 547
410 625
116 920
199 811
174 833
237 797
108 924
359 660
160 852
155 877
395 627
327 701
51 968
39 987
441 583
