10000 10001
2104 2105
1570 1571
6122 6123
261 262
6105 6109
6226 6230
1731 1734
5563 5566
5361 5364
8931 8933
8170 8172
5147 5148
5441 5446
528 536
8215 8222
3925 3934
5970 5977
8962 8974
8290 8302
2518 2523
5044 5049
694 696
9012 9018
4716 4732
3784 3800
5666 5682
6017 6032
5422 5439
1959 1973
9414 9428
3939 3952
6917 6934
5090 5105
5001 5018
6049 6069
7372 7384
3695 3705
3627 3644
6146 6171
1006 1012
674 697
4869 4889
5321 5333
2283 2294
4299 4309
4674 4701
7496 7511
9105 9137
7059 7091
1490 1523
729 760
9942 9975
7511 7542
5151 5182
1289 1325
1162 1199
6087 6114
1353 1391
7773 7803
5453 5482
5714 5754
9024 9065
8512 8553
9353 9376
8151 8189
5761 5803
8968 8994
5834 5857
1363 1407
6991 7010
3546 3572
3973 4010
5326 5345
6722 6765
9289 9318
3281 3297
2240 2290
6151 6197
8662 8676
2012 2031
5590 5605
2010 2030
669 681
5891 5943
1537 1591
2257 2279
8467 8485
2640 2666
4737 4797
282 294
5084 5088
5010 5038
448 509
3524 3578
8531 8557
9799 9849
8529 8559
143 176
7636 7659
4750 4814
7096 7160
8468 8532
8481 8545
3381 3444
2701 2764
6039 6102
5166 5228
3875 3943
8370 8439
6548 6609
5671 5730
2329 2399
7720 7791
8073 8129
658 731
4123 4178
8604 8661
9117 9172
7226 7283
7214 7268
6541 6598
6588 6647
7478 7549
4264 4324
9523 9599
256 333
190 243
825 884
9256 9317
7978 8039
2340 2410
4126 4176
6659 6733
7812 7882
2076 2124
1680 1729
1065 1144
3743 3789
6456 6506
9349 9430
9393 9445
6147 6231
9602 9687
8474 8527
3851 3933
6823 6897
4892 4939
2599 2672
3093 3149
6400 6488
5249 5336
2355 2409
5926 6012
2219 2294
769 860
1939 1998
156 193
4117 4168
8639 8674
5809 5871
9777 9839
3730 3789
2605 2637
6454 6486
9906 9938
4259 4290
287 382
4530 4563
3872 3905
3203 3298
3745 3776
2983 3013
3389 3423
828 862
1215 1245
393 490
8975 9068
7178 7273
8080 8180
6941 7033
6528 6629
272 374
2704 2807
784 887
1032 1135
5276 5371
4737 4841
7570 7674
9359 9446
2360 2386
8507 8528
8331 8416
265 357
149 249
1933 2017
4618 4710
6795 6887
8470 8570
2993 3036
17 124
2208 2254
3356 3442
1960 1990
8976 9086
6717 6739
9373 9458
5294 5313
9885 9970
2875 2891
4358 4470
4363 4474
4232 4345
9605 9716
142 252
3363 3409
6719 6733
5694 5709
9247 9324
8745 8797
5156 5200
5279 5355
2879 2890
6155 6269
7049 7167
9895 9937
9355 9469
2215 2271
4902 4958
5436 5444
1052 1125
4631 4718
4883 4970
7319 7406
5145 5219
7446 7532
8089 8163
1178 1249
7740 7751
5512 5620
8254 8259
6429 6496
1712 1742
3094 3176
5787 5861
6713 6727
9014 9033
4431 4559
8218 8346
4185 4312
5639 5766
7466 7595
5715 5842
3398 3524
9750 9876
7291 7417
6426 6553
7547 7672
624 756
7738 7870
3148 3273
3379 3510
6176 6309
6780 6905
6762 6895
1342 1464
5696 5830
5890 6020
9238 9360
4632 4767
8487 8608
7286 7409
9796 9923
4687 4807
6972 7092
3171 3306
6266 6387
3099 3216
9329 9466
8027 8144
9855 9970
1877 2011
2082 2221
6924 7043
6729 6854
8452 8587
627 739
9745 9857
9278 9390
2671 2814
3639 3750
4698 4811
8999 9142
7252 7366
6263 6373
3849 3994
4638 4749
1407 1516
1291 1432
8766 8877
1540 1680
7172 7312
6165 6273
4214 4323
5660 5769
4433 4551
7484 7595
5691 5804
1071 1207
8281 8385
9809 9928
7488 7641
5712 5833
5398 5519
588 726
8544 8698
6009 6115
9067 9201
82 206
3623 3770
1395 1518
8727 8842
5951 6050
5497 5606
6152 6295
7433 7593
4446 4607
4383 4542
8274 8435
6265 6363
1060 1159
1113 1276
1103 1258
4186 4348
4426 4589
7214 7305
3 170
9034 9187
2935 3037
4151 4253
5700 5870
4609 4778
9508 9608
5732 5832
8200 8356
2349 2432
4683 4838
3426 3532
1643 1733
892 979
2620 2707
4105 4281
325 500
2583 2725
8483 8593
5416 5530
6010 6088
4612 4791
9732 9911
2678 2754
106 223
4428 4601
8960 9141
3944 4062
3084 3258
7786 7900
9550 9718
5980 6116
1142 1231
8526 8695
7181 7348
7721 7827
7474 7560
1323 1424
9043 9192
4385 4509
5704 5877
9312 9437
3593 3767
1584 1678
6949 7066
2925 2988
5431 5622
9342 9407
5928 6121
4388 4582
4445 4511
5438 5628
2146 2209
2652 2712
4610 4806
1662 1722
2353 2549
8514 8582
3710 3771
7759 7818
4166 4224
5747 5813
9009 9207
9477 9667
9500 9691
2304 2504
3954 4026
6723 6794
2340 2542
3160 3218
343 413
3105 3307
7266 7336
1036 1223
1643 1696
9561 9618
8195 8399
7431 7627
2941 2992
8449 8652
2085 2283
2862 3070
3344 3522
1610 1688
1364 1414
5993 6075
2348 2559
7543 7587
5698 5783
4207 4281
6421 6595
2341 2546
2667 2748
3602 3786
8273 8329
7750 7838
6703 6901
8481 8699
6230 6284
8790 8844
4399 4596
6163 6344
3875 4095
3937 4028
7545 7588
9049 9095
78 145
8979 9164
3427 3459
8285 8381
3931 4025
2595 2753
8203 8425
1813 2038
3179 3215
1370 1471
2417 2455
5695 5849
4153 4318
7025 7062
6250 6274
2665 2688
1030 1260
9810 9912
7748 7855
2635 2727
3950 3970
3373 3521
3919 4003
804 968
4613 4840
4194 4242
588 700
5897 6137
2680 2697
3123 3266
1394 1411
9517 9692
3649 3762
6659 6896
8008 8123
4400 4548
7784 7836
3671 3746
2934 2947
5136 5349
9064 9117
4731 4749
3598 3832
6482 6565
548 732
4179 4267
3353 3553
6668 6900
774 1023
563 714
1598 1735
4450 4504
2127 2229
113 139
5701 5822
4678 4794
1389 1425
7974 8154
6262 6280
5455 5553
4700 4771
303 464
9476 9723
7301 7557
117 372
1642 1899
6735 6990
538 793
2090 2350
4193 4453
5736 5996
3160 3421
7890 8148
5642 5900
5216 5479
9447 9696
1033 1281
5819 6067
3102 3351
6682 6931
3126 3388
108 358
1072 1338
1219 1480
6320 6587
8735 8980
7248 7516
5827 6095
5714 5982
5731 5999
737 1004
8224 8493
6319 6562
3811 4077
1205 1467
9250 9516
3245 3490
3750 4022
6262 6502
5268 5509
3737 3979
9425 9667
3325 3566
1259 1528
699 936
7837 8072
1604 1874
9410 9684
8389 8659
8726 8961
8377 8609
8831 9063
6240 6520
6686 6918
3166 3399
3278 3543
1737 2000
5716 5966
9379 9657
1791 2020
6722 7001
6902 7149
1709 1971
221 451
5280 5567
5788 6019
3325 3549
4146 4370
1704 1928
1625 1912
7779 8002
3100 3390
9341 9567
5183 5404
1689 1981
2137 2429
2637 2920
4297 4588
7805 8024
3784 4078
689 918
9457 9686
8416 8647
2178 2474
9379 9611
593 888
1052 1333
3608 3889
1782 2015
9372 9653
710 1004
522 800
8951 9181
2064 2363
102 333
8387 8680
3641 3861
8220 8497
9347 9646
7291 7510
1225 1510
3299 3539
2302 2510
3212 3516
6238 6510
5651 5923
4343 4550
5756 5965
8234 8472
1126 1365
5347 5584
3790 4090
3121 3333
5276 5544
6189 6425
4204 4441
151 418
3136 3445
7860 8065
3302 3536
535 800
2133 2402
2613 2829
7926 8142
7708 7972
1687 1966
8281 8547
6191 6420
1104 1388
1140 1354
5722 5988
8736 8990
3648 3967
5278 5537
1549 1869
2265 2457
3828 4021
761 952
4337 4528
7795 7986
4704 4898
7733 8055
4653 4974
699 1016
5793 6114
6397 6585
2203 2526
3318 3504
4255 4569
115 308
8270 8457
7915 8108
6849 7049
7704 8016
675 1002
7365 7564
2634 2816
2127 2309
3727 4036
574 882
2273 2476
4624 4957
2743 3066
175 481
8327 8649
8864 9198
2774 2969
3173 3370
5166 5473
4207 4415
8287 8463
9377 9715
6237 6415
9338 9512
3807 3980
2750 3053
6665 7002
9293 9502
8444 8616
8426 8636
2244 2460
8812 9012
6379 6578
4202 4401
3781 3998
3603 3918
8386 8607
7403 7605
2284 2483
4343 4520
7269 7482
3310 3470
1112 1336
9242 9594
4165 4391
6786 7136
7182 7533
512 868
2802 2966
1156 1504
4331 4494
4198 4355
7849 8140
156 506
8423 8577
9276 9563
9419 9644
9320 9472
9364 9724
3200 3561
696 977
594 827
6894 7047
8772 9005
9216 9578
3087 3428
1089 1322
6248 6403
1163 1511
8715 9063
3748 4042
7230 7504
6745 6967
5778 6140
53 346
680 967
6800 7167
4230 4598
2628 2869
5272 5609
3830 3972
3654 3892
2164 2310
3317 3462
6718 6989
7379 7584
2641 2853
164 464
7801 7949
8911 9147
5737 5916
5768 6142
3244 3547
1104 1319
7189 7522
5230 5401
5872 6023
2298 2434
1056 1368
7250 7466
4209 4360
1053 1380
1708 2005
6147 6522
3235 3545
7407 7573
2713 3042
7718 8029
57 325
2170 2310
6671 7026
2056 2422
5741 5907
4110 4465
75 308
7185 7534
81 465
1274 1402
5167 5551
4132 4517
7413 7540
4770 4896
1061 1446
7404 7528
8413 8537
5249 5380
2659 3044
4825 4958
7188 7571
3189 3581
9 385
556 933
7719 8110
1054 1429
3742 3861
8747 9126
711 841
6822 6952
9221 9611
211 348
6812 6931
5244 5612
6845 6957
5223 5623
1206 1316
3834 3945
5640 6043
5644 6047
7865 7981
7259 7631
64 469
728 845
9279 9642
8247 8610
7734 8099
2066 2436
4224 4374
2286 2424
8227 8629
3598 3993
6871 6976
5718 6094
9400 9504
59 417
12 406
126 482
2163 2543
1088 1500
6281 6421
2126 2512
6714 7076
9266 9645
1037 1453
1212 1308
8928 9024
9367 9527
7680 8097
2584 3002
3259 3352
5265 5426
9893 9990
5647 6059
7396 7488
2135 2545
4199 4544
4799 4888
7728 8088
3283 3449
1039 1443
9369 9525
9262 9600
552 903
5309 5394
8723 9148
532 932
2627 3059
3096 3497
3647 3982
116 453
6810 6952
232 347
9309 9710
7300 7479
8752 9092
9374 9514
7852 7960
3820 3929
1211 1293
9381 9491
8893 8970
4115 4523
1697 1817
2130 2536
2290 2376
4801 4987
6247 6621
2784 2907
4781 4881
6357 6507
5201 5615
6827 6933
2745 2822
1145 1478
5273 5414
3607 4055
3835 3899
5207 5527
2080 2529
2777 2840
2765 2831
7862 8052
2646 2962
6210 6534
4765 4952
5759 6073
2608 3063
3176 3503
77 394
8842 9037
7797 8114
4852 4924
6241 6569
77 391
4109 4551
3627 4071
1272 1332
2259 2335
2143 2451
4346 4406
2051 2510
2053 2504
7414 7483
2185 2375
7723 8164
5323 5380
1066 1530
692 868
705 785
1699 1907
8783 9118
1618 1920
3687 4020
1783 1828
3702 4005
8798 9101
5862 5941
6196 6624
3144 3485
1572 2033
1118 1416
4156 4586
7173 7635
7253 7555
9422 9497
6152 6623
3611 4035
31 455
4101 4572
5641 6096
5738 6067
6366 6404
218 257
1630 1922
2139 2439
72 404
9357 9553
586 919
2692 2906
2152 2486
4757 4939
9423 9489
7211 7669
6385 6447
122 421
2668 2995
195 291
7891 7987
7219 7635
5829 5925
5681 6097
3195 3480
595 950
5274 5503
7766 8112
8357 8515
7921 7959
1668 1891
1671 1888
5260 5483
9245 9717
3269 3372
76 422
8745 9155
7829 8062
2145 2444
2233 2377
6857 6969
4256 4433
4100 4598
5757 6031
5866 5912
5172 5575
7793 8066
3713 3957
8728 9196
7896 7980
9332 9600
5125 5616
9274 9679
9353 9596
4747 4989
2707 2916
4284 4427
2253 2356
4140 4565
3225 3424
6707 7113
6835 6985
4151 4556
2108 2496
3775 3907
745 789
723 814
6837 6984
1108 1451
5325 5426
8275 8620
5138 5613
4154 4665
3570 4081
4102 4610
5607 6115
6651 7166
7378 7895
5522 6039
7174 7683
9483 9998
7316 7825
6610 7127
2157 2667
9275 9789
6525 7029
8344 8848
1195 1697
5583 6085
8555 9057
2488 2995
8630 9149
298 807
4172 4673
5330 5855
7403 7910
4325 4843
7535 8033
7400 7910
254 753
2300 2803
2049 2574
168 679
7431 7944
6633 7142
7572 8091
9345 9870
465 961
121 617
5373 5869
2150 2679
4387 4914
3164 3662
3114 3640
1119 1613
2454 2948
1059 1585
9417 9947
7346 7841
6294 6789
8586 9118
5341 5832
5517 6040
4246 4736
1035 1565
4178 4676
229 765
6318 6838
7378 7883
2411 2929
409 899
139 657
1466 1953
112 619
2413 2929
5508 6040
2119 2650
66 607
3441 3951
2400 2942
2271 2752
8477 8962
7202 7741
3432 3912
87 630
6318 6799
5361 5843
3175 3652
7334 7813
6346 6889
4122 4670
2494 2971
1267 1750
177 663
3253 3731
2062 2601
2439 2976
7505 8057
5124 5676
2383 2918
8605 9140
1510 1996
5450 5984
8653 9191
7370 7904
215 764
66 617
444 913
8568 9045
4417 4976
3450 3915
6491 7018
5254 5815
6546 7075
7512 8041
1152 1715
4368 4899
7175 7732
1255 1747
4295 4850
4419 4982
2110 2568
4326 4817
1246 1769
5251 5812
5266 5797
4412 4868
2089 2576
3098 3616
431 916
244 719
7667 8136
4099 4671
3360 3869
9298 9839
3072 3646
8479 8992
9419 9972
2255 2703
1485 1932
2532 2982
6423 6997
1146 1593
6268 6712
8411 8862
1221 1666
4145 4726
5523 6100
5438 6009
1382 1838
2556 2996
6560 7144
9329 9785
3444 3902
4288 4746
7359 7925
6276 6863
7575 8155
2520 2965
1371 1814
6467 6926
1260 1698
7654 8104
9222 9801
9243 9812
5301 5882
5250 5837
6543 7104
3436 3900
1344 1809
1309 1871
6466 6928
6376 6842
2275 2736
9404 9967
5392 5956
4210 4647
3486 4043
1223 1682
2149 2610
1153 1752
3518 4068
209 652
8683 9142
1196 1778
3340 3922
7579 8132
7333 7930
8341 8949
7541 7957
8349 8956
5312 5793
3328 3938
7184 7796
4342 4755
3538 4023
6521 6940
3341 3947
263 865
1219 1700
6205 6746
2367 2903
2368 2857
503 926
5324 5797
5244 5654
7 620
2293 2718
1284 1903
1204 1752
9264 9820
211 702
6200 6741
8343 8953
8396 8866
1213 1746
5459 5920
2263 2723
2194 2790
3222 3810
4194 4628
7253 7715
8702 9097
3159 3631
1420 2036
9249 9817
8693 9101
3113 3664
2481 3016
6644 7054
7178 7792
3345 3946
3453 3841
2268 2722
3140 3642
6238 6688
5411 5981
4394 4949
7458 8029
8664 9127
340 980
8453 9093
5558 5942
1277 1660
6469 7108
5184 5825
3298 3680
3378 4016
5428 6070
273 914
3550 3930
5355 5743
1177 1564
7212 7849
3087 3721
5536 5926
3506 3893
2282 2669
5499 6140
3354 3986
28 660
8234 8866
7594 7971
5513 5888
68 718
1462 1852
9333 9983
5431 6076
3310 3683
2243 2638
7398 7787
2367 2993
9231 9856
7369 7750
8229 8874
9441 9838
2070 2694
2071 2695
3286 3654
3272 3673
3512 3881
7518 8143
2184 2586
8324 8726
9371 9736
7449 8077
2440 2846
398 793
8574 9193
2208 2616
2272 2680
140 532
2134 2766
1025 1688
5316 5725
8701 9060
4096 4762
8548 9214
2426 3041
62 677
2509 2902
6463 7076
6477 7121
2357 2984
8656 9037
4111 4753
8255 8865
4264 4663
9357 9746
5590 5961
5510 5913
1372 2044
8684 9036
507 858
7259 7930
90 766
4195 4807
301 904
4145 4756
5554 5911
9471 9818
8437 8787
3413 4082
2226 2581
5210 5885
114 730
444 789
2490 2835
1472 1898
8665 9075
3505 3866
3271 3692
3361 3983
6191 6785
461 866
2218 2565
1371 2036
8387 8812
3491 3859
8661 9060
5488 6081
2220 2591
22 674
338 998
7335 7699
4330 4703
5472 6103
7360 7799
1363 2027
7527 8159
2285 2644
3538 3947
6473 7152
2369 3067
1261 1623
8204 8886
29 678
7473 8074
9648 9996
6332 6656
1359 2034
84 747
5631 5952
138 586
6169 6873
44 750
1156 1606
6474 7048
8373 8823
6650 6968
5450 6025
447 891
4351 4667
3123 3830
1248 1574
8619 9069
7671 7985
508 820
352 937
151 606
9343 9910
1484 1798
6225 6811
1194 1633
1109 1694
413 854
8242 8958
7285 7865
7521 8109
4118 4827
345 919
3448 4022
7362 7692
9297 9887
5358 5664
2540 2851
8270 8833
1107 1667
4554 4891
9429 9732
2331 3017
7186 7873
6366 6666
511 810
3114 3839
4550 4883
5155 5878
1517 1851
6649 6959
8615 9073
6158 6872
2107 2796
2447 2904
9683 9988
8407 8704
2278 2622
2286 2614
8298 8882
4348 4645
1462 1903
158 583
4278 4719
4589 4919
4268 4726
1240 1538
9229 9943
9327 9909
8261 8863
8633 9058
8391 8732
4289 4637
238 563
7389 7680
192 544
2065 2801
7615 8031
8229 8901
7356 7772
4587 4872
6546 7025
5265 5746
6553 7034
6353 6709
8696 8988
6594 6951
8601 9084
5505 5988
8625 9044
6563 6981
7305 7790
1111 1727
1095 1711
8560 9112
6617 6961
1434 1907
8556 9094
7234 7848
3252 3679
2057 2786
6251 6791
5494 6042
2165 2712
4563 4925
1288 2022
8610 9036
1401 1942
4219 4747
5488 6016
6289 6752
3277 3647
9392 9794
5549 5983
5598 5932
5159 5844
5556 5959
19 743
6581 6977
4487 4978
1266 1543
8359 8786
6256 6790
9296 9894
3267 3636
157 618
6523 7052
5153 5846
5571 5947
7219 7883
5378 6138
3169 3736
6195 6858
7333 7772
8561 9099
8655 9013
8474 9184
9345 9851
9299 9896
7587 8024
153 613
5318 5690
5565 5953
5436 6080
7282 7822
4174 4787
6432 7133
359 921
4554 4916
7482 8132
9426 9772
6556 7010
2515 2860
401 878
8504 9159
4504 4760
1251 2019
3316 4085
5420 5677
1210 1976
3294 4060
6540 6798
1270 2037
1326 1581
5462 5717
6317 7081
2181 2944
1347 1606
8525 8776
7354 8127
3152 3926
1409 1670
381 634
5318 6081
3424 3688
2325 2588
8651 8898
1096 1858
1419 1665
7371 8129
6236 6998
1081 1842
1209 1970
311 571
5286 6058
71 842
9623 9882
2182 2952
1319 1577
7476 7738
1169 1950
7633 7902
7618 7885
7350 8121
1086 1838
2078 2830
3233 4016
8227 9009
2466 2737
1387 1656
7191 7940
8567 8804
9672 9948
8364 9144
433 676
1378 1655
7200 7989
5510 5779
9507 9781
6301 7050
3355 3587
8265 9041
2195 2954
1436 1669
239 1014
8630 8879
5458 5707
293 575
3131 3873
3109 3903
4150 4906
2466 2751
1238 1995
1352 1622
4374 4616
3141 3930
9595 9828
8256 9055
9639 9863
1055 1853
1099 1897
8575 8797
266 558
5275 6079
5437 5656
9627 9917
1188 1923
4166 4961
6591 6808
9637 9858
7490 7786
3256 3985
5221 5964
7429 7724
1211 1943
5381 5673
3111 3850
1069 1792
6279 7082
8258 9071
9248 9997
6287 7074
4520 4742
2300 3020
8312 9032
7664 7872
6495 6766
3368 3611
3450 3657
5164 5919
1301 1569
2515 2791
1404 1608
1063 1811
8671 8939
7391 8171
8473 8749
9698 9940
5484 5722
320 631
8209 8998
8334 9145
1373 1637
208 1002
5237 5966
8533 8808
6229 7016
9551 9842
2202 2980
1377 1569
7439 7759
7568 7889
7376 8081
1396 1590
6435 6753
166 994
5131 5967
8528 8724
7313 8151
3346 3669
4456 4655
350 537
2232 3071
4460 4651
100 803
2289 2998
5415 5728
4164 4876
5259 6083
2240 2954
3204 4046
1053 1879
1362 1560
6371 7080
8434 9150
3253 4088
142 960
4163 4877
1189 2027
7628 7811
6342 7062
8403 9089
8265 8987
2376 2587
1038 1882
1302 1602
6219 6943
2126 2843
85 771
6290 7109
3574 3759
5263 6102
7297 8152
4503 4812
8278 8973
454 666
5186 5918
1368 1541
8579 8926
6470 6683
7673 7844
8231 9081
7569 7887
4483 4828
1098 1834
8563 8721
8345 9211
2558 2717
1091 1824
1459 1751
5594 5823
7315 8182
6288 7157
3415 3633
2202 3069
8522 8738
2448 2809
2460 2805
1095 1837
3231 4084
1367 1596
5535 5876
6579 6872
8211 9087
4381 4720
3479 3834
8429 9088
131 1005
5345 6031
7676 7826
5423 5697
4486 4841
2096 2911
8216 9079
7537 7710
4570 4779
4547 4786
269 636
8672 8849
1373 1583
6397 7055
7649 7827
2465 2770
7297 8178
4544 4788
4160 4916
8623 8923
1264 1925
7272 7965
3110 3920
2347 2653
5538 5844
6378 7069
7647 7847
426 723
7625 7856
8333 9204
86 812
7218 8008
3268 4031
3109 3934
7651 7832
180 969
6159 7024
4366 4750
2258 2898
1436 1564
6551 6679
4552 4683
5615 5740
6167 7060
6619 6744
4540 4664
9626 9758
6227 7127
1070 1963
8339 8982
8464 8854
2224 2871
7266 8165
2264 2896
1288 1664
8262 9166
4238 4871
85 991
3579 3697
5604 5742
9535 9909
8590 8708
6630 6764
71 972
3493 3630
3337 3714
1141 2046
6261 7166
1167 1795
2326 2714
5465 5845
6174 7058
6203 7094
8289 9196
2415 2785
4294 4936
5554 5693
2065 2945
4344 4968
1334 1703
8478 8847
4499 4609
5423 5821
5448 5851
6558 6666
7224 8108
88 973
1476 1617
7270 8179
1498 1612
279 641
4336 4966
7535 7929
5308 5931
2122 3026
3546 3650
5237 6124
9370 9984
6223 7125
5569 5723
6189 7095
2444 2583
196 863
1252 1919
4562 4681
8514 8921
2268 2880
4396 4785
5254 5912
214 841
5304 5927
6259 7148
6613 6730
5133 6061
8410 9083
6354 7027
5344 5953
3119 3980
2191 2859
4315 4991
3332 3744
9688 9852
6375 6978
2076 3002
7294 8152
103 960
8351 9016
9534 9881
3467 3617
4389 4751
38 909
4367 4772
1230 1893
83 1016
7475 7832
5181 6038
2114 3054
1176 1844
2446 2594
1118 2034
9703 9803
5513 5668
1346 1772
1139 2013
4260 4875
6514 6877
3575 3655
7610 7690
2142 3055
7375 8062
8635 8712
1438 1578
2469 2577
3191 4035
1512 1629
8594 8740
4506 4653
5547 5660
6436 6803
5162 6034
8501 8845
9664 9848
6173 7079
7665 7755
1181 1830
364 727
8471 8875
7222 8072
6443 6805
4434 4845
136 823
7528 7895
6411 6836
9666 9853
5410 5858
2332 2781
2555 2618
1179 1882
9541 9860
8296 9130
7316 8022
7408 7986
2161 2994
5340 5919
8240 9205
6203 7165
6157 7115
1263 1832
1157 1869
3289 3856
3488 3689
4505 4688
3124 4093
7330 8040
141 838
2228 2943
4234 4934
5397 5849
6300 6992
324 649
9664 9741
8342 9051
2374 2696
2261 2843
443 628
8257 9102
5258 5957
2396 2700
5225 6073
3205 3924
3384 3818
3075 4049
312 746
5534 5708
1523 1575
8627 8807
2552 2605
3246 3963
8671 8714
7355 8046
4312 4878
3312 3878
3139 3989
2117 2963
3186 4004
4351 4904
9568 9911
4457 4785
3562 3634
1393 1704
1059 2042
8677 8764
384 602
6357 6927
251 807
6414 6866
5306 5990
8365 9073
8262 9115
8232 9205
9 983
5147 6085
125 930
8276 9099
2344 2760
5397 5876
87 949
69 935
6155 7145
9651 9808
1329 1749
3116 4040
7638 7730
7544 7837
6445 6856
3288 3902
7182 8168
7581 7802
3339 3811
8655 8743
7244 8100
2248 2849
7327 8054
4484 4718
8393 8995
7201 8139
410 625
4293 4910
7232 8107
2319 2786
8496 8926
4399 4831
1034 2042
2430 2703
4567 4646
7271 8086
1239 1828
3243 3933
116 899
5504 5751
9493 9965
2216 2897
1405 1668
2188 2933
436 589
369 651
7411 7945
5455 5813
4368 4843
2438 2685
6379 6928
3273 3893
1116 1952
284 736
2243 2879
1311 1762
2088 3029
5209 6052
6490 6823
6531 6781
3559 3608
7412 7947
8417 9440
6212 7237
3050 4073
949 1969
882 1910
2679 3699
134 1154
6792 7820
718 1739
716 1732
925 1941
8666 9683
8491 9506
6793 7808
6940 7957
8870 9903
537 1555
457 1475
2642 3673
642 1673
873 1890
2881 3914
104 1124
447 1457
2484 3514
2167 3192
719 1759
3005 4012
653 1692
8878 9919
2866 3872
8337 9347
8440 9450
608 1651
611 1648
6788 7825
6663 7697
6775 7776
859 1859
7098 8098
992 2041
874 1904
2893 3926
8959 9956
849 1868
2123 3157
7134 8128
182 1193
2872 3864
6177 7168
6452 7445
169 1163
8948 9942
8735 9788
8591 9643
6169 7228
2658 3652
435 1429
2766 3816
6858 7916
2811 3804
980 2044
576 1641
6702 7684
2105 3090
939 1920
2717 3761
2720 3724
8790 9850
6755 7758
2491 3477
6400 7470
6788 7850
8648 9702
2493 3474
874 1861
144 1184
2514 3554
5107 6083
363 1370
6462 7436
768 1843
475 1519
5098 6110
6963 7943
146 1191
351 1386
2967 4001
551 1567
2435 3514
2521 3552
7032 8001
6748 7782
751 1748
241 1226
8940 9943
2836 3880
5 1081
2097 3085
2968 4005
758 1718
8831 9791
6458 7546
6544 7634
6199 7285
6272 7363
1018 1982
2443 3535
235 1199
8679 9635
494 1451
2317 3403
8199 9281
2375 3328
2975 4056
2991 4072
8766 9849
8290 9253
8493 9578
8521 9473
396 1477
828 1909
2869 3964
8758 9855
8673 9643
8887 9981
31 1108
8276 9240
8782 9728
2933 3898
6864 7839
2176 3280
6185 7289
8406 9348
6845 7919
2324 3399
197 1174
8269 9241
7003 7950
5059 6038
8447 9385
8486 9585
6472 7455
6879 7815
6148 7261
2561 3675
8252 9318
252 1191
2723 3839
615 1595
330 1303
2143 3074
2200 3270
2887 3865
2458 3525
8236 9331
8754 9837
8468 9588
38 1092
299 1358
2322 3447
8480 9541
2939 3869
2161 3095
8770 9764
1020 1940
2198 3324
8694 9629
2144 3085
6805 7931
8841 9958
6144 7279
374 1286
6680 7784
724 1701
8592 9697
885 1799
6638 7580
7034 7950
2967 4066
401 1508
6646 7555
6292 7393
2870 3904
8912 9894
8741 9810
296 1360
8264 9264
2077 3172
8571 9474
5111 6028
9082 9985
2673 3597
2475 3542
8307 9230
5073 6063
8796 9762
702 1729
8882 9933
2155 3307
2585 3737
2736 3633
43 1194
2450 3344
2522 3417
6550 7442
8305 9461
8835 9735
8562 9719
8816 9973
6439 7586
629 1779
5043 5941
2812 3707
8924 9819
2852 4014
2318 3460
6407 7565
2109 3249
8546 9710
2327 3482
811 1958
6306 7215
3024 3935
5078 5977
8714 9882
6602 7514
8824 9961
6950 8117
8569 9709
277 1408
422 1328
6773 7907
8244 9388
5028 5948
5102 6006
2921 4080
8318 9447
573 1703
633 1763
6537 7443
6416 7562
8850 9737
2313 3476
445 1312
6592 7517
2803 3693
2339 3517
7073 7999
8871 9735
8206 9390
8716 9900
7096 7961
2242 3168
2590 3773
371 1488
446 1309
6300 7231
820 1937
889 2012
6670 7851
6851 7781
6253 7371
2626 3813
6417 7606
8693 9566
5057 5994
8310 9432
8353 9231
5056 6000
6319 7198
2116 3318
8645 9591
2094 3229
1022 1866
2141 3305
6277 7217
8376 9230
7046 7985
2180 3132
2752 3708
144 1068
5016 5924
2435 3390
442 1284
8560 9678
2950 3910
431 1390
6214 7303
8429 9260
5104 5937
8899 9729
2930 4017
500 1328
634 1726
9152 9989
526 1736
2506 3340
2185 3150
2837 4061
6184 7392
2203 3154
6461 7668
8544 9641
8597 9567
942 1893
1013 1854
8861 9814
3048 3876
2079 3282
8476 9682
8390 9225
6798 7745
7088 8063
53 1253
2125 3229
2936 4009
2236 3181
8232 9467
2619 3822
2069 3264
146 1092
8413 9227
2463 3400
6602 7453
6465 7574
2394 3459
6 1244
172 1136
2122 3221
8370 9325
6245 7303
8418 9217
5099 5903
2101 3280
2798 3592
7141 7939
2096 3287
8817 9878
222 1078
3024 3897
2395 3504
2499 3375
8278 9402
2336 3533
8291 9358
441 1367
3028 3876
6426 7658
6437 7637
8800 9873
997 1815
540 1774
5078 5924
8260 9398
3022 3901
8233 9434
6273 7282
2103 3267
175 1115
6771 7814
2969 3951
1018 1804
2664 3729
2067 3305
6394 7169
2252 3120
6911 7683
2989 3923
493 1298
2924 3987
6913 8190
6235 7332
1013 1781
55 1334
402 1168
6255 7533
6446 7212
3060 3831
1005 1774
316 1087
49 1333
691 1974
2391 3154
6173 7448
8984 9757
6949 7712
9075 9846
6322 7605
6811 8083
2451 3226
8624 9401
8443 9714
6149 7436
8248 9522
516 1807
738 2030
460 1216
8294 9579
2588 3858
2912 3694
2948 3722
929 1711
2827 3588
2799 4064
6909 8178
2811 4075
8632 9384
514 1811
2173 3436
8404 9669
414 1165
6475 7263
8992 9781
6969 7724
6159 7449
305 1062
227 1531
6899 8171
7047 7838
984 1730
278 1036
138 1424
8462 9236
6597 7390
2854 3643
6162 7437
2219 3467
550 1797
6381 7630
477 1269
6667 7971
8963 9771
267 1058
8737 9992
185 1427
6802 8120
6886 8141
2423 3162
470 1273
686 1921
315 1035
738 2002
6166 7462
2111 3342
808 1561
98 1361
2408 3165
661 1952
6616 7405
6761 8028
189 1413
5025 5785
5062 5887
8623 9366
7114 7923
2193 3499
2994 3720
815 1557
6182 7452
6283 7601
6760 8018
2238 3458
2651 3943
37 1304
2461 3232
871 1626
6164 7465
9122 9884
399 1200
766 1985
2157 3373
6303 7647
2471 3302
6209 7424
5052 5886
420 1255
216 1437
667 2014
6657 8004
8411 9630
861 1563
2589 3925
2765 3972
9004 9829
2903 3612
8654 9346
623 1825
850 1565
857 1558
6431 7247
403 1218
164 1525
8687 9406
2978 3825
8383 9708
2876 3688
6188 7544
9176 9868
2782 3976
681 2047
8571 9261
8490 9340
8662 9344
982 1665
782 1622
2895 3606
2155 3378
6330 7651
853 1551
680 2035
2596 3960
6503 7227
5041 5869
2481 3308
2716 4033
6599 7322
2223 3568
2682 3877
2364 3171
6923 7764
7045 7898
2572 3948
266 1131
317 1116
6621 7356
2336 3138
682 1992
6443 7241
6603 7336
6938 7806
6961 7765
2211 3526
2692 4065
188 1497
9209 9884
369 1047
7042 7908
2409 3086
6217 7470
7042 7909
2068 3452
724 1980
6404 7276
2186 3555
6502 7183
7116 7845
6498 7176
6850 8105
2296 3476
6826 8134
978 1727
8679 9354
22 1400
3061 3739
8536 9271
2384 3104
2711 4069
6732 7998
549 1878
2574 3965
7013 7702
8324 9712
6891 8094
48 1350
485 1170
2305 3193
6816 8153
6563 7385
6611 7337
8608 9436
6201 7492
7155 7822
9206 9864
8323 9725
5026 5852
8981 9834
2616 4024
559 1967
405 1044
6597 7236
809 1707
783 1677
2123 3529
8576 9218
6149 7553
2405 3299
2462 3096
2818 3717
8658 9301
2485 3133
304 1208
9190 9838
3018 3651
6201 7600
8412 9557
2874 3760
2749 3895
9177 9811
6382 7525
8258 9673
9215 9844
786 1694
603 2006
2715 3862
6965 7864
9104 9757
6316 7457
3015 3657
7017 7911
2070 3481
6554 7189
9139 9763
2397 3276
2783 3917
2964 3590
7005 7887
2461 3086
6726 8149
597 1985
6774 8162
7 1426
3004 3625
2864 3749
686 1851
6840 7981
9138 9767
9154 9815
2175 3561
320 1238
8279 9665
599 1984
8978 9861
2192 3336
3012 3676
2362 3234
2494 3111
6405 7324
658 1800
6907 8032
6680 8068
6675 8079
6380 7536
864 1790
8561 9454
6239 7616
6223 7663
3004 3613
2612 3990
7075 7681
662 1845
786 1713
594 2033
8991 9915
417 1028
8551 9409
8578 9252
7067 7730
763 1873
2234 3350
6591 7187
8989 9904
8354 9484
531 1954
7100 7693
2449 3107
2330 3240
6877 8047
6175 7597
6526 7373
6500 7383
3065 3661
2297 3405
904 1596
8965 9905
2325 3235
6861 8059
8475 9389
2816 3767
8491 9372
6396 7499
2393 3297
2792 3920
6818 7963
8224 9625
8490 9363
8369 9483
8358 9500
665 1826
6765 8150
962 1661
6821 7962
518 1990
5093 5669
7131 7707
2159 3502
7030 7863
855 1685
519 1989
467 1040
3018 3593
2767 3852
8595 9303
2089 3564
2624 3973
6965 7920
8994 9959
6237 7579
6955 7917
8676 9250
632 1983
903 1600
9078 9905
127 1463
6922 7874
171 1378
6683 8146
147 1369
6339 7439
6609 7197
2898 3740
2568 4039
6851 7948
6929 7875
2291 3360
3043 3632
6871 7940
8442 9518
8289 9652
6810 8015
811 1789
2982 3696
285 1227
2639 3991
2681 4001
2705 3913
6594 7194
6584 7264
6 1503
6619 7170
8689 9258
508 1056
7105 7709
8660 9225
80 1422
9174 9736
2232 3431
8439 9495
8663 9271
322 1184
776 1771
2329 3322
2744 3932
9103 9835
6689 8133
8526 9386
8467 9463
2937 3743
416 1094
6746 8124
802 1733
6471 7328
8600 9328
2115 3498
9028 9901
3023 3620
9095 9836
8585 9314
8306 9630
7021 7808
9137 9823
6538 7269
6894 7937
7162 7701
267 1275
317 1229
749 1821
147 1379
6672 8161
859 1705
2 1526
109 1433
654 1914
581 1968
8336 9573
2387 3237
3003 3661
860 1706
682 1884
8395 9523
6401 7416
283 1249
740 1822
16 1516
8391 9531
912 1645
2795 3862
8376 9543
8768 9280
6711 7223
8859 9369
3056 3571
2600 3115
7138 7649
7100 7608
154 1695
2397 3931
76 1611
2246 3777
8957 9461
879 1382
5 1548
6743 7262
453 1999
2370 3912
292 1839
8733 9238
462 1986
2537 4068
1021 1520
7143 7657
400 1951
9138 9661
7067 7572
1007 1535
987 1483
2434 3986
838 1366
520 1049
923 1418
2075 3594
7119 7646
8332 9886
8941 9471
2889 3418
840 1372
7004 7496
6458 7982
6390 7907
8918 9411
6833 7332
2838 3329
633 1134
8401 9926
2742 3246
6494 8006
9098 9619
2631 3165
2612 3118
6886 7420
2480 4011
6460 7968
2210 3775
7131 7622
940 1458
2892 3410
637 1123
709 1243
6753 7295
2488 4007
6636 8179
8259 9820
2249 3817
3033 3577
6440 7944
5036 5516
6165 7733
6925 7468
6692 7173
6497 8000
6801 7344
2924 3401
6515 8020
6305 7814
2328 3888
2561 3113
668 1204
2979 3466
8427 9922
821 1311
584 1122
6218 7777
9096 9635
2809 3285
6847 7315
7040 7596
6766 7234
2753 3311
6253 7746
6694 7177
598 1126
378 1866
9040 9569
162 1686
795 1326
2385 3940
360 1887
5009 5542
6699 7196
2738 3210
9127 9631
136 1713
8295 9822
555 1041
8354 9880
5013 5551
2946 3513
468 2031
2611 3080
2633 3186
2380 3959
2852 3352
8287 9827
6167 7722
845 1293
8283 9755
2686 3135
2834 3411
2604 3181
3010 3456
8375 9973
6468 7942
2757 3206
2741 3313
8366 9963
5013 5584
915 1492
6578 8181
9021 9594
5065 5505
6442 8034
3031 3486
265 1859
915 1497
8325 9935
268 1863
9175 9627
310 1915
6842 7415
8317 9776
2578 3164
642 1228
2456 4054
9083 9525
2369 3854
9114 9685
6257 7742
8781 9244
9110 9671
6883 7351
8843 9439
2912 3381
657 1220
656 1222
6315 7933
2371 3860
7065 7630
226 1723
184 1761
2862 3447
6701 7287
2110 3685
407 1995
2419 3886
8725 9291
8753 9327
8337 9935
2984 3575
6901 7338
2175 3615
2721 3265
2390 3895
996 1413
313 1880
2346 3915
2648 3129
15 1644
2404 3847
2801 3221
6920 7532
5080 5564
2939 3358
2899 3382
6334 7899
3044 3468
3021 3493
6639 8069
25 1652
2449 4092
9074 9503
792 1398
576 1070
8763 9301
8350 9968
8917 9381
9090 9712
141 1785
6462 8010
6993 7460
6183 7762
6493 7979
2998 3521
6946 7509
9021 9546
6906 7309
2359 3919
8966 9598
6593 8121
234 1683
775 1404
6970 7494
8881 9421
8794 9255
6607 8113
6249 7703
6866 7341
8739 9308
179 1587
2197 3604
704 1089
715 1098
752 1137
3029 3415
2106 3768
8358 9764
6222 7884
2048 3715
41 1708
6161 7828
482 1892
2941 3579
8431 9832
7056 7447
492 1892
2295 3710
7118 7492
2086 3754
6202 7862
8242 9916
6880 7278
6407 8073
826 1461
754 1149
12 1692
7163 7531
6982 7638
6325 7717
974 1375
408 1802
2623 3245
2413 4095
6599 8021
328 2011
6294 7685
5039 5435
8906 9311
8913 9287
140 1556
519 1183
9045 9676
757 1135
8318 9957
8345 9730
8929 9341
8398 9808
8237 9907
6299 7684
8196 9892
207 1646
529 1200
8297 9928
2379 4072
6857 7274
162 1542
6552 7996
2312 4013
6782 7387
2421 4050
601 1265
2663 3279
6617 8048
45 1670
2985 3330
2144 3788
9027 9711
6705 7325
6221 7904
740 1099
2236 3603
6684 7347
2093 3741
297 1944
2856 3482
8920 9322
396 1855
9003 9624
9195 9566
2075 3757
6259 7877
8625 9991
832 1527
316 1931
984 1376
2320 4008
6935 7599
6912 7611
9028 9720
3051 3414
9191 9562
132 1594
24 1702
2338 3997
898 1341
6417 8110
731 1051
357 1957
2573 3277
488 1832
8830 9406
7005 7581
9129 9577
720 1042
883 1457
8284 9886
249 1597
2966 3411
2408 4013
9090 9543
335 1929
555 1261
8257 9863
6930 7642
426 1894
9173 9497
355 1966
255 1584
2147 3756
782 1502
8722 9410
888 1449
2280 3641
5085 5388
6290 7747
9100 9565
356 1975
203 1560
6402 8145
2974 3402
6210 7831
2569 3295
2379 3997
5118 5416
6875 7180
8347 9804
9186 9530
6589 8036
2267 3585
6668 7382
449 1820
938 1396
6516 8106
6524 8099
79 1710
7044 7525
839 1445
6859 7208
2322 4086
207 1579
100 1664
2603 3278
6837 7248
502 1808
2538 3852
2825 3566
6937 7678
2068 3836
6580 8028
2213 3660
569 1235
6822 7244
8319 9877
6342 7725
2343 4042
8996 9673
6216 7846
6391 7704
8280 9897
2361 4043
2572 3320
463 1850
6705 7364
6383 7706
2267 3629
9059 9621
6566 8030
910 1399
891 1409
835 1465
6406 8188
2395 4000
8217 9954
8349 9830
2880 3519
7110 7481
224 2016
2247 4038
8533 9812
916 1175
8542 9821
2333 3609
6754 7526
6844 7609
2323 3605
5016 5278
8650 9932
2368 3656
2095 3879
7159 7423
6888 7648
2507 3776
6884 7656
7073 7340
8451 9742
9121 9391
2540 3836
20 1796
2976 3248
367 1660
3008 3283
149 1926
7162 7401
966 1234
6698 7486
60 1833
3050 3327
7061 7296
6192 7973
6452 7713
2822 3088
8977 9223
6812 7563
2513 3785
625 1385
862 1094
8700 9956
8997 9277
8459 9747
931 1210
2835 3082
7061 7308
7128 7362
568 1315
6855 7644
2306 3614
6862 7634
8590 9874
944 1197
8880 9645
592 1358
6636 7922
2914 3197
2511 3823
8801 9537
995 1217
203 2025
383 1628
2562 3361
8555 9800
799 1083
123 1886
2199 4018
2928 3157
6335 8090
2779 3581
7102 7320
261 1570
5105 5337
615 1356
941 1158
8499 9752
2711 3515
2728 3460
2321 3645
6632 7876
8578 9903
6242 8012
2630 3433
1010 1245
2346 3610
8808 9560
2085 3863
168 1946
579 1392
8626 9857
8721 9511
2938 3138
8858 9634
8851 9641
7087 7317
978 1257
5076 5359
8773 9593
8599 9899
33 1820
7157 7368
8898 9727
6582 7819
3058 3276
2428 3650
6275 8124
5057 5374
8964 9284
6841 7673
8613 9958
6907 7608
8864 9699
2256 3988
5083 5279
303 1640
9022 9337
6228 7955
8937 9646
6821 7650
9200 9402
2538 3745
9106 9438
964 1161
8829 9520
2176 4046
918 1240
2719 3535
6281 8153
6776 7465
9091 9424
6943 7242
7037 7208
6437 7792
6178 8055
2139 3853
2380 3610
286 1609
8881 9702
32 1913
6172 8005
2739 3560
735 1412
510 1701
9080 9251
7125 7304
8699 9892
2255 4015
2686 3358
834 1058
6146 8035
6604 7853
979 1201
6508 7694
6442 7752
7153 7314
6964 7255
5003 5352
152 2045
6874 7615
6310 8128
318 1625
8632 9951
2556 3732
2774 3519
627 1306
70 1839
481 1675
8466 9848
6399 8084
817 1117
282 1654
8900 9640
761 1428
377 1559
8668 9906
7002 7220
386 1773
8667 9908
6997 7205
377 1544
2427 3594
9109 9444
6774 7428
958 1229
6994 7201
129 2037
943 1243
6183 8019
695 1474
2366 3659
3017 3260
6973 7240
2518 3744
2534 3728
8760 9550
2487 3791
2871 3151
6708 7500
332 1589
46 1879
8584 9969
6313 8147
202 1975
2919 3097
7068 7394
6480 7726
439 1736
122 1797
2311 3719
7139 7267
6908 7548
8803 9699
415 1566
2660 3557
7015 7398
3026 3153
8503 9908
2882 3270
3011 3143
2405 3808
6371 8037
9116 9242
2763 3404
6309 7970
6893 7530
6665 7566
5041 5174
2337 3753
1022 1142
6479 7879
6686 7574
2257 3928
996 1134
736 1386
6809 7443
3063 3196
2548 3711
6308 7976
778 1159
236 1889
8845 9472
670 1294
902 1046
8753 9633
9161 9304
8633 9771
6341 8023
6477 7897
8691 9831
9175 9295
5083 5187
968 1105
2345 3763
6331 7969
8500 9902
8663 9805
486 1661
8619 9782
99 2045
51 1965
6804 7434
3038 3137
6257 8174
8701 9826
2181 3877
131 1824
5042 5137
2792 3404
2391 3827
6633 7757
130 1831
2186 3884
1012 1106
2060 4010
6898 7508
2158 4041
6202 8093
6635 7756
2431 3799
6696 7552
2281 3907
2457 3635
6467 7912
6768 7644
6517 7897
817 1180
8596 9786
2973 3122
7093 7194
8669 9842
985 1129
844 1277
6457 7816
2211 3857
927 1069
2821 3249
2505 3709
592 1509
6226 8167
969 1151
2769 3433
18 1962
8666 9825
6305 7962
361 1749
6304 7964
9157 9336
9143 9226
8530 9964
371 1740
647 1336
483 1571
834 1152
7070 7260
344 1691
527 1484
711 1283
2901 3217
6567 7779
6161 8149
6888 7469
797 1242
2427 3772
5034 5218
540 1493
9151 9334
200 1794
2746 3446
8825 9653
105 1956
3065 3112
6817 7536
8769 9616
1007 1085
6652 7727
6676 7623
2227 3942
6314 8063
6234 8076
2432 3671
6530 7771
6980 7326
13 2006
6374 7997
2088 4084
2975 3139
6483 7823
2932 3241
5015 5194
456 1558
6707 7661
8878 9584
2287 3855
231 1799
9188 9220
964 1061
2623 3550
250 1819
307 1745
6587 7768
5022 5243
7009 7300
6796 7530
6761 7567
589 1450
2534 3585
5073 5177
2086 4044
2780 3383
170 1857
2386 3769
6505 7810
2151 3977
6975 7377
8517 9899
259 1772
571 1492
295 1750
6409 7928
6736 7585
661 1383
626 1408
2438 3700
591 1469
6522 7816
650 1406
505 1549
2528 3604
6763 7583
198 1843
5103 5146
8778 9650
21 2028
2308 3837
6282 8051
2965 3183
9150 9284
2884 3263
150 1901
6513 7818
288 1758
2389 3754
270 2318
5467 7515
57 2104
6018 8067
5203 7250
698 2745
672 2724
13 2056
6072 8125
1894 3936
618 2669
1423 3464
908 2955
368 2424
5989 8044
67 2121
1339 3376
1128 3172
523 2566
1940 3993
5195 7238
1320 3366
390 2441
5442 7501
894 2926
488 2553
1738 3803
1320 3385
5831 7893
5662 7692
6028 8094
5516 7582
6106 8137
1728 3796
5197 7258
1808 3848
587 2643
631 2670
1440 3515
1743 3795
976 3020
5049 7077
1127 3194
835 2910
1620 3658
1561 3591
240 2287
602 2682
5178 7195
1735 3812
5014 7093
6002 8017
1236 3312
748 2761
530 2615
5514 7596
83 2170
5717 7804
1775 3779
750 2755
6057 8068
5066 7140
703 2704
379 2378
1397 3396
5448 7547
5617 7621
1387 3422
5729 7767
1841 3846
905 3006
5765 7858
6108 8164
341 2412
6026 8115
831 2819
1706 3734
5989 8025
1610 3703
5200 7277
1944 4006
5522 7597
1551 3662
846 2828
593 2578
5103 7084
1624 3613
707 2694
5326 7307
2038 4017
1950 4057
95 2072
6101 8082
5895 8015
526 2631
893 2868
159 2262
5745 7736
40 2147
988 2960
6107 8087
5291 7397
5273 7382
5914 8010
154 2251
1675 3800
163 2295
6022 8146
1003 3006
1410 3540
1031 3167
703 2791
301 2421
5935 8053
1758 3717
5625 7589
5381 7513
1883 3844
1776 3759
1588 3669
2008 4028
827 2911
450 2468
1747 3764
5159 7247
5327 7335
5574 7598
1607 3630
5214 7218
5750 7707
536 2678
5587 7613
1651 3612
2025 3974
5290 7386
568 2634
1562 3689
1524 3463
263 2420
5654 7781
304 2373
5179 7246
5449 7487
5106 7044
1456 3527
1801 3966
5599 7592
1509 3485
1508 3484
128 2297
561 2632
5879 7821
5238 7181
1335 3403
1101 3120
6062 8145
1588 3764
1423 3343
5342 7262
5662 7836
5646 7820
5987 8161
5222 7396
5863 7780
158 2074
5946 8126
5365 7281
5004 6920
1357 3528
474 2396
1074 3252
64 2248
683 2594
1141 3324
429 2343
1263 3173
6093 8007
415 2324
5540 7464
205 2112
1656 3829
239 2146
5746 7935
1459 3389
5290 7204
35 2220
1461 3365
1890 4083
1075 3234
5092 7029
1730 3664
497 2403
1603 3793
314 2473
5991 8180
665 2573
1836 4025
5220 7410
1072 3239
1321 3505
894 3047
5406 7559
5023 6918
25 2179
1761 3707
5870 7796
5570 7512
5592 7491
1928 3860
880 3053
1917 4064
5652 7817
693 2602
897 2846
215 2166
428 2317
334 2543
992 2882
99 2241
5271 7220
1528 3420
5255 7203
5965 8170
5762 7717
5205 7410
5842 7803
56 2194
1997 3937
965 2923
1541 3765
5463 7655
6135 8006
737 2643
1648 3778
5713 7906
5171 7302
5904 8101
5349 7251
502 2382
1256 3153
1064 3217
5814 7695
1568 3738
5765 7743
5053 6919
363 2512
1187 3102
870 3035
1916 4034
5817 7686
32 2273
70 2183
600 2714
1671 3653
1362 3472
1573 3814
1259 3118
5506 7495
1 2247
628 2738
5162 7404
5369 7231
1394 3509
5866 7725
816 3064
5502 7606
5366 7229
1486 3330
6106 7958
832 2957
293 2539
521 2759
5180 7411
6131 7996
5113 6966
1547 3803
5968 8064
1863 3990
5502 7599
5621 7460
5588 7430
1787 3624
1327 3580
5595 7432
5580 7448
521 2783
1815 4033
1415 3409
6132 7970
5476 7602
200 2079
5852 7691
541 2757
5484 7604
1673 3667
5802 7798
6030 8018
804 3066
1208 3161
6133 7956
5292 7246
4692 6838
741 2566
1786 3614
995 2823
5165 7369
742 2560
546 2756
315 2524
190 2128
5477 7562
5150 7406
5311 7245
5037 7006
1440 3412
509 2313
457 2365
18 2279
1779 3595
41 2256
1681 3690
5913 8162
830 3010
94 2210
148 2152
264 2548
5487 7570
5248 7293
201 2103
1996 3891
473 2264
1317 3108
5297 7600
1536 3843
1150 3453
1439 3227
1821 3609
1654 3954
1120 3429
1228 3530
1025 3335
5598 7384
210 2517
1093 3394
5171 7476
1088 3400
1192 3489
5177 7472
712 3011
5730 8041
1496 3284
434 2239
6093 7875
922 2709
5537 7342
824 2600
186 2475
5055 6828
5026 6833
885 2657
5213 7497
1422 3227
5413 7216
5314 7639
890 2668
5303 7585
92 2372
340 2124
390 2207
1380 3197
119 2414
5076 6861
5636 7966
5071 6869
932 2751
5499 7264
103 2426
1590 3883
951 2730
649 2964
1341 3100
1527 3285
5519 7337
1307 3132
954 2706
1161 3488
362 2115
5367 7646
5789 8119
397 2214
590 2917
5264 7611
2040 3797
181 2459
1418 3236
6071 7833
667 2996
1232 3554
962 2800
1744 4067
746 3039
1807 3639
1568 3865
5808 8075
1160 3510
5022 6816
1376 3167
26 2341
1234 3565
749 2989
1295 3149
5470 7192
5396 7260
84 2333
302 2148
1816 3666
5395 7257
2035 3768
109 2342
5145 7506
1464 3316
1756 3985
5308 7666
5029 6891
5080 6807
437 2277
1872 3584
5421 7293
5019 6859
1553 3904
5443 7186
1489 3203
758 2981
961 2706
5007 6876
512 2900
375 2081
1640 3889
1842 3691
5780 8141
5023 6853
5896 7762
1521 3242
1224 3477
1115 3334
1932 3793
1737 3988
955 2789
189 2530
6125 7858
1307 3195
1241 3512
5954 7715
467 2231
575 2907
5630 7322
914 2807
694 3027
477 2235
5531 7421
5840 8118
5498 7196
5187 7461
1155 3556
692 3036
1746 4026
1493 3261
959 2775
244 2462
867 2569
107 2311
433 2269
264 2151
1719 4039
1915 3595
1601 3890
1433 3306
847 2617
298 2130
944 2760
1658 3842
5579 7347
872 2577
5064 6834
1766 3994
591 2867
805 2651
668 3042
5873 8078
5432 7352
721 2896
808 2730
717 2894
5543 7203
653 2826
5456 7383
6121 7790
5287 7456
487 2158
5118 6775
1964 3622
1250 3438
632 3061
553 2983
40 2470
890 2804
515 2956
567 3000
274 2179
971 2654
5872 8039
1340 3237
1599 4006
5873 8040
5133 7575
236 2416
1902 3826
1078 3499
507 2150
5618 7279
5325 7507
924 2563
1512 3145
1880 3833
5501 7388
733 2943
345 2299
504 2138
637 3039
1636 4032
1833 3727
6096 7798
606 3062
688 2840
5310 7444
384 2091
1953 3597
747 2887
5939 7839
5393 7357
5167 7554
6119 7753
1805 3746
378 2261
110 2497
1674 3898
1472 3184
36 2452
6066 7682
1927 3638
1716 3845
6070 7687
2017 3667
5806 7964
1938 3617
1632 4053
5031 6674
1635 4053
134 2352
5035 6685
5828 8061
1976 3586
5674 8080
5914 7840
1732 3967
6139 7744
1530 3142
762 2886
2016 3677
1795 3773
5918 7840
5627 7237
1956 3684
1476 3076
10 2506
1024 3520
5902 7886
1836 3821
5706 8075
958 2684
6048 7778
1684 3927
183 2420
1264 3380
5141 7633
496 2101
1043 3541
5620 7228
5481 7331
1050 3537
1248 3371
5035 6757
1895 3752
5473 7342
5130 7621
5471 7310
254 2348
5627 7209
368 2212
323 2198
5643 8158
1991 3600
262 2270
1017 2593
5493 7341
5978 7810
5415 7422
5922 7928
1335 3308
476 2048
5884 7968
5836 7953
1783 3881
1366 3208
1084 3549
5129 7656
1029 3558
5404 7416
1559 4082
1149 3480
375 2193
939 2636
861 2746
1745 3894
1075 3547
5894 7918
1321 3264
1415 3182
5362 7451
6080 7723
648 2916
5758 8082
104 2437
1998 3619
5689 8148
1934 3680
609 2959
1062 3529
1477 3125
117 2437
5921 7888
5299 7489
5332 7456
5347 7447
250 2319
5476 7313
419 2133
775 2800
5974 7854
310 2250
5716 8104
398 2160
1773 3309
1982 3518
1955 3490
1000 2537
5461 8020
5525 8084
1125 3686
1938 3478
1698 3238
1840 3383
5848 7391
5726 7257
708 2253
292 2861
5867 7394
5163 7714
1861 3407
6027 7552
1225 3780
1107 3677
1970 3516
547 2092
1908 3451
406 2950
556 2109
60 2606
2019 3569
1349 3927
1948 3464
1788 3304
5492 8033
1532 4074
1925 3475
1762 3317
5515 8092
5606 8177
5819 7340
5468 8011
1397 3949
1775 3319
1540 3101
5088 6649
5111 6637
5289 7859
735 2244
1195 3765
199 2789
5992 7498
1192 3723
443 2968
246 2770
1961 3468
219 2813
1850 3346
858 2418
1290 3873
5550 8066
818 2335
956 2450
1921 3503
5735 7241
5854 7409
513 2097
6042 7594
5170 7682
153 2728
562 2049
1994 3582
5021 6569
922 2479
5208 7789
1679 3257
5702 7280
901 2482
5240 7744
5295 7830
274 2857
150 2733
459 3056
5243 7751
5830 7418
1131 3670
1268 3786
852 2411
6008 7480
1253 3748
5497 7992
400 3027
1298 3921
934 2530
242 2742
6014 7483
1479 3969
5069 6539
1304 3935
1456 4087
5324 7819
938 2531
108 2598
1678 3268
247 2747
1198 3810
6057 7652
5241 7732
5944 7541
950 2552
127 2609
1008 2464
1717 3303
579 2071
5982 7434
1741 3224
1576 3198
5725 7179
635 2092
5061 6557
1285 3932
6019 7642
1324 3958
1331 3945
5962 7440
5176 7778
1627 3072
50 2665
5478 7994
5144 7748
5172 7785
5188 7705
5767 7386
1552 3150
5561 8167
907 2539
5257 7913
1057 3648
5749 7190
6112 7556
484 2945
927 2554
5990 7425
981 2492
50 2648
5531 8176
5587 8120
480 2956
5150 7794
881 2332
785 2431
934 2505
1801 3449
5419 8027
65 2608
659 2274
1972 3526
1043 3681
1552 3170
506 2958
1823 3434
1431 4066
1827 3414
5642 7292
1406 3849
1487 4024
1065 3678
1443 4059
638 2054
5791 7399
5893 7549
235 2705
831 2372
6024 7667
764 2177
1057 3679
6066 7628
966 2489
5319 7864
49 2737
1615 3279
5958 7622
353 3040
5498 8190
11 2702
1329 4020
2004 3410
5719 7377
5003 6413
5384 8078
5900 7556
1544 3201
178 2619
5841 7256
376 3058
5796 7215
1437 3857
102 2794
5116 6512
1425 3868
5559 7994
5708 7361
710 2120
1721 3127
289 2990
489 2918
1501 3916
165 2609
5609 8061
82 2759
721 2120
1637 3327
5255 7709
1715 3112
1198 3637
5659 7296
1794 3487
1543 3225
5382 8088
450 2909
1258 3658
1825 3457
937 2312
1905 3536
5123 7842
119 2773
6021 7463
1591 3219
5600 8004
6074 7454
5637 7328
5316 7777
39 2688
1901 3525
5125 7853
1158 3631
427 2817
1522 3929
693 2073
1518 3906
1448 3844
5542 7946
5600 8013
358 3016
552 2182
5763 7213
5799 7191
1612 3326
1262 3676
1802 3513
1082 3726
5567 7946
1023 2377
1412 3890
851 2532
5541 7965
1282 4027
5002 6451
553 2195
5610 8016
5656 7334
1547 3275
970 2314
1110 3735
137 2635
1788 3128
998 2338
1810 3543
1987 3333
5545 8046
5384 8143
5242 7869
5058 6410
1474 3854
365 2977
5705 7301
1515 3878
492 2850
1353 3975
1164 3651
1770 3130
1499 3850
89 2699
742 2100
2028 3391
501 2854
161 2677
577 2196
5741 7352
92 2698
1338 4076
297 3057
1189 3709
1554 3275
5582 7959
895 2469
1881 3461
130 2655
6091 7446
1318 4089
1849 3558
1123 3772
135 2661
5158 7874
1930 3439
1265 3606
486 2830
905 2401
503 2844
5086 6451
1532 3858
1297 4065
485 2837
604 2221
6084 7477
5683 7361
514 2289
5685 7366
5280 7763
1122 3733
62 2758
975 2358
2015 3365
5454 8116
801 2522
5374 7685
5192 7859
5086 6435
1428 3946
1542 3320
598 2217
362 2664
5449 7755
1831 3108
5826 7617
5336 8157
5744 7542
1867 3148
5778 7573
5577 7873
1742 3527
2001 3288
5081 6352
343 2649
5071 6364
5038 6333
5386 7711
5865 7676
5121 7956
1317 3635
1330 3626
1345 3672
1846 3116
515 2328
5892 7199
1027 3871
366 2675
491 2806
1829 3128
1929 3223
118 2920
2009 3271
1937 3214
533 2314
6044 7299
276 2613
6005 7252
194 3041
1897 3146
533 2358
5008 6324
5807 7563
429 2699
1226 4076
6092 7402
5485 7754
1148 3924
1454 3718
6062 7302
5891 7211
1478 3823
438 2716
5199 8037
752 2525
5256 8101
6126 7363
5623 7898
1580 3331
5142 7993
1614 3452
226 3025
1923 3255
473 2797
165 2961
5014 6307
253 3019
772 2099
2013 3301
380 2629
5784 7586
5474 7769
1381 3672
98 2908
635 2373
1855 3199
5017 6361
2041 3256
1598 3455
5831 7558
188 3070
233 2986
5885 7614
1823 3163
222 2970
955 2302
1345 3588
1721 3582
6035 7387
4 2893
1031 3917
166 3052
6055 7405
5524 7903
522 2374
113 2877
326 2571
395 2778
1546 3419
1403 3625
1621 3335
528 2370
1316 3696
5836 7576
419 2806
1792 3158
5487 7737
5232 7976
2004 3213
5902 7255
5011 6345
1865 3090
646 2525
6100 7311
192 2972
6143 7331
1049 3908
1993 3220
5633 7516
1957 3323
1447 3833
5040 6382
5541 7931
1978 3301
650 2536
350 2620
5740 7438
5235 7952
582 2339
6013 7192
6005 7187
341 2610
5665 7497
280 2673
767 2453
5533 7927
163 3023
36 2888
5024 6350
530 2402
5525 7908
640 2546
695 2500
722 2465
601 2349
713 2492
6082 7351
1203 4037
1716 3522
296 2654
5188 7987
5429 7746
5703 7487
1101 3892
5053 6340
5905 7274
5158 8026
629 2315
5300 8138
1908 3083
621 2541
1033 3977
1014 2164
367 2796
779 2184
933 2081
1652 3568
1381 3809
5460 7891
1589 3517
5186 8138
5553 7736
5940 7357
1717 3386
1577 3494
1281 3728
1725 3375
342 2756
5364 8038
197 2902
5301 7974
5734 7669
6023 7188
2026 3198
1169 3845
5754 7662
1699 3382
5124 8081
880 2278
5263 7961
412 2564
5231 8182
1862 3292
603 2503
1702 3386
300 2701
1066 3976
1401 3802
889 2269
2007 3185
69 3043
5663 7609
893 2260
5160 8065
79 3045
5070 6242
5283 7949
1441 3601
1185 3856
5391 7868
6098 7265
833 2293
409 2604
5152 8085
5070 6265
1785 3393
1997 3188
1603 3577
1168 3883
253 2881
795 2214
1519 3666
574 2433
6022 7225
194 2819
5679 7662
1479 3589
440 2683
2032 3124
1930 3151
788 2259
59 3057
5901 7367
5538 7785
5536 7787
5240 8116
5573 7688
1870 3200
1567 3537
989 2067
1306 3797
875 2212
382 2735
580 2453
5346 7984
801 2292
5202 8071
2001 3079
1001 2111
1026 4052
879 2231
1647 3511
5471 7815
725 2316
771 2265
5005 6231
5242 8097
2018 3135
1753 3332
5400 7877
5892 7385
1196 3955
583 2471
5986 7298
1765 3334
348 2744
5285 8000
5322 7983
1183 3961
5496 7824
5409 7881
1020 2069
397 2662
5328 7995
1132 3968
1947 3191
5425 7901
1076 4058
1314 3788
5271 8056
5077 6181
155 2922
1438 3690
1269 3840
381 2696
638 2443
408 2671
900 2172
1481 3632
1124 3999
639 2436
5298 8014
999 2074
1767 3353
501 2570
225 3296
1117 2140
5927 6948
370 3446
5189 6209
651 3725
655 3720
1847 2864
407 3472
751 3815
5528 6547
1270 2298
5850 6870
5756 6768
5535 6545
1398 2425
436 3492
21 3076
5976 6985
565 3623
676 3766
1854 2861
1482 2527
1301 2306
167 3263
673 3769
5589 6605
5910 6926
43 3122
1283 2330
5958 7007
233 3314
822 3885
5437 6438
5247 6244
1313 2365
1818 2823
6053 7099
982 4041
1963 2955
566 3607
1157 2215
5340 6398
1989 3046
5811 6807
1055 2106
173 3211
626 3668
5466 6524
5906 6970
5743 6727
523 3618
1780 2781
1286 2351
63 3094
1677 2724
5331 6392
1649 2652
688 3742
430 3457
460 3555
1086 2062
258 3379
107 3161
726 3812
819 3841
1650 2624
5319 6389
548 3600
822 3842
1728 2804
5671 6674
1613 2683
133 3251
1087 2057
1738 2813
1918 2889
5068 8181
1294 2356
231 3292
355 3423
1280 2366
279 3369
5117 8131
5427 6412
6036 7124
1768 2729
1103 2061
6132 7094
5507 6593
1442 2529
5358 6317
773 3905
1153 2245
1166 2250
1268 2225
5621 6576
560 3702
1308 2394
5417 6510
5792 6887
27 3155
6041 7121
1470 2551
887 3899
1533 2480
1876 2841
5909 7000
5313 6284
1780 2747
1460 2555
809 3942
791 3911
1441 2544
1638 2615
5054 8175
6107 7048
5923 7024
5258 6367
1106 2052
63 3177
1865 2833
299 3442
1834 2931
220 3207
356 3385
29 3136
73 3095
1689 2808
787 3953
5529 6650
1786 2718
2023 2947
388 3552
6089 7085
985 4031
30 3192
1130 2060
294 3392
797 3962
352 3336
590 3622
5428 6492
2029 2951
47 3141
794 3953
1344 2347
1133 2054
5901 7014
5678 6725
1710 2754
5782 6906
1844 2905
334 3363
600 3637
5063 8106
701 3795
683 3781
1835 2885
947 4061
5102 8064
5040 8159
5074 8098
245 3204
1639 2580
5151 6252
843 3903
427 3551
428 3545
6021 7152
819 3909
5546 6620
1271 2191
5460 6444
373 3342
622 3602
1768 2708
988 4002
743 3736
423 3367
971 3914
160 3106
6014 7164
1700 2599
5052 7999
5114 8057
5261 6158
5809 6709
5305 6205
1946 2847
1954 2855
5957 7104
6109 7003
6139 7036
206 3142
1517 2404
5724 6870
1045 2206
5391 6532
1136 2301
1300 2458
5762 6669
956 3884
1977 2856
5608 6521
5772 6685
5661 6793
120 3309
1765 2672
513 3735
5239 6369
245 3170
17 3209
864 4090
5453 6615
1906 3049
309 3496
1592 2725
472 3397
5180 6307
5193 6358
6119 6983
5442 6626
596 3829
5412 6534
5859 6720
1186 2055
27 3261
5946 7068
5518 6440
5468 6644
1032 2209
6059 6914
5790 6711
1679 2597
777 4002
1910 3037
1663 2772
605 3821
5997 7133
5877 6725
599 3814
420 3351
306 3463
5389 6586
5067 8060
6108 7012
1994 2931
5837 6772
974 3956
898 3896
5199 6388
418 3359
6006 7115
824 3974
1647 2768
5362 6194
6003 7088
994 3879
6099 6933
5036 8042
5077 7954
5350 6190
1242 2064
6007 7101
1138 2233
829 4080
344 3478
853 3995
1898 2980
2039 2872
925 3922
5277 6221
610 3763
759 3621
493 3391
5320 6170
1097 2205
1405 2472
1933 2904
1550 2776
1154 2132
1816 3022
1203 2148
902 3921
701 3685
518 3806
836 3996
5432 6624
8 3281
1911 2990
1133 2230
5444 6559
656 3660
1787 2598
965 3864
1048 2245
1342 2528
1860 2971
1686 2633
6079 7008
816 4048
1945 2936
424 3401
935 3910
5281 6208
5139 6386
394 3432
5217 6274
5954 7078
805 4044
744 3586
281 3571
1348 2478
5929 7107
125 3222
1310 2549
6004 7071
124 3216
1619 2750
671 3698
5065 7972
1257 2055
6037 7013
6097 6945
1885 2988
5853 6703
5131 6393
5238 6276
1767 2580
757 3590
5464 6571
1305 2541
510 3338
886 3971
572 3780
1806 3062
5617 6411
5247 6277
1608 2740
5851 6695
479 3362
5262 6543
1594 2873
1024 2307
173 3497
1764 3040
97 3429
1979 2749
1112 2398
1726 3001
466 3290
268 3078
326 3146
5960 6724
72 3397
5745 7039
5198 6464
1216 2511
1881 2646
5583 6336
5072 7903
399 3230
1691 2953
673 4018
160 3508
1690 2958
1662 2923
5315 6614
878 3704
1179 2445
1205 2467
5296 6568
612 3965
1150 2407
1626 2883
1475 2266
5750 7023
1949 2695
5253 6559
1355 2128
1120 2428
1175 2442
1041 2316
5411 6206
1666 2972
640 3999
1325 2098
6054 6790
1620 2934
5770 7080
1683 2999
5175 6419
5356 6601
1314 2052
562 3866
587 3938
1127 2381
881 3675
1434 2224
5101 7879
349 3190
2040 2772
712 4069
1289 2084
5286 6539
339 3196
1399 2136
685 3970
1235 2531
1884 2670
1871 2684
5295 6556
1181 2473
5418 6174
920 3758
421 3218
570 3853
5944 6656
242 3528
973 3825
1214 2433
942 3729
788 3668
5562 6394
1180 2526
491 3240
499 3248
5300 6640
924 3801
549 3936
5602 6311
5681 7028
897 3787
5645 6983
1471 2292
5638 6989
5952 6667
16 3420
671 4051
5082 7830
5230 6434
5452 6144
133 3531
180 3556
5688 7016
5486 6207
5789 7116
5935 6782
123 3369
5434 6249
5028 7920
842 3615
652 4057
5995 6717
1027 2388
1631 2824
6027 6867
5879 7087
954 3808
741 4030
354 3129
5195 6423
5115 7846
896 3806
5886 7072
6016 6878
5222 6456
5639 7000
698 4059
1280 2145
5732 6917
1232 2483
5972 6704
5881 7069
1864 2606
5024 7878
5908 6770
1545 2926
871 3584
1537 2921
243 3483
2021 2700
5126 6511
1616 2875
1986 2734
218 3511
1579 2885
5814 7128
5343 6577
821 3674
1848 2647
5530 6389
5733 6922
5526 6393
5701 6964
5930 6750
5693 6984
1188 2524
290 3163
856 3618
1090 2360
1097 2354
647 4091
1607 2874
1015 3722
2046 2691
5098 7831
850 3628
1190 2520
5386 6260
5979 6692
1743 2895
623 4079
977 3665
5417 6313
370 3315
5711 7118
1388 2280
3 3462
1391 2282
5635 7051
1653 3068
538 3984
6104 6738
5812 6974
5346 6511
5089 7788
229 3435
1585 3007
1935 2560
1330 2237
1322 2213
5775 6912
1617 3009
6078 6702
1714 2851
34 3507
5321 6491
604 4047
6131 6758
2020 2674
1494 2113
886 3809
437 3106
5932 6843
1515 2163
5293 6453
2008 2627
873 3826
5548 6199
1521 2159
5839 6993
1449 2102
5711 7120
1458 2066
867 3779
5215 6655
5021 7741
5306 6424
5198 6634
121 3548
1942 2611
5458 6388
5998 6856
1856 2793
1974 2589
815 3716
89 3573
152 3380
1526 2138
5560 6164
159 3377
1674 2853
928 3599
1079 2456
5753 7126
5937 6814
1864 2808
5801 6937
5938 6787
5193 6648
5818 6921
5994 6878
5820 6921
1968 2567
2003 2660
452 3187
5801 6942
5915 6819
5331 6506
432 3083
5148 6567
179 3343
319 3202
5838 7027
5100 7761
660 3882
1748 2836
238 3374
5964 6796
5993 6824
1632 2978
837 3719
58 3576
5973 6801
5332 6416
458 3084
1028 2508
852 3741
1718 2940
781 3783
90 3473
1466 2166
1417 2117
6068 6777
5804 7009
1349 2187
5658 7114
196 3349
1593 3051
767 3885
6137 6699
2039 2596
327 3220
5082 7689
184 3438
1254 2353
5934 6905
86 3471
700 3941
1140 2478
5302 6509
5366 6445
290 3326
1534 2083
2024 2614
5405 6339
6050 6781
755 3859
5824 6944
5270 6516
5757 7065
5833 6957
584 4014
1074 2516
613 3971
1015 3601
323 3236
1803 2787
111 3461
5339 6449
1734 2858
1482 2087
1602 2991
1978 2644
1555 3069
1812 2810
1790 2833
1988 2603
769 3822
94 3502
1452 2141
463 3133
753 3843
416 3156
5955 6839
1791 2825
1256 2334
6094 6712
1096 2495
5992 6800
5667 7129
748 3863
1197 2390
45 3542
1450 2129
5264 6507
1467 2118
5427 6350
791 3817
5514 6260
5335 6441
1483 2100
411 3995
557 3119
1949 2463
5149 6687
857 3418
5472 7011
5079 7636
1806 2315
1318 2848
531 3092
248 3824
490 4067
1119 2645
5500 7030
5116 7670
14 3589
462 4037
5110 7677
1554 2078
1829 2345
1676 2177
1251 2798
469 4058
1102 2625
597 3162
6128 6655
88 3656
1357 2909
126 3695
5233 6752
5702 6228
1576 2107
1174 2693
228 3831
5232 6755
826 3374
5824 6356
1077 2592
5030 7603
1006 3576
1645 2171
202 3805
5589 7117
1302 2828
213 3785
1343 2849
339 3955
1063 2567
389 4004
5975 6517
1446 2949
1001 3530
208 3827
489 4045
5190 6754
1300 2865
178 3732
286 3896
5858 6340
5666 6154
5611 7107
209 3832
670 3250
1491 3071
906 3494
438 3992
498 4060
5984 6481
1624 2154
5268 6817
1048 2592
774 3388
1233 2794
5816 6275
328 3956
5755 6214
1639 2137
1060 2587
5378 6979
610 3104
1712 2291
34 3686
849 3348
524 3147
1347 2826
5646 6215
5657 6224
1723 2288
554 3169
5829 6286
5942 6523
1430 3032
5781 6363
5108 7610
6129 6590
470 3975
5067 7578
913 3523
5939 6497
1266 2726
5544 7164
5323 6815
478 3979
1337 2927
1539 2132
1008 3495
5799 6384
5780 6348
1279 2726
6082 6555
5948 6501
5563 7137
754 3247
1083 2661
1019 3492
5894 6489
5096 7607
5585 7054
329 3880
1959 2502
912 3569
1818 2425
5657 6266
1403 2845
5706 6188
5490 6932
5272 6911
1935 2535
1777 2200
5683 6233
1354 2855
5777 6396
619 3077
6065 6623
713 3238
1290 2938
813 3421
5847 6310
5134 6783
442 4040
541 3183
1313 2899
5501 6927
5389 7039
1885 2350
1173 2785
1987 2486
1485 3000
5715 6182
717 3259
5810 6341
1751 2223
91 3619
1237 2732
1817 2403
1819 2400
664 3300
1279 2691
5611 7063
1770 2196
1638 2072
1860 2363
5309 6850
20 3733
580 3269
1047 2709
921 3354
1918 2557
5697 6338
525 3209
1857 2503
1943 2321
957 3387
5178 6844
42 3747
1495 2910
1093 2767
1220 2638
6004 6654
1365 3038
1435 2839
5154 6831
5961 6596
6011 6646
1896 2535
314 4021
5055 7472
745 3193
5800 6200
5718 6343
305 4003
1635 2288
989 3402
5678 6329
5146 6797
1218 2650
330 4050
1209 2593
6007 6639
5064 7506
1582 2226
5565 6945
1439 2818
687 3121
1514 2890
6015 6622
1040 2739
901 3366
395 3887
1809 2489
1091 2795
5850 6258
6037 6460
5256 6690
5440 7147
313 3989
5491 7135
1384 3013
5874 6239
5320 6758
1513 2905
1009 3392
5847 6246
895 3531
452 3952
5446 7154
4 3761
5100 7513
6129 6468
1658 2252
37 3730
283 4012
5393 7078
1473 2937
5402 7074
844 3573
5094 7514
1182 2595
5543 6938
5107 7502
659 3117
870 3544
5462 7144
5439 7041
5136 6831
5781 6186
5443 7043
5612 6956
5327 6671
5317 6660
5588 6935
5582 6923
5971 6549
5390 7113
5142 6865
2022 2351
5643 6338
5106 7486
5091 7471
5407 7122
5726 6291
1629 2189
5379 7123
8 3801
1468 2925
1511 2870
1744 2051
404 3911
1151 2731
42 3838
5317 6673
1578 2303
5805 6267
187 3692
1644 2228
5875 6187
1777 2091
1077 2799
487 3901
148 3663
6029 6486
5403 7111
1693 2112
1979 2406
1621 2187
5433 7142
366 3982
5604 6916
201 3624
5262 6767
529 3315
5579 6953
1922 2401
1262 2570
307 4055
281 4093
6034 6518
557 3272
5310 6747
5130 6892
1176 2687
1356 2987
5289 6734
768 3560
993 3337
641 3178
5549 6982
923 3445
6105 6455
376 3991
1444 2891
1050 2805
1789 2061
5586 6946
1611 2234
1384 2970
5803 6233
1352 3003
387 3957
790 3553
1239 2607
5068 7477
5096 7441
1804 2550
246 3596
1146 2689
909 3440
1958 2392
204 3634
5534 7008
1945 2406
199 4038
990 3295
5117 7420
5868 6637
5645 6415
504 3835
866 3174
1830 2082
1187 2981
5776 6550
5839 6601
5595 6876
896 3208
733 3540
128 3978
5712 6490
684 3495
567 3387
5196 6976
877 3168
1525 2810
1038 2817
5470 6737
734 3534
616 3448
1900 2172
1753 2507
1900 2174
1246 3019
5897 6172
471 3777
770 3092
5153 6967
534 3329
1113 2894
105 3966
5653 6402
182 4015
1465 2720
5251 7066
1760 2554
1755 2497
5573 6879
6064 6315
1841 2093
1574 2362
5863 6651
5376 6684
5027 7359
1039 2834
5507 6814
691 3501
581 3419
204 4077
1870 2156
945 3219
6086 6370
991 3321
596 3443
1693 2485
1798 2094
273 3640
5385 6688
796 3126
1085 2839
1595 2320
1924 2216
1896 2116
1332 2584
709 3563
5751 6489
911 3232
5963 6244
445 3724
5967 6270
1505 2771
479 3819
5220 6992
5637 6448
1337 2575
1241 3055
1147 2892
1369 2657
1634 2392
1155 3001
884 3147
1911 2102
5069 7308
5119 7358
5430 6773
411 3807
1435 2780
5770 6605
855 3103
1676 2501
1080 2930
1534 2740
704 3466
728 3474
5402 6737
1498 2710
234 4007
302 3681
1296 2655
1064 2919
5625 6825
1019 3242
1499 2697
1217 2963
936 3322
1810 2113
1170 3009
5787 6600
191 4074
5703 6418
51 3941
5795 6645
5338 7052
803 3188
1623 2304
1305 2625
5675 6514
335 3605
1128 2866
877 3127
1916 2087
1299 2639
806 3194
823 3178
543 3394
1361 2575
799 3137
5412 6778
1395 2579
5494 6678
5808 6608
5508 6884
5370 7064
6130 6288
6138 6297
5846 6581
5970 6198
1992 2222
569 3422
5521 6902
2002 2235
760 3473
1685 2558
5517 6881
830 3152
424 3782
5155 6995
11 3962
1672 2553
1971 2242
5649 6496
26 3950
5694 6474
1980 2249
5991 6162
1763 2452
5748 6403
5491 6660
2021 2204
5165 6996
796 3174
497 3723
1272 2946
5091 7321
5360 7051
1009 3212
908 3313
5399 6762
135 3846
777 3211
2010 2136
256 3714
678 3364
5940 6326
1507 2656
1778 2422
1073 2997
1977 2108
1757 2388
385 3592
542 3479
1379 2793
1274 2928
5668 6574
5736 6627
6117 6254
1927 2059
1563 2454
193 3916
6141 6256
342 3782
5603 6771
6036 6150
5422 6843
1581 2491
5297 6951
1173 2829
5226 7154
472 3649
5767 6430
654 3348
6044 6151
5299 6959
5539 6719
5581 6736
645 3355
836 3291
929 3073
946 3088
24 4027
5663 6588
931 3079
5149 7097
697 3356
5585 6772
1538 2468
5665 6535
5791 6457
1496 2687
1754 2429
280 3760
1227 2915
6002 6362
1650 2523
2007 2174
1627 2545
5408 6794
5236 7135
6092 6247
963 3182
5154 7055
545 3471
5685 6555
5002 7204
403 3644
810 3205
5943 6296
1505 2640
287 3758
706 3443
6010 6351
354 3796
448 3703
1856 2296
5597 6757
1067 2962
5192 7156
1858 2303
1339 2693
1502 2590
361 3753
1432 2649
6077 6271
2032 2099
414 3674
56 4092
248 3900
5379 6853
5874 6453
517 3533
454 3596
5728 6570
5864 6434
1121 2986
1417 2626
5469 6806
1390 2722
781 3265
1331 2815
546 3567
5373 6962
917 3140
5413 6903
6113 6197
1193 2940
1000 3134
5748 6572
5161 7153
1877 2188
669 3396
951 3180
5173 7150
6127 6195
5950 6370
349 3712
5883 6438
1487 2576
1960 2167
1803 2260
5792 6527
5143 7112
1909 2197
714 3370
5983 6335
65 4000
255 3870
1230 2860
1034 3048
52 4054
5060 7206
1172 2935
1312 2755
5649 6642
1757 2361
430 3659
1899 2190
269 3816
459 3629
441 3678
5734 6529
5705 6561
5753 6545
577 3498
865 3210
5189 7086
5917 6385
5624 6677
5459 6846
5281 6988
96 3983
1010 3101
1633 2446
47 4032
5296 7007
157 3949
458 3643
1983 2125
1630 2476
5867 6424
1667 2423
1904 2183
6091 6204
1080 3008
219 3874
1254 2844
446 3653
1837 2262
5673 6612
5344 6941
5270 7019
5610 6676
662 4759
270 4362
187 4285
636 4724
725 4826
309 4386
68 4189
872 4937
48 4117
115 4187
331 4449
839 4969
948 4996
475 4590
520 4657
67 4216
440 4485
275 4434
516 4679
312 4476
220 4249
543 4695
684 4835
132 4308
706 4754
33 4210
474 4495
558 4725
511 4514
364 4402
247 4247
111 4107
388 4578
762 4753
410 4587
300 4446
564 4673
829 4938
91 4140
289 4443
260 4479
225 4252
423 4569
869 4890
763 4728
15 4231
705 4680
351 4562
353 4591
907 4868
393 4376
471 4422
720 4674
172 4152
946 4901
449 4438
947 4905
412 4352
468 4425
216 4217
110 4303
318 4508
478 4472
19 4283
217 4208
476 4470
331 4576
644 4650
952 4873
58 4233
227 4182
585 4860
337 4583
495 4438
605 4834
327 4484
217 4125
291 4581
93 4245
708 4621
373 4517
435 4448
616 4798
611 4788
260 4575
572 4828
425 4429
547 4804
35 4297
177 4188
534 4856
664 4727
535 4838
928 4946
655 4731
120 4239
739 4635
986 4899
379 4480
137 4213
729 4644
550 4825
794 4633
311 4147
221 4561
494 4323
875 4708
183 4518
232 4604
639 4969
213 4546
517 4882
96 4475
499 4333
1 4388
495 4298
405 4258
251 4545
425 4247
798 4641
484 4263
554 4974
926 4824
542 4948
802 4713
191 4595
780 4672
185 4585
539 4937
983 4741
621 4927
565 4968
496 4270
161 4606
986 4741
332 4130
848 4640
560 4935
814 4693
322 4159
10 4471
288 4190
78 4556
112 4595
171 4392
347 4317
46 4518
44 4513
806 4791
957 4652
778 4760
765 4975
52 4513
174 4407
941 4660
391 4124
856 4856
685 4877
1003 4681
959 4636
920 4668
321 4325
770 4774
784 4789
679 4865
948 4627
101 4557
28 4532
155 4406
195 4460
772 4789
329 4347
687 4892
566 4997
402 4138
643 4922
648 4914
900 4670
940 4717
812 4846
241 4405
675 4967
145 4436
843 4748
278 4313
73 4511
93 4480
360 4277
455 4121
74 4521
106 4483
869 4752
953 4687
365 4244
240 4364
74 4533
734 4313
380 4980
744 4326
524 4124
198 4821
319 4907
230 4849
883 4452
205 4821
95 4676
666 4225
321 4959
214 4809
272 4912
271 4910
863 4477
2 4646
967 4577
101 4685
999 4557
167 4746
237 4830
372 4929
14 4664
564 4098
97 4694
672 4251
646 4285
551 4120
582 4100
848 4372
1011 4543
324 4886
258 4945
39 4721
614 4144
55 4717
975 4527
645 4324
539 4211
525 4197
176 4827
61 4690
212 4768
212 4769
963 4538
61 4678
779 4464
624 4108
730 4261
732 4188
545 4257
993 4449
930 4390
186 4656
439 4920
846 4574
480 4977
970 4447
987 4478
169 4623
756 4179
776 4515
876 4546
620 4291
997 4426
230 4693
461 4985
456 4989
80 4840
783 4553
990 4375
114 4796
544 4339
847 4502
578 4254
483 4874
607 4276
224 4619
716 4129
392 4985
792 4588
466 4903
609 4248
722 4142
972 4301
285 4636
434 4790
54 4913
1021 4341
643 4490
129 5000
359 4716
383 4723
759 4580
389 4752
30 4870
81 4936
825 4128
277 4619
689 4496
573 4383
271 4651
54 4880
945 4246
906 4269
910 4262
295 4620
585 4453
818 4103
876 4177
595 4371
498 4793
690 4579
75 4890
755 4512
663 4545
715 4498
840 4116
622 4403
559 4466
813 4172
23 4982
1011 4240
1017 4253
336 4662
337 4662
911 4327
23 4988
118 4893
630 4378
608 4366
707 4524
798 4206
386 4851
392 4859
561 4418
284 4714
578 4414
432 4813
276 4715
614 4377
833 4291
451 4682
981 4185
228 4971
210 4931
976 4162
953 4139
690 4390
338 4805
306 4779
943 4144
527 4526
854 4341
787 4282
237 4959
780 4286
917 4136
346 4836
851 4332
677 4461
257 4809
174 4961
181 4964
612 4541
790 4300
505 4639
259 4836
275 4857
570 4560
892 4240
773 4329
223 4913
336 4771
143 4986
727 4384
837 4284
644 4478
387 4734
1731 4801
1172 4242
1190 4271
1455 4516
1887 4940
1846 4896
1042 4101
1470 4519
1739 4823
1171 4278
1121 4167
1421 4523
1840 4887
1109 4220
1597 4631
1615 4708
1719 4763
1073 4126
1359 4476
1766 4818
1247 4330
1533 4552
1374 4459
1536 4665
1796 4920
1663 4675
1539 4679
1631 4632
1051 4183
1582 4706
1278 4268
1296 4419
1522 4519
1351 4382
1722 4832
1878 4876
1557 4686
1781 4782
1725 4833
1849 4967
1037 4203
1566 4729
1030 4214
1271 4229
1580 4702
1410 4599
1769 4767
1299 4457
1303 4461
1166 4336
1177 4121
2023 4965
1360 4564
1420 4361
1143 4337
1111 4304
1760 4714
1182 4114
1110 4315
1139 4349
1988 4951
1550 4759
1587 4781
1981 4894
1346 4583
1350 4590
2043 4945
1724 4620
1845 4992
1171 4139
1310 4516
1102 4338
1468 4355
1659 4795
1969 4977
1430 4432
1646 4777
1343 4597
1741 4614
1684 4672
1389 4539
1506 4411
1672 4690
1167 4180
1267 4143
1276 4129
1114 4229
1967 4942
1045 4338
1090 4266
1573 4814
1605 4777
1993 4903
1164 4218
1355 4541
1503 4386
1278 4097
1207 4168
2000 4816
1889 4707
1067 4392
1419 4238
1076 4403
1805 4614
1614 4956
1513 4339
1875 4686
2018 4802
1236 4597
1054 4413
1460 4241
1431 4287
1292 4135
1847 4615
1137 4421
1129 4444
1215 4488
1402 4173
1599 4870
1287 4163
2024 4783
1375 4118
1454 4327
1291 4161
1247 4499
1500 4236
1601 4880
1586 4960
1377 4152
1605 4894
1535 4258
1486 4243
1221 4506
1147 4369
1132 4359
1292 4193
1212 4561
1105 4391
1609 4915
1494 4265
1883 4644
1771 4970
1079 4532
1793 4740
1143 4594
1514 4195
1912 4852
1445 4138
1964 4667
1972 4654
1426 4110
1924 4640
1872 4853
1250 4427
1531 4183
1324 4227
1895 4822
1812 4773
1282 4272
1999 4730
1285 4287
1252 4447
2005 4629
1707 4975
1421 4170
1906 4792
1936 4700
1071 4578
1452 4222
1442 4215
1165 4443
1469 4196
1886 4798
1687 4980
1453 4174
1868 4783
1315 4292
1905 4761
1480 4133
1782 4879
1955 4697
1784 4866
1931 4491
1914 4473
1984 4549
1231 4810
1682 4244
1973 4542
1764 4328
2003 4574
1926 4501
1876 4416
1548 4112
1709 4272
1991 4568
1583 4109
1848 4379
1951 4538
1138 4692
1919 4432
1202 4740
1553 4135
2029 4566
1814 4436
1826 4452
1874 4373
1669 4296
1383 4906
1917 4395
1862 4382
1385 4917
2014 4482
1634 4157
1604 4123
1144 4625
1224 4773
1214 4817
1813 4463
1740 4279
1202 4659
1185 4645
1867 4558
1681 4119
1100 4811
1714 4153
1244 4691
1287 5000
1273 4712
1756 4171
1556 4237
1044 4744
1696 4158
1592 4245
1636 4310
1416 4923
1659 4302
1414 4923
2047 4417
1340 4995
1936 4435
1524 4912
1873 4500
1206 4733
1068 4833
1562 4288
1233 4657
1657 4250
1026 4839
1941 4467
1720 4191
1776 4122
1084 4823
1800 4582
1754 4148
1913 4503
1488 4897
1822 4591
1222 4661
1444 4944
1657 4236
1491 4907
1642 4241
1490 4905
1653 4235
1130 4756
1572 4384
1835 4131
1145 4976
1586 4411
1427 4766
1827 4141
2026 4347
1618 4423
1853 4134
1529 4839
1400 4711
1495 4855
1619 4466
1852 4127
1616 4468
1323 4622
1348 4706
1148 4949
1393 4699
1705 4482
1082 4881
1724 4496
1948 4275
1962 4254
1114 4973
1374 4713
1501 4837
1100 4983
1529 4792
1934 4298
1504 4774
1473 4745
1961 4322
1575 4469
1888 4148
1448 4863
1364 4623
1046 4991
1759 4530
1351 4658
1029 4979
1939 4331
1793 4227
1641 4586
1186 4915
1455 4669
1392 4835
2009 4160
2043 4196
1297 4784
1965 4108
1489 4727
1481 4719
1178 4925
1507 4682
1690 4407
1506 4689
1628 4585
1411 4666
1213 4865
1275 4922
1902 4266
1720 4479
1875 4250
1463 4730
1295 4826
1327 4854
1655 4525
1237 4878
1546 4567
1891 4226
1162 4962
1447 4684
1160 4984
1545 4600
1201 4931
1755 4397
1947 4204
1520 4617
1695 4454
1600 4539
1649 4495
1784 4358
2225 4273
2653 4702
2927 4965
2274 4334
2490 4535
2119 4181
2331 4361
2685 4709
2272 4349
2775 4855
2352 4371
2378 4463
2121 4192
2308 4398
2118 4205
2562 4654
2416 4445
2922 4953
2502 4607
2732 4847
2251 4232
2498 4485
2698 4800
2867 4962
2204 4302
2768 4738
2676 4643
2636 4630
2586 4722
2942 4886
2285 4228
2276 4233
2131 4134
2629 4659
2516 4522
2733 4819
2748 4803
2812 4732
2058 4235
2622 4799
2777 4696
3068 4986
2985 4911
2217 4131
2222 4128
2381 4573
2582 4743
2455 4357
2547 4448
2472 4413
2838 4993
2430 4580
2281 4211
2630 4834
2484 4369
2974 4921
2389 4606
3015 4981
2441 4401
3060 4940
2779 4705
3059 4942
2734 4625
2301 4159
2477 4456
2227 4212
2059 4295
2445 4441
2050 4311
2581 4813
2790 4671
2410 4534
2063 4305
2206 4222
2582 4853
2675 4758
2201 4223
2326 4592
2617 4819
2399 4531
2961 4966
2632 4784
2053 4350
2710 4715
2357 4555
2114 4424
2482 4286
2847 4626
2418 4221
2189 4510
2229 4515
2050 4378
2960 4744
2190 4501
2162 4462
2878 4638
2913 4675
2258 4596
2850 4613
2997 4764
2384 4197
2275 4514
2663 4900
2459 4319
2307 4165
2992 4857
3025 4765
2824 4677
2495 4335
2337 4208
3014 4757
2467 4345
3012 4775
2601 4943
2913 4616
2344 4162
2621 4941
2073 4458
2180 4599
2487 4303
2519 4267
2900 4650
2547 4215
2897 4829
2544 4220
2932 4858
3032 4684
2499 4180
2207 4356
2771 4943
2517 4169
2949 4647
2447 4141
2448 4149
2802 4955
2878 4755
3033 4704
2063 4533
3045 4696
2142 4576
2134 4584
2171 4548
2083 4577
2254 4365
2205 4440
2542 4136
2498 4104
3049 4643
2077 4566
2888 4739
2509 4098
2743 4984
2797 4924
2690 4947
2442 4184
2773 4871
2690 4950
2153 4540
2876 4842
2858 4848
2383 4243
2129 4493
2323 4301
2153 4534
2154 4490
3030 4668
2832 4861
2276 4362
3014 4649
2334 4334
2863 4830
2477 4190
3034 4642
2729 4947
2901 4776
2571 4107
2284 4846
2914 4454
2658 4202
2656 4200
2677 4223
2973 4497
2385 4957
2845 4367
3047 4593
2407 4990
2721 4282
2719 4225
3054 4593
2090 4618
2470 4998
3052 4558
2239 4761
2681 4182
2371 4979
3031 4581
2192 4772
2168 4685
2355 4869
2178 4795
2674 4169
2342 4891
2784 4318
2868 4471
2708 4304
2877 4473
2727 4322
2500 4994
2414 4904
3034 4498
2848 4462
2309 4946
2776 4280
2859 4425
2788 4231
2645 4147
2169 4627
2393 4917
2058 4711
2763 4260
3007 4560
2173 4626
2412 4888
2266 4782
3021 4536
3067 4492
2419 4874
2131 4649
2364 4935
2959 4594
2521 4953
2602 4270
2464 4908
2618 4279
2827 4486
2628 4309
2327 4995
2168 4845
2230 4652
3028 4431
2952 4373
2951 4376
2659 4290
2579 4273
2676 4307
2778 4209
2557 4941
2883 4602
2689 4155
2479 4882
2299 4666
2957 4430
2666 4259
2238 4723
2263 4634
2915 4531
2513 4864
2080 4850
2084 4854
2782 4106
2508 4884
2758 4127
2098 4820
2863 4553
2241 4648
2474 4952
2715 4200
2979 4442
2647 4439
2987 4265
2440 4748
2565 4353
2906 4191
3005 4283
2815 4601
2415 4735
2831 4125
2527 4802
2832 4111
2641 4465
2741 4500
2359 4629
2865 4114
2585 4415
2162 4956
2514 4832
2762 4605
2559 4806
2156 4944
2160 4918
2842 4170
2550 4775
2787 4529
2387 4608
2764 4497
2597 4474
2519 4790
2095 4938
2501 4768
2165 4895
2814 4493
2735 4571
2607 4439
2621 4420
2135 4909
2820 4216
2149 4889
2977 4316
2382 4808
2218 4908
2277 4963
2873 4274
3046 4205
2237 4911
2564 4510
2761 4435
2662 4603
2199 4918
2354 4763
2713 4400
2908 4342
3064 4181
2201 4919
2886 4350
2496 4729
2417 4808
2842 4257
2820 4280
3030 4201
2702 4429
2917 4256
2731 4451
2841 4307
2884 4239
2270 4885
2305 4815
2944 4175
2953 4186
2551 4655
2140 4996
2563 4573
2246 4900
2398 4797
2821 4320
2533 4608
2493 4699
2769 4408
2642 4536
3035 4150
2762 4389
2533 4628
2788 4370
2591 4584
2999 4173
2169 4998
3143 4164
3645 4661
3207 4237
3262 4277
3469 4481
3824 4860
3289 4311
3697 4734
3166 4171
3199 4201
3134 4137
3794 4805
3089 4104
3694 4725
3804 4800
3557 4602
3663 4712
3580 4565
3190 4184
3888 4872
3870 4902
3145 4213
3455 4416
3774 4862
3565 4521
3437 4394
3562 4525
3711 4663
3454 4404
3716 4815
3416 4372
3331 4428
3738 4810
3496 4605
3894 4963
3509 4579
3407 4377
3441 4393
3428 4412
3406 4375
3213 4305
3350 4424
3874 4988
3417 4409
3117 4175
3082 4206
3815 4751
3130 4176
3262 4308
3376 4418
3798 4778
3303 4248
3740 4630
3175 4340
3469 4379
3214 4119
4086 4971
3998 4867
3215 4113
3712 4639
3751 4615
3300 4167
3481 4410
3339 4526
3177 4300
3544 4477
4052 4978
3434 4568
3642 4745
3638 4736
3372 4507
4091 4930
3683 4831
3347 4527
3489 4380
3749 4710
3828 4656
3395 4487
3564 4393
4011 4973
3078 4289
3321 4146
3978 4954
3158 4230
3532 4381
3189 4263
3792 4612
3813 4669
3755 4720
3359 4547
3465 4458
3762 4694
3291 4158
3500 4421
3646 4820
3077 4329
3412 4537
3393 4524
3684 4764
3228 4509
3286 4564
3367 4132
3338 4105
3347 4120
3563 4346
3665 4930
3131 4396
3506 4261
4063 4804
3255 4522
3430 4161
3541 4344
3701 4932
3699 4928
3616 4884
3311 4570
3570 4293
3704 4932
3091 4398
3254 4488
3398 4217
3567 4271
3928 4633
3425 4130
3097 4442
3201 4549
3425 4137
4085 4796
3691 4897
3700 4926
3867 4688
3223 4571
3435 4155
3439 4156
3073 4437
3939 4660
3156 4360
3274 4502
3098 4423
3918 4624
4070 4793
4070 4742
3304 4489
3099 4467
4094 4754
3987 4861
3636 4955
3475 4335
4008 4822
3981 4621
3293 4440
3250 4404
3587 4997
3794 4948
3583 4212
3395 4296
3731 4867
3287 4422
3755 4921
3721 4895
3228 4356
3913 4816
3766 4909
3115 4535
4036 4697
3454 4320
3491 4157
3484 4099
3583 4192
4029 4642
4087 4691
3620 4993
3871 4794
3089 4537
3774 4887
3426 4299
3241 4354
3868 4776
3507 4102
4083 4658
3837 4926
4073 4641
4049 4634
3243 4455
3345 4319
3251 4451
3408 4226
3431 4274
3798 4864
3500 4219
3574 4142
3110 4603
3968 4703
3282 4402
3783 4901
3465 4203
3293 4414
3897 4829
3180 4491
3867 4851
3799 4927
3520 4143
3437 4249
3364 4306
3726 4983
3770 4929
3891 4812
3185 4721
3705 4221
4047 4555
4088 4604
3341 4873
3591 4096
3405 4928
3254 4769
3791 4306
3713 4255
3233 4738
3144 4705
3230 4786
3202 4787
3231 4780
3959 4420
3416 4972
3224 4780
3179 4701
3125 4611
3187 4677
3284 4844
3266 4858
3790 4340
3626 4116
3757 4332
3093 4695
3739 4316
3958 4408
3371 4987
3981 4572
3080 4698
3963 4397
3260 4842
3323 4770
3551 4992
3819 4234
3701 4112
3948 4363
3349 4990
3670 4154
3081 4709
3708 4113
3368 4933
3909 4395
4048 4543
3734 4321
3451 4866
3960 4354
3771 4294
4081 4494
3969 4359
3848 4481
3081 4743
3239 4648
3314 4707
3483 4879
3578 4972
3840 4505
3655 4317
3357 4999
3908 4575
3706 4314
3107 4739
3290 4722
3247 4637
3244 4635
3687 4262
3155 4762
4094 4405
3226 4689
3206 4680
4045 4380
3752 4218
4051 4353
4019 4455
3548 4875
3693 4276
4063 4357
3802 4103
4056 4409
3961 4507
3296 4611
4079 4364
4062 4410
3996 4472
3501 4933
4075 4352
3944 4508
4009 4444
3778 4149
3847 4592
3820 4115
3682 4450
3572 4848
3886 4133
3715 4492
3818 4600
3559 4849
3470 4758
3682 4475
3523 4824
3756 4529
3427 4733
3074 4898
4030 4252
3887 4106
3906 4199
3621 4365
3539 4859
3184 4954
3362 4617
3159 4960
4078 4310
3838 4528
3458 4818
4019 4321
3075 4951
3706 4387
4023 4328
4071 4228
3940 4097
3105 4934
3384 4692
3984 4333
3882 4269
3294 4950
3628 4512
3091 4999
3430 4863
3103 4994
4034 4189
3406 4847
3258 4893
4089 4177
3408 4862
3274 4964
3805 4459
3413 4844
3787 4464
3534 4622
3508 4724
3599 4559
3923 4251
3257 4981
3851 4292
3964 4275
3377 4837
3855 4314
3357 4803
3319 4885
4029 4187
3487 4728
3751 4430
3440 4766
3792 4385
3718 4469
3747 4437
3725 4468
3698 4489
3992 4198
3456 4735
5348 9446
5385 9485
5269 9361
5315 9413
5343 9430
5817 9907
5843 9944
5557 9656
5811 9890
5307 9384
5234 9319
5394 9482
5521 9609
5478 9597
5396 9520
5353 9412
5050 9111
5307 9364
5235 9283
5496 9547
5686 9733
5267 9383
5856 9941
5776 9896
5288 9362
5382 9528
5143 9257
5655 9768
5738 9772
5354 9382
5241 9257
5698 9745
5785 9933
5841 9861
5229 9272
5594 9601
5822 9950
5410 9539
5638 9825
5566 9689
5457 9526
5252 9453
5066 9120
5688 9803
5834 9913
5372 9355
5648 9831
5788 9957
5062 9031
5518 9474
5092 9064
5141 9370
5421 9660
5181 9387
5302 9261
5267 9265
5774 9768
5231 9414
5856 9806
5008 9023
5684 9883
5012 8996
5451 9722
5883 9793
5546 9494
5233 9420
5557 9591
5689 9978
5882 9778
5269 9309
5217 9385
5539 9586
5562 9580
5691 9964
5447 9629
5483 9648
5405 9670
5128 9427
5050 9049
5368 9246
5400 9716
5266 9340
5075 9020
5871 9758
5292 9307
5752 9858
5114 8964
5371 9220
5168 9524
5608 9440
6086 9930
5109 8955
5081 8919
5576 9436
5614 9466
5127 9502
5350 9668
5216 9542
5596 9460
5929 9734
5377 9269
5406 9259
5403 9262
5007 8888
5183 9478
5058 8952
5156 9498
5206 9488
6047 9941
5160 9574
6055 9974
5469 9228
5999 9788
5138 9549
6001 9748
5246 9486
5540 9429
5042 8902
6035 9959
5475 9237
5020 8932
5552 9268
5477 9442
6072 9778
5899 9862
5048 8758
5760 10000
5330 9542
5596 9288
5368 9581
5978 9927
5807 9997
5061 8813
5956 9967
5190 9707
6051 9740
5229 9690
5489 9417
5020 8743
5451 9456
5445 9346
5006 8774
5938 9979
5630 9266
6117 9769
5253 9557
5261 9565
5234 9636
6058 9840
5097 8756
5132 9682
5204 9610
5046 8809
5257 9576
5515 9321
5312 9513
6012 9878
5059 8744
5370 9493
5626 9237
5047 8774
5474 9360
5104 8710
5383 9470
5037 8786
5429 9418
5887 9470
5054 8634
5185 9798
6001 9597
5986 9583
5079 8665
5634 9229
5135 9759
6103 9671
6045 9614
5910 9486
5640 9233
5139 9738
5087 8646
5168 9775
5764 9380
5658 9273
5225 9793
5226 9792
5282 9871
5329 9980
5974 9582
5011 8616
5010 8617
5968 9580
5880 9415
5862 9433
5636 9287
5820 9464
5774 9416
5191 9740
5218 9769
5363 9918
5025 8686
5284 9975
5763 9431
6056 9726
5790 9416
5963 9490
5971 9481
5928 9587
5632 9308
5045 8682
6064 9680
5985 9478
6120 9615
5826 9391
6061 9695
5191 9779
5215 9770
5132 9850
5845 9378
5169 9801
5087 8611
5896 9589
5094 8600
5777 9234
5185 9925
6143 9595
5074 8519
5174 9891
6056 9534
5735 9468
5120 9888
6076 9494
5868 9286
6135 9560
5005 8509
5800 9241
5291 9759
5855 9321
6025 9521
5144 9889
6060 9581
5375 9790
5294 9836
5051 8568
6077 9593
5709 9352
5121 9924
6043 9564
5737 9376
6033 9562
6134 9511
5784 9293
5860 9276
5755 9378
5761 9306
5019 8519
5365 9749
5293 9806
6084 9518
5375 9739
5651 9451
5337 9766
5934 9681
5898 9224
5572 9922
5771 9601
5650 9496
6111 9428
5903 9217
5920 9263
5390 9754
5112 8419
5888 9251
6033 9397
5495 9809
5739 9536
5987 9292
5454 9854
5044 8322
5524 9891
5555 9866
5475 9817
5528 9893
6008 9285
5112 8377
5980 9247
5196 9984
6090 9351
5976 9239
5720 9480
5686 9572
5467 9787
5699 9504
5766 9705
5629 9865
5880 9613
5376 9845
5047 8386
5981 9259
5955 9278
5661 9628
5418 9897
6099 9303
5949 9397
5827 9545
5425 9914
6013 9452
5046 8228
5825 9554
6053 9265
6049 9270
6127 9335
5975 9418
5815 9495
5480 9921
6124 9286
5435 9872
5674 9606
5769 9508
5489 9951
5652 9636
6041 9256
5113 8268
5631 9798
6123 9302
5601 9763
5012 8279
5034 8293
5899 9432
5338 9998
5904 9413
5485 9915
6088 9232
5027 8315
5006 8302
5810 9558
5979 9405
5481 9862
5075 8225
6020 9330
5456 9898
5369 9986
5672 9684
6029 9330
5115 8196
5388 8461
5692 8760
5359 8423
5798 8879
5749 8825
5304 8360
5592 8648
5212 8269
5342 8389
5250 8353
5601 8642
6018 9125
5419 8451
5670 8719
5339 8432
5447 8564
5760 8883
5626 8653
5816 8838
5401 8486
5699 8704
5680 8822
5593 8592
5122 8267
5570 8585
5211 8214
6071 9209
5905 9054
6136 9124
5969 8974
5207 8245
5742 8713
5377 8550
5747 8729
5959 9004
5282 8398
5933 9054
5322 8382
5908 9056
5677 8795
5392 8552
5140 8300
6104 9121
5367 8329
5577 8520
5479 8677
5409 8612
5628 8570
5424 8631
6118 9069
5997 9185
5794 8750
5925 9131
5179 8361
5613 8575
5352 8315
5248 8213
5775 8728
5275 8197
5433 8614
5205 8394
5552 8465
5509 8484
6095 9066
5424 8599
5878 8796
5682 8857
6052 8975
5911 9146
5571 8556
5520 8482
5274 8233
5532 8495
5506 8502
5556 8448
5667 8853
5043 9995
6024 9034
5890 9153
6003 9136
5889 9158
5493 8637
5713 8858
5157 8433
5526 8515
5239 8367
5137 8392
5605 8505
5490 8621
5120 8419
5669 8897
5695 8920
5341 8245
5794 8778
5353 8195
5710 8895
6048 9042
5907 9190
5624 8463
5227 8338
5463 8622
5559 8524
5644 8945
5818 8775
5578 8395
5395 8208
5009 9879
5881 9214
5246 8563
5175 8505
5739 9082
5072 9923
5806 9146
5495 8291
5356 8696
5672 9022
5853 9162
5574 8415
5095 9978
5119 9954
5030 9912
5653 9013
5591 8438
5692 8985
5029 9859
5259 8621
5687 8976
6118 8910
5930 8706
5260 8613
5634 9000
5864 9155
5089 9934
5550 8351
5482 8280
5889 8757
5333 8675
5622 8399
5576 8437
6026 8887
5648 9007
5696 8960
6069 8948
5603 8352
5593 8348
5960 8717
5895 8783
5004 9927
5875 9123
5633 9040
5768 9182
5857 9147
5995 8759
5561 8420
5194 8488
6046 8957
6060 8906
5931 8780
5357 8586
5921 8780
5441 8239
5951 8784
6090 8891
5303 8646
5945 8782
5090 9877
6133 8834
6098 8875
6089 8883
6046 8931
5520 8430
5492 8436
5197 8650
6011 8947
5504 8201
5211 8657
5893 8846
5786 8983
5936 8894
5532 8207
5586 8260
6126 8821
5614 8309
5110 9834
5744 9197
5985 8958
5407 8320
5635 9123
5134 8617
5486 8390
5936 8856
5558 8216
5387 8357
5973 8935
5607 8275
5949 8840
6032 8742
5314 8564
6054 8734
5164 8598
5771 9008
5679 9106
6101 8811
5032 9750
5568 8198
5420 8422
6030 8769
6142 8742
5214 8583
5212 8631
5464 8371
6087 8746
5202 8637
5097 9755
5219 8601
6065 8779
5572 8255
5252 8569
5287 8538
5860 8422
5348 8934
5758 8314
5821 8379
5122 8715
5221 8814
5805 8355
5996 8574
5430 8997
6074 8620
6134 8685
5398 8970
6111 8640
5710 8303
5511 9124
5085 9721
5434 8991
5580 9194
5670 8193
5759 8277
5354 8921
5647 8251
6075 8589
5773 8378
5039 9621
5206 8809
6130 8624
5545 9195
5298 8944
5933 8553
5629 9144
5095 9632
5786 8400
6128 8634
5204 8731
5828 8340
5466 8969
5704 8220
5568 9110
5533 9156
5707 8209
5729 8251
5157 8830
5655 8268
5033 9718
5033 9669
5305 8918
5560 9160
5283 8914
5569 9139
5032 9691
5245 8712
5328 8869
6000 8454
6116 8594
5602 9115
5764 8445
5854 8356
5099 9623
5548 9171
5209 8922
6112 8548
5684 8369
5387 9091
5351 8815
5170 8893
5140 8837
5334 8768
5727 8392
5182 8873
5372 8804
5201 8945
6141 8541
5922 8577
5641 8366
5909 8635
5383 9128
5128 8888
5001 9528
5152 8849
5334 8801
5597 9062
5861 8282
5440 9088
5284 8805
5659 8415
5802 8288
5109 9535
5060 9487
5998 8611
5547 9061
5523 9026
5591 8963
5063 9491
5126 8925
5906 8654
5859 8254
5093 9530
5840 8243
5616 8982
5650 8443
5184 8874
5123 8941
5917 8681
5228 8859
5798 8273
6063 8535
5719 8365
5018 9575
5210 8871
5884 8194
5203 9043
5465 8794
5773 8581
5599 8917
6068 8383
5108 9465
5285 9131
5947 8235
5408 8756
5865 8700
5578 8915
5619 8936
5357 9200
5213 9085
5779 8626
5056 9442
5632 8483
5916 8250
5733 8525
5529 8880
5084 9462
5512 8868
5664 8460
5752 8534
5724 8557
6113 8402
5223 9044
5848 8685
5045 9344
5619 8900
5680 8456
6078 8327
5720 8546
5969 8211
6017 8388
6051 8421
5031 9441
5480 8751
5176 9074
5311 9203
5721 8471
5782 8664
5236 9019
5676 8547
5511 8916
5129 9050
5051 9448
6015 8236
6120 8380
5208 8973
5835 8604
5731 8507
5618 8872
5101 9395
5727 8510
5452 8744
5823 8660
6045 8438
6136 8340
5687 8518
5500 8705
5723 8656
5783 8473
5564 8747
5135 9112
5245 9189
5581 8789
5721 8643
5017 9267
5277 9015
5898 8352
5675 8576
5838 8549
5335 9080
6125 8284
5555 8705
5227 9170
5329 9067
5972 8431
5224 9135
5527 8799
5690 8690
5835 8455
5169 9185
5772 8537
5163 9213
5950 8420
5700 8606
5457 8844
5915 8447
5173 9168
5360 8984
5461 8892
5795 8520
5351 8972
5399 8956
5224 9093
6110 8243
5127 9193
5288 9030
5445 8884
5161 9179
5363 8961
5945 8397
5414 8913
5048 9295
5575 8765
5796 8542
5962 8372
5503 8833
5015 9320
6122 8213
7458 9506
7491 9538
6971 9017
6410 8456
6478 8523
7688 9743
6448 8503
7939 9994
7922 9976
6181 8238
7687 9738
6664 8709
6322 8381
7929 9963
6785 8853
7098 9134
6303 8330
7809 9879
7413 9443
6819 8885
6804 8835
7589 9661
7451 9473
7183 9235
7583 9603
6447 8497
7168 9246
7417 9433
7195 9279
7450 9532
7975 9985
6408 8482
7064 9130
7872 9971
7101 9097
6677 8739
6568 8606
7851 9885
6826 8860
6929 9002
7992 9989
7365 9464
6889 8916
6145 8256
6854 8836
7485 9599
6196 8311
6573 8680
7871 9977
7529 9519
7843 9961
6271 8244
7867 9968
6425 8530
6334 8432
6472 8455
7275 9252
7698 9795
6232 8203
7221 9315
6747 8716
6630 8639
7765 9742
6488 8453
7350 9448
7882 9876
6513 8494
6503 8504
7565 9709
6875 8889
6359 8373
7265 9219
7850 9929
7216 9300
7418 9374
6751 8763
6763 8719
7739 9822
6904 8861
7743 9818
6897 8854
6852 8867
7866 9939
7813 9966
7754 9761
7591 9675
6732 8737
7571 9725
7057 9215
6890 8837
7678 9617
7546 9480
7239 9268
7380 9377
7442 9573
6422 8558
7645 9637
7175 9343
7435 9585
7534 9490
7150 9105
7843 9760
7217 9394
7800 9980
6392 8316
7288 9469
6314 8239
7393 9316
7618 9540
6280 8192
7640 9552
7288 9457
7716 9901
6520 8691
6361 8277
7775 9939
7713 9900
7138 9068
6378 8292
7082 9018
6499 8690
6574 8508
6372 8306
7035 9197
6653 8554
7056 8969
6153 8339
7657 9586
7729 9898
7826 9743
6390 8299
7914 9847
6742 8904
7295 9438
6572 8462
6799 8749
6841 8731
6996 9207
6832 8723
7848 9739
6827 8717
7224 9375
7020 9152
7429 9655
7473 9605
6446 8603
7805 9931
6634 8540
7499 9714
6658 8889
6604 8567
6780 8896
7353 9221
6840 8711
6329 8313
7258 9368
6697 8938
7588 9569
6743 8850
7745 9867
7842 9833
6325 8313
6160 8414
6264 8375
7072 9072
6495 8589
6867 8709
7666 9509
6375 8240
7737 9955
7568 9546
6252 8374
6560 8573
7177 9449
7223 9431
6791 8806
7254 9396
6828 8777
6364 8246
6583 8540
6954 9158
6915 9199
8166 9994
7299 9331
7310 9338
7624 9532
6944 9174
7083 9052
7776 9880
7551 9603
6778 8839
7689 9993
6349 8652
7136 8934
8102 9888
6194 8500
7329 9638
6595 8388
6504 8303
7998 9782
8169 9953
6739 9051
6336 8649
6170 8465
6544 8348
7518 9298
6726 9035
6536 8326
7122 8924
7953 9729
7240 9561
6626 8435
6430 8204
6333 8612
7155 8938
7213 9524
6869 9167
6213 8543
7309 9622
6832 9132
7445 9227
7493 9317
7938 9762
8043 9802
7171 9510
7132 8954
6767 9032
6663 9002
7312 9632
6698 8986
6958 8734
7415 9670
7734 9991
6564 8336
6862 9210
7084 8856
7517 9323
6865 9192
7017 8787
8056 9794
7026 8776
6449 8202
7973 9753
6229 8552
6914 8767
6729 9078
8191 9920
6282 8629
7479 9224
7338 9706
6769 9008
6744 8986
7202 9568
6751 8988
7419 9656
7207 9571
7040 8902
6590 8440
6380 8618
7665 9401
6561 8424
6808 9170
6234 8469
6359 8583
6820 9206
6589 8425
7388 9608
6487 8194
6616 8335
8067 9940
7637 9356
6324 8687
6298 8641
7033 8738
7523 9277
7294 9505
8185 9881
7991 9814
8005 9761
6724 8993
8091 9982
7236 9505
6487 8241
8009 9775
7604 9427
6741 9010
7233 9517
6892 9089
6564 8404
7457 9297
7679 9358
7508 9254
8114 9921
7163 8847
8139 9919
7955 9832
6852 9151
7524 9240
7307 9719
6710 9035
7504 9263
6360 8536
7090 8755
6344 8521
7318 9492
6208 8642
7170 9606
7059 8727
8093 9752
6924 8836
6580 8252
6222 8647
7134 8788
7278 9701
6980 8911
8036 9960
6721 9165
6220 8640
6355 8543
7229 9649
6254 8674
7966 9875
7414 9592
8045 9981
7106 8784
6836 8993
8166 9843
7060 8706
6308 8498
7550 9449
6518 8430
6166 8588
8069 9753
6168 8580
6450 8367
6706 9135
6998 8907
6955 8885
7580 9219
8070 9766
6261 8657
7210 9614
7435 9389
7089 8729
7620 9324
7664 9306
6566 8205
6893 9025
6880 9039
6596 8299
6919 8872
6575 8223
7239 9715
6508 8409
7467 9373
6846 8967
6679 9134
6987 8946
6480 8427
7613 9216
6429 8355
6640 8271
7438 9422
6759 9126
6749 9119
6192 8692
6975 8953
7019 8876
7092 8828
7399 9519
6661 9164
6740 9119
6687 9172
7117 8707
7284 9659
6882 9010
7325 9548
6156 8670
7557 9302
6377 8509
8050 9895
6218 8607
7106 8730
8105 9840
7389 9479
6368 8506
6592 8221
7566 9325
7455 9468
6715 9176
8184 9756
6537 8301
6536 8300
8095 9851
8187 9747
6321 8539
6552 8308
6304 8524
7355 9559
6608 8253
7444 9465
7022 8832
6373 8458
7198 9713
7490 9395
7620 9269
8109 9823
6323 8513
6337 8498
6693 9169
7540 9356
6542 8308
7281 9613
6691 9183
8003 9917
7969 9950
6302 8862
7256 9819
7324 9887
8126 9658
7071 8603
8154 9694
6864 8405
7770 9311
7124 8668
6360 8912
7954 9499
7991 9533
7905 9450
6860 8384
6193 8764
7932 9459
7866 9386
7161 8683
8173 9721
6690 8247
7857 9380
6312 8895
8047 9590
8133 9695
6839 8363
6535 9114
6829 8368
7130 8645
7221 9748
6526 9055
7323 9913
8052 9553
6258 8791
7869 9371
7158 8670
6485 9081
6367 8947
6264 8791
8125 9618
6932 8484
8019 9571
6478 9085
6750 8301
6635 9183
7756 9337
6728 8317
8122 9612
7979 9501
8186 9677
6670 8249
6219 8818
7422 9925
6432 8989
6399 8897
7126 8681
7345 9870
7852 9363
7923 9399
6573 9194
6995 8475
6306 8936
8147 9624
6913 8522
6235 8720
6868 8344
7283 9790
6391 8890
7934 9393
6934 8518
8059 9515
6669 8285
6770 8226
6484 8965
6554 9160
7703 9283
7889 9348
6401 9047
6299 8896
6332 8935
6611 9096
7320 9924
7890 9359
7242 9751
7184 9841
6175 8826
6915 8549
6734 8228
7524 9992
7022 8450
6465 9005
6349 8867
7936 9582
6500 8971
6217 8761
6910 8335
8103 9685
7392 9874
6898 8320
7097 8651
7905 9362
6187 8798
6575 9177
7942 9584
8011 9522
6645 9103
6376 8852
7179 9847
8060 9475
7103 8510
8042 9704
6337 8771
7807 9467
8111 9514
7695 9352
6618 9042
6270 8949
8074 9477
8156 9555
7343 9791
6352 8773
6890 8319
6150 8863
6802 8200
7339 9776
7130 8516
6180 8891
7984 9647
7912 9290
7584 9988
7141 8512
6533 8995
7081 8449
7885 9319
6881 8266
6530 9006
7941 9642
7917 9282
7834 9258
7374 9853
6558 9003
7834 9260
6427 9133
7174 9914
6987 8695
8009 9717
6979 8579
6716 8445
6723 8321
8186 9529
6972 8698
7284 9916
7871 9335
6885 8237
8079 9540
6455 9208
7379 9728
7407 9786
6783 8361
6227 8843
7165 8487
8191 9509
7989 9711
7935 9253
6374 8762
7011 8638
6163 8908
8031 9662
7978 9672
6179 8903
7390 9784
8014 9640
6356 8754
6579 9048
6776 8328
7747 9394
6498 9107
6797 8316
6777 8331
7339 9816
6409 9213
6298 8815
6863 8250
6903 8192
6829 8282
7699 9451
7376 9774
6625 8990
6481 8785
7520 9824
7648 9952
7761 9555
7559 9860
8058 9342
7050 8322
7467 9760
7893 9689
7947 9222
6571 8869
7180 9987
6185 9019
6351 9180
7671 9955
7529 9852
6450 8741
7870 9639
6830 8628
7645 9926
8045 9334
6910 8675
7505 9807
6718 8479
6499 8770
6570 8841
6815 8636
6868 8688
6512 8789
6779 8541
7812 9634
7726 9481
6577 8857
6263 9052
8172 9409
6251 9029
6384 9182
6331 9109
6620 8940
6269 9039
7147 8409
7627 9976
7151 8410
7857 9604
6662 8496
6469 8819
8183 9420
6622 8930
7766 9579
7502 9843
7032 8263
7151 8400
7770 9498
6348 9102
6327 9204
7951 9291
6652 8884
6971 8305
6206 9076
6358 9116
8122 9456
6565 8942
7485 9846
7474 9854
7833 9687
7700 9563
7450 9813
7090 8418
7495 9751
6824 8697
7519 9741
7990 9316
7105 8338
7632 9859
7807 9516
7578 9934
7702 9537
6461 8806
7077 8446
7698 9545
7906 9662
7489 9756
6248 9014
7564 9938
6953 8310
6422 8822
7804 9503
6838 8658
6268 8985
7967 9336
6484 8765
7601 9944
7760 9531
7577 9974
6977 8238
8137 9404
6748 8489
6529 8950
6657 8573
7553 9983
7653 9829
6978 8385
7791 9708
6896 8565
6653 8824
7614 9784
7437 9866
6834 8506
6215 9167
7129 8272
8107 9254
6628 8810
6749 8659
8142 9281
7509 9946
6738 8643
7041 8208
8184 9323
6476 8927
6204 9128
7526 9971
7014 8433
6939 8323
6701 8628
6582 8746
6632 8823
6224 9201
7894 9588
7902 9592
7045 8226
6243 9163
6930 8378
7537 9947
7936 9387
8086 9274
6576 8732
6156 9122
7459 9869
8048 9439
7711 9647
6343 9077
7345 9986
6994 8417
6255 9179
8025 9453
6638 8792
7567 9785
7012 8402
6525 8901
8176 9290
6216 9202
6405 8894
6287 9011
6792 8502
6963 8332
6956 8428
7690 9674
7749 9607
6641 8757
6706 8694
8051 9398
6482 8852
7740 9723
6647 8752
6157 9157
7854 9572
7089 8314
7102 8309
8111 9315
7835 9556
7360 10000
6899 8480
7468 9977
8175 9273
6327 9057
6312 9087
6615 8718
8002 9368
6991 8341
6519 8876
6548 8777
8168 9270
7675 9765
7821 9554
7720 9674
6213 9133
6557 8820
6936 8434
7440 9979
7146 8193
7960 9463
7063 8292
7592 9821
7995 9411
6612 8748
6243 9113
6433 8922
6193 9165
6439 8923
7193 8217
7400 8424
7590 8615
7824 8855
7719 8751
6618 9680
6504 9570
8022 9050
7855 8865
6675 9731
7484 8492
6328 9388
6148 9232
7780 8817
6855 9936
7475 8489
7344 8362
6795 9872
6286 9365
6939 9990
7867 8870
7802 8792
7349 8342
6184 9228
8085 9136
6629 9676
6549 9663
7880 8954
6562 9616
6681 9773
7397 8401
6190 9243
6541 9659
6186 9245
7896 8928
7271 8286
7348 8333
6272 9403
6413 9526
7280 8271
8115 9203
7894 8855
7367 8326
6355 9365
8053 9020
7395 8360
6470 9482
7880 8839
7757 8733
6179 9328
6614 9602
6631 9650
6505 9521
7856 8937
6418 9544
7222 8298
7205 8261
6177 9280
6643 9617
6835 9936
6613 9654
6820 9920
7427 8551
6527 9496
6873 9918
8090 9202
7543 8478
7844 8909
6180 9294
8123 9169
6365 9399
6642 9625
6786 9966
6406 9576
7527 8470
6789 9972
8187 9098
6625 9619
8100 9168
7426 8566
8050 8967
7700 8802
7806 8713
7706 8813
6904 9856
6728 9777
7298 8441
7945 9077
7861 8905
7783 8730
6643 9612
8169 9065
7053 9993
6848 9797
7933 8827
6387 9333
6740 9949
7679 8566
7701 8860
6696 9890
7462 8618
6347 9307
7783 8950
6681 9867
6708 9889
7569 8452
7199 8325
7330 8249
7793 8943
7426 8605
7612 8476
7916 8781
7721 8840
6493 9722
6610 9589
6654 9556
7289 8403
6171 9392
6320 9244
8183 9048
6883 9811
7768 8939
7453 8622
6874 9833
8096 8980
7958 9120
7582 8488
6245 9426
8174 9046
6860 9845
7952 9132
8113 8972
6459 9604
6528 9536
6784 9792
7811 8771
7641 8472
7934 8762
7888 8725
7623 8448
7401 8225
6283 9282
7561 8517
8058 9141
7948 9180
6412 9694
7661 8511
6285 9310
6463 9707
7171 8407
6606 9499
6176 9462
7982 9208
7988 9187
6395 9248
6715 9952
6803 9805
6372 9223
6428 9727
7522 8582
8177 8983
8135 9006
6691 9929
7951 9188
7653 8459
6408 9703
8087 9061
7794 8832
7753 8892
6664 9982
7433 8703
8032 9111
7639 8495
7593 8529
7686 8959
8077 9079
6584 9400
7899 9178
7321 8602
7619 8394
7668 8446
6509 9313
7674 8436
7977 8761
7764 9030
7539 8288
6540 9375
6398 9706
7617 8405
7381 8641
6648 9455
6471 9310
7317 8588
6293 9615
8095 8834
8089 8838
6154 9515
7373 8684
7021 9807
7277 8527
7845 9094
7631 8426
8158 8951
6433 9226
7493 8297
7159 9945
6420 9275
6353 9696
7774 9071
7227 8458
7459 8210
6383 9693
7554 8374
7207 8466
7372 8697
6240 9558
6297 9633
6947 9754
8155 8929
7932 9159
7924 9161
6973 9731
6999 9749
7943 8772
7975 8803
7268 8492
8071 8910
6431 9299
6289 9693
6721 9996
7343 8673
7370 8580
7364 8597
8023 8708
7349 8678
7375 8602
7801 9007
6295 9679
6368 9658
8035 8767
6479 9234
7941 8795
7795 8978
6515 9233
6316 9675
6606 9382
7230 8532
7773 9015
7841 9162
7323 8688
7739 9047
6475 9255
7251 8511
6225 9533
6291 9726
6145 9583
7823 9184
7742 9038
7432 8312
7292 8460
7500 8253
6988 9789
7727 9053
6628 9366
7286 8450
7430 8307
7660 8343
7139 9827
6278 9479
7577 8219
6285 9487
7603 8246
6607 9289
7249 8667
7510 8412
7099 9783
8007 8907
7847 9001
8043 8932
6328 9512
7329 8499
7712 9140
8160 8820
6386 9575
7927 9056
6538 9235
6381 9590
6296 9475
6631 9339
8173 8816
6494 9408
6483 9421
7428 8347
7828 8971
8012 8915
8076 8748
7454 8380
6377 9548
7425 8359
6825 9999
7988 8851
7028 9948
7086 9734
7708 9143
7913 9029
7558 8235
8034 8908
8092 8755
7123 9826
7046 9780
7551 8396
7001 9965
7938 8886
7548 8393
7878 9072
6532 9267
7677 8266
8160 8793
6246 9692
8049 8909
6212 9720
6990 9969
8112 8818
7311 8523
6345 9484
7576 8272
8117 8828
6641 9272
7625 8197
6531 9292
7161 9773
7697 9156
7424 8408
7835 9026
7629 8214
7272 8627
7863 9066
7249 8591
7035 9883
7519 8382
7235 8609
7326 8572
7909 8966
7306 8559
7314 8565
6292 9596
7714 9163
7290 8595
6444 9415
8163 8718
7209 8644
7148 9730
7091 9795
6267 9609
6293 9574
6586 9294
7550 8330
8070 8819
7705 9189
6551 9322
6232 9638
6916 9476
7729 8241
6198 9780
6950 9507
6220 9802
6321 9910
7681 8201
6981 9549
6250 9824
7145 9698
6241 9837
7520 9070
6908 9459
6730 9285
6346 9946
6301 9871
7004 9551
7146 9724
6365 9930
7545 9058
6962 9513
7977 8501
7652 9210
7354 8868
8096 8638
7481 8998
6849 9444
7263 8826
6818 9349
7381 8946
7085 9610
7095 9631
7769 8304
7353 8848
7911 8397
7172 8750
6441 9987
7624 9186
7758 8293
8135 8682
6436 9995
6168 9783
7507 9059
7626 9211
6947 9489
6211 9841
7538 9025
8103 8593
6279 9904
8044 8534
8157 8678
7868 8321
7238 8827
7915 8406
6323 9868
7471 9070
6704 9332
7749 8205
8156 8596
7058 9688
6362 9873
6311 9962
7619 9107
7358 8943
7137 9652
8131 8598
7103 9705
6160 9800
6236 9733
6326 9962
7752 8212
7245 8720
7925 8362
7718 8263
7722 8264
7728 8274
7612 9178
6330 9937
7675 9104
7158 9626
6784 9452
7176 8807
7143 9620
7169 8821
7632 9125
7419 8846
7663 9113
7110 9663
7031 9485
7111 9660
7616 9149
6662 9339
6735 9423
7629 9033
8150 8531
6369 9828
6960 9655
8102 8494
6986 9665
7306 8710
6302 9744
7591 9001
7876 8267
7478 9145
7860 8230
6278 9746
6848 9300
7235 8919
6968 9644
6900 9313
7640 9038
7967 8584
6986 9681
7503 9171
6760 9460
7270 8955
7421 8800
7926 8296
6769 9454
7290 8933
8017 8689
8118 8469
8185 8538
7716 8334
6700 9351
7696 8379
6779 9424
6178 9865
7480 9108
7767 8441
7160 9544
7538 9153
7760 8421
6585 9999
7655 9053
6661 9407
7598 8981
7273 8914
7243 8944
7395 8799
7015 9690
7523 9181
7693 8371
6895 9296
7643 8987
6347 9737
7861 8311
7607 9076
7892 8221
7901 8215
7892 8223
6954 9697
7427 9166
6153 9945
6395 9770
7057 9539
6960 9700
7691 8414
8134 8464
6207 9960
7993 8672
7319 8779
7287 8873
6948 9668
7694 8428
6713 9435
6830 9288
7185 8952
7006 9651
7304 8805
7441 9212
6211 9902
7817 8294
7626 9016
7023 9628
7914 8222
6756 9361
6354 9765
6720 9403
7402 8724
7921 8206
6813 9314
8189 8444
7531 8810
7461 8740
6714 9529
7018 9326
7809 8581
7643 8927
6466 9799
7464 8736
6492 9813
7515 8785
7053 9350
6756 9577
7275 9062
7423 9199
6710 9510
6519 9830
6459 9774
6689 9527
7731 8485
6464 9815
6925 9236
7200 9017
7800 8545
7672 8930
7469 8759
7963 8199
6547 9869
7267 9027
7197 9023
7659 8905
7494 8802
7503 8811
7498 8814
6742 9587
7036 9305
6745 9598
6419 9787
7983 8198
6813 9654
6627 9932
7156 9435
7774 8558
7560 8890
7108 9458
7799 8513
8127 8328
7937 8248
7149 9425
7881 8692
8165 8408
7190 9000
7140 9434
7670 8904
6673 9552
8030 8218
6428 9816
7452 8793
8021 8210
7193 9041
7083 9443
6658 9547
7261 8977
6598 9864
7731 8572
6847 9701
6806 9677
7602 8942
7327 9154
7771 8454
7789 8461
7735 8535
7206 9031
8054 8212
7079 9412
7997 8286
6414 9835
7233 8999
7132 9396
7038 9239
7318 9212
8038 8202
7763 8508
7112 9383
6485 9767
7031 9218
6501 9744
6936 9312
6759 9501
8136 8372
8026 8230
8144 8364
6764 9488
6583 9779
7924 8562
6885 9570
7782 8686
7412 9086
7463 8877
6600 9796
6809 9492
7501 8899
7225 9129
6678 9607
7038 9455
6476 9949
7788 8702
6695 9649
7119 9304
8140 8283
7561 8722
7368 9046
6694 9657
7650 8829
7775 8703
7346 8979
6454 9875
7380 9084
6473 9953
7990 8350
7884 8550
7919 8516
7020 9408
7226 9108
7539 8903
6882 9559
7696 8614
7900 8554
8013 8442
6700 9620
7254 9198
6958 9367
6731 9713
7521 8925
6966 9354
7120 9326
7658 8788
6909 9538
6603 9844
8049 8368
7408 9011
6672 9686
7374 8968
7886 8457
7243 9100
7070 9305
6533 9804
6542 9797
8130 8207
6693 9704
6697 9700
7829 8539
8119 8295
6427 9931
6682 9678
7710 8644
8001 8346
6731 9622
6787 9564
7654 8711
7590 8775
8083 8304
6974 9437
7109 9249
8130 8231
8188 8219
7276 9092
8003 8363
6999 9405
7735 8669
7980 8384
7660 8707
7918 8477
6942 9445
7037 9350
7232 9148
7797 8587
6716 9666
7210 9173
