1000 1000
906 907
553 555
745 746
320 323
537 541
962 964
609 615
137 142
33 40
883 890
836 846
37 47
577 586
1 13
135 139
629 634
402 413
689 702
258 279
35 53
713 735
335 344
384 409
334 343
356 382
906 912
678 700
4 30
686 692
195 216
267 272
942 946
557 560
256 285
200 213
652 659
590 622
594 627
539 570
66 96
725 753
330 366
797 824
68 97
2 36
734 761
863 887
921 944
580 623
266 295
265 295
526 544
415 432
159 176
648 696
590 639
461 511
665 685
843 893
87 96
324 380
849 873
77 116
405 428
587 625
600 610
386 441
602 614
910 947
726 747
651 693
834 892
156 163
278 342
932 998
48 114
38 101
142 202
272 341
443 510
671 729
430 489
62 121
672 743
567 638
314 369
136 196
281 340
527 578
702 755
819 893
927 977
776 839
554 635
914 960
394 473
392 477
830 872
563 619
559 629
516 606
562 617
541 576
156 193
404 458
17 78
159 255
307 338
821 852
771 865
902 996
53 86
399 491
175 203
396 490
138 236
162 202
303 326
425 451
560 603
697 722
952 980
128 240
147 225
549 593
935 978
416 472
643 762
547 601
770 888
808 851
687 723
7 123
572 701
618 747
54 181
52 183
288 419
112 248
518 654
875 995
328 448
809 928
793 915
293 431
850 985
337 476
81 223
536 662
348 467
606 721
813 930
104 250
40 186
273 389
825 941
266 415
789 899
289 439
283 396
10 146
34 186
300 436
299 435
355 506
80 201
11 145
885 1000
110 243
14 147
876 972
306 402
336 497
257 418
277 433
260 417
37 141
76 228
614 718
321 490
895 979
124 208
573 658
94 238
325 500
70 247
531 674
874 984
551 661
891 974
21 163
553 657
828 901
552 659
71 252
347 487
890 967
67 134
86 144
322 389
869 930
83 148
82 152
127 180
768 972
779 966
595 669
868 939
866 941
856 904
564 741
868 951
340 385
561 743
113 167
517 733
854 909
574 741
776 982
57 231
306 466
9 235
79 172
282 505
525 750
309 470
1 229
809 975
807 961
6 225
599 703
894 919
308 479
525 742
537 757
617 647
514 749
24 232
878 926
7 247
49 194
297 474
74 190
76 184
275 485
887 896
287 487
9 241
833 953
864 924
317 449
89 164
197 453
58 315
242 499
115 374
88 349
160 422
29 283
682 940
212 467
604 859
528 791
647 910
568 817
623 869
2 265
8 259
191 436
102 365
732 983
668 912
170 423
189 429
119 356
631 867
693 928
16 261
566 803
646 913
232 511
513 792
20 271
575 802
530 781
130 419
701 926
180 400
155 445
134 416
231 449
685 901
41 257
221 501
766 983
716 999
670 949
763 976
739 974
32 269
254 464
744 986
238 477
221 494
613 848
8 318
609 855
520 831
635 833
54 268
65 379
665 932
632 837
703 898
144 430
44 274
764 962
209 495
754 973
195 387
666 987
760 954
233 427
592 786
640 963
759 948
512 837
26 351
93 277
585 769
243 441
218 401
554 870
210 414
105 293
126 305
229 437
220 397
583 790
104 313
717 924
93 270
640 980
704 916
766 936
25 321
648 976
704 921
631 813
118 300
165 504
550 889
562 850
690 978
136 488
19 369
129 483
30 378
23 370
642 999
568 861
612 771
587 812
569 862
748 900
6 366
612 782
109 263
72 291
611 780
586 805
566 857
89 297
145 480
551 853
637 779
85 290
255 391
75 304
103 282
684 812
550 935
563 946
177 304
227 354
43 425
601 987
29 414
565 950
226 358
579 966
119 496
91 476
65 456
122 499
212 350
660 798
235 353
177 315
596 991
706 841
567 954
736 877
680 806
3 397
78 448
649 775
28 403
84 452
176 290
185 299
573 942
738 881
120 492
672 822
535 896
745 880
192 346
757 878
172 311
179 296
174 309
249 357
187 294
196 345
19 398
705 860
653 787
671 768
108 460
719 879
678 772
543 957
718 874
244 337
160 262
140 298
42 387
12 421
699 785
691 799
127 465
219 373
727 888
516 948
207 383
675 785
756 838
122 456
139 312
517 950
63 395
645 817
715 894
724 867
208 359
571 899
622 982
237 341
716 885
545 920
213 364
607 997
189 263
249 325
11 439
542 931
246 331
534 937
23 471
87 407
108 424
126 443
68 386
725 787
10 451
620 934
230 301
626 958
724 795
51 483
696 876
15 475
99 438
138 351
59 493
171 380
711 784
69 412
34 504
60 486
103 444
740 824
715 791
763 804
140 339
234 264
555 968
215 307
32 452
714 814
237 264
92 442
588 939
673 838
712 800
51 475
616 897
624 922
99 392
577 938
141 352
676 843
570 970
637 911
206 316
130 375
595 933
581 957
245 269
722 810
248 258
128 378
226 281
687 849
198 313
5 519
149 662
39 546
21 530
205 709
92 598
224 746
412 918
252 758
42 545
18 542
485 1000
289 815
469 965
67 594
27 522
239 765
334 861
150 645
395 927
320 855
60 548
454 991
468 973
64 604
408 902
368 879
58 549
301 780
150 695
91 633
120 605
357 845
498 986
502 990
100 589
360 834
125 592
173 642
345 873
154 682
259 818
267 826
310 772
191 653
359 852
201 762
262 819
242 711
123 589
157 683
375 832
132 700
12 564
166 668
329 883
61 518
149 686
162 670
174 656
192 767
382 829
260 839
421 993
367 811
43 621
346 796
462 904
294 865
274 858
146 728
405 990
70 534
410 971
137 731
457 923
391 981
497 933
373 801
432 996
222 651
308 877
121 547
363 821
148 714
361 822
381 802
39 582
462 943
250 664
52 599
200 684
111 523
170 719
507 925
185 735
182 721
158 758
22 636
333 806
370 798
181 729
131 751
494 898
478 947
482 911
376 790
55 583
218 683
372 775
284 875
199 688
344 803
329 820
426 808
50 694
411 799
20 656
285 922
168 544
401 795
332 967
153 535
455 841
270 897
107 740
31 655
85 709
158 524
194 598
403 773
84 706
33 694
428 827
493 884
319 934
459 848
207 596
97 765
324 985
253 608
199 602
233 628
435 814
454 857
183 533
98 710
354 964
379 989
16 695
46 649
106 707
14 679
211 633
333 998
447 788
167 523
280 949
173 515
114 732
193 627
217 619
205 639
381 968
73 764
279 929
444 778
343 992
113 713
133 572
198 636
316 903
164 536
216 613
332 909
353 931
362 937
446 891
154 607
377 956
72 655
347 915
63 759
298 994
440 881
463 774
385 842
296 995
17 730
426 871
49 767
450 781
36 756
171 634
197 532
143 605
241 546
236 575
13 731
27 717
215 512
404 844
427 882
508 807
187 608
466 777
469 777
102 698
330 918
273 975
352 958
409 889
245 533
254 538
377 925
420 844
406 895
165 585
228 521
478 816
155 616
489 794
28 744
117 641
26 751
342 929
323 955
442 835
107 658
481 792
182 588
479 804
460 816
506 774
408 664
152 923
100 871
112 884
398 650
384 646
484 738
276 540
47 805
206 965
179 959
312 565
211 988
388 663
168 955
314 558
450 727
284 521
503 737
338 581
470 705
291 571
502 750
424 690
59 800
310 557
287 515
83 847
44 818
204 979
80 847
362 584
175 908
81 882
510 730
420 641
169 908
468 753
190 920
374 593
251 977
411 689
117 862
302 514
500 728
393 677
88 886
394 677
446 654
4 820
45 796
503 707
111 859
178 900
50 773
25 801
90 866
400 681
106 851
292 543
407 680
3 828
161 993
365 556
151 981
481 674
56 892
157 984
143 970
224 936
488 675
77 769
18 863
253 944
45 864
447 754
328 519
471 644
322 529
457 666
498 673
440 748
492 698
461 660
464 650
66 793
390 733
82 782
230 952
507 667
302 591
219 953
210 945
445 734
474 697
118 786
166 963
286 632
61 858
372 531
363 524
95 823
69 815
64 810
318 597
358 522
38 842
48 860
41 836
115 797
222 945
184 969
268 638
371 513
286 621
360 540
256 630
116 770
46 856
74 829
188 971
336 552
109 788
278 620
239 917
480 667
496 652
388 760
431 720
214 854
204 845
410 539
101 992
56 959
24 913
390 527
508 630
434 574
368 736
484 628
355 755
209 832
220 846
90 969
169 826
57 940
31 905
275 644
223 840
509 618
348 708
15 919
491 625
472 579
244 872
383 739
132 794
151 823
125 989
55 916
246 853
437 529
276 688
71 994
35 905
5 943
129 811
376 723
73 997
188 784
393 548
501 600
463 610
335 737
110 960
292 663
413 558
486 597
326 752
133 831
331 752
22 938
271 691
505 580
98 988
131 835
124 956
459 520
261 710
79 907
203 783
178 886
319 761
349 661
303 742
95 917
75 903
406 603
135 840
280 712
458 538
234 827
161 880
433 611
482 561
371 679
434 615
453 528
423 624
364 699
214 783
327 669
311 749
227 825
422 582
473 569
418 576
327 676
288 708
217 830
305 726
339 692
94 951
417 584
455 556
367 643
317 720
251 789
429 578
509 526
350 681
361 657
438 591
240 778
105 914
495 532
399 626
465 559
153 870
62 961
