1000 1000
922 923
80 85
113 119
881 886
263 271
886 894
368 377
647 653
449 461
466 476
522 538
774 789
354 369
684 697
198 211
522 541
803 820
303 312
6 31
290 312
742 765
40 51
71 90
269 272
132 155
208 241
73 104
348 377
265 300
346 383
398 424
270 297
453 495
468 504
842 870
652 672
970 999
78 99
640 688
395 443
839 887
669 681
410 430
644 691
283 293
648 695
156 163
138 201
169 237
401 469
696 767
769 841
258 331
809 864
943 998
531 601
540 598
799 853
418 488
784 859
903 972
420 495
802 879
525 579
28 82
673 750
428 508
677 756
146 193
386 465
921 972
537 591
406 449
36 124
556 628
162 250
293 380
800 890
523 599
295 379
7 91
667 710
7 90
18 79
412 450
295 323
785 885
956 986
933 962
6 97
684 709
523 609
319 340
146 249
942 965
911 994
298 324
3 108
25 105
545 595
521 637
945 964
184 206
417 475
144 234
296 339
930 991
512 639
792 871
624 752
842 971
637 764
350 474
857 988
820 947
600 720
564 700
285 407
514 649
580 719
73 194
298 422
776 902
603 725
96 239
367 510
808 954
52 167
259 407
537 653
120 238
513 662
607 712
2 152
88 194
68 223
278 397
777 914
126 226
77 209
827 932
786 909
324 484
357 453
560 656
814 908
124 216
278 434
350 507
562 661
353 457
772 940
589 740
584 738
835 1000
520 677
877 960
586 743
31 178
573 659
10 165
116 219
16 162
3 177
589 766
12 184
568 654
272 423
576 759
582 753
828 907
525 695
75 247
332 499
337 401
342 406
592 658
802 992
608 675
352 419
16 211
605 665
853 912
790 977
585 641
117 189
372 444
126 180
549 750
793 980
776 967
604 652
794 971
778 991
591 666
86 131
347 396
100 188
375 431
363 435
339 394
627 681
259 473
91 129
40 242
48 237
588 657
71 154
86 136
844 914
277 458
325 410
356 443
358 390
841 936
614 647
326 421
810 974
291 455
112 149
59 221
101 130
873 910
299 460
619 643
884 924
547 715
836 941
359 398
783 998
345 435
824 981
543 754
371 413
359 393
276 507
333 447
869 919
618 664
579 688
292 464
381 393
367 408
893 900
575 707
587 694
550 728
567 712
301 466
32 223
134 384
735 985
12 260
59 306
526 772
121 370
581 846
139 391
733 976
189 435
137 390
567 807
161 432
198 471
703 942
668 910
138 409
547 823
682 958
650 924
516 797
11 273
232 499
196 479
69 344
236 497
623 882
84 330
227 509
74 341
224 448
205 492
120 347
566 789
254 474
596 880
155 446
240 471
555 780
27 316
745 961
613 847
46 261
245 478
5 302
179 415
744 964
563 798
185 404
202 487
671 945
593 865
588 893
746 984
1 307
122 329
660 930
701 906
24 288
69 380
564 781
761 960
103 349
29 294
88 355
755 975
767 963
621 848
730 997
210 403
665 984
67 257
53 375
533 849
616 812
102 291
763 957
197 386
744 928
185 501
630 826
625 829
30 336
527 833
574 880
629 826
618 805
724 900
696 1000
77 284
224 433
747 952
200 412
128 468
85 257
667 974
611 821
708 915
617 817
218 387
114 297
167 506
81 268
62 353
550 834
215 434
699 979
709 941
717 932
175 452
706 937
113 285
8 358
241 414
657 993
708 948
619 798
208 421
603 814
61 331
60 330
714 957
17 360
10 368
47 341
582 828
638 773
741 868
565 944
217 351
145 281
26 402
663 797
732 854
42 417
103 491
593 989
740 874
706 844
190 304
199 328
145 256
166 308
685 831
714 857
221 334
572 943
586 988
115 485
222 326
730 832
738 888
736 891
739 888
552 948
150 265
528 947
545 898
214 371
70 483
83 501
26 444
252 340
711 878
219 370
118 476
72 484
229 329
246 346
710 875
716 865
117 452
78 511
664 811
614 977
174 279
546 920
75 496
628 975
751 851
46 400
689 783
534 937
530 978
171 362
543 989
753 819
47 489
250 317
127 440
56 511
206 262
669 852
228 301
245 318
713 770
613 939
48 510
153 343
723 769
217 270
61 490
9 478
692 867
240 299
28 448
718 784
697 871
734 830
678 838
49 465
33 451
687 843
143 363
137 365
235 258
598 959
92 438
739 777
203 289
244 280
548 969
626 927
566 987
191 337
719 801
216 296
107 411
762 779
707 818
140 376
751 794
234 284
139 381
98 405
615 927
202 306
161 344
658 875
174 343
645 895
100 415
74 439
439 951
127 638
176 689
95 605
182 693
238 746
309 817
229 736
459 973
260 771
450 970
479 983
431 934
133 655
50 568
413 913
104 612
72 583
321 846
351 847
307 803
388 917
123 617
432 931
456 987
441 938
148 640
203 735
65 599
181 674
447 936
372 867
160 700
294 827
263 793
322 861
251 731
89 635
160 642
262 804
256 804
425 908
114 602
130 683
76 608
333 864
248 727
249 726
22 569
420 916
156 685
352 850
354 848
436 897
446 907
157 683
64 634
214 749
423 923
116 585
60 514
502 968
374 840
264 822
151 680
334 881
96 544
254 702
112 561
231 678
52 630
36 615
68 519
248 701
467 918
93 536
14 580
97 555
225 682
169 741
282 855
268 835
314 879
101 563
382 808
142 729
132 732
485 956
134 733
392 979
118 554
151 715
56 612
8 596
463 912
186 728
195 679
378 796
488 911
109 517
357 781
199 687
41 577
80 569
462 935
200 675
345 818
57 594
327 812
486 906
111 515
87 570
111 513
305 863
207 672
63 590
179 705
335 829
400 995
15 634
309 832
115 518
269 891
201 703
94 553
460 955
433 966
481 921
38 606
332 821
108 535
98 542
458 951
172 721
233 663
228 666
133 762
503 904
498 909
49 590
253 636
261 903
304 946
276 913
55 690
150 542
92 724
166 559
363 994
411 785
187 561
503 890
30 659
177 572
310 952
39 680
67 716
445 813
37 693
389 788
470 839
147 519
456 861
110 760
384 790
79 729
473 833
168 560
497 874
123 743
135 539
482 894
213 587
102 760
226 578
314 922
442 795
267 938
288 898
463 876
37 646
23 692
66 742
418 775
212 625
93 763
220 635
462 870
289 905
286 950
364 965
106 705
266 934
247 602
402 831
192 622
378 980
313 919
336 993
315 905
361 986
153 559
173 538
144 551
175 532
212 623
222 610
316 896
55 649
451 892
349 925
192 515
50 758
385 837
509 825
128 581
292 995
327 896
225 553
405 863
266 966
365 929
34 748
163 620
275 963
399 862
4 725
394 856
320 915
388 849
205 536
305 999
469 770
348 901
425 883
159 577
204 531
1 734
109 655
64 674
190 604
19 759
110 648
19 757
470 816
389 866
21 765
426 834
187 595
157 627
373 901
141 636
76 702
481 791
168 606
44 731
58 717
173 597
281 992
131 632
483 792
21 747
135 633
148 916
82 851
391 645
107 872
125 889
467 726
81 855
362 621
428 676
45 805
321 584
191 949
34 809
355 616
154 918
105 868
282 535
494 737
286 529
63 816
121 873
303 575
164 949
176 929
283 520
323 592
140 920
492 761
215 962
416 694
243 997
57 801
493 757
279 524
498 745
409 646
42 778
315 539
477 764
490 718
2 806
427 654
382 600
53 787
494 713
396 676
436 668
506 722
171 899
38 780
475 752
310 541
364 576
274 574
422 651
172 897
264 551
125 845
318 524
287 557
58 782
426 670
271 570
29 810
170 925
320 631
424 671
44 788
17 813
427 662
464 749
18 815
141 946
385 704
152 985
25 859
403 727
232 940
252 953
366 552
408 720
20 860
356 558
442 758
33 877
27 854
244 954
459 644
491 698
361 571
472 651
486 691
11 862
239 953
35 885
89 782
143 981
302 629
32 892
328 534
186 996
24 838
158 961
5 869
218 955
180 978
280 639
23 895
455 686
70 815
429 704
419 722
387 754
164 982
45 858
487 656
319 583
374 526
342 558
335 565
66 825
267 631
287 611
14 882
251 902
39 858
95 800
275 620
496 624
504 632
196 836
277 660
369 755
440 571
210 852
376 766
15 904
43 931
54 958
142 775
84 990
489 610
159 787
437 549
147 771
149 773
193 850
35 944
83 967
454 594
338 711
253 872
457 607
311 673
51 933
505 622
136 799
220 837
290 699
246 876
482 633
9 917
233 884
300 690
87 969
437 532
397 556
392 554
20 950
317 670
4 935
129 807
158 822
181 796
429 516
395 546
122 982
230 843
165 779
227 845
188 786
404 548
13 959
54 899
441 527
213 866
445 517
472 609
243 840
416 540
207 883
119 968
94 926
508 573
255 830
22 983
231 806
182 887
195 768
99 928
438 626
414 601
325 642
236 811
505 562
41 996
454 521
13 990
170 889
500 544
379 686
311 737
204 795
338 650
383 679
183 878
399 597
477 518
230 824
461 557
43 973
502 528
209 823
308 723
313 721
65 939
430 578
62 976
178 860
183 856
366 641
480 530
242 768
500 512
106 926
480 533
373 643
197 819
322 698
255 774
235 791
493 529
360 661
273 748
