100 100
64 65
62 63
13 14
80 84
90 92
67 74
83 89
38 45
35 47
17 28
82 93
74 88
46 60
37 54
68 87
77 90
71 94
9 19
6 29
7 27
66 94
11 22
2 31
38 59
39 56
23 55
12 44
5 36
23 53
18 48
20 50
10 44
69 98
11 34
1 40
8 34
27 53
1 51
29 47
14 61
81 98
30 42
21 32
16 37
20 33
2 52
12 58
5 60
8 49
7 61
17 43
15 52
24 35
88 100
26 95
30 91
13 75
26 93
41 97
3 72
26 86
24 85
18 93
51 99
9 89
54 100
25 77
21 67
31 71
15 87
57 97
3 95
25 68
22 72
28 66
16 79
4 91
43 75
46 79
49 80
55 84
4 96
39 65
42 76
59 92
32 73
56 81
10 96
41 69
45 64
62 83
63 82
40 70
33 78
58 85
19 99
36 86
48 78
50 76
57 70
