1000 999
364 366
968 970
5 7
985 986
209 210
329 330
464 467
144 153
768 778
912 922
117 126
773 776
417 431
868 874
503 504
835 851
398 412
397 414
775 788
356 368
641 660
452 466
72 95
748 756
489 497
103 125
871 892
621 625
1 29
103 123
719 723
334 339
161 190
930 957
528 560
705 736
521 552
512 547
345 381
603 638
77 106
132 173
704 746
462 482
475 503
326 362
18 62
29 50
518 567
726 740
157 175
603 623
259 310
214 227
12 58
846 887
588 629
906 944
9 51
4 63
532 559
526 565
146 169
708 761
411 421
21 43
139 180
305 370
438 501
436 496
792 861
670 728
26 93
927 981
921 978
181 254
830 885
572 631
312 373
171 229
150 216
399 479
574 623
40 121
541 591
513 594
265 349
683 767
279 335
691 744
774 858
806 888
420 506
41 119
284 383
779 872
687 713
17 119
418 459
177 219
428 455
814 834
780 865
811 838
48 94
906 997
389 501
276 357
138 251
913 995
669 750
557 600
156 234
938 988
22 96
957 971
32 86
182 193
142 249
390 511
659 745
139 241
792 869
924 994
102 228
785 925
328 452
551 682
87 218
775 905
100 234
25 136
881 992
113 229
524 664
587 733
111 247
6 158
591 724
614 760
294 440
777 936
264 425
28 189
538 702
516 673
786 951
293 384
291 390
828 923
380 469
82 249
292 399
101 203
307 413
628 730
577 750
24 169
44 152
37 145
550 658
107 222
36 145
105 223
884 963
817 902
30 166
783 950
317 391
599 749
259 447
521 695
785 942
83 147
328 392
841 904
269 457
527 715
321 388
314 498
528 729
770 969
364 416
112 160
880 928
2 211
304 481
618 699
571 746
27 206
86 129
108 181
516 734
355 441
367 436
605 646
53 233
22 202
781 976
876 945
535 713
78 174
801 961
582 678
275 499
372 405
560 724
605 697
772 993
287 505
114 148
317 474
338 437
40 192
543 756
332 423
522 742
272 508
74 165
871 904
802 973
362 411
69 183
124 143
624 644
514 759
88 175
63 200
52 204
16 233
618 663
90 164
866 925
313 454
561 718
8 265
674 929
601 858
732 984
576 837
606 859
615 864
184 432
23 285
106 352
735 980
11 262
238 483
231 489
211 476
581 855
517 784
635 877
559 822
550 828
35 319
647 923
31 257
224 510
120 359
30 318
688 912
758 982
184 409
699 922
590 879
130 416
85 375
700 926
23 308
593 882
42 270
634 863
595 886
707 996
215 510
539 818
170 387
155 434
156 438
45 262
88 372
215 507
173 384
643 941
609 848
191 398
213 480
564 771
541 810
671 935
171 403
99 346
32 282
526 821
37 286
735 996
105 343
18 300
519 825
179 396
57 377
540 862
99 289
73 266
517 832
710 896
137 462
91 273
191 500
133 457
170 486
525 834
530 861
110 318
568 873
536 842
6 336
179 485
758 928
34 378
601 769
51 361
3 345
207 404
140 465
759 936
31 320
127 288
34 323
586 809
230 386
672 964
679 962
755 918
576 805
133 493
721 953
243 410
742 911
749 903
538 880
143 484
744 901
733 947
620 797
672 977
568 843
12 376
197 432
520 893
588 826
138 509
621 789
61 324
84 302
47 341
547 860
154 274
161 297
549 943
666 791
185 311
546 940
226 370
747 889
122 488
200 347
710 850
226 374
738 886
655 795
7 415
16 393
96 507
87 460
658 783
716 850
651 789
136 296
573 927
664 827
613 960
134 291
514 932
630 990
250 336
531 953
213 382
66 494
584 997
546 911
553 903
75 485
651 804
645 820
563 898
10 443
50 385
763 840
714 894
240 325
118 448
155 300
537 929
635 962
648 817
752 845
763 838
741 859
149 298
79 397
142 332
91 408
230 290
130 327
548 995
661 860
224 297
673 875
659 863
235 295
111 418
45 480
642 844
163 365
71 406
109 447
622 954
168 382
59 492
25 448
675 889
250 289
752 812
9 468
84 393
619 950
671 833
515 989
583 920
70 422
124 409
624 918
638 920
705 806
712 815
74 419
570 979
680 833
738 777
15 482
187 331
751 799
694 839
602 939
717 831
252 271
632 907
79 442
720 809
592 937
562 968
575 963
540 994
28 483
54 566
114 626
210 723
81 595
445 959
301 815
204 719
455 964
237 745
413 921
201 716
471 991
90 594
304 827
108 615
279 793
446 945
178 701
110 637
469 966
508 1000
358 883
475 974
67 597
92 587
472 960
78 599
451 986
417 952
257 795
75 593
310 813
430 949
405 905
267 791
402 910
153 644
131 670
392 917
298 821
97 577
253 729
322 870
280 829
495 970
26 572
127 600
293 780
89 627
166 652
157 694
440 917
82 636
419 908
71 616
221 754
38 534
287 813
165 662
8 573
248 717
371 836
189 650
490 989
168 657
193 760
366 852
261 824
476 993
223 737
38 536
395 948
379 836
107 596
36 539
346 794
354 803
369 816
236 686
484 934
150 725
60 639
185 765
1 581
151 720
496 951
493 933
333 771
176 767
491 955
209 640
292 885
306 864
115 544
228 688
83 518
470 899
449 919
478 902
415 967
116 556
453 924
388 990
474 897
360 819
245 681
274 846
266 854
188 737
98 575
186 740
10 596
248 678
301 883
174 753
148 715
177 721
429 972
77 558
199 676
325 801
35 583
337 820
198 675
316 857
280 894
303 841
309 851
499 916
442 979
277 892
44 582
315 849
21 639
121 530
473 949
309 857
258 878
56 598
232 646
13 611
299 856
14 637
102 533
502 901
238 666
429 984
338 807
56 589
435 965
358 784
357 796
319 837
424 981
198 696
192 702
394 779
231 614
460 845
203 585
256 898
273 915
242 630
443 831
212 592
39 674
65 708
491 877
424 814
255 633
246 625
308 956
344 976
197 589
449 843
151 537
511 881
80 704
13 669
437 804
342 967
444 808
188 553
430 824
194 597
46 695
347 961
330 977
312 934
195 604
73 747
225 578
205 617
132 544
431 778
180 529
182 531
100 706
428 774
201 610
206 610
260 937
76 739
135 567
15 703
49 640
458 888
123 712
421 790
33 660
246 579
378 975
282 940
268 955
68 764
450 891
350 999
477 865
258 958
275 943
305 908
253 579
371 972
461 882
446 769
53 757
276 983
113 690
128 580
401 855
128 584
19 730
14 711
472 787
252 563
509 812
256 978
395 856
445 873
59 751
343 897
125 683
220 522
385 854
218 515
39 765
70 668
463 788
62 741
473 772
254 545
351 959
350 958
89 698
43 718
241 534
60 731
464 823
456 800
194 555
245 543
242 542
159 626
387 878
348 946
355 909
176 607
403 867
505 781
244 513
454 816
225 535
131 628
320 952
154 608
340 942
208 554
76 689
426 853
202 565
439 840
214 982
159 926
444 701
278 533
365 617
134 899
335 585
221 987
333 586
104 879
466 725
239 1000
435 698
408 657
152 914
470 731
363 612
135 919
205 988
162 944
453 727
427 696
294 562
115 870
81 839
315 556
5 797
11 786
422 703
42 822
433 685
407 693
158 954
401 692
69 867
394 685
240 985
420 654
95 884
47 770
48 798
227 973
423 648
49 798
494 734
487 726
85 868
57 776
93 876
404 679
20 807
344 622
144 935
412 676
283 545
64 890
17 811
329 629
299 532
260 571
307 627
360 552
434 754
167 998
65 768
441 762
196 896
504 700
137 975
80 790
268 580
410 722
450 650
236 933
219 914
97 808
451 649
255 948
316 631
463 643
27 853
195 909
425 761
313 619
46 893
129 980
486 691
381 554
104 819
389 728
459 661
467 653
61 866
239 910
458 681
92 826
359 512
55 848
337 569
3 874
478 692
94 818
270 608
323 557
414 753
4 875
334 574
117 773
377 523
342 548
506 649
354 529
380 527
272 612
281 620
400 743
321 566
271 632
351 551
477 677
490 656
172 983
208 939
502 653
261 633
207 946
33 862
244 907
376 519
251 890
352 739
396 520
263 642
64 966
465 598
306 693
283 668
196 844
406 542
147 794
492 613
391 525
348 727
55 956
497 636
368 766
263 662
222 847
288 689
237 895
54 932
439 549
426 569
190 810
116 992
52 930
183 800
461 602
212 835
500 611
363 764
187 803
286 647
284 641
479 578
120 998
162 829
383 736
427 523
281 697
2 931
349 766
68 999
290 645
109 965
232 832
379 722
24 947
146 830
58 916
341 762
149 805
495 607
327 757
186 782
122 974
468 609
302 667
296 656
101 991
235 849
374 714
407 555
481 604
118 971
20 938
295 665
160 799
217 793
361 680
141 847
498 561
456 524
140 842
488 558
267 706
356 686
353 682
216 787
402 606
340 667
278 711
67 913
487 564
164 887
264 732
217 782
178 869
167 895
285 709
163 891
19 969
303 755
369 687
326 665
367 655
375 663
269 748
141 872
72 931
471 570
322 684
331 677
66 941
353 654
243 796
199 823
98 915
311 709
277 743
41 987
112 900
324 690
386 634
400 616
172 852
373 652
314 707
126 900
220 802
339 684
433 590
