10000 10000
1418 1419
7342 7343
1136 1137
8394 8395
3994 3995
5321 5322
7258 7263
1443 1445
3114 3116
6218 6221
7346 7354
1204 1214
8387 8399
6229 6232
2705 2719
8521 8536
5742 5757
1640 1659
8842 8862
7850 7870
803 822
5387 5404
7786 7794
303 309
6186 6193
9002 9015
3276 3281
5549 5555
7969 7999
2565 2586
1667 1699
8841 8873
155 186
4702 4732
9937 9973
770 804
5522 5560
9117 9142
9478 9514
5589 5627
6210 6253
339 355
3286 3300
2964 2976
7441 7460
2654 2662
9244 9252
8964 9023
8351 8355
1613 1649
9219 9279
9741 9776
3079 3128
2355 2419
5798 5860
2589 2655
8501 8566
1066 1129
6424 6493
6717 6779
6707 6773
5633 5703
6930 7002
8198 8271
9479 9550
6675 6745
6683 6736
9730 9801
5378 5452
8892 8947
6842 6891
645 727
9619 9664
3363 3447
9520 9572
4634 4686
4107 4190
1162 1233
3868 3904
1802 1876
2070 2121
4102 4198
8599 8702
6821 6863
9493 9599
8593 8699
1703 1739
9484 9596
7682 7794
2185 2297
7684 7792
1414 1523
6293 6368
8998 9040
4133 4189
9364 9452
4397 4437
6947 7003
9398 9419
9860 9978
7596 7634
3842 3964
7093 7114
2175 2303
7289 7416
8231 8356
8016 8148
772 898
6952 7087
3412 3539
3961 4094
3648 3784
2056 2177
2155 2273
4698 4817
9824 9963
1143 1275
5488 5628
8217 8340
3402 3525
8296 8441
7475 7585
863 972
6173 6281
9330 9444
3407 3545
6430 6537
7245 7380
5722 5825
9834 9974
2836 2952
8530 8652
1085 1186
5914 6021
7189 7348
831 925
7728 7827
1057 1154
3169 3266
9797 9953
1059 1159
5987 6087
3623 3715
8732 8890
6940 7098
4626 4789
7238 7393
6985 7137
4173 4325
6400 6569
345 496
5239 5341
3652 3823
2052 2223
9804 9959
3160 3316
299 389
1131 1220
611 716
1821 1965
7997 8078
6700 6809
9059 9173
2392 2528
2341 2461
6013 6084
7222 7307
2107 2182
5897 6068
9843 9933
4949 5099
2077 2269
531 722
7804 7871
6918 7109
8196 8384
8558 8616
1910 1968
6151 6337
2112 2183
3419 3484
48 249
9514 9699
3669 3740
808 994
9075 9144
8763 8944
7770 7825
3329 3533
7777 7853
8006 8074
7772 7826
5204 5274
1059 1267
5169 5344
1040 1218
7437 7647
4114 4294
2423 2466
3692 3769
1593 1775
2430 2473
1654 1708
4946 5001
7026 7087
5226 5303
1597 1763
1054 1278
6498 6529
6680 6908
5633 5861
7458 7622
1895 1922
3152 3253
4408 4574
7709 7930
795 1020
5460 5566
4178 4286
7228 7376
2414 2435
4953 5047
1325 1475
2628 2731
2323 2556
4938 5050
5991 6038
9586 9601
7962 8169
1398 1409
8709 8946
1798 2046
8975 9207
7290 7298
8519 8637
1328 1484
2387 2479
8042 8087
6510 6547
5895 6137
83 173
1807 2033
1030 1273
753 1009
8819 9072
9277 9528
1556 1811
1169 1432
191 438
158 404
5263 5508
6347 6592
7332 7592
4703 4947
4161 4428
7893 8155
2161 2431
4696 4936
9444 9716
1628 1869
6672 6913
5704 5978
2053 2327
5300 5542
6341 6614
5645 5918
4672 4947
4336 4580
3642 3885
4177 4422
643 923
6289 6539
3163 3392
7385 7623
7730 7981
40 265
3818 4040
8338 8624
7370 7663
3126 3344
8304 8535
161 393
6839 7071
2768 3064
1652 1885
8769 9066
9270 9498
24 308
3286 3576
2211 2444
6397 6610
7194 7467
5753 5963
597 870
4112 4389
8277 8547
1138 1348
6796 7098
8260 8563
4849 5065
1545 1841
529 808
3764 3982
1730 2041
4641 4893
4174 4466
8944 9164
5688 5893
7324 7645
4137 4456
6362 6552
4863 5052
3284 3473
6667 6989
1763 1956
8207 8520
6295 6623
21 348
4230 4556
5317 5513
7404 7584
9411 9614
7903 8081
7268 7466
9380 9707
8899 9107
7372 7581
3138 3344
2593 2930
9239 9539
4272 4582
8802 9013
6725 6930
3301 3516
2301 2468
4294 4509
5658 5953
2068 2376
8928 9148
7327 7679
13 367
1692 2047
7868 8152
8319 8475
2709 3057
7781 7936
6790 7139
9459 9621
4204 4362
608 776
725 956
2119 2349
6365 6583
2064 2427
6276 6632
2732 3008
9217 9582
8214 8569
4116 4452
1170 1506
3110 3415
6854 7095
9357 9724
5740 5917
3704 3849
1186 1488
7850 8152
2810 2952
9349 9718
3726 4093
8866 9174
8422 8594
3806 4011
3596 3957
8439 8589
4689 4906
3321 3460
2573 2931
2068 2411
1747 1964
4647 4952
1771 1899
1584 1972
5289 5420
5804 5924
8251 8625
4304 4442
7919 8035
7819 7942
3695 4066
7171 7565
4127 4496
9258 9658
3650 4050
182 295
1549 1948
4292 4438
7815 7956
6155 6559
5154 5556
2227 2344
7184 7563
540 897
5756 6114
4210 4589
128 288
8861 9021
3236 3333
4670 5023
9374 9532
4236 4398
2626 3040
8957 9055
7256 7676
4320 4420
7395 7493
1245 1397
6742 7167
1645 1988
2111 2453
513 938
6838 6939
4726 5080
7749 8171
8889 8968
1616 2017
167 278
2659 3026
6344 6522
8206 8635
1229 1403
7332 7443
92 491
2769 2923
8354 8479
6767 7121
555 916
7879 7943
7756 8076
2744 2937
8202 8651
3162 3481
3760 3956
7885 7944
5882 5949
1626 1949
9426 9498
9462 9535
4836 4909
647 845
5150 5588
3306 3361
215 284
2153 2468
2682 2997
6360 6409
748 829
3719 3925
190 362
3213 3417
1277 1320
2276 2354
8369 8553
105 433
1596 2020
2732 2934
4775 4988
4645 5118
1594 2022
5287 5498
8730 9159
2069 2507
4313 4359
2710 2889
8347 8516
9441 9473
2627 2978
3162 3512
6265 6556
1710 1862
4840 4865
2269 2358
206 290
4712 4996
6748 7089
4618 5095
1124 1418
5831 5929
8434 8476
8707 9202
8384 8497
5219 5521
4635 5097
4786 4928
3290 3368
3807 3884
6778 7043
1760 1817
6260 6542
3225 3428
6694 7131
4838 4889
6215 6584
7567 8079
94 605
5441 5961
2449 2969
4421 4941
9245 9748
2499 3018
8494 8996
121 629
3558 4072
4452 4970
2517 3034
2335 2830
8294 8823
7557 8087
7219 7713
8703 9197
4542 5034
9317 9841
7415 7906
6328 6830
1290 1810
8639 9126
326 860
5474 6008
6386 6888
9313 9850
7644 8128
3355 3844
7651 8131
8411 8955
6376 6856
2222 2702
6372 6854
3483 4025
5186 5728
8694 9173
3489 3973
6182 6658
39 515
1274 1759
6352 6902
5597 6139
7334 7809
8467 9012
5380 5932
9266 9755
8573 9044
6390 6876
3555 4047
1038 1570
5550 6018
8399 8928
8586 9146
9223 9783
5597 6120
95 616
343 864
7424 7992
1438 1959
2086 2591
8397 8951
4534 5002
1042 1582
3208 3764
6550 7083
8454 9019
7306 7860
1306 1828
8404 8939
7176 7752
2222 2798
3232 3810
5335 5781
2218 2798
4220 4665
3222 3795
361 801
8485 9071
5575 6029
4404 4990
8501 9086
2226 2815
7396 7860
3396 3860
8524 8989
4328 4793
6456 7019
2075 2639
8538 8974
1501 1930
3532 3988
2156 2614
5353 5812
1250 1727
348 769
1376 1855
2255 2735
9569 9987
4463 4877
8662 9140
395 1007
2097 2647
7275 7692
319 851
87 570
1224 1702
7414 7832
3174 3593
8545 8976
7431 8050
3537 4004
27 621
7547 7949
488 927
4310 4782
6342 6847
6160 6762
2446 3061
1362 1833
405 1001
36 603
8223 8863
1428 1812
6211 6850
5593 5979
142 520
322 964
2378 3010
3361 4008
7590 7983
8203 8833
2514 2905
6151 6795
1375 2003
4583 4968
6146 6797
2209 2608
2315 2970
4155 4777
1357 2014
9305 9933
6443 7103
2290 2663
3121 3751
2332 2948
8461 9108
3321 3680
4267 4657
1209 1571
1262 1650
9248 9918
259 924
3187 3820
3471 3887
6515 7123
2517 2935
3479 3892
9230 9898
7366 7777
1134 1737
1028 1708
6209 6890
224 587
1516 1863
4315 4727
6248 6852
3249 3612
2248 2662
114 732
3528 3942
2416 3038
1335 1944
8422 8777
473 875
2280 2650
52 641
2527 2921
4181 4844
31 676
2416 3020
2126 2803
7280 7886
8420 8794
9385 9751
6633 6999
9216 9919
4311 4630
4185 4763
402 848
8467 9169
1213 1656
2085 2787
9422 9736
9332 9906
6326 6768
8230 8942
2271 2582
8325 8783
1251 1577
8389 8718
7646 7954
4476 5041
44 737
3098 3796
2049 2766
4327 4648
4236 4700
3111 3828
1197 1657
4338 4646
347 910
2231 2658
3536 3846
5562 5997
4257 4731
6358 6669
4158 4837
4110 4818
4502 4939
3424 3970
7662 7948
5429 6102
2294 2581
3148 3759
291 960
4409 5085
7460 8129
7522 8071
3395 4006
4439 5041
8414 8760
3468 3947
6300 6779
3381 4061
2049 2795
1461 1886
276 1023
1226 1574
1051 1780
2123 2747
2237 2636
5580 5950
2108 2760
273 996
6235 6829
1490 1829
8502 9153
8499 9156
9311 9895
2392 2976
2125 2741
1081 1728
7363 7737
4221 4742
7487 8130
1482 1844
8288 8863
9402 9797
8398 8753
7515 7771
5372 6143
253 1017
1351 1602
4574 4824
8615 8879
5207 5983
8268 9030
8671 8915
1147 1909
5214 5969
49 830
2435 2704
9713 9954
5173 5920
2136 2895
7230 7974
1442 1722
1507 1786
296 566
2144 2881
25 824
5555 5777
9515 9742
4549 4832
9663 9882
6373 7107
2113 2918
9726 9942
2051 2858
8690 8920
3294 4085
8627 8860
3218 4002
7199 7982
8363 9114
2148 2897
3518 3721
8443 9154
9577 9811
1393 1610
4581 4824
6330 7045
1075 1907
7488 7680
4428 4620
8630 8948
7551 7741
1156 1990
6505 6701
4123 4959
5561 5885
4395 4717
3097 3934
9704 9889
8264 8962
7361 8075
6243 6953
6532 6862
6353 7066
7320 8149
9574 9771
414 723
380 562
356 554
298 613
6193 7009
5285 6133
144 961
6582 6884
4143 4989
4258 5105
1387 1598
5565 5867
2448 2759
2172 2859
197 924
8408 9090
7349 8175
6289 7115
4606 4772
3511 3820
7284 7983
69 793
3248 4076
1102 1808
5123 5981
4436 4619
5311 6112
3101 3906
7499 7722
4199 4870
4250 5112
3457 3810
4261 5056
5246 5912
8270 8998
3161 3888
7462 7756
3499 3776
5414 5706
6167 7032
90 810
8664 8872
2533 2708
3256 4043
9708 9887
5469 5673
6242 6935
7336 8157
3156 3874
3172 3868
5394 5739
2081 2904
85 812
4314 4952
3331 3712
7386 8031
8302 9195
6649 6780
9492 9873
6227 7125
6428 6811
2223 2855
6286 6919
9525 9916
2535 2670
7413 8060
3314 3960
5413 5807
1289 1666
4322 4969
5133 6022
460 583
4244 4888
8478 8850
7500 7873
7671 7801
9645 9789
6173 7052
8528 8898
192 850
6419 6784
6321 6946
9655 9763
5618 5735
4193 5108
99 1013
5467 5836
6464 6872
3303 3967
9499 9859
1113 1984
5202 6088
6548 6671
3370 3761
9572 9976
7521 7932
5362 5996
7530 7924
2144 3071
234 885
7510 7926
1337 1689
5451 5866
2459 2617
7277 8137
2522 2686
3129 3996
6275 6955
5331 6010
1337 1683
9714 9816
7520 7883
4129 5005
6296 6965
1269 1883
4229 4907
8669 8818
4584 4696
9644 9756
6483 6883
1384 1752
1167 1853
7177 8122
2505 2685
2156 3033
3242 3869
2404 2780
5278 5926
9528 9857
4297 4979
2284 2896
4353 4796
5206 6123
5244 6081
4360 4809
403 592
3262 3965
508 575
8600 8797
65 903
6631 6688
3184 4024
1211 1905
5127 6092
179 888
5551 5729
204 770
2124 2947
8289 9137
272 704
26 970
1153 1873
1216 1808
1149 1962
376 673
6652 6690
6503 6840
83 908
4216 5016
6258 7059
1268 1813
1410 1635
4235 4969
7607 7764
8514 8865
6210 7079
8261 9122
7302 8033
2424 2704
8620 8773
1348 1709
2165 2975
257 746
4385 4813
8656 8764
4379 4854
248 789
7510 7864
277 763
3340 3811
263 759
5212 6060
3414 3749
281 751
6302 7017
2142 2985
1319 1759
7241 8115
2384 2730
5604 5662
7469 7889
2168 2950
9587 9869
8382 9025
152 871
456 1481
2051 3073
141 1166
758 1778
2351 3370
6726 7745
4912 5944
378 1394
4401 5432
4259 5295
461 1472
6578 7612
2062 3073
4750 5788
8606 9610
2514 3527
4173 5208
7110 8144
264 1311
6539 7580
6945 7993
6458 7458
600 1601
511 1510
8987 9986
5091 6136
2079 3074
7128 8135
4899 5948
3023 4048
6750 7806
904 1960
7060 8117
4201 5194
7086 8077
696 1692
2294 3282
7076 8064
6538 7598
4372 5427
2281 3265
4879 5926
986 2032
651 1697
6621 7671
4559 5605
2587 3633
7063 8121
2408 3398
8401 9471
4262 5257
4710 5705
6360 7400
427 1434
3049 4056
228 1238
6415 7485
4366 5437
2982 3986
264 1341
2395 3437
8470 9518
9 1073
8231 9246
2800 3785
2857 3856
5045 6024
2778 3815
8739 9757
2811 3781
330 1397
8579 9667
6485 7444
2216 3306
4470 5429
6535 7617
452 1421
921 2000
146 1240
726 1690
147 1245
4768 5871
2441 3526
8217 9293
8740 9840
834 1815
505 1452
7017 7996
6440 7550
4829 5765
4263 5375
8920 9856
4930 5912
8894 9957
8534 9482
6392 7335
8506 9562
101 1029
1 1121
8302 9231
2302 3231
440 1499
4576 5508
4227 5350
4673 5670
2907 3900
642 1768
8355 9417
8567 9501
2167 3100
4707 5640
2406 3341
572 1623
8404 9400
2217 3269
898 2031
6746 7722
4522 5592
8460 9599
58 1102
5034 6111
8841 9980
4595 5509
4449 5398
4241 5353
6318 7382
2887 3902
7144 8082
6239 7205
8509 9536
6566 7640
2325 3435
4636 5731
549 1701
2667 3817
4253 5151
6913 8067
7073 7973
4355 5511
410 1310
2136 3292
6564 7457
2480 3382
7085 7978
5011 5908
4700 5851
2262 3166
2792 3681
866 2027
6718 7861
349 1491
8917 9818
4358 5526
6517 7654
6436 7600
6601 7516
377 1516
501 1379
162 1082
4111 5269
615 1787
2986 3892
4548 5466
705 1630
2814 3679
6994 8179
6214 7396
836 2016
6620 7545
2101 3219
5009 5943
2883 4068
8227 9355
2214 3087
103 1230
4656 5786
2734 3589
4858 5718
6587 7447
2293 3140
6493 7660
853 2017
4955 6127
4895 6058
2088 3230
2801 3654
3052 3931
2058 3248
6339 7288
6188 7319
5092 5976
8527 9615
2254 3086
6826 7786
4145 5361
3019 3851
321 1408
165 1127
4432 5523
4507 5471
5055 6010
2975 3929
6171 7377
4227 5192
6734 7810
216 1045
6626 7468
5036 5986
7148 7970
4436 5531
322 1427
650 1625
965 1809
8543 9611
8846 9817
4761 5710
2228 3181
150 1103
6329 7267
8909 9750
8205 9425
318 1506
8738 9982
619 1716
4779 5709
1011 1812
2505 3363
6880 7690
6991 8101
2439 3436
637 1686
4864 6125
7091 8003
2848 4048
3010 3890
2513 3360
8872 9817
687 1624
2493 3397
8377 9280
4525 5462
8526 9653
5000 6003
2848 4063
4692 5973
6714 7992
2477 3247
4708 5991
6406 7170
799 1563
400 1172
409 1183
6834 8116
7039 7796
4995 5768
100 1385
4776 6054
17 1310
2308 3083
4576 5360
4676 5972
8978 9731
438 1188
4797 6057
6407 7186
2268 3529
8547 9333
9162 9942
6374 7674
153 1415
9060 9798
6350 7661
4825 6141
8290 9543
2337 3076
6370 7621
8655 9447
6303 7606
90 1392
1008 1755
8468 9279
586 1894
4646 5898
2288 3548
2391 3175
4571 5354
67 1399
4109 5433
6982 7795
32 1301
6277 7613
8761 9984
929 1691
2236 3463
2621 3840
420 1179
692 1931
6466 7293
4289 5505
268 1100
7154 7856
4220 5438
8508 9342
6650 7353
2467 3303
9171 9877
4308 5532
2509 3205
2907 3602
2973 3796
8459 9281
4292 5518
502 1210
8348 9681
2239 3570
2552 3254
2789 4010
8695 9381
8304 9510
8357 9715
163 1524
6313 7678
2954 3805
4191 5384
582 1822
9045 9743
4752 6091
2893 3601
4544 5276
78 1299
7142 7814
447 1247
4814 6063
138 1515
590 1836
6734 7981
4873 5741
2265 3516
6976 7717
6575 7369
6884 8067
2806 3998
2979 3787
7036 7700
8437 9628
4275 5593
6735 7972
5053 5841
4180 5433
2078 3440
2325 3194
6905 8072
6957 7775
2433 3315
8588 9470
4545 5298
8604 9455
6873 8109
8633 9421
495 1178
2311 3185
4920 5697
7011 7706
6174 7525
6679 8044
2524 3239
6597 7352
4699 5924
268 1139
2497 3262
4145 5454
4406 5302
258 1153
6709 8118
4278 5424
4586 5228
6568 7215
8406 9566
4762 5906
6921 7811
598 2012
4337 5498
8580 9224
6639 7266
6332 7474
6718 8112
4697 6102
2646 4057
6168 7575
2965 3588
4894 5772
6169 7562
2365 3246
4171 5592
2589 3977
2571 3999
46 1466
6910 8043
4393 5310
2543 3191
6385 7529
2726 3900
6789 7967
1018 1638
407 1035
4801 5982
2697 3880
6950 7815
9031 9957
2254 3436
8578 9249
6241 7618
7019 7887
2983 3585
2674 4058
129 1322
4412 5271
2989 3585
4653 6016
2442 3108
2285 3421
4644 6036
5006 5694
232 1369
525 1983
7010 7889
4560 5221
2690 3895
4218 5583
2906 3821
2191 3383
8197 9660
755 1865
2065 3498
6631 7260
212 1384
4820 5992
4407 5367
4568 5146
26 1497
4265 5482
6603 7182
4784 6008
4578 5162
4734 6070
769 1737
238 1319
6844 8053
3058 3640
819 1785
7048 7747
3003 3696
2727 3946
873 1703
8470 9433
6773 8102
4448 5300
848 1669
2510 3094
2668 4022
386 1119
2898 3725
6864 7951
102 1414
4533 5205
2418 3223
29 1528
9203 9750
4249 5500
6431 7417
4163 5540
9205 9757
8459 9442
2160 3482
2583 4092
6351 7459
2524 3120
2283 3334
4783 5954
6552 7286
2873 3798
8939 9988
4376 5352
5084 5678
8981 9959
2277 3351
840 1723
9155 9783
9058 9879
6864 7974
2495 3145
2929 3718
38 1502
253 1284
79 1459
686 1874
8230 9691
6522 7300
4946 5458
4258 5794
6739 7249
4725 5233
2726 3235
788 1298
6870 7376
177 1719
6661 7181
6180 7724
4711 5230
2169 3699
2897 3419
2922 3425
2570 3078
2728 3237
2534 4075
6200 7734
2355 3875
4146 5665
4396 5945
279 1793
9051 9548
6388 7917
4232 5778
4516 6079
2070 3595
6204 7714
2327 3895
3035 3578
4648 5129
814 1292
4371 5937
6150 7717
4699 5246
905 1452
8256 9829
2833 3380
3053 3528
2069 3632
2250 3821
1004 1476
4742 5293
6322 7838
222 1778
6785 7341
4195 5711
6558 8112
6560 8078
6699 7172
4953 5480
6668 7229
6697 7195
780 1342
5073 5602
2981 3478
4106 5695
4519 6034
8717 9274
205 1786
8308 9804
7013 7517
2133 3692
4482 6073
646 1210
9123 9630
740 1242
8822 9289
6571 8084
4968 5418
2401 3875
62 1661
6507 7976
2132 3607
2651 3096
2951 3523
568 1148
2122 3598
9068 9512
6479 7946
4613 5184
6599 8065
8889 9457
4191 5655
2279 3756
4900 5487
6576 8190
666 1237
8824 9258
8845 9438
936 1532
8907 9375
6870 7299
2626 3095
4479 5930
4919 5473
4872 5470
2537 4030
9122 9717
331 1809
8398 9876
2236 3814
463 1940
5035 5616
4176 5643
6528 8157
345 1848
4367 5997
7101 7646
5076 5552
2062 3690
319 1882
7044 7649
2884 3362
8276 9778
8330 9964
6162 7797
8801 9225
3036 3510
4223 5651
2232 3797
2786 3215
339 1852
2611 3139
6280 7929
237 1695
6942 7533
131 1776
8272 9764
2145 3604
4852 5250
352 1814
4139 5715
2256 3754
4510 6116
6949 7519
6818 7391
6181 7845
6252 7916
4320 5728
6652 8062
917 1303
2791 3170
8921 9308
6175 7833
4671 5305
7067 7453
4892 5524
435 1849
8784 9435
2199 3611
8322 9743
6237 7891
4136 5799
2886 3542
8383 9774
7038 7663
2390 4037
4208 5860
2618 3246
338 1988
472 1871
8972 9627
6682 7298
3033 3392
9077 9708
6828 7222
2434 3864
2740 3118
2486 3880
42 1716
9009 9647
2938 3557
6571 7947
310 1941
6793 7212
4355 6053
2649 3326
6152 7855
8988 9653
56 1681
700 1046
6988 7648
648 1060
306 1951
4792 5141
210 1663
8960 9646
6964 7578
8313 9929
4603 5962
8810 9433
4144 5767
8980 9644
747 1106
245 1612
4693 5359
488 1875
2960 3373
2483 3852
5000 5431
8388 9732
4553 5896
2599 3302
27 1753
2630 3203
6741 7315
64 1670
4724 5299
2330 4050
2143 3735
4887 5598
180 1661
6554 8017
6632 7971
125 1712
2837 3544
2080 3822
6808 7254
2167 3751
2465 3953
2360 4072
2549 3876
6654 7980
9183 9485
6291 7744
6904 7211
8258 9878
334 1947
4456 6077
4389 6131
8196 9944
148 1648
2623 3291
7158 7443
6156 7914
8899 9253
309 2002
9092 9580
4788 5215
9015 9692
2446 3939
4380 6129
6744 7350
855 1464
7140 7435
630 1159
9095 9589
2189 3710
2093 3800
2436 3954
4877 5626
20 1772
6617 7969
4152 5825
4751 5237
8771 9400
483 1762
533 1300
4612 5382
7092 7344
4903 5154
6312 8110
6894 7656
7024 7287
2895 3144
6810 7570
457 1729
1008 1273
6306 8105
6615 7900
669 1424
2683 3444
6430 7697
8932 9717
640 1426
7111 7379
2807 3554
6472 7773
9097 9372
2073 3841
6392 8160
800 1080
298 1586
4624 5386
6715 7456
6749 7494
2177 3996
2782 3523
4121 5894
9039 9296
7018 7242
8983 9271
4459 5707
2629 3428
2711 3510
6234 8056
4153 5915
9056 9282
2399 3708
4804 5601
9000 9229
4816 5623
8929 9673
8577 9897
8720 9530
4256 6026
8959 9683
938 1158
851 1151
3069 3280
4347 6101
305 1566
6931 7203
587 1402
271 1595
4901 5137
2960 3237
6648 7885
2400 3670
4471 5697
4415 5640
31 1832
4280 6031
2253 4084
4203 5969
84 1902
4160 6011
8654 9973
6822 7578
8474 9765
8834 9661
6784 7616
4708 5412
7000 7193
796 1117
259 1601
8472 9818
4390 5732
7028 7216
2777 3485
9158 9346
2630 3328
7023 7208
6154 8002
2429 3636
8723 9560
9008 9339
490 1702
2567 3403
4153 6007
2259 3997
4418 5645
517 1365
2845 3148
8621 9983
6941 7247
4691 5376
711 1425
52 1900
8926 9607
2729 3568
2562 3416
857 1026
6723 7448
4403 5743
7077 7418
130 2018
4299 6059
6925 7276
3057 3219
952 1243
614 1282
6513 7700
7050 7407
2187 4077
3029 3250
2375 3631
4467 5657
2321 3707
8471 9851
191 2002
128 2030
2528 3726
4387 5708
9189 9354
1019 1172
6201 8022
2486 3782
7164 7308
482 1682
8687 9886
766 1423
2672 3330
4510 5868
6209 7986
8682 9881
763 1421
8777 9534
5085 5290
4167 5951
4833 5528
6325 8140
6593 7867
6924 7287
8315 9991
594 1327
4363 5749
4934 5317
6382 8045
4536 5692
8512 9924
396 1544
6512 7924
9012 9392
4180 6096
6808 7453
4161 6084
8606 9752
6703 7591
4108 6020
6763 7648
4547 5704
449 1610
733 1361
132 1800
923 1047
4318 5970
4707 5612
404 1541
6923 7321
4214 6127
187 1824
458 1622
735 1346
8994 9407
82 1999
878 1267
4435 5836
201 1878
855 1270
8636 9752
8603 9790
4617 5548
6862 7531
2410 3788
890 1234
6165 8125
4381 5815
562 1433
6647 7770
480 1614
2498 3698
696 1289
4148 6023
3020 3192
8507 9870
4119 6050
6501 7901
2456 3616
2470 3614
2863 3222
4825 5475
6730 7664
2075 4000
2151 4060
2371 3839
2231 3851
2485 3594
4966 5337
6721 7553
6547 7763
8532 9876
4207 6061
3052 3112
4377 5855
2091 4067
6581 7805
8448 9928
6144 8137
14 1991
2596 3565
2353 3837
7073 7280
8930 9523
6834 7526
9146 9326
2661 3504
8469 9923
4787 5477
6419 7876
2473 3710
2680 3490
50 2024
8775 9628
2313 3797
4649 5621
6271 8095
249 1816
2800 3345
2093 4046
59 2008
2364 3807
823 1234
4762 5501
365 1669
6686 7668
2220 3910
6534 7788
6301 8055
2516 3647
6417 7933
6917 7401
6180 8136
2819 3310
156 1906
8908 9507
222 1839
9048 9386
2438 3701
7122 7206
7149 7195
4733 5514
6559 7781
2881 3258
4537 5700
4749 5491
2988 3155
4658 5581
773 2820
4435 6480
1644 3689
421 2466
277 2322
1049 3091
5252 7311
4185 6231
6139 8180
4314 6346
329 2397
1321 3389
34 2103
4975 7034
5563 7597
4585 6640
1968 4009
4614 6685
283 2304
311 2346
1440 3459
680 2700
1065 3085
1111 3185
1303 3376
1690 3763
4207 6212
593 2684
1446 3464
4606 6609
4693 6759
986 3054
214 2275
1489 3559
1157 3250
261 2365
1618 3691
427 2450
5289 7315
5081 7139
1133 3153
5328 7405
560 2574
305 2417
4512 6624
4819 6803
1448 3561
6031 8142
1400 3386
5017 7133
5171 7291
815 2918
4976 6971
4593 6591
5937 8062
1908 3899
4682 6661
6140 8108
5090 7090
1168 3265
4141 6268
1548 3677
666 2767
4099 6229
5765 7901
1095 3103
5787 7875
1196 3312
5315 7326
5894 8027
5372 7329
5485 7475
4487 6617
1697 3838
1458 3565
1067 3188
4427 6443
889 2840
5686 7765
671 2811
4526 6603
6032 8182
5225 7183
4826 6845
327 2350
2025 3971
66 2094
5637 7784
80 2111
4378 6517
1467 3531
4665 6728
1379 3351
521 2687
919 3041
1150 3081
4488 6655
912 3048
1911 3854
5784 7905
250 2176
1110 3117
5814 7882
145 2286
1356 3379
5450 7477
5445 7621
6046 7966
5145 7320
266 2443
1326 3499
566 2750
5802 7715
1489 3418
4915 7096
1393 3581
1422 3359
5306 7209
5998 8186
5161 7357
5528 7438
4281 6191
887 3054
4219 6370
1116 3270
5325 7255
255 2146
992 2941
1543 3736
4725 6869
4795 6681
1480 3434
4431 6637
5624 7517
4917 7056
5308 7194
5367 7263
4769 6665
1884 4085
5335 7294
5681 7835
343 2556
5750 7898
5639 7849
1904 4032
1292 3517
906 2872
5866 7768
926 2861
1301 3494
4990 7117
485 2385
1760 3669
4226 6196
672 2584
5357 7252
4490 6451
5596 7526
5343 7269
985 2915
1390 3539
1789 3651
5098 6996
546 2716
5449 7563
4310 6164
1764 3616
1802 4045
1362 3477
891 2995
135 2123
4140 6371
4758 6745
709 2581
4924 7150
5451 7576
5314 7190
4993 6997
4365 6613
4169 6288
1555 3785
1831 4092
5301 7274
6071 8023
553 2761
5947 8153
4316 6206
971 2856
5219 7303
1547 3823
5272 7292
1961 3916
61 2264
4211 6293
1098 3244
1163 3181
553 2767
4607 6424
4135 6336
4271 6214
4156 6357
4536 6482
1617 3770
1139 3229
536 2807
1597 3794
4381 6642
4538 6475
316 2510
4109 6398
5824 7732
4184 6317
4433 6567
1548 3834
5841 7719
628 2702
4143 6355
5434 7226
4416 6208
138 2441
5627 7423
5029 6816
4529 6327
5377 7175
1115 3420
698 2994
1235 3546
1074 3384
1662 3955
220 2515
4367 6144
1341 3122
5435 7220
4201 6521
5844 8132
5280 7601
40 2361
55 2341
843 2655
4096 6422
1391 3192
882 2666
1796 3613
1805 3607
1979 3750
1307 3077
5296 7599
5327 7661
4150 6418
1368 3196
5447 7266
839 2656
607 2936
4766 7097
1467 3228
1836 3590
5754 8016
5928 7683
6134 7899
5853 8179
5381 7223
484 2262
16 2339
1910 3648
4165 6514
5363 7620
583 2928
1220 3583
1135 3412
4148 6408
5518 7344
1477 3322
4533 6282
1462 3209
874 2600
5723 7961
1068 3432
1640 3872
5736 7968
5165 7524
151 2525
5910 7773
5646 8005
703 3059
1725 4081
804 2664
5939 7806
767 2994
6002 7714
4806 7062
5945 7787
5017 6860
937 2812
5923 7798
201 2460
5342 7560
1967 3833
1519 3255
411 2242
1757 3975
5980 7686
67 2329
4639 6980
5100 6839
5674 8049
5157 7550
4775 7163
1334 3176
4743 7129
5716 7989
1400 3097
4295 6564
5143 7540
5858 8065
4692 6961
5655 8048
1463 3295
1065 3393
4685 6948
1823 3702
5769 8163
4690 6968
5216 7435
439 2245
4557 6335
4729 6922
1832 3675
6119 7826
4765 7147
1492 3234
1761 3993
5711 7991
5659 8034
606 2852
5844 8110
1711 4053
4961 6682
5774 8178
5106 6798
5994 7702
4121 6500
5233 7436
1329 3151
1372 3106
1510 3175
5644 8079
5422 7339
4807 6976
5968 7897
87 2525
4415 6324
1693 3858
753 2942
5517 7197
1888 3824
818 2723
41 2491
5699 8145
77 2521
1141 3554
200 2384
394 2067
4911 6836
4154 6567
4771 6974
5086 6782
5155 7554
720 2929
5821 7964
982 2679
312 2204
1056 3461
4391 6274
703 2841
1728 3942
4455 6351
5664 8072
5256 7459
4280 6420
196 2420
5220 7636
616 3032
1411 3122
952 2570
5553 7173
701 2827
1130 3549
5908 7853
4925 6788
1887 3814
5259 7472
4541 6150
569 2946
1354 3318
1571 3999
687 2834
359 2215
4605 6205
1209 3448
4196 6566
1522 3121
1572 4064
4599 6194
5184 7558
1356 3211
649 2894
5093 6701
754 2872
5256 7494
4564 6170
1713 3967
5223 7607
167 2423
6015 7854
1842 3808
5653 8134
1580 4088
387 2135
5577 7199
4710 7102
685 2933
4138 6643
1646 4023
5737 8114
1625 3975
233 2358
5775 8047
1033 3563
4808 6954
1575 4034
5351 7425
11 2540
4513 6217
633 2962
6006 7833
1314 3282
294 2263
109 2462
5858 7953
373 2178
4594 6149
1202 3402
5388 7414
5605 7192
5950 7875
4983 6793
4119 6633
4628 7147
5214 7774
4103 6662
742 2276
5468 8031
395 2958
1511 4065
4203 6765
168 2734
4378 6941
925 2453
1858 3408
6132 7654
4643 6197
4468 7021
5687 7214
230 2813
1160 3731
1288 3860
5892 7450
5049 6553
4395 6920
5208 7803
1714 3223
1995 3564
5393 7990
805 2316
4728 6226
5168 7706
697 2196
5516 8099
1176 3753
5306 7817
4815 6396
5338 7916
4350 6856
4848 6343
5897 7473
4209 6731
111 2644
4666 6148
4480 7102
420 3044
4506 7130
503 2999
1388 3885
403 3026
1071 3694
1958 3557
1413 4034
5963 7427
15 2631
1343 3954
5442 7955
5004 6621
354 2864
853 2311
5622 8100
5142 7749
787 2368
42 2684
1383 3889
2016 3512
5802 7410
4445 6917
192 2712
5104 6569
5566 8164
1740 3216
4299 6805
5320 7848
5981 7485
688 2257
4581 7047
4100 6758
5666 7233
4789 6358
5867 7309
5873 7318
5501 7962
596 2099
72 2592
1389 3845
833 2345
4781 6342
5456 7998
1845 3397
392 3066
657 2274
6090 7614
5602 8085
1955 3547
4908 6485
5879 7308
1163 3830
184 2617
1012 2421
288 2978
5510 7940
4233 6666
5578 8014
1205 3632
1589 3251
5217 7911
5715 7387
6083 7498
5748 7421
817 2488
4257 6696
5861 7276
1583 3238
6078 7476
5293 7718
492 2914
1831 3496
5362 7778
1945 3337
2041 3439
4638 6278
5626 8035
5506 7963
1857 3549
1151 3811
6020 7449
266 2964
5599 8000
164 2564
4131 6786
269 2990
4577 6978
5366 7762
6121 7500
462 2920
894 2518
1064 3713
1125 3791
715 2145
4605 6999
5261 7713
786 2494
5770 7207
1387 4036
876 2526
558 2200
4290 6781
5682 7410
5914 7643
5401 8158
4354 7109
137 2625
1724 3188
4208 6844
10 2758
5037 6496
2020 3369
1556 3289
4194 6828
788 2522
1043 3804
5319 7702
1053 3790
5288 7805
301 3067
1914 3500
5911 7617
254 2598
4463 7095
5932 7670
1283 4057
4358 7133
4473 7074
2030 3378
4547 6943
5115 6438
988 2307
942 2382
972 2350
5226 7817
5559 8019
431 2888
1883 3507
5134 7910
1758 3120
1354 4026
5295 7775
951 2374
4677 6327
4737 6260
5543 8017
5675 7388
4577 6934
4417 7099
5724 7334
1893 3487
473 2853
4927 6595
1141 3722
569 2246
1211 4027
1664 3456
1115 3930
4147 6962
1332 3637
5094 6375
1224 4044
70 2894
1036 3843
4722 6525
1197 4028
4336 7138
4432 6723
4330 7166
2012 3272
1471 3754
1148 3945
334 2644
4896 6202
4269 7094
6023 7324
5724 7490
5705 7511
991 2241
6081 7390
4182 7030
4674 6498
5859 7619
4144 6931
1253 4033
415 2745
987 2301
628 2386
199 3041
5043 6298
1951 3251
5791 7601
5403 7733
5513 7846
1202 3997
4567 6886
1586 3328
5399 7716
2039 3268
242 3012
5120 7994
4831 6628
1980 3207
5580 7921
4637 6435
5167 7952
1222 3974
4778 6636
1712 3576
1195 4066
5417 7779
6130 7352
503 2748
468 2713
4104 7000
4697 6410
5426 7783
4245 7104
1806 3161
4858 6563
5884 7591
1461 3817
5752 7461
43 2934
5100 6323
5954 7197
478 2750
5848 7608
1396 3606
4499 6897
4113 7027
4932 6178
1033 3936
5163 8002
5350 8075
1300 3706
1847 3142
4954 6188
402 2788
4326 7056
4811 6578
1925 3326
5857 7581
5260 8176
1242 4007
5191 7993
5557 7883
928 2082
133 2822
4602 6777
1367 3794
5488 7925
5879 7537
4521 6689
5698 7626
5682 7611
546 2472
967 2124
1394 3838
4591 6783
5160 8121
5570 7761
4265 6970
5643 7571
1604 3550
967 2140
4955 6341
1478 3673
5652 7604
5183 8094
4823 6516
313 2714
4487 6692
5934 7306
4134 7042
528 2484
451 2660
421 2575
519 2476
1870 3299
981 2171
1784 3415
901 2090
4709 6614
4839 6494
173 2836
4252 6949
5296 7946
2033 3147
5227 8151
324 2809
183 2825
5616 7758
4398 6801
645 2362
1190 3943
984 2076
4678 6531
371 2747
6032 7257
699 2418
4410 6899
5972 7325
4982 6335
689 2426
1695 3411
1643 3494
390 2632
1863 3209
736 2352
1746 3331
771 2257
5294 8061
4414 6893
5175 8164
97 2999
1314 3829
832 2199
1779 3364
4783 6519
4538 6754
823 2286
1923 3160
4553 6677
5973 7305
2005 3081
973 2064
933 2117
6095 7215
5352 7945
4904 6345
5131 8169
4464 6802
6069 7255
6135 7188
632 2459
85 2998
4573 6712
1237 3891
4348 6933
6039 7293
1864 3235
526 2533
4306 6969
401 2685
1512 3588
1767 3339
595 2492
5797 7509
5455 7869
745 2331
1192 3921
1347 3775
1998 3022
4680 7753
5130 6152
5999 7020
861 3929
625 3700
5820 6843
4664 7729
5244 6263
381 3440
5425 6460
4283 7348
5239 6246
1386 2424
198 3285
5557 6561
1862 2899
2004 3011
4808 7888
5530 6531
1441 2492
4099 7196
4343 7383
4259 7297
5414 6404
750 3788
5428 6422
1903 2892
1865 2925
4832 7880
4303 7397
1444 2440
5210 6263
465 3582
4537 7574
17 3105
417 3473
585 3705
1138 2114
254 3279
5449 6520
5591 6629
4822 7909
4327 7380
4495 7610
1126 2128
4987 8012
1670 2748
877 3927
1860 2821
5012 8149
251 3257
768 3907
969 3980
776 3918
1295 2373
1473 2443
4468 7482
1994 2948
983 3993
6070 7160
1439 2512
573 3693
5169 6245
2024 3004
6104 7053
1911 2849
2010 2956
1261 2235
4410 7533
1642 2610
4652 7797
5801 6898
757 3758
453 3480
5495 6442
1750 2696
4868 8037
4473 7451
5212 6200
116 3088
54 3155
6 3169
5544 6593
1917 2832
6037 7162
6124 7068
5209 6185
5031 8151
4222 7176
1636 2588
5172 6220
5439 6470
143 3317
1945 3042
4312 7333
4422 7483
1297 2415
5443 6461
1845 2996
5495 6646
220 3167
1327 2475
241 3189
1043 2197
975 3908
892 4083
4291 7250
725 3649
5185 6357
5531 6413
1492 2380
4903 8126
454 3423
314 3491
1770 2678
1574 2746
5238 6379
6110 6979
437 3371
5636 6820
5038 7951
4769 7680
5122 6310
5600 6470
4459 7628
779 4003
890 4051
4806 7787
408 3382
5228 6338
467 3453
133 3114
542 3761
1260 2140
799 4015
5411 6544
5801 6687
5796 6684
5479 6623
1089 2297
4385 7579
4499 7465
304 3468
4571 7527
4632 7844
4175 7409
1352 2550
4212 7371
5460 6545
825 4094
4319 7189
1217 2059
4418 7561
4318 7187
252 3123
5586 6403
1749 2564
865 4019
176 3171
1825 3058
736 3638
4316 7178
5064 7954
1430 2380
1459 2415
5995 7094
93 3200
1002 3893
4246 7286
1167 2158
5452 6574
708 3623
1766 2560
4525 7498
6000 7064
1527 2333
4570 7478
1254 2058
5846 6712
4732 7820
4721 7813
584 3773
346 3500
1928 2942
574 3780
5550 6484
1221 2110
2000 2859
979 3887
5140 6379
4166 7353
793 3608
1846 2615
4206 7532
1837 2606
4309 7635
4164 7491
4288 7625
419 3240
2028 2784
1104 2398
5967 6721
5415 6185
1447 2216
1764 3051
1967 2720
4739 8080
2036 2784
4 3345
5785 7052
5735 7024
1265 2536
1137 2411
523 3857
1715 2984
5786 7044
4101 7461
4994 7841
6067 6800
168 3467
5423 6155
1600 2917
4440 7295
5292 6532
918 3768
5656 6967
243 3520
5251 6576
604 3945
58 3343
602 3951
782 3641
1957 2706
413 3242
642 4026
1726 2951
180 3469
6104 6882
1052 2343
1091 2431
5058 7934
5606 6363
5511 6330
4876 7729
1496 2277
5336 6630
1754 3045
5486 6225
1058 2402
514 3907
1089 2307
5198 6413
8 3404
5141 6481
1707 3055
4425 7168
1835 2657
4472 7218
316 3190
1745 2970
917 3803
4629 8026
1941 2757
5316 6550
1985 2707
783 3676
4669 8041
106 3390
5905 6725
5220 6448
4417 7188
5424 6245
6019 6869
5418 6269
1195 2546
6040 6850
5509 6367
1538 2910
5988 6713
1634 2879
1097 2326
4940 7725
907 3816
4723 7959
1729 2985
1080 2385
92 3383
223 3506
5432 6216
325 3125
904 3832
1954 2768
6082 6833
4511 7403
1933 2809
5333 6561
1416 2300
4255 7657
984 3758
246 3456
4831 8104
4790 8129
1539 2938
5873 7053
4496 7404
84 3368
12 3442
1599 2880
4341 7541
1991 2629
1124 2530
4409 7359
4939 7884
858 3805
5313 6473
66 3529
4338 7551
643 3853
4841 8057
5690 7080
1667 2832
5236 6627
5096 7807
1128 2559
567 4015
4588 7282
5324 6483
5152 6591
1543 2983
6014 6878
5650 7091
933 3584
411 3132
4961 7881
4254 7479
5545 6147
337 3322
1437 2102
1509 2121
227 3406
4678 8168
5254 6441
1983 2576
624 4032
5744 7105
380 3279
4973 7902
1287 2227
4848 8004
1538 2998
5464 6381
5993 6876
4716 8154
949 3586
5282 6421
1837 2714
1366 2287
5959 6909
5485 6359
1673 2868
974 3696
475 3172
928 3615
1125 2469
5081 7705
5107 7730
1291 2249
32 3555
5210 6553
5615 6186
4862 7995
4615 8130
4429 7304
4288 7430
4472 7358
1734 2817
5302 6513
5445 6285
5423 6372
1114 2449
4482 7246
1524 2105
4569 7191
1557 3013
5840 6912
5979 6792
708 3863
798 3786
5839 6938
4118 7630
1969 2664
1158 2396
323 3231
6090 6678
760 3877
6048 6720
1460 2135
5974 6832
1677 2917
4798 8020
915 3705
149 3455
606 4021
1977 2645
4460 7296
1456 2141
4128 7630
970 3642
5066 7738
663 3941
5918 6893
209 3365
505 3087
531 4069
440 3137
2042 2567
5882 6395
5420 6952
4105 7695
5916 6427
2015 2519
2013 2516
6086 6607
994 3566
4940 7489
5013 7576
6076 6579
4658 7229
4546 8144
4745 7323
4835 7415
5755 6254
6074 6573
5588 7116
5139 6664
5946 6439
6034 6543
5803 6326
5365 6891
4597 8170
25 3640
5402 6971
1087 2590
862 3451
6142 6619
1324 2825
6035 6581
5271 6845
4975 7492
5713 6266
5706 6241
1274 2773
5743 6208
1433 2986
5678 6171
953 3471
4868 7486
4518 8093
5921 6429
1934 2483
4448 8030
1880 2407
351 3936
499 4018
1718 2292
5783 6356
1420 3023
1804 2377
88 3600
1820 2389
239 3748
4097 7757
1317 2923
1588 2171
4405 8058
114 3618
4998 7636
5457 6916
1903 2359
5891 6491
1637 2108
1719 2282
4931 7452
1215 2783
1263 2701
4240 7923
960 3493
417 4039
434 4052
5395 7035
5931 6467
1838 2375
951 3550
199 3757
5167 6724
1146 2580
476 4018
4489 8166
1641 2054
441 4054
195 3763
1149 2572
881 3330
6108 6575
707 3254
1486 3001
5057 7609
1056 2648
820 3405
1093 2620
627 3082
1032 2676
1598 2115
4812 7346
1751 2217
4328 7830
2029 2450
211 3667
1627 2266
5340 6751
4136 7851
1950 2330
4821 7249
1027 2694
4426 8140
1198 2601
4748 7174
5763 6161
1042 2692
5068 7515
1741 2133
5140 6799
4752 7180
5719 6346
5811 6189
4764 7170
4377 8070
4497 7950
856 3578
543 3261
4117 7857
491 3918
6123 6477
677 3075
4712 7360
4993 7465
5766 6189
1200 2587
689 3100
1901 2499
1479 2920
4151 7832
485 3925
360 4056
474 3947
4978 7619
5356 6750
5840 6242
4360 8123
1540 2225
5827 6264
5659 6310
6019 6460
5444 7046
4412 8190
4608 7362
5193 6794
4478 8125
574 3325
5478 7075
4956 7574
1734 2056
4511 8015
5197 6813
1302 3015
4566 7938
4205 7867
4213 7842
239 3639
5384 7120
113 3752
796 3525
1266 2603
5595 6912
376 4004
6110 6402
5670 6395
5254 6747
1406 2979
5031 7544
1061 2757
5190 6821
5038 7501
4369 8178
4262 7746
5856 6149
430 3912
5039 7497
118 3729
1647 2183
2009 2353
1018 3350
5007 7523
835 3502
4661 7384
1655 2201
328 4006
286 4081
5791 6255
5182 6863
5398 7143
11 3834
4849 7171
4441 8106
5999 6554
5156 6866
1483 2867
684 3158
4483 8057
4979 7560
707 3135
947 3405
5021 7523
4793 7238
109 3949
4929 7232
5257 7051
5236 7031
1839 2091
5402 6687
4951 7250
659 3478
5400 6686
1037 2826
5962 6221
1447 2735
5018 7314
1861 2120
766 3571
4957 7251
2007 2265
1055 2831
21 3847
789 3078
604 3401
4374 7683
4640 7477
4622 7451
1744 2502
5933 6202
5159 6960
650 3472
534 3338
5986 6270
5373 7137
1485 2769
34 3903
5489 6766
4672 7520
5036 7310
1385 2635
5487 6732
931 3206
1231 3050
4363 7726
711 3553
1272 3038
927 3257
847 3177
5329 7158
6038 6321
1453 2698
985 3313
4698 7536
527 3362
4507 7851
1779 2497
5150 6954
937 3218
6143 6340
778 3124
425 3734
4690 7442
1578 2410
1136 2871
479 3733
4618 7493
517 3413
1185 3056
4100 8022
4935 7185
5139 6986
5018 7367
958 3299
1820 2173
5644 6510
5077 7351
5030 7361
962 3243
1010 3227
4810 7585
6092 6304
619 3335
559 3395
486 3723
4627 7549
672 3535
358 3606
1615 2366
4970 7192
5187 6960
6105 6317
4869 7282
178 4042
4455 7709
1573 2393
595 3375
5332 7081
4911 7248
2039 2184
487 3736
4561 7761
6073 6201
1007 3180
4649 7594
1626 2526
5650 6551
5368 7038
1898 2275
732 3410
883 3324
4334 8033
1054 2959
5307 6959
4430 7895
4720 7658
6072 6178
4620 7575
5326 6994
1804 2193
4664 7589
1961 2059
5823 6428
1262 2890
281 3772
550 3459
1554 2484
1748 2428
4816 7544
1350 2799
875 3271
4179 8191
4572 7793
4888 7350
1305 2742
5819 6420
1761 2387
5607 6739
1161 2876
5865 6495
5642 6589
926 3113
1484 2677
388 3645
1735 2430
1462 2572
6042 6176
5315 7037
340 3818
148 3883
5074 7186
1581 2541
1529 2616
336 3729
1425 2643
791 3285
5153 7138
160 3941
5378 6855
5901 6347
1508 2595
296 3809
1992 2072
4464 7840
1313 2803
4714 7608
1558 2501
152 3915
4535 7780
1374 2698
6066 6244
464 3590
5634 6619
111 4021
5667 6648
939 3191
4500 7753
5329 6927
5787 6469
4287 8032
989 3074
1435 2628
4763 7546
4687 7598
1474 2595
5992 6285
1687 2417
695 3423
1206 2911
1866 2208
1653 2462
1591 2523
397 3680
5730 6543
6033 6240
1003 3098
4520 7771
1825 2260
1799 2290
842 3260
5161 7134
1096 3007
4706 7579
5619 6665
1063 3036
5435 6848
5797 6488
5292 6993
706 3388
4613 7675
3934 8030
3291 7387
3452 7549
3778 7872
131 4225
285 4382
1948 6047
3660 7752
3551 7643
3689 7791
3433 7521
2805 6908
539 4626
1011 5114
1312 5417
3409 7512
1688 5779
2678 6778
504 4598
2591 6673
774 4886
1494 5575
1493 5572
1311 5388
3738 7822
710 4819
3744 7862
1606 5712
410 4493
544 4663
1917 5989
76 4183
86 4170
1026 5151
1171 5262
1232 5360
667 4794
2529 6592
1688 5818
1027 5153
3348 7479
1509 5569
2147 6215
4030 8091
3534 7659
2561 6695
3295 7412
1388 5440
914 5026
654 4797
462 4603
1604 5746
3961 8001
1530 5570
2845 6951
146 4264
3017 7154
1359 5490
1024 5181
1517 5584
1451 5525
1978 6021
552 4631
2814 6846
3992 8154
1607 5636
1766 5794
520 4675
2474 6625
670 4818
3024 7071
518 4681
3656 7687
858 4875
2539 6586
2306 6486
2631 6675
422 4607
1045 5196
2157 6195
715 4757
1642 5685
2188 6355
965 5029
1112 5177
3882 8008
1369 5434
651 4840
3103 7288
117 4114
843 4899
1798 5998
4012 8133
2205 6388
523 4705
1720 5842
2095 6213
3284 7354
921 5110
539 4715
2915 6929
110 4124
1546 5758
3475 7655
30 4200
1606 5680
3732 7907
425 4560
1415 5630
1526 5516
332 4407
1876 5928
1936 6124
3717 7928
3521 7615
4079 8047
1997 5966
328 4555
3622 7842
1742 5707
1165 5130
792 5008
2349 6565
3203 7179
1859 6091
895 5110
802 5032
1977 5940
2304 6542
610 4850
3414 7623
2164 6373
1405 5608
995 4981
4071 8048
3728 7688
2179 6170
3943 8189
2545 6509
2770 6732
1334 5544
3486 7424
1769 5750
692 4651
2366 6558
1363 5617
4029 7960
1978 5919
2189 6187
88 4351
2117 6381
1078 5276
3514 7446
3441 7647
3113 7322
4087 8004
2902 7151
1896 6097
2866 7048
2362 6529
483 4447
435 4364
226 4130
3743 7774
481 4384
2101 6390
2377 6541
3755 7790
784 5077
744 4654
1251 5157
4035 7941
1034 5314
452 4364
2206 6231
3667 7834
4013 8039
1432 5458
3522 7432
2739 6776
1070 5346
2984 7012
993 4909
791 5082
3661 7811
634 4788
2200 6230
2160 6334
1101 5277
977 4864
265 4570
1155 5200
2237 6249
2775 6659
3449 7596
3063 6945
2932 7074
3671 7823
4047 7956
1843 6126
3861 8139
1487 5392
1956 5957
948 4950
2194 6256
1450 5448
108 4238
3827 7696
1980 5977
1023 4889
598 4785
1935 5990
3327 7190
3047 6924
64 4270
3617 7886
2574 6910
1126 5268
3866 8175
1540 5875
1408 5497
955 4929
1118 5284
2548 6414
3014 6973
2771 6696
4090 7942
1856 6076
1088 5308
1255 5145
1684 5738
2653 7005
3978 7816
2060 6411
315 4156
1742 6086
2455 6302
2407 6251
3784 8132
1055 5394
3266 7631
2558 6384
869 4715
2725 7082
2955 6788
2022 5865
2782 7113
3297 7672
3514 7328
3931 7751
449 4317
2019 5886
1633 6014
2717 7100
3168 7491
2623 6940
634 4958
1600 5988
1891 5701
1239 5628
2879 6676
280 4149
1281 5166
3962 7754
3614 7980
3200 7602
1340 5135
678 5010
837 4721
2965 6817
2370 6262
542 4907
1472 5366
2127 6520
3924 7789
3304 7633
700 4999
1773 6097
3599 7987
685 5009
2987 6804
75 4361
3601 8018
3676 7967
2019 5792
1781 6065
2312 6222
2054 6465
3019 6796
3983 7877
2412 6183
3971 7880
822 4733
2139 6423
2116 6411
2394 6165
115 4387
3288 7561
530 4934
3536 7300
3985 7878
3224 7616
1890 5690
971 4753
1796 5721
581 4891
2616 7015
1120 5376
1976 5849
877 4623
4023 7892
2764 7080
2930 6679
3371 7246
1412 5346
3933 7733
2885 6700
203 4514
116 4382
3865 7796
1546 5989
3260 7635
2792 7070
2982 6865
1402 5120
2566 7037
677 5086
915 4846
3403 7221
2061 6514
245 4469
2356 6325
943 4654
1381 5348
3427 7392
1257 5484
4039 7745
1187 5419
2542 6247
3035 6737
2936 6898
3439 7397
648 4895
943 4663
237 4469
3141 7644
761 4960
2172 6629
1338 5280
1880 5828
2690 6943
3389 7330
3740 7939
3595 8107
3317 7508
1122 5568
674 4865
2149 6598
2926 6858
2847 6841
2712 6975
2988 6660
48 4506
941 4609
821 4760
2044 5713
591 5090
1431 5176
896 4655
3581 7244
3917 7935
374 4293
516 5040
1788 5960
2256 6502
1954 5652
1175 5408
3790 8054
909 4660
3102 7588
1109 5611
2129 6638
3741 8029
1987 5635
714 4874
541 5084
3107 7650
2239 6523
3678 8091
1198 5483
341 4240
3932 7835
1047 5599
1355 5250
307 4345
1533 5174
2495 6257
1818 5845
3828 7995
2174 6577
3587 8147
3540 7172
1682 5952
1191 5492
459 4115
1481 5136
609 5048
2180 6491
866 4737
3836 7961
1357 5288
2203 6525
538 5117
658 4986
3239 7501
1841 5851
2838 6906
3776 7982
372 4251
1366 5286
3722 8058
2838 6887
3024 6690
1378 5264
3830 7941
880 4740
3400 7356
3780 7984
423 4176
93 4517
3552 7193
1094 5567
3935 7843
913 4719
2471 7078
1090 5702
2745 6332
1157 5760
2013 5594
487 5099
2869 6459
818 4386
1947 5514
3904 7505
912 4483
1879 5444
72 4702
1308 5899
329 4945
2233 6819
3204 7838
558 4146
2220 6833
213 4852
2098 6672
500 5079
3375 7947
2666 6222
756 4305
3289 7934
2956 6565
1931 5537
3249 7837
1795 5422
2553 7127
758 4295
1790 5327
778 4408
2874 6409
2876 6415
1752 5356
803 4375
2372 7025
1294 5944
1250 5845
1451 6044
2823 6463
2959 6580
2695 6328
1046 5717
1206 5872
2886 6401
1668 5324
4095 7606
3612 7253
3924 7454
428 5094
653 4289
4061 7568
3863 7495
2701 6361
664 4301
1564 5195
547 4219
2074 6722
2369 6936
2451 7114
3619 7290
1142 5677
577 4122
911 4562
2755 6300
123 4635
1131 5642
292 4933
2494 7135
2009 5563
18 4726
3107 7750
3532 8100
2464 7112
174 4804
2293 6809
3870 7539
3592 7271
1246 5809
1732 5291
3089 7776
2780 6319
1350 5941
816 4420
1227 5820
3724 7419
978 4522
3679 7204
2057 6770
954 4548
3385 8007
1698 5155
3783 7236
3815 7268
363 5103
1997 5448
2905 6622
1826 5546
119 4863
963 4426
333 5063
1199 5668
1603 5320
357 5102
1144 5876
1770 5222
2184 6660
360 5112
28 4749
426 4926
1527 5987
2904 6605
2467 6966
1854 5545
271 5014
486 4991
1663 5347
2977 6461
2901 6600
2314 7060
2481 6958
1585 5265
2925 6606
233 4684
679 4098
2912 6597
1890 5573
1619 5364
1714 5147
1498 6003
1621 5375
1086 5780
3966 7634
1602 5359
3733 7227
1726 5135
2752 6257
1203 5639
1631 5354
1152 5685
3348 8097
1076 5761
635 4291
2324 7084
2715 6177
68 4856
3229 7712
2675 6349
1255 5721
3580 8003
1715 5235
2530 6944
1887 5533
3609 7389
3152 7829
4042 7436
2971 6492
3241 7790
362 5027
2004 5406
1279 5684
2470 7018
463 4867
2192 6749
2913 6572
1660 5297
652 4162
2080 6895
2670 6305
3808 7217
2148 6837
311 5093
3855 7645
68 4753
3985 7495
2088 6896
3149 7829
430 4983
2253 6678
317 5089
833 4509
4078 7439
1277 5663
716 4142
240 4631
3737 7281
743 4111
126 4758
790 4604
3793 7226
1147 5776
2609 6365
172 4673
217 4660
3146 7845
640 4211
3688 7326
1367 6048
301 5079
3092 7918
667 4192
218 5083
3621 7463
2170 7026
652 4484
2456 6801
3217 8088
2131 7001
665 4498
2252 7111
527 4356
1842 5177
2506 6849
2676 6527
2472 6820
1629 5456
3663 7490
3008 6350
2987 6331
3963 7273
3215 8092
1857 5204
3553 7927
2968 6287
279 4608
661 4494
1116 5952
3435 7798
3126 7976
4059 7364
620 4467
2890 6250
50 4882
2576 6449
601 4474
3381 7696
2433 6823
3979 7341
1570 5386
3520 7912
721 4602
1611 5479
1746 5631
263 4650
1174 6075
3518 7824
3816 7622
2808 6601
2274 7127
2585 6446
159 5032
14 4918
973 4340
2202 7072
1164 6071
3634 7433
2834 6190
2224 7152
36 4964
573 4478
3767 7667
260 4674
1552 5465
2422 6716
3574 7869
2130 6942
60 4977
738 4527
3355 7765
2175 6959
3586 7506
1483 5785
105 4922
3888 7267
2151 6963
3217 8133
1995 5278
3937 7220
772 4178
2007 5248
2501 6812
1727 5606
2225 7144
3349 7759
3163 7936
3487 7876
3591 7514
49 4972
3183 7985
37 4987
439 4822
2781 6588
3388 7768
2323 6775
1427 5877
1551 5480
3625 7489
1482 5795
134 5101
2579 6527
1599 5457
1221 6059
907 4324
1436 5870
1086 5964
1002 4254
1168 6117
1454 5849
2105 6977
4028 7365
3605 7532
2638 6452
2242 7097
892 4097
509 4738
4033 7234
2518 6738
226 4967
1532 5748
33 5033
3283 8025
2367 6837
2210 6956
2743 6456
3902 7343
3641 7595
1942 5124
1897 5373
3687 7667
2808 6511
71 5087
1554 5512
207 4948
2785 6524
3387 7844
1789 5468
615 4550
1473 5731
3661 7657
3157 8177
2218 6926
786 4279
512 4519
1324 5764
1578 5507
185 4883
3027 6264
1140 6111
2252 7008
1353 5863
1736 5478
1605 5621
1680 5410
2590 6572
275 4768
3725 7481
2892 6393
3686 7632
3105 8086
2954 6195
1336 5762
3464 7731
189 4867
2230 7031
3901 7419
2109 7156
570 4595
3479 7772
359 4779
3955 7359
47 5091
1463 5754
854 4248
1256 5927
3027 6146
922 4168
3952 7333
2816 6363
1577 5576
3802 7480
2379 6825
3562 7688
1792 5349
3357 7931
1542 5600
1386 5762
3039 6198
1622 5567
442 4688
2573 6625
3688 7557
1962 5188
3197 8083
2249 6973
541 4587
255 4871
603 4515
2703 6518
372 4750
1181 5984
3399 7866
3164 8098
1441 5727
3858 7405
2669 6546
2795 7914
2397 7519
2261 7382
1445 4513
3311 6378
1914 4988
2793 7905
780 5893
3926 7007
649 5763
3745 6827
3177 6243
3552 6635
2359 7482
1813 4891
3685 6762
599 5720
3567 6655
795 5902
1946 5007
1581 4667
537 5647
3378 6437
2452 7564
1194 4273
3444 6505
3636 6698
3157 6218
1511 4600
1855 4896
3908 7003
397 5549
4064 7106
3159 6258
909 6058
1843 4890
2607 7682
2162 7261
3959 6982
2941 8014
3455 6475
1896 4958
809 5919
747 5852
1534 4550
1074 4104
1395 4424
118 5194
2083 7198
3353 6489
1479 4486
1596 4735
1381 4390
57 5242
3850 6990
3627 6765
1529 4542
662 5854
1928 5059
2739 7935
2697 7897
1594 4713
3165 6158
63 5227
91 5134
1103 4122
874 5949
1593 4704
3927 6926
1754 4736
3067 8097
844 5904
3025 8114
1339 4447
1363 4406
7 5217
910 6119
550 5708
185 5330
3668 6719
2605 7750
1161 4325
3135 6226
639 5647
748 5790
2596 7767
393 5631
1410 4596
3730 6885
2624 7736
2442 7664
2137 7203
594 5679
96 5149
2388 7467
4067 7010
3743 6683
3709 6905
524 5770
89 5342
1142 4337
183 5168
3922 7125
282 5523
2652 7888
368 5629
723 5725
2021 4971
358 5620
3666 6848
2604 7871
3273 6237
3687 6897
315 5539
3926 7118
1512 4466
2003 4937
2883 8156
589 5869
1404 4575
3031 8051
2636 7913
3466 6447
2744 7711
3659 6892
660 5692
2693 7725
1882 5106
2074 7347
330 5601
1929 4900
1975 4871
1514 4442
2455 7462
935 5909
4049 7013
3533 6523
2989 7963
3465 6462
3953 7112
2228 7181
3131 6273
1075 4233
3685 6879
3347 6568
2448 7468
3308 6225
1022 5955
821 6135
2703 7757
270 5579
3006 8059
3310 6184
3420 6555
1488 4376
2506 7430
3867 7126
1639 4791
1580 4860
3678 6799
1373 4495
218 5128
2309 7638
2873 8173
1070 4346
1567 4811
920 5966
1720 4704
3093 6348
3587 6873
1465 4453
867 6079
3268 6169
1756 4611
2389 7562
1330 4563
2161 7319
3923 7099
1108 4284
47 5318
3898 7120
3202 6259
1449 4440
1455 4444
3842 7153
1014 5890
4076 6939
2597 7890
2816 8185
1623 4782
3957 7054
379 5504
1145 4229
655 5745
2063 7409
3461 6276
211 5586
1984 4801
2877 7743
1205 4535
3084 6414
1871 4683
3691 7022
3940 6753
2344 7214
3275 6594
3744 7081
3653 6985
112 5502
2292 7652
600 5961
893 5740
1685 4998
2363 7212
1154 4501
1508 4339
3301 6653
9 5392
3234 6584
1269 4566
1908 4688
4091 6879
414 5304
3833 7134
1609 4974
1549 4906
1457 4248
1423 4261
3844 6697
1409 4271
194 5613
16 5409
3517 6286
3602 6950
3651 7030
2146 7508
997 5853
3643 6915
1520 4297
4046 6903
3226 6563
957 5767
2426 7233
963 5887
3848 6708
797 5664
2159 7505
754 6064
3369 6250
2972 7898
2645 7965
3891 6777
1230 4485
1500 4247
2842 7767
2282 7588
551 6007
1687 5061
873 5691
2940 7727
717 6046
22 5443
2831 7769
448 5270
3717 7123
3133 6506
1706 5104
3738 7105
576 5915
3890 6761
2034 4780
1439 4350
2025 4746
1181 4601
1942 4850
3822 7049
2065 7542
1279 4504
1316 4172
3591 7022
3193 6416
714 6049
993 5773
2818 7791
81 5438
3136 6449
3644 6987
3870 6761
578 5947
3781 7103
2554 7297
1755 5024
29 5472
2381 7219
252 5500
4080 6768
1380 4324
1416 4108
3760 6965
2741 7999
1864 4803
1178 4369
2681 8181
3210 6405
1699 4908
3757 6972
3995 6664
3156 6599
1293 4249
4074 6782
1794 4756
1973 4652
637 6113
3101 6528
620 6129
320 5344
1460 4116
1782 4951
4012 6670
3771 6937
2031 4680
1333 4242
841 5857
1806 4774
3984 6713
1192 4354
3454 6354
3765 6916
1478 4215
1834 4760
658 5921
3118 6557
1609 5116
4069 6738
308 5260
2651 8161
3060 7754
3742 7004
1902 4780
166 5477
2251 7439
768 5830
1329 4344
3300 6447
1515 4132
1933 4701
2598 8183
3665 7045
2396 7304
3509 6240
2723 8054
416 5237
806 5886
1614 5015
2099 7658
2154 7603
3802 6919
3085 6608
3920 6798
1307 4293
269 5330
2888 7848
2077 7677
1628 5052
2164 7573
3767 6995
4013 6728
1371 4285
2604 8139
3315 6427
3626 7107
2238 7511
1534 4117
73 5541
636 6033
3559 6154
3075 6637
19 5603
3410 6307
879 5789
510 5132
545 6100
2538 7196
4017 6727
1444 4188
3748 7006
1618 5033
2560 8187
2856 7893
2566 8184
1753 4902
1675 4980
4062 6689
3655 6211
2789 7395
2034 4597
3910 6478
1155 4744
3778 6345
639 5234
1684 4228
1781 4323
2182 7824
3545 7119
2694 7312
1869 4437
2317 7958
1248 4862
1390 4942
213 5876
2436 8101
3271 6885
1592 4125
3537 7159
3905 6502
3832 6367
749 5322
837 5481
2100 7704
3657 6244
1923 4531
2356 7940
231 5847
2288 7874
2766 7418
617 5213
3951 6490
3654 6256
136 5822
1691 4268
1458 5003
2066 7726
1519 5039
1900 4397
3894 6519
352 5922
2909 7449
2790 7329
2585 7251
365 5927
690 5369
2540 8096
1436 5073
2839 7514
2219 7910
3768 6391
947 5603
3698 6179
2508 8093
3535 7069
1885 4361
638 5163
3179 6716
3746 6394
1283 4954
1132 4661
3244 6896
3567 7055
3524 7076
612 5126
3374 6987
3592 6254
532 5234
508 6043
876 5380
1850 4434
3819 6273
3682 6153
2614 7258
2730 7366
2755 7342
2028 4481
727 5304
1190 4821
383 5900
4086 6530
1193 4828
2409 7964
3104 6743
471 6063
2340 8028
444 6085
801 5467
3783 6333
106 5649
1504 5019
681 5333
3360 7005
1010 5519
2233 7879
3773 6204
839 5574
750 5231
1239 4694
2052 7814
962 5441
1117 4830
3167 6875
4044 6473
946 5431
1805 4490
3245 6693
987 5459
2689 7179
3574 7032
1589 4283
3522 6989
51 5793
80 5826
4059 6477
3264 6744
3130 6819
983 5453
3876 6590
3727 6163
1653 4329
3970 6431
668 5122
1049 4743
1503 4928
3481 6968
2980 7429
730 5243
3 5793
1579 4232
2081 7813
2360 8094
1268 4691
3847 6560
1558 4286
3618 6282
1241 4720
2026 4416
1537 4266
1004 5440
2393 8181
2512 8060
1743 4194
3438 7104
3664 6398
3377 7070
122 5834
2520 8041
104 5850
212 5734
137 5693
990 5483
127 5834
1979 4366
229 5714
2541 8021
3051 7507
1411 4920
3605 6313
3182 6866
1104 4845
1286 5062
2336 8162
1338 5113
2507 7944
1358 5002
2104 7933
564 5361
3340 7115
387 5956
3125 6909
2672 7355
2046 4405
2899 7583
2810 7223
169 5734
1638 4278
2235 7785
1629 4238
2801 7206
828 5604
1345 5019
3245 6770
1587 4307
816 5584
2332 8189
568 5339
2475 8015
3686 6274
2412 8073
4077 6408
2967 7538
950 5459
489 5903
900 5475
893 5525
2504 7971
3867 6640
702 5202
519 5355
1475 4910
3978 6500
2185 7802
219 5672
612 5267
798 5609
3046 7454
3958 6540
406 5995
3332 7161
1674 4215
826 5572
1304 5095
2638 7345
830 5183
538 5401
3233 7077
2882 7236
2248 8128
1893 4205
3878 6190
2740 7614
1083 4912
4075 6368
428 5792
3398 6740
1407 4717
2756 7639
3293 7113
1595 4399
888 5229
2476 7865
2538 7922
1318 4668
1029 4894
1772 4592
3450 6758
1966 4275
2032 4335
1077 4885
1565 4413
3597 6444
2674 7504
1807 4141
3694 6474
1113 4989
2398 7801
3391 6680
521 5409
3671 6526
974 5351
5 5935
468 5880
3043 7374
522 5412
1051 4917
1645 4445
3199 6990
2153 8024
246 6087
170 6041
497 5828
3762 6535
2061 7988
751 5589
1332 4622
3048 7379
3168 7004
1496 4836
3083 6964
2502 7929
3749 6628
1998 4239
2437 7878
3683 6439
2622 7545
1189 5101
1866 4098
2736 7673
3627 6497
1091 4879
1514 4772
3684 6442
2037 4282
942 5345
3356 6733
1926 4311
441 5864
3483 6857
1076 4966
743 5556
1738 4505
2866 7270
1518 4794
2278 8113
3548 6795
2213 8188
3413 6671
2781 7559
374 5676
3290 7040
3845 6238
1701 4601
2553 7847
865 5182
3819 6580
2602 7541
797 5245
3366 6727
1678 4588
157 6136
944 5334
3646 6488
887 5136
556 5446
3418 6704
1757 4529
2326 7802
4087 6298
1228 5025
2547 7836
1382 4630
698 5582
1975 4290
97 5911
2190 8185
2285 8090
3747 6612
1680 4584
208 6056
1827 4186
1705 4563
3365 6751
3055 7317
3608 6499
382 5637
729 5538
930 5343
1564 4449
1679 4593
1099 5067
3727 6412
2889 7372
729 5470
1970 4154
325 5838
2485 7739
3182 7136
353 5870
4031 6191
1970 4129
2272 8053
3099 7054
1110 5059
206 5975
91 6082
1266 4971
3226 6918
1748 4425
3677 6595
2166 8150
975 5231
351 5885
4078 6220
1605 4582
1182 4922
3683 6596
3458 6698
1107 5113
2967 7227
794 5303
53 6040
4029 6159
384 5684
2966 7202
3343 6838
1647 4565
1406 4805
280 5798
391 5689
2261 8043
1199 4880
2665 7593
204 5900
188 6013
1912 4282
2916 7335
4084 6199
119 6067
3280 6934
1144 5040
2667 7586
3040 7209
610 5547
3376 6906
1694 4434
1083 5109
3712 6479
3130 7157
2264 7959
1429 4677
1854 4334
474 5641
588 5535
1630 4489
282 5826
3029 7180
1897 4274
3898 6369
3580 6691
3060 7211
3630 6602
12 6120
3228 7034
2815 7445
3974 6253
4043 6183
2945 7279
3989 6266
144 5984
3056 7168
2214 8023
3319 6915
1331 4805
2713 7534
946 5189
3897 6337
3878 6366
3151 7088
262 5881
1700 4443
918 7057
744 6880
1849 7987
944 7100
3012 5065
757 6904
1740 7873
764 6889
3715 5782
2181 4243
3633 5672
2158 4212
1929 8082
2949 5022
3972 6047
44 6157
1899 8010
2754 4835
3643 5658
2048 4131
2338 4356
3527 5613
1092 7278
3709 5719
746 6849
3179 5191
2382 4451
1993 8166
601 6774
3719 5800
1342 7441
2258 4349
2129 4193
563 6659
4086 6085
2141 4200
2040 8141
300 6426
940 7066
2278 4304
1651 7748
2705 4777
2991 5012
1915 8006
4011 6037
3259 5253
1162 7349
2192 4305
626 6705
630 6705
3273 5249
4003 6122
3801 5779
850 6937
1773 7841
2447 4546
2544 4541
1530 7604
3839 5806
436 6630
2338 4470
567 6755
1525 7584
1044 7235
3373 5493
958 7142
3092 5196
3270 5279
1851 8032
4070 6077
929 7165
1207 7401
2977 5056
1678 7915
1183 7416
396 6635
3513 5585
2352 4441
1498 7603
1184 7370
1915 7952
676 6857
2142 4147
2618 4695
1989 8107
1953 8143
2368 4399
724 6843
2738 4802
2716 4846
1164 7423
1005 7061
3728 5864
4020 6093
2207 4326
2057 4210
2753 4799
375 6646
2087 4260
820 7088
3007 4923
863 7130
461 6472
1243 7262
1633 7911
3480 5407
1686 7697
2073 4241
868 7148
2822 5004
304 6589
1901 8160
256 6541
1665 7692
3070 4977
3080 5273
2263 4165
1293 7583
2 6288
324 6609
2749 4650
3756 5686
1566 7810
3575 5463
1965 7949
3452 5596
3599 5806
3826 5718
3620 5761
1513 7503
3963 6099
3450 5587
3765 5663
3540 5503
919 6970
954 6922
2827 5051
1907 8135
1541 7859
3492 5405
45 6294
1814 8106
3104 5279
412 6492
516 6853
2993 4976
2529 4384
3573 5428
1800 8138
1022 6972
1130 7331
2336 4585
2773 4639
3356 5590
3454 5554
184 6261
1407 7602
1325 7650
1617 7808
1177 7240
3980 5982
1636 7858
256 6615
3711 5800
1659 7852
512 6872
579 6810
899 7001
1615 7828
208 6157
94 6275
1372 7553
2092 4302
2900 5046
950 6997
3724 5736
3699 5782
3786 5676
636 6811
1791 7704
2295 4123
3199 5267
1787 7703
2578 4861
2234 4170
293 6612
3400 5564
2565 4861
2224 4169
1003 6935
1286 7674
447 6466
1502 7456
1562 7908
3258 5562
3635 5938
2751 5054
3451 5240
3774 6074
2439 4226
1252 7649
2612 4914
2943 4728
4017 5817
1971 7866
3871 5653
2870 4669
1440 7339
2195 4504
2891 4679
2011 7895
2833 4637
3021 4800
656 7069
511 6384
2434 4246
1368 7244
693 7075
2562 4885
3769 6051
2203 4481
429 6323
3759 6064
482 6338
3655 5990
3259 5530
3674 6009
1925 7846
149 6582
1146 7518
437 6301
1966 7812
1828 7689
2094 4352
3621 5898
3346 5181
1651 8028
2563 4915
3635 5891
1879 7778
3666 5994
3426 5211
1298 7208
475 6369
444 6272
248 6598
2440 4296
3256 5625
1874 7699
3293 5529
835 6663
2554 4287
361 6179
290 6252
2559 4270
3871 5709
3801 6027
571 7016
3877 5745
3746 6134
1892 7728
3772 6121
3883 5758
1297 7239
831 6759
1000 6835
1718 8170
695 7145
4019 5843
3037 4796
2939 4634
3485 5370
338 6197
2919 4623
2270 4532
3127 5469
3354 5232
3750 6093
765 7059
3734 6118
834 6706
990 6831
1173 7652
1794 7799
1100 7483
3003 4803
3338 5238
4089 5766
1840 7857
771 6791
841 6860
2539 4195
3109 5551
2916 4847
3267 5455
3693 6113
941 6688
460 6236
3109 5559
494 6267
2649 5071
957 6693
4027 5666
2511 4182
506 6246
1398 7403
3379 5294
401 6156
1271 7530
399 6162
1093 7642
1774 8049
1021 6754
2152 4554
2194 4401
4060 5759
1135 7627
2687 5082
802 6791
2946 4647
1981 7707
4089 5726
3505 5146
3077 5547
370 6364
3281 5502
35 6546
3143 5620
2425 4301
2620 5001
287 6314
1616 8167
1934 7734
1006 6743
690 6920
2709 4910
2035 7759
2245 4474
1328 7408
845 6797
3826 5938
2751 4991
2259 4370
1360 7314
2363 4344
2840 4827
295 6382
1981 7799
366 6306
344 6294
243 6435
2706 4931
3292 5390
3009 4629
1634 8119
3956 5795
3804 5892
1235 7434
1012 6702
2980 4729
2875 4827
3049 4617
3069 4636
3882 5832
2594 5063
3798 5936
2699 4973
3658 6050
3304 5379
654 7011
2035 7710
3486 5232
2829 4834
3874 5837
4035 5683
3610 6126
1127 7570
1068 7641
74 6588
1404 7301
902 6781
2374 4285
2464 4190
2919 4761
2147 4508
194 6851
3059 4594
3466 6027
489 7149
2098 4662
3193 5759
178 6836
1233 7894
2778 4317
1666 7307
2729 4256
1382 8045
1567 7187
3149 5696
79 6722
1078 7736
384 7055
551 6199
2050 4624
2180 4759
1665 7317
2738 4260
2939 4460
498 7146
2826 4371
827 6434
1193 7859
2625 4187
2340 4927
1572 7224
3198 5729
738 6397
1353 8040
1791 7390
2878 4380
712 6378
3879 5379
1299 7991
3639 5138
2995 4500
2337 4870
1875 7540
3861 5437
198 6894
2613 4127
755 6361
3128 5651
1507 8136
3596 5152
560 6172
3424 5965
3856 5439
10 6715
2996 4485
2552 5067
1471 8073
1176 7854
1513 8145
1819 7463
3426 5983
3919 5391
448 7041
1229 7816
2865 4471
3124 5746
1818 7506
3538 6042
3803 5266
2107 4722
1976 7665
3634 5247
3752 5349
906 6596
2944 4559
2619 4202
989 6537
1851 7534
3190 5667
3789 5275
1465 8163
2683 4128
1646 7221
3009 4508
2599 4217
262 7012
3096 5756
371 6933
861 6458
1346 7978
3556 6028
285 7029
627 6168
3232 5838
3792 5310
530 6269
423 7124
232 6812
1278 7818
3431 5905
3650 5173
623 6167
2419 4875
3174 5661
2243 4792
2174 4610
3453 5889
3394 6080
2267 4701
3288 5727
3915 5571
1403 8177
536 6291
694 6203
3115 5796
2047 7535
2406 5111
2491 4905
3932 5583
307 7078
2197 4610
3346 6026
956 6437
3336 6035
3812 5247
2660 4346
3969 5407
2658 4349
3708 5340
3846 5538
1827 7559
3358 6075
1504 8005
931 6405
1627 7420
2580 4284
1830 7566
1401 8147
2318 5026
3706 5332
859 6645
1323 8068
914 6432
432 6914
1077 7808
377 7116
1689 7201
2953 4400
3560 5970
1264 7755
2846 4512
3990 5416
2752 4096
2116 4741
2106 4857
2957 4430
1707 7272
3944 5548
490 6956
3080 5839
507 6961
3359 6100
3042 4393
3855 5571
1291 8134
1039 7874
3221 5723
1174 7751
3923 5505
1847 7653
867 6577
202 6681
2851 4592
1062 7920
2597 4339
2001 7432
2452 4942
3492 6015
3704 5283
1039 7892
2089 4853
1378 8127
3110 5880
2493 4963
1662 7328
713 6166
1072 7890
75 6824
1838 7624
825 6622
3992 5503
3713 5225
2571 4321
1096 7843
3253 5720
3422 6061
3108 5847
2878 4557
344 7084
1792 7669
3393 6068
718 6198
779 6643
3779 5178
2445 4978
247 7159
1412 7812
1771 7659
123 7035
13 6925
3991 5270
3143 5956
1244 8159
787 6166
4024 5309
209 7128
120 7027
464 6877
77 6979
978 6364
1824 7218
469 6855
3873 5170
670 6538
1982 7338
1539 7447
2633 4444
3682 5492
813 6203
2901 4175
3220 6030
140 7063
1264 8171
1895 7292
844 6224
2176 5024
1672 7595
3755 5519
3775 5529
3297 6089
498 6874
1816 7217
3579 5842
86 7036
3770 5521
2496 4843
267 6695
1285 7721
124 6992
2083 4883
2671 4446
187 7050
3039 4333
1776 7618
1785 7628
608 6486
879 6232
1619 7531
1591 7438
1140 8013
1632 7518
2316 4685
3367 5733
1258 8105
2535 4771
2072 4956
1937 7381
2611 4475
2139 4881
554 6497
162 7145
355 6702
1214 8176
388 6859
2927 4159
466 6787
811 6259
3662 5396
2841 4162
2422 4651
940 6348
2579 4465
4 7014
1032 8044
3745 5573
1001 6284
2299 5021
2432 4839
3195 5906
51 7002
1652 7448
229 7051
506 6804
1990 7336
3072 6002
2725 4567
1335 7746
1671 7666
150 7136
4008 5328
3840 5243
607 6432
3430 5862
1241 8024
2211 4898
2414 4842
3917 5321
2095 5035
3720 5389
312 6846
864 6375
3488 5673
2488 4659
1118 8146
1788 7537
2586 4503
274 6786
3001 4137
1555 7554
2974 4106
3445 5856
78 7131
2981 4157
3240 5939
3534 5714
2648 4600
2900 4341
2932 4309
3352 5818
3638 5524
2624 4578
2718 4411
3524 5730
934 6145
2688 4392
260 6830
1888 7371
730 6518
3504 5661
4009 5124
3106 6028
236 6978
1834 7301
98 7117
3799 5476
369 6853
1750 7522
3919 5371
1090 8183
2772 4450
2503 4735
171 6929
1468 7687
2210 4892
1376 7902
2489 4614
922 6233
1657 7613
3799 5395
3180 6057
2785 4388
2313 4814
618 6573
261 6861
2898 4251
1528 7731
3572 5695
2682 4523
1545 7642
2266 4878
1739 7452
3318 5934
1858 7322
3327 5925
3911 5275
752 6445
2867 4332
3994 5189
2912 4225
3948 5262
161 6980
752 6425
1733 7470
3416 5811
1559 7675
884 6297
3948 5249
1844 7386
1696 7502
205 6947
945 6238
2635 4516
286 6892
2583 4580
2717 4457
1553 7653
882 6279
216 6958
3521 5689
1774 7446
1374 7847
3469 5751
945 6219
2188 4982
3005 4167
2496 4667
878 6290
2102 5066
1170 8046
2232 4933
3862 5355
1579 7637
884 8052
832 8000
2125 5197
154 7323
3470 4492
3308 4329
2673 5751
2300 5364
2060 5126
1918 7029
3201 4234
481 7660
1145 6262
3255 4263
2762 5850
1308 6412
1765 6901
2038 7143
2555 5609
548 7735
1850 6953
2213 5297
1922 7062
3572 4579
981 8141
1228 6356
55 7213
3247 4277
70 7261
364 7543
968 8148
800 7998
3647 4641
1041 6158
1493 6647
4055 5108
1344 6503
3467 4524
4090 5072
1105 6267
4052 5118
846 8034
1309 6448
547 7693
932 8085
880 8001
533 7716
1960 7065
2390 5476
313 7437
899 8116
2966 6049
1706 6806
2696 5813
1344 6400
181 7413
2969 6107
3164 4120
6 7234
2786 5799
3604 4689
2152 5166
3139 4101
2603 5741
3966 4921
609 7721
2150 5164
2221 5345
3950 4898
1631 6674
674 7919
617 7737
2793 5816
1799 6998
251 7337
2508 5534
3141 4118
1282 6481
1405 6441
2040 7085
1419 6620
3619 4730
1536 6747
3990 5069
306 7535
1971 7150
3831 4778
2169 5159
4005 5061
2212 5316
767 7837
996 8064
1180 6393
2320 5493
3442 4375
2394 5436
644 7906
2272 5255
350 7478
2863 5958
2788 5775
2608 5726
1396 6404
456 7609
3002 6088
1212 6344
3173 4113
1036 6265
2413 5397
1152 6394
1212 6343
436 7631
2858 5974
1280 6526
2749 5827
450 7612
1182 6174
297 7593
2944 5888
2609 5808
775 8069
3407 4556
3543 4433
2006 6992
2457 5406
493 7525
202 7232
1639 6888
1853 7090
1920 6928
5 7316
8 7321
2689 5648
3598 4765
1986 6993
366 7672
1401 6638
2569 5790
241 7272
3034 5958
998 8056
1185 6207
1107 6387
1938 6963
3099 4274
2627 5871
675 7694
1635 6861
580 7915
3354 4523
2950 5940
2109 5263
2465 5396
3457 4404
3011 6005
3197 4298
2251 5235
3497 4368
3603 4781
3966 5057
1877 7061
2118 5255
805 8167
1359 6540
2813 5688
980 7953
1557 6867
1073 6391
2937 6065
3429 4521
1709 6753
3556 4394
762 7723
1150 6319
3374 4604
1656 6826
3766 4718
2972 5957
621 7856
3134 4323
647 7769
3183 4273
995 7997
584 7831
3088 4303
2582 5878
302 7629
3342 4589
1165 6249
2880 6055
1272 6160
2592 5833
3646 4823
2420 5535
1679 6755
2120 5284
1777 6684
3409 4540
1560 6903
375 7558
1216 6196
3831 4609
1588 6851
2055 5374
2273 5147
1585 6859
1561 6882
683 7760
660 7784
2143 5282
3031 5930
2928 6030
3611 4890
469 7383
4016 4786
2874 5694
2429 5240
3731 5014
3062 5875
1120 6506
2875 5680
1066 6433
2279 5611
2134 5466
2828 5632
2066 5404
3296 4590
3043 5868
1037 6426
1284 6163
130 7573
3386 4130
3813 5117
2357 5165
1217 6616
1889 6776
3664 4937
1017 7907
391 7325
623 8050
1013 7912
398 7312
2079 5377
1767 7160
3509 4243
966 7904
2131 5499
1704 7041
2663 5964
445 7318
2647 6012
171 7552
1095 6507
56 7444
2724 6025
1721 7049
1048 6440
3547 4335
2244 5618
2949 5821
2113 5496
3277 4599
18 7470
2319 5170
73 7543
2910 5660
3551 4252
1213 6649
1501 6296
737 8102
1194 6626
949 7932
1856 6666
2527 5269
500 7358
1024 6474
2289 5565
3835 5046
1226 6533
407 7384
3813 5044
1469 6383
2037 6822
1491 6279
3629 4984
2754 6039
3129 4462
2308 5203
1133 6453
23 7503
2096 5482
4041 4754
1698 7161
1884 6656
1846 6763
337 7182
3224 4551
622 7948
3391 4188
2021 6790
1434 6399
188 7641
1204 6610
2849 5702
3252 4572
3690 4866
2399 5174
691 8153
3050 5760
2250 5536
783 7780
2719 6131
1536 7021
2126 5411
849 7742
2008 6825
1797 6775
2851 5712
3825 4997
3320 4493
1587 6984
741 8089
2924 5649
1950 6883
2370 5180
3672 5080
3065 5753
3916 4813
1196 6445
2806 6004
2862 5804
455 7237
1351 6340
2479 5162
1969 6708
3501 4132
1413 6159
1658 7152
2776 5971
2640 6109
3960 4855
3214 4383
373 7398
2092 5561
336 7365
3094 4480
2844 5764
3202 4379
3854 4756
589 8150
934 7741
2458 5127
829 7840
2165 5610
3090 4530
1252 6468
3732 4918
592 8180
719 8040
3076 4524
2762 5985
321 7402
713 8036
3482 4138
1801 6840
1590 7047
3702 5060
354 7377
3324 4424
3913 4860
2520 5230
2386 5348
1028 6579
3309 4438
1437 6177
2271 5473
2342 5273
3017 5641
3903 4859
3198 4539
3774 4985
2935 5808
2759 5903
659 8026
1105 6555
2913 5805
110 7587
1996 6658
2686 6060
2610 6118
2963 5703
852 7809
347 7309
540 8138
611 8117
3495 4209
2931 5803
2622 6117
663 8012
1114 6534
2042 6694
1320 6389
2710 6004
3508 4183
2461 5241
1655 7058
3594 5103
127 7577
1930 6764
2114 5541
270 7398
2168 5520
2600 6083
3859 4856
2347 5319
96 7567
3347 4348
1238 6438
2006 6692
3857 4834
618 8095
2296 5390
406 7278
777 7920
1762 6936
3053 5648
3629 5075
102 7577
1613 6223
1132 6760
1717 6320
3879 4386
37 7715
1449 7072
3508 5054
3653 4174
3873 4396
4051 4573
2563 5132
602 7253
1878 6471
1424 7042
1494 7108
3658 4184
2260 5824
101 7793
682 7357
3503 5047
2776 5312
3714 4255
2557 6112
563 7213
340 8011
2 7712
2584 5178
3909 4454
3899 4383
1309 6969
3869 4411
2186 5805
785 7481
1673 6304
1227 6881
662 7355
1495 7162
3425 4943
1730 6380
1081 6669
4095 4555
274 7979
1426 7083
3334 4924
2247 5883
2544 6094
2347 5909
35 7708
4014 4591
3589 4164
2715 5337
2865 5491
1685 6359
2828 5454
2974 5594
3021 5512
886 7472
3472 5078
4068 4514
3339 4941
2906 5405
477 8084
3982 4551
1071 6757
1870 6402
4070 4520
2537 6054
3140 4619
459 8068
22 7748
3617 4213
862 7434
561 7270
89 7681
2010 6530
2911 5383
3274 4755
3474 5064
3357 4930
1030 6756
3977 4586
2557 6041
1129 6668
2968 5630
3829 4242
1881 6462
3573 5020
2707 5369
1568 6219
1020 7568
100 7689
1919 6417
545 7248
2246 5815
1364 6951
3825 4230
561 7241
4082 4491
1722 6339
3102 4709
1031 6780
3204 4857
332 7985
913 7662
3672 4312
379 8187
1253 6757
424 7979
53 7862
2212 5665
3624 4269
2797 5224
565 7347
3353 5011
1826 6574
1060 6824
1576 6309
3930 4554
4063 4431
3477 4869
1573 6324
1608 6362
3329 5016
3979 4370
896 7450
2155 5835
4005 4357
709 7271
638 7388
3812 4166
3443 5078
3404 5097
2305 6055
155 7740
1377 7110
3583 4950
2425 6098
3427 5071
3626 4231
1972 6425
979 7548
1349 7157
657 7201
1974 6407
2490 5896
807 7569
2474 5917
2909 5610
3342 5042
3703 4296
3981 4402
3741 4189
4007 4453
2862 5612
3862 4562
2381 6024
735 7191
3278 4612
2110 5874
1317 7146
2309 6103
3047 5427
532 7375
1520 6957
225 7743
3530 4884
678 7289
3194 4773
3603 4300
1916 6556
3095 4853
1312 7106
3976 4458
1079 6867
2014 6459
999 7426
2860 5578
1861 6562
3277 4645
1247 6711
3762 4187
3560 4866
1072 6878
3119 4800
1121 6803
1891 6544
3793 4133
734 7210
41 7900
2333 6122
2656 5274
3662 4276
1470 6981
1660 6272
2893 5193
1490 6868
3909 4163
1453 6827
3511 4784
3493 4770
653 7556
3737 4498
215 8156
2819 5128
809 7224
3123 4897
3206 5013
1848 6187
1872 6217
2166 5996
151 8076
2268 6080
3577 4837
1306 6662
2844 5121
2794 5623
1305 6663
3938 4160
175 8074
889 7260
3981 4264
4001 4231
15 7977
2577 5430
868 7235
684 7556
235 8131
3631 4357
1109 7039
465 7931
2373 5737
722 7678
1989 6377
2404 5716
1957 6295
526 7484
1553 6436
19 7973
136 8126
3714 4539
1290 6707
451 7930
3117 4884
3421 4711
479 7908
1939 6318
1544 6454
3264 5119
289 7776
3613 4446
227 8103
935 7394
3132 4986
1389 6699
2779 5532
176 8184
3622 4462
346 7698
3004 5365
1050 6995
2761 5507
1375 6676
3782 4491
1349 6677
3973 4308
1315 6769
3005 5358
2371 5654
2839 5199
838 7198
3449 4643
2038 6316
575 7524
20 8009
3178 4916
2460 5884
1417 6895
1611 6444
2924 5125
2444 5862
3503 4802
1295 6752
998 7305
1694 6641
515 7539
3093 4967
495 7834
364 7705
840 7230
3252 5068
790 7279
156 8165
2763 5553
3220 5102
3474 4841
2992 5323
1713 6604
2765 5554
3505 4657
95 8159
2857 5290
895 7420
1829 6305
2837 5264
1456 6710
3884 4266
3178 5088
2451 5656
3864 4244
3938 4332
273 7839
1391 6911
1477 6742
1500 6731
2551 5742
1333 6831
1019 7264
1964 6192
1099 7126
1724 6433
3445 4843
1985 6239
1783 6504
572 7587
2170 6106
1868 6380
432 7698
3703 4564
1852 6303
1225 7020
3958 4307
2711 5426
3660 4587
3154 5109
2914 5323
2621 5527
3519 4628
2043 6224
1171 6975
1758 6515
1468 6673
3116 4994
3987 4157
507 7764
2178 5936
2551 5700
169 7965
2305 5812
3390 4747
2428 5833
2438 5683
2489 5646
2679 5568
1823 6311
3544 4705
446 7685
2601 5522
4049 4202
1370 6881
1122 7129
3000 5125
3659 4598
132 7994
1790 6465
2112 6017
3697 4530
1955 6247
2357 5872
369 7863
2306 5829
455 7694
3150 4996
2555 5681
2718 5461
2437 5710
694 7546
3928 4245
2029 6176
1399 6842
668 7507
3937 4272
717 7455
953 7277
1347 6807
224 7989
775 7391
3490 4730
2298 5923
1263 6966
142 8021
3296 4923
4036 4120
112 8109
2802 5421
2519 5687
1085 7132
813 7375
2195 6001
3538 4656
1741 6446
2395 5823
742 7426
781 7400
3968 4197
342 7870
408 7795
3526 4653
2267 5942
1620 6586
3364 4820
3145 5053
3022 5179
1860 6322
2763 5436
317 7877
3431 4767
705 7480
1429 6764
3186 5003
3032 5156
203 7990
724 7466
1438 9630
669 8860
292 8480
555 8750
1166 9352
774 8961
501 8701
1084 9265
1336 9527
673 8880
63 8236
1219 9431
145 8327
1052 9227
126 8293
1620 9807
382 8542
30 8254
182 8342
529 8757
247 8413
969 9188
82 8316
991 9193
1383 9564
1188 9368
564 8821
764 8887
1069 9318
1486 9600
386 8658
1097 9244
1358 9494
217 8320
7 8285
999 9149
113 8234
335 8468
476 8576
930 9213
557 8781
625 8721
470 8638
392 8673
680 8901
1756 9907
1296 9568
1128 9241
1191 9425
356 8479
174 8402
1256 9367
422 8665
1430 9705
454 8517
1352 9669
1285 9623
1343 9645
190 8234
76 8409
733 8778
504 8559
1476 9570
267 8615
794 9143
1710 9728
860 9198
1082 9353
453 8561
335 8698
1769 9823
1704 9745
556 8848
1223 9338
1738 9844
244 8246
140 8271
327 8577
1723 9853
1531 9532
535 8927
1364 9624
1422 9561
1592 9952
470 8460
207 8211
175 8306
1225 9239
997 9018
597 8893
1321 9665
869 9102
693 8798
509 8464
1576 9945
1208 9292
932 8868
1448 9388
784 8725
219 8668
1894 9838
756 9214
1370 9302
1088 9553
815 8763
234 8700
605 9025
1963 9911
749 9165
240 8660
74 8557
881 8793
2036 9951
701 9110
1495 9446
1982 9871
1265 9666
1454 9370
712 9200
2027 9937
326 8314
1087 9472
2023 9894
980 8853
1521 9397
1435 9439
976 8854
383 8248
859 8726
300 8290
1246 9613
1909 9766
193 8603
54 8557
466 8334
314 8283
1294 9323
297 8268
257 8295
341 8243
1959 9920
557 9053
1240 9643
1006 8856
1518 9365
976 8787
1428 9234
593 9177
409 8210
467 8280
353 8431
103 8695
385 8211
342 8389
886 8931
289 8372
585 9168
320 8410
702 8994
1281 9373
785 8844
581 9176
622 9201
333 8429
1921 9767
1474 9316
1898 9932
759 9027
390 8240
807 8934
1365 9361
1201 9592
1906 9918
2045 9773
1446 9335
1943 9796
1531 9255
141 8531
577 9121
1986 9760
1932 9833
1821 9975
596 9150
916 8825
1912 9864
284 8430
1280 9459
1833 9946
1872 9892
28 8681
1905 9862
920 8815
275 8426
45 8656
197 8507
739 8417
901 8583
1563 9235
852 8543
394 9093
706 8403
310 8995
1112 9792
959 8613
655 8336
107 8783
665 8368
1944 9650
900 8622
1671 9389
1340 10000
1244 9965
1057 9747
857 8549
565 8305
1803 9549
1222 9856
1889 9511
897 8649
1569 9325
225 8878
331 8984
163 8950
33 8820
524 8282
1974 9710
158 8900
1207 9964
236 8846
633 8219
1175 9972
1061 9795
1801 9571
1276 9869
1943 9698
1681 9446
1994 9650
1940 9705
1936 9711
552 8279
1232 9808
413 8985
847 8650
154 8735
578 8392
1583 9404
1607 9427
817 8593
1644 9420
1648 9427
165 8705
579 8421
955 8466
1111 9958
1675 9274
1916 9679
1101 9977
905 8497
1859 9720
590 8435
632 8391
221 8733
368 9137
1676 9295
728 8210
522 8409
195 8727
827 8686
1918 9640
1189 9848
357 9095
1765 9222
1005 8455
318 9170
71 8886
1590 9410
1569 9428
838 8639
721 8232
157 8800
122 8836
389 9082
826 8645
1443 9890
740 8678
1035 9992
2044 9461
534 8477
1927 9356
1819 9236
181 9124
434 8864
2001 9412
1016 8418
1016 8410
443 8857
1927 9379
1373 9849
1608 9582
836 8300
139 9123
819 8219
1921 9384
559 8449
1775 9665
1302 9764
1371 9825
1768 9685
1924 9413
1559 9556
370 8756
842 8194
1747 9625
2018 9384
1522 9890
535 8518
1672 9690
664 8645
1777 9616
1873 9272
1735 9654
582 8500
139 9208
671 8681
1330 9803
580 8505
682 8661
98 9187
46 9128
193 9034
1464 9770
2043 9320
762 8558
1561 9602
299 8887
107 9205
160 8960
1784 9567
294 8833
1999 9319
115 9178
777 8358
416 8724
1676 9529
2023 9297
81 9190
1000 8273
223 9061
911 8244
1811 9390
478 8801
405 8746
484 8740
631 8628
903 8259
1958 9312
1793 9418
1380 9896
415 8778
1810 9415
134 9041
894 8359
471 8717
1696 9594
172 9072
1867 9365
1924 9318
525 8680
117 9106
1717 9566
399 8803
1867 9380
939 8281
1457 9799
885 8335
43 9169
186 9031
1318 9947
1868 9394
718 9934
293 9509
741 9952
1526 8688
613 9836
688 9917
69 9291
65 9300
1993 9182
1497 8641
720 9928
697 9891
1575 8762
641 9888
518 9762
164 9347
385 9638
1932 9125
629 9796
1913 9039
472 9696
147 9428
846 9993
599 9759
1565 8788
1973 9215
1287 8522
1450 8676
3 9298
200 9371
1731 8855
367 9531
1134 8244
681 9970
1249 8380
303 9584
412 9724
1963 9167
1505 8581
283 9598
492 9610
1535 8601
1952 9160
576 9772
228 9366
1552 8802
1693 8936
1803 9074
446 9668
59 9285
679 9944
1705 8744
1179 8216
496 9595
1654 8954
1431 8452
1953 9017
1830 9145
1721 8729
153 9275
433 9495
129 9254
1537 8874
1315 8591
291 9612
159 9262
426 9496
170 9241
1156 8247
1668 8765
1517 8493
458 9480
502 9525
60 9465
699 9834
765 9772
1736 8730
189 9327
1031 8415
1550 8919
477 9479
1079 8427
99 9405
1392 8623
1169 8306
1547 8943
614 9858
210 9271
398 9573
1219 8239
1261 8193
1560 8950
1996 9019
287 9700
238 9710
1015 9975
363 9323
988 9948
1612 9037
135 9605
1276 8696
513 9989
1992 8909
1637 9070
1009 9981
272 9217
2011 8897
1745 9164
1892 8827
108 9548
510 9438
61 9502
242 9690
1700 9102
1664 9148
1603 8962
493 9391
1650 9014
323 9221
57 9598
902 9934
1815 8794
457 9348
445 9454
381 9256
977 9868
1067 8523
1499 8382
1840 8791
235 9601
1624 9010
1783 9115
1021 9872
424 9414
1249 8599
1098 8502
870 9755
23 9576
1926 8708
258 9350
1038 8587
125 9722
1562 9106
196 9546
24 9608
1296 8324
964 9808
992 9847
443 9251
494 9333
429 9264
1270 8553
1231 8552
1041 8632
179 9475
39 9620
1674 9021
2005 8813
1683 9003
948 9741
1584 9097
1316 8350
1203 8462
378 9398
1345 8335
276 9434
1505 8242
1326 8440
1946 8780
1015 9775
792 9921
1123 8638
177 9554
1062 8640
1677 9062
745 9986
1257 8453
1 9709
1649 9119
982 9784
1939 8803
1058 8658
1455 8284
1048 8683
761 9996
1313 8413
661 9366
214 9938
704 9415
221 9946
683 9381
1223 8917
1361 9032
1733 8421
1258 8910
1949 8634
231 9920
644 9389
1525 9152
635 9283
1877 8559
1236 8943
1331 8974
1025 8764
891 9541
1034 8780
872 9519
124 9787
1442 9194
514 9289
1339 9077
250 9909
244 9915
1568 8303
1323 9087
908 9689
1063 8817
1952 8696
1160 8912
773 9564
121 9762
1108 8719
719 9361
1259 8847
1904 8471
2045 8602
1881 8510
731 9392
1987 8623
782 9569
871 9480
1582 8286
675 9424
1014 9603
872 9488
1797 8573
1420 9206
544 9311
1919 8700
624 9460
1200 8756
230 9838
966 9551
1044 8859
1920 8466
1503 9037
1550 8343
38 9916
1180 8705
812 9612
968 9578
734 9340
1106 8948
1935 8489
1123 8907
1187 8716
1744 8319
1469 8973
1743 8317
1040 8869
1551 8378
166 9744
1304 9120
1050 8864
1053 8865
120 9925
62 9977
691 9336
1184 8811
814 9697
1732 8213
1355 9113
1780 8225
656 9286
1643 8370
1480 8982
1822 8702
806 9670
731 9277
646 9313
1938 8571
480 9994
1275 8721
143 9828
104 9860
1259 8708
1542 8425
739 9235
1119 9054
588 9550
2015 8412
1236 9171
1360 8796
1260 9186
828 9267
418 9910
824 9261
302 9782
1248 9211
1466 8858
1094 9056
1215 9111
854 9343
1417 8866
548 9493
1395 8768
1173 9134
2026 8405
1288 8776
1084 9085
1711 8683
856 9246
586 9472
549 9577
1632 8499
499 9894
1521 8871
543 9544
278 9806
419 9979
936 9417
728 9662
710 9632
883 9247
1535 8850
1937 8447
450 9901
1817 8296
781 9336
1177 9191
442 9788
1377 8934
1487 8773
349 9939
631 9703
1143 9188
1731 8534
1533 8804
1470 8743
1523 8815
726 9547
497 9839
959 9249
1069 9138
1886 8444
537 9661
1751 8562
1092 9187
1795 8361
1782 8538
1025 9132
849 9468
626 9692
418 9746
1218 9082
1913 8385
1322 8848
810 9364
1208 8967
350 9887
1271 9014
961 9221
528 9691
1621 8600
811 9445
1064 9208
431 9850
1658 8620
1201 9069
400 9807
1835 8393
1485 8750
1254 8975
1641 8581
591 9633
760 9482
1725 8517
686 9556
1749 8489
571 9668
2238 8376
2588 8731
3287 9439
2534 8685
2971 9104
2692 8840
2850 9004
2568 8720
3498 9614
3086 9259
2127 8292
2401 8525
2303 8397
2478 8605
3495 9620
3030 9184
2746 8835
2378 8560
2482 8589
2854 9057
3656 9730
2843 9040
2549 8633
3913 9990
2817 9041
3507 9696
2157 8249
2659 8757
3579 9635
2736 8941
2722 8896
3269 9383
2364 8529
2602 8772
2681 8716
3333 9587
3437 9495
3670 9940
2240 8263
3976 9990
3046 9078
2546 8544
2334 8587
3323 9325
2756 8799
3541 9546
3072 9377
3835 9820
2521 8562
2243 8301
2779 8808
2291 8240
2823 9152
3006 9078
3000 9066
2071 8387
2348 8697
2908 9089
3176 9399
2742 8796
3267 9256
2478 8514
2772 8760
2179 8301
2835 9184
2771 8742
3779 9786
2523 8480
2335 8215
3430 9327
3309 9700
2643 9049
2640 9050
2405 8303
2545 8445
3964 9840
2298 8684
2764 9175
2843 8709
3165 9593
2531 8390
2186 8621
3201 9640
2531 8392
2421 8261
2206 8619
3889 9736
2469 8351
2312 8246
2229 8586
2777 9113
3275 9611
3387 9338
3144 9483
2198 8657
3210 9677
2481 8442
2758 9098
3062 8871
2887 8723
2482 8423
2532 8381
2634 8976
3566 9397
2477 8438
2594 9026
3243 9679
2737 9174
2219 8643
2693 9196
2673 8984
2615 9052
3959 9753
2885 8747
3263 9672
2991 8918
2770 9042
3366 9382
2376 8393
2855 8870
2548 8310
3447 9456
2432 8199
3298 9583
3212 9473
3896 9901
3841 9878
3133 9642
3417 9412
3848 9896
2090 8590
3569 9303
2187 8483
3325 9559
2646 9210
2802 9052
3893 9883
3446 9432
2137 8673
2824 8905
3408 9362
2329 8415
2067 8666
3488 9328
2295 8487
4038 9749
2367 8428
3470 9304
2550 8238
2657 9144
3186 9641
3886 9970
3531 9259
3015 8741
2409 8331
3233 9538
2721 9035
3372 9408
2198 8550
3305 9497
3205 9591
2226 8518
2234 8527
3195 9613
4073 9745
2661 9118
2700 9073
3337 9985
2695 8328
4040 9683
2847 8452
2854 8504
2607 8241
3652 9317
3787 9449
3991 9649
2818 8491
2296 8913
2513 9211
4014 9600
3716 9387
4079 9694
3319 9925
2804 8386
3718 9393
2372 9084
3615 9251
2130 8812
3208 9910
3792 9455
3935 9502
2247 8837
3221 9936
3212 9929
2086 8800
2962 8660
3600 9303
2348 9063
2457 9170
2783 8339
3216 9922
2241 8851
3988 9671
3965 9513
3771 9443
2084 8830
3261 9953
3716 9435
2383 9007
2921 8456
2613 8278
2619 8287
3115 9806
2731 8396
2159 8711
2201 8951
2846 8561
3082 9852
3983 9716
3294 9822
3016 8524
2665 8430
2078 8843
2403 9206
2270 8771
2721 8252
3134 9884
4088 9552
3859 9657
2973 8503
3138 9961
2787 8270
2612 8324
2334 9133
2244 8816
2310 9138
2642 8424
3515 9984
3681 9437
2163 8886
3675 9373
4022 9584
3944 9647
2106 8949
3730 9284
2503 8989
2500 8991
3836 9245
2642 8381
2173 8845
3597 9466
2728 8272
3278 9780
3695 9362
2774 8233
2053 8965
3406 9805
2990 8362
2927 8295
2891 8258
2547 8958
3502 9911
3571 9966
3684 9540
2100 8977
2084 8970
3791 9727
3742 9643
4083 9413
3396 9854
2085 8985
3462 9913
3563 9940
3462 9927
3824 9651
3025 8340
2208 9195
3920 9243
2369 8718
2402 8752
2463 8908
2119 8979
3921 9223
2992 8424
3018 8362
3707 9499
3068 8346
2691 8691
2569 8575
3372 9819
3530 9906
2071 9067
3850 9335
2870 8264
2852 8359
3969 9218
4037 9283
3448 9969
2637 8647
4055 9306
4091 9334
3584 9615
2346 8895
3628 9657
3543 9802
2606 8590
3582 9820
2515 8820
3866 9405
3065 8275
2961 8250
2634 8678
3837 9552
2361 8854
2532 8790
2882 8436
3949 9434
2753 8571
2864 8332
3335 9926
2351 8940
3030 8208
2957 8266
3673 9618
2511 8707
3998 9292
2947 8273
2202 9033
3446 9902
3649 9624
3484 9799
2240 8990
2868 8427
2699 8552
3070 8218
2653 8631
3668 9663
3723 9595
2791 8469
3068 8207
4074 9233
2445 8818
3489 8610
3806 8922
3610 8722
2215 9388
2118 9290
3881 8999
2471 9641
2122 9285
3501 8625
3721 8852
2055 9240
2805 9941
2760 9961
3843 8999
2812 9945
3311 8394
3558 8648
3962 9045
2688 9904
2680 9800
3119 8218
2641 9832
2568 9781
3313 8396
2504 9602
3711 8755
3625 8804
3358 8528
3153 8195
2796 9914
3131 8300
2132 9219
3230 8390
2196 9423
2743 9962
2733 9968
3111 8313
2454 9722
2149 9225
3984 9215
3577 8585
4062 9133
2229 9408
2318 9591
2724 9950
2221 9430
3214 8433
2605 9810
3377 8626
2400 9702
2322 9626
3089 8344
2138 9418
2490 9515
2104 9378
3399 8666
3506 8493
2281 9288
3928 9210
3564 8521
3166 8441
3987 9017
3952 9179
2097 9370
3154 8445
3865 9131
2087 9363
2578 9893
2128 9451
4080 9035
3127 8433
2413 9637
2089 9441
3853 9157
3274 8193
2299 9269
3720 8774
2722 9837
2328 9676
3433 8627
2804 9774
2283 9227
2207 9340
2480 9560
4058 9008
2115 9385
3593 8935
2050 9458
3905 9136
2063 9463
2487 9549
2509 9520
3434 8299
3272 8650
2339 9248
2940 9849
2945 9862
3044 9967
3497 8354
3933 8785
3700 9080
3739 9098
2391 9281
2302 9698
3872 8766
3777 9183
3637 9003
3263 8608
2289 9680
3701 9053
3789 9190
3939 8782
3460 8375
2405 9302
2388 9320
2319 9294
3541 8337
3519 8436
2379 9222
3989 8903
3475 8385
3972 8919
3159 8450
4000 8954
3287 8585
2403 9276
2204 9725
2328 9337
2103 9557
2820 9824
3136 8486
2458 9469
3657 8993
3896 8784
3276 8614
3697 8991
2255 9662
3766 9166
2342 9307
2191 9487
3491 8226
2331 9368
2427 9457
3336 8322
2134 9693
3735 8988
3146 8644
2860 9917
2321 9346
3064 9837
3881 8894
3886 8884
3739 8967
3968 8733
3238 8505
3350 8373
3914 8940
2408 9423
4082 8792
2354 9369
4002 8722
3307 8537
2824 9915
3013 9841
3084 8632
2096 9608
3147 8688
2193 9518
2181 9537
2258 9492
3002 9842
2903 9883
3401 8326
3112 8699
2048 9684
2150 9648
3332 8403
3753 9073
3283 8457
3196 8609
3385 8408
2205 9589
3298 8457
4010 8775
3496 8283
3170 8602
2958 9846
2675 9330
2314 9998
2790 9450
3394 9046
3312 8933
3575 9185
2926 9588
2076 9728
2162 9809
2209 9865
2287 9923
3349 9016
2593 9232
2632 9341
3432 9054
3644 8203
3777 8321
2955 9667
2163 9786
3569 9147
3316 8891
2877 9583
2774 9349
4073 8636
3897 8556
3014 9616
3320 8879
2637 9237
3922 8458
2138 9734
3061 9621
3561 9096
4031 8670
4001 8647
2884 9516
3438 8966
2650 9267
3189 8735
3137 8749
2861 9538
3016 9656
3570 9091
3211 8952
3305 8858
3986 8679
3849 8575
2765 9402
3458 9214
3914 8503
4020 8651
2830 9585
2896 9681
4093 8568
2794 9312
3213 8704
2291 9831
3628 8378
2733 9268
2997 9512
4054 8523
2633 9431
3429 9156
3422 9213
3314 8788
3091 8885
3380 9116
3795 8315
2799 9286
2280 9794
3063 9563
2190 9790
2797 9310
3187 8911
3066 9531
3912 8588
2961 9557
3546 8978
2082 9966
2577 9436
3800 8204
3028 9487
3476 9034
3071 9505
2933 9617
3940 8576
2691 9316
2230 9821
2669 9350
4053 8504
3663 8353
2284 9731
2575 9470
2154 9873
3463 9083
2953 9590
2447 9870
3079 8968
2903 9287
3901 8236
2324 9734
2345 9789
3028 9409
3307 9212
3465 8851
3227 9094
2310 9766
2963 9394
3645 8472
2668 9545
3173 9026
3513 8853
3609 8500
3441 8799
3184 9024
3142 9079
4016 8321
3411 8807
2829 9275
3323 9154
2652 9573
2315 9777
3827 8653
2993 9358
2908 9315
3911 8205
4038 8333
2922 9254
3443 8765
2343 9833
2454 9922
2536 9919
3352 8768
3946 8242
3367 8831
4045 8367
4041 8365
3852 8297
2943 9242
3302 9089
3341 8805
2850 9291
3171 8969
2487 9926
3476 8929
2558 9864
2498 9909
3630 8537
3384 8772
3241 9175
3158 9001
2320 9875
3747 8486
2853 9379
3624 8622
2871 9407
3037 9301
2654 9685
3809 8554
2543 9826
2500 9802
3150 9153
2796 9593
2317 9899
2383 9960
2463 9784
3090 9151
3236 8971
2902 9447
3906 8432
2727 9489
2641 9704
3674 8672
3568 8779
2869 9353
2775 9578
2542 9775
3894 8446
2561 9674
3045 9257
2842 9430
2671 9634
4071 8232
3225 9036
3515 8812
2737 9581
2639 9646
2708 9590
2677 9619
3950 8328
2821 9452
3562 8704
2835 9464
3665 8611
4025 8267
2720 9554
4065 8212
3207 9086
3542 8748
3620 8664
4103 8194
4981 9087
4150 8253
4847 8930
5781 9880
4845 8931
4714 8826
5287 9395
4902 9011
4477 8555
4621 8748
4932 9061
5192 9322
4362 8488
5534 9659
5201 9337
5006 9125
5813 9882
4859 8904
4943 9084
4876 9018
4790 8832
4974 9046
5144 9250
4799 8835
5088 9181
4916 8971
5430 9481
4181 8214
4342 8371
5679 9831
4718 8742
5213 9236
4740 8904
4962 9007
5248 9429
5472 9526
4443 8461
4957 8964
5975 9996
4134 8314
4747 8918
4139 8310
4815 8875
4373 8572
5777 9981
4179 8227
5123 9331
5410 9555
4372 8549
5617 9603
5149 9326
4719 8732
5413 9565
4662 8779
5057 9151
5496 9720
5638 9861
5537 9508
4351 8307
5129 9351
5272 9224
4454 8692
5744 9955
5447 9682
5051 9006
5831 9821
5148 9351
4151 8364
4558 8533
4552 8531
5286 9272
4992 8992
4724 8914
5268 9278
4938 9185
5835 9828
5224 9436
5450 9712
5582 9588
5242 9401
4757 8785
5576 9485
4972 9124
4414 8692
5160 9445
4625 8924
4402 8674
5098 9016
4842 8761
5179 9442
4558 8464
5291 9332
4881 9203
4694 8882
4925 9176
4621 8938
5105 8982
4980 9112
4199 8331
4774 8791
5887 9739
4268 8274
4365 8690
6066 9907
5943 9779
4313 8668
5048 8881
4543 8374
5494 9343
5049 8885
4963 8813
4964 8823
4965 8819
4744 9104
4596 8428
5595 9467
5190 9570
4739 9127
5976 9852
5265 9652
5889 9769
4919 8729
4544 8434
5015 8868
6115 9891
5074 8855
5464 9247
5005 8900
4439 8221
5148 9558
5298 9706
5574 9375
4107 8535
4936 8744
4944 8752
4302 8618
4234 8675
4611 9071
5619 9372
5143 9592
4873 8806
6017 9968
4734 8972
4826 9134
6000 9735
5245 9477
6133 9868
4949 8745
4158 8513
5198 9677
4632 9117
5510 9231
5771 9988
5955 9932
4224 8465
4237 8473
5050 8751
4844 9083
5558 9263
5985 9979
4497 8202
4549 8286
6115 9854
4683 9198
4795 8990
4545 8294
4830 9081
4833 9032
5581 9314
5403 9386
5341 9576
4217 8642
5215 9629
5971 9872
5895 9921
4745 9038
5462 9374
4731 9139
4192 8619
5494 9401
5855 9999
5382 9426
6107 9740
4679 9118
5400 9414
4224 8546
5564 9305
4962 8836
6025 9827
5339 9526
4882 8957
5922 9943
5096 8734
4670 9161
4353 8440
4984 8834
4458 8337
4944 8876
4748 9074
4904 8488
4267 8867
5657 9233
5946 9523
5138 9758
4746 8325
5201 9793
4218 8809
5137 9732
5022 8579
6137 9702
4477 9058
5060 8667
5045 8598
6125 9669
4359 9006
4583 9163
4666 8201
4479 9029
5114 8646
6132 9672
4921 8568
5368 9914
6078 9723
5901 9547
5931 9575
4787 8446
4810 8344
6009 9504
5206 9740
4142 8821
5075 8624
4315 8895
4527 9158
5218 9742
4501 9209
5738 9243
4540 9161
5044 8652
5819 9410
5768 9216
6053 9516
4785 8252
4959 8657
4413 9135
5527 9998
4388 9149
4809 8278
4517 8966
5285 9729
4368 9141
4484 8993
4502 9022
5669 9359
5869 9280
5784 9261
5221 9949
4531 9075
6045 9565
5299 9848
5326 9733
5941 9721
5111 8483
4854 8224
5654 9422
4615 8414
6138 9511
5116 8482
4427 9108
4874 8687
4451 9093
4206 8839
5311 9810
5144 9974
5968 9636
5142 9955
5933 9688
4829 8235
6108 9509
5747 9359
5780 9322
4878 8206
4461 8814
5671 9506
6056 9376
4394 8739
4197 9064
5671 9513
4686 8532
4528 8874
4671 8482
4532 8849
4400 8726
4887 8254
4644 8463
6043 9399
6096 9468
4684 8546
5069 8419
5634 9522
4913 8192
4322 9168
6109 9449
5874 9670
5920 9238
5385 9777
4298 9201
5481 9814
5397 9813
4633 8540
5907 9301
5739 9505
5789 9678
4627 8519
5552 9956
5910 9295
4655 8564
4534 8937
4239 9199
5579 9898
4561 8883
5622 9877
5070 8365
5809 9682
5854 9658
4450 8712
4250 9204
4124 9069
5399 9829
5967 9273
6138 9345
5848 9639
4723 8691
5089 8291
4893 8350
4642 8614
5859 9575
5625 9855
5615 9855
6106 9288
4475 8941
5771 9500
5490 9962
4616 8597
4373 8843
5283 9985
4342 9043
4773 8450
4461 8901
4306 9063
4235 9020
5030 8222
5701 9726
6029 9265
4706 8671
5942 9355
4125 9181
5072 8216
4913 8444
4126 9166
5416 9980
4526 8824
6001 9382
5023 8260
6130 9262
4476 8867
4798 8545
4741 8548
5907 9458
5757 9623
5669 9678
5614 9729
5546 9823
5465 9895
4421 8890
5281 8353
4518 9638
5752 8827
5199 8265
5374 8435
5307 8373
6022 9107
4198 9329
5591 8654
4828 9927
5187 8285
5749 8789
4276 9360
4579 9675
4196 9294
4738 9902
5393 8508
5560 8584
5312 8432
5635 8754
6142 9160
4751 9912
4177 9321
4659 9738
5677 8724
5259 8369
5577 8693
5172 8311
4347 9406
5371 8375
6101 9088
5336 8320
4352 9563
5301 8425
5769 8916
5863 8837
4776 9931
5446 8485
6128 9109
5389 8574
5587 8608
4755 9963
6036 9199
4333 9363
5164 8274
5890 9085
5463 8663
5913 9114
5543 8481
5916 9115
5883 8816
4575 9555
5370 8288
5325 8279
5629 8550
5010 9999
5133 8339
5598 8570
5421 8584
5241 8407
6095 9057
5913 9142
4343 9287
5830 8828
4543 9475
4152 9464
5558 8567
5203 8341
4492 9540
5419 8679
4695 9880
4494 9567
4159 9453
5772 8798
4465 9634
4703 9866
5699 8852
4770 9845
5638 8923
5425 8684
4807 9754
5832 8745
6018 9064
5176 8406
5959 9143
4838 9746
6069 9038
4855 9739
5331 8237
5515 8565
5229 8338
4126 9503
5313 8649
5028 9903
5878 9191
5020 9871
4403 9260
4277 9642
6103 8947
5977 8817
4112 9533
5083 9972
5277 8617
5092 9938
5266 8618
5536 8345
5953 8830
5774 9167
5062 9863
5904 8786
4223 9519
5902 8797
4281 9706
6089 8849
4149 9581
4171 9491
5188 8478
5381 8281
5408 8318
5542 8391
5497 8220
4948 9791
4935 9782
4391 9299
5951 8774
4992 9978
5391 8309
5499 8192
4552 9396
4457 9238
5309 8510
6072 8767
5107 9851
4228 9481
4419 9424
5131 8594
5980 8896
4505 9220
6006 8937
5810 9005
4110 9617
4331 9537
5175 8604
4423 9467
5387 8372
4140 9711
5693 9209
5807 9065
4423 9345
5008 9815
4997 9805
5569 8200
5027 9836
4340 9504
4488 9308
5899 8915
5755 9126
5121 8670
6105 8710
4374 9462
5305 8541
5773 9067
4204 9607
5474 8333
5223 8596
4886 9954
6051 8793
5218 8607
5788 8348
4155 9787
4300 9935
5520 9091
4168 9809
4995 9631
5810 8364
4681 9321
5281 8832
5385 9005
5852 8443
5347 8905
5696 8298
5624 9172
5258 8869
4186 9832
4345 9930
4135 9744
6094 8697
4926 9476
5747 8243
5506 9155
4727 9266
5732 8225
5200 8727
5978 8465
5205 8734
5037 9697
4102 9812
5180 8809
5948 8548
4640 9342
4812 9391
4945 9524
4214 9758
5675 8257
6045 8689
5725 8237
5814 8388
5028 9687
5358 8861
4914 9543
5363 8838
5674 8284
5660 8299
4999 9727
5486 8981
4331 9879
5171 8782
6011 8453
5318 8888
4216 9976
5614 9070
5837 8269
5778 8208
4682 9416
4486 9987
5185 8902
4319 9812
5993 8674
5776 8220
4115 9886
5517 8963
6005 8698
5357 8829
6114 8560
4638 9354
5668 8379
5935 8591
5252 8741
4851 9298
4716 9421
5540 8963
5846 8312
4253 9773
5817 8200
5829 8311
4791 9220
5925 8595
5043 9476
4897 9625
6140 8512
5607 9051
5115 9542
5929 8596
4330 9768
4676 9347
4736 9290
4817 9242
5733 8361
5070 9503
6062 8572
4321 9780
4960 9655
6012 8612
5877 8238
4247 9801
4642 9411
4172 9899
6044 8565
5186 8873
5334 8762
5515 9080
4905 9693
5843 8229
5211 8877
4105 9982
5608 8980
4221 9858
4279 9800
4565 9941
6116 8416
4392 9761
5415 8759
5087 9416
5261 9129
6141 8411
4515 9867
6099 8442
4528 9885
5209 9068
5888 8245
5338 9196
6128 8383
5042 9440
5258 9182
5251 9172
5526 8911
5484 8759
5195 8983
4590 9866
5076 9395
4766 9719
4429 9767
5662 8563
6098 8380
4625 9571
4222 9994
4569 9900
4668 9545
6052 8402
5585 8875
5881 8578
5504 8956
4901 9304
5158 9048
4237 9997
6052 8229
4675 9671
5816 8509
5722 8659
4965 9448
5489 8956
4764 9490
5207 9159
5453 8921
5442 8916
5783 8448
5055 9253
5533 8710
5471 8898
5158 9094
5058 9314
4767 9534
6016 8226
4759 9524
4872 9378
4880 9403
4568 9835
5698 8689
4754 9510
5025 9237
5632 8629
5253 9029
5965 8329
4419 9861
4713 9633
5222 9130
5216 9139
5119 9257
5383 8926
4687 9622
5539 8829
5691 8677
5960 8360
5717 8628
5590 8754
5461 8881
4503 9843
6062 8265
5822 8526
4633 9707
4985 9356
4851 9483
4616 9713
6921 8969
6315 8366
6670 8711
7393 9450
7399 9451
7210 9252
6607 8640
6887 8949
6228 8262
6772 8807
7744 9814
7624 9680
7592 9648
7723 9778
6602 8661
7679 9695
7313 9393
7303 9376
6685 8758
7225 9234
6516 8539
7265 9297
7316 9377
6907 8910
6551 8610
6858 8945
6720 8828
7783 9819
7691 9781
6815 8927
7124 9110
7528 9517
7586 9701
7656 9635
7927 9913
8008 9991
6766 8766
7711 9803
7827 9930
6789 8932
6471 8484
7792 9753
6349 8356
7496 9507
6709 8795
6452 8516
6901 8839
7225 9282
6234 8228
6371 8349
6634 8597
6570 8494
7285 9456
7242 9409
7899 9815
7555 9486
7742 9905
7457 9649
6277 8212
7274 9465
7719 9905
6299 8195
7903 9798
7340 9269
7367 9306
6805 8714
7033 9179
6644 8541
7469 9606
7455 9652
7516 9712
6733 8952
6374 8287
8123 9989
6223 8332
6807 8787
7538 9654
7368 9228
7681 9924
6164 8401
6524 8635
7015 9131
7758 9859
6352 8223
7389 9229
6654 8495
6235 8329
6998 9090
7513 9606
7433 9686
7488 9631
7881 9771
6184 8395
6161 8438
6874 8753
6967 9178
7132 9011
7299 9324
7065 9065
7760 9893
7685 9971
7431 9725
6653 8455
6236 8358
6280 8308
6557 8349
7089 8882
7528 9324
6455 8255
6416 8222
7169 9496
7254 9551
6336 8665
7296 9627
7257 9541
6703 9010
8104 9865
8070 9892
6496 8259
6307 8595
6206 8462
6312 8601
7392 9695
7082 8938
6418 8277
8158 9881
8120 9960
7252 9478
7464 9339
7311 9689
6268 8490
6771 9002
6233 8451
6928 8822
7957 9853
7140 8840
6986 8743
6902 9112
6353 8613
6740 8995
6651 8323
6899 9101
8020 9770
6711 9033
6410 8334
6771 9207
6278 8449
6490 8400
6311 8492
7555 9228
6772 9189
7527 9460
6314 8498
6450 8366
7023 8946
6706 9135
6717 9105
7351 9477
6650 8256
7955 9903
8120 9733
7164 8769
6308 8473
7247 9714
7243 9609
7957 9943
7668 9264
7331 9579
7958 9951
7228 9719
7669 9278
7580 9299
6284 8540
6886 9013
6172 8646
6401 8417
6230 8631
7406 9484
8011 9900
6261 8605
7043 8810
7184 9723
6464 8363
7928 9993
6948 8914
6290 8554
6604 8245
6476 8370
6875 8996
6536 9099
6748 8280
7368 9935
6549 9116
8069 9609
7205 9768
6767 8289
7788 9315
7394 9965
7896 9419
8018 9542
6478 9050
6494 9028
7417 9956
7703 9270
8146 9715
7262 9844
6983 8555
8077 9632
6489 9060
6207 8706
7691 9293
8039 9517
6832 8447
6469 8970
7016 8511
6148 8795
7747 9250
7822 9453
6366 8888
7243 9763
8083 9721
6932 8574
8111 9664
7891 9404
6421 9059
6946 8533
6981 8498
6889 8336
7800 9218
6955 8617
8086 9490
6308 8737
6451 9145
6457 9141
6512 9212
7302 9737
7411 9827
6944 8626
7240 9950
6331 8749
6434 9140
6468 9180
7569 9995
6932 8629
6818 8199
7789 9429
6455 9103
6213 8953
7960 9637
7151 8487
8051 9659
7925 9276
6616 8979
6911 8239
7284 9889
6634 9009
7165 8481
6729 8341
7402 9737
6508 9096
7421 9748
8182 9500
7155 8477
6726 8360
7033 8598
6988 8611
6674 8418
7231 9931
6396 8714
7269 9874
7904 9240
6871 8233
8161 9443
6756 8544
7637 9939
6271 9079
7173 9997
8029 9300
7896 9687
7693 9497
7589 9904
6741 8515
6283 9105
6792 8616
6760 8520
7492 9830
6194 8977
7565 9897
6145 9000
6333 9100
6463 8712
6914 8249
6501 8792
6570 8936
7502 9738
6644 8883
7006 8215
6521 8755
7950 9284
6316 9204
7720 9585
6453 8808
6495 8767
6509 8713
8088 9471
6205 9047
6724 8495
6774 8474
6657 8556
7938 9329
6710 8515
6487 8737
7708 9579
7823 9718
6730 8496
6309 9177
7068 8416
7975 9307
6814 8675
7863 9673
6938 8347
6785 8451
6606 8781
7101 8250
7922 9594
8108 9255
6624 8814
8173 9341
6877 8525
6476 8925
6736 8643
7849 9533
7966 9348
7639 9847
7651 9792
7858 9494
8186 9309
6645 8786
7513 9969
7828 9535
6829 8454
7121 8317
6900 8536
7166 8275
6454 8856
7058 8228
8019 9448
6511 8877
8063 9396
7571 9816
6482 8862
7542 9912
8037 9387
7122 8221
6587 8811
7766 9604
7882 9491
7582 9795
6900 8490
8027 9403
7079 8262
6457 8925
6813 8569
8038 9358
7984 9432
6354 9023
7135 8241
7638 9785
7670 9735
6147 9200
6315 9055
6667 8701
6255 9109
8092 9319
6399 8961
7803 9605
7499 9908
7216 8224
7175 8213
6467 9553
7202 8247
7821 8859
6613 9666
7496 8529
6641 9709
6769 9839
6545 9651
8191 9180
8066 9121
7200 8197
8052 9043
8090 9136
6480 9596
6605 9699
7673 8648
6639 9694
7408 8386
7385 8426
7294 8269
6248 9310
6334 9352
8063 9024
7755 8713
8042 9001
7839 8922
8172 9130
8046 8997
8099 9197
7364 8330
6752 9776
6656 9813
7552 8669
7256 8198
7665 8592
6618 9656
7373 8367
8143 9132
6216 9260
7008 9995
7610 8662
7996 9042
7295 8209
7411 8327
7625 8637
7178 8318
7968 9044
7620 8634
7632 8530
6385 9331
7972 9120
6800 9751
7785 8942
6504 9703
8025 9163
7739 8878
7264 8437
7338 8255
6329 9263
6823 9785
6651 9561
6403 9639
7923 8790
7975 9103
8119 8987
7497 8676
7666 8513
6608 9574
7782 8924
6802 9769
7509 8682
7291 8379
7476 8694
6533 9539
8007 9088
7310 8282
8165 9020
6657 9947
7471 8655
7884 8747
8172 8965
6590 9559
8115 9049
7699 8953
7738 8913
7626 8506
6611 9506
7821 8831
8168 8986
7720 8923
7640 8492
6594 9529
7356 8263
8188 8955
7529 8293
7872 9165
7676 8431
6153 9501
7313 8582
7096 9888
7937 8731
8081 8847
6389 9684
7374 8680
7340 8580
7564 8352
6996 9825
7177 8511
6583 9344
7800 9030
7970 8805
7855 9186
7484 8305
6927 9822
7381 8583
6251 9521
7473 8298
6977 9756
7894 9099
6487 9226
6175 9536
6549 9461
8071 8933
6450 9296
6585 9437
7360 8612
7092 9948
6499 9230
7237 8491
7732 9028
6212 9527
7986 8776
6270 9474
6991 9779
7399 8551
7629 8257
8111 8736
7283 8672
7782 9202
7740 9129
6376 9597
7345 8484
8066 8725
7939 8857
6287 9489
7183 8592
7040 9759
7028 9936
7597 8201
6611 9334
8103 8719
7442 8377
8096 8715
8036 8906
7369 8551
6292 9508
7281 8644
6962 9863
7245 8693
7064 9761
7831 9004
7766 9192
7572 8235
8174 8751
6292 9558
7007 9885
8124 8825
7852 9062
7988 8959
7779 9128
7464 8423
7690 9157
7363 8476
7025 9875
7695 9193
7474 8405
7428 8419
7684 9192
7169 8685
7086 9794
7486 8400
7412 8475
7504 8352
6182 9686
7422 8463
7807 9100
7917 8986
7174 8703
8013 8880
7566 8307
7067 9626
6890 9454
6815 9369
7825 8345
7572 9119
6974 9522
7926 8420
6406 10000
8124 8609
6814 9344
7407 8906
7762 8316
7864 8342
6714 9226
7167 9674
6817 9367
7156 9676
7204 8728
6983 9474
7285 8736
7943 8542
6816 9466
6387 9874
6383 9867
7701 8312
6320 9949
8174 8607
6227 9760
6787 9463
6283 9971
8089 8677
8127 8642
8055 8458
7913 8297
7887 8267
7141 9568
6806 9232
6868 9309
7918 8309
6377 9845
6783 9440
8155 8570
7207 8838
7429 9127
7710 8376
6299 9788
7865 8209
7707 8368
7727 8323
7686 8374
6386 9793
7548 9162
7373 8826
7724 8343
8061 8641
7582 8992
7428 9147
7118 9486
7155 9521
7921 8248
6181 9967
6297 9811
7937 8653
7046 9544
6192 9983
6228 9857
7945 8663
7200 8958
7275 8884
7605 9047
7819 8291
7868 8276
7909 8204
7735 8412
6729 9406
7283 8842
8098 8539
7977 8659
7009 9629
7337 8789
6746 9562
7590 8870
8038 8292
6627 9958
7599 8893
7327 9101
7093 9383
7487 8746
7718 8496
7655 8945
7259 9036
7512 8770
6852 9688
6585 9884
6847 9622
8113 8346
7185 9022
6871 9701
7440 8738
7239 9076
7471 8728
6536 9908
7265 8997
7378 9111
8059 8253
6508 9765
8122 8439
6704 9597
8162 8371
7108 9360
7820 8667
7153 9390
8118 8407
7273 8973
6423 9842
8142 8357
6484 9791
7378 9150
7677 8844
7836 8686
8009 8251
7804 8456
7600 8902
7163 9357
7440 8806
7627 8892
6835 9675
7611 8897
7422 9092
6429 9826
6548 9749
6281 9992
6719 9660
7141 9328
6794 9488
6636 9846
7547 8935
7536 8912
6600 9835
7701 8630
6691 9604
7057 9273
7014 9420
7406 9027
7259 9194
6562 9747
7362 9076
7445 8876
7425 8891
6618 9830
6865 9580
7615 8706
7605 8715
7818 8522
6907 9530
7861 8566
7427 8903
6841 9586
8010 8326
6984 9371
7763 8582
8080 8266
7330 9081
6735 9618
7830 8564
7633 8758
6642 9754
7594 8770
6737 9636
6923 9469
7119 9268
