1000 1001
172 173
212 213
838 839
832 834
713 714
825 828
147 149
154 156
673 679
448 455
938 941
932 940
324 333
800 809
598 607
928 937
672 681
849 856
289 299
439 445
708 718
516 527
996 1000
657 669
482 495
279 281
337 350
465 478
514 531
228 246
647 661
199 212
590 605
520 541
171 189
967 977
428 443
973 981
897 921
776 784
33 56
450 475
587 593
232 243
393 405
1 29
38 58
911 915
516 536
74 84
806 824
451 476
517 538
209 241
21 53
645 677
449 480
670 703
534 567
279 309
788 822
606 636
782 812
899 929
850 881
650 681
137 173
24 61
653 680
730 764
901 931
792 830
13 42
286 313
389 418
394 429
391 431
910 934
70 108
196 239
159 180
386 431
214 251
86 123
848 893
907 934
845 864
522 551
388 426
158 176
28 44
73 121
653 701
843 891
213 228
735 750
17 35
145 165
717 761
263 306
794 815
341 355
926 936
847 889
853 867
920 942
909 955
140 187
132 179
711 752
915 939
658 683
854 879
542 548
862 869
772 831
663 684
603 608
68 121
860 865
461 499
153 217
829 892
565 631
297 362
930 993
823 883
522 590
671 731
298 367
307 373
574 633
155 211
136 192
943 999
30 87
771 842
134 204
312 370
421 494
543 596
652 704
687 739
772 841
538 599
570 628
316 371
281 342
923 980
40 120
142 222
50 98
38 118
781 861
10 88
661 710
163 247
819 871
169 252
182 227
7 82
558 635
280 334
33 119
533 579
779 861
769 855
413 458
154 205
314 354
406 462
54 111
697 736
415 453
269 343
263 349
791 845
678 765
409 453
564 617
565 616
283 325
278 329
63 95
445 477
183 215
827 858
133 231
539 633
129 226
283 376
523 616
947 983
14 107
57 92
566 595
686 712
775 865
677 707
272 375
12 107
900 995
301 325
433 473
7 111
260 365
808 833
553 576
398 484
518 620
907 993
693 735
559 580
679 716
665 759
573 595
274 381
529 638
291 339
271 383
702 718
407 486
656 737
8 122
170 216
408 490
950 964
18 97
181 198
939 984
654 765
665 748
814 859
143 248
286 361
267 380
148 236
574 582
813 853
561 584
167 221
24 98
808 850
572 583
553 594
284 352
63 66
51 78
787 878
271 369
47 80
428 467
267 395
323 451
844 973
785 912
632 761
305 435
779 905
317 446
3 128
22 146
301 425
359 483
855 979
346 479
4 130
825 958
586 706
42 163
315 434
83 218
571 690
862 983
560 697
112 250
818 952
552 674
345 466
259 392
289 429
600 724
625 764
788 922
78 193
348 467
537 662
774 905
807 951
535 647
513 657
291 434
62 175
846 991
326 469
37 182
308 416
376 492
770 918
524 664
277 384
795 910
45 186
627 740
2 155
122 227
270 407
859 962
364 498
774 920
811 949
17 177
262 422
636 732
771 930
586 747
292 390
363 457
10 169
316 415
109 206
806 901
805 902
589 745
31 185
620 714
811 909
882 981
597 754
882 986
885 989
315 402
126 215
601 755
613 719
277 446
101 206
818 921
575 659
629 729
294 395
91 245
632 726
581 746
544 655
639 720
532 699
76 252
90 234
873 985
803 914
57 139
372 454
337 485
801 917
635 719
336 485
564 642
592 743
780 948
310 399
116 205
282 416
591 757
545 666
576 763
366 466
126 195
521 692
370 460
823 904
588 755
833 897
627 691
557 749
288 481
357 420
622 685
513 706
566 757
96 164
123 190
783 970
534 723
28 219
330 397
532 723
776 960
380 437
340 413
39 238
106 161
382 437
270 450
5 201
786 990
520 708
344 405
125 176
104 166
266 474
600 648
357 436
846 927
603 650
313 491
60 238
525 734
777 986
293 497
884 928
112 166
55 225
637 683
597 643
591 664
268 468
321 410
67 152
768 987
66 158
607 643
41 244
333 400
524 722
311 488
875 948
11 235
819 978
94 188
61 223
611 641
81 178
328 427
322 417
609 642
46 202
610 646
21 240
817 980
517 736
552 717
20 242
604 698
800 966
614 640
815 968
813 970
52 220
611 651
608 649
37 207
624 667
43 199
804 968
618 646
9 231
16 255
568 727
892 908
541 749
881 896
831 974
832 945
11 249
894 908
374 389
353 402
35 208
826 969
868 919
366 410
822 962
104 157
547 726
75 189
302 472
559 729
589 699
302 473
27 236
328 432
526 758
592 680
835 955
49 203
379 385
349 422
545 730
580 703
515 767
3 254
15 241
68 186
336 430
844 946
529 751
102 153
127 383
134 391
688 945
698 953
742 997
613 870
79 331
526 778
626 887
32 296
204 452
599 863
533 796
676 941
192 458
724 990
615 877
226 489
235 480
233 482
113 381
217 468
701 944
695 953
25 278
168 423
201 454
733 978
244 484
702 942
640 913
563 801
569 810
220 456
117 352
53 288
119 353
175 441
518 784
734 969
612 883
625 873
95 326
27 258
147 393
554 816
725 975
253 486
246 493
660 911
87 331
704 988
243 494
31 258
674 956
49 273
172 396
16 304
602 890
762 987
656 946
668 958
100 327
709 998
12 296
208 500
540 824
105 332
105 335
752 982
240 471
631 848
88 368
14 294
540 820
142 423
577 872
6 300
754 984
539 817
593 891
229 456
135 426
618 839
76 354
619 837
558 769
728 1000
556 796
542 814
165 404
128 433
86 359
678 916
103 340
80 355
760 971
673 914
69 368
254 459
727 994
34 276
575 777
623 857
13 314
610 858
130 443
740 989
670 935
59 257
548 798
641 954
84 360
694 906
187 390
523 821
546 797
598 790
72 265
763 954
159 476
658 977
746 937
519 836
198 387
585 780
602 799
29 347
144 470
716 906
527 840
573 890
23 351
127 311
79 261
70 269
116 312
129 463
81 287
56 374
682 996
722 924
43 356
89 265
99 306
251 425
660 966
140 479
693 998
605 782
85 256
555 894
101 307
83 260
711 912
715 924
145 457
102 318
634 802
741 957
77 276
26 323
563 874
649 976
255 421
748 951
578 793
567 876
141 465
85 264
52 362
93 259
230 440
174 496
19 371
6 358
71 295
216 440
223 447
237 397
69 292
138 491
682 971
547 834
113 275
133 487
738 896
721 947
124 287
137 490
224 387
120 284
75 303
512 869
615 770
200 430
544 838
521 878
62 342
626 795
614 783
515 874
193 427
250 400
715 929
577 810
156 496
617 773
39 330
638 787
131 493
767 913
48 351
110 257
114 285
655 992
211 419
634 778
629 773
90 299
713 952
20 358
225 403
184 459
672 979
688 963
25 365
194 438
528 868
621 793
536 876
174 475
512 885
695 961
48 327
696 975
197 444
766 903
164 478
229 414
207 436
97 282
561 842
179 462
530 879
549 856
747 918
230 408
669 994
760 888
248 377
210 339
753 880
712 841
555 938
2 384
203 329
645 775
188 319
537 922
568 956
15 394
222 347
8 398
194 324
758 880
19 411
218 338
585 961
587 963
525 900
71 461
180 318
731 849
202 321
756 895
93 464
184 309
663 794
91 469
667 789
742 872
30 401
103 488
150 262
196 341
743 886
766 877
46 442
162 310
214 322
689 805
224 373
690 807
744 893
601 972
720 837
191 297
162 308
738 884
157 266
543 904
45 438
604 967
232 372
739 895
675 830
34 444
177 303
22 392
249 345
648 809
759 854
514 931
668 829
178 272
51 401
167 261
519 933
549 903
26 441
73 492
54 403
58 412
578 997
651 812
132 300
721 889
694 798
197 364
1 424
700 789
94 500
100 463
74 481
210 382
135 298
18 447
109 448
115 477
72 487
689 768
64 498
65 499
190 268
550 916
560 898
709 887
662 804
535 932
23 419
148 290
741 851
183 256
171 275
239 343
666 802
557 917
99 474
44 406
654 820
630 972
108 464
531 943
744 852
621 976
50 396
59 388
728 871
733 866
686 785
64 386
5 455
242 305
151 338
9 460
691 886
124 442
622 936
139 332
551 992
161 361
106 418
150 350
628 957
247 317
584 898
36 495
637 950
221 273
233 293
60 497
36 489
750 803
725 792
619 933
596 923
762 821
170 378
141 348
582 919
732 781
530 960
692 870
114 417
82 385
55 483
612 944
751 827
685 888
151 320
644 851
570 995
572 999
671 836
4 472
146 335
185 356
644 857
181 363
579 925
528 974
136 360
253 285
583 935
588 940
195 290
125 409
32 452
219 319
191 346
237 264
546 964
569 991
609 902
168 320
675 843
40 449
152 369
556 965
144 378
67 424
753 797
623 899
245 280
160 334
117 411
89 439
115 412
652 867
110 414
550 982
676 852
684 860
696 840
65 432
705 816
659 866
138 377
554 985
737 786
700 847
96 404
209 295
745 799
160 344
143 375
234 274
92 420
200 304
131 379
47 470
118 399
149 367
581 959
710 828
705 826
77 435
41 471
571 965
266 772
503 988
511 959
504 949
508 925
509 926
506 927
509 875
502 864
505 863
506 835
510 790
504 791
502 756
503 707
507 687
501 639
508 624
505 630
507 606
501 594
510 562
511 562
