1000 999
374 375
569 571
984 987
587 591
720 725
706 708
577 583
626 632
289 299
880 892
182 185
206 220
131 145
968 986
740 752
425 444
161 183
932 946
550 561
96 120
781 789
877 884
514 543
591 593
680 694
266 277
330 363
581 609
645 673
94 123
341 371
453 482
135 175
16 58
515 552
12 32
532 569
269 290
272 288
81 96
346 360
843 889
207 252
79 124
26 41
208 228
216 225
516 573
730 739
209 239
581 635
141 178
723 748
901 964
529 592
14 79
33 99
285 350
906 975
272 342
427 493
442 509
786 858
778 835
58 113
395 448
139 197
413 467
898 973
438 487
544 626
308 358
900 983
566 610
518 594
43 127
263 338
19 69
669 714
440 495
181 235
530 589
652 751
520 622
261 355
303 329
949 978
809 834
56 83
661 761
305 348
24 118
941 989
5 116
259 369
307 321
316 335
24 108
28 105
926 1000
676 732
157 228
179 202
277 367
389 511
554 599
595 721
347 472
85 214
851 976
29 158
320 451
121 252
854 979
372 499
1 134
790 927
596 728
515 654
817 959
877 994
876 995
63 175
776 921
89 200
90 200
576 724
862 971
32 182
51 164
523 656
294 442
338 462
74 235
589 748
883 977
598 757
539 696
295 387
105 204
558 651
774 943
819 922
886 991
771 938
347 497
352 459
513 682
540 689
337 511
519 681
526 672
324 491
380 460
516 692
633 715
612 727
290 401
807 915
555 670
113 207
559 657
622 687
87 150
358 419
27 221
891 957
588 644
125 180
575 757
787 984
637 689
786 991
621 675
2 205
895 943
788 965
84 133
547 754
620 703
817 998
51 234
831 996
868 959
827 999
629 681
309 488
86 139
583 666
102 184
97 129
378 410
777 1000
282 505
309 470
262 483
804 963
75 163
375 414
91 176
359 396
123 144
357 393
590 674
312 469
608 654
266 484
382 400
343 440
836 939
590 673
542 750
533 740
368 385
376 394
858 936
257 498
850 935
587 701
553 734
279 495
56 193
822 972
64 186
639 645
537 738
332 439
92 160
115 143
36 219
620 659
214 468
40 298
203 457
544 802
66 327
521 780
674 933
140 395
153 401
116 381
46 295
15 261
623 864
52 294
17 258
638 874
208 454
9 287
254 488
726 975
570 803
154 387
718 980
599 844
721 973
144 398
573 797
254 479
204 494
7 293
64 354
519 805
529 821
600 894
100 322
125 341
109 325
619 834
4 303
197 489
246 475
187 406
758 985
588 892
104 345
3 306
122 328
617 859
117 326
72 379
755 967
605 873
146 422
652 953
66 372
73 383
240 456
249 449
695 909
176 394
50 265
753 970
624 844
60 257
211 493
167 408
100 292
705 897
154 478
579 773
719 905
551 865
714 909
231 416
101 301
9 323
70 268
662 989
249 434
11 320
22 346
39 362
130 463
717 896
553 871
513 846
758 934
109 316
760 937
643 976
142 475
162 500
534 833
114 298
243 427
711 925
718 917
649 981
578 796
570 869
607 831
223 445
606 828
700 990
198 421
567 852
25 381
726 944
199 416
683 963
191 470
564 863
178 473
126 275
526 864
764 915
23 356
219 430
136 510
639 777
213 418
76 308
514 890
522 882
593 810
222 421
701 961
735 931
625 781
539 870
528 912
561 947
668 799
255 380
715 847
143 267
6 399
91 465
161 299
108 481
598 987
25 404
684 801
247 377
151 263
187 297
17 391
684 826
631 992
709 850
534 910
121 481
641 793
729 832
170 304
741 891
44 435
655 811
759 848
233 334
737 841
690 792
20 446
731 887
73 485
640 812
586 999
195 365
549 907
734 881
221 365
523 955
685 797
77 508
170 281
533 929
226 342
699 783
184 268
242 324
212 364
695 782
112 457
766 839
205 369
762 838
167 283
68 506
230 344
192 382
702 769
551 920
52 500
737 801
512 960
12 461
612 934
749 814
549 998
708 769
722 791
705 772
103 417
646 832
133 322
548 995
5 450
694 894
82 410
132 334
601 914
190 373
646 842
616 932
662 856
177 383
101 426
30 462
80 384
55 484
42 505
628 935
754 806
576 919
74 403
118 429
635 933
60 476
736 768
634 923
88 443
35 455
224 262
600 944
641 873
760 784
619 896
142 354
93 433
163 335
245 280
217 311
47 448
35 466
586 955
222 301
135 371
19 486
671 871
189 327
632 898
617 916
199 313
191 321
77 434
432 945
296 810
10 527
141 651
82 602
260 782
318 816
2 530
284 780
407 902
379 874
476 974
169 699
344 843
6 528
255 745
386 922
283 770
220 709
131 666
37 574
37 571
339 845
152 647
503 981
317 799
145 691
253 728
215 753
69 610
267 812
38 527
193 744
83 634
494 964
329 866
194 749
156 691
297 793
274 803
349 879
492 990
26 558
146 678
27 557
237 730
360 848
256 824
132 700
300 790
250 704
282 806
48 525
104 597
353 860
227 733
212 746
459 911
218 671
486 929
466 917
166 750
106 546
293 876
226 683
480 937
391 972
50 636
415 977
377 823
330 773
460 924
211 642
210 640
461 921
271 859
318 875
149 704
36 625
166 752
152 719
97 568
31 582
41 624
244 686
120 547
119 554
237 688
393 983
172 716
201 680
302 847
479 958
271 878
106 520
15 621
151 756
478 957
59 607
285 889
473 956
86 563
227 650
397 993
428 960
339 830
57 585
124 524
345 809
284 879
63 585
38 606
489 913
437 969
173 720
179 717
216 679
276 916
492 878
273 914
286 925
54 690
157 536
21 658
423 815
420 813
140 517
158 535
162 552
94 724
406 794
134 522
122 759
408 789
130 524
110 766
117 743
412 776
233 637
201 604
115 741
310 942
62 679
454 863
13 660
400 778
173 567
71 732
243 616
279 906
319 930
409 775
431 816
432 785
419 770
502 855
49 663
138 556
78 742
45 644
306 923
129 557
53 667
364 962
296 903
34 653
147 572
504 855
31 687
67 755
471 870
241 579
471 869
95 747
270 954
452 881
45 664
355 982
477 872
403 804
449 886
496 840
270 948
443 775
304 910
65 643
217 538
370 951
414 857
40 736
356 940
234 546
65 648
510 823
502 829
389 841
328 902
251 565
128 592
348 908
450 787
57 746
469 774
286 969
343 911
405 845
388 860
128 601
477 772
399 853
188 615
429 883
455 792
315 996
165 580
196 550
54 722
30 763
336 950
333 938
464 825
453 814
392 867
137 613
72 676
437 856
361 903
435 835
232 540
136 638
13 762
411 866
103 669
445 839
114 649
350 930
90 678
420 857
373 904
447 833
55 713
171 597
10 756
417 862
333 946
404 661
428 685
439 693
194 961
407 660
76 840
33 807
446 697
172 939
61 820
278 541
23 796
236 994
485 747
111 865
102 872
280 535
313 555
241 997
68 849
181 928
213 962
370 613
487 767
148 908
248 993
386 665
311 556
292 568
501 725
168 905
314 536
472 765
49 788
340 627
264 559
310 542
250 978
422 655
409 688
331 608
238 965
497 733
357 584
16 800
138 953
39 785
67 885
302 537
396 693
307 521
240 971
85 875
238 942
215 918
337 531
464 658
509 702
18 849
89 794
390 706
305 628
196 897
376 575
504 703
423 751
499 697
425 739
92 791
269 577
236 931
147 988
274 605
159 974
210 899
111 829
456 667
248 941
99 821
465 647
93 779
87 783
507 675
362 560
98 825
388 729
47 882
506 677
229 901
180 980
3 867
71 805
53 851
430 712
273 630
177 982
59 853
264 614
231 918
480 657
326 564
467 672
70 818
289 596
325 563
451 692
7 895
198 958
81 808
438 716
62 837
244 904
160 988
426 727
323 572
4 900
153 795
433 562
164 800
351 731
224 868
317 696
183 830
490 611
21 924
247 893
88 979
331 711
392 517
498 636
436 548
61 940
42 952
378 744
259 656
168 827
209 837
361 764
300 698
359 767
412 518
353 763
278 650
265 663
159 768
48 912
20 949
363 713
315 664
319 668
349 761
366 712
185 798
28 950
150 826
336 765
218 884
18 956
156 818
44 899
501 602
174 798
291 659
239 861
203 888
84 992
155 815
374 707
424 541
1 948
281 686
314 653
110 985
258 698
126 966
482 603
242 846
463 627
232 852
474 614
444 512
34 927
149 808
14 945
46 913
253 828
8 970
483 545
107 936
431 618
189 888
127 954
256 710
398 584
458 525
95 920
29 986
229 813
340 670
367 677
11 966
508 562
80 926
119 952
137 838
112 928
22 967
155 842
165 887
174 893
418 631
332 665
397 603
402 580
225 822
458 531
312 738
260 735
491 560
171 880
107 951
169 885
75 919
415 578
424 630
490 565
405 629
251 795
468 566
503 532
447 604
190 861
384 611
43 968
507 543
230 771
206 811
291 710
245 784
352 648
202 802
98 907
441 595
496 538
188 854
402 633
441 594
390 618
223 819
366 642
8 997
148 890
385 623
436 582
276 742
288 723
351 682
195 820
287 743
192 824
452 574
411 609
275 745
413 615
474 545
246 779
78 947
186 836
