100 100
30 31
90 91
65 67
34 38
26 31
41 46
83 84
49 57
5 12
85 94
52 63
69 72
3 14
87 89
1 14
6 9
34 45
44 62
39 50
13 27
2 20
10 29
74 93
8 16
32 58
2 25
78 82
5 24
18 50
30 63
11 41
3 33
7 36
69 97
28 57
9 44
19 52
22 59
8 38
21 37
25 43
11 56
91 99
12 53
89 99
16 42
24 36
28 32
26 88
4 71
37 97
23 83
22 92
40 98
17 93
27 86
15 65
13 66
45 98
4 81
10 95
54 96
15 88
20 76
6 92
17 77
23 74
21 75
19 77
1 94
62 95
51 82
35 66
39 68
7 100
43 67
61 84
51 90
46 68
56 86
33 79
47 64
58 85
48 64
54 70
60 76
53 71
61 78
35 80
59 79
18 100
49 73
60 70
42 80
48 75
29 96
47 81
55 73
55 72
40 87
