100 101
61 63
40 43
85 86
80 83
2 6
11 15
88 92
10 12
41 47
64 70
5 13
32 42
17 27
19 25
21 31
51 57
38 45
7 12
36 47
51 56
3 14
32 45
22 27
79 94
69 84
72 89
4 22
75 89
67 81
1 18
66 81
14 26
10 30
7 19
65 85
72 92
73 95
5 18
74 93
42 50
71 95
78 87
8 20
1 29
71 91
3 28
9 41
65 99
67 97
64 100
23 49
69 99
23 48
13 37
6 44
75 96
11 39
15 34
4 43
2 50
82 98
16 33
31 46
21 36
82 96
83 97
20 39
87 100
25 46
16 40
9 49
8 48
26 35
91 98
28 38
24 34
17 44
24 37
29 35
30 33
25 69
52 86
62 93
57 90
53 80
62 88
60 90
55 94
61 84
53 70
58 79
63 74
58 76
59 77
52 76
60 68
55 78
56 66
54 77
54 73
59 68
