100 118
94 95
84 85
30 31
76 78
72 74
81 83
53 55
97 98
61 62
10 15
74 79
1 9
6 15
66 73
55 59
87 91
37 41
3 14
18 28
48 63
21 26
18 29
77 93
33 49
68 85
32 50
8 26
5 17
12 24
36 49
40 61
8 29
70 80
77 91
64 87
33 54
68 93
71 94
11 16
79 83
35 62
7 25
71 89
40 54
39 56
8 23
17 49
3 35
30 62
29 63
22 53
69 97
2 38
70 98
19 59
7 46
25 51
22 58
2 47
16 32
13 60
5 55
86 100
26 46
23 34
1 57
1 58
4 57
19 45
10 52
94 96
21 43
30 33
28 93
4 66
9 79
13 74
6 78
28 86
4 78
31 84
11 70
20 89
44 99
27 75
18 67
24 73
14 90
48 100
52 99
28 64
57 100
12 82
45 76
37 65
46 72
35 69
56 81
43 65
60 82
48 95
50 67
39 86
42 88
53 71
42 89
36 80
20 96
44 88
47 90
51 69
20 98
40 94
38 92
29 99
34 92
52 75
27 100
