1000 1000
656 657
316 318
493 494
304 309
489 495
211 213
472 479
448 456
641 648
836 846
901 911
341 351
611 617
2 9
534 538
848 861
322 335
724 731
589 605
527 542
330 347
68 85
620 639
877 889
358 368
527 536
292 307
967 976
397 405
300 309
486 508
160 187
426 433
393 405
34 61
780 815
591 620
415 443
412 442
192 231
710 737
278 305
843 866
541 564
469 511
273 314
585 612
733 754
7 40
896 946
26 46
387 439
270 312
662 673
659 682
269 308
5 62
522 561
790 810
717 752
336 365
80 109
924 929
326 376
142 177
276 299
264 311
520 584
140 204
21 81
909 969
265 332
155 222
157 219
932 995
392 450
281 339
552 610
555 608
169 226
802 878
769 847
644 715
421 503
403 449
422 501
178 225
920 973
262 336
179 228
424 499
686 755
909 976
571 613
262 344
516 602
819 876
824 871
905 1000
901 999
535 629
141 232
276 370
294 320
164 195
46 73
177 219
428 448
409 501
436 474
25 118
387 492
315 331
815 861
789 865
685 730
935 987
45 81
676 728
554 599
139 245
51 76
351 478
35 161
582 709
519 643
99 230
42 172
838 960
856 990
537 671
283 412
310 446
56 176
602 722
356 492
618 739
828 949
619 736
284 402
854 985
321 462
381 498
792 904
379 491
538 649
84 199
357 497
31 139
125 232
366 507
372 481
264 414
606 713
70 223
839 986
74 215
281 391
636 738
887 981
24 187
72 236
120 220
788 945
119 210
832 998
340 509
518 685
84 250
772 939
806 918
30 175
553 666
91 238
883 965
29 170
540 683
44 148
59 131
104 208
864 988
636 704
785 940
633 711
575 640
86 233
321 510
325 388
566 759
91 154
38 229
12 201
98 164
119 176
628 691
362 418
796 982
328 386
100 175
15 196
302 482
359 427
94 147
530 735
65 143
577 659
297 507
112 163
634 687
257 468
590 664
577 667
97 186
859 903
102 184
609 703
580 666
333 429
371 401
374 404
343 435
101 128
261 480
517 739
116 146
98 133
280 496
353 392
30 244
20 254
105 153
869 916
823 966
286 493
840 957
267 509
11 241
825 962
370 398
852 937
514 765
731 986
69 324
630 884
227 487
150 403
652 906
716 970
11 268
25 273
516 781
595 858
583 845
704 970
103 363
669 912
27 277
692 955
89 342
33 305
221 463
152 394
587 856
536 780
569 813
207 474
663 898
195 475
90 320
547 831
640 925
690 943
212 458
65 350
252 476
651 938
585 875
551 771
522 812
657 951
188 411
542 822
248 464
635 851
605 885
635 850
560 793
758 991
14 293
37 270
696 915
218 500
629 858
764 972
171 408
237 473
108 345
146 423
131 438
28 297
767 968
529 809
247 457
40 279
198 389
78 269
725 918
759 946
619 814
44 362
107 300
647 975
22 350
136 449
132 461
626 830
561 893
742 939
523 837
239 416
23 326
549 881
203 415
242 423
181 483
155 460
726 910
621 823
552 882
760 932
581 792
698 999
32 381
184 486
623 816
709 922
733 953
140 491
688 985
36 334
181 479
586 801
95 306
632 791
234 410
675 978
555 857
524 894
762 911
573 840
741 915
695 975
239 407
188 453
714 947
689 971
69 319
53 334
680 982
625 782
514 899
658 787
101 487
655 781
689 821
199 323
545 933
193 324
127 505
133 259
63 440
572 948
116 508
652 773
67 456
749 870
745 869
17 413
525 897
192 333
75 453
117 506
737 880
747 889
748 888
251 367
725 833
705 852
601 974
105 510
594 971
129 282
645 798
670 770
230 378
152 260
684 818
723 844
553 950
513 929
243 337
576 994
665 829
203 367
747 846
64 485
126 472
121 465
701 788
679 782
721 891
589 998
17 445
699 790
3 428
543 944
654 801
240 323
554 926
720 868
540 936
47 410
86 483
760 847
613 989
692 783
10 439
766 832
603 921
163 353
183 373
180 375
606 922
677 865
646 835
697 895
198 271
124 437
1 459
701 881
243 317
217 265
19 451
185 361
718 799
754 800
632 940
676 880
593 900
649 863
761 814
515 980
202 274
578 923
134 349
79 404
206 274
579 926
112 431
513 990
253 285
36 452
48 465
252 285
130 352
157 382
734 829
592 947
743 771
54 466
740 768
576 934
594 949
223 312
249 272
228 271
132 360
141 355
248 278
603 948
663 871
719 830
95 430
604 942
41 475
593 930
166 341
610 917
148 364
607 934
684 848
173 337
171 343
758 778
762 773
57 454
51 563
235 745
395 904
384 900
43 557
378 893
50 570
5 525
218 723
390 908
45 544
385 908
328 838
26 533
374 870
338 834
31 526
216 715
145 642
375 867
166 691
190 683
447 937
432 935
244 750
118 618
354 895
170 693
134 678
345 888
382 859
209 756
301 779
402 954
266 803
159 694
60 533
393 931
332 866
55 519
201 761
466 994
303 797
41 541
299 798
2 570
484 988
168 656
15 565
329 883
369 842
76 631
178 654
149 681
90 615
494 979
114 588
481 991
255 702
399 973
125 574
407 980
180 753
287 857
383 824
57 625
75 512
64 523
135 712
292 875
245 677
174 767
289 884
455 913
498 933
123 547
174 756
298 886
60 609
348 828
421 964
482 902
287 890
424 974
138 738
48 601
279 894
186 724
1 623
425 984
431 989
197 695
211 673
288 853
80 550
462 952
307 836
495 919
72 560
470 943
458 944
298 854
82 559
380 770
200 584
253 637
162 546
442 825
283 927
295 930
451 843
189 565
427 802
156 534
249 627
446 821
409 786
425 804
115 765
490 868
182 551
54 679
27 650
6 660
173 569
313 941
477 841
73 732
92 713
160 566
161 567
319 936
268 923
71 735
272 905
291 954
436 808
92 705
224 639
70 729
99 706
123 730
12 686
311 917
241 595
224 579
107 719
3 678
504 862
8 687
416 775
214 638
363 963
275 955
484 845
335 996
302 899
420 777
413 819
24 694
67 748
115 707
37 661
417 784
464 867
398 826
165 531
396 827
490 850
361 979
511 837
236 598
158 549
83 751
260 952
372 968
93 736
66 764
346 997
380 963
144 559
282 987
172 621
194 512
502 818
259 967
411 862
293 992
234 556
102 672
4 707
9 718
379 956
14 710
250 563
220 535
389 842
87 664
137 582
78 670
28 716
366 959
214 517
327 916
304 997
111 698
106 700
373 931
441 879
329 927
63 744
193 537
357 956
121 675
207 532
208 524
418 892
93 642
49 721
506 795
22 755
150 627
254 539
222 568
463 809
246 528
23 753
460 811
258 1000
426 833
313 981
122 662
122 661
100 660
191 591
183 583
209 545
151 614
288 978
432 835
162 598
344 942
47 727
33 729
61 708
385 890
476 807
217 548
237 531
137 631
96 671
82 851
117 887
505 763
280 539
457 717
111 874
158 920
358 622
284 532
322 587
113 891
113 892
151 902
53 804
120 873
215 965
59 808
461 728
315 557
246 992
50 805
79 855
210 969
450 734
489 757
459 727
383 611
135 921
500 746
7 793
386 669
296 567
377 600
231 966
485 711
266 558
35 774
144 950
130 938
354 586
348 624
238 962
10 806
429 643
331 612
38 777
420 651
233 984
477 751
447 653
179 903
397 697
88 877
441 655
267 562
306 520
39 797
43 784
6 826
360 596
417 668
128 958
338 530
74 778
71 774
290 608
94 796
339 529
124 831
212 912
499 699
58 882
384 714
156 983
138 961
19 863
85 794
221 914
4 853
97 816
62 876
83 769
8 860
145 964
18 839
153 972
467 645
225 951
368 550
401 712
377 544
136 977
205 919
352 573
340 521
488 648
216 953
310 597
504 668
286 634
440 732
399 746
400 757
443 722
308 600
127 787
277 633
467 702
13 864
289 588
256 624
502 644
396 766
349 558
106 799
34 855
16 872
325 572
77 820
114 779
16 873
295 604
452 703
103 795
20 872
390 763
104 789
471 680
191 960
263 647
247 886
147 786
469 596
356 742
445 571
291 681
473 597
257 653
314 693
18 925
190 817
470 580
213 834
496 617
296 690
42 945
318 674
204 849
154 772
32 959
256 674
29 958
143 812
149 817
182 785
168 783
365 708
77 996
196 879
194 878
444 528
39 907
49 924
142 800
242 860
497 607
167 776
400 575
167 791
471 615
13 957
438 518
430 543
503 581
454 628
395 568
87 995
229 849
347 750
444 521
55 897
129 822
394 562
88 993
52 910
406 556
290 665
364 720
414 546
261 696
165 794
371 688
355 672
437 630
327 641
301 741
189 885
227 810
303 740
240 827
488 548
317 752
109 928
235 805
206 768
342 646
419 626
255 813
185 874
159 841
434 616
468 526
89 898
419 638
263 743
478 574
388 614
66 928
52 983
435 592
480 515
294 706
110 906
169 844
434 599
408 637
197 803
205 811
422 590
68 941
56 977
391 622
369 667
316 726
226 776
96 907
108 896
126 914
200 807
258 749
346 682
376 650
455 564
433 578
21 993
359 658
330 700
275 744
58 961
251 775
406 616
202 820
110 913
