100 108
92 95
97 98
25 29
74 78
32 39
43 44
66 72
18 31
4 9
66 79
83 93
6 9
85 90
67 82
79 92
7 19
69 81
78 91
37 51
68 83
47 55
70 94
42 51
33 58
45 49
47 49
64 96
26 59
23 53
28 63
15 44
14 42
5 34
30 57
18 53
25 48
19 63
3 46
7 41
16 62
22 56
18 32
10 56
17 34
86 98
24 45
8 61
22 35
17 39
16 38
23 33
85 98
12 52
31 38
26 35
90 97
27 36
18 45
10 72
11 77
30 89
28 84
4 76
15 71
46 100
1 75
20 95
21 94
13 65
27 86
11 70
24 87
5 85
50 99
21 68
20 71
54 99
14 88
52 98
2 85
29 74
8 80
1 89
3 88
60 97
12 81
6 91
62 97
2 96
53 87
59 93
43 76
13 100
41 64
48 90
40 67
60 80
53 89
58 75
50 65
57 77
45 89
37 82
61 69
40 84
55 73
36 90
54 73
