100 100
22 23
46 47
5 7
41 42
69 70
44 47
48 54
11 13
51 53
85 93
66 74
32 41
51 57
67 73
3 15
85 88
7 8
20 27
35 49
65 82
12 26
70 81
43 60
68 92
13 22
74 86
36 57
73 87
33 62
39 56
68 100
2 35
24 58
30 58
3 37
6 33
14 38
31 54
18 59
21 63
9 34
29 48
24 53
17 63
15 60
20 39
25 45
16 40
16 43
28 32
95 97
18 83
27 90
23 86
34 99
14 72
10 76
4 66
19 84
10 67
26 81
4 79
19 94
21 91
12 92
8 90
1 82
50 100
5 83
28 75
52 99
1 88
30 71
2 89
29 65
61 97
11 87
61 96
17 79
53 84
42 78
6 98
52 80
38 77
45 64
50 93
56 76
55 64
40 95
44 91
49 72
25 98
62 69
37 94
55 75
59 71
36 89
51 78
46 80
31 96
