10000 9999
1084 1085
3084 3087
5096 5099
693 694
4817 4820
5491 5494
1544 1551
8554 8557
4709 4717
5991 6006
6892 6910
5959 5972
7465 7482
7014 7027
5538 5559
457 476
1164 1178
8611 8628
712 721
9827 9848
3140 3161
425 436
1225 1256
3470 3503
8833 8867
8268 8302
3917 3951
1234 1265
5962 5993
5330 5366
3402 3439
3591 3618
3357 3381
6343 6383
925 948
8516 8558
4303 4324
4379 4407
5978 6004
7306 7355
8449 8499
9176 9194
2394 2409
8411 8429
7118 7161
9695 9703
143 181
9562 9569
1491 1519
6814 6818
7506 7535
8644 8698
8738 8802
3715 3779
2079 2141
2710 2772
9217 9284
8984 9054
9621 9683
4276 4338
7583 7640
5254 5325
6932 7007
165 233
2466 2542
4282 4342
1567 1618
7702 7771
4019 4093
403 477
1705 1766
3901 3949
2868 2918
9787 9833
7446 7490
9406 9451
5170 5220
5409 5494
6317 6394
7054 7124
9728 9818
4375 4427
9399 9450
3389 3424
1543 1625
8765 8802
5266 5325
3379 3409
8322 8416
2949 3043
8366 8393
4629 4722
3982 4073
6926 7017
1840 1880
4796 4822
4364 4454
4227 4335
4526 4546
1702 1737
5646 5729
1667 1778
4150 4167
1040 1122
5653 5735
8359 8404
4511 4587
8588 8699
2440 2544
572 581
2570 2672
5307 5318
9019 9029
5430 5448
1310 1377
4944 5074
1570 1696
1578 1705
8228 8352
2884 3008
6514 6647
2357 2483
2352 2487
4416 4551
8461 8586
9304 9424
3658 3778
773 909
9817 9936
8462 8583
2841 2960
7015 7149
2384 2522
1142 1277
3349 3486
2321 2460
3098 3220
8966 9096
6953 7078
1586 1699
4371 4482
5713 5824
6931 7042
6695 6837
8014 8156
9532 9646
9518 9661
1380 1520
102 240
6221 6357
7021 7156
4352 4505
1324 1461
3634 3758
8218 8327
6011 6118
6955 7093
8569 8678
8521 8682
2904 3068
2052 2208
1605 1763
6942 7097
7977 8065
5657 5808
8980 9151
4462 4549
7992 8084
594 764
2640 2814
1378 1485
2312 2490
3167 3308
5426 5505
1640 1755
6270 6349
7698 7846
2572 2746
7536 7623
4393 4510
5240 5313
5729 5848
1632 1754
850 1000
7791 7893
3707 3776
8208 8366
2631 2809
4374 4567
4967 5029
4429 4495
4690 4752
4141 4329
4735 4794
4679 4737
5174 5374
8530 8600
7527 7597
7487 7669
7717 7918
4866 5070
4675 4751
7455 7634
6709 6907
7440 7646
3609 3798
8005 8085
3960 4009
8705 8912
840 922
1607 1685
5915 6095
4657 4836
9846 9891
349 395
9494 9665
5717 5773
7214 7415
3095 3277
4891 5063
5413 5624
2633 2711
2855 3064
9288 9384
2572 2796
4223 4254
7695 7918
5679 5836
39 195
8782 8875
1631 1720
861 949
8277 8381
2568 2787
4222 4245
820 986
1303 1529
9590 9625
8512 8624
3689 3737
5417 5592
4983 4995
7774 7850
2390 2464
4214 4224
6450 6597
611 660
2606 2774
9745 9961
5247 5254
119 141
3962 3969
8213 8425
9571 9631
7543 7562
808 983
9463 9719
8878 9133
7783 8036
7781 8033
7397 7648
5327 5578
4633 4881
9738 9987
1165 1415
1070 1314
7367 7626
6844 7090
6808 7063
5125 5386
1649 1889
7388 7629
4242 4483
8858 9097
6153 6429
2755 3031
7853 8120
5855 6090
6700 6970
1051 1293
8889 9121
6164 6412
9363 9610
1697 1978
1049 1286
3294 3521
7408 7663
5697 5985
3323 3545
6392 6620
5350 5569
9228 9508
1121 1352
6383 6598
9341 9559
7419 7632
526 802
4270 4480
2233 2455
1032 1319
6227 6498
3775 3981
3150 3452
4151 4357
7773 8041
3232 3476
6264 6477
8219 8483
5653 5932
3170 3419
9238 9517
8358 8602
8738 8991
5711 6000
154 474
571 890
2122 2315
6370 6560
8283 8473
8881 9202
2582 2901
9417 9610
9364 9681
244 434
4216 4400
9252 9581
6885 7086
9439 9619
3735 4056
2714 3016
5842 6026
1536 1883
8801 9020
4849 5038
5319 5543
1709 1996
726 951
2743 3029
7906 8064
5676 5967
1561 1917
3289 3516
3175 3330
2139 2364
7220 7507
8384 8616
7694 8038
8323 8681
8718 9060
71 300
158 501
4307 4543
1702 1995
580 810
1207 1496
6317 6594
8889 9161
1776 1920
535 867
6732 6970
1612 1844
682 979
662 1005
2181 2555
4636 4963
3268 3515
5134 5516
2589 2974
1542 1925
9307 9694
7365 7488
254 376
5230 5609
4844 4965
1150 1524
560 954
2209 2346
729 853
737 877
4724 5113
7232 7630
7366 7511
8891 9001
1656 2026
1701 1842
4731 5090
4755 4872
4264 4403
4250 4358
7275 7670
2231 2345
8821 9195
537 902
3610 4026
3694 4047
6172 6589
7285 7639
75 489
6192 6546
2216 2314
6785 6946
8733 9141
7810 7978
702 790
5697 6120
9888 9993
8222 8628
6904 6995
3286 3453
629 990
7794 8159
2609 2972
2276 2377
1653 2008
1581 1923
7932 8019
9428 9572
9410 9587
8253 8588
7351 7429
3324 3407
1646 2011
8263 8690
8869 8976
8227 8597
6843 6925
7887 8056
2588 2987
9354 9522
9351 9533
2567 3004
1215 1283
2301 2369
3790 3955
9420 9586
7176 7624
6839 7031
3807 3870
3733 3924
4123 4570
5127 5571
8724 9170
8707 9157
8430 8489
7327 7512
3713 3913
3180 3493
6779 7089
6686 7122
2193 2397
3316 3385
5195 5509
4712 5048
5144 5579
8281 8586
5640 6108
6315 6527
2215 2416
4625 5065
6158 6614
5867 5938
7233 7580
9319 9657
563 978
9964 9998
4676 5030
6288 6515
4639 5111
5342 5431
7225 7635
8208 8701
8782 9123
3765 3928
3241 3399
2175 2446
6766 7068
556 985
5307 5453
3242 3410
1200 1352
6729 7091
1140 1416
3768 3909
9266 9679
5326 5424
2080 2526
8395 8500
1186 1373
4364 4876
8316 8828
5429 5940
4420 4933
1141 1655
8223 8731
7363 7878
1171 1686
5420 5931
2332 2843
1024 1545
4475 4978
8475 8978
3111 3628
4315 4816
5537 6061
262 779
5490 6013
1216 1743
6311 6824
6554 7050
6291 6786
146 643
6580 7086
5253 5784
8455 8986
2361 2854
2520 3015
4524 5004
9393 9872
5439 5916
3301 3777
3109 3584
3465 4012
9333 9810
8544 9031
6471 7022
7379 7928
4386 4873
3265 3818
8608 9099
3513 3989
7197 7728
5374 5843
1503 2033
7418 7882
7389 7913
211 742
153 687
4269 4763
3405 3963
39 543
7318 7854
111 599
4333 4823
8551 9048
4578 5085
2164 2612
7473 8049
8629 9205
4229 4804
3088 3665
7270 7716
3407 3852
3108 3680
292 864
7403 7854
3275 3726
5303 5874
2274 2725
2300 2740
6454 7039
7192 7762
7302 7885
7549 7985
6555 7126
2429 2864
6326 6904
2300 2738
4299 4740
317 877
6540 7132
6169 6731
7391 7820
3495 4084
2162 2596
8489 9087
1348 1821
2293 2734
4243 4808
8655 9107
6253 6707
9570 9987
8247 8789
8658 9137
6379 6792
5136 5748
7569 8181
2236 2777
77 552
4138 4687
4253 4853
7485 8020
8290 8712
8599 9211
7585 8143
5171 5724
3537 4030
353 782
220 686
182 708
7662 8090
7352 7885
1079 1601
1222 1713
9453 9876
6310 6876
8575 8965
510 901
1426 2030
5181 5699
5533 6115
5470 5921
8354 8739
4116 4757
8339 8721
405 790
6382 6763
1458 1847
8661 9040
117 755
85 722
9442 9834
175 550
5138 5790
3409 4060
4168 4805
1044 1690
7595 7972
2086 2742
2118 2773
1106 1729
3123 3751
3296 3700
1243 1603
6200 6816
5292 5685
6415 7062
4594 4971
9235 9865
8275 8905
5125 5791
1330 1966
2349 2992
7471 8112
8634 8987
7237 7911
2506 2926
5168 5782
328 1006
6359 6768
9220 9901
5145 5811
1199 1541
9259 9856
167 523
1335 1945
3146 3812
2524 2924
9284 9972
7588 7958
2105 2699
9453 9822
7344 7684
5394 6054
7183 7867
8609 8980
8539 9197
2078 2725
4598 4938
3497 3861
7364 7800
97 734
2504 2935
8625 8974
3524 3840
8691 9015
9402 9852
4441 5022
1403 1980
3093 3805
4318 4631
6354 6681
7479 8188
6315 6759
8226 8941
6545 7006
3550 3855
1434 1864
8314 8872
4283 4713
3390 4074
7377 7685
2432 2901
5552 5989
5519 5977
2093 2811
3084 3803
458 797
7664 7976
4330 4658
2067 2761
463 789
174 628
4254 4677
2289 2602
218 516
6622 6913
1351 1959
6446 7119
7467 8138
5547 5961
315 991
6536 7021
2405 2947
4102 4832
2226 2645
8360 8768
2343 3022
3319 3613
3464 3939
3379 4062
8653 8992
4512 4944
9325 9885
8650 9019
2499 2866
4449 5008
1307 2025
4308 4646
6641 6914
8562 9089
2194 2663
2555 2829
6237 6827
4499 4964
5186 5818
1088 1722
6510 7061
5279 5732
2069 2798
8493 9168
4141 4819
5169 5838
3350 4073
6523 6778
2108 2879
6559 6811
96 869
3297 4068
8259 9030
5302 6065
8307 9083
5276 6036
2071 2846
2192 2970
4137 4901
4387 4653
6577 6847
5484 5730
1039 1822
4571 4810
9554 9795
7630 7903
2530 2803
8480 8754
1284 1559
3224 3979
368 612
1031 1811
7679 7915
9496 9741
9480 9757
1343 1578
7171 7957
247 992
4574 4806
5290 6066
1033 1812
9694 9923
9596 9826
188 930
7373 8172
2168 2907
333 617
1220 2016
7389 8185
8666 8959
2224 2965
6239 7034
7382 8176
6304 7046
2055 2849
5363 6101
5613 5834
9492 9779
286 569
6397 7125
7297 8105
2468 2701
3553 3784
19 830
7603 7838
2533 2763
3173 3915
3527 3831
2255 3070
6211 7025
285 559
493 735
3496 3739
5537 5778
9561 9839
9574 9808
1445 1693
1096 1904
8399 9206
2503 2814
242 971
3128 3841
329 627
4291 5117
1166 1969
1363 1553
9668 9863
9489 9812
5340 6042
7260 7963
6306 7141
162 1002
309 636
6285 7108
369 568
6387 7097
5221 5935
6295 7133
7470 7778
9281 9999
5402 5706
6341 7060
1045 1863
2477 2809
2494 2794
95 778
396 731
6182 7039
9640 9970
3542 3722
5341 6019
3343 3665
12 851
8482 8829
79 813
1181 2047
8298 8969
4131 4935
7221 8017
3155 3893
6467 6692
4321 5001
8421 9101
1350 1583
4212 4888
3266 4018
9692 9901
5283 6103
4182 4896
3185 3847
5590 5792
1454 1753
6266 6925
394 754
428 724
3292 4007
8380 9152
5504 5884
1110 1835
2116 2874
3179 3860
8244 9035
2433 2561
6603 6729
1428 1554
6648 6783
4459 4833
341 734
5620 5753
265 647
1398 1785
5246 6124
6529 6674
6217 7133
6654 6762
7545 7916
5335 5954
2551 2658
6316 6969
4596 4706
7536 7911
2415 2807
3406 3799
9546 9937
1248 1916
2244 2904
9718 9834
4100 5017
213 843
3160 4038
2326 2696
5332 6000
495 587
4601 4701
1322 1679
7497 7919
6229 7155
7658 7757
2282 2893
4152 5023
5365 5981
444 532
1074 1944
7253 8191
8562 8927
2 941
3413 3813
5546 5658
5601 5712
6301 6959
3490 3600
2389 2790
3392 3828
1027 1975
9716 9792
4145 4996
8303 9177
5396 5794
5594 5730
271 693
2158 3028
3484 3616
4334 4947
8470 8872
9485 9907
5172 6132
1499 1560
4384 4836
4509 4697
2294 2866
2284 2858
2486 2686
2546 2618
3281 3864
5132 6081
9636 9833
4567 4612
7602 7786
2452 2636
6151 7135
2341 2812
8485 8956
346 640
3523 3608
1144 1955
2159 2995
9577 9909
8233 9204
8498 8915
1070 1999
1278 1818
2463 2681
6506 6796
6214 7073
3138 4010
1514 1537
6329 6994
4395 4806
7569 7804
6504 6789
7634 7740
1111 1976
2493 2637
3580 3596
65 946
2142 2986
7524 7826
336 680
8525 8881
2053 3065
3566 3603
6249 7060
4966 5990
4366 5388
4327 5349
6187 7208
6524 7551
4545 5570
863 1884
2971 3999
6802 7831
4453 5475
8217 9232
4429 5443
4332 5347
6890 7909
823 1848
8344 9352
413 1420
6618 7631
8916 9922
4579 5621
8759 9774
968 2002
4525 5553
52 1064
4249 5252
2545 3564
430 1456
6561 7553
6410 7466
8302 9295
8435 9425
4134 5124
373 1366
820 1815
581 1638
8888 9884
8591 9641
2831 3880
7138 8138
6350 7396
8332 9376
8223 9265
915 1954
8385 9458
6723 7792
4555 5630
7129 8172
29 1066
6843 7811
6202 7171
3053 4055
2730 3728
287 1317
6339 7416
4544 5627
7114 8182
2183 3259
2398 3427
5062 6139
7029 8011
8601 9639
20 1108
486 1446
4928 5889
4468 5424
2727 3811
6694 7777
2254 3207
6570 7651
2129 3099
4990 5938
6388 7354
8545 9519
400 1503
460 1437
323 1298
4671 5742
6307 7410
695 1762
8868 9970
2671 3640
8600 9664
443 1506
4988 5925
4129 5242
4803 5791
2351 3442
4310 5256
2529 3519
895 1824
771 1891
6230 7223
984 1978
8789 9777
5118 6043
8779 9773
8 1135
410 1522
4137 5185
2546 3483
911 2020
6268 7184
6171 7287
6462 7507
545 1615
82 1085
6169 7286
4554 5541
482 1427
6712 7754
4931 5940
4553 5566
521 1662
713 1713
701 1733
8953 9856
6403 7544
4904 5971
6768 7692
8621 9681
2471 3547
811 1878
2478 3539
4878 6001
604 1756
466 1362
8574 9727
4539 5434
4559 5451
6461 7609
8700 9594
8541 9685
5072 5977
515 1673
560 1723
47 1188
6283 7175
4799 5683
750 1634
2338 3503
8392 9286
6903 7801
8437 9316
4305 5187
646 1556
4431 5596
524 1689
2172 3305
8792 9934
8209 9353
501 1389
8520 9682
2493 3366
600 1731
4326 5245
7065 7941
78 1235
2383 3538
247 1130
855 1992
567 1687
8933 9797
187 1050
4265 5131
865 1987
4976 6099
4989 6104
6222 7400
2876 3994
6567 7424
6303 7224
599 1791
64 1257
4695 5885
8393 9314
6489 7668
29 1200
2833 4028
234 1093
2429 3533
110 1247
8599 9508
2346 3486
2329 3501
4743 5680
8249 9345
856 2017
3064 3905
7103 7941
158 1060
2311 3515
687 1645
6747 7839
4239 5194
2145 3239
8790 9872
993 1833
432 1401
987 1809
6338 7181
257 1489
2073 3273
587 1691
8319 9389
8528 9603
6739 7815
2590 3787
8238 9464
7153 7976
4381 5572
6821 7806
2559 3364
2347 3575
2278 3131
8674 9535
7158 7979
597 1675
6788 7770
2902 3977
533 1781
423 1349
3033 3898
2156 3215
7099 8028
400 1399
795 2035
4125 5366
8515 9646
819 2013
3007 3920
6812 7795
6146 7411
8453 9719
1002 1822
6254 7322
4848 5637
6603 7486
2182 3184
4992 6009
8578 9595
2989 3927
2385 3499
8795 9888
6216 7348
4597 5384
880 1933
6401 7676
4922 6084
2954 3956
7040 8063
4392 5161
51 1330
225 1504
4831 6109
6172 7454
970 1736
8415 9692
9189 9953
660 1936
9146 9919
374 1139
6370 7652
4852 6130
757 2034
8271 9544
4974 5737
2780 4052
201 1472
9011 9785
123 1392
6342 7626
2739 4031
2501 3287
4273 5539
2825 3613
3051 3838
6583 7329
8197 9490
2418 3173
9128 9904
2722 4026
6292 7566
700 1952
997 1787
6478 7249
2845 3644
2728 3978
6984 7787
8349 9656
6201 7452
6754 8007
4771 6021
980 1779
6853 8173
136 1440
2348 3077
5056 5866
326 1133
4229 5550
7072 7819
2462 3253
1008 1756
4294 5608
8413 9714
4759 6055
2238 3468
576 1906
8587 9400
684 1944
307 1030
719 2039
6352 7658
6737 8043
4225 5565
2685 3905
214 1514
2616 3846
8240 9487
6265 7494
6586 7418
2706 4049
4556 5257
2227 3574
8405 9618
4205 5413
4434 5146
4119 5469
8255 9588
9188 9903
678 2027
2299 3499
4391 5238
6421 7236
4794 6123
9195 9914
8470 9285
4664 5995
4271 5628
7166 7848
6878 8072
768 1623
4265 5617
4879 5719
6918 7774
2978 3835
456 1169
8305 9514
9108 9935
4156 5472
420 1273
6916 7769
6561 7420
4251 5626
2816 3681
2454 3314
725 1968
6574 7369
2658 3850
267 1123
4884 5757
2118 3375
431 1221
6952 7748
6470 7211
2960 3837
5060 5802
6619 7349
2199 3576
6166 7545
6615 7352
4997 5876
6667 8057
166 1492
9067 9752
650 2041
4518 5330
2653 3881
6646 7298
2531 3226
3056 3721
6793 8179
6748 7974
6938 7777
8664 9379
8996 9817
8355 9693
4605 5251
386 1277
2173 3330
2844 3740
8293 9701
9172 9813
8471 9365
6269 7673
2387 3286
929 1575
520 1934
8292 9698
2112 3527
5053 5690
6762 8173
5020 5659
6334 7478
6869 8031
6822 7980
7088 7739
2713 3858
2912 3820
6498 7406
2652 4044
108 1533
6995 7874
827 1706
723 1857
6435 7345
7013 7923
641 1814
4395 5297
6658 8088
2708 3848
4553 5204
398 1043
6415 7312
2250 3413
4640 6016
6374 7495
749 1871
2200 3387
7094 7699
6310 7427
7055 7721
2083 3461
2630 4065
6871 8048
736 1863
8491 9345
905 1571
5097 5698
5080 5747
8429 9542
6176 7564
6661 8104
2337 3214
2647 4088
4538 5129
2419 3269
2700 3892
3050 3666
2549 3147
2251 3338
4534 5236
8395 9486
206 1291
8558 9385
6418 7387
2186 3392
4533 5246
7001 7830
4981 5818
4253 5453
6565 7285
335 1182
4824 5898
2075 3529
6855 7955
135 1360
4889 5824
4390 5375
4741 5983
4304 5386
8202 9680
4336 5418
6740 8079
6539 7255
452 1048
8698 9254
2352 3309
4359 5338
411 1094
6244 7609
4811 5910
6944 7933
2837 3787
62 1504
8435 9516
4947 5811
8276 9652
4252 5501
4145 5586
4177 5557
8341 9585
4412 5337
2221 3403
6779 8092
303 1224
2102 3537
9175 9791
9068 9861
608 1932
4552 5156
6654 7186
6865 7999
2053 3562
4615 6135
7142 7700
7103 7755
2792 3863
241 1294
371 1907
2770 3283
6305 7840
561 1075
4797 5310
5055 5563
4373 5904
9106 9624
4432 5979
867 1390
509 2035
6219 7749
2956 3459
2642 3139
542 1037
6219 7775
2130 3654
2150 3699
6968 7471
913 1417
9129 9649
8864 9401
6487 8014
9183 9669
2877 3361
6660 7194
7112 7639
8808 9288
450 2019
2137 3707
6869 7415
9158 9701
842 1385
6334 7834
2739 3222
82 1652
8910 9448
2421 3923
2597 3075
9065 9550
5070 5609
2081 3593
260 1836
116 1624
6713 7188
2099 3614
6716 7185
6575 8065
8396 9980
2327 3878
6760 7257
252 1742
6468 8055
2903 3428
4113 5669
653 1208
6895 7386
4650 5148
6965 7427
982 1505
9043 9579
2891 3440
2516 4072
2874 3332
2582 3112
4327 5798
2413 3881
8383 9978
578 1029
4732 5179
317 1909
4994 5579
2290 3768
4349 5808
953 1527
6705 7265
939 1533
821 1388
8720 9289
4184 5634
8705 9306
8324 9946
7145 7561
4210 5650
4240 5872
2832 3441
6775 7189
6578 8144
793 1403
4127 5754
2147 3590
16 1653
835 1323
756 1180
6670 7271
4237 5863
458 1953
2657 3082
35 1608
7035 7447
2437 4072
4899 5454
6628 8074
2089 3655
5049 5591
2378 3877
6850 7346
4571 6058
8843 9466
8726 9316
4839 5268
4968 5404
451 1975
8231 9811
8854 9443
2288 3718
5 1650
2745 3266
6842 7361
8899 9407
4452 5912
2111 3650
6544 8174
6838 7368
8232 9815
775 1414
6324 7730
2899 3541
6256 7927
4803 5188
2166 3839
4502 5916
2591 3221
4784 5178
289 1962
8777 9413
6639 8035
6507 8166
222 1619
8742 9387
4405 6075
4225 5647
4178 5853
2273 3696
6807 7174
446 1836
7014 7667
4261 5680
30 1673
1023 1383
169 1584
8362 9776
2819 3480
4122 5766
7049 7445
479 1858
381 2019
4184 5830
6457 8103
888 1511
4543 5920
4298 5717
4231 5671
2533 3909
6990 7660
8413 9854
2497 3941
9001 9612
9116 9530
2245 3683
2063 3753
2955 3372
6428 8116
4404 6044
2064 3770
4517 5903
2365 3985
6475 8167
4604 5968
4135 5771
4133 5768
620 1217
4221 5840
226 1618
8849 9248
4497 5922
2652 3306
210 1636
2764 3189
8210 9897
6602 8054
4601 5956
8973 9648
6759 7385
6323 7693
2704 3119
8909 9229
13 1740
366 1967
6682 7387
4347 5689
6364 7705
8263 9858
4718 5291
992 1318
2270 3609
4557 5895
8392 9731
4776 5219
8309 9913
468 1818
8790 9350
4283 5738
8284 9871
8809 9407
4410 6124
484 1843
6576 8039
6241 7865
2207 3655
4584 5937
598 1162
2898 3468
8902 9241
969 1302
2988 3404
9018 9690
8985 9721
2189 3692
9061 9607
883 1429
4821 5170
6743 7357
7158 7452
9209 9493
6825 7256
6867 7201
6368 7699
6448 8132
554 1246
1021 1289
2191 3706
6301 7784
6244 7825
4341 5635
2256 3622
4580 5917
2424 3970
4622 5365
105 1685
6348 7729
8279 9896
2748 3518
6312 8106
2152 3947
8725 9494
3067 3325
921 1183
4563 5844
6296 8086
2360 3638
6864 7647
4762 5525
4511 5776
2813 3567
324 1623
912 1155
7013 7281
9144 9388
2489 3757
6179 7991
6873 7628
4126 5899
6405 7696
4850 5604
2393 3662
2769 3529
8674 9978
4733 5477
2382 3669
9011 9263
9204 9449
4761 5510
2568 3368
511 1758
2297 4056
1008 1234
8871 9604
4510 5821
851 1143
4295 6114
4456 5710
892 1108
4765 5556
312 1554
625 1371
4332 6081
6755 7501
2241 4078
8925 9709
8767 9487
4659 5378
8882 9600
4398 5661
995 1232
8697 9930
328 1659
2640 3429
6145 7988
4670 5385
258 1594
243 1994
2486 3724
301 1558
502 1738
9000 9237
4339 6093
9126 9368
2491 3716
2091 3946
4958 5148
4602 5816
9153 9347
8870 9700
2657 3363
6809 7642
393 1741
173 2024
547 1381
4789 5619
4376 5727
8542 9753
6430 7766
4562 5786
618 1313
2218 4070
4207 5923
142 1987
4103 5962
4941 5122
2646 3335
4747 5593
316 1647
6145 8021
4352 5718
6980 7186
4149 5987
6509 7733
2720 3577
2963 3274
2885 3103
5061 5279
553 1397
784 1101
6284 8146
8685 9906
209 1968
644 1511
6592 7844
4182 5939
8911 9641
7131 7356
43 1868
117 1810
419 1739
677 1487
4311 6077
4351 6035
330 1574
4519 5835
2068 3961
2195 4093
4124 6003
4490 5882
2323 3682
8606 9964
8934 9620
4508 5870
2736 3523
968 1211
372 1536
3004 3272
120 1805
6604 7866
503 1677
333 1590
4190 5925
4180 5931
7037 7423
6420 7824
5028 5152
763 1406
530 1435
8975 9350
8979 9369
4636 5520
151 1819
8914 9565
9102 9217
178 1826
8741 9653
4929 5329
7126 7239
3061 3172
3047 3188
2914 3318
9158 9298
984 1100
122 2030
202 1887
4098 6042
2103 4015
8645 9821
8856 9473
2321 3723
422 1595
2609 3500
6336 8029
4842 5492
475 1605
8593 9743
901 1050
2728 3339
4565 5750
3049 3137
8514 9960
9176 9330
9047 9468
9044 9471
91 2032
6259 8158
8784 9726
9016 9367
5114 5205
4528 5632
4358 5815
6553 7720
7092 7175
2736 3331
6204 8075
8968 9395
994 1113
8992 9372
8487 9881
234 1877
991 1120
2335 3807
4916 5364
4122 6107
2985 3179
542 1499
6858 7436
4615 5583
4566 5662
4711 5549
9028 9353
9105 9311
5049 5225
777 1240
5033 5243
346 1672
2929 3235
9073 9378
4205 6078
6212 8087
8691 9765
2065 4038
6911 7462
8639 9830
2441 3667
8729 9666
973 1046
523 1488
6466 7838
8811 9655
2148 4025
47 2033
6784 7518
2252 3859
213 1845
565 1493
4746 5483
2098 4051
9013 9428
2084 4039
6436 7872
8856 9597
8587 9838
2703 3427
4152 6100
8780 9634
4761 5483
4953 5291
8595 9824
4476 5775
61 1998
852 1191
4369 5861
2170 3983
5114 5123
8922 9504
538 1505
4690 5551
2824 3318
4555 5684
6391 7944
258 2306
4683 6734
688 2741
6037 8083
1767 3809
5013 7059
4302 6345
1164 3206
2 2056
5716 7768
232 2298
1829 3895
185 2221
5698 7767
2001 4036
1367 3394
885 2915
4153 6190
1769 3825
5601 7672
792 2818
1792 3867
5866 7921
5665 7741
5378 7454
4641 6717
5164 7216
1594 3620
4167 6233
4927 6943
62 2078
4796 6813
4942 7023
4633 6715
5308 7327
5864 7877
5832 7910
4242 6333
353 2384
5336 7401
5871 7898
4778 6813
882 2885
1087 3080
198 2302
6046 8102
4879 6967
900 3005
5423 7445
190 2178
1168 3245
800 2912
1209 3321
5080 7064
1052 3166
4428 6414
1793 3906
1425 3543
5678 7784
5510 7628
1206 3322
5656 7765
1047 3161
921 3031
4887 7000
5277 7374
4700 6665
4545 6550
4296 6289
6006 7980
5381 7513
4785 6893
707 2718
1804 3921
78 2064
1303 3400
960 2977
4829 6847
4630 6772
4568 6587
914 3057
1105 3125
661 2800
4348 6299
1112 3120
1549 3685
529 2683
5615 7556
249 2197
6087 8107
5575 7594
5242 7178
1567 3693
5009 7138
5781 7905
935 3024
4279 6351
4321 6296
5668 7768
5164 7249
584 2614
619 2581
4267 6187
4744 6664
75 2251
4742 6661
649 2573
1150 3320
4873 7055
4408 6576
5847 7772
4176 6364
1592 3764
1169 3100
5999 8161
5880 7798
4300 6211
6057 7994
41 2234
596 2754
294 2480
1584 3754
923 2817
1007 2933
5600 7548
14 2193
5446 7641
1329 3473
952 2842
5590 7541
592 2804
4161 6372
1563 3774
5542 7436
5558 7451
5720 7926
6027 7972
5933 8092
5183 7310
4661 6791
5316 7280
4986 7116
200 2162
4314 6240
5643 7856
6012 8130
4952 7143
4487 6469
4776 6763
6083 7943
1831 4067
4597 6451
5315 7172
4458 6573
1588 3827
492 2340
521 2755
5660 7894
1095 3211
5339 7191
5295 7264
1118 3215
5515 7513
4746 6750
4804 6673
5371 7212
4311 6159
1127 3263
5177 7396
798 3009
1387 3467
1324 3534
5879 7701
22 2293
4798 6747
5200 7350
4921 7121
4745 6753
5401 7665
4870 7151
1328 3545
1058 3278
5236 7321
6109 7987
59 2249
4268 6238
334 2490
4703 6827
4990 7048
5469 7591
756 2575
4128 6365
1443 3422
4480 6527
614 2713
4120 6424
266 2058
4458 6250
965 2756
303 2092
4467 6260
4800 7111
2005 3804
76 2375
4655 6947
887 2680
321 2128
490 2296
4924 6703
1676 3992
4696 6989
1344 3160
4160 6490
846 2645
1637 3966
5587 7368
5357 7664
4467 6226
4600 6361
947 2705
1408 3234
4993 6821
4853 7120
5497 7260
189 2458
1547 3874
5892 7720
278 2104
1789 4050
637 2898
434 2205
296 2072
5355 7643
5929 7711
1733 4082
4591 6359
828 2564
5702 8063
80 2409
295 2077
4975 6740
1580 3856
718 3059
1215 3457
4609 6974
6112 7841
860 2590
5696 7939
6103 7828
1004 2729
793 2655
517 2894
4763 7120
1704 4067
5914 7761
4227 6607
1390 3106
551 2923
1131 3366
5444 7177
5002 6855
934 2792
2040 3752
483 2225
443 2281
5771 8152
1672 4061
4218 6434
460 2198
4662 7016
536 2886
4185 6458
564 2897
1695 4090
171 2509
1333 3155
1501 3258
1017 2705
4573 6325
6065 7896
5972 7718
480 2195
4940 6719
5508 7408
4829 7080
4988 6666
5682 8004
4484 6387
5055 6856
5272 7649
5187 7481
4922 6726
1629 3873
6128 7821
107 2324
5889 7806
5898 7823
4800 6982
6022 7681
4613 7054
4208 6651
4401 6335
1659 4075
1197 3388
4677 7121
1454 3131
859 2765
5915 7821
87 2497
4569 6223
5092 6781
168 2354
1803 3733
618 3061
4812 7020
785 2737
673 2821
138 2351
5638 8099
1287 3233
4400 6294
5636 8098
417 2057
673 2826
5825 8045
4751 6947
1467 3095
1218 3439
1934 3616
4838 6985
1405 3277
1372 3311
1912 3791
5900 7863
4830 7009
6102 7703
1834 3816
5672 8171
5640 8143
1407 3256
1909 3773
591 2950
4610 7112
4232 6467
426 2151
6062 7776
1218 3340
5142 7640
726 2840
1183 3408
5025 6769
5873 7968
4142 6648
1582 4089
733 2821
5237 7596
1466 3168
634 2983
5282 7548
4115 6641
4103 6629
5177 7643
1762 3841
4789 6992
5557 7250
922 2674
1106 3514
194 2347
517 3055
634 2961
57 2514
1858 3756
545 3023
1960 3654
5459 7356
1670 3945
615 2966
5198 7612
4674 7089
4934 6835
1807 3833
4491 6258
5963 7858
910 2677
1904 3723
5185 7610
813 2769
5765 8057
6115 7649
4965 6502
5103 6635
4230 6786
1941 3472
1081 3647
4409 6961
837 2381
5490 8059
1809 3352
1494 4063
4389 6959
5923 7465
688 2238
2014 3532
4731 6253
4531 7077
6071 7599
850 2379
4220 6757
23 2574
5368 7907
888 2405
239 2802
5390 7982
4470 6998
800 2305
736 2241
4542 7068
6111 7677
469 3062
5322 7913
857 2428
524 2089
1020 2521
5057 6630
5029 6541
4699 6259
591 2150
438 2973
6003 7519
4643 6156
5418 7960
1451 3992
5743 7259
1486 4091
5943 7425
4720 6214
1415 4016
1219 3835
780 2356
5709 7284
5917 7463
4679 6269
5322 7924
1107 3601
4713 6189
1517 4008
4462 6955
4319 6809
669 2267
1307 3932
975 2439
393 3009
1053 3668
938 2534
181 2788
5294 7932
452 2967
453 2966
1474 3990
4554 7057
5387 8016
5783 7372
5182 7778
4826 6279
1039 3693
5936 7506
5785 7421
966 2466
1260 3717
5708 7206
833 2349
4930 6446
1492 4024
360 2820
4391 6986
4185 6708
1464 4053
1206 3782
5723 7210
1903 3356
5217 7698
1069 3673
1359 3898
5757 7179
4823 6319
5846 7341
5263 7923
6064 7472
1163 3594
1077 3767
544 2210
1216 3652
5173 7857
4117 6800
1712 3126
461 2890
4129 6822
4173 6853
1354 4034
531 2202
4244 6680
5163 7845
5160 7847
808 2488
4284 6702
5964 7646
4737 6167
5042 6437
5218 7931
5459 8137
1928 3346
5304 7714
1726 3106
1890 3583
1775 3151
1334 3990
186 2584
4139 6793
1402 4062
4439 7155
359 3008
6085 7533
23 2751
1606 3309
1158 3624
481 2894
1826 3469
1707 3098
653 2108
1447 3862
118 2756
5706 7417
5486 8155
4754 6181
5089 6490
1105 3823
4110 6833
893 2498
5583 7951
810 2536
1126 3749
4307 6679
1385 4013
1722 3199
815 2537
4493 6987
6060 7525
1870 3463
1219 3599
2005 3353
4216 6836
1640 3237
4531 7037
692 2171
4609 6350
301 3069
239 2623
4120 6857
4835 6193
933 2417
4637 6344
5381 8147
771 2523
1242 3587
1101 3728
5108 6441
5075 6413
5423 8177
109 2738
1788 3100
1257 3592
1749 3127
714 2092
4901 6595
509 2839
5149 7926
4603 6928
602 2225
5945 7637
4882 6655
1311 4080
1942 3430
101 2709
6097 7458
1256 3611
408 2924
5812 7234
4396 7130
5379 8181
5641 7422
4316 6699
1455 3927
6013 7558
4723 6280
5576 7989
814 2515
527 2319
5831 7621
1091 3910
255 3066
1979 3262
1327 3625
4504 6800
40 2849
643 2441
2007 3291
267 2566
4903 6185
5858 7661
518 2313
1262 4095
1063 3894
1055 3853
5709 7519
4463 6780
5056 6356
1897 3196
5571 7893
1506 3829
1894 3199
4843 6647
243 3054
335 2642
585 2391
636 2396
90 2938
269 2606
753 2514
398 2733
1233 4092
4984 6217
6055 7315
74 2942
1274 4047
1583 3351
764 2500
641 2489
5328 8170
781 2097
4272 7052
5167 7952
5041 6385
454 2695
1444 3814
1700 3559
4285 7160
5673 7532
5948 7290
5142 8016
5229 7978
1725 3572
5721 7443
1296 3674
593 2330
1304 3669
1892 3115
5411 7793
1331 3685
732 2442
5857 7606
5714 7434
5821 7654
1197 4083
1872 3086
35 2941
4519 6905
108 2867
5273 8134
5209 7942
470 2697
670 2559
4840 6538
4248 7164
5007 6378
4187 6973
745 2447
1155 4069
3 2923
1910 3103
4233 7136
4180 6975
4620 6503
5434 7761
597 2361
1224 4005
4604 6801
253 2962
546 2387
211 2977
5877 7558
5150 8042
4478 6667
585 2366
1939 3306
481 2716
1895 3096
510 2685
1838 3240
1261 3942
5260 7937
923 2070
822 2214
5217 8177
1483 3674
5124 8081
2015 3141
5463 7884
4335 7027
4316 6976
876 2289
4287 6945
4292 7003
6025 7208
5480 7881
514 2465
5130 8111
1408 3621
5234 8148
575 2457
4300 7019
500 2643
1674 3363
959 2068
1450 3585
804 2184
1442 3602
566 2439
88 3049
5326 8060
5807 7453
63 2956
5874 7489
1681 3365
4472 6862
1662 3528
5507 7739
429 2580
4682 6640
1491 3688
665 2341
1669 3384
1727 3329
227 2850
1680 3410
6119 7204
5894 7360
5759 7608
2029 3109
6123 7202
1272 3889
854 2205
857 2199
4175 7041
4786 6525
1986 3089
4730 6569
5604 7729
5820 7530
4397 6906
1589 3565
4909 6389
1627 3456
4788 6511
414 2627
5996 7345
1028 4057
1990 3096
4945 6286
5452 7853
4432 6833
6009 7320
4959 6333
4 3047
5162 8141
6036 7283
4268 6982
955 2134
5599 7727
4309 6949
149 2919
4498 6752
5786 7529
5593 7724
1331 3781
4323 6932
297 2782
4383 6886
4130 7128
5882 7425
1686 3434
18 3052
5588 7723
155 2916
1797 3322
5747 6770
4256 7330
4714 7785
74 3145
1178 2206
593 3671
816 3895
5489 6521
506 3570
4964 8046
43 3105
1717 2745
1160 2181
1160 2182
1025 2063
2038 3065
1946 2954
5511 6550
1994 3032
1424 2436
407 3458
5573 6611
4522 7613
4684 7765
5856 6908
4923 7975
1188 2233
940 4018
4527 7601
1340 2339
676 3716
4356 7460
4202 7241
525 3627
170 3202
4538 7570
1367 2430
1778 2777
6030 7074
4289 7404
5122 6191
1563 2613
4663 7687
1551 2619
750 3800
1022 4041
727 3808
1185 2201
1793 2872
89 3168
769 3899
6092 7159
913 4012
1516 2513
1747 2797
1926 3012
818 3953
1402 2364
1263 2217
4530 7674
5922 7018
4319 7319
4236 7364
4993 8139
1569 2666
5025 8175
4201 7207
1117 2061
66 3091
1337 2411
4455 7475
5705 6684
4982 7968
4694 7681
5634 6741
1422 2518
5040 8171
5505 6621
1443 2557
5801 6859
1175 2291
5393 6516
5763 6886
5425 6486
5006 8164
1121 2058
5155 6216
1988 2984
1799 2920
1474 2481
1541 2672
1394 2311
1611 2621
752 3720
1431 2539
5460 6440
5383 6521
1759 2721
5899 7051
787 3987
1047 2196
6047 6940
5379 6533
4356 7555
5592 6481
1097 2240
4190 7383
1614 2759
5572 6477
5487 6628
337 3546
1752 2644
4648 7844
4278 7207
5503 6636
1149 2286
5432 6571
862 4042
4561 7492
5195 6365
977 3910
4934 8145
5883 6755
5377 6553
4517 7484
4163 7385
6031 6933
208 3146
5736 6899
142 3090
5805 6704
4956 8130
5360 6255
4547 7516
4438 7625
5454 6639
1343 2462
6126 6988
562 3729
5277 6201
1604 2785
4275 7190
5992 7117
1053 2232
1557 2748
492 3399
1034 2212
467 3426
4401 7554
5770 6713
4146 7300
4664 7822
5617 6470
176 3079
5804 6676
4248 7201
28 3238
407 3370
1251 2140
1881 2969
1135 2222
5416 6634
102 3236
5774 6733
1041 2258
5212 6303
484 3360
5748 6834
613 3747
126 3256
5567 6520
468 3356
6020 6988
5845 6687
5031 8043
4979 8125
539 3797
1604 2699
4788 7803
1370 2443
1210 2155
5032 8058
5696 6806
5044 8034
1566 2761
5392 6599
1938 2890
1064 2290
706 3615
5950 7139
284 3522
157 3138
1409 2401
1418 2411
549 3780
5688 6874
5264 6258
4295 7205
1023 3867
1936 2932
5976 7102
41 3264
153 3187
265 3554
1841 3034
5066 7973
1453 2370
2044 2828
24 3305
4722 7808
1151 2188
6068 6983
5961 7101
578 3766
226 3092
4969 8094
5045 8002
4161 7353
5334 6190
1886 2982
1916 2949
228 3101
4878 8178
5485 6547
1075 2253
4281 7238
1825 2592
5145 6427
1981 2744
380 3194
251 3581
6091 6861
630 3967
5353 6627
5614 6372
2006 2781
780 3584
4882 7711
873 3704
2025 2808
1617 2880
5095 7925
614 3956
4644 7984
987 3791
1561 2828
61 3368
4414 7209
451 3288
4968 7796
137 3477
1805 2576
1129 2420
5064 7895
5894 6695
425 3210
5560 6300
4672 8037
670 4020
11 3360
5387 6176
1400 2133
1211 2452
5701 7028
761 4040
1883 2666
4170 7547
4177 7523
1990 2803
5265 6567
4766 8105
491 3283
4779 8082
4115 7464
5073 7914
5262 6579
377 3142
829 3586
5178 6522
573 3964
5816 7162
539 3928
4385 7269
5506 6343
786 3668
1030 2383
915 3801
1560 2899
720 3995
858 3604
1765 2987
1830 2665
318 3182
5512 6363
5212 6408
1951 2762
4214 7459
5934 6777
4749 8151
6077 6887
4938 7697
895 3620
1017 3749
752 4014
4477 7202
4950 7689
1548 2925
1553 2930
4705 7938
5401 6266
186 3550
710 4002
5293 6601
16 3447
875 3596
5342 6582
1839 2629
5406 6260
167 3532
5523 6399
4580 7305
4612 8054
1441 2262
5069 7861
371 3081
4864 7802
4552 7347
5765 7166
4257 7642
5094 7837
1955 2783
285 3169
4119 7531
694 4043
5482 6167
299 3157
53 3402
4544 7359
776 3722
65 3522
180 3377
6125 6760
4893 7829
384 3082
5793 6954
5543 6199
1281 2192
5076 7750
924 3599
1250 2422
306 3236
5398 6273
4513 7222
5822 6951
45 3508
4259 7481
606 4037
1229 2390
4797 7974
6007 6891
5051 7718
1940 2569
1802 2709
4445 7362
1908 2772
4691 8176
399 3116
26 3513
4738 7969
4355 7332
4309 7538
1595 2962
5228 6597
1452 2055
5887 6993
4516 7179
4212 7620
4331 7515
5901 6844
157 3372
5257 6459
5913 6829
6051 6677
232 3423
5581 6261
5474 6362
4417 7419
635 4032
5896 6835
5976 6883
1932 2608
2029 2641
5171 6642
4890 7899
4353 7363
5777 6997
27 3551
189 3451
2037 2620
1115 2450
397 3143
1993 2562
1432 2132
4720 8124
1059 2540
4564 7173
33 3568
5580 6174
822 3813
4614 8146
1747 2822
5740 7099
293 3314
4606 7206
4201 7600
5901 6871
4826 7936
6050 6782
586 3988
5762 7005
1540 3044
1993 2603
1665 2918
1049 2558
5248 6504
5499 6290
622 3972
4908 7879
4943 7843
5648 7142
5223 6544
1205 2370
362 3218
817 3785
4941 7861
5929 6864
256 3321
4100 7678
5865 6933
1931 2679
1486 2096
1099 2633
4588 8168
1555 2070
1089 2628
1607 2127
5562 7088
1718 2234
4367 7938
364 3938
1602 2125
5584 7104
1549 2076
966 3538
4251 7822
5789 6277
1316 2878
4521 8114
967 3547
314 3879
5431 6954
849 3406
1534 3038
1519 3023
4582 8132
4907 7433
908 3502
622 3149
378 3934
4179 7798
5445 7008
5087 7673
1311 2873
776 3374
5333 6908
5989 6478
1337 2836
5878 6363
1621 2148
1543 2101
4692 7271
424 3996
1290 2879
4920 7437
4602 8141
6017 6587
5152 6684
1869 2317
5508 7109
83 3602
149 3793
184 3836
5441 6919
592 3097
4884 7517
4637 7255
4857 7347
4312 7827
4372 8025
6105 6551
703 3312
5071 7552
129 3795
4460 7999
5517 7134
5700 6160
1161 2780
315 3950
1867 2334
1948 2506
782 3417
1628 2054
183 3819
4148 7787
6084 6564
5288 6857
4418 7971
711 3237
1734 2213
1091 2592
1147 2584
5839 6316
133 3809
1840 2388
1950 2552
5475 6916
1984 2472
5389 7012
4489 8163
6082 6568
2016 2445
196 3755
5183 6736
5724 6189
4869 7543
67 3638
5531 7149
4206 7704
5222 6686
574 3143
532 3181
1693 2279
5276 6881
1285 2939
625 3313
4527 7981
2009 2394
1813 2448
5905 6548
101 3811
494 3944
288 4007
423 3887
4461 8160
955 3381
4786 7229
1374 3020
5385 7069
1120 2806
1668 2076
4192 7930
6130 6510
5403 7047
5081 7493
732 3136
5165 6832
4411 8101
1217 2659
948 3344
424 3855
5514 6957
932 3340
1409 2861
4833 7247
344 4087
4105 7846
1566 2222
6050 6419
1784 2123
5267 6688
1411 2871
4890 7599
2006 2400
5734 6366
1118 2790
1761 2136
4871 7614
4595 8010
5461 7148
1834 2451
5479 7132
759 3144
1436 2851
1090 2690
150 3670
5710 6287
642 3137
4548 7937
6010 6591
4569 7967
210 3605
529 3289
5840 6168
4303 7686
5457 7064
1958 2412
366 4005
6141 6449
5485 7075
5084 7442
616 3257
4515 8050
4999 7509
5278 6733
4914 7654
5675 6396
427 3954
1969 2410
1507 2878
1086 2784
98 3772
4221 7843
5533 6979
5629 6946
5260 6765
4465 8080
6102 6452
944 3411
5624 6939
363 3976
4539 8030
572 3290
337 4023
862 3512
1078 2768
4439 8113
5150 6905
5280 6727
4946 7611
5761 6251
2037 2335
5493 7071
5646 6373
898 3433
25 3826
305 4058
1888 2444
133 3689
5495 7066
259 4083
465 3875
4240 7779
5259 6783
1059 2775
1502 2856
6097 6443
1192 2643
1467 2887
130 3708
4958 7585
1708 2479
6033 6293
1289 2573
4807 7617
825 3134
6025 6273
5478 6765
652 3463
1617 2397
1933 2177
4606 7920
5733 6517
4159 7982
4199 8053
382 3691
5015 7297
5741 6523
5346 7157
40 3888
4334 8183
1153 2968
268 3605
5862 6652
389 3739
340 3659
1167 2991
478 3836
5359 7117
32 3843
5262 7085
283 3647
4222 8024
4233 8110
69 3949
786 3130
59 3857
5677 6407
1159 2988
5822 6546
5024 7309
1765 2504
965 3304
740 3540
5448 6777
409 3754
5119 7370
1526 2752
507 3788
4472 7759
5282 7067
5625 6848
6139 6337
1157 3006
5375 7108
5694 6402
4272 8078
356 3675
970 3210
865 3104
194 3969
5026 7398
17 3925
5685 6512
4421 7680
4196 7970
1651 2357
5032 7392
1833 2144
4407 7805
4645 7528
1970 2303
5876 6586
1714 2556
629 3387
1022 3249
6059 6395
1157 3029
1268 2980
5118 7342
4442 7688
681 3579
1734 2449
224 4023
4143 8055
437 3821
1795 2139
5563 6882
4196 7998
120 3876
5612 6834
4369 7759
1103 2833
1437 2813
70 3876
1728 2467
4608 7525
5358 7051
1313 2632
5057 7336
940 3271
989 3254
5978 6199
5797 6602
1203 3011
1221 2997
235 3994
1493 2720
1079 2881
5176 6991
1312 2647
5715 6442
993 3227
557 3415
4223 7940
5888 6267
886 3083
81 3884
199 4025
931 3293
4939 7220
4157 8002
611 3555
5133 7053
4353 7811
912 3090
564 3511
1610 2510
4329 8044
2028 2154
1413 2562
5800 6447
4477 7927
4099 8073
1903 2277
316 3766
342 3804
281 3731
4887 7320
5974 6361
4256 7984
25 3977
1679 2331
4331 8062
5050 7212
5037 7226
5777 6409
6138 6246
5367 7016
5810 6418
4783 7438
900 3110
4456 7882
5102 7245
5011 7223
4749 7464
5015 7218
5545 6670
222 3959
5235 7128
5013 7225
360 3780
5536 6669
4330 8007
79 4065
646 3382
5722 6635
4382 7855
5980 6381
115 4033
1902 2269
5691 6543
4867 7350
5726 6632
1081 2945
936 3088
1478 2684
4696 7652
807 3227
1899 2261
4981 7349
499 3635
989 3101
972 3085
1317 2788
36 4070
5160 7147
1137 2996
1938 2135
5625 6718
1782 2366
4728 7603
4634 7638
4858 7478
4733 7601
5707 6532
208 3871
4790 7524
4740 7510
442 3695
50 4071
4937 7324
1851 2285
5135 7127
5455 6805
5599 6660
4798 7522
1577 2548
1634 2495
911 3153
668 3395
412 3651
4485 7780
1133 2959
4360 7914
1265 2837
5335 6960
4204 8068
6001 6297
1014 3102
162 3913
4952 7351
4689 7584
350 3755
4758 7523
5589 6691
4744 7551
5078 7214
4375 7919
4787 7498
1254 2847
1855 2246
5034 7248
164 3931
894 3201
1537 5632
2553 6650
3564 7656
2841 6943
2654 6745
2159 6247
973 5061
1580 5669
686 4770
1231 5315
3223 7323
3863 7962
1660 5745
3473 7583
2113 6228
2333 6410
1890 6008
1271 5356
363 4469
3362 7426
3903 7966
4078 8140
1666 5792
1786 5849
2656 6723
3506 7574
1663 5722
1253 5314
470 4607
2297 6355
2580 6718
3462 7597
3342 7458
3765 7833
2368 6509
945 5020
1928 6072
2083 6163
3955 8001
2830 6972
326 4466
32 4118
3644 7691
1771 5843
3290 7393
2153 6226
3821 7890
1918 5953
2600 6679
3333 7482
2100 6261
2359 6513
907 5069
2594 6757
3582 7606
3287 7326
2793 6819
1419 5568
3148 7168
2237 6384
1082 5239
3937 7983
2407 6455
2796 6845
3197 7215
2069 6215
2664 6715
2967 7107
3886 8059
152 4302
31 4168
3011 7067
1494 5518
2178 6360
3466 7632
2707 6863
1450 5623
2283 6325
3367 7544
1924 6107
1980 6108
34 4162
1003 5000
2186 6382
848 4916
1238 5296
347 4413
3575 7568
3947 7948
2197 6386
1947 6131
485 4495
801 4939
1892 5902
621 4614
414 4592
3017 7079
1698 5837
1515 5530
1333 5441
254 4235
3752 7903
3883 8018
3658 7728
3815 7836
996 5017
1656 5639
1312 5471
2085 6309
1732 5703
3725 7691
250 4210
937 4897
3888 8122
963 4936
1569 5805
1808 6044
1093 5323
3272 7238
2376 6598
4044 8003
1236 5211
1695 5647
3714 7696
2759 6739
2701 6677
1227 5203
3896 8096
3621 7868
2088 6321
3968 7961
1045 5263
13 4241
1785 5733
3296 7294
14 4241
1262 5233
667 4667
214 4215
538 4795
499 4434
1148 5343
704 4708
2153 6349
2372 6626
3521 7526
1882 6141
2836 7091
2598 6785
3558 7502
3142 7407
3198 7380
540 4784
678 4617
2799 6751
1724 5645
668 4655
3334 7602
2961 6949
1593 5773
1299 5541
1528 5455
2762 6771
2494 6404
3526 7546
1961 5910
1013 4919
3114 7400
297 4587
690 4721
3710 7867
2214 6243
718 4616
1665 5702
4022 8049
2618 6909
2749 6773
1187 5230
1624 5768
656 4672
1597 5868
1874 6016
2706 6720
1544 5850
475 4367
4004 8048
2278 6193
92 4228
3498 7539
3938 8123
3983 8020
2413 6577
3849 8148
2604 6897
1046 5320
2840 7110
2191 6224
1230 5166
3810 7680
3448 7579
931 4928
1715 5718
3684 7809
1518 5382
2911 7094
2779 6704
3631 7875
2447 6497
3619 7895
2982 6994
1477 5427
2200 6254
2757 6706
112 4232
3247 7254
3912 8113
1816 6114
3617 7901
1676 5744
1453 5293
3420 7261
2684 7038
2795 7144
3865 7706
4045 7880
1708 6052
2211 6571
3482 7313
2457 6290
3148 7489
409 4247
3551 7376
944 4770
2632 7002
1448 5309
745 5119
2219 6589
1790 6121
2243 6619
1893 5756
3976 7825
2651 6977
3373 7222
1655 5996
3430 7290
1038 5422
3769 8088
2202 6584
2691 7079
2829 6696
3982 7848
80 4470
3962 7773
2871 6672
3581 7381
839 4719
2981 6799
765 5079
3397 7278
2746 7057
2418 6233
1484 5344
1208 5525
3709 8019
907 4773
2549 6362
3853 7742
664 5035
3701 8000
3906 7799
4066 7892
522 4925
2850 6682
586 4977
3617 7964
588 4977
463 4337
3897 7686
1777 6094
84 4374
1086 5500
216 4506
1226 5513
3192 7483
3302 7589
706 4998
3094 7504
3443 7221
3941 7714
3124 7539
2047 5814
2558 6324
2639 6917
245 4536
3358 7251
635 4917
1299 5213
2074 6475
870 4660
2651 6920
3543 7300
2513 6274
1332 5216
2604 7032
488 4286
1669 6098
2842 6722
3823 8117
1228 5527
1710 6133
1596 5985
2668 6963
2587 6980
345 4155
1786 6041
1868 5672
1739 6063
2374 6178
3328 7268
924 4857
1306 5235
1577 5952
2742 7135
3051 6791
3248 7645
2989 6877
1753 6057
2403 6163
919 4838
2887 6709
1438 5352
3925 7724
1957 5855
1065 5458
2688 7165
681 5078
209 4526
2469 6181
1488 5200
1300 5264
1247 5467
2528 6245
2348 6314
2801 7030
1269 5502
746 4966
3554 7279
1479 5194
3691 8165
3388 7340
3091 7555
3352 7305
1288 5274
998 4725
3461 7185
2900 6851
2110 6569
3145 7635
3649 8154
2895 6866
3310 7537
1531 5215
3904 7908
2679 7123
1971 5652
2859 6787
3418 7411
3981 7719
2229 6425
125 4562
1362 5373
1610 6138
2444 6204
788 4772
3614 8108
728 4970
1449 5147
926 4653
1579 6040
491 4191
2004 5728
3384 7308
2626 7159
401 4135
113 4550
2316 6331
2765 7028
1249 5464
3111 7582
1468 5127
1321 5269
2264 6501
1902 5806
1076 5620
3072 7617
853 4752
3337 7375
898 4676
3425 7335
1011 4661
988 4635
3165 7573
1239 5406
2859 6887
2760 6919
3675 8084
1626 6026
1911 5799
2567 7127
3549 7180
1441 5232
1935 5725
2376 6299
54 4578
3152 7557
411 4173
640 4951
429 4218
2791 6975
2169 6560
1698 6014
1010 4654
1879 5770
958 4707
3276 7442
2771 6924
3783 7973
645 4967
1412 5222
2511 6188
1145 5535
1365 5298
3270 7457
64 4520
127 4503
2991 6725
1305 5362
1724 5970
2171 6549
520 5094
3005 6732
3940 7829
2750 6991
3426 7312
3416 7339
3158 7586
1620 6048
318 4298
2613 7107
3097 7662
2400 6297
3567 7189
1648 6027
10 4596
610 5021
4090 7675
2327 6934
2770 6358
2124 6730
573 4155
427 5036
2468 7084
2959 6534
188 4791
2260 6879
3412 8031
999 4588
2169 6775
2744 6326
3151 7745
1071 5693
373 4961
615 4211
1281 5908
1712 5292
2870 6440
1846 5417
3186 7789
1190 5817
1338 5913
103 4674
909 4520
1781 5331
2578 6196
555 4099
1597 5137
2161 6751
479 5105
2356 6939
1896 5464
515 4147
349 4973
2425 6985
270 4927
3386 7951
727 4322
3980 7610
2015 5605
1588 5135
3429 8026
1798 5433
1657 5190
319 4991
345 4888
1342 6015
1018 4536
664 4317
485 5026
3481 8158
3445 7997
2979 6634
738 4264
3730 7390
3629 7264
3261 7917
3869 7503
1565 5193
3690 7231
275 4932
3622 7294
2285 6836
1410 6104
116 4649
1918 5408
843 4372
3329 8030
2951 6631
3806 7359
1972 5589
397 5097
2266 6846
379 4893
1804 5482
2861 6474
1043 5754
1356 5927
2385 6973
1783 5273
2909 6450
1245 5810
3858 7549
2963 6652
903 4599
1374 5935
655 4350
2798 6300
177 4802
2820 6519
245 4739
3902 7496
2848 6486
3376 8006
3727 7412
3637 7246
1730 5308
1382 6118
1258 5736
1170 5648
2167 6901
37 4775
127 4860
2071 6803
1025 5764
140 4619
962 4426
1226 5699
942 4388
3598 7301
1905 5631
1575 5301
566 4258
2548 7010
3027 6468
1921 5398
2502 7005
3403 8150
1939 5389
1758 5184
1193 5687
1593 5272
2246 6756
1371 6137
3886 7565
2073 6845
182 4627
927 4409
802 4485
1000 4431
3541 8060
3102 7860
2661 6346
3190 7897
824 4488
323 5105
2110 6794
3912 7676
354 5083
3348 8111
1214 5637
3319 7756
1457 5903
441 4985
2237 6781
3714 7235
692 4213
2337 7136
1483 5896
231 4643
2964 6480
2550 6963
652 4169
2090 6895
2981 6496
1029 5827
3326 7736
3517 8053
620 4263
99 4783
919 4443
1396 6053
2315 7134
1182 5704
3696 7338
21 4815
1555 5321
136 4692
1378 6018
3502 8013
4043 7470
446 4955
2482 6999
191 4697
3341 8170
1539 5348
325 5037
1212 5716
1973 5468
1801 5603
1328 6106
772 4590
3093 7928
4085 7448
3914 7591
404 4986
1329 6111
3259 7764
868 4500
2917 6548
1497 5928
293 5079
300 5087
595 4263
207 4665
1510 5905
2113 6840
3447 8078
2799 6165
4088 7428
3915 7607
1639 5274
3533 7986
3887 7215
1576 5419
439 4787
249 5117
1531 5886
3073 7942
2560 6407
93 4949
2438 6799
3585 7437
1964 5280
3885 7200
1633 5484
514 4365
3043 6380
1071 5950
2379 6744
2410 6782
7 4883
53 4899
1442 5813
1340 5668
3937 7288
3816 7666
1426 5769
669 4481
15 4883
1213 6049
703 4514
2553 6884
1512 5878
705 4576
2247 7141
2698 6568
236 5064
60 4891
3694 7495
356 4685
2180 7087
438 4765
2038 5339
2412 6721
473 4855
1570 5388
1433 5814
3760 7552
2137 7019
1004 4318
2727 6549
647 4532
1229 6142
1806 5181
887 4163
950 4226
174 5016
3702 7502
2350 6678
3943 7261
351 4709
760 4546
3419 7783
3512 7814
3445 7733
3882 7275
113 4919
1961 5345
2149 6956
759 4541
4069 7337
3797 7577
3282 8095
3785 7559
2527 6801
2512 6814
207 4992
2446 6849
778 4186
3555 7858
974 4250
774 4179
28 4937
679 4593
45 4987
1276 6053
3485 7876
2174 6948
2635 6417
57 4962
3355 7744
2042 5286
299 4727
2252 7056
1633 5437
343 4618
1914 5156
767 4512
2018 5249
603 4415
1760 5509
1291 5742
2835 6262
3000 6353
1777 5528
2059 7008
1358 5667
563 4446
2722 6604
1484 5820
137 5112
1126 5909
200 5054
508 4747
2001 5288
648 4593
2623 6469
1799 5244
3147 7991
1943 5354
1754 5540
3735 7657
920 4326
3183 7952
1828 5285
2115 7104
3731 7440
2220 6952
1849 5311
2969 6161
165 4909
173 4900
816 4281
370 4859
3732 7455
3629 7584
2600 6565
3367 7849
2577 6529
1194 5944
472 4683
2753 6482
2542 6778
1326 5819
3805 7499
1040 6022
3428 7922
1550 5528
2637 6618
483 4729
1744 5450
1823 5250
1195 5941
868 4292
683 4361
1599 5532
339 4848
2187 6958
3520 7782
462 4710
464 4729
3618 7560
3900 7319
3027 6271
3848 7333
1148 6099
493 4701
806 4247
2817 6320
1699 5399
3424 7892
2371 6903
812 4249
1877 5344
3509 7682
2003 5227
2563 6584
1119 6116
3249 7949
1721 5380
607 4577
2888 6280
2318 6860
1500 5663
2179 6976
3837 7483
654 4422
1622 5534
3656 7553
1325 5863
3934 7317
897 4170
355 4782
1078 6136
3705 7592
103 5046
2128 7041
2165 7076
1568 5618
3604 7623
1684 5447
2702 6493
2509 6680
2676 6562
1304 5838
428 4730
2520 6656
2566 6623
964 4127
3496 7799
2190 6993
3695 7567
202 4906
3825 7443
2304 6883
644 4451
1635 5515
1694 5495
311 4828
58 5073
3396 7855
2365 6865
1416 5732
3999 7281
449 4654
255 4880
1172 5988
3057 6147
2155 7071
455 4658
3666 7588
811 4317
639 4488
3663 7604
2292 6920
1599 5570
2107 7110
215 4904
3471 6541
1423 4490
1098 4172
3078 6144
2944 8070
1300 4380
155 5271
3552 6637
1957 5035
4058 7124
1788 4850
2024 5112
1945 5001
4048 7105
584 5721
206 5343
1287 4373
1649 4706
1052 4104
2913 8052
3039 8135
3776 6873
3920 6986
1526 4589
3017 8151
1462 4521
3748 6790
1530 4568
2661 7745
3637 6672
2438 7587
3623 6671
3231 6327
2569 7712
2535 7629
3122 6168
3117 6150
134 5290
698 5780
1898 4933
1683 4771
1058 4114
1965 5023
777 5946
1345 4471
3075 6203
1323 4370
1875 4969
2236 7303
2378 7537
2146 7262
2931 8015
98 5214
590 5746
2009 5092
2228 7307
435 5618
945 6131
2615 7797
1285 4422
779 5960
3239 6371
3984 7125
2784 7847
3415 6416
19 5211
350 5399
1735 4750
1176 4306
576 5642
2955 8135
2012 5008
3483 6614
2062 7232
3750 6889
3200 6352
2475 7674
144 5317
289 5492
4011 7153
2913 7995
3738 6848
1751 4748
3045 8126
385 5597
2608 7790
506 5530
2563 7776
1926 5090
1606 4640
2747 7901
1842 4948
2052 7277
1124 4110
2206 7412
1951 5106
2142 7219
2256 7357
2500 7594
3279 6335
3479 6631
918 6119
648 5881
3834 6795
1790 4748
1843 4935
2496 7605
951 6082
2239 7369
983 6049
1132 4123
3482 6627
3303 6302
1675 4849
119 5133
2230 7372
1314 4441
367 5396
2334 7522
1136 4111
3611 6756
3359 6558
2626 7872
1596 4793
163 5158
1974 4912
2392 7633
2953 7936
3216 6171
594 5854
2074 7317
2381 7641
1321 4529
1521 4457
3763 6698
2318 7573
2686 7906
2774 7752
1027 4252
1406 4574
3104 6272
2456 7480
795 6074
2669 7886
649 5679
2673 7894
3583 6485
770 6056
872 6083
3859 7101
3688 6854
3628 6787
73 5369
3631 6815
3469 6461
588 5885
899 5943
2718 7722
1513 4444
1035 4285
1162 4156
3761 6664
906 5936
2605 7831
290 5529
1222 4217
2273 7203
1630 4764
962 5895
3926 7059
2464 7526
1190 4192
1689 4702
1319 4590
322 5513
494 5411
1326 4577
1223 4104
55 5351
482 5426
947 5986
1579 4863
415 5449
2100 7395
2459 7491
2165 7342
1470 4450
1525 4394
2601 7880
1036 4333
1873 5043
4066 6913
2943 8089
2065 7414
1600 4775
2245 7213
1475 4393
1460 4446
720 5692
217 5173
2101 7384
4086 6936
3542 6456
1696 4688
2424 7562
1837 5086
1991 4915
3245 6232
77 5300
1369 4515
370 5512
3870 7137
504 5368
274 5138
3331 6146
3922 6742
3844 6656
3320 6653
148 5521
144 5526
3180 6500
1381 4204
2971 7826
430 5284
2368 7242
3169 6506
2042 4854
3971 6798
4020 6841
2851 7726
2934 7800
1347 4178
1007 5884
582 5970
3285 6595
3646 6953
1644 4980
559 5942
442 5287
3025 7887
2758 8153
388 5275
3487 6332
928 5766
2271 7671
2823 7725
17 5437
3531 6374
1548 4898
11 5412
3371 6148
2211 7570
754 6080
3935 6764
1660 4943
3833 7119
3597 6965
286 5154
1010 5837
1359 4109
758 6066
3778 7044
2420 7228
2392 7187
2481 7422
3178 6458
3164 6412
3774 7151
651 6105
1097 4379
457 5275
3491 6391
3642 7022
3207 6610
365 5179
2087 7550
4053 6796
372 5166
1471 4325
2048 7514
1009 5802
355 5176
2735 8178
1962 4852
1683 5068
998 5817
3186 6419
933 5825
659 6135
2156 7432
788 5746
2310 7265
891 5649
406 5372
541 6002
3827 7042
1850 4681
305 5186
2026 4764
3571 6276
1498 4257
2693 8190
3191 6411
2731 8149
950 5833
3385 6328
308 5303
2461 7195
2530 7268
309 5309
2695 7947
1128 4581
2235 7477
2581 8090
3209 6406
2933 7930
3715 6930
2377 7384
2000 4675
2872 7851
2386 7367
3494 6195
2806 8032
1982 4648
3226 6413
2617 8100
2906 7877
1965 4621
2492 7196
2743 7958
3416 6395
2791 8003
858 5875
4084 6749
1096 4579
1715 4894
2096 7582
3851 6820
2869 7813
1428 4133
3475 6177
3437 6360
1244 4457
2731 7965
2676 8142
3432 6355
399 5172
368 5324
3701 7115
1067 4501
1235 4370
741 5924
1954 4704
1759 4892
2622 8189
659 5975
3113 6638
2648 8080
1439 4183
2670 8103
1899 4768
893 5809
747 5926
751 5951
2272 7474
4015 6780
3671 7043
1192 4476
2998 7779
2307 7381
3221 6466
799 5831
1166 4436
3114 6646
3661 7058
1985 4641
3557 6149
2288 7441
1104 4529
3229 6526
4009 6734
3129 6622
54 5598
1573 5068
2275 7434
3598 7143
152 5491
1746 4926
2267 7479
3708 7056
3354 6388
675 5965
2610 8157
2724 8022
3900 6863
2431 7308
601 6060
1622 5027
3348 6371
3929 6830
762 5890
791 5869
2908 7840
1471 4162
3118 6698
2255 7881
2588 7195
3504 7095
3588 6153
3558 7145
33 5678
3298 6898
1988 4566
605 5192
1364 4931
3645 6186
2682 7266
1800 4368
3058 7656
1661 4193
1915 4455
1929 4500
49 5676
2596 7226
3553 7167
1032 4630
590 5201
2902 7540
1429 5046
1637 4174
217 5879
2151 7752
2147 7762
1963 4509
1147 4685
3678 6248
76 5755
1837 4378
4059 6636
3960 6464
1024 4666
3530 7152
3908 6520
1159 4792
2248 7816
2704 7376
792 5465
2031 4524
406 6098
3683 6184
819 5496
2787 7343
4042 6535
1177 4822
1628 4108
2415 7998
3304 6841
313 5994
3864 6476
2342 8051
307 5990
3195 6690
839 5402
3195 6692
3478 7156
1220 4774
2404 7943
134 5870
1414 5100
1644 4102
2576 7292
2920 7430
4022 6616
2794 7322
2208 7889
3481 7146
1438 5101
4051 6566
1731 4277
2860 7515
2502 8126
3601 6248
1364 4905
1066 4695
3033 7590
4092 6531
1787 4228
1507 4963
2120 7883
2812 7288
1132 4841
1244 4698
854 5585
2408 8162
1711 4132
2330 8086
1369 5077
2094 7842
2320 8093
3298 6770
3175 6901
2911 7627
2682 7404
1852 4522
1772 4219
3586 6293
280 6019
3997 6401
568 5285
2910 7616
2681 7399
1664 4130
3762 6161
1394 5076
4000 6406
2176 7719
3897 6547
1697 4106
3162 6902
3474 6974
1794 4530
1893 4564
685 5151
288 6040
1970 4362
233 5712
3400 7154
2587 7334
2185 7735
3737 6183
2726 7192
3588 6331
3470 6990
896 5443
3770 6271
3460 6977
1862 4494
1648 4280
3074 6860
2875 7668
244 5691
3317 6693
3563 6971
3417 7049
2757 7191
1947 4425
22 5829
1368 5005
3993 6476
223 5642
1719 4193
2312 8159
846 5524
3635 6377
331 6032
3930 6534
2532 7992
480 5949
2263 7734
3824 6162
3998 6522
1600 4260
2810 7199
2079 7929
448 5926
2362 8157
306 6106
3556 6924
3055 7430
2936 7572
2320 8191
3156 6823
3404 7096
4077 6425
3219 6758
459 5949
2948 7538
2355 8133
3988 6508
4034 6456
3267 6712
445 5958
3761 6221
4089 6404
1252 4634
1107 4781
2216 7766
1298 5101
2163 7820
2957 7309
3560 6889
1063 4902
1658 4473
2223 8108
570 5433
236 6120
3839 6650
841 5196
2310 7683
132 6028
1044 4892
1509 4844
3559 6894
3636 6463
461 5830
1497 4818
2980 7343
2928 7292
191 6067
902 5258
1502 4818
1641 4452
426 5796
1158 5000
2399 7758
2456 7819
2144 8052
69 5969
1854 4138
1694 4489
3832 6626
3260 7070
1517 4809
2271 8182
1942 4284
633 5461
824 5141
334 5728
2286 8128
1297 4670
2120 8056
180 6020
2263 8166
3830 6599
2832 7203
1482 4862
396 5812
1310 4646
1383 4702
967 5370
2433 7871
937 5270
1821 4191
2931 7217
3933 6174
760 5564
1457 4854
310 5758
3028 7325
1061 4972
3889 6264
2927 7205
3606 6492
2550 7864
1552 4416
2203 8137
277 5703
2395 7688
3849 6225
433 5864
3025 7304
4046 6295
2275 8121
496 5804
3625 6516
94 5951
3639 6485
838 5157
3037 7353
2213 8131
3067 7325
833 5161
684 5573
138 6112
1964 4294
3019 7328
2910 7218
2243 8110
270 5731
440 5845
823 5209
749 5534
1522 4742
2140 7979
2786 7578
2189 8180
880 5129
241 6024
2407 7708
815 5203
1574 4440
2230 8136
1139 5107
2302 8061
3720 6411
415 5659
3045 7267
44 6058
1001 5231
2450 7700
3393 6856
1309 4759
2636 7622
3798 6493
2905 7378
2325 7832
193 5966
2051 8076
1099 5083
863 5327
1386 4856
3052 7295
3712 6420
2537 7805
3208 6942
1430 4608
871 5361
860 5316
3213 6935
878 5364
313 5796
1767 4474
201 5975
105 6134
1919 4320
2021 4165
896 5153
3076 7077
1742 4461
2678 7637
1273 4956
2404 7873
172 5897
2629 7650
344 5887
2595 7563
3786 6499
3724 6439
658 5438
827 5271
1185 4877
3492 6665
2138 8183
1770 4423
2077 8115
3919 6368
1632 4559
1518 4673
3680 6609
526 5567
1984 4211
1989 4209
488 5726
3262 6921
638 5574
3530 6769
216 5988
2882 7421
3590 6585
319 5886
3079 7109
2111 8187
1853 4341
513 5577
2103 8188
768 5324
954 5239
3594 6596
2634 7556
1897 4262
2480 7807
1243 4874
1481 4632
978 5121
2785 7477
3422 6795
4006 6256
3854 6358
2143 8071
1872 4237
2391 7818
1315 4862
4091 6180
1468 4707
3391 6880
553 5622
595 5555
1436 4732
2266 7995
1654 4503
1652 4502
2524 7742
3268 6951
1332 4817
1539 4581
654 5478
1237 4925
1565 4599
383 5781
3868 6390
766 5395
2839 7398
891 5258
3243 7001
1254 4885
1682 4449
2593 7636
259 5877
2830 7414
1072 5065
2280 7954
1228 4918
1841 4299
610 5529
1320 4820
3561 6678
985 7129
2353 4402
71 6210
1651 7797
861 6996
2818 4875
2082 4139
1827 7983
598 6746
1691 7830
803 6957
739 6896
2941 4974
48 6184
1019 7139
2886 4959
4094 6116
3040 5115
3626 5687
3250 5266
3153 5233
986 7163
1677 7852
1315 7426
1977 8091
3783 5860
2325 4406
3520 5607
1309 7476
1290 7456
2129 4219
1512 7618
3871 5937
2485 4507
2133 4199
1073 7170
3041 5074
2690 4790
1738 7934
1930 8127
3998 6056
3569 5574
3738 5794
1865 8051
197 6398
2168 4165
796 6945
917 7083
2908 4962
2314 4404
530 6701
365 6444
160 6369
4054 6037
1194 7401
2926 4906
1102 7178
690 6900
1282 7498
3068 5044
2557 4533
3178 5158
2157 4128
3316 5305
1953 8175
3124 5220
1774 7870
589 6685
3380 5477
1743 7837
474 6542
85 6144
1817 8001
3105 5240
444 6630
1498 7559
237 6322
87 6198
1054 7293
2204 4344
1509 7554
3133 5205
235 6275
2518 4540
185 6357
1716 7897
2295 4230
1068 7263
3846 6005
1252 7313
3080 5245
2726 4816
91 6188
3973 6143
114 6152
4017 6090
3952 5900
2122 4151
2603 4693
549 6820
3997 5919
3828 5751
960 6981
1855 8121
2443 4355
3740 5654
1867 8129
1550 7813
1849 8117
2892 5059
1012 7012
205 6236
2008 8012
1465 7468
1026 7316
1678 7702
906 6928
2527 4420
1931 7959
519 6810
3018 4948
3826 5714
916 6966
1881 8186
1668 7713
338 6651
1998 8037
2602 4743
1448 7431
1678 7713
1482 7546
1083 7306
1167 7230
4006 5908
2505 4474
2776 4715
1089 7410
2934 5058
3980 5944
3060 4930
416 6422
2896 5095
1700 7709
2279 4189
290 6552
698 6657
988 7015
3922 6127
18 6319
3673 5785
1407 7615
203 6154
2865 5107
2046 7996
1587 7920
2997 4982
3066 4926
3490 5479
2694 4673
1382 7598
3903 6133
3108 5353
3686 5803
1545 7879
1564 7891
3607 5828
3285 5121
1144 7341
600 6798
580 6803
2141 4234
2795 4668
805 7165
1609 7824
3788 5654
2000 7950
1692 7746
2455 4425
3852 6125
612 6790
1210 7256
2180 4198
2034 7953
2778 4668
2259 4149
1907 8091
89 6322
72 6308
3967 6034
2819 5102
847 7073
3850 6117
3333 5622
1876 8097
1999 7993
1131 7324
1424 7527
1037 7413
2893 5047
1737 7734
2483 4275
2804 5111
3261 5560
821 6707
1611 8013
3373 5159
729 7122
3255 5562
1974 7864
826 6708
2577 4865
2331 4107
2408 4217
1199 7614
1532 7406
2427 4200
2882 4689
2398 4171
655 7066
283 6147
1356 7252
1515 7409
1985 7899
3438 5234
1391 7283
2805 5096
169 6580
1355 7254
383 6238
1127 7491
2541 4297
658 7093
1057 7435
603 7024
405 6329
2461 4274
1886 7793
1682 8125
347 6250
3751 6038
3302 5586
2217 4508
3535 5369
3194 5440
3281 5611
2625 4987
1564 7970
1641 8023
3479 5334
2857 4712
432 6385
697 7167
2059 4419
3164 5397
982 6812
3860 5727
1316 7272
1798 7755
1911 7737
3354 5204
878 6688
2240 4496
3358 5198
2123 4378
3817 6072
2753 5010
445 6379
263 6237
2852 4728
2048 4445
2951 4824
677 7162
5 6502
2677 4886
682 7113
1950 7931
1761 8071
2470 4288
3063 4766
3230 5623
1540 8046
332 6183
1576 8004
240 6558
920 6902
1051 7540
336 6207
3627 5979
1645 7964
2467 4304
2985 4828
4028 5833
2174 4360
2688 5110
859 6700
2646 4911
4024 5827
1859 7736
3595 6007
1082 7494
1879 7721
2889 4662
2402 4125
3202 5629
1820 7836
1124 7655
3818 5998
3265 5445
2526 4187
2721 4902
4079 5735
1912 7922
2889 4802
1351 7371
897 6668
1420 7170
3121 5538
3035 4686
1542 8083
2453 4098
2360 4271
1092 7644
3686 6143
2437 4124
4003 5690
1523 7272
1473 7258
626 7150
715 6999
3534 5202
1462 7210
2060 4497
735 6978
1203 7469
1376 7361
42 6536
3936 5826
697 6938
3600 6068
2683 5086
1880 7933
2957 4651
3335 5281
3779 5995
696 6929
413 6196
3630 6023
2984 4610
3687 6093
1080 7574
717 7010
1829 7818
377 6345
2631 5110
744 7004
2776 4973
724 7009
1459 7173
3831 5952
107 6609
2815 4932
835 6911
2575 5043
238 6483
1393 7375
472 6247
1992 7690
497 6194
2907 4767
770 6854
1202 7542
3838 5947
702 7032
36 6637
179 6525
2355 4325
2735 4984
1590 8174
1011 6699
3345 5320
2598 5116
3986 5705
1476 7200
3062 4626
3704 6045
3294 5435
3271 5409
3085 5610
1370 7346
2578 5115
3177 5504
741 6927
963 6696
3777 5932
2827 4837
1444 7243
2999 4678
3727 6012
2783 4907
3193 5516
2852 4831
2838 4845
713 6964
3435 5270
3328 5373
627 7053
1173 7530
128 6784
4081 5616
575 6206
701 6328
3764 5298
2992 4535
3172 5731
1103 7751
3401 5957
631 6267
2094 4642
1346 8015
3229 5779
528 6175
1592 7209
63 6701
1296 7939
1401 8042
3756 5305
1657 7276
3125 5667
4054 5568
3395 5973
2873 4399
112 6758
2277 4861
1142 7791
1003 6642
1736 7378
748 6390
1631 7234
408 7047
140 6828
298 6923
1948 7613
2229 4756
3786 5355
3844 5414
2485 5014
3349 5942
842 6505
3510 6032
1255 7873
146 6837
3270 5857
3710 5206
3970 5546
4027 5522
3030 4607
132 6830
2854 4363
402 7100
3442 5955
886 6471
2802 4288
3506 6017
1963 7576
505 7116
1956 7571
3703 5199
312 6912
1019 6593
1995 7671
1204 7817
330 6922
516 6212
1177 7896
3557 6052
3706 5168
541 6231
685 6375
1523 8120
3767 5371
171 6885
486 7095
4082 5536
2909 4361
2834 4423
3544 6030
1865 7441
3911 5407
3794 5259
1956 7672
3071 4513
1470 8161
3174 5689
2067 4721
2183 4837
2719 4349
1240 7869
1258 7810
837 6445
3891 5465
3107 5704
1684 7417
1571 7246
500 7065
711 6313
3924 5412
4040 5561
814 6495
1198 7900
3357 5998
1581 7258
3746 5333
3963 5383
3743 5346
1521 8076
1083 7865
1896 7659
2835 4496
2358 5045
4074 5486
2996 4402
1856 7622
3923 5595
2556 4980
1067 7845
1556 7323
2472 4920
1072 7841
3364 6069
2010 7496
832 6611
3736 5131
1603 7382
536 6287
2944 4377
302 7092
890 6624
3039 4421
1375 8133
2644 4296
3204 5657
746 6218
546 6274
1711 7182
3974 5415
1935 7468
1475 8039
1295 8106
799 6583
2119 4847
4075 5447
2322 5052
1557 7329
2834 4516
1227 7804
2146 4827
583 6397
767 6213
3438 6100
3489 5914
2715 4134
3252 5641
548 6373
3792 5137
2752 4097
496 6962
469 6931
2535 4896
3729 5206
3784 5120
3213 5700
3299 5673
1077 7934
1154 7753
2458 4950
2937 4535
676 6251
1923 7500
3311 5695
976 6400
3280 5633
2435 4949
2095 4856
3742 5193
2616 4320
2880 4505
2732 4213
1375 8067
2374 5016
1412 8027
2054 4825
2235 4698
176 6738
980 6454
2919 4484
3324 5663
3996 5496
3687 5251
4057 5436
1246 7735
1122 7816
2975 4468
2093 4801
3698 5278
2344 5062
3118 5854
3639 5318
3325 5644
3225 5741
1266 7687
3200 5751
1440 8023
203 6716
2922 4498
569 6336
1335 8140
949 6473
2767 4144
3916 5196
3183 5997
2543 4845
44 6958
1204 8114
719 6600
467 6875
1308 7701
1535 7925
2088 4898
56 6964
73 6981
1813 7193
775 6155
1516 7904
2066 4895
2224 5053
1709 7586
558 6433
3377 5694
2491 4778
2930 4195
27 6922
1725 7593
3292 6089
2421 4704
1260 8186
448 6870
2135 4942
1418 7827
1789 7650
2350 4623
3128 5919
1392 7770
2764 4583
2597 4366
1460 7833
930 6284
1134 8000
894 6224
3847 5175
2257 5089
1042 7969
2339 4631
3875 5143
1026 7994
2253 5109
3242 6035
3016 4338
2625 4479
3456 5823
3930 5144
3234 6113
1451 7912
1801 7244
556 6500
956 6389
2132 4894
3572 5823
1888 7211
3653 5397
2463 4812
2254 5019
2843 4174
2503 4754
3099 5965
1591 7521
2877 4203
4086 5281
1996 7316
1845 7278
3919 5139
3573 5803
3794 5517
199 7078
2641 4403
3684 5382
2942 4118
3326 6039
797 6263
3793 5565
2281 4997
1875 7229
2023 7304
83 6972
2921 4121
3699 5377
675 6608
2857 4186
1065 8029
3573 5760
1358 7732
2624 4415
1620 7467
3451 5883
455 6727
2881 4293
46 7082
3246 5930
2309 4736
543 6554
147 6934
836 6339
3493 5666
582 6606
473 6736
1396 7935
3495 5675
1074 8127
1212 7986
2010 7253
2983 4136
2021 7284
589 6620
2060 5022
874 6392
1264 8036
1048 8077
3462 5649
3140 6110
1427 7689
2634 4561
518 6552
1236 8011
130 6941
3446 5865
3444 5867
1422 7726
844 6381
4041 5227
331 6888
3795 5488
2196 4913
2952 4142
1609 7663
3252 5906
4029 5147
261 6818
2121 5091
3877 5256
3491 5650
1943 7204
1619 7648
3355 5800
2082 5014
2469 4624
1671 7473
2749 4359
666 6432
714 6518
2674 4558
3336 5815
1242 7962
3267 5891
3556 5670
1456 7796
1138 8118
2204 4951
280 6867
1627 7575
3711 5555
2719 4435
3566 5664
671 6481
1062 8169
1054 8142
645 6484
794 6347
1981 7279
2536 4666
994 6198
3501 5749
1205 8047
3414 5772
3184 6059
1233 7946
628 6575
2855 4347
2508 4625
577 6556
4027 5208
1156 8033
3643 5598
3624 5582
3626 5580
3182 6024
3437 5764
4014 5191
1021 6164
3022 4132
3185 6043
3219 6015
3425 5772
527 6624
3389 5839
941 6239
672 6483
2763 4408
3879 5331
2185 4989
828 6346
1562 7661
882 6277
1763 7451
3965 5255
691 6472
3198 6018
3929 5286
2367 5439
579 7747
623 7786
731 7902
2250 5314
3734 4767
3163 4176
1275 6384
2308 5384
1111 6235
3892 4921
3076 4106
3073 4116
1357 6491
352 7542
1815 6912
3702 4716
4079 5109
716 7888
961 8156
1741 6892
2539 5569
4000 5002
477 7665
1773 6851
2534 5577
2750 5774
1922 7090
1681 6817
4077 5085
2258 5347
2579 5671
361 7516
3129 4108
114 7237
1014 8129
3690 4691
3448 4417
1862 7035
1306 6439
1663 6722
3648 4734
2591 5664
3396 4475
2105 5126
2545 5582
3505 4595
2454 5585
651 7875
1174 6367
4030 5108
2172 5175
1582 6754
3060 6074
3300 4266
3374 4448
3961 4918
3843 4946
1455 6653
550 7795
60 7273
2599 5744
804 8061
1650 6697
3158 4109
1255 6330
3293 4224
1496 6535
3244 4301
2084 5189
1680 6900
632 7708
1703 6850
534 7792
2109 5210
2816 5992
3282 4282
1808 7033
3203 4328
2393 5429
748 7809
2422 5400
3721 4839
2414 5376
3139 4140
1055 6255
2291 5250
2517 5540
291 7505
3984 5093
1889 6935
1919 6918
4002 5081
1034 6262
2517 5544
2639 5682
412 7651
230 7321
1365 6613
2476 5421
3630 4780
938 7977
1449 6444
3391 4537
977 8025
1174 6175
3745 4651
24 7314
230 7276
952 7987
3944 5091
4013 4897
4094 4979
3401 4550
619 7908
609 7921
889 8168
204 7262
1817 7050
2538 5497
2510 5466
3951 5113
1320 6578
958 7971
946 7981
3987 4915
1927 6950
3531 4463
943 7947
2958 5930
10 7340
1028 6307
696 7697
3744 4617
277 7615
2075 5296
3371 4487
3171 4301
873 8153
436 7429
1827 7063
497 7493
3540 4448
2031 7000
2121 5361
394 7475
3383 4491
3869 5027
1433 6438
2531 5410
3565 4398
972 7945
3942 5024
3418 4499
2660 5807
2999 6011
2428 5554
3712 4686
1646 6846
4008 4985
378 7592
971 7960
3642 4846
3 7383
1263 6203
2282 5180
2946 5973
1459 6507
4052 4876
3985 4936
783 8150
2061 5332
2856 6129
466 7432
2294 5165
871 8124
2692 5720
2220 5232
708 7705
1616 6797
3211 4181
3224 4166
1959 6983
2316 5606
256 7659
2283 5120
507 7447
1478 6442
3071 5907
3457 4460
1345 6572
3882 5063
2184 5223
3042 5906
2845 6127
1 7413
166 7250
3948 5018
2473 5457
1642 6802
2723 5723
1848 7106
1768 6675
3824 4620
1387 6551
2104 5317
139 7563
68 7492
834 7747
1547 6921
3119 4397
3040 5859
565 7990
807 7715
422 7331
1353 6223
2344 5167
981 7900
1033 6403
3378 4153
2478 5283
3810 5100
2723 6061
1361 6209
2476 5311
755 8160
3939 4727
1721 7084
1983 6826
2333 5128
1193 6590
4019 4779
2040 6882
3460 4255
502 7405
3133 4390
1688 7044
1271 6633
3908 4699
1490 6386
3188 4436
221 7677
1792 6689
320 7266
1196 6543
21 7472
1015 7889
1871 6761
3511 4255
1434 6323
2002 6907
1860 6766
440 7314
3020 5856
1036 6434
9 7462
3123 4380
3487 4266
1719 7040
3986 4777
367 7251
3284 4586
490 7380
3181 4435
1972 6794
2164 5451
1894 6694
2434 5312
2373 5126
379 7231
1835 6767
1279 6585
3878 4715
1347 6157
3478 4313
2712 6088
674 8179
3001 5869
4064 4793
679 8189
2308 5215
3037 5761
1977 6872
121 7450
3012 5793
1400 6173
3476 4337
2395 5180
2495 5336
3931 4657
1500 6321
1297 6268
1361 6207
4049 4768
1535 6285
1129 6426
3014 5813
1654 6917
742 8082
1480 6332
1084 6473
1913 6668
3792 5030
3197 4357
93 7461
1485 6327
2354 5192
2262 5548
3868 4710
2897 5674
2332 5216
4037 4792
1279 6530
1213 6592
914 7916
1061 6491
1774 7023
2272 5473
544 8098
242 7541
160 7466
3159 4572
2449 5149
237 7521
1997 6720
1080 6582
3279 4447
2668 6140
2693 5909
3932 4813
3000 5674
388 7184
3640 5036
1701 6960
104 7678
3943 4861
3959 4842
801 7868
1268 6505
4001 4671
3323 4453
3132 4504
2565 6048
1748 7026
1446 6158
2260 5503
3034 5750
3152 4605
1861 6890
2680 6089
2372 5367
369 7362
3548 4200
3217 4388
3274 4479
1430 6177
2692 5948
1397 6348
2359 5261
3957 4814
637 8128
826 7815
1803 6859
3149 4493
2328 5337
1876 6806
999 7717
3619 5088
2382 5261
2154 5548
329 7311
3760 4983
2712 5983
1664 6984
683 8035
3021 5639
2143 5523
4071 4650
1810 6879
1667 6989
2523 5141
2615 6136
1389 6306
2176 5456
489 7224
418 7280
2423 5284
1284 6354
533 8131
3089 4551
836 7839
1168 6512
1534 6173
1925 6753
3376 4308
3670 5041
3820 4868
737 7945
928 7754
264 7394
67 7598
1851 6870
3862 4859
1465 6231
3880 4827
161 7509
2747 5966
1012 7692
1173 6508
2434 5241
2648 6051
3310 4368
115 7565
1525 6155
671 8032
3187 4723
2870 5430
1372 7007
2460 6047
2295 5875
1041 6676
1784 6399
2259 5844
2414 5993
1195 6817
2072 5651
2484 6079
2586 5143
1267 6909
49 7712
2976 5554
806 7476
263 7956
3353 4877
462 8154
2081 5684
111 7802
3378 4900
758 7392
124 7780
831 7463
1795 6428
3480 4999
387 8097
3014 5605
1180 6840
281 7985
3192 4688
340 8062
3369 4866
3488 5004
1726 6288
1716 6298
3021 5602
630 7239
129 7859
1800 6459
1 7730
2888 5500
2496 6132
3964 4426
2650 5229
2098 5643
2307 5945
8 7731
1727 6276
2848 5405
3007 5631
1146 6714
785 7504
168 7915
1391 6956
1639 6179
903 7618
3241 4846
990 7577
3781 4236
2102 5759
351 7957
3431 4908
3656 4101
1558 6213
3608 4172
2022 6579
879 7480
2694 5329
3369 4976
1991 6557
772 7512
3002 5607
279 8010
2824 5462
68 7707
3526 5031
3796 4279
1341 7006
1773 6281
2301 5787
2512 6071
1386 6915
809 7488
2425 5907
1276 6807
831 7508
2565 5224
2380 5921
904 7653
3423 4912
2593 5201
2853 5460
2423 5893
3560 5019
1546 6265
1598 6218
866 7450
386 8187
1431 7150
3782 4287
3641 4160
51 7753
2760 5299
3972 4600
150 7912
761 7289
2388 6101
1710 6191
2974 5404
3911 4549
2248 5707
712 7244
665 7197
3890 4534
2939 5630
2717 5146
1114 6866
829 7605
487 8047
1334 7102
751 7270
879 7653
2522 5974
642 7183
3070 5488
205 7746
322 8145
2306 6033
3208 4638
2057 5790
1261 6773
3315 4714
3154 4811
2938 5600
4017 4394
3010 5470
504 8038
1342 7072
2127 5841
528 7311
1740 6252
2124 5868
1384 7113
2117 5862
1589 6289
3734 4146
2529 5956
1796 6562
3240 4622
753 7257
2605 5255
2968 5427
1109 6910
2247 5737
2471 5911
605 7405
1586 6278
3019 5502
1900 6617
2338 6039
2484 5891
3679 4328
3649 4342
3814 4188
2013 6503
2864 5514
4060 4454
273 8107
3036 5472
3901 4483
3539 4972
1165 6735
3623 4323
3327 4667
273 8149
3313 4660
733 7194
3873 4585
3676 4246
1924 6479
2207 5715
739 7217
2617 5354
773 7633
1921 6487
1960 6526
2687 5287
2268 5638
2045 6438
633 7333
1149 6816
2696 5207
3552 4864
613 7301
3081 4843
1336 7131
3233 4681
567 7391
3159 4799
2112 5801
2815 5140
1908 6559
357 8073
1937 6524
621 7299
1819 6645
1357 7074
1395 7043
1625 6313
3154 4769
3449 5005
881 7557
109 7832
579 7348
3002 5442
3492 4957
1905 6539
2028 6423
2223 5713
1949 6499
3171 4961
1856 6210
3474 4753
95 8024
1198 7081
2583 5407
1807 6150
2362 5681
561 7486
471 7878
2867 5153
164 8119
279 7684
889 7277
1598 6443
1552 6408
3519 4774
2703 5524
925 7302
2268 6087
2660 5498
1508 6852
3307 5066
3433 4680
1009 7379
3536 4851
1857 6245
3010 5350
3894 4112
1530 6877
2561 5421
2007 6375
1717 6532
364 7769
876 7259
212 8163
1745 6633
2528 5848
3361 4632
3317 5071
2317 5686
1967 6291
1325 6764
262 7748
92 7966
2653 5400
939 7395
2671 5415
1949 6356
1301 6750
1940 6367
2906 5140
2797 5539
1723 6645
3589 4437
1802 6235
1344 6673
1259 7098
3610 4424
3046 5301
361 7738
1776 6563
2689 5588
981 7296
1360 6662
3736 4558
3053 5306
905 7377
416 7929
287 7750
3434 4656
3528 4757
574 7520
221 8067
261 7771
1266 7058
1145 6940
1423 6888
2862 5189
3127 4954
1134 6915
766 7571
1060 6987
3078 4978
3398 4659
20 8034
1869 6202
3024 5289
298 7760
2993 5323
1349 6719
3312 5003
817 7242
2579 5480
38 8026
3587 4478
1568 6495
2116 6086
1153 6914
3664 4563
1267 7031
2711 5394
1463 6705
2125 6091
1056 7080
2313 5763
2630 5581
4036 4175
314 7862
1476 6728
2950 5128
1379 6899
1614 6623
1814 6279
1832 6330
3660 4575
3217 4868
1398 6880
2363 5795
2771 5449
2779 5440
420 7743
1816 6275
3232 4924
3308 4940
1718 6422
3380 4756
2426 5851
3592 4523
37 8070
2892 5352
456 7788
1806 6312
2707 5435
2419 5850
1439 6710
2041 6227
705 7531
1181 6967
2309 5806
2023 6220
2257 6010
1891 6351
2993 5151
2823 5289
4076 4189
170 7961
1308 6831
2264 5997
1520 6726
872 7390
3829 4419
1495 6767
1161 6962
508 7751
2269 5984
2965 5163
31 8096
1757 6431
1487 6669
3157 5009
632 7612
3117 5098
1873 6294
3144 5007
2358 5873
3386 4851
1927 6222
1720 6515
1750 6429
3995 4183
2049 6092
3789 4354
3732 4443
187 8041
3107 5104
2805 5420
417 7803
1690 6465
1411 6748
2375 5799
2697 5481
3789 4396
2436 5734
522 7657
3452 4760
2218 5967
1175 7024
1395 6804
192 7975
765 7444
2673 5531
552 7619
3087 5088
1013 7169
295 7891
1366 6819
2032 6149
2298 5888
2152 6034
2167 6029
4039 4157
3571 4616
1707 6484
2342 5849
571 7620
2710 5481
3453 4738
1538 9730
454 8645
875 9071
1458 9652
662 8857
348 8525
96 8308
1006 9208
90 8259
1775 9974
1241 9410
1404 9566
1421 9647
1056 9224
1249 9418
1353 9593
260 8502
1435 9644
602 8800
7 8250
961 9088
728 8861
1768 9903
794 9042
238 8358
699 8947
547 8810
558 8807
663 8921
402 8668
1538 9812
715 8861
1495 9601
391 8671
1687 9929
177 8403
198 8367
228 8333
272 8570
1114 9271
1388 9473
246 8326
1251 9371
666 8734
1760 9835
626 8958
1612 9921
1671 9738
175 8244
291 8636
606 8959
1729 9828
607 8953
695 8720
450 8555
276 8634
159 8237
1461 9484
1184 9243
1191 9242
803 9187
441 8568
382 8635
1286 9676
1559 9947
1532 9520
30 8400
433 8547
1772 9785
1231 9239
464 8459
106 8375
321 8618
1293 9724
2045 9996
774 9202
1117 9387
904 9086
555 8919
975 9009
1248 9247
437 8374
1870 9802
787 8730
327 8265
1393 9313
148 8582
48 8488
601 9026
1479 9436
964 8923
845 8813
830 8735
608 9038
1110 9593
1930 9915
554 8990
1327 9241
1292 9268
1035 9526
789 8744
338 8300
1005 8875
145 8663
1125 9512
86 8472
740 9140
1031 9554
570 9071
358 8241
849 8710
193 8607
1294 9326
1812 9846
866 8708
1489 9401
46 8517
1187 9678
15 8546
864 8719
1189 9685
38 8535
927 8942
2020 9878
449 8372
1794 9851
1966 9939
1379 9454
1445 9258
384 8207
154 8458
609 9205
179 8484
1688 9988
1154 9503
215 8521
224 8513
1016 8798
505 8287
1156 9524
156 8488
840 8956
848 8937
50 8589
604 9116
1339 9465
943 8812
1179 9567
674 9062
392 8256
100 8621
672 9066
278 8409
1241 9483
957 8809
1015 8736
2027 9788
1076 9711
869 8891
1088 9630
304 8431
825 8924
204 8491
1130 9613
503 8221
311 8412
1295 9440
710 9014
476 8237
357 8343
716 9015
343 9047
410 9115
959 8637
465 9174
1282 9995
227 8936
650 8346
156 8846
704 8402
34 8753
1766 9459
151 8832
325 9054
252 8928
916 8585
1274 9956
1245 9982
663 8370
1796 9506
1797 9513
212 8954
657 8356
818 8455
1141 9803
2011 9629
910 8640
6 8791
1223 9877
1752 9355
478 9096
395 9171
1269 9897
123 8743
918 8651
387 9187
1016 8602
1746 9399
747 8334
248 8863
512 8298
86 8762
1913 9484
348 9003
762 8320
892 8454
583 8252
1615 9423
2004 9552
709 8268
439 8999
1626 9422
1661 9445
124 8934
1929 9492
184 8721
404 8993
225 8791
883 8650
342 9196
1882 9624
6 8900
1090 9862
1152 9799
707 8206
2039 9528
1782 9255
847 8603
743 8242
2046 9510
1825 9727
1171 9841
2043 9491
282 9203
352 9099
390 9064
1214 9808
1042 9963
1137 9867
1764 9240
781 8688
1820 9699
125 8834
139 9103
2044 9461
1750 9695
58 9008
1020 8438
1384 9829
1346 9804
72 9031
1874 9283
1914 9320
1917 9317
1601 9564
1670 9645
769 8239
1901 9309
623 8538
385 8884
122 9039
1602 9595
447 8833
884 8266
2003 9452
250 9145
1997 9358
1764 9633
392 8897
1983 9460
196 9098
1100 9986
1832 9319
292 8819
1901 9229
84 9020
418 8910
721 8609
548 8532
624 8452
917 8418
192 9144
143 9203
1635 9500
1376 9759
784 8336
1322 9899
1305 9883
358 8932
131 8967
1745 9558
796 8341
1952 9260
453 8776
1958 9256
689 8483
2036 9318
374 8940
359 8957
272 8847
997 8256
100 9164
899 8233
1866 9440
936 8198
1989 9322
341 8935
1976 9226
881 8390
1900 9384
844 8328
725 8467
81 9117
979 8220
1878 9351
1757 9486
195 8990
1377 9916
1982 9310
957 8280
495 8714
52 9169
251 8977
1859 9385
304 8925
121 9108
284 8940
1844 9409
661 9887
1350 8520
70 9303
219 9416
680 9916
118 9325
106 9335
327 9562
744 9975
1380 8571
1937 9139
1189 8332
391 9642
498 9665
26 9257
1417 8638
1513 8658
730 9959
1275 8377
1038 8266
1186 8426
1354 8448
1714 8952
302 9599
1630 8716
1524 8615
42 9337
308 9569
389 9683
691 9957
219 9356
269 9556
723 9865
638 9763
248 9383
183 9431
1941 9200
1572 8770
1301 8549
296 9560
197 9396
147 9447
1749 8867
1861 9022
1373 8480
717 9804
1292 8590
310 9650
1783 8827
1123 8428
1704 8760
376 9688
1404 8670
88 9458
1109 8421
1828 9111
709 9853
229 9308
2012 9056
294 9627
1355 8693
667 9819
1288 8648
1143 8370
421 9568
525 9926
94 9365
596 9860
1119 8335
375 9639
1104 8323
1706 8831
1163 8285
1573 8946
656 9799
1866 9106
1527 8494
1744 8713
1152 8282
699 9831
264 9704
1469 8528
1069 8387
1508 8468
55 9414
700 9806
1469 8526
2022 8988
332 9655
1116 8353
354 9628
375 9608
2018 8931
1910 8830
1572 9004
511 9462
1250 8680
1272 8693
218 9673
141 9625
1068 8505
1791 9194
1885 8773
1179 8579
1094 8542
320 9305
1405 8286
161 9602
995 9927
1895 8783
1780 9181
1692 9138
1410 8371
812 9755
1643 9040
1751 9192
783 9807
1339 8304
1642 8993
401 9436
1128 8507
1138 8486
431 9464
381 9253
99 9535
1102 8465
1230 8623
1591 9045
1318 8261
1001 9869
926 9977
223 9648
805 9814
1847 8772
220 9643
639 9991
56 9537
942 9941
1915 8711
1546 9077
935 9762
870 9952
1209 8497
1113 8656
163 9514
1270 8571
1092 8656
1770 9076
1184 8450
1971 8727
231 9536
956 9748
447 9238
471 9338
1860 8938
1207 8472
1703 8981
1238 8549
403 9258
159 9507
1830 8859
1283 8384
1399 8369
2036 8755
1732 8963
722 9984
266 9438
1018 9772
1674 9046
1477 8219
1562 9211
229 9474
66 9642
932 9805
110 9607
12 9696
1885 8876
1666 9072
1838 8920
1864 8895
1253 8478
996 9702
1613 8271
1447 9124
1338 9017
1232 8920
557 9251
1170 8839
1587 8235
974 9686
1302 8972
1116 8826
1202 8852
1528 9183
4 9773
1425 9147
1466 9104
1419 9127
178 9886
190 9867
513 9270
1151 8775
1140 8756
104 9770
135 9921
1413 9164
1490 9118
1585 8317
1172 8923
540 9295
128 9939
126 9768
1463 9184
1946 8643
1643 8203
1979 8671
1755 8383
1237 8880
1112 8766
852 9523
172 9951
1920 8692
1176 8929
97 9752
743 9374
809 9555
1839 8529
838 9529
1098 8906
834 9671
730 9298
1884 8659
1638 8439
145 9728
1850 8622
885 9709
1341 9114
9 9889
1811 8633
1146 8913
855 9723
908 9504
757 9304
798 9645
1280 9142
534 9377
1728 8312
1608 8434
1464 9086
856 9617
1831 8695
131 9814
1095 8860
832 9629
1854 8672
2043 8484
929 9598
1585 8401
519 9447
884 9621
1280 9186
1621 8371
577 9382
537 9461
1062 8904
498 9989
246 9742
551 9434
1270 9214
791 9246
282 9744
1852 8240
1769 8676
1125 9079
1986 8406
1201 9127
1629 8575
1906 8278
631 9553
1473 8935
459 9954
953 9367
1432 8873
390 9908
1898 8287
874 9297
1368 8804
2014 8416
512 9540
1973 8432
1658 8509
276 9820
1616 8475
1771 8614
562 9574
657 9669
763 9635
1057 9084
738 9660
1730 8605
380 9757
617 9483
969 9386
1846 8272
1348 8750
1363 8766
1636 8457
1887 8242
1480 8890
1529 8845
1115 9004
1779 8580
1264 9095
1201 9160
1613 8503
1073 9034
1225 9138
1452 8913
487 9830
841 9419
531 9616
1853 8378
1823 8339
845 9437
1259 9087
275 9860
435 9764
1336 8864
1421 8727
624 9711
1501 8828
1780 8533
1196 8971
339 9983
421 9737
1239 9082
1472 8823
274 9893
1481 8817
934 9244
1278 9025
268 9932
976 9233
1136 9141
1748 8465
257 9937
1647 8637
1824 8441
271 9940
535 9675
2017 8254
1922 8285
362 9866
324 9894
419 9798
1510 8707
1735 8481
616 9615
689 9538
1087 9162
2066 8211
2345 8490
3003 9150
2583 8734
3570 9721
3790 9920
2876 9010
2274 8434
3698 9827
3315 9441
3130 9256
3228 9349
3284 9422
2729 8882
3220 9355
2051 8220
3759 9859
2883 9069
2097 8192
2574 8764
2811 8911
3832 9933
3902 9993
2406 8538
2838 9003
2678 8779
3420 9500
2700 8909
3263 9470
3346 9559
3365 9570
3126 9339
2160 8229
3507 9700
2635 8723
3048 9139
2328 8516
3176 9269
3288 9403
3799 9913
3307 9348
2474 8667
2702 8957
2160 8196
3500 9689
3548 9643
3812 9875
3578 9594
3300 9317
3332 9606
2895 9165
2276 8294
2754 8775
2724 8749
3661 9948
3251 9263
3603 9911
2778 8831
3615 9912
3713 9766
2244 8291
2126 8423
2619 8849
3509 9502
3390 9614
2863 9117
2775 8805
3677 9958
2552 8519
2896 9105
3411 9622
2611 8948
3337 9664
2649 8841
3222 9282
3351 9666
3235 9332
3612 9925
2547 8495
2198 8308
3741 9854
2201 8305
3830 9756
3165 9393
3112 9415
2793 8729
3258 9290
3341 9724
2499 8496
2106 8398
2998 9027
2940 9089
2869 9163
2326 8212
3176 9582
4003 9899
3536 9438
2134 8515
3576 9441
2831 8726
3893 9751
3177 9547
2921 8780
4095 9946
2403 8262
3516 9366
2827 8767
4021 9857
2265 8673
2599 8988
4033 9981
2716 9123
2505 8331
3455 9276
2620 9081
2417 8249
2689 9163
2847 8787
2106 8565
2978 8946
3498 9465
3228 9674
3517 9451
3485 9414
3958 9751
3135 9564
2669 8970
2547 8351
3115 9541
3518 9425
3255 9678
3861 9879
2708 8979
2564 9100
2161 8696
3454 9452
3973 9747
3338 9373
2474 8241
4076 9806
2401 8386
4063 9847
2109 8598
2737 8961
3141 9713
2883 8950
3507 9227
2515 8297
3030 8813
3382 9352
3167 9631
3412 9361
2451 8276
2853 8943
2915 8877
3802 9994
2516 8197
2371 8338
2261 8454
2367 8427
2470 8304
2990 8822
3301 9533
2970 8768
2595 9215
3347 9423
2210 8573
3854 9966
2826 8939
3465 9322
3216 9589
3489 9289
3865 9968
2232 8533
4046 9760
4055 9784
3132 9676
2265 8492
2492 8260
2741 9036
3121 9781
2936 8560
2280 8929
3896 9525
3819 9444
2614 8226
3719 9391
2935 8536
3758 9372
3201 9909
2179 8887
2442 9149
2927 8535
3652 9343
3801 9371
3657 9230
3295 9876
2188 8899
3974 9673
2903 8449
3135 9826
3113 9802
3273 9900
2663 8193
2781 8373
3659 9255
3682 9231
2808 8343
2373 9012
3136 9778
3633 9282
2865 8518
2087 8799
3275 9907
2465 9179
2432 9212
2740 8245
2099 8880
3248 9779
3762 9271
2239 8761
3753 9251
2807 8317
3634 9400
3803 9302
2571 8325
2085 8892
3214 9749
3295 9795
2242 8803
2972 8506
3264 9836
3884 9602
3063 8536
3505 9985
3946 9690
3191 9923
2601 8350
3327 9800
2299 8771
3885 9620
3072 9917
2928 8624
3872 9696
2975 8534
2212 8814
2611 8447
2800 8254
3646 9454
3993 9549
3595 9427
3636 9455
2136 8838
2554 8997
2862 8655
3205 9825
2884 8610
2801 8214
3041 8460
2249 8742
2656 8335
2380 9150
4011 9560
3957 9611
3741 9314
3050 8469
2667 8340
2585 8474
3414 9813
2117 9024
2242 9156
3979 9346
2860 8229
2670 8548
2868 8255
4087 9466
3759 9632
2163 9057
2958 8348
3965 9327
2482 8870
2086 9010
3907 9307
2119 9052
2628 8537
2203 9093
3954 9324
3800 9722
3593 9517
3842 9254
3742 9658
2170 9052
3546 9980
3806 9720
3748 9612
2937 8274
3933 9327
3757 9710
2173 9017
2607 8551
2538 8865
3940 9259
2336 8821
2353 8812
3441 9775
3166 9985
2114 8995
2459 8952
2323 8820
2586 8563
2227 9177
3651 9513
2655 8500
2917 8202
2675 8476
3606 9573
3952 9223
3856 9323
2049 9085
2932 8200
2544 8820
3036 8277
3921 9437
2675 8679
2766 8537
2287 9074
2157 9165
3015 8292
3845 9379
2627 8682
3006 8210
3464 9764
2986 8199
3362 9874
3705 9672
2056 9148
3632 9605
3817 9552
3514 9852
2435 8776
2343 8903
2691 8547
4035 9248
2782 8507
2095 9179
3904 9397
3408 9893
3662 8781
2219 9391
2662 9835
2789 9962
3421 8524
2396 9550
2431 9578
3840 8983
2519 9677
3494 8636
2654 9794
2758 9947
2551 9705
2145 9281
3359 8503
4004 9109
3991 9125
2426 9536
3244 8424
3697 8756
3664 8725
3645 8818
3205 8407
2610 9825
3663 8731
3393 8468
2541 9653
2363 9568
2733 9969
3504 8687
3845 9061
2389 9523
3579 8604
2717 9969
2525 9651
3471 8703
2187 9467
3116 8284
2662 9746
3745 8919
2296 9358
2659 9748
3458 8696
3890 9032
2322 9619
2194 9232
2292 9329
2231 9264
3899 9148
3679 8917
3454 8690
3421 8657
2126 9408
2698 9733
2498 9558
2091 9394
2416 9706
3444 8687
2532 9540
2131 9457
2287 9291
3641 8848
3883 9094
2177 9265
2767 9847
3802 8805
3383 8694
4048 8984
3808 8745
2507 9478
2585 9929
3251 8290
3612 8896
3771 8795
3591 8933
2607 9932
2479 9547
3730 8823
3134 8407
3773 8787
3299 8216
2501 9530
3771 9147
2062 9481
3440 8315
2226 9662
3032 9941
2090 9511
3709 9075
3657 9030
3203 8595
2922 9855
3917 8794
2319 9239
3094 8461
2540 9456
3633 9007
3747 9090
3568 8404
2228 9617
3431 8258
3918 8808
3253 8594
3718 9128
4080 8926
2976 9873
2080 9490
3672 9066
3344 8273
3347 8272
2519 9361
2050 9541
3562 8354
2175 9524
2050 9545
3589 9043
2215 9713
3660 8983
2166 9515
3700 9002
3678 9023
3254 8663
3472 8436
3196 8473
3488 8391
4050 8890
4061 8884
3510 8412
3334 8299
2525 9388
3280 8530
3968 8706
3582 8314
2427 9469
2209 9511
2925 9959
2445 9222
3001 9780
3206 8471
2844 9870
2324 9344
3563 8306
3857 8845
3872 8893
3796 9075
2131 9722
3026 9848
3297 8522
2953 9786
3958 8898
3225 8492
2303 9545
3891 8841
3597 9142
4064 8797
2149 9688
2891 9973
2473 9320
2858 9960
4032 8709
3851 8908
3013 9739
4035 8716
3398 8342
3190 8613
3703 9122
3394 8345
3446 8362
2511 9234
2943 9887
3269 8487
2964 9842
3291 8499
3223 8550
3607 9190
2402 9360
4031 8778
2916 9884
3535 8246
3945 8851
2475 9302
2190 9585
3681 8288
3370 9007
3874 8490
3508 9149
2914 9583
4010 8613
3204 8853
2107 9768
3375 9018
3450 9059
3250 8873
2270 9925
3815 8443
3455 9050
3449 9055
3212 8868
3247 8836
3569 9152
3042 9680
3717 8374
3339 9021
2571 9277
3971 8633
3632 8206
3677 8291
3122 8816
2589 9305
2638 9226
3013 9603
3525 9090
3953 8504
2621 9328
3750 8424
3950 8508
3577 9121
3775 8422
3278 8855
4016 8659
3822 8329
2946 9706
2406 9999
3092 8824
3189 8728
4081 8577
3726 8446
4021 8653
3276 8777
4029 8504
2730 9253
3907 8652
3667 8387
3692 8445
3935 8651
2789 9340
3026 9548
3336 9129
3561 9036
2115 9956
3018 9571
2114 9966
2687 9427
3238 8712
3230 8752
2732 9245
3477 8999
2624 9462
3926 8686
2488 9986
2138 9953
2947 9534
2994 9485
3436 9132
3975 8519
3059 9522
3038 9499
3467 9027
3405 9088
2638 9347
2284 9789
2905 9601
3150 8855
3459 9049
3044 9531
3074 8930
2130 9910
2875 9687
2734 9283
3918 8611
2158 9859
2786 9231
3866 8695
3046 9480
3083 8955
3989 8548
2751 9294
2665 9375
2810 9218
3744 8281
4001 8540
3978 8331
3574 8949
3435 8815
2521 9951
2952 9359
3834 8692
2995 9378
3212 9118
3163 9026
2650 9542
3343 8722
2329 9735
2994 9363
4045 8431
2554 9944
2929 9299
3450 8798
3578 8916
3676 8556
2508 9979
3350 8746
4059 8423
3842 8252
2386 9747
3697 8496
3916 8207
2846 9306
3746 8678
3948 8231
3162 8971
2622 9580
2543 9911
2768 9608
2305 9816
3822 8625
2304 9824
2667 9481
3966 8218
3048 9357
2940 9242
3260 9174
2399 9778
3653 8501
3580 8847
3209 9213
3991 8419
4068 8337
3345 8807
2649 9505
3243 9171
3156 9005
2766 9649
3466 8715
3549 8799
2430 9973
3193 9193
2863 9405
3743 8460
3650 8657
3397 8912
2715 9474
3069 9318
2945 9244
2664 9717
3719 8486
2612 9623
2822 9381
2448 9783
3303 9039
2570 9635
4085 8280
2477 9730
2900 9445
3218 8995
3975 8246
2825 9403
3484 8751
3725 8510
2369 9976
2453 9775
3054 9301
3003 9216
3769 8450
2487 9739
2714 9509
3436 8879
3525 8710
3936 8356
3443 8887
3763 8565
2560 9671
3077 9167
3914 8321
3672 8596
3110 9192
3035 9236
3257 9065
3086 9180
3711 8620
2990 9341
2773 9472
3772 8554
3432 8895
3246 9078
3524 8728
3643 8677
2336 9983
2979 9280
3866 8446
3170 9094
3120 9173
3058 9237
3174 9103
3648 8617
3475 8824
3231 9074
2507 9765
3342 8958
2440 9850
3544 8748
2594 9686
2340 9938
3497 8784
3056 9225
2948 9338
2973 9315
5559 9651
4645 8739
4481 8585
4354 8459
5188 9293
5749 9850
4782 8893
4910 9014
5692 9760
5847 9928
4780 8883
4785 8850
5410 9479
5357 9412
4750 8894
4629 8740
4164 8307
5947 9996
5752 9792
4810 8950
4586 8619
5241 9279
5248 9416
5953 9992
5358 9381
4348 8364
5356 9397
4895 9029
5994 9995
4501 8697
5265 9468
5372 9359
5795 9945
4649 8786
6028 9997
4669 8892
4541 8511
4880 9112
5787 9744
4801 8781
5468 9670
5789 9729
4726 8936
4573 8514
5058 9053
4377 8582
4644 8837
5231 9415
4716 8903
4262 8205
4169 8441
5556 9478
4560 8550
5564 9476
4144 8329
5511 9532
5067 9072
5213 9442
5476 9691
5174 9463
5048 9082
5295 9323
4945 9109
4834 8740
4628 8924
5594 9489
4858 8758
4687 8834
5487 9663
5826 9745
5238 9376
4583 8497
5836 9754
5711 9875
5695 9954
4708 8837
4724 8853
4306 8251
5299 9309
5098 8991
4383 8677
5767 9851
4957 9122
4618 8949
4346 8699
4970 8814
4575 8409
4198 8556
5893 9736
4412 8243
4459 8315
5612 9471
4656 8996
6088 9948
5968 9797
6137 9955
4825 9155
6054 9862
4669 8989
4647 8962
5224 9551
4150 8477
4665 8974
4860 9157
5116 8896
5986 9821
4399 8293
5003 8901
6128 9918
5596 9362
5428 9339
5162 9598
5405 9285
5419 9333
4903 8825
4430 8236
4147 8534
5341 9658
4598 8350
5208 9520
5106 8860
4560 8382
5099 8857
6122 9880
5446 9269
5912 9831
4872 8842
5955 9933
4611 9101
5438 9390
4736 8981
4171 8662
5527 9224
5911 9908
5611 9292
4518 8215
4821 9057
4121 8620
4870 8894
4624 9169
4267 8553
4097 8643
5626 9273
5197 9609
6038 9809
5452 9348
4603 8247
4998 8788
5219 9659
4719 9140
6062 9807
4381 8444
4991 8858
4556 8234
5467 9404
4875 8928
5416 9413
4197 8598
4365 8437
5313 9529
4208 8584
5321 9527
5851 9435
4627 8214
4343 8955
4914 8510
5018 8584
4791 8367
5159 9788
5304 9881
5297 9877
4905 8463
6031 9632
5779 9404
5059 8689
5670 9234
4684 8313
5918 9512
5039 8601
4465 9033
4753 8365
4440 8985
5359 9895
4239 8900
4345 8885
5841 9375
5939 9596
4755 8385
5010 8647
5012 8652
5244 9767
5982 9534
4874 8552
6067 9687
5034 8641
4871 8566
4164 8757
4694 8227
5072 8615
5859 9370
4350 8839
5134 9844
5701 9275
4847 8336
5051 8505
5829 9286
4486 8962
4291 8778
5190 9935
5082 8522
6094 9566
5783 9222
4188 8904
5928 9660
4433 9156
5132 9879
4339 8815
4537 8998
4881 8627
5093 8512
4682 8428
4835 8264
4725 8414
4663 8347
5012 8506
5103 8532
4322 8796
5033 8552
4703 8348
6134 9525
4734 8377
5927 9710
4202 8865
5652 9432
4548 8970
4270 8800
5021 8531
5082 8458
5155 9971
5775 9310
5871 9278
6076 9582
4594 9005
4096 8927
4433 9137
5608 9994
4197 8832
4471 9104
4414 9173
4834 8204
4206 8848
5519 9870
5130 9992
5758 9597
4807 8642
5011 8347
4482 8840
5755 9583
4808 8668
4376 8717
4243 9092
5660 9476
4194 9081
4107 8976
4166 9058
4290 9191
4772 8577
4592 8918
4795 8604
5904 9272
5077 8444
5661 9526
5104 8388
4739 8630
4960 8278
5892 9278
4117 9006
5655 9557
5084 8346
4413 8827
4910 8297
4293 9098
5658 9557
4565 8836
5688 9579
4315 9102
5828 9618
4336 9126
5466 9731
4143 9073
4126 9025
5627 9892
4386 8771
4194 8960
5060 8352
5038 8394
4245 9201
4297 9124
5518 9982
6063 9434
4154 9037
5521 9963
6069 9417
5819 9528
5753 9725
5960 9421
4711 8673
4387 8879
5946 9398
4585 8825
4867 8344
4195 9215
4340 9064
5380 9882
5924 9349
6086 9313
5376 9895
4917 8349
4363 8866
5693 9623
5681 9626
4289 9068
4591 8769
5595 9845
4971 8389
4234 8997
4112 9120
5665 9616
4411 8840
4215 9154
4226 9012
4762 8481
4424 8948
5391 9906
4582 8793
5532 9822
5762 9537
4514 8806
5861 9505
4678 8576
4343 9021
6078 9330
5603 9774
5858 9516
4628 8646
6046 9293
4450 8886
5075 8199
4340 8994
4809 8464
4570 8704
4955 8324
5542 9849
5743 9614
4269 9035
5933 9412
4700 8626
4781 8540
6142 9228
5767 9588
4486 8818
5784 9581
5551 9815
4929 8376
4148 9167
5606 9753
5391 8462
4805 9924
4286 9402
5526 8592
4235 9356
5169 8251
4220 9328
5182 8235
4385 9527
5852 8907
5780 8846
5535 8580
6110 9214
5349 8389
5294 8330
6076 9114
5982 9079
5422 8453
5218 8270
5584 8702
6070 9113
4113 9249
4469 9549
4362 9521
5745 8753
5621 8631
5428 8567
4841 9902
4705 9769
5547 8675
4159 9334
5738 8736
4344 9395
5645 8793
5725 8711
4953 9991
5558 8666
4154 9303
4621 9853
4506 9704
4735 9734
4473 9477
5788 8730
4635 9885
5197 8394
6126 9060
4290 9292
4280 9257
4525 9531
4718 9972
5462 8649
4114 9357
4814 9839
4246 9268
5499 8664
4207 9419
5136 8378
5522 8509
4760 9771
5666 8854
4428 9718
4371 9644
4647 9958
4273 9334
4642 9965
4384 9714
4231 9300
6008 9134
5991 9136
6117 9022
5139 8399
5370 8230
5302 8296
4447 9662
4652 9928
4346 9246
6073 9053
4101 9443
5408 8649
4492 9575
5549 8513
5226 8325
5362 8194
5610 8474
5739 8863
4494 9592
6079 9033
5797 8797
5395 8683
5769 8817
5544 8529
4680 9905
4410 9667
4351 9218
5636 8961
5587 8408
5613 8417
5360 8702
5860 9206
5476 8311
4314 9667
5809 9130
5054 9891
6096 8945
5677 8972
4261 9600
4158 9497
5039 9863
4923 9749
5348 8661
4406 9220
4238 9661
4885 9763
5616 8390
5999 8786
4584 9430
5328 8593
5345 8610
4466 9279
4557 9374
5981 8715
5602 8373
5902 8785
5221 8452
5776 9201
6075 8915
5473 8201
4203 9475
4975 9734
5852 9143
4324 9609
4430 9274
4911 9819
4438 9250
5959 8761
5040 9777
4442 9435
5506 8193
5633 9093
5458 8410
5756 9207
5351 8560
5969 8905
5553 8234
4181 9672
5566 8224
5393 8334
6064 8724
5456 8440
5980 8945
5686 9113
5752 9161
4576 9297
5199 8701
5052 9743
6014 8906
5450 8433
6045 8737
5463 8425
4260 9573
4819 10000
5403 8402
5312 8463
5507 8275
4258 9587
4540 9326
5662 9160
5918 8898
5897 8937
4532 9296
5226 8590
4913 9940
5619 8213
5319 8493
5363 8477
4111 9725
5390 8442
5392 8422
4158 9668
4274 9551
5028 9638
5228 8811
4312 9936
5249 8843
4758 9373
5047 9659
4815 9408
4209 9811
4276 9886
5890 8494
6021 8619
5683 8195
5578 9209
5842 8427
4639 9252
4626 9260
5545 9110
4259 9952
5614 9131
4623 9290
5306 8951
5550 9185
4140 9844
5971 8456
5628 9120
5739 8203
5597 9145
4613 9315
5782 8445
4717 9216
5920 8527
5006 9697
4310 9894
6129 8576
5501 8975
4096 9843
5214 8747
4960 9493
6096 8614
5957 8498
4769 9433
5154 8794
5719 8238
5436 9024
4863 9340
4277 9776
5576 9038
5493 9212
4777 9250
5778 8217
5832 8260
6140 8559
5788 8200
5656 8333
6002 8676
5575 9041
4131 9919
5880 8295
4105 9896
5958 8672
5042 9497
4889 9654
5853 8301
4244 9761
5471 9193
5987 8665
5552 8973
5253 8763
5644 8396
4313 9755
5340 8735
4238 9800
4136 9955
4954 9622
4773 9332
5635 8400
4745 9308
5338 8717
5846 8245
4345 9756
4305 9789
5123 8943
5881 8212
4278 9794
4813 9274
5708 8372
5247 8838
6070 8524
4741 9336
5210 8871
4611 9470
4886 9705
4528 9904
5191 9028
5964 8267
4382 9750
6073 8369
4392 9761
4855 9726
4547 9930
4507 9874
5268 9115
5798 8631
5489 8803
6005 8288
4619 9491
5835 8660
6085 8420
6029 8364
5184 9067
4652 9472
5207 9063
4726 9539
5963 8318
5202 9063
6113 8406
5425 8713
6023 8382
5067 9457
4464 9781
5941 8306
4427 9740
4996 9411
4589 9892
6121 8355
5269 9178
5300 9188
5498 8747
5561 8941
4418 9762
6041 8440
5050 9439
5310 9172
5442 8750
5237 8986
5984 8215
5157 9055
4542 9922
5252 8960
4464 9976
5414 8874
4572 9809
4865 9366
5954 8408
5243 9189
4451 9981
4437 9975
4405 9873
4638 9650
5655 8612
5872 8517
6122 8274
5740 8662
4832 9563
5432 8835
4693 9707
6095 8205
6004 8375
4830 9501
4444 9882
4869 9411
4492 9796
5267 9032
5834 8495
4523 9805
6080 8232
5591 8764
5615 8706
5225 9095
5651 8700
5474 8850
5934 8415
4389 9938
5520 8810
4994 9337
4995 9336
5444 8888
5760 8574
4840 9495
6398 8447
7180 9230
7644 9689
7026 9077
7025 9084
6257 8318
7033 9078
7148 9210
7075 9151
6464 8541
7732 9769
6234 8316
7744 9832
6657 8744
6340 8430
6643 8642
7550 9543
6448 8457
7002 9062
6206 8319
6409 8527
6542 8644
6151 8269
7076 9199
6337 8337
6304 8439
6234 8195
6338 8345
7388 9344
7355 9446
7860 9943
6311 8388
6625 8581
7282 9247
7318 9467
6621 8627
7296 9456
6725 8752
6228 8225
6166 8299
6649 8572
6197 8380
7187 9369
6861 8774
6426 8597
6402 8596
7707 9857
7835 9787
7438 9633
6205 8338
7130 9070
6612 8545
7857 9735
7604 9475
7453 9637
6608 8555
6600 8567
7499 9611
7578 9563
6195 8438
7575 9565
6617 8466
7062 9048
6749 8851
6662 8918
6186 8442
7423 9261
7694 9949
7760 9861
6263 8353
7435 9682
7851 9840
6563 8573
6232 8327
6501 8581
6671 8939
7731 9942
7045 9059
7883 9772
7890 9784
7227 9424
6566 8523
6685 8942
7328 9301
7240 9406
6178 8414
6215 8379
8099 9890
7394 9697
6302 8605
8079 9866
6731 9050
6252 8569
6581 8365
7083 8885
7508 9291
7581 9405
6341 8679
6430 8248
6605 8426
6950 8718
6810 9136
7181 9510
7293 9553
6249 8518
8155 9962
6697 8987
6711 8965
6283 8632
7137 8914
6314 8606
6643 8391
6488 8301
6154 8511
6185 8479
7310 9654
7334 9708
7336 9698
6192 8572
8119 9977
7510 9240
8169 9915
7763 9984
6432 8310
7087 8944
6465 8225
6308 8641
7607 9426
6823 9166
6298 8694
7474 9311
8184 9878
7198 9584
6320 8647
6452 8265
6537 8204
7182 9606
7996 9910
6711 9135
7667 9321
7274 9712
7517 9409
6615 8267
7627 9321
8102 9737
6742 9191
6451 8320
7849 10000
8044 9942
6881 9051
6220 8689
7619 9219
7307 9546
8118 9845
7529 9386
6482 8342
6417 8410
6689 9198
6530 8269
6159 8670
7679 9262
7988 9957
6875 8968
7160 8737
6160 8654
7409 9518
6229 8629
7393 9477
7373 9509
7241 9637
6663 9207
7439 9469
8040 9883
6683 9199
7514 9389
8167 9758
6270 8578
7518 9377
6728 8264
6632 9196
8074 9615
8136 9679
7790 9312
6638 9185
7710 9233
6717 8239
7808 9364
8190 9702
7286 9836
7303 9880
6724 8294
6162 8758
7169 9767
8021 9586
6968 8464
7898 9460
6868 8420
6674 8224
7909 9430
6496 9045
7902 9446
7757 9335
7176 9783
6573 9198
6658 8261
7501 9989
7245 9733
6808 8403
6649 9143
8139 9604
8123 9716
6272 8917
7758 9243
6257 8748
7174 9816
7338 9931
7716 9287
8112 9684
7990 9555
6776 8222
7946 9580
7046 8683
7274 9759
6292 8931
6625 9112
7287 9742
7018 8469
7230 9793
6427 9119
6978 8648
7219 9918
7842 9261
7140 8561
6344 8788
6666 8363
6776 8411
7358 9746
8180 9561
7905 9294
7989 9605
6209 8944
7781 9431
6460 9097
7172 9905
7789 9432
6394 8770
6923 8626
6423 9133
8144 9488
7727 9455
7374 9740
6593 8969
6616 8977
6518 9146
7100 8557
6789 8279
6862 8221
6797 8282
7199 9926
7326 9796
7045 8543
7370 9750
6455 9175
6479 9134
7003 8639
6366 8757
7036 8594
6445 9181
6540 9080
6519 9091
6804 8289
7884 9264
7675 9990
6574 9041
8072 9354
6594 8902
7835 9630
6979 8262
6992 8283
7034 8311
6457 8745
7081 8376
6342 9180
8115 9390
7782 9592
7460 9732
6378 9162
6281 9131
6182 8964
6730 8553
6431 8759
8040 9280
6152 8994
6205 8982
6849 8685
6838 8579
6874 8684
7772 9578
7485 9732
6400 8772
7767 9496
6545 8897
7567 9950
8005 9236
6737 8448
7163 8360
8094 9418
6286 9178
7608 9965
6436 8830
8185 9383
6884 8635
7085 8397
6557 8947
7038 8209
7052 8419
7950 9343
8066 9459
6721 8501
7794 9479
6572 8922
6225 8998
6966 8270
7738 9539
8012 9270
6771 8456
7111 8379
6497 8732
6675 8592
7669 9841
6926 8326
6743 8669
6961 8381
7568 9758
7693 9628
7595 9790
7061 8194
7785 9715
8104 9266
7907 9543
8109 9225
6230 9200
6437 8835
7147 8258
8122 9235
6318 8967
6752 8654
6588 8722
7723 9627
6393 9034
6606 8822
7580 9766
8027 9370
6828 8559
6724 8583
6240 9125
6488 8862
7856 9590
7048 8257
6246 9132
6197 9210
7082 8310
7424 9950
7685 9691
7850 9589
8089 9329
7011 8330
7144 8196
7590 9801
8018 9380
6691 8660
7140 8216
6480 8878
6868 9943
7704 8723
6714 9782
6157 9219
7888 8926
6745 9803
7188 8192
8184 9197
6318 9398
6706 9771
6591 9638
7402 8433
6893 9968
6683 9786
7706 8760
6555 9663
6831 9864
6474 9575
7233 8303
6774 9793
6655 9670
6735 9843
6494 9503
7484 8568
6815 9944
7788 8741
7749 8714
8064 9168
6556 9677
7935 8877
6811 9934
7924 8874
7917 8844
7428 8546
6447 9544
7386 8368
6492 9519
8101 9182
7904 8859
7645 8543
8147 9049
7235 8401
7365 8273
6453 9634
6687 9864
6462 9636
6511 9717
6681 9912
7812 8743
7740 8852
8095 9013
6805 9790
6761 9924
7636 8570
7282 8386
6826 9754
7722 8862
6607 9591
6610 9576
6824 9832
7876 8719
8164 9000
7534 8608
7420 8243
6792 9823
7871 8806
7624 8466
8022 9100
6644 9515
6858 9770
7715 8901
7743 8921
8093 9069
7469 8667
8165 8978
7863 8783
7298 8312
7252 8361
8017 9135
7198 8417
7967 9184
7248 8531
6460 9275
6538 9346
7011 9838
7339 8632
6242 9591
6588 9380
6570 9392
7589 8321
7954 8763
7216 8479
7764 9070
7547 8257
7315 8616
7407 8623
6380 9640
6533 9421
7106 9868
7533 8248
7164 9898
7593 8432
7572 8398
7965 8774
6309 9723
7500 8211
7596 8397
7098 9945
7756 9002
7439 8296
6590 9433
7874 9130
7737 9044
6948 9801
6929 9855
7852 9154
8008 8762
7269 8476
6180 9567
6629 9368
6194 9548
6353 9556
6613 9296
7449 8340
8006 8907
6640 9342
7682 9107
7763 9153
6405 9362
6936 9871
7710 9092
6564 9272
7775 9155
6416 9394
7433 8363
7366 8544
6236 9712
7193 8630
6489 9448
7263 8681
6996 9967
6305 9498
6424 9382
7449 8359
7683 9159
6644 9267
7177 8640
7354 8566
6969 9961
6612 9223
7402 8508
6200 9699
7600 8300
7403 8502
6937 9927
6453 9450
7953 8951
7948 8938
6581 9299
6347 9506
7267 8591
7534 8322
7331 8526
6891 9990
6243 9613
7069 9837
7289 8589
8075 8819
8009 8883
7801 9091
7666 8201
8050 8563
6663 9221
6710 9276
6878 9426
7625 9159
8077 8607
6937 9482
7660 9208
7444 8963
6971 9507
7029 9576
7631 9170
8116 8617
7114 9707
7146 9675
7870 8351
7431 9006
6702 9221
6693 9227
7520 9042
7695 8250
7690 8253
7490 9080
8069 8638
7118 9715
6242 9820
7647 9119
7196 8796
6944 9572
6744 9245
7869 8443
6377 9902
7152 9656
6876 9360
6690 9324
6774 9273
7497 8989
7448 9037
7505 8964
7213 8826
7955 8523
7817 8405
6829 9420
7670 9111
7030 9488
6170 9842
7532 8966
8081 8675
6208 9782
7017 9502
7243 8755
8087 8686
6741 9262
8152 8612
7004 9693
7154 9584
6340 9798
7358 8765
7161 9599
6282 9741
7227 8886
6278 9736
7956 8603
6746 9429
7228 8876
8069 8467
6772 9429
8028 8703
7105 9577
7240 8932
6376 9818
7587 8982
6170 9900
6148 9917
7456 9186
6396 9791
6165 9949
7828 8286
7123 9501
7397 8746
6896 9249
8100 8561
6825 9342
7190 8908
7611 9056
6376 9780
7299 8801
6241 9858
8134 8485
7371 8751
6872 9277
7638 9009
6659 9444
7157 9499
8068 8564
7335 8785
6156 9979
7096 9538
6494 9823
8058 8313
6517 9840
7416 9213
6832 9657
7703 8478
6528 9869
7959 8198
7457 8754
7247 9051
6906 9708
6514 9828
7291 9058
7993 8228
7115 9449
6998 9331
7940 8236
7295 9046
7020 9287
8066 8361
7944 8230
7725 8451
7070 9392
7834 8618
6898 9674
7399 9182
7910 8669
6463 9729
7337 9110
6537 9931
7291 9023
7528 8749
6601 9868
6930 9300
8162 8357
6208 9997
6839 9720
7036 9267
7511 8704
6738 9482
7997 8295
6842 9703
7823 8684
7741 8539
7859 8665
6414 9829
6941 9331
7814 8680
6927 9312
7862 8646
6894 9626
7566 8954
6605 9914
7459 8792
7236 9016
7344 9008
7655 8804
7616 8773
7579 8732
6435 9898
6282 9988
7807 8688
7581 8708
7576 8709
6513 9967
7812 8482
7273 9166
6659 9647
7709 8622
7446 8869
6421 9889
7487 8842
6788 9521
7866 8451
7886 8564
7360 9085
6596 9849
8008 8328
7503 8844
7461 8930
7561 8769
8045 8357
7535 8866
7332 9076
6528 9810
6852 9495
6433 9974
7621 8733
8109 8309
7330 9083
6441 9971
6997 9396
7168 9190
6472 9890
6897 9498
6531 9837
7949 8418
7963 8436
6449 9920
7564 8829
8085 8289
6393 9998
7560 8816
8009 8368
6703 9684
