1000 1192
852 853
496 497
874 875
184 185
653 655
602 606
833 837
169 172
722 724
849 855
274 283
615 621
144 156
657 671
215 216
311 312
620 636
679 695
940 957
110 124
519 533
736 755
43 63
710 722
130 151
203 220
424 433
201 208
489 499
163 184
515 536
36 57
109 115
577 608
719 748
6 34
346 383
271 294
136 163
403 440
87 122
477 496
201 231
448 495
924 947
581 629
389 437
589 637
538 554
65 112
779 826
468 485
213 230
15 60
651 696
576 628
129 180
84 98
799 808
925 938
521 574
989 996
387 442
330 368
790 812
407 426
156 162
809 873
812 878
672 738
292 358
791 852
793 862
258 328
571 624
446 498
398 450
901 969
176 252
45 98
297 358
512 592
159 206
518 597
825 877
275 327
516 593
46 120
428 506
301 373
42 114
61 103
907 977
45 119
293 377
287 323
567 619
519 603
388 473
530 588
955 996
392 488
58 90
282 378
539 633
569 603
944 978
791 885
648 747
268 367
808 843
34 70
898 998
258 358
173 200
666 767
781 875
291 325
406 497
944 985
143 230
566 607
402 505
948 984
134 232
260 362
16 127
799 879
25 105
305 320
520 634
37 86
158 234
30 107
694 704
146 229
515 628
827 834
697 704
420 472
773 889
257 381
791 874
435 462
700 706
689 718
25 102
772 900
56 185
785 917
343 466
579 710
287 409
19 149
808 942
600 735
778 909
100 236
276 412
854 991
78 199
784 924
832 973
367 482
778 903
303 416
615 758
605 719
815 955
99 247
564 672
13 153
329 476
300 442
797 907
382 489
280 385
378 480
807 957
13 150
32 188
837 986
112 208
110 207
281 440
515 678
379 477
825 913
615 718
791 956
298 385
535 699
895 979
322 492
21 186
62 145
105 198
773 949
305 385
362 475
315 394
768 945
267 440
885 966
322 502
72 252
783 954
345 492
354 468
279 431
826 898
266 435
887 974
639 710
867 991
308 392
332 497
800 926
514 701
349 413
337 403
333 399
314 505
520 715
349 414
859 920
834 897
619 687
270 459
514 711
381 443
55 255
380 437
781 964
49 250
8 197
585 644
338 415
595 669
275 476
854 921
553 761
882 928
543 717
49 227
843 920
55 228
534 709
884 928
849 901
550 755
369 423
584 670
604 651
348 389
259 474
560 746
879 948
290 511
587 661
344 390
95 191
851 947
319 479
96 130
545 707
803 960
67 160
829 985
854 946
802 967
600 701
326 419
114 148
330 428
521 750
548 716
579 680
522 742
830 978
526 739
806 971
3 238
380 402
277 507
584 679
313 457
315 458
332 447
302 477
559 731
786 999
621 667
808 980
282 486
323 446
810 983
598 680
605 675
868 923
15 240
345 422
628 885
627 880
53 305
5 256
8 269
152 413
23 273
554 813
630 892
28 278
153 403
575 819
234 486
108 353
593 863
209 478
698 938
696 936
631 870
121 363
140 415
13 281
193 469
2 279
177 420
716 987
585 862
654 921
525 789
722 971
39 317
723 968
612 888
555 823
127 354
646 921
39 312
59 283
528 816
206 494
82 370
198 486
708 997
214 503
557 780
571 793
35 256
115 336
93 377
227 454
558 779
668 954
220 507
67 356
693 914
38 257
6 302
44 261
77 359
160 394
28 310
660 958
182 412
657 955
650 929
92 375
654 933
132 425
197 488
195 494
670 944
572 787
616 839
5 298
685 924
26 302
5 305
733 1000
73 383
210 484
763 972
179 388
254 454
76 372
596 872
654 946
543 802
249 441
512 833
669 990
626 823
138 460
652 970
138 461
233 430
627 820
526 838
118 318
144 472
33 360
133 463
728 915
638 817
155 458
536 841
93 271
246 420
217 395
620 831
94 269
635 808
80 262
23 321
33 374
652 981
92 261
69 286
590 784
757 939
635 804
634 805
622 782
597 821
732 956
185 473
550 839
676 960
704 932
137 492
606 827
198 416
79 297
583 801
176 470
578 805
166 462
604 820
721 952
726 959
173 455
82 313
247 410
710 939
187 459
762 906
619 795
615 790
574 844
617 795
105 282
26 366
586 831
558 859
235 412
553 862
552 853
525 908
712 842
702 828
641 770
556 943
665 796
20 401
21 400
540 921
725 848
40 429
86 467
253 379
759 881
40 430
88 465
751 869
122 496
131 264
121 501
168 292
513 908
36 426
673 814
710 841
71 471
211 322
662 772
103 500
573 937
57 429
730 846
714 863
175 314
198 336
254 361
750 889
66 469
601 961
664 769
177 296
584 978
80 458
519 924
531 904
531 911
244 361
693 811
120 487
10 424
530 950
533 947
26 444
524 939
146 309
687 774
244 351
546 905
575 916
226 335
613 970
727 870
599 997
529 931
39 405
126 461
570 910
209 357
633 972
683 798
170 284
551 912
102 478
250 320
563 905
639 965
30 420
51 399
233 340
611 989
661 811
604 994
205 370
38 486
587 906
551 998
247 310
17 467
221 286
637 953
162 358
626 950
59 509
518 961
691 884
642 842
80 408
185 369
108 421
165 363
681 871
674 876
111 447
682 891
193 274
737 818
567 993
106 444
54 480
66 404
237 314
18 453
676 892
599 911
26 450
88 386
171 369
731 775
107 438
83 398
31 450
207 272
253 290
104 439
117 426
24 504
709 805
188 350
183 341
142 365
641 869
191 345
678 846
116 415
171 320
122 406
686 835
737 780
586 932
524 994
590 929
683 836
174 350
82 418
42 475
709 820
688 835
245 257
697 845
677 848
200 317
50 452
223 297
666 877
244 259
95 423
632 896
657 873
590 950
154 355
102 415
157 359
159 357
180 329
147 366
640 894
654 881
3 508
382 895
189 702
392 907
324 832
184 701
338 852
175 680
463 967
327 847
338 858
391 911
281 785
206 711
483 1000
190 690
182 699
51 573
81 607
105 614
479 975
268 796
9 537
41 568
243 738
135 660
37 566
271 795
53 547
354 885
224 760
10 531
194 728
146 649
125 609
212 715
422 953
91 580
312 792
117 597
379 859
174 655
171 649
161 642
221 761
245 723
20 562
484 962
11 557
2 548
298 771
495 965
409 946
320 875
239 707
181 665
30 560
157 690
369 862
364 860
422 918
510 975
408 937
244 710
307 768
139 703
70 625
353 856
196 766
337 874
321 893
427 918
238 686
417 995
411 990
181 752
295 866
2 583
153 735
292 866
151 720
492 939
309 893
214 668
259 841
397 966
225 685
457 900
210 671
289 878
76 540
129 720
338 771
113 549
284 840
100 560
122 559
178 743
19 582
45 635
180 739
372 813
344 769
403 968
153 709
46 626
97 572
456 917
482 959
255 673
48 623
202 682
46 590
501 919
497 915
239 653
327 805
384 995
158 765
439 980
334 810
381 793
237 648
251 670
246 656
5 621
22 638
441 976
504 913
351 821
222 691
186 727
476 946
52 602
4 618
30 625
175 704
177 705
313 840
379 780
444 964
269 885
285 868
316 838
47 596
310 843
131 764
123 516
164 548
393 776
293 932
177 560
219 601
171 553
403 785
473 859
47 684
89 730
312 955
295 930
119 753
405 786
498 890
184 562
396 775
470 861
408 788
149 536
248 630
296 934
291 940
438 806
169 569
185 553
116 741
129 531
490 888
458 856
481 882
310 933
418 822
327 978
286 907
387 789
418 820
449 854
166 561
407 783
190 551
468 845
223 582
436 815
127 740
141 529
159 514
493 883
314 932
455 871
385 800
32 643
270 941
155 568
298 910
187 541
63 664
69 749
80 763
211 632
179 536
460 864
285 944
506 855
257 943
376 982
165 522
54 646
509 844
24 681
269 956
117 711
410 809
306 903
50 647
456 894
39 657
75 754
22 687
141 564
476 870
219 608
370 969
89 740
189 512
87 663
199 519
408 856
225 544
170 619
331 904
434 886
77 650
136 591
511 824
140 581
272 988
397 833
168 613
125 688
85 667
202 517
251 555
371 930
145 576
16 705
14 732
64 658
403 832
1 724
278 963
473 780
68 659
226 565
347 899
123 675
139 594
46 756
111 692
14 725
189 614
318 994
104 694
48 751
85 692
335 942
149 628
164 583
248 542
231 527
419 843
1 747
266 992
204 551
500 792
35 717
300 962
393 870
228 523
17 766
481 785
339 931
313 969
154 616
128 626
132 631
241 514
58 713
277 993
12 762
412 875
492 788
384 890
4 767
204 561
141 908
228 998
61 830
328 588
491 748
510 758
126 887
215 988
326 589
492 737
212 987
354 621
167 951
113 867
406 644
161 947
341 583
29 777
401 645
18 774
29 776
342 579
375 610
364 635
259 532
411 643
167 958
288 570
477 710
109 883
203 981
68 858
448 734
265 534
65 865
473 760
243 977
172 911
464 756
124 856
185 925
352 580
172 904
449 742
264 544
73 865
311 541
392 674
164 904
485 712
236 963
432 640
468 740
451 754
7 822
44 797
102 852
97 850
175 922
304 517
391 689
249 974
11 828
27 803
343 622
148 941
118 847
487 733
483 729
306 527
152 935
38 793
216 923
356 546
192 902
117 819
422 737
129 966
316 629
241 952
471 670
60 886
503 698
13 832
2 850
43 891
417 752
443 746
374 548
303 636
305 610
373 545
128 982
431 758
345 512
334 535
64 794
142 979
195 926
381 547
329 534
135 984
340 523
502 662
376 537
308 598
38 836
368 532
473 701
436 721
262 611
206 934
453 684
213 956
309 604
324 552
440 726
41 857
352 528
146 994
390 759
280 617
96 787
147 992
228 912
292 592
196 945
294 592
297 592
72 818
172 983
235 912
57 834
427 727
490 663
78 817
451 579
466 594
360 744
260 645
45 942
289 677
159 795
322 710
75 973
218 860
7 896
355 740
400 538
106 998
294 680
342 729
474 597
56 951
74 986
346 713
354 758
178 807
339 708
404 515
12 916
9 912
282 647
319 674
242 876
329 727
450 605
452 612
271 687
134 804
445 542
333 744
309 656
386 549
192 872
365 711
325 745
426 518
273 700
347 757
242 861
348 749
52 902
267 703
418 534
57 908
81 999
433 518
305 649
127 966
149 814
286 674
465 623
396 563
62 897
133 837
493 556
263 710
180 885
299 745
331 649
371 695
91 927
150 851
499 565
143 841
217 798
183 880
301 741
82 922
194 777
464 539
27 976
265 709
99 942
141 834
240 801
101 950
218 782
232 829
31 969
299 765
275 709
224 824
434 618
71 927
406 591
90 899
222 770
182 874
74 919
83 909
247 808
370 658
294 710
444 605
288 706
276 753
164 833
421 578
263 736
137 864
508 533
395 609
307 734
414 624
275 764
182 857
432 577
354 659
496 513
445 584
101 914
189 837
94 935
425 595
304 714
79 949
84 936
302 722
205 816
491 533
281 743
229 794
