10000 10000
9932 9933
1812 1813
4818 4819
3653 3655
7100 7102
8628 8630
9269 9270
7136 7140
3651 3652
7686 7695
5974 5980
3744 3756
3136 3149
4418 4428
2993 3007
935 936
810 824
5509 5526
1761 1781
483 502
1864 1885
1358 1368
7008 7031
8482 8501
8300 8308
2691 2714
3200 3225
8899 8921
5834 5841
3619 3640
8928 8956
5610 5620
6955 6965
3535 3537
3461 3482
7979 7988
5996 6003
6362 6394
2692 2726
3977 4011
8455 8484
9045 9072
7374 7400
6404 6435
4696 4722
6547 6591
7711 7731
1037 1056
4951 4965
6426 6441
4242 4257
9611 9656
6933 6945
9117 9128
9109 9122
5698 5754
1802 1841
8791 8812
4608 4669
7261 7264
4311 4329
2308 2374
4765 4831
5029 5089
2987 3055
4377 4444
2214 2275
157 216
7081 7151
6682 6748
8979 9044
9403 9468
3990 4049
4916 4988
5301 5372
7858 7931
7093 7164
8339 8415
7084 7137
2703 2754
6075 6133
8330 8389
6667 6724
5408 5488
3871 3919
8887 8933
2951 3029
5415 5492
7473 7525
5512 5596
8321 8404
3742 3787
2351 2425
5253 5330
8215 8256
3002 3053
7559 7647
3618 3706
4739 4826
7486 7524
7103 7139
516 601
8104 8136
7190 7287
7693 7788
1459 1488
8850 8951
6543 6634
8713 8812
2821 2925
7692 7781
5154 5192
2967 3069
1965 1991
2305 2410
5946 5969
3767 3802
9487 9570
272 382
2587 2676
1855 1871
2180 2292
943 986
917 995
6158 6262
2868 2888
916 1001
9276 9282
3347 3436
2056 2185
2071 2196
5467 5599
93 217
6697 6828
8222 8344
7243 7373
4430 4552
2888 3022
4653 4778
7447 7568
6444 6564
85 221
8530 8667
6468 6606
4936 5058
8457 8580
9521 9662
3627 3770
3197 3304
1645 1784
2327 2434
9827 9979
7237 7389
7292 7398
1398 1516
3086 3220
2054 2202
9558 9675
6264 6373
9070 9200
5178 5285
532 651
8976 9136
3131 3227
3648 3809
9244 9406
6526 6620
4183 4341
5234 5329
16 180
9586 9684
6442 6541
1061 1154
2068 2227
5200 5368
866 970
1035 1185
4399 4485
9054 9204
9547 9697
1375 1523
6969 7061
1113 1268
3453 3539
2620 2707
1057 1168
7275 7379
9 177
2333 2468
9501 9639
4962 5080
2652 2790
3884 3991
2138 2273
4437 4586
1657 1725
7981 8169
7756 7817
4174 4232
623 679
1896 1952
4954 5009
5410 5614
3151 3202
4412 4591
8553 8636
3400 3473
3876 4094
4887 5068
332 400
7031 7083
8708 8920
8310 8363
8480 8640
9729 9952
1826 1987
9508 9669
7488 7586
4147 4305
2670 2698
7479 7634
5632 5862
1888 1927
5195 5281
7478 7644
1078 1244
6733 6822
548 719
2391 2491
3144 3236
294 459
4625 4863
2374 2473
8471 8679
612 662
9804 9918
6263 6276
6761 6810
7514 7598
8780 8888
2651 2734
4420 4530
1140 1155
4867 5113
2372 2494
5388 5622
7518 7589
5662 5858
9258 9429
9263 9424
241 497
4209 4468
216 479
116 371
8893 9140
738 1003
6261 6524
11 262
4847 5088
5280 5551
2245 2516
1676 1949
7854 8124
5152 5426
1654 1892
6680 6923
4806 5074
110 379
3782 4051
8380 8618
9464 9711
5309 5540
4255 4485
179 431
1589 1834
7746 8029
3179 3402
7866 8088
662 949
690 919
5660 5947
3755 3980
6871 7167
8821 9053
8312 8529
6665 6949
3187 3422
4684 4963
6750 7025
2712 2984
6302 6574
9460 9668
1570 1811
7306 7608
7377 7653
135 435
2154 2398
3722 4028
8901 9213
1609 1904
3748 3997
5699 6010
6679 6957
1097 1395
6892 7123
1571 1820
7339 7572
8299 8491
4821 5012
8291 8487
6227 6422
1144 1341
6277 6592
3762 4087
718 904
7368 7567
3676 3860
3286 3484
106 288
3178 3361
1199 1507
6711 7035
8395 8583
4107 4420
4682 4890
5218 5426
5256 5594
6782 6955
1162 1500
9224 9567
8381 8682
4108 4436
2287 2487
1745 1933
1134 1331
1034 1390
6246 6402
7331 7620
3238 3521
3262 3545
7193 7537
5877 6046
9275 9552
5832 6051
2184 2533
96 270
2606 2880
32 335
70 297
7335 7639
9319 9494
610 787
8210 8545
9334 9475
5375 5514
2736 3014
4117 4451
6722 6970
2588 2919
6790 7163
4630 4971
2057 2420
2610 2892
3670 4054
8257 8643
1764 1894
3142 3525
2246 2368
4129 4518
2176 2312
4685 5062
1692 1808
1048 1428
1646 2019
525 899
8361 8486
2053 2452
2739 2849
9434 9545
1026 1430
7368 7517
7797 8173
3690 4083
2684 3040
5230 5617
8767 9119
6817 6913
5164 5518
4148 4496
5188 5601
4755 4922
7820 7973
3650 4072
7329 7434
3219 3390
5692 6034
7747 8173
8318 8657
145 293
4204 4570
4332 4436
6395 6466
6398 6468
8760 9092
7902 8035
4805 4984
1066 1429
5677 6034
538 933
654 817
76 499
5823 6015
162 355
2284 2350
695 885
195 256
727 785
8396 8459
1731 1796
6690 7146
9281 9608
179 377
1782 1851
597 923
247 312
6691 7148
7363 7442
5127 5590
5748 6053
1200 1377
3306 3384
3138 3478
7229 7653
8322 8539
1195 1393
2236 2406
1238 1292
5714 6024
9232 9675
4207 4531
6764 7089
8882 9071
2621 3043
3289 3335
5353 5430
9294 9617
9947 9988
622 910
4225 4448
577 928
9411 9506
6393 6426
5843 5943
4764 4986
1612 1963
7315 7547
5777 6011
5326 5411
2564 3049
515 1006
3749 3915
4196 4490
1272 1303
734 815
7225 7624
544 977
4206 4509
1723 1864
4170 4537
5691 6095
1592 1996
5633 6132
6265 6540
1043 1509
196 307
8431 8472
8346 8546
3712 3962
4829 4902
1577 2004
7420 7427
512 1023
1073 1585
2334 2846
3512 4024
5163 5675
478 988
365 878
8240 8755
3232 3748
1132 1640
7540 8048
2143 2650
7535 8042
6201 6716
6521 7027
7254 7773
17 540
1258 1786
1042 1538
2353 2851
7638 8133
4123 4622
3511 4001
364 884
1372 1861
4330 4851
4350 4836
7370 7888
5411 5951
3465 3988
219 708
4309 4853
283 827
257 803
3381 3862
2392 2939
4361 4906
4198 4677
4568 5116
5461 6001
9252 9728
3332 3872
2141 2682
9439 9975
2166 2655
3353 3893
9285 9834
4273 4736
6157 6719
6593 7155
5413 5910
4151 4611
6354 6884
6544 7079
510 967
3095 3630
5472 5978
253 705
4600 5061
459 1014
8364 8850
7230 7680
86 616
1473 1923
4462 4908
6210 6662
9395 9974
1138 1591
3256 3824
4553 4995
8393 8835
7249 7706
2546 3001
1190 1768
3353 3913
8416 8881
2343 2933
7302 7893
8441 8877
432 996
177 740
7232 7702
326 785
5474 5941
3340 3924
7366 7839
1426 1992
9409 9882
3420 3842
6454 7017
413 1020
4599 5014
4408 4954
2366 2906
5332 5808
8302 8713
5553 6105
8345 8945
4347 4754
259 873
4097 4717
8244 8792
5288 5830
2061 2659
8344 8951
200 679
1156 1771
6415 7038
7451 8041
7611 8141
4403 4938
1163 1778
9288 9777
7492 7998
6237 6695
324 824
7352 7876
6250 6678
3214 3827
7307 7924
1385 2025
2346 2986
6404 7046
6325 6710
9378 9766
2056 2701
4508 4890
3558 3937
4449 5094
6382 6758
5447 6092
1463 1852
3146 3783
1251 1644
2386 3008
7283 7905
4441 5067
8508 9135
6235 6856
9341 9966
2510 2907
4477 5096
4349 4712
4242 4613
5398 6031
6441 7090
31 643
5597 5953
8578 8990
8534 9163
2293 2667
5347 5757
7371 7787
277 948
8396 8813
6165 6836
7671 8021
2137 2810
2079 2747
1495 1906
4209 4823
1462 1808
8340 8755
4421 5101
3160 3825
9298 9979
3225 3632
5315 5737
6409 7075
126 725
9408 9835
6412 7079
4276 4632
5591 6009
6302 6704
6388 6747
7204 7829
8193 8880
1101 1791
4534 4869
1161 1594
4143 4763
6154 6847
2082 2708
1278 1608
6234 6882
3395 4090
3252 3598
6600 7028
6584 6916
6307 6686
3499 3947
1052 1756
5202 5776
3331 4032
4362 5065
3165 3742
1141 1718
3444 4023
27 735
5211 5791
7550 8122
6285 6731
7399 7712
3350 4063
5128 5826
3191 3771
3337 4036
7173 7880
2517 2842
393 857
2204 2637
8523 9114
6458 7147
5323 5656
1436 1865
2409 3004
6287 6745
420 882
6335 6760
5155 5876
1308 1988
5427 6123
7613 8036
1318 2047
8520 9106
8458 9169
3310 3634
5213 5760
6406 7128
3250 3666
3403 4010
7450 8184
7466 8137
7568 8052
6462 7130
101 652
6331 6736
8451 9192
3510 3933
2268 2611
1228 1571
9377 9809
3559 3863
323 947
5491 6018
6444 7128
4192 4756
7475 8135
6654 6923
4578 4887
1039 1785
8362 8796
8588 9083
339 932
149 620
233 531
6240 6811
6258 6798
508 765
8682 8939
8512 8770
1384 1643
3199 3963
473 733
9657 9916
4338 5108
7175 7937
5223 5999
8536 8784
132 908
3122 3898
3426 3690
4130 4907
9539 9802
8304 9081
2067 2841
7261 8022
4493 4742
9549 9793
1370 1623
9532 9777
7370 8132
6305 7087
2129 2911
8402 9181
2399 2640
9668 9931
4192 4976
1294 1562
3082 3870
5424 5668
2475 2749
5373 6123
9726 9960
6506 6781
4319 5063
6349 7124
6461 6692
4565 4812
2148 2941
8373 9135
1376 1660
1104 1869
5453 5712
5175 5929
8522 8788
8411 9157
4465 4718
6488 6776
4388 4614
2370 2657
2447 2732
117 851
5371 6109
5458 5748
6593 6887
1405 1620
5387 5664
2260 3071
1203 1944
1527 1756
5401 5686
8581 8874
7188 7974
8451 8752
2255 3067
5244 5960
5215 5994
202 1023
1441 1687
67 884
8390 9201
4423 4735
5208 5985
6649 6851
9692 9958
7604 7822
3391 3588
2375 2564
2268 2968
3237 4065
4116 4944
1251 1957
6639 6824
1336 1648
3388 3701
1340 1653
6295 7134
2398 2580
5171 6009
2541 2720
6159 6978
8546 8748
8352 9199
9566 9745
3460 3796
3153 3841
7220 8039
2456 2764
8585 8926
5482 5683
7439 7761
9640 9975
5469 5692
223 958
6650 6811
2145 2819
6392 7067
4386 4673
8674 8839
8273 9012
4243 5110
4324 4995
4445 4666
9707 9859
9706 9857
5210 5937
7437 7777
6445 6720
3156 3897
7266 7951
3404 3618
8227 9037
2278 2964
484 657
3152 3877
9336 9998
1509 1683
6635 6812
8619 8924
5412 5724
4322 5018
1024 1914
6326 7116
6229 6958
8644 8895
172 976
4484 4857
6199 6985
5270 6120
7281 7950
7557 7685
8259 9155
2102 2996
337 723
3568 3699
193 834
8388 9024
8384 9028
1047 1938
2556 2681
5348 5986
8288 9193
1461 1596
7321 7952
8415 9044
306 697
3208 3844
1153 1807
6407 6792
1492 1627
4159 5038
2119 3028
1374 1741
3219 3847
8517 8915
7348 7982
4234 4881
4181 5070
8432 9067
1127 2043
8423 9082
7337 7988
185 804
4263 4920
4133 4997
7191 8118
7562 7721
7284 8144
5510 5666
2069 2992
1371 1790
2424 2782
74 1005
3361 3721
7289 8145
7464 7809
9631 9780
3383 3740
3282 3961
1319 1675
138 807
5517 5667
5292 5917
6433 6800
6425 6824
9689 9837
2281 2896
1325 1684
4601 4677
6512 6861
5229 6099
3409 3823
4113 5039
8412 9059
5318 5894
5145 6104
7271 8101
3336 3788
3263 3958
8252 9205
5516 5702
6388 6974
5255 5961
1422 1600
1310 1744
159 849
1187 1900
6253 7101
6233 7048
153 840
2421 2727
6567 6773
6439 6901
6332 7022
8448 8916
7196 8138
3526 3601
7532 7860
9664 9753
5365 5932
4402 4846
114 942
104 949
8305 9132
5413 5882
380 675
2258 2866
2058 3051
1451 1610
5354 5897
1504 1539
2472 2635
2113 2980
2470 2639
7602 7768
6550 6776
6518 6809
3087 4095
4546 4658
8691 8706
7260 8104
1338 1743
2206 2918
267 753
6481 6827
1379 1688
4421 4798
1508 1560
1082 1990
1185 1884
7581 7776
5488 5773
5578 5687
2217 2903
2397 2722
6212 7236
6160 7184
2728 3754
744 1770
2194 3217
4893 5913
4150 5171
2955 3981
4926 5945
4167 5184
940 1958
8759 9785
7164 8178
258 1298
6708 7717
505 1512
1019 2026
2700 3741
4373 5380
213 1222
8709 9744
345 1345
5070 6102
6535 7583
4956 5958
542 1540
8443 9441
609 1658
2185 3221
8789 9800
4855 5866
3050 4085
4731 5723
2581 3636
5090 6080
4872 5930
7028 8023
8898 9953
2342 3333
3013 4070
951 1940
9 1068
4305 5364
4132 5122
4497 5559
6166 7216
302 1288
7055 8102
8217 9264
6149 7215
8513 9578
3016 4068
8525 9568
1008 2013
2133 3194
2225 3201
2982 3990
2462 3502
2209 3216
751 1758
4559 5630
4227 5297
4812 5886
2627 3697
8726 9764
4515 5521
4536 5517
792 1837
6168 7213
500 1474
2800 3782
7096 8078
8449 9528
842 1904
6529 7611
2402 3417
6288 7343
403 1491
8410 9370
4222 5180
2441 3531
970 1934
8648 9613
2737 3828
3000 4095
2852 3948
574 1654
2711 3806
2574 3655
2087 3180
2459 3542
4422 5384
8837 9930
243 1212
6799 7902
8568 9514
373 1313
2120 3100
8618 9726
736 1717
8725 9792
2099 3174
2301 3243
217 1167
8247 9313
6965 8034
8704 9818
5032 6130
7167 8099
2785 3773
182 1256
7085 8179
8476 9538
556 1650
2411 3380
175 1264
8439 9384
946 2002
4653 5708
260 1382
6381 7305
2090 3139
6510 7428
4274 5337
6479 7458
245 1179
4121 5239
8448 9583
368 1280
271 1406
6649 7563
8539 9512
6699 7775
4400 5446
2686 3590
2180 3325
5024 6106
2952 4084
8572 9472
8576 9724
2066 3182
8456 9589
4603 5499
4367 5519
2523 3418
4138 5288
2532 3431
8782 9933
6489 7642
8896 9795
8233 9389
2310 3459
327 1472
6849 7757
6203 7350
8631 9528
466 1347
4852 5728
6628 7537
547 1718
2149 3315
6185 7359
2366 3494
2167 3311
6986 8144
4782 5684
4667 5799
4649 5813
8597 9480
637 1758
4695 5872
7000 8176
820 1949
1016 1873
4667 5777
270 1445
263 1452
564 1695
4849 5696
2160 3266
4104 5307
2128 3299
2526 3434
8795 9967
8663 9571
8239 9369
4975 6102
6524 7623
8882 9743
4385 5535
4270 5136
2810 3652
207 1136
7142 7975
4182 5271
4440 5529
2080 3300
2631 3725
6920 8130
2889 3970
6204 7415
3004 3959
8848 9821
4984 6070
527 1728
6164 7364
2175 3247
7088 8032
674 1651
2211 3184
2551 3362
8680 9534
6254 7353
2057 3294
4953 6016
4722 5801
918 1867
6988 8082
4495 5456
987 1796
8585 9577
2262 3126
2977 3905
8212 9461
88 1209
6314 7240
8851 9840
8209 9461
6617 7484
7022 8072
3020 3883
4373 5618
161 1094
8525 9637
600 1712
582 1708
4628 5880
2987 3909
8205 9442
4877 6141
821 1989
4141 5340
6815 7790
2722 3665
8246 9411
434 1351
4985 6030
851 1962
8351 9318
4759 5741
2860 4055
319 1475
4601 5381
278 1515
404 1385
2605 3795
8634 9541
4380 5603
4725 6005
266 1034
4200 5482
8499 9265
404 1175
7076 7840
699 1981
444 1210
6733 8005
6211 7499
8233 9508
46 1312
757 2020
2767 4061
98 1398
8447 9703
1004 1780
2372 3164
342 1102
1 1305
4564 5325
6862 8149
2589 3846
493 1266
959 1696
5044 5803
6491 7291
2359 3092
6377 7628
7059 7861
4797 6037
5103 5831
6682 7986
2568 3874
8507 9232
6549 7358
4134 5386
2726 3979
6282 7588
26 1332
9031 9833
7023 7775
4502 5286
6397 7629
4740 6069
292 1045
716 2046
6340 7670
22 1317
8556 9304
2989 3739
4318 5608
4771 6043
590 1911
4856 6083
280 1059
6545 7340
782 1614
6262 7479
4296 5513
4854 6069
4829 6040
4757 6099
4728 5950
2103 3440
5100 5797
2549 3263
2787 4009
2250 3457
8359 9706
6224 7454
2649 3849
9064 9785
5032 5883
2490 3308
484 1202
6241 7480
4960 5689
8324 9688
7069 7872
6597 7323
8611 9468
4909 5746
2164 3348
183 1494
4720 5906
663 2037
2911 3645
6799 8170
2391 3121
4496 5368
2895 3622
2724 4046
6218 7456
2916 3599
6291 7672
8245 9560
4158 5459
4755 6141
490 1156
463 1184
501 1159
6483 7205
8513 9271
4822 6049
6875 8108
4250 5613
6195 7499
861 1569
4112 5484
495 1170
6658 8063
7048 7926
6692 8100
7081 7723
4933 5825
1018 1662
6705 8116
401 1046
4180 5598
813 1702
410 1041
680 1828
7149 7805
2443 3097
208 1347
6278 7445
4153 5551
6190 7608
8978 9861
2672 4073
7130 7747
6299 7425
6900 8047
2352 3244
4749 5905
4469 5354
2548 3157
6343 7525
6718 8092
615 1989
4715 6094
2887 3808
5119 5720
4968 5825
2679 4062
4404 5278
2102 3484
2444 3110
8964 9902
1011 1625
8597 9273
1015 1626
2940 3794
8399 9568
90 1525
4325 5463
4961 5842
4738 5942
6581 7168
6451 7302
6734 8187
5067 5757
318 1161
2501 3196
265 1205
2390 3306
4330 5463
6228 7657
8372 9483
8256 9600
5053 5756
4740 5959
4500 5207
7110 7682
100 1440
8553 9391
2974 3673
4825 5918
6739 8091
133 1356
9091 9802
6697 8160
8610 9321
991 1556
4224 5452
436 1144
2558 3123
6592 7183
6872 7959
6912 7888
528 1984
4267 5498
4298 5403
8347 9546
2905 3720
4594 5153
660 1856
4618 6110
316 1257
379 1198
2846 3787
4183 5519
2438 3166
9058 9913
369 1197
474 1031
8697 9252
6146 7645
2510 3089
6846 8033
6490 7301
6324 7508
4487 5222
2624 4002
6881 7939
2341 3270
4176 5557
531 2038
8589 9320
6166 7678
4967 5771
8470 9466
924 1649
8983 9978
150 1400
8427 9476
716 1852
6637 7197
581 1972
4850 5891
7043 7799
6946 7895
6658 8183
4299 5437
563 1995
3061 3596
9148 9797
2405 3230
4429 5297
8693 9225
5021 5729
6624 7198
4282 5444
572 1987
6902 7414
2912 3424
4751 5263
6197 7735
8281 9819
2912 3428
6851 7365
4497 6041
2577 3096
2172 3701
8346 9873
2414 3941
6873 7381
4372 5913
6387 7934
5089 5615
2802 3324
2980 3499
195 1740
4378 5909
2702 3228
5073 5573
4124 5642
4895 5385
536 1038
206 1753
2799 3318
367 1910
8816 9322
6982 7516
759 1261
2184 3731
6950 7485
7161 7652
4169 5716
4442 5956
169 1719
373 1898
4874 5418
6659 7203
847 1389
6533 8103
6618 8185
9134 9613
6579 8087
6203 7711
2085 3585
4514 6023
9116 9658
4999 5550
2889 3429
4734 5201
6630 8149
8251 9736
8777 9340
870 1363
9051 9571
2230 3727
2695 3261
2533 4063
8318 9797
4513 6113
6625 8096
4254 5852
4616 5194
6447 8044
381 1854
5001 5578
6934 7507
8715 9283
4429 5893
4607 6071
4994 5579
8797 9239
354 1833
9062 9515
4948 5402
4452 5931
4964 5419
414 2001
451 1938
2480 4066
69 1559
4269 5881
8533 9985
2370 3862
4528 6118
6475 7965
771 1364
8257 9753
2983 3583
6747 7170
360 1844
8958 9378
2200 3781
637 1053
4889 5497
4482 6114
2796 3212
6863 7342
4385 5952
408 2042
8864 9410
6578 8145
2127 3627
995 1413
2947 3556
6913 7528
5030 5581
9042 9529
937 1479
2092 3676
768 1392
673 1235
2990 3548
2853 3408
7045 7664
8770 9271
4438 5923
8422 9872
8260 9779
2823 3455
4747 5361
6558 8165
58 1607
9111 9704
2448 3856
9173 9557
9005 9645
914 1297
6243 7911
2190 3595
551 1186
4830 5211
2416 4085
2809 3189
2254 3651
4788 5157
191 1579
8283 9934
357 2034
3033 3393
2170 3811
8953 9312
211 1610
4741 5151
429 1847
8715 9367
235 1655
6623 8002
931 1342
6877 7234
767 1119
5021 5436
2299 3673
6565 7943
988 1407
746 1097
244 1617
9007 9610
4416 6119
876 1476
9086 9686
2094 3719
395 1825
712 1123
4357 6057
4742 5160
4654 5278
607 1263
8608 10000
150 1572
2681 3274
9137 9476
6151 7858
9180 9577
6345 7807
8912 9318
4325 5725
2116 3836
2961 3368
4776 5138
2641 3307
4274 5640
2074 3745
8200 9907
8308 9929
2955 3382
8317 9917
8820 9398
2139 3737
4459 6057
245 1590
2210 3686
832 1413
579 1158
6612 7953
2843 3549
9161 9486
6626 7976
8800 9386
6246 7852
6486 8093
6176 7917
6681 7369
578 1170
6522 8107
2729 3195
862 1420
264 2013
8793 9358
4299 5650
8987 9665
9100 9558
9043 9609
2358 4075
953 1380
4982 5527
2855 3526
3023 3374
237 1551
6698 7374
9145 9565
6971 7646
3039 3385
6368 7687
6454 8159
4855 5150
4844 5126
4171 5792
8890 9302
4470 6043
4328 5637
172 1602
6802 7293
759 1048
4973 5532
4355 6130
466 1824
661 1127
4532 5952
621 1176
501 1794
4460 6036
7112 7472
6651 7938
4790 5197
8303 9875
582 1211
6531 8061
2784 3554
2518 3797
7011 7271
8829 9592
669 1434
2331 3601
6825 7587
2956 3206
8205 9984
2218 4005
2477 3746
242 2018
2216 4024
7019 7290
4719 5502
6713 7467
2616 3370
5109 5350
909 1182
8488 9789
8936 9727
4303 6101
6311 8123
292 1593
8649 9943
4449 5696
4875 5161
9157 9446
2144 3907
78 1899
4638 5432
777 1057
9065 9280
8551 9806
8740 9480
8978 9278
2893 3169
6455 7706
4374 5688
636 1362
127 1873
4307 6140
6809 7593
8594 9890
6310 8086
881 1088
5035 5274
6712 7436
2865 3081
715 1521
8615 9885
9174 9453
4840 5588
265 1588
215 2026
6808 7589
7127 7401
3023 3313
3015 3321
6336 8191
6555 7899
6632 7848
8959 9662
6885 7588
362 1576
6572 7912
4913 5237
8685 9896
4837 5538
6402 7749
8642 9866
6655 7863
157 2007
4761 5586
390 1741
409 1750
996 1195
2121 3846
3043 3250
4832 5554
9171 9345
2604 3448
550 1394
8918 9602
6604 7828
5026 5370
433 1769
4898 5246
6224 7948
8656 9868
2882 3103
68 1817
2550 3755
6647 7849
5066 5268
2167 3881
6445 7795
8595 9932
9109 9418
174 1994
4501 5873
784 1140
269 1637
141 2021
9071 9222
53 1887
2929 3098
68 1844
587 1343
634 1282
6200 8000
4447 5671
6537 7920
6964 7246
2553 3715
6903 7564
7160 7299
6856 7496
2742 3382
683 1322
4188 6111
4199 6115
9211 9342
652 1289
6179 8102
2710 3344
6338 8004
2633 3534
4513 5670
6946 7342
6684 7569
6953 7332
6868 7514
8932 9588
8349 9999
4648 5564
57 1965
4931 5333
23 1921
513 1430
2509 3669
7073 7224
6884 7550
2257 3914
2321 3725
6147 8094
8543 9921
509 1634
2792 3402
321 1764
356 1729
4618 5549
8984 9407
6180 8077
2660 3533
2363 3729
8750 9604
2114 4072
2075 4017
1014 1117
6893 7489
6291 7999
8633 9750
6186 8069
8842 9531
81 2016
2149 4052
8509 9865
6315 7967
8530 9959
2442 3644
6661 7603
2155 4060
563 1412
4563 5732
201 1905
6521 7872
2292 3918
794 1190
567 1419
9080 9412
8723 9644
2127 3982
8811 9641
774 1220
526 1485
9033 9357
6925 7371
6967 7409
4627 5589
8720 9687
389 1602
4558 5638
2591 3542
8674 9768
2065 4059
2244 3855
197 1806
2140 3984
672 1388
4314 5911
8639 9839
2598 3574
577 1424
4121 6088
797 1225
2521 3597
2401 3764
98 1975
4886 5313
814 1273
9056 9402
4141 6134
4257 6013
4760 5446
4543 5727
2609 3539
4746 5480
6419 7920
6527 7835
4838 5379
6381 7947
1009 1046
156 1908
4858 5394
3028 3133
8604 9845
6867 7481
4636 5622
2161 3994
2592 3532
7044 7272
8572 9873
2862 3267
9130 9284
3056 3102
6330 8021
4382 5870
6394 7946
3058 3074
8820 9605
6213 8119
6813 7534
6508 7833
8561 9863
8637 9803
6893 7447
8995 9432
2437 3710
29 2017
6308 8025
2153 3988
161 1887
8587 9844
4702 6751
1827 3874
1973 4023
1567 3612
4583 6626
1310 3355
4149 6192
559 2602
5885 7930
399 2436
583 2634
4206 6240
5232 7294
5023 7056
5689 7720
33 2096
928 2994
4546 6612
1317 3379
5063 7120
5259 7312
4810 6870
247 2282
1078 3115
4381 6400
1776 3821
5807 7857
1309 3330
5477 7493
336 2417
5992 8009
1907 3921
4661 6678
5306 7326
4462 6475
1959 3968
4329 6337
576 2666
719 2788
1191 3211
75 2168
1155 3248
4189 6249
5658 7726
4516 6545
527 2618
1815 3873
5128 7217
5718 7791
4273 6280
5216 7258
1622 3692
682 2710
1223 3322
5923 7965
5817 7815
5149 7260
5056 7042
881 2867
5958 7941
4205 6187
1072 3191
4686 6661
4478 6449
1742 3740
5237 7206
1113 3084
4623 6744
5477 7485
5745 7720
4409 6496
4191 6150
1598 3684
4870 7002
1249 3260
809 2934
5984 7936
5445 7463
570 2654
1186 3271
4302 6315
862 2872
4260 6339
5339 7356
1732 3759
943 3012
181 2264
5764 7913
148 2298
4213 6170
264 2407
4287 6352
792 2920
5744 7680
1882 3884
5752 7694
6121 8094
5530 7650
4247 6383
1876 3885
1773 3732
1289 3443
4527 6613
5921 8026
5736 7702
5706 7732
5289 7382
1067 3156
848 2863
4542 6461
1492 3415
4700 6872
1053 3224
5819 7742
4506 6431
4340 6259
4298 6208
4793 6706
5158 7338
4616 6788
4723 6910
6081 8015
1360 3551
1623 3783
5298 7202
170 2104
5788 7688
1548 3737
1472 3413
1088 3288
1493 3405
1334 3502
4666 6819
4614 6815
140 2070
5214 7365
5197 7376
334 2515
918 2824
93 2242
5889 8097
1404 3549
1515 3406
5374 7259
4352 6566
5927 8064
1811 4020
4280 6175
5247 7383
5770 7715
4446 6644
957 2838
5004 6945
6091 8037
1999 3936
4162 6386
647 2613
4765 6703
4382 6573
5900 8121
1433 3374
1915 4035
418 2329
1968 3853
2012 3939
4300 6157
5241 7355
1064 3307
4734 6842
4689 6805
5323 7181
4290 6149
961 2825
755 2619
282 2515
1182 3159
2011 3863
654 2626
798 3024
1241 3083
5264 7235
962 2839
5059 6934
6075 8046
4772 6770
1455 3446
4313 6144
722 2568
4228 6239
5027 7037
213 2058
1055 3327
494 2319
4230 6245
4175 6316
232 2062
4849 6679
735 2614
1412 3438
5187 7336
5134 7394
1850 4055
816 3038
4538 6474
4693 6820
2045 3852
5605 7446
6049 8020
1783 3586
4326 6160
4526 6489
1112 3233
4491 6514
5150 7399
1910 3981
1505 3354
5932 8151
455 2363
5068 6860
5013 6805
4108 6409
166 2467
5736 8032
1822 3607
4566 6367
1663 3956
107 2400
5481 7269
4800 7117
5845 8152
1138 3452
1257 3558
230 2537
1667 3987
4432 6209
4628 6918
565 2855
1498 3272
5879 8162
1804 3611
5030 6846
972 2773
347 2112
4334 6642
5802 8117
1570 3842
5031 6791
5267 7600
4426 6255
223 2552
1418 3234
546 2826
5184 7528
465 2297
1137 3416
845 2663
4120 6451
1633 3916
4768 7054
66 2412
4659 6940
812 2563
1018 2762
1125 3413
1431 3239
5125 7476
176 2434
4178 6503
5218 7508
1122 3418
5717 8045
1230 3574
4439 6253
1215 3459
5596 7393
4473 6215
4767 7073
4956 6755
1696 3999
1697 4065
139 2506
6062 7917
4414 6269
1779 4016
4255 6617
971 2700
1816 3679
4575 6296
300 2151
6097 7837
5144 7509
4625 7007
5560 7415
1733 3991
4550 6290
6100 7808
1237 3471
4166 6429
4158 6501
5609 7351
1148 3363
6005 7722
4856 7066
5365 7574
6074 7897
942 2760
5850 8125
15 2406
865 2572
511 2193
5806 8158
1477 3253
1352 3130
5107 6784
5471 7210
5634 8059
5949 7748
2028 3730
218 2469
304 2224
6035 7697
5271 7445
5457 7378
5646 8074
5486 7403
4212 6641
1574 4000
1798 3726
5562 7219
1536 3977
5110 6778
1306 3223
6068 7737
5266 7452
1083 3509
4587 6267
1028 3478
4123 6537
1528 3179
614 3059
599 3010
559 3001
4359 6289
4966 6896
5403 7308
5132 7573
489 2163
5792 7996
642 2847
1269 3412
975 2669
181 2326
717 2926
4743 6947
2024 3663
589 3045
1131 3523
5006 6694
4574 6263
966 2671
1703 3854
5451 7396
1043 3489
899 2609
992 2643
5050 6670
700 2826
5196 7674
1885 3819
5087 6760
4402 6282
4786 6922
1863 3839
1105 3563
4517 6174
5537 7194
1540 4031
4181 6633
284 2208
4822 7019
770 2751
1333 3211
351 2273
690 2829
1664 3904
4862 6975
6015 7867
4942 6794
670 2900
4807 6925
4960 6826
1897 3747
478 2069
5212 7569
6020 7753
4186 6551
1403 3254
5073 6687
4796 7020
1462 3174
749 2879
390 2132
6025 7771
915 2635
4240 6472
4632 7105
1572 4093
201 2320
5964 7824
5389 7376
1111 3466
1028 3547
21 2506
969 2601
6129 7696
1819 3832
295 2243
248 2332
1837 3784
472 2098
1766 3852
4987 6807
1889 3724
5805 8000
5194 7591
5574 7208
4831 6959
1338 3275
4155 6607
5445 7347
4412 6341
1510 3100
4729 7045
4857 6917
1727 3906
471 2089
1599 4032
1099 3656
6139 7679
4868 6400
176 2740
633 2173
4312 6877
5974 7507
6006 7536
5104 6647
1929 3470
567 2096
594 2138
4928 6472
593 2137
691 2233
4478 7026
1631 3155
5857 7405
5397 7961
173 2723
1298 3869
1578 3128
5678 7228
331 2904
1737 3293
5713 7237
1774 3323
4223 6762
979 2500
6017 7576
1874 3403
1886 3397
1819 3328
591 2131
1162 3733
5077 6645
449 3042
52 2576
5156 7683
1118 3703
411 2998
1817 3383
5789 7347
230 2772
5118 6605
393 3005
5444 8062
4897 6429
816 2316
4331 6869
5087 6625
4507 7076
5398 8022
4834 6310
368 2870
4510 7129
1073 3704
5244 7733
4099 6730
715 2182
761 2231
386 3021
6074 7669
5890 7504
5381 8017
4492 7131
1409 4054
6086 7580
268 2896
4281 6887
521 2134
1476 4005
985 2490
1381 3841
4745 6369
1762 3210
852 2364
1354 3875
2031 3462
4670 6231
5351 7816
5980 7475
1258 3739
5602 8087
5215 7721
2014 3497
632 2051
518 2173
1879 3371
5822 7360
1566 3229
5322 7753
1789 3193
6059 7470
5248 7686
5816 7230
1787 3185
5328 7773
520 2181
5170 7871
236 2657
686 2081
1860 3540
1328 4000
320 3025
6002 7654
4552 7006
2038 3425
522 2205
769 2457
115 2795
442 2850
5395 8075
987 2371
4903 6589
6140 7527
6135 7532
5659 7303
645 2072
1448 3895
973 2412
5585 8053
4320 6725
1399 4062
4914 6552
405 2878
5611 8006
4919 6554
5928 7558
1542 3241
5269 7717
205 2685
630 2254
1519 3923
4835 6238
4128 6814
5123 7869
111 2768
39 2712
5304 7800
5544 8041
4811 6156
4570 6930
5304 7793
1193 3680
1233 3608
4852 6207
1799 3531
6105 7446
1511 3895
5758 7340
4594 6944
1080 3818
41 2811
1365 3974
5494 8098
1694 3146
4 2771
938 2422
4548 6936
4433 7053
4159 6880
2005 3381
804 2501
6028 7534
5997 7566
212 2615
5427 8151
4707 6278
1882 3506
4350 6677
5360 7708
5497 8086
4701 6319
226 2583
5871 7194
1151 3721
165 2653
1268 3597
5887 7173
5670 7389
5355 7696
1574 3291
1738 3125
5995 7275
4655 6447
4747 6539
4980 6260
5341 8156
127 2941
5502 7805
4607 6908
912 2197
4278 7089
5511 7823
5193 8001
1383 3693
5134 7940
1991 3274
1707 3493
5623 7929
5763 7570
1502 3791
1857 3152
5256 8091
5835 7646
1936 3207
5101 6389
5455 7764
1396 3695
1668 3481
1480 3799
1085 3869
5877 7637
1715 3473
4418 6753
5006 6317
4972 6217
5525 7856
545 2310
1801 3105
5934 7174
1285 3630
592 2428
5133 7971
106 2885
1587 3330
4715 6490
4705 6482
1438 3757
1788 3535
5038 6301
458 2815
1284 3634
1978 3213
4195 7003
4569 6881
1809 3113
5181 7943
1150 3909
1901 3158
1543 3387
361 2647
322 2684
5948 7171
1013 2229
5206 7959
5677 7529
5048 6396
4644 6497
5813 7664
5584 7830
4595 6837
1330 3706
579 2314
4861 6580
6107 7314
4236 7104
6093 7296
950 2296
1928 3289
1905 3104
749 2495
5900 7256
5845 7553
1079 3951
122 2849
1691 3524
128 3039
1733 3495
4586 6793
5069 6318
990 2234
1484 3753
4678 6433
4452 6669
121 2832
5319 8110
850 2107
6082 7336
1793 3178
1678 3554
993 2189
576 2350
1608 3389
1058 3924
602 2339
6031 7413
4424 6706
4190 6948
1677 3575
6061 7382
407 2794
825 2119
4326 7015
4966 6373
1587 3510
4874 6284
4276 6963
4105 7040
4483 6666
5438 7863
5172 8127
1054 3989
5005 6145
4301 6976
4744 6405
5973 7387
4619 6533
126 3054
4405 6821
786 2179
4680 6618
4748 6430
4439 6853
428 2623
894 2278
2035 3177
1354 3798
4176 7119
4116 7051
6088 7272
5686 7575
4948 6390
344 2811
1800 3244
561 2453
1382 3776
1303 3775
198 2927
4511 6709
4392 6787
95 3059
4801 6508
5230 8129
5627 7755
5072 6245
5395 7846
1427 3621
1647 3545
592 2535
30 2983
1381 3807
1301 3758
5470 7906
5058 6270
488 2645
4272 6926
1777 3407
773 2235
1752 3431
4798 6401
1760 3360
4367 6863
6029 7245
1266 3891
231 2854
275 2768
1333 3825
112 2997
524 2507
397 2628
6041 7248
981 2078
5189 8073
1868 3203
5338 7946
4152 7145
5120 8146
5392 7875
4275 7015
5229 8120
826 2284
61 3050
1681 3398
788 2252
5552 7784
163 2936
374 2731
584 2453
1535 3617
1970 3154
4154 7131
553 2511
4726 6544
4701 6581
62 3031
79 2981
978 2105
1708 3392
4983 6299
475 2612
962 2093
5823 7502
555 2521
4231 7027
5300 8002
1107 4004
4188 7083
441 2638
1666 3450
4709 6556
1511 3613
101 2975
1072 4042
38 3037
1212 3911
983 2091
5045 6219
280 2790
118 3190
1533 2557
4790 7862
83 3155
1950 2975
1213 2238
5036 8106
1678 2697
1051 2064
4122 7185
5812 6847
455 3530
5860 6890
4901 7978
4619 7684
5356 6397
5589 6596
1293 2329
4336 7397
204 3290
6126 7158
59 3106
5095 8190
1892 2942
1722 2720
500 3562
5364 6378
4414 7456
1468 2461
5515 6569
5384 6443
4763 7870
1597 2586
1561 2622
4225 7337
468 3581
2001 3066
6122 7111
5867 6854
4113 7228
1634 2636
1199 2207
1982 2959
6085 7159
109 3167
203 3321
1600 2677
477 3560
4879 7994
612 3667
950 3980
4207 7253
4994 8121
419 3487
1713 2703
469 3563
146 3245
480 3488
5405 6492
5550 6639
6052 7142
5096 8109
80 3094
4692 7698
5331 6293
5963 6924
4161 7174
1392 2362
902 4045
4342 7357
5793 6895
1238 2200
1627 2580
1058 2162
4396 7548
4473 7465
4826 7818
5571 6546
5855 6798
1428 2502
5217 6194
1920 3027
1133 2110
1589 2659
1158 2256
875 3901
5366 6318
842 3859
1403 2338
1755 2690
683 3824
4179 7182
4804 7833
1445 2555
5131 6229
5629 6562
5606 6534
5901 7017
1751 2738
4233 7406
902 4078
4732 7703
4374 7544
6114 7052
1946 3060
4700 7730
5543 6600
1421 2556
95 3117
5859 6807
4193 7189
1900 2840
1914 2831
5926 6993
4245 7404
1334 2383
451 3513
5322 6320
366 3348
425 3541
325 3384
5761 6910
5291 6356
4295 7239
4464 7667
573 3769
1326 2475
833 4036
4297 7244
1812 2963
1745 2648
4304 7262
5081 8009
5388 6557
5358 6268
284 3471
5957 7126
1530 2415
90 3277
1371 2498
1183 2051
1601 2781
1356 2512
5167 6321
1508 2427
4470 7638
443 3355
4288 7265
154 3131
5511 6436
1304 2492
5209 6398
5907 7097
1711 2562
5342 6256
5888 7088
1682 2595
1660 2765
5276 6190
5499 6607
1299 2471
1478 2417
646 3646
5749 6861
1972 2933
5254 6215
4347 7226
4466 7600
1137 2227
303 3564
4355 7622
4725 7859
158 3161
4522 7523
1506 2344
5270 6236
341 3481
32 3308
5382 6603
465 3356
40 3301
1325 2528
6143 6961
5238 6329
4407 7655
353 3505
296 3578
1030 2260
1984 2835
4610 7894
750 3640
276 3522
378 3494
1339 2534
4520 7497
4301 7212
1531 2328
5207 6323
726 3635
1207 2128
446 3414
5856 6664
3 3311
754 3615
1722 2634
5897 7162
509 3342
397 3449
6000 7046
1643 2717
41 3295
4168 7359
5650 6891
1150 2183
4847 7699
108 3216
5162 6359
4972 8081
6064 6833
4899 7714
1250 2529
4343 7667
4626 7958
6044 6808
4403 7221
1387 2145
173 3489
1719 3003
1738 3015
1747 3036
4587 7396
4410 7209
1154 2449
779 3608
1253 2545
4733 8040
4943 7770
2027 2814
4110 7449
4423 7263
6113 6906
1895 2683
4885 7690
1853 2594
5632 6944
702 3998
4155 7448
1501 2296
3 3364
1641 2894
1121 2377
5922 6666
5088 7881
5049 7824
4463 7238
4344 7633
5879 7133
5178 6416
4143 7425
1192 2439
1856 2673
4317 7663
895 3659
168 3485
286 3112
504 3278
4238 7609
1787 3011
457 3314
5839 7156
1981 2689
5200 6509
670 4003
2023 2776
1834 2666
4845 8109
1102 2318
1857 2561
692 4086
5300 6646
1985 2692
5152 6501
1751 2962
865 3623
5233 6455
420 3298
5633 6987
4554 7296
4520 7395
6070 6907
1229 2461
552 3960
16 3394
120 3370
4914 7783
1483 2206
5669 7024
5848 7055
6093 6806
5520 6349
1647 2830
1202 2518
4992 7909
4898 7751
370 3095
4444 7221
4621 8039
5115 7825
5496 6167
1029 2421
5865 7064
4762 8168
6022 6898
5097 7836
1011 3718
1777 2948
325 3132
4572 7333
1304 2146
4241 7658
903 3835
186 3527
1964 2770
4711 8167
1151 2557
1406 2301
590 4043
1114 2525
1519 2151
1575 2991
4249 7441
4140 7590
1267 2431
860 3793
5865 7033
4641 8113
5506 6163
4459 7417
890 3816
4953 7882
5202 6597
1829 2749
410 3076
5083 7748
5549 6153
6052 6656
5812 6931
5314 6506
1045 2493
343 3327
1313 2190
5130 6565
5042 7683
4102 7607
4577 7251
610 4048
316 3210
5352 6495
589 4084
4246 7471
4781 7956
4328 7505
5383 6334
4396 7318
1309 2215
1726 2820
4134 7578
5944 6788
6033 6700
4253 7459
1921 2622
4346 7483
1685 2903
5701 7047
5778 6992
5891 6849
4901 7904
743 3873
4889 7903
1297 2262
4797 8058
1039 2503
5241 6576
1414 2124
1442 2152
4957 7831
1830 2796
4665 8181
1727 2931
5419 6375
783 3778
5655 7129
4925 7923
425 3192
1452 2174
456 3098
4664 8172
5226 6590
1366 2191
1902 2741
1950 2627
1429 2122
239 3376
6117 6714
5330 6450
5683 7122
6086 6695
1259 2313
740 3847
5064 7724
5186 6564
4609 8166
4633 8178
5619 6168
1919 2705
4944 7870
1189 2378
1277 2322
5028 7764
4749 8060
4111 7677
813 3807
4696 8107
1189 2384
4202 7581
820 3779
539 4067
5693 7110
274 3305
1252 2335
4119 7659
1361 2898
2003 2512
904 3469
5031 7584
1760 2280
4205 7779
426 4025
1148 2664
1705 2237
476 4041
5798 6320
1348 2899
6079 6567
2009 2497
4345 7905
5022 7559
5818 6304
571 3111
4378 7942
495 4047
880 3411
4674 7265
4261 7814
447 3996
457 4077
659 3255
929 3461
4296 7918
60 3610
5149 6715
1611 2156
4860 7380
5687 6173
981 3577
1883 2423
838 3435
1481 3047
37 3594
5164 6659
5358 6878
5180 6668
917 3492
4585 8152
4559 8189
1937 2466
811 3352
591 3195
5501 6985
1907 2373
4393 7955
1621 2159
4943 7541
5453 7030
5327 6796
900 3520
4407 8051
5715 6164
113 3638
5221 6701
5320 6786
5113 7603
453 3983
188 3831
4658 7294
4398 8033
5118 7597
5920 6515
1673 2266
30 3654
4235 7890
298 3952
1196 2807
5643 6230
4413 8035
4163 7709
1561 2118
337 3888
4932 7462
613 3079
1724 2270
1684 2294
5098 7560
4593 8082
4386 8001
4562 8119
1541 2147
1495 2992
1552 2171
1180 2800
867 3341
13 3683
926 3568
4232 7928
2036 2437
5516 7166
1982 2508
136 3834
6136 6538
5345 6802
1849 2382
21 3682
4934 7486
6003 6411
4904 7506
5439 6980
1473 3005
5700 6201
5293 6703
1538 2177
124 3832
1288 2957
4813 7242
1564 2203
1106 2778
601 3281
4525 7973
5722 6355
1164 2565
5634 6286
5442 7119
5673 6308
1173 2584
5690 6325
835 3537
4211 7904
142 3610
1017 3439
250 3682
4912 7593
1858 2520
1792 2460
1351 3034
6120 6517
238 3662
5370 6746
645 3108
4533 7956
4660 7317
1007 3404
232 3660
681 3073
5756 6359
4801 7277
4859 7255
4489 7972
421 3851
187 3605
5076 7546
67 3826
328 4092
4244 7715
128 3639
5436 7051
1214 2566
5836 6261
626 3272
1942 2348
1391 3029
1814 2474
4884 7594
4435 8172
149 3626
4949 7573
5975 6551
5800 6248
446 3966
6092 6413
4280 7803
5072 7443
1966 2410
4277 7793
1955 2407
1926 2371
639 3257
5943 6655
1544 2241
580 3213
5555 7032
185 3702
1818 2507
6019 6480
4190 7816
1274 2605
4502 8014
1409 2905
587 3218
4332 7734
5635 6361
4217 7842
4229 7774
4894 7617
5359 6671
1117 2751
905 3437
445 3928
4918 7635
438 3920
1670 2144
4223 7832
5191 6831
5895 6637
644 3183
5425 7132
4098 7916
6063 6464
4174 7841
4490 8058
6012 6541
1461 2884
474 3881
5885 6152
4923 7628
5640 6399
6121 6417
5416 7121
586 3249
4571 7974
5429 6708
1669 2436
4753 7571
1975 2226
4170 8015
518 3328
6087 6336
5697 6470
5349 7149
1494 2783
5807 6566
5593 6867
1918 2164
596 3423
6002 6265
877 3169
1447 2730
1784 2549
709 3528
793 3085
1936 2181
4126 7944
4878 7190
1781 2541
6122 6387
1049 2816
6108 6341
244 4079
4612 7450
450 3804
256 3614
321 3679
5450 6762
1444 2693
5473 6720
4147 7953
5447 6755
4226 8103
829 3099
4862 7641
1838 2054
5500 6740
1993 2272
1977 2197
1822 2099
4310 8184
5223 6999
650 3514
5541 6804
159 4014
4501 7844
887 3141
844 3198
5743 6493
377 3661
1335 2562
5336 7150
249 4033
4425 7792
1180 2982
1662 2373
867 3167
1087 2819
5327 7152
4655 7533
1003 3240
4662 7538
1165 3017
4126 8024
5789 6614
5924 6255
879 3107
5737 6436
1417 2758
1666 2514
1147 2858
6045 6351
5059 7313
4560 7811
1236 2951
599 3332
4949 7169
620 3386
5025 7414
4768 7675
4243 8136
1528 2725
773 3173
4405 7767
1939 2289
5272 7163
1142 2834
4172 7976
5538 6854
116 3857
4234 8163
1060 2894
1139 2845
6001 6174
837 3125
4605 7823
974 3259
359 3600
4642 7509
4364 7796
4369 7787
4512 7900
1603 2499
826 3258
1245 2909
2025 2152
5464 6873
5217 7139
5007 7179
5210 7134
5740 6634
5821 6458
4814 7495
5363 7034
1055 2966
853 3288
5454 6848
5048 7223
313 3752
306 3744
5742 6648
4476 7915
1792 2199
5749 6636
617 3570
5664 6528
1505 2624
4251 7992
5047 7187
5023 7226
5722 6642
5888 6314
5303 6937
87 4089
915 3132
1603 2547
4128 8080
5490 6850
6017 6192
710 3442
1823 2217
1573 2451
870 3280
1308 2731
5649 6569
5234 7118
5485 6864
7 4026
5268 6953
1514 2644
4609 7614
666 3365
1454 2670
713 3337
4668 7676
5766 6471
4553 7688
1616 2450
1583 2540
467 3606
6119 6178
4144 8183
4762 7506
5183 7158
5024 7274
5870 6435
5929 6374
4846 7457
1506 2610
1951 2126
1896 2234
6058 6264
979 3072
4260 8050
422 3710
5231 7095
5824 6424
5603 6715
951 3182
329 3728
4322 7993
4629 7625
5563 6759
5029 7288
5739 6582
530 3533
5988 6276
5372 6941
5975 6324
6118 6147
4543 7770
1295 2791
261 3820
4881 7418
1499 2608
823 3291
4783 7490
4651 7643
6044 6252
1619 2466
998 3092
1680 2404
1706 2396
5399 6880
688 3400
5498 6785
6054 6237
4864 7421
704 4803
1234 5329
152 4252
2403 6502
72 4160
2136 6225
2908 6997
660 4767
3223 7322
1402 5495
1359 5469
27 4104
338 4417
304 4395
2065 6154
2540 6640
2935 7018
2191 6290
1373 5443
1789 5853
3965 8030
3346 7478
1688 5820
653 4776
1862 5985
514 4645
1695 5814
297 4359
3372 7426
2445 6562
3284 7419
34 4109
1200 5279
1573 5652
3747 7826
931 5010
3172 7254
1604 5751
1877 5990
2953 7098
2408 6492
1983 6026
3569 7620
3440 7493
3857 7975
1248 5337
200 4338
2600 6676
3899 7941
750 4816
2267 6372
72 4106
3968 8131
487 4516
2745 6909
2835 7002
667 4817
1103 5125
1359 5377
3628 7778
3124 7270
817 4962
3685 7729
3639 7778
1340 5483
783 4951
1524 5548
444 4580
1533 5543
79 4114
3122 7279
171 4341
1293 5485
3929 7995
1909 5911
2303 6301
2976 7107
4080 8084
1701 5827
3663 7718
3309 7300
3298 7304
2470 6605
69 4137
1006 4993
2716 6899
3000 7112
3650 7729
3416 7470
2778 6829
3979 8177
1800 6004
3995 8166
352 4381
1773 5776
2769 6830
3316 7285
1036 5262
2879 7101
3161 7386
99 4320
1521 5493
1583 5802
2805 6781
1321 5539
3154 7390
2527 6482
3997 7952
2662 6889
2098 6306
1559 5767
3491 7473
3396 7639
525 4766
2126 6363
77 4309
872 5105
3969 7963
3091 7311
3736 7684
3222 7179
3940 8186
3395 7651
3868 8125
3079 7334
910 4911
2827 7080
570 4761
2125 6377
2527 6523
3578 7519
3761 7700
3604 7859
968 4961
647 4654
2739 6681
3474 7481
2571 6823
3438 7618
1954 5903
1178 5172
281 4535
1217 5235
954 4873
1780 5703
720 4708
71 4351
3642 7811
1709 5654
602 4839
4014 8046
2981 7013
2579 6865
3062 6964
2029 5927
2450 6488
456 4354
2706 6744
3380 7679
1523 5439
3938 8110
2696 6725
618 4773
3151 7327
1671 5719
1743 5662
2947 6998
4069 7996
3424 7610
3845 8158
3672 7812
1386 5559
3534 7471
2976 6979
730 4670
3141 7328
3654 7840
3878 8128
2861 7114
2218 6210
3229 7287
1177 5235
1735 5676
4007 8010
2575 6882
2205 6258
3145 7352
938 4955
3796 7718
2871 7109
1065 5341
2148 6300
4068 7960
2702 6770
3378 7631
1227 5173
2844 7138
1586 5937
2053 6401
2283 6636
909 4746
901 4748
2985 6816
583 4941
1536 5898
1145 5492
3995 7819
483 4339
2233 6568
2036 5862
3491 7344
713 5085
863 4680
1721 6048
246 4588
2261 6601
779 4631
476 4289
3567 7409
3930 7802
1493 5367
3432 7243
2543 6348
1205 5520
880 4694
258 4133
3733 8124
227 4554
166 4492
890 4688
2251 6624
3692 8007
3971 7855
3235 7565
1945 5814
2786 7126
3281 7657
3060 6860
3759 8175
376 4153
2337 6243
355 4135
516 4929
1805 5707
1564 5978
3731 8155
2383 6150
1478 5260
439 4348
2656 6956
1489 5277
394 4294
2488 6389
1797 5707
508 4275
3425 7216
1775 6077
2724 7159
2059 6495
1664 6100
2688 7127
896 4824
3616 8056
1998 5783
2333 6209
4006 7931
1929 5844
2068 6473
1033 5462
838 4646
1191 5575
2870 6742
3600 8050
534 4978
3019 6829
2134 6448
2801 7067
3954 7704
3819 8065
2213 6601
2022 5770
3785 8101
3616 8012
3728 8188
287 4210
396 4321
3868 7794
380 4114
1730 6065
3093 7521
556 4952
1316 5203
872 4626
967 4796
855 4652
1389 5137
4087 7817
4013 7890
613 5093
814 4782
486 4199
3486 7192
3503 7205
729 4947
309 4286
1368 5331
698 4918
687 4899
269 4224
1716 5946
2761 7001
1217 5459
277 4230
1022 4714
1497 5199
3718 7966
3106 7609
3159 7626
627 5074
1592 6042
2455 6195
3865 7871
833 4838
3401 7392
3083 7585
2248 6500
2489 6167
2766 7009
3364 7307
2467 6162
1739 6008
3369 7325
415 4138
2968 6702
925 4650
998 4703
1275 5440
1075 5512
4001 7710
1550 6095
891 4794
3865 7889
2716 6996
1503 5137
2100 6650
145 4446
375 4263
243 4387
3317 7460
2458 6219
1152 5457
3966 7855
907 4702
3147 7571
1649 6061
2923 6839
708 4888
1994 5655
1797 5851
2464 6270
3632 8146
4082 7703
727 4913
1226 5421
1878 5809
3181 7557
3949 7813
1978 5712
1218 5420
3934 7856
3605 8186
3116 7619
2328 6391
1931 5755
1691 5995
1302 5350
1858 5810
452 4146
2859 6876
1085 5573
3677 8100
718 4302
1290 5898
2813 6393
887 4466
2330 6941
3133 7735
2978 6572
2799 6369
1865 5465
3861 7429
550 4150
236 4861
707 4311
1783 5345
3596 7195
251 4844
549 4146
215 4815
2958 6548
3619 7231
1635 5246
3295 7873
3544 8134
3236 7867
643 4252
798 4353
1071 5645
482 5062
3993 7612
3593 7215
3943 7489
1169 5817
2600 6148
1396 5976
291 4879
1948 5552
1491 6142
3738 7348
1187 5772
874 4442
957 4488
1636 5201
2109 6664
3268 7933
1367 5998
3514 8064
3817 7379
3726 7349
2010 5601
3788 7408
542 4130
3665 7276
2502 7044
46 4717
710 4229
3870 7515
3352 8029
2864 6518
1843 5493
210 4756
1554 5205
535 4189
3329 8011
1630 5141
433 5114
3357 8019
1479 6038
3251 7914
585 4115
2354 7016
2901 6414
3445 7957
394 5099
2829 6505
71 4643
553 4172
1651 5147
3609 7281
810 4419
769 4456
3972 7663
3377 8028
1487 6048
385 5102
1229 5821
2418 6914
1550 5247
3394 7985
2727 6355
1655 5123
3707 7183
2942 6411
3659 7229
2857 6494
3434 7954
1366 5933
2428 6912
1311 5986
1468 6081
3153 7724
764 4227
52 4683
2969 6424
3021 6479
1198 5674
3978 7438
313 5052
3917 7627
2487 6975
1177 5651
62 4787
4048 7518
1939 5405
3897 7606
151 4615
413 4878
2617 6317
944 4388
1803 5534
2483 6949
3157 7874
1557 5250
356 5107
2843 6540
3430 8191
3415 8139
4017 7468
624 4333
220 4674
1501 5955
2685 6370
1840 5522
109 4814
4029 7449
1440 5892
1355 6126
3120 7830
3297 7751
2243 6756
920 4415
2694 6177
633 4318
657 4152
399 4902
3720 7202
1604 5359
1967 5380
1891 5583
1986 5486
163 4623
2022 5451
3773 7187
295 5000
2599 6294
916 4389
1401 6091
2346 7070
733 4201
2536 7005
3653 7408
2688 6198
3194 7884
675 4117
3779 7291
2215 6686
1193 5648
3967 7621
2291 6735
1206 5641
3203 7740
694 4214
3423 8093
3670 7316
2522 6937
2231 6772
2095 6892
639 4283
1096 5773
2629 6275
438 4990
3902 7671
760 4145
2000 5402
3205 7755
939 4453
3081 7879
3234 7789
2000 5376
3443 8096
960 4372
3927 7554
37 4848
2481 7012
1111 5761
879 4535
3368 8177
1633 5311
323 5020
3222 7798
1353 6056
454 4900
1128 5771
3303 7682
1373 6072
4008 7501
2822 6627
3641 7388
3118 7883
849 4532
1128 5775
703 4184
395 4963
2235 6739
2426 7059
411 4976
510 4882
1063 5835
2135 6843
363 4998
2988 6465
2721 6222
1699 5196
2892 6563
4044 7484
2871 6599
3582 7949
3218 7777
2039 5391
3212 7797
1336 6084
595 4271
2603 6358
3009 6463
2630 6328
3762 7602
2192 7058
3658 7502
2108 6968
1631 5466
3933 7256
3074 7944
630 4472
1863 5192
120 4969
1898 5240
1795 5143
477 4811
1135 6008
3238 8126
1924 5277
4053 7372
252 5094
2135 6987
227 5119
3114 7991
2290 7122
858 4218
2808 6616
2236 7068
3668 7542
2100 6929
731 4604
3420 7803
3812 7629
3014 6380
135 5035
2199 7098
2427 6728
1928 5311
1021 4293
35 4891
2030 5334
2285 7124
1221 6142
3886 7189
1030 5947
1637 5467
1656 5435
2488 6908
252 5051
2396 6683
1459 5876
255 5045
3883 7264
1093 5896
2457 6871
1729 5518
3912 7175
891 4139
1123 5938
3435 7738
3501 7932
3041 6327
2229 7151
2073 6979
2785 6586
1612 5392
3921 7180
1953 5375
3046 6329
1690 5624
4067 7303
677 4545
3880 7244
954 4316
1632 5387
2015 5299
871 4105
445 4809
3757 7637
1641 5393
2517 6831
3273 8115
892 4102
3482 7910
174 5075
1001 4244
1391 5648
3018 6223
1973 5168
2500 6723
2153 7150
3323 8051
1387 5863
593 4573
2336 6832
4057 7241
2031 5245
1002 4222
2658 6646
175 4922
3276 8027
1181 5893
2718 6406
3820 7540
2830 6292
3186 8174
1230 5970
391 4635
1164 5905
2267 6980
568 4504
1517 5709
3780 7526
839 4324
1241 6010
728 4476
989 4216
2445 6699
1050 6077
3591 7584
1659 5587
4022 7199
1236 6013
1880 5361
2306 6834
3806 7535
3703 7622
1843 5249
1821 5294
2665 6620
3249 7940
2996 6156
233 4945
1077 6024
1179 5925
3602 7597
1672 5431
2838 6358
699 4474
2899 6289
3285 7958
1993 5130
1441 5733
3845 7360
1061 6125
3880 7392
2513 6680
3882 7395
1642 5536
2143 7060
1778 5433
3432 7845
2039 5177
2052 7114
1700 5483
1397 5798
2018 5174
541 4555
1337 5871
1881 5262
417 4726
3204 8030
3243 8054
3926 7304
2402 6787
786 4337
3379 7892
3811 7435
774 4335
1870 5287
385 4712
1457 5720
2447 6757
3674 7601
154 4977
1861 5289
2995 6238
1620 5539
3598 7673
2630 6591
421 4703
186 4928
1941 5225
1240 5925
3879 7384
1312 4384
3519 6589
342 5460
1420 4494
2313 7437
971 6094
2633 7759
1408 4486
7 5121
1547 4611
2263 7391
14 5127
2560 7689
2444 7558
3207 6285
3834 6903
2274 7410
2814 7919
3815 6901
4050 7109
3658 6738
790 5902
2917 8063
370 5481
82 5193
3570 6638
3851 6932
1464 4505
4082 7120
1323 4360
538 5694
485 5569
634 5724
846 5993
3073 6187
558 5636
2028 5056
3763 6813
3891 6915
3603 6690
2196 7333
1526 4548
3582 6602
543 5674
1577 4636
1375 4456
2247 7422
3776 6905
2991 8085
4002 7064
621 5719
3472 6571
2133 7278
307 5390
3475 6573
3664 6767
2004 5013
490 5545
1091 4103
3058 8116
3215 6344
229 5295
678 5869
4058 7062
424 5604
320 5390
3171 6188
1261 4285
1848 4970
2706 7878
1735 4754
1425 4550
676 5875
832 5912
2927 7990
3450 6432
1005 6071
2161 7211
1386 4406
3428 6457
2875 8037
1992 5015
3836 6819
51 5228
3468 6611
756 5780
3946 6922
3116 6220
58 5209
1219 4256
1283 4455
4057 7103
2321 7544
319 5461
2454 7674
2737 7901
1276 4241
491 5531
651 5883
3708 6669
3358 6511
3109 6230
2027 5016
609 5652
939 6098
4056 7074
1453 4566
3367 6491
105 5142
3280 6319
2302 7297
1769 4758
1713 4657
632 5881
2834 8080
3376 6578
2625 7879
983 5983
2464 7464
984 5972
2872 8117
2597 7851
1967 4896
1737 4697
2376 7640
2837 8069
3525 6484
2083 7346
382 5612
1224 4186
1828 5046
3775 6696
2553 7521
2023 4990
218 5187
1419 4370
3795 6730
3822 6772
1514 4471
3448 6630
1432 4408
1497 4475
388 5415
1879 5106
818 6039
3062 8016
3768 6687
706 5733
2251 7267
3051 8003
3588 6830
2554 7510
3642 6794
745 5721
763 5706
2775 7780
1974 4866
2593 7829
1558 4769
372 5571
3299 6228
808 6032
2055 7356
1788 4672
1839 5008
896 5954
1095 4226
956 6004
3607 6879
2279 7214
3696 6842
268 5574
2945 8013
1512 4389
1613 4738
2590 7889
2455 7495
3177 6333
1724 4713
617 5820
492 5429
2538 7472
2817 8157
1562 4807
3268 6170
1546 4820
2204 7292
2422 7575
2432 7522
480 5379
778 6127
299 5582
85 5298
581 5804
658 5753
1344 4524
1417 4453
860 6065
929 5967
2318 7648
308 5594
1588 4827
3572 6427
1112 4265
977 5924
2935 8066
197 5170
2170 7298
2342 7647
3093 6383
64 5307
3603 6888
3532 6450
780 6131
802 6109
828 6083
274 5138
1035 4363
3172 6500
2474 7339
1174 4499
1652 4979
3279 6599
3802 7123
267 5121
171 5537
3271 6603
3300 6632
1331 4157
396 5251
595 5955
1889 4720
3026 7873
3522 6353
990 5834
3094 6403
427 5308
3101 6410
2174 7527
2479 7349
3451 6241
888 5730
2758 8156
426 5303
1766 5115
1482 4308
1744 5071
2558 7393
2011 4804
423 5251
1124 4417
2791 8143
314 5139
3727 7078
3867 6705
3162 6513
3823 7107
272 5182
631 5977
1638 4950
3417 6251
3749 7062
4061 6894
1557 4897
2219 7582
3982 6841
1732 5116
3622 6942
4034 6906
2359 7182
883 5704
422 5274
3265 6652
2623 7938
596 5910
1618 4880
2936 7739
1551 4939
578 5892
1786 5053
144 5591
3165 6421
705 6025
1365 4127
1246 4498
2179 7631
1930 4806
3833 7094
1645 4924
228 5558
2573 8031
802 5745
3882 6777
3286 6530
2798 8123
687 6137
1069 4469
807 5759
2792 8112
503 5292
1213 4582
2232 7652
2985 7924
772 5721
347 5124
1749 5002
1070 4431
3148 6446
231 5509
3451 6175
131 5607
299 5198
3090 6519
2309 7277
3714 7146
656 6136
721 6072
3569 6298
3048 7812
562 5981
2907 7722
1977 4808
673 6098
2388 7200
796 5738
1567 4967
2886 7743
1350 4156
3798 7084
2411 7185
2214 7640
2125 7474
3894 6838
1520 4208
3955 6898
4071 6758
3586 7043
3855 6797
3137 6595
1378 4327
2493 7224
1435 4125
728 5968
1486 4166
1897 4833
2759 8014
4045 6727
442 5174
791 5767
2730 7995
2850 7857
3507 6183
1685 4876
1449 4144
3042 7800
6 5533
2259 7496
2813 8038
1291 4240
2857 7861
182 5416
1091 4573
1181 4413
3724 6956
262 5286
3950 6859
2766 8040
1344 4327
878 5833
1700 4877
327 5357
3746 6927
2418 7391
349 5360
734 6000
3052 7746
1100 4604
3077 6577
4071 6738
1765 4957
184 5378
1012 5705
2765 8048
24 5592
836 5764
2188 7500
701 6012
1596 5117
3150 6543
1469 4218
921 5726
3242 6498
1454 4194
3138 6542
3944 6821
2570 8135
3386 6391
147 5442
755 5920
2110 7661
4081 6693
3340 6363
3697 7078
3080 6609
1239 4366
164 5503
3792 6926
1933 4716
3876 6853
913 5747
1869 4777
4073 6671
1827 4805
2956 7780
2803 7962
3275 6439
2355 7390
3859 6909
2960 7807
491 5146
2228 7494
803 5840
1498 4140
2694 8049
956 5702
2304 7418
3821 6929
3716 6277
1906 4464
2594 7201
3127 6707
3186 6775
1278 4859
2698 7308
261 5890
1172 4764
35 5673
1776 4346
829 5430
924 5527
1416 4996
2860 7459
3365 6954
1410 5010
53 5665
167 5809
2531 8180
724 5324
3422 6982
2435 8089
4040 6610
635 5216
3518 7077
1734 4314
2604 7217
1194 4788
993 5630
1902 4465
3687 6212
2784 7364
1490 5111
3088 6710
241 5847
2973 7610
658 5301
3088 6712
2275 7881
1746 4344
1466 5015
1823 4401
3447 7001
3087 6688
3086 6689
2930 7488
3054 7645
1411 5040
3139 6768
1276 4809
906 5567
932 5521
846 5495
2249 7923
3831 6347
3278 6897
92 5731
3018 7669
2873 7545
89 5659
3109 6759
2574 7242
3780 6274
1499 5020
1919 4406
1775 4258
3445 6971
249 5815
520 5190
3284 6789
1683 4290
2340 8055
3480 7116
4018 6629
3571 7082
2672 7210
3022 7572
2226 7918
1282 4959
3090 6735
3689 6199
2921 7433
1687 4342
864 5378
386 6116
3513 7121
3441 6938
136 5860
1090 4652
2376 7992
237 5791
2858 7512
1041 4707
349 5935
20 5735
2498 8113
1903 4379
812 5464
2825 7548
2504 8126
2546 8068
3729 6374
808 5471
2970 7661
1227 4787
2150 7710
1672 4337
28 5731
689 5169
43 5803
8 5769
1707 4137
935 5412
3359 7068
2413 8169
1178 4638
3469 6921
1807 4491
2142 7898
3761 6200
1581 4262
3790 6213
681 5156
856 5590
2032 4479
1814 4505
2367 8111
84 5828
1795 4498
1345 5075
3354 7049
3231 6667
3112 6845
2531 8054
3861 6531
1801 4510
3566 7033
123 5868
3872 6583
2276 7806
3040 7546
2355 8111
2481 7982
2539 8011
3027 7539
2902 7668
1980 4383
3801 6268
348 6137
693 5136
162 5636
1296 5047
1040 4793
2449 7997
2295 7771
2459 7990
118 5849
3292 6771
1703 4119
3267 6771
1526 4930
800 5524
4034 6519
2841 7599
3509 6914
3326 6726
2537 8017
1405 5060
2017 4440
1799 4541
1534 4933
1607 4348
2195 7725
1047 4823
2713 7259
2315 8143
3688 6316
291 6117
1957 4450
486 5921
2177 7750
1699 4202
42 5859
1676 4165
2944 7498
3242 6752
3734 6234
2937 7605
1624 4246
2349 8163
3143 6793
75 5765
1201 4735
1830 4598
3557 6967
3168 6834
1314 5105
799 5579
3144 6812
2340 8176
2972 7497
287 6089
3818 6194
2307 8154
340 6030
2136 7810
1679 4179
2628 7320
1711 4210
450 5919
523 5332
2006 4404
2106 7896
2414 8077
3587 6368
3964 6559
2862 7626
671 5242
2957 7530
3709 6294
552 5318
3190 6790
2787 7195
2142 7846
3256 6721
2208 7769
724 5166
2917 7582
2828 7181
2569 7432
3743 6558
1714 4528
18 5904
2689 7554
3209 7050
310 5685
142 6029
1332 4656
3115 6959
2489 7869
188 6073
3240 7086
3007 7353
2516 7891
263 5647
1935 4231
2752 7624
1143 4991
4029 6326
3076 6927
3681 6509
3041 7407
3283 7132
3624 6457
1785 4584
2632 7515
2286 8189
4041 6365
925 5258
3657 6494
3708 6502
2636 7511
49 5930
714 5610
1532 4828
73 5992
56 5914
1527 4821
102 5954
350 5750
771 5162
914 5305
2246 8168
3312 7104
3147 7035
3551 6895
3034 7402
3770 6539
498 5824
3184 6981
3401 6780
739 5588
3571 6858
113 5963
2156 8023
19 5935
1693 4515
461 5875
554 5397
731 5531
1619 4368
3350 6741
2115 7942
3044 7330
1059 4964
3134 7030
3305 7074
2664 7460
3038 7312
791 5191
1720 4585
960 5267
1353 4634
3969 6357
15 5979
3140 6928
412 5833
3573 6816
17 5956
2009 4238
3527 6800
3675 6403
1450 4850
279 5710
141 6096
3419 6660
1642 4362
3009 7328
732 5565
1469 4828
3763 6609
3135 7004
3483 6911
1025 4971
2265 8114
2433 7916
3226 7156
828 5203
3547 6825
4026 6350
2848 7252
4093 6281
3719 6641
1126 4880
3812 6547
372 5644
1323 4691
50 5962
3373 6743
3920 6186
4075 6288
649 5621
3520 6845
1518 4752
1710 4560
3476 6891
2330 7835
255 6014
532 5525
3916 6350
762 5496
3273 6988
2538 7791
38 6051
1507 4709
3792 6487
529 5529
1380 4845
1582 4519
991 5206
992 5226
3805 6486
1486 4675
3325 7024
40 6054
975 5185
2674 7650
2844 7310
3064 7276
4027 6189
3987 6148
2769 7494
2486 7726
2914 7419
14 6037
1698 4409
2910 7362
160 5949
822 5291
278 5768
2044 4194
4025 6182
2413 7922
84 6132
614 5575
922 5179
1374 4863
3826 6480
1517 4686
1439 4663
1518 4679
1194 4864
2183 7979
4042 6247
1665 4399
1284 4779
8 6055
3945 6360
3523 6769
1115 5091
285 5796
3217 6952
1166 4916
189 5894
3536 6764
1658 4551
857 5348
721 5487
776 5321
1870 4239
2311 7877
3564 6696
3315 6966
3292 6939
3973 6221
2043 4145
3922 6296
1638 4525
2989 7267
2804 7483
3075 7125
2876 7397
3269 6940
3119 7157
753 5418
2647 7563
892 5282
2953 7255
1547 4565
1129 5000
3030 7223
2901 7351
1077 5078
3631 6602
3680 6536
34 6089
1549 4582
1976 4182
3064 7177
561 5570
2400 7827
3487 6763
3069 7176
505 5647
2478 7766
2076 8164
2676 7566
1934 4213
796 5344
1037 5104
1022 5120
416 5726
254 5889
2993 7246
1961 8105
3264 5312
2212 4261
2559 4605
1377 7522
414 6557
1152 7301
2882 4932
1925 8076
1996 8134
1378 7529
3245 5283
2602 4645
3529 5593
619 6779
2368 4433
1274 7400
453 6614
3778 5846
882 7014
358 6512
3075 5140
2008 8131
3192 5219
883 7016
3837 5856
2037 8171
743 6904
980 7153
2003 8182
2661 4672
225 6340
1337 7455
1025 7206
2404 4419
2883 4970
2589 4662
260 6442
1553 7743
3898 5908
3810 5837
3700 5700
3333 5425
2482 4486
784 6950
674 6810
3635 5641
2746 4736
2770 4840
3810 5854
1307 7463
3631 5651
2667 4694
1669 7864
1110 7191
1159 7366
1084 7295
3183 5163
1243 7325
557 6757
473 6548
2220 4323
641 6865
406 6598
2059 4185
1106 7168
3694 5693
1089 7188
3215 5338
2885 4883
4050 6026
3464 5586
775 7005
3433 5428
1242 7300
2146 4157
447 6622
701 6879
1410 7648
2525 4542
522 6766
1960 8142
2222 4297
1576 7744
1537 7784
3785 5796
4039 6058
3769 5847
3743 5873
606 6702
1618 7714
2041 8072
1131 7193
2789 4759
158 6378
3391 5450
3593 5759
209 6311
3974 6128
3693 5653
4074 6035
3594 5747
2566 4733
2548 4488
809 6999
117 6155
143 6385
99 6173
3099 5220
418 6621
1139 7410
448 6466
3072 5254
3702 5872
696 6719
790 7071
2021 8047
3620 5800
2462 4371
309 6586
2755 4684
1765 7786
3123 5282
12 6303
1108 7367
2042 8044
2035 8043
974 6994
3032 4934
1542 7832
3457 5406
1116 7363
239 6223
1597 7836
463 6507
1397 7632
797 7099
2735 4617
2382 4584
1086 7318
1437 7477
3930 6131
1167 7203
221 6256
1092 7413
3367 5526
3145 5371
2354 4481
3611 5804
1271 7247
2239 4103
3722 5681
2962 4911
2454 4392
3546 5476
1586 7820
3623 5784
2530 4390
1327 7659
3037 4888
388 6477
164 6254
3437 5542
222 6165
3768 5750
841 7065
659 6723
3536 5377
2906 5003
1702 7796
625 6818
3455 5548
2249 4124
543 6858
2786 4660
2343 4592
2806 4641
737 6713
2356 4591
3688 5811
3301 5176
2717 4675
2725 4730
4056 5945
1319 7621
3071 4891
889 7069
2403 4484
1379 7556
204 6181
3830 5663
700 6743
3505 5468
2250 4132
908 7010
2839 5095
3066 4875
1624 7851
3678 5805
3105 5335
2836 5090
400 6504
741 6685
123 6274
1433 7523
644 6783
845 7091
2511 4401
1207 7241
207 6193
1659 8059
1426 7315
1442 7331
1010 6902
2478 4267
1203 7606
2526 4312
2325 4115
1434 7324
3751 6062
2300 4593
276 6169
3137 5455
3892 5691
3293 5583
1372 7247
1248 7668
3130 5423
2111 4391
2086 4415
839 6749
2586 4871
3772 6050
3287 5577
2425 4198
1228 7662
627 6992
3628 5896
2601 4876
1878 7795
3903 5654
3411 5240
3117 5376
77 6499
2974 4785
24 6440
569 6920
770 6707
3767 6018
1341 7178
3970 5819
859 6754
691 7049
1736 8182
1888 7774
1802 7732
81 6417
39 6503
2088 4457
5 6467
1487 7305
513 6983
2187 4556
392 6338
2817 4683
1076 7551
2915 4648
1342 7280
586 6938
1694 8141
2178 4561
2041 7850
2948 4817
1736 8095
3265 5528
3698 5931
2743 5097
2719 5057
763 7077
464 6287
3741 6082
1252 7556
1671 8165
2432 4323
311 6226
2750 5078
864 6665
3644 5968
3398 5161
2002 7842
3397 5173
132 6644
282 6250
594 6947
431 6365
696 7115
1471 7372
3704 5902
1423 7417
2078 4450
3730 6127
3867 5734
3173 5400
303 6225
1294 7310
2040 7801
110 6633
1031 7552
1324 7332
1000 6754
2646 5084
2873 4786
343 6364
3864 5781
1742 8003
806 6827
1175 7424
1709 7989
3683 6139
279 6286
3998 5639
635 7137
2349 4278
2924 4848
3202 5407
748 7026
4016 5678
859 6907
2258 4467
1244 7549
781 6828
1846 7827
271 6312
2241 4457
3463 5166
2356 4249
2367 4239
3629 6047
2563 5046
606 7144
1438 7209
1917 7882
2419 4292
3709 6085
1314 7322
2704 4904
547 7066
877 6868
119 6604
3312 5452
1648 8140
2621 4992
834 6784
1339 7423
1698 8038
1831 7907
2863 4842
402 6231
2424 4286
3412 5276
20 6621
3121 5627
2409 4259
3905 5772
2073 4567
3935 5774
3351 5315
2793 4927
1060 7666
837 6803
1474 7198
2270 4354
3010 4639
152 6520
4081 5649
1095 7591
1296 7412
2101 4572
776 6883
3941 5768
1877 7864
3674 6068
3463 5224
2965 4730
2880 4785
2632 5049
358 6292
2675 4996
533 7145
2642 5039
2291 4364
2680 4216
2494 5054
953 6584
2473 5034
1129 7789
3056 4597
3421 5979
1214 7865
362 7021
2272 4842
3838 5363
3576 6133
2655 4178
2514 5085
3894 5414
464 7106
92 6734
3188 5735
1530 8174
2895 4443
775 6418
2524 5065
945 6571
540 6144
1437 8065
2438 5016
2979 4540
180 6804
831 6430
3789 5353
3198 5723
3705 5212
2969 4540
706 6372
1287 7968
535 6206
529 6202
3825 5341
63 6673
26 6709
3672 5224
511 7118
3766 5252
519 6196
2701 4281
1273 7885
2095 4634
781 6459
933 6546
1855 7428
1568 7197
470 7063
2741 4343
194 6791
742 6305
3341 5959
3335 5965
308 7038
3317 5822
387 7117
3925 5383
2733 4345
2198 4802
840 6428
1697 7412
381 6952
945 6631
1605 7186
1169 7878
2866 4458
3750 5374
4037 5532
1120 7739
855 6410
1502 8067
1859 7452
787 6515
2833 4467
2552 5022
3985 5623
1402 7964
454 7072
4076 5508
3036 4534
3208 5858
3508 6110
2897 4410
789 6520
541 6259
2668 4098
1715 7362
366 6943
1361 7971
2105 4687
2129 4647
2049 4727
668 6379
2305 4982
1087 7752
440 7105
305 6984
669 6375
2341 4958
178 6857
3011 4536
1280 8060
1617 7212
2859 4522
638 6396
1616 7378
767 6269
1553 7317
460 6984
1081 7868
1201 7736
2891 4545
2908 4561
3006 4400
2389 5061
3717 5140
2465 4917
502 7010
2926 4598
1232 7754
3253 5679
941 6413
3910 5606
2828 4526
2916 4544
1321 8079
2755 4197
1224 7790
1250 7754
1100 7908
854 6654
2848 4489
224 6732
3926 5624
2683 4308
2542 4958
2999 4357
3162 5864
1952 7444
2534 4946
1674 7218
3550 5991
1757 7268
2593 4248
1926 7487
4033 5503
2560 4287
1513 7977
3835 5179
1435 8026
3555 5926
153 6748
315 7165
3647 5369
1525 7986
1160 7744
1675 7234
3287 5661
548 6382
2788 4142
3414 6042
2048 4813
415 6993
2607 4321
3903 5616
3279 5661
383 7082
3316 5665
3114 5884
685 6266
3955 5540
2890 4509
2760 4127
2338 5112
3940 5561
2779 4100
1569 7361
1120 7808
3580 5917
2034 7440
2891 4521
723 6193
3657 5290
1847 7636
1067 7887
2339 5060
2644 4284
3814 5135
55 6878
3681 5258
836 6575
2358 5082
1546 7398
214 6714
1165 7776
3259 5717
1125 7819
3695 5275
1234 7719
629 6272
1352 8127
3643 5314
1256 7698
44 6870
1575 7385
2513 4910
1554 7405
1565 7453
1407 7804
2201 5018
2014 7386
3426 5734
958 6331
1456 7862
1320 7712
2662 4461
1661 7536
566 6456
2084 4907
1265 8190
2091 4923
1253 8181
36 6966
2012 7375
1166 8090
228 7153
254 7144
1690 7564
1962 7357
332 6740
3524 5854
361 6774
1401 7782
199 7141
4019 5264
3347 5680
4040 5355
3946 5198
3030 4336
1942 7344
1578 7426
3110 5903
3660 5478
789 6207
2289 5083
507 6864
4078 5317
3958 5213
3590 5421
3919 5219
868 6217
3479 5799
1300 7716
3012 4340
1754 7656
318 6668
1545 7482
3887 5145
4051 5352
2977 4250
1052 7969
1260 8147
1692 7644
1081 8057
3705 5432
2344 4713
1667 7616
2220 5103
360 6688
1716 7676
2195 5086
3580 5810
2147 4908
3135 5999
2886 4118
1283 7761
2910 4106
2652 4360
1411 7894
2723 4596
3530 5779
2966 4303
2812 4518
4038 5275
2970 4295
3715 5597
2297 5019
3336 5738
2921 4107
2648 4411
3516 5855
1763 7562
3777 5544
3504 5850
3735 5628
3472 5884
3918 5154
741 6536
2714 4596
1259 8068
2294 4998
2519 4771
1262 8090
3067 4236
1871 7222
3992 5346
3936 5148
211 7087
1488 7852
1395 7692
515 6534
214 6995
1565 7579
2443 4620
2130 5082
1265 8056
2379 4802
1840 7354
1496 7763
3462 5642
815 6306
3065 4200
4 7063
2827 4254
2248 4959
423 6704
80 7113
1621 7630
2080 5051
1670 7453
3410 5838
3765 5396
3296 5953
134 6951
2283 4937
3786 5480
2324 4784
3604 5555
1242 8061
322 6890
2312 4769
1739 7520
1400 7893
1753 7543
1422 7713
3711 5584
363 6875
2932 4292
876 6364
2072 5034
952 6155
936 6171
3954 5313
1628 7658
1746 7530
3973 5183
2485 4617
1522 7759
533 6568
1555 7596
3104 6047
1580 7660
2780 4380
4022 5236
1625 7579
2595 4576
2711 4435
1848 7420
3975 5186
530 6615
1961 7279
3938 5285
886 6321
1124 8108
2472 4704
588 6532
3221 5981
2950 4173
330 6789
2157 5052
2965 4161
2668 4537
3193 6060
2247 4892
3084 6124
1211 8025
398 6765
1399 7839
562 6619
3957 5273
1233 7997
3377 5853
2492 4689
2378 4772
922 6251
1143 8070
3899 5320
642 6513
1427 7782
3984 5221
1779 7430
140 7034
3006 4169
3061 4109
3850 5362
3567 5653
2876 4288
854 6312
2637 5711
1348 6470
2279 5347
1070 6182
257 7432
1853 6960
2496 5582
830 7983
1539 6673
2259 5319
2158 5243
1446 6579
1880 6989
2522 5580
1007 8185
2061 5141
1480 6608
3850 4883
2898 5961
3261 4262
2357 5422
2822 5914
275 7438
1470 6560
2460 5567
1470 6554
3637 4627
739 7883
624 7768
3707 4690
1322 6407
3791 4832
283 7476
2807 5830
1520 6595
523 7742
3577 4558
2123 5232
1246 6370
3617 4637
2394 5479
1105 6252
2458 5541
2757 5765
1132 6188
3892 4981
1049 6232
2045 7100
3035 6040
726 7826
671 7898
3266 4228
4060 5019
1188 6371
401 7641
1367 6431
74 7170
1160 6337
1080 6257
3793 4760
517 7756
573 7798
3971 5064
1531 6576
640 7885
3557 4523
1394 6460
2733 5887
3565 4539
2582 5697
3772 4836
580 7708
1566 6727
3373 4468
47 7286
3388 4454
2529 5562
2408 5428
1026 6236
566 7785
3405 4398
2608 5716
3063 6033
811 8012
526 7783
1872 6969
4038 5037
1883 6960
3393 4397
3675 4651
1740 6844
409 7656
3474 4579
2360 5449
2132 5159
3942 4882
2603 5725
2162 5124
655 7929
3641 4687
3817 4753
2245 5308
2419 5386
2954 6128
819 8008
1594 6724
3723 4853
619 7701
688 7887
3164 4317
2918 6115
2567 5762
3163 4304
1908 7162
732 7762
2081 5295
4011 4900
3078 4247
3923 5057
470 7492
192 7251
4012 4927
3538 4422
906 7966
2393 5580
3329 4500
3552 4471
1455 6456
1875 7108
2064 5260
3517 4384
1357 6611
689 7699
2746 5657
1464 6428
3349 4530
2820 6063
1560 6836
4027 4886
4015 4865
3972 4906
1146 6357
1677 6717
242 7232
1324 6559
281 7594
1163 6205
1954 6933
1866 7155
1104 6379
2287 5204
3871 5028
2019 7000
2836 6056
3738 4647
2212 5146
351 7649
2802 5680
3035 5919
2938 6076
1927 6991
4092 4917
1044 6367
3544 4371
3197 4272
3853 5084
108 7358
3345 4547
3309 4154
76 7316
3046 5951
3844 5086
2116 5273
1663 6817
1279 6177
405 7498
1593 6886
1208 6247
2734 5710
1017 7961
2582 5878
475 7480
980 7985
2756 5667
2150 5249
1686 6782
2201 5233
2166 5279
2559 5396
3258 4177
3552 4363
191 7252
2596 5832
2801 5660
2178 5231
3589 4854
348 7592
2123 5310
585 7868
3008 5942
3483 4461
424 7519
1754 6701
2656 5783
25 7406
3965 5002
536 7919
549 7901
2440 5489
3048 5906
2496 5434
3409 4523
3320 4100
742 7705
429 7341
1636 7009
3678 4955
963 7876
42 7469
3907 4682
1886 6741
1584 6972
1679 7042
1584 6973
3914 4676
2798 6112
575 7984
3781 5077
3813 5108
2113 5456
131 7570
2913 5744
2762 6104
1136 6499
2599 5938
1121 6516
2463 5257
417 7350
2508 5328
1446 6328
2463 5309
3057 5842
984 7935
1376 6216
3976 4770
534 7994
3201 4529
1932 6844
2441 5306
3228 4521
2497 5366
2320 5159
1360 6248
3866 4642
2643 5994
2669 5972
768 7737
868 7769
564 7947
2446 5326
2658 5922
655 8142
3711 4925
3477 4310
3774 5117
440 7422
2266 5522
4079 4774
2044 6838
2837 5727
3078 4424
294 7273
2230 5607
3214 4575
1524 6304
44 7545
1089 6423
3866 4678
4077 4784
1810 6732
1262 6577
3387 4196
3351 4215
1673 7147
2642 5936
2271 5561
3057 5782
4074 4737
852 7736
1270 6555
2585 5993
546 8019
1874 6691
558 8031
3025 5795
1605 6961
3546 4268
3052 5786
1899 6684
169 7633
4088 4737
2805 6028
329 7218
3049 5780
2699 5899
2842 5787
604 8148
3346 4251
3837 4980
1301 6300
2192 5404
2532 5225
3136 4557
3269 4437
912 7681
1644 7166
2381 5339
1094 6608
3816 4977
888 7906
2122 5585
941 7734
2577 6064
800 7809
1723 6943
2920 5836
2797 5962
2924 5828
853 7932
3456 4139
3656 5093
2435 5165
3848 4775
965 7786
3585 5041
1292 6333
1489 6242
1606 7154
597 8161
10 7615
3647 5001
2576 6055
1772 6996
3904 4858
1275 6464
1482 6257
584 8180
224 7516
2107 5510
43 7574
650 8010
600 8089
2165 5558
3517 4217
317 7416
703 8057
1793 6857
2317 5316
1925 6729
1652 7097
677 8043
437 7269
2738 5987
2868 5861
49 7651
861 7822
1327 6395
3343 4315
3553 4148
3282 4356
2847 5827
1263 6414
725 7991
761 7963
1971 6736
1759 6970
121 7580
1964 6729
2394 5299
467 7225
148 7551
1948 6768
3480 4215
2748 5971
1188 6484
636 8076
3498 4184
1590 7108
2389 5280
2484 5185
70 7601
443 7235
4021 4685
312 7361
1349 6332
143 7538
1240 6437
1456 6222
3082 4597
2306 5373
3963 4475
2169 5752
1818 6425
199 7874
2101 5682
2452 6045
290 7977
1541 6152
3019 5572
406 8070
3504 5025
12 7705
666 7299
3612 4097
3813 4293
3356 4924
695 7319
1845 6423
259 7969
3158 4724
2971 5566
3956 4434
1875 6517
2691 5284
3959 4432
2093 5637
481 8137
1369 7025
3858 4411
937 7555
2050 5672
112 7772
3561 5080
3375 4892
300 7960
47 7707
1496 7148
1893 6481
2239 5769
2979 5524
50 7690
714 7411
285 7972
1820 6437
2005 6638
3439 4947
19 7727
1876 6505
3976 4533
2415 5970
843 7541
2271 5857
3684 4187
2319 5936
3467 5071
60 7801
1922 6596
2352 6011
920 7635
2334 5973
3808 4268
45 7779
3016 5528
3932 4365
2277 5815
795 7501
3717 4307
2298 5794
1682 6345
1932 6615
886 7466
2809 5284
952 7655
966 7577
2743 5335
1330 6994
3371 4938
2348 5967
2530 6022
934 7618
2943 5399
1720 6352
537 7283
3345 4989
3700 4122
835 7469
793 7543
668 7404
885 7429
830 7503
788 7526
1299 7008
2063 5755
2261 5795
2561 5239
341 7970
1629 6181
3723 4339
2900 5422
1436 7143
3774 4291
1849 6585
2661 5349
210 7760
452 8006
2046 6525
521 7309
1291 7053
203 7757
3942 4577
1254 6753
3318 4721
220 7766
2897 5595
2503 5964
3319 4731
2092 5793
764 7282
86 7896
3777 4175
1432 6935
2336 6066
1946 6408
3251 4640
59 7848
3456 4885
1033 6814
3699 4331
3407 5079
2060 5781
1267 6761
2112 5851
926 7427
1115 6852
976 7503
1369 7160
3372 5005
3912 4589
1271 6737
1079 6801
170 7693
2881 5609
1944 6452
2614 5272
125 7891
3148 4834
334 8188
1484 7039
2945 5431
65 7927
2875 5507
1860 6652
1357 7157
1580 6293
1988 6527
2066 5801
2211 5663
1851 6535
1269 6731
822 7560
2869 5514
3521 4865
1141 6837
3503 4974
684 7278
3447 5044
1086 6905
2544 5948
324 8084
3189 4773
692 7270
913 7491
1640 6335
978 7434
1615 6295
468 7945
3068 5409
893 7586
1639 6279
1810 6643
1529 6936
3470 4973
3829 4118
3181 4745
1329 7125
240 7700
1036 6888
2077 5880
2182 5728
1626 6322
905 7520
994 7435
2718 5236
1730 6184
2240 5675
3508 4952
4094 4370
1135 6786
2591 5362
1064 6855
2155 5787
286 8175
383 8073
1027 6900
3978 4477
2890 5565
2010 6434
1134 6806
3625 4306
1803 6640
1458 6989
1209 7099
1922 6273
430 7844
4052 4319
3204 5007
2818 5135
3952 4221
863 7250
3410 4673
1674 6553
2777 5581
1595 6446
2024 6384
193 8153
1838 6197
3925 4168
2281 6134
3479 4791
2620 5404
2163 5971
503 7895
3080 4905
1585 6416
3149 4975
873 7245
682 7567
1168 7094
2300 6106
4043 4333
3390 4633
1460 6803
3662 4455
2783 5620
989 7411
1358 6778
317 7691
1350 6769
2124 6006
3801 4579
2097 5899
3993 4258
2308 5688
2697 5557
3896 4219
653 7625
165 8162
745 7585
3637 4479
1884 6161
2616 5494
2759 5513
4089 4279
3101 4946
3085 4930
2049 5969
2922 5176
3486 4810
353 7733
129 8154
2523 5766
965 7323
1969 6353
449 7843
3939 4096
1862 6176
2430 5656
678 7616
462 7849
2881 5160
628 7448
458 7847
831 7250
3636 4441
340 7738
3017 5287
3889 4191
125 7954
3949 4125
2007 6307
3358 4714
1393 6660
3760 4549
1290 6783
1772 6553
3992 4334
1535 6792
2323 5732
3290 5026
3960 4096
331 7730
3543 4781
762 7552
3849 4211
1147 6919
1032 7029
1681 6419
3185 5106
31 8092
1343 6843
1712 6453
469 7760
369 7926
923 7186
2536 5730
374 7933
3714 4361
3581 4721
2486 5690
3602 4511
202 8007
2433 5646
296 7865
1363 6850
2660 5621
2106 6059
664 7433
758 7524
2317 5790
955 7214
2776 5454
3498 4668
3490 4661
3765 4397
514 7578
2999 5167
2649 5569
1714 6443
3262 4903
3171 5114
3296 4986
927 7171
3696 4590
2253 5996
1706 6408
1976 6172
333 7915
1543 6575
333 7908
3302 4940
1842 6297
512 7595
3497 4610
2429 5841
4008 4101
2567 5546
646 7465
3302 4937
235 8027
1916 6348
196 8053
91 8170
3754 4379
65 8179
2946 5168
2570 5554
680 7441
565 7561
335 7922
3375 4752
2952 5175
3830 4425
656 7505
848 7314
3031 5139
2797 5417
3541 4624
1210 7039
2645 5533
631 7614
3804 4375
3516 4727
1384 6820
2154 6053
496 7713
1444 6773
3246 4989
97 8114
2779 5389
1110 7041
66 8085
1995 6172
3233 4985
3587 4571
219 7939
2392 5762
212 7950
55 8171
2252 5904
1171 6990
1833 6390
2815 5406
752 7442
354 7814
2651 5566
754 7444
1816 6399
1646 6532
2545 5658
3646 4562
1235 6973
2735 5440
1909 6298
2186 5989
1615 6560
1613 6588
2326 5863
1068 7133
2168 6027
2393 5806
3886 4313
3326 4868
3760 4426
2228 5966
2571 5617
1704 6483
2187 6007
3113 5079
3589 4602
1947 6244
2840 5351
238 8430
959 9150
160 8355
63 8238
911 9117
1606 9810
1216 9429
1328 9511
1630 9793
1465 9638
1443 9603
133 8356
183 8337
489 8655
167 8320
1439 9655
155 8368
948 9112
1595 9739
129 8374
1016 9167
544 8730
1421 9649
1315 9500
707 8833
940 9194
1762 9898
246 8382
1423 9667
310 8569
847 8960
94 8204
48 8293
97 8248
1747 9871
1767 9915
25 8305
1318 9546
78 8226
1126 9224
437 8647
189 8393
371 8452
1038 9330
1247 9377
1171 9452
301 8623
1529 9585
273 8605
1063 9385
955 9012
615 8936
1782 9811
301 8586
569 8862
1320 9600
288 8589
1364 9702
1286 9652
1316 9623
736 8788
1015 9027
747 8797
1639 9936
427 8466
314 8579
1204 9231
1206 9335
982 8980
605 8857
82 8343
1485 9478
626 8894
1231 9219
1083 9455
1062 9469
1749 9742
1302 9674
428 8563
234 8200
1408 9576
717 8742
1513 9477
969 8998
416 8528
1418 9598
1221 9267
384 8569
702 8775
1108 9389
968 9010
1895 9828
777 8719
1300 9221
1090 9552
29 8456
1956 9916
711 9182
266 8208
664 9092
1997 9938
766 9181
1516 9417
1184 9609
357 8271
1859 9832
1029 9513
147 8613
1231 9720
496 8392
336 8298
858 8805
746 9129
1004 8873
488 8367
1192 9696
685 9185
1218 9616
6 8533
1142 9516
897 8922
1522 9390
1051 9541
2033 9903
346 8253
607 9015
1911 9754
1383 9235
598 8992
825 8782
663 9195
895 8957
947 8753
73 8650
302 8365
1157 9474
1239 9566
805 8872
709 9040
720 9030
1285 9375
487 8316
818 8873
498 8274
616 9160
1071 9612
698 8988
412 8250
625 9174
1255 9548
460 8290
1956 9748
821 8838
1467 9218
45 8599
1835 9878
1176 9509
875 8917
641 9024
751 9005
209 8468
54 8689
1752 9995
1460 9324
648 9041
1098 9616
1940 9845
1096 9647
225 8454
893 8844
930 8784
1448 9307
874 8860
234 8477
1953 9819
997 8728
346 8356
1208 9542
240 8948
889 8575
1021 8698
328 9029
289 9007
1556 9243
378 9064
628 8295
676 8375
1082 9760
711 8411
545 8255
499 9171
1549 9260
1761 9410
704 8420
1222 9967
1074 9758
1826 9487
1552 9279
907 8632
506 9164
1901 9556
1924 9663
1216 9981
1805 9520
100 8795
33 8800
89 8730
194 8838
387 9156
419 9188
1069 9824
806 8552
758 8377
1119 9741
1065 9855
1008 8616
1237 9869
2033 9642
1717 9451
1149 9762
1771 9353
1912 9499
2006 9653
1999 9644
629 8214
1701 9423
1846 9564
1174 9978
138 8955
5 8823
407 9185
1704 9424
352 8991
305 9038
1839 9647
1955 9507
1960 9519
190 8758
10 8837
871 8680
1215 9773
1226 9816
1101 9951
844 8664
198 8786
1149 9952
250 8805
900 8484
345 9211
1002 8521
1225 9836
588 8420
481 9035
493 9030
1223 9846
434 8970
611 8413
1458 9997
524 8397
752 8243
1568 9443
289 9186
103 8866
1054 9942
738 8235
11 8897
330 9095
1 8908
799 8654
694 8292
1935 9559
1146 9889
1845 9685
479 9022
667 8312
248 8732
1767 9218
1084 9940
780 8677
1196 9792
964 8488
1768 9221
1680 9342
921 8552
1841 9677
1686 9323
102 9063
1923 9349
344 8798
205 9159
111 9059
1832 9272
693 8612
1725 9641
571 8494
57 9004
1537 9492
48 8999
1579 9532
104 9077
1980 9379
605 8562
1815 9255
130 9139
1611 9597
1813 9251
190 9095
1415 9913
1872 9326
1467 9861
1937 9390
1286 9799
1970 9459
1710 9709
747 8621
1915 9276
1731 9619
408 8907
137 9192
253 9113
1599 9561
134 9198
1009 8347
1287 9835
392 8958
497 8841
869 8223
819 8268
1755 9562
1941 9239
1968 9266
603 8670
1947 9234
1969 9274
1920 9228
365 8949
338 8910
1918 9436
684 8463
1791 9563
934 8194
1281 9895
94 9200
611 8652
1388 9950
1945 9250
1466 9734
1390 9936
999 8230
1609 9612
1306 9949
359 8879
568 8694
1247 9998
665 8523
293 8950
1243 9991
930 8316
964 8231
963 8228
894 8342
1019 8210
1404 9877
507 8724
119 9093
1581 9689
1311 9957
398 9614
23 9238
712 9930
782 9993
665 9876
1629 8783
1270 8421
1598 8749
1483 8668
1582 8754
1114 8263
1913 9060
441 9638
539 9787
54 9236
805 9990
697 9884
1881 9084
105 9295
1548 8746
1974 9104
1307 8498
1122 8271
1943 9146
1832 8967
350 9581
517 9789
22 9260
384 9659
1757 8929
1545 8756
537 9766
1774 8875
1027 8262
1917 9016
1912 9023
765 9904
402 9666
1447 8693
618 9791
155 9420
661 9935
1866 8981
146 9458
1705 8906
1295 8555
1558 8830
1075 8285
103 9237
1997 9141
622 9966
364 9710
1329 8631
139 9229
462 9540
1157 8207
1979 9009
1656 8949
1831 9129
1544 8839
1220 8276
494 9587
1959 9016
1453 8461
1204 8214
107 9422
1107 8437
96 9415
1591 8860
766 9794
192 9343
1130 8405
972 9996
91 9369
206 9226
1305 8671
432 9591
1891 9131
1099 8322
648 9794
506 9521
748 9761
1635 8877
2030 9020
1632 8884
1335 8686
608 9915
28 9408
1734 8731
1983 9057
1093 8357
1985 8994
760 9756
229 9219
1668 8814
1066 8408
1326 8668
603 9901
1040 8425
1614 8884
1835 8746
1044 8467
1748 9182
2016 8943
472 9421
482 9467
56 9505
187 9632
1415 8358
1748 9207
1346 8293
391 9376
130 9650
367 9310
1825 8727
1850 8707
1355 8311
1998 8947
999 9946
1475 8445
51 9485
1759 9184
1449 8424
311 9333
2015 8859
1076 8562
1916 8757
124 9526
156 9673
222 9606
448 9368
898 9947
1693 9212
122 9503
151 9712
973 9894
251 9611
389 9460
1794 8822
1264 8583
1821 8810
1012 9865
897 9733
1763 9061
226 9582
901 9757
1315 8381
985 9848
439 9238
1500 8319
801 9867
208 9594
1728 9073
1657 9162
1770 9054
1650 9158
298 9364
87 9620
1963 8808
2020 8736
326 9344
504 9278
1829 8943
1245 8467
1279 8497
436 9316
1986 8723
1842 8931
1103 8604
1726 9067
737 9985
485 9220
1056 8645
1867 8871
430 9308
435 9280
1450 8287
1990 8766
1979 8768
1451 8278
1490 9170
13 9740
1481 9162
801 9510
1836 8485
869 9578
1471 9136
1798 8471
757 9444
2008 8654
1689 8334
560 9256
1116 8772
1809 8457
1024 8734
1277 8930
1010 9683
168 9866
137 9901
756 9427
557 9223
83 9848
2040 8651
1416 9150
1601 8315
1532 9152
1197 8851
178 9971
1721 8435
1966 8677
1370 8980
982 9606
729 9354
994 9655
2 9818
575 9317
2047 8611
1854 8538
843 9518
744 9358
1958 8655
1836 8518
114 9752
1133 8733
850 9507
1563 8296
61 9801
1750 8352
376 9987
1109 8919
1661 8447
144 9747
1463 9011
554 9388
1260 8804
1062 8878
946 9531
1145 8944
1425 8984
1628 8407
986 9553
640 9231
1824 8624
1931 8474
528 9352
88 9925
1183 8705
1414 8996
1109 8945
1510 9025
1249 8779
555 9345
2 9903
1431 9018
574 9363
184 9750
1346 9202
18 9888
1913 8653
1890 8662
772 9651
560 9456
1555 8408
1032 8900
927 9554
1868 8578
1020 9523
1893 8628
1362 9094
36 9970
471 9997
492 9991
551 9419
841 9636
1477 9003
1281 9209
1443 9049
1050 8932
638 9596
1255 9187
1457 8885
1806 8203
944 9397
722 9684
1272 9215
2032 8440
672 9640
1424 8858
461 9920
1653 8571
1465 8886
1092 9046
315 9769
403 9863
794 9272
1903 8267
1153 9128
730 9715
1172 9144
1665 8625
1232 9190
1349 8711
623 9516
64 9992
898 9423
1804 8258
1503 8847
997 9399
290 9850
795 9281
598 9484
1098 8977
961 9382
1890 8197
1563 8554
115 9995
866 9240
686 9681
1042 9116
604 9678
856 9418
1951 8204
1130 9209
1504 8768
823 9365
2029 8270
903 9262
339 9976
1118 9203
1943 8249
1622 8678
1689 8493
1000 9308
1790 8516
519 9661
273 9938
1173 9055
1074 9208
778 9414
1930 8261
1013 9254
375 9890
827 9440
608 9660
1894 8376
911 9323
572 9688
649 9569
1534 8725
1219 9004
919 9314
1254 8987
1971 8270
2429 8564
2771 8927
2804 8954
2923 9085
2332 8452
2937 9060
3694 9807
3691 9801
2104 8219
3476 9648
2269 8442
2808 8915
2345 8450
2420 8537
3548 9714
3614 9771
2539 8659
2626 8826
2753 8952
3170 9305
2588 8739
3180 9299
2939 9009
2584 8790
2934 8999
2757 8855
3560 9659
3399 9489
2704 8902
2347 8566
3609 9796
3226 9465
3606 9843
3124 9297
3349 9584
2274 8328
3160 9269
2994 9154
2325 8549
2904 9001
3592 9851
2362 8527
2922 8988
2812 8843
2756 8892
3529 9648
2687 8709
2928 8972
3429 9700
2160 8439
2575 8832
2315 8607
3685 9980
2578 8883
3430 9671
3766 9749
3829 9814
2696 8751
2087 8332
2360 8596
3734 9772
3446 9674
3756 9837
3232 9315
3220 9296
2055 8398
2650 8853
2695 8776
3496 9575
2380 8607
2084 8440
2480 8557
2381 8620
2077 8446
2082 8395
2617 8914
3024 9019
2269 8240
2327 8678
2159 8349
2864 9166
2869 9163
2285 8684
3964 9855
2753 9159
2653 9050
2606 8995
3864 9738
2958 8861
2707 9099
2665 9073
2887 8798
3163 9537
3840 9754
2967 8844
3458 9379
4020 9878
3209 9643
3935 9852
3091 9525
2207 8632
3887 9731
3047 8906
2883 8813
2524 8434
3343 9248
3196 9544
2547 8388
4003 9883
2253 8688
2833 8750
2572 9036
2385 8208
3252 9712
2823 8769
3020 8843
2117 8469
4086 9893
3170 9524
2076 8517
3475 9420
2097 8558
2865 8785
3324 9622
3378 9310
2740 9178
2311 8296
2750 9160
2442 8433
3493 9433
3583 9341
3573 9328
3126 9663
2361 8371
2471 8237
2477 8231
2430 8437
3944 9956
2732 9013
2397 8385
2364 8355
2713 9017
2949 8742
3436 9416
2554 8284
2639 9184
3575 9287
3264 9584
2189 8508
3989 9767
2405 8402
4069 9817
3168 9694
2476 8211
2961 8792
2353 8443
3294 9490
2050 8653
2654 9102
2482 8294
2390 8320
4013 9851
3501 9332
3579 9249
3465 9301
2198 8565
3453 9368
4049 9782
3344 9466
2520 8242
2972 8819
2597 9172
3843 9974
3945 9884
3928 9889
2777 8992
4059 9760
2675 9103
2550 8203
2943 8834
2736 8368
3224 9881
3331 9989
3107 9770
2193 8863
2699 8324
3875 9523
4070 9719
2335 8972
3661 9305
2384 9029
2925 8568
2543 9204
2519 9206
2264 8955
2856 8460
2277 8896
2583 8241
3789 9450
3591 9248
2949 8610
2103 8720
2079 8760
4037 9709
4064 9673
3089 9784
2542 9156
3906 9580
2984 8602
3943 9554
3805 9447
2528 9179
2950 8634
2067 8751
3822 9427
3839 9397
3068 8624
3917 9501
3077 9815
2678 8225
2754 8350
2686 8223
2551 9105
2794 8323
3888 9563
3922 9535
2194 8928
2744 8385
3108 9823
3013 8638
2998 8651
3175 9959
3736 9242
3985 9490
3838 9338
3927 9682
2988 8490
2775 8273
2774 8272
2369 9161
3270 9805
2677 8446
3687 9450
3070 8563
2399 9169
2176 8719
2973 8460
2216 8761
2913 8688
3096 9867
3142 9939
2476 9019
2282 8816
2347 9137
3828 9321
3950 9713
2302 8796
3230 9788
3951 9677
2117 8934
3254 9749
3712 9259
4019 9503
3613 9392
2592 8333
3908 9705
2663 8392
3668 9444
2709 8228
2351 9118
3206 9781
2671 8410
3911 9714
2322 9125
2465 8985
2944 8505
2971 8481
3910 9601
3671 9374
3026 8473
3691 9383
2986 8551
2932 8614
2085 8950
2745 8300
2075 8910
2893 8596
2255 8724
2856 8695
3055 8496
2774 8246
2789 8197
2646 8375
2365 9177
3986 9590
3643 9437
2767 8232
4080 9498
2752 8235
3671 9383
3957 9607
2238 8778
2209 8790
2210 8794
2607 8400
3389 9790
3053 8424
3615 9497
2678 8560
3931 9303
2120 9031
4006 9395
3359 9736
3975 9382
2587 8506
2395 8825
2619 8472
2569 8493
3677 9588
2641 8571
3490 9870
2115 9068
2782 8686
3338 9786
2845 8236
3363 9755
3362 9752
2919 8280
2854 8290
2109 9080
3366 9824
3485 9937
2086 9066
4030 9455
3860 9286
2773 8582
2369 8722
2171 9000
3556 9905
2440 8926
2048 9050
3784 9618
2316 8787
2172 8991
3339 9826
2821 8302
2108 9047
2747 8661
3592 9593
2715 8681
2729 8669
2679 8449
2728 8660
3800 9560
2680 8696
3931 9435
3396 9925
3561 9834
2468 8743
2139 9183
3809 9573
3794 9559
2309 8834
3492 9774
2960 8222
2265 9033
2915 8436
2555 8803
2345 8885
3648 9693
3664 9678
2509 8787
2832 8373
3334 9902
3803 9591
2213 8971
3506 9757
2824 8359
3790 9594
2203 8994
2861 8342
2052 9145
3576 9798
2673 8627
3444 9906
2615 8702
2386 8862
3814 9513
2263 8965
2237 9070
2505 8733
2089 9212
3999 9288
3629 9719
3625 9717
2803 8494
3338 9962
3893 9415
2535 8722
3339 9971
3408 9897
4004 9311
3626 9686
2186 9079
2071 9245
2157 9315
3421 8521
3255 8354
4035 9183
2221 9394
3496 8591
2314 9504
2219 9350
2303 9425
3277 8444
3119 8218
3553 8665
2426 9538
3858 9002
3500 8593
3320 8391
2877 9986
2280 9385
3488 8673
2130 9233
3260 8435
2324 9537
2709 9922
2638 9746
2640 9741
4088 9127
4018 9197
2598 9795
2682 9759
3150 8232
3118 8265
4010 9155
2165 9247
2772 9912
3460 8692
4058 9130
4090 9096
2578 9825
2485 9664
3840 9081
2483 9672
3129 8258
2690 9982
2337 9633
2721 9765
2240 9289
2715 9738
3584 8849
2631 9941
3392 8658
2505 9564
2375 9680
3500 8500
2074 9349
2242 9309
4031 8989
2764 9839
3188 8401
3764 8721
3511 8464
3572 8531
3599 8870
2618 9875
3686 8909
2361 9621
2499 9581
3239 8201
3932 9196
3751 8721
2385 9707
4083 9039
3584 8895
2387 9617
3454 8633
3885 9189
3495 8557
2223 9316
2304 9682
2742 9828
3360 8692
2222 9338
2293 9257
3833 8741
2121 9365
4064 9021
3633 8916
3304 8192
3934 9138
3913 9126
2596 9950
2288 9229
3466 8330
2928 9842
2456 9371
2423 9330
2491 9393
3732 9118
3890 8765
2878 9775
2978 9904
2060 9493
3758 9138
2931 9838
3771 9115
3689 9032
2070 9522
4076 8904
2094 9483
2323 9268
2118 9582
3929 8823
2083 9491
4044 8952
3528 8445
2959 9911
2299 9665
3515 8321
2504 9463
3996 8925
3669 8983
3900 8824
2946 9927
3649 8967
3797 9106
3452 8244
3713 9166
3246 8702
3543 8325
4091 8878
3241 8691
3103 8515
2232 9701
3947 8758
2816 9822
3900 8802
2448 9456
2439 9445
2874 9821
2990 9926
3879 8781
3322 8599
4007 8905
4030 8908
2131 9504
2169 9482
2221 9691
3257 8646
2469 9255
3467 8207
3901 8888
2111 9657
2693 9986
2158 9703
3555 8297
3799 9053
3716 8969
3385 8374
4066 8822
2090 9661
2244 9561
2963 9779
3032 9849
3512 8221
3342 8360
3111 8577
2188 9514
2290 9557
3735 9008
3199 8658
3948 8899
3070 9806
3399 8438
3134 8587
3369 8339
2874 9977
2387 9366
2401 9387
2202 9553
4047 8708
2446 9283
2495 9329
3247 8544
3449 8360
2379 9361
3442 8361
3276 8464
3143 8600
2114 9635
2938 9881
2365 9432
2929 9879
2286 9502
3357 8427
2479 9302
2288 9481
3063 9740
3303 8935
3235 8864
2884 9536
3713 8327
3994 8605
3621 8239
3176 8828
3175 8819
3986 8591
2902 9544
2257 9969
2674 9299
2763 9449
2806 9425
3314 8921
2997 9625
2225 9887
3166 8815
3666 8298
2141 9829
3477 9132
3044 9637
3752 8425
2708 9430
3045 9633
4012 8676
3645 8309
3120 8828
3745 8428
3889 8574
3128 8808
2223 9980
3540 9090
3624 8319
3285 8847
3519 9188
3565 9142
3297 8893
3937 8509
3896 8550
2954 9708
3248 8923
3441 8989
3227 8939
2877 9548
2063 9853
3406 9021
4039 8626
2276 9886
3187 8717
2964 9492
3579 9087
3468 8965
3800 8277
4021 8504
2611 9404
2705 9217
3366 9143
2585 9354
2140 9929
3559 9074
2780 9290
2625 9436
3003 9509
3983 8495
3427 9154
2295 9814
3419 9215
2175 9945
2573 9405
2224 9729
2995 9473
2612 9347
2256 9833
3566 9040
2590 9438
2909 9631
3649 8326
4046 8455
2088 9955
3827 8248
3953 8609
2831 9691
2062 9942
3033 9479
2818 9698
3427 9091
3562 8974
3961 8592
3515 9041
2761 9251
3518 9045
3878 8650
2781 9261
2544 9987
3638 8394
2719 9314
2744 9286
2914 9629
2629 9543
3454 8827
3856 8216
2940 9334
4009 8357
2395 9812
4053 8387
2852 9216
3902 8216
2431 9813
3550 8946
3962 8266
3890 8198
2377 9852
3620 8479
3953 8269
3848 8268
2793 9632
3815 8619
4015 8419
3908 8201
2451 9923
3877 8310
3310 9140
3319 9133
2416 9756
3129 9034
3464 8946
3633 8527
3433 8726
3698 8690
3915 8394
3231 8985
3595 8588
3097 9105
2748 9527
3176 9189
2687 9713
2581 9627
3002 9268
3065 9327
2763 9565
3102 9097
3200 8990
3967 8413
2307 9894
3458 8748
3283 9085
3753 8454
2380 9981
4091 8264
4028 8198
3127 9207
3334 8903
2851 9445
3786 8450
3803 8465
3854 8387
3237 9066
3667 8579
3843 8407
3140 9107
3538 8714
3313 9000
2867 9453
2613 9685
2579 9717
2484 9811
2795 9475
3507 8799
2930 9374
2388 9912
2565 9716
3205 9078
2357 9923
2331 9964
3750 8537
5536 9634
5695 9787
4237 8331
5535 9622
5619 9721
5908 9988
5918 9994
4935 9042
5618 9700
5501 9573
5253 9371
5102 9167
4622 8749
5504 9636
4503 8627
4991 9051
5785 9918
4576 8649
5708 9831
5143 9254
4567 8676
4375 8482
4519 8602
5671 9829
5479 9519
5153 9325
4581 8616
4843 8869
5840 9886
4129 8306
5837 9883
4794 8941
4706 8763
4136 8307
4589 8626
4376 8570
4135 8261
4580 8576
5534 9723
4264 8384
5530 9718
5227 9222
5694 9804
5811 9926
5261 9457
5468 9506
5611 9620
4237 8196
5155 9384
4149 8379
4751 8735
5111 9063
4766 8710
5014 9013
4871 9123
4774 8706
5604 9549
5182 9364
4557 8545
4458 8666
4783 8735
5443 9718
5204 9452
5778 9769
4393 8683
5715 9872
5478 9635
4979 9146
5208 9366
5220 9396
5695 9965
4358 8661
4663 8931
5608 9533
5245 9381
4697 8833
4352 8667
4527 8524
5009 9077
5385 9708
5638 9964
4750 8801
5248 9331
5760 9843
4699 8872
4427 8639
5657 9965
5592 9517
5600 9496
4294 8252
5003 9078
5243 9348
6103 9937
5151 9493
5228 9570
5489 9317
4915 8743
5356 9722
4815 9173
5037 8845
4180 8561
4277 8601
4208 8542
5476 9291
5988 9809
4177 8548
4657 8964
4808 9214
4750 9142
5916 9767
6079 9983
5400 9306
6050 9953
5560 9458
4220 8503
6007 9786
4699 8969
6138 9900
4695 8961
4711 9022
5523 9417
4394 8311
4136 8526
4259 8644
4365 8291
4603 8333
5997 9748
5438 9287
4193 8475
4187 8671
5259 9485
4588 8292
4780 8997
4869 8846
5066 8774
4195 8687
4369 8348
4349 8560
4704 9198
5626 9322
4818 9026
4830 9034
6108 9800
5928 9917
4870 8861
4987 8934
6090 9832
5631 9307
5302 9488
4843 9036
4941 8938
5042 8729
6038 9784
5600 9300
6046 9768
4099 8629
4472 8386
5099 8791
4833 9055
5843 10000
5316 9472
4691 9115
6101 9733
4443 8329
4860 9006
6016 9815
5547 9331
5294 9587
4719 9103
4921 8922
4671 9176
5458 9402
4690 9144
5043 8793
5189 9643
4606 8209
4245 8555
4613 9210
4608 8192
4503 9111
5302 9911
4639 8218
4770 8362
5041 8635
4910 8485
4221 8814
4564 9165
5269 9871
4620 8215
5092 8697
4895 8511
4165 8806
4164 8807
5874 9430
5263 9898
6039 9649
4171 8802
4757 8383
5743 9285
4945 8570
5682 9246
4493 9148
4366 9018
4950 8558
5112 8646
5369 9914
6019 9670
4555 9101
4724 8254
5831 9352
4395 9075
4789 8426
4507 9210
4204 8718
5816 9434
5122 9825
5950 9562
5195 9774
4120 8831
4920 8543
4921 8535
4448 8975
5869 9346
4563 9120
5011 8679
4514 9175
4201 8732
4270 8923
6112 9624
4547 9147
5644 9335
5242 9732
4602 9093
5281 9761
4431 9164
5643 9359
4203 8942
4445 9179
5866 9324
4968 8675
5100 8547
4162 8914
6111 9550
5676 9405
5739 9471
4271 8762
4248 8717
4837 8304
4630 8371
4644 8323
5991 9692
5257 9780
5340 9827
5861 9306
4285 8829
5966 9615
4110 8905
5265 9817
5055 8564
5321 9735
4743 8278
5639 9438
5867 9266
4556 8977
4816 8242
4775 8259
4203 8845
4185 8894
4665 8414
5915 9715
5874 9241
4480 9069
4791 8280
5886 9226
6096 9512
5367 9743
4974 8598
5758 9348
5091 8478
4599 8968
5839 9264
4481 9086
5054 8380
5133 9992
4635 8478
4112 8981
4827 8642
4539 8866
5909 9230
5142 9994
5629 9943
5553 9860
4919 8194
5190 9990
5616 9905
5098 8363
5036 8416
5613 9888
5983 9233
4220 9001
4965 8243
4983 8225
5631 9896
4538 8941
5490 9770
5568 9882
4866 8284
4637 8573
4650 8514
5470 9782
5940 9311
4495 8929
4698 8490
4394 8794
4544 8883
5505 9973
4718 8469
4353 8831
5484 9747
5504 9730
5784 9499
5713 9687
4266 8998
4723 8703
5818 9527
6067 9277
4926 8369
4942 8414
4824 8520
5576 9808
4504 8705
4706 8699
4428 8913
4681 8662
5433 9880
4235 9002
5417 9859
4646 8584
4214 9176
5829 9579
4669 8586
4474 8898
5808 9482
5982 9440
5960 9353
5878 9533
4416 8849
4101 9175
4649 8699
5852 9534
4664 8666
5401 9969
5563 9808
4681 8612
4316 9010
5982 9391
5984 9362
5775 9596
4929 8370
4896 8409
4383 8933
5407 9957
4981 8328
5414 9945
5868 9491
5266 8338
5346 8418
4569 9690
5214 8283
4792 9919
5844 8924
4391 9518
5576 8641
5545 8608
5895 8973
4600 9716
5409 8492
5941 8997
5293 8382
5990 9074
4631 9742
4606 9699
5742 8817
4368 9520
5605 8645
4233 9387
5547 8584
4430 9579
5704 8815
5912 9014
4447 9583
5701 8826
4142 9325
4795 9983
4931 9996
4583 9654
6097 9090
5357 8378
4820 9868
4487 9690
4969 9999
4517 9679
6116 9110
4284 9419
5681 8774
5441 8505
4156 9284
5672 8785
4777 9941
5848 8868
4841 9879
5587 8534
4741 9730
4792 9776
5158 8364
4173 9414
5424 8635
5126 8340
5577 8540
4676 9939
4131 9407
5165 8332
4729 9946
5786 8761
4615 9892
5334 8315
4758 9763
5598 8544
6020 9025
5668 8930
4541 9595
5449 8590
5435 8689
4451 9646
6066 9062
4692 9864
4780 9840
5437 8673
4264 9333
5556 8554
5939 9196
4531 9580
4164 9380
4269 9295
5344 8195
4219 9373
5794 8779
4283 9296
5829 8745
5181 8403
4708 9876
4282 9290
6014 9089
4306 9695
5004 9857
5523 8350
5205 8516
5250 8598
5177 8492
5109 9954
5040 9895
4581 9469
5092 9982
4434 9294
5915 8711
5628 8417
4387 9220
6125 8901
5774 9127
5849 9202
4266 9626
4506 9386
5570 8432
4872 9788
4999 9907
6090 8959
5989 8786
5785 9121
5901 8759
4212 9551
4884 9812
6060 8938
4574 9367
5508 8397
4351 9653
4482 9416
5599 8338
5382 8267
4499 9409
5625 8367
5265 8647
5290 8700
6138 8868
5148 8575
5711 9003
5027 9931
4595 9375
4873 9830
5434 8264
5957 8753
5033 9940
5043 9783
4524 9257
4551 9282
6036 8734
5506 8206
6078 8754
5564 8238
5283 8497
5779 8971
5131 8595
4376 9346
5423 8372
6032 8716
4315 9595
6021 8740
4590 9292
5797 8961
4427 9454
5129 8620
5472 8390
4279 9489
6076 8731
4167 9711
5324 8550
6080 8817
5615 8277
4289 9599
4867 9922
5595 8220
5081 9758
5505 8265
5699 9098
5940 8953
5491 8353
5703 9108
4300 9498
5746 9124
6078 8806
5325 8465
4358 9435
5487 8335
5669 9152
5393 8438
4841 9984
5864 8962
5017 9847
4438 9401
5448 8376
5987 8854
5568 8247
4494 9337
5882 8963
5572 8253
5977 8536
4612 9216
4693 9297
5012 9628
6103 8664
5222 8809
5475 9068
5448 9049
5343 8909
5310 8874
4335 9977
4839 9464
5465 9084
4659 9244
4728 9289
5826 8433
4291 9972
5305 8832
5556 9102
5408 9057
4851 9404
5076 9627
4800 9360
5741 8254
5705 8220
5718 8195
5144 8781
5698 8212
5740 8250
5751 8224
4710 9265
5998 8502
4744 9426
4698 9275
6067 8656
5666 8263
4799 9431
4253 9973
5965 8487
5944 8531
4111 9853
5679 8282
5473 8982
4160 9783
5790 8422
5169 8776
5147 8801
4779 9431
5333 8875
4795 9413
5685 8383
5474 9193
4197 9961
5475 9203
5934 8636
5933 8629
6027 8466
5008 9484
5515 8982
5729 8444
4905 9608
6073 8475
4151 9874
5033 9486
4656 9370
4265 9734
4256 9746
4131 9877
5317 8818
5462 9197
4705 9381
5227 8876
5420 9195
5939 8696
5238 8869
5391 9180
6143 8489
4825 9267
5763 8301
5976 8630
4936 9639
5394 9186
4915 9666
5188 8880
4163 9910
6084 8498
5684 8386
5410 8738
4710 9574
5441 8773
4643 9511
4688 9556
4912 9270
5507 8842
5261 9094
4460 9826
5546 8889
5754 8559
4512 9910
4454 9841
5199 9046
4508 9862
4778 9654
4988 9312
4480 9887
5255 9126
5542 8836
5625 8927
5916 8241
5714 8547
5753 8526
5069 9463
4789 9615
5157 9061
6124 8365
6021 8391
4549 9862
5342 9113
4894 9300
4935 9227
4463 9762
5838 8606
5336 9098
5500 8744
4390 9841
5296 9191
4578 9856
5788 8703
5635 8556
4640 9551
4621 9599
5252 9213
4629 9576
5312 9149
4978 9228
6087 8260
5614 8811
4568 9823
5011 9240
6107 8272
5709 8669
5460 8902
5343 9035
4679 9695
4993 9249
5296 8976
4529 9744
5645 8623
4835 9540
5050 9245
4803 9572
4483 9764
5907 8377
4997 9258
4939 9467
6023 8245
5129 9147
5782 8483
6135 8266
4940 9356
5132 9165
4732 9652
5055 9328
4716 9660
4671 9704
5602 8757
5612 8756
4356 9948
4909 9459
4624 9679
5466 8891
4739 9572
4819 9529
5846 8506
5626 8714
4592 9731
4893 9451
5017 9327
4799 9543
6129 8202
4377 9958
7204 9259
6795 8859
7258 9292
7143 9214
6497 8573
7681 9771
6648 8659
6570 8603
6504 8540
7439 9530
6422 8483
6917 9008
7719 9745
7023 9048
6342 8442
7343 9362
7394 9439
7004 8986
7634 9621
6795 8903
7630 9601
7231 9326
6767 8764
7213 9337
7619 9624
7284 9256
7207 9336
6385 8337
7910 9858
7090 9178
7014 8968
7672 9623
6522 8458
6623 8622
6476 8510
6896 8835
7731 9798
7685 9860
6675 8852
7678 9593
6232 8406
7490 9680
6366 8269
6726 8912
6267 8428
6272 8217
7792 9963
6376 8309
7249 9457
6211 8418
6619 8565
7054 9020
7369 9339
6582 8453
6487 8672
7709 9893
6904 8772
8120 9989
6962 9100
7003 9112
7367 9230
7407 9253
7899 9751
6942 9170
7457 9710
7500 9625
6478 8592
6683 8900
7201 9470
7239 9380
6948 9153
6376 8206
7513 9650
7040 9069
7462 9672
7662 9500
6434 8663
7461 9683
7704 9954
7165 8962
7177 9481
6833 9139
6563 8353
7592 9376
7957 9755
6676 8973
6779 9056
6722 9052
6552 8327
7384 9720
7274 9550
8088 9899
6616 8429
7070 8871
7596 9360
7011 8799
6303 8609
6178 8477
8099 9955
6911 9151
7561 9421
6462 8314
6580 8434
7136 8876
6528 8401
7549 9263
6672 9027
7113 8852
7595 9462
6313 8694
6751 9023
8139 9899
6498 8193
6449 8279
6886 9089
7487 9301
7401 9607
6184 8519
7802 9993
7313 9705
7555 9471
7141 8804
8106 9772
6737 9177
6556 8213
7184 9605
6981 8925
6780 9191
7458 9347
6297 8507
6894 9037
6869 9075
6651 8285
6848 9065
7383 9597
7970 9864
6153 8614
6674 9121
6465 8436
7675 9293
7948 9909
8122 9728
6587 8199
6717 9088
7152 8752
6742 9110
7007 8863
7262 9629
7539 9399
6280 8512
7354 9586
6198 8701
6273 8532
6526 8358
6452 8429
7531 9393
6161 8652
7056 8821
7504 9401
7140 8718
6721 9133
7430 9449
6438 8406
6561 8279
7599 9303
7324 9575
6386 8462
6930 8940
7268 9830
6323 8881
6179 8736
6963 8500
6275 8836
6976 8524
7375 9920
6226 8771
6998 8514
7091 8613
7355 9891
6183 8762
6171 8763
7403 9928
7866 9363
7057 8637
8160 9676
6281 8889
7385 9962
7697 9253
6189 8729
8138 9727
6283 8892
7298 9909
7903 9448
6823 8336
6208 8830
7765 9235
6146 8773
6628 9123
6866 8341
6460 9079
6523 9014
6196 8807
6777 8237
6855 8351
7993 9569
6694 8317
6271 8738
6718 8289
6840 8409
6977 8480
6218 8747
6360 8891
6185 8778
7207 9805
7423 9874
7092 8641
7290 9735
6862 8369
6746 8229
6330 8764
7199 9880
8148 9555
7102 8496
7695 9344
6574 8993
8130 9555
6700 8378
7233 9944
6974 8615
6716 8334
7763 9441
8062 9676
7892 9320
7841 9247
7935 9279
7964 9694
7036 8638
6227 8848
6818 8294
7689 9422
6467 9099
7921 9273
6986 8601
6972 8687
6180 8944
6220 8856
6471 9119
7745 9373
7762 9356
7072 8574
8161 9535
6657 8419
8105 9547
7781 9350
7741 9433
7821 9319
7257 9906
6202 8904
7085 8542
6866 8230
6384 8716
6916 8196
7967 9241
7936 9225
7925 9724
7813 9614
7058 8326
7818 9630
6653 8937
6606 8920
6990 8276
7071 8325
6362 9158
8067 9372
6585 8857
6859 8681
7513 9854
7728 9495
7642 9970
7477 9759
6756 8522
6657 8499
6366 9194
7968 9237
7510 9838
6997 8301
6766 8535
6883 8670
7032 8262
7843 9702
7576 9949
7553 9927
6469 8712
7583 9935
6839 8675
7135 8331
6235 8975
6342 9107
6594 8858
6876 8581
6284 9168
8128 9372
7424 9822
7461 9850
6924 8275
8155 9403
7752 9515
6675 8566
7854 9670
7925 9628
6915 8303
6421 8824
6354 9151
7617 9908
7765 9517
7468 9810
6590 8897
6191 9134
6797 8462
6427 8856
6598 8780
6283 8966
6525 8947
6542 8704
7060 8199
7838 9479
7161 8288
6991 8404
7837 9473
6214 9190
7897 9592
6420 8887
6962 8341
6840 8479
6214 9199
8016 9442
8004 9462
7875 9589
6672 8621
6477 8846
7670 9781
7785 9645
7431 9934
6899 8511
6643 8766
6405 8918
7804 9642
7934 9510
6610 8712
6216 9108
6432 8957
7096 8295
7911 9477
6835 8528
6549 8825
7981 9437
6750 8622
6958 8412
7665 9737
7018 8336
7227 8251
6473 9545
6749 9820
7327 8348
7927 8948
7455 8476
7951 8970
7388 8405
6496 9585
7928 8940
6361 9413
7192 8249
7949 9006
7665 8660
6801 9908
8013 9058
7233 8307
6645 9671
6763 9816
7930 8911
7211 8221
7627 8700
6677 9773
6438 9502
7740 8710
6622 9701
7758 8818
6440 9495
6841 9968
6309 9454
7937 9039
7236 8213
8140 9114
8020 8974
7542 8491
7749 8728
7176 8299
7877 8865
6674 9846
8083 9187
6191 9309
6343 9392
6832 9778
6516 9725
8147 9048
7273 8423
7984 9124
7431 8593
7666 8549
7607 8495
8095 8963
6279 9243
6663 9892
6663 9891
8153 9072
7311 8224
6453 9626
7772 8937
6356 9313
7955 9131
6463 9604
7788 8919
6469 9721
6346 9227
8055 9141
7512 8606
7649 8486
6163 9428
6322 9339
6635 9505
6221 9351
6785 9807
6351 9246
6239 9357
8164 9015
7297 8282
6493 9603
6774 9897
6693 9921
7758 8870
6204 9428
8098 9032
7288 8335
7443 8685
7806 9082
6242 9574
6380 9698
7334 8617
7208 8504
7326 8590
7115 9944
7196 8463
7850 9149
7691 8979
7095 9900
6550 9355
7660 8398
7266 8519
7838 9143
7345 8600
7178 8481
8167 8907
7086 9858
6448 9217
7373 8698
7636 8431
7454 8226
6418 9262
7253 8470
7286 8501
7983 8810
7987 8827
6631 9398
7180 8541
6485 9223
6613 9351
7219 8548
6931 9842
7041 9956
8133 8867
6529 9447
7605 8403
7794 8986
6347 9634
7884 9125
6420 9343
7436 8289
7169 8559
6158 9598
8024 8745
7052 9968
7293 8701
6159 9610
7799 9201
7707 9104
6327 9530
6530 9234
8150 8775
8005 8913
7135 9803
8118 8737
8150 8769
7654 8314
6954 9869
6313 9478
6538 9274
7810 9011
7886 9087
6476 9470
7745 9206
8008 8841
6918 9924
7834 9052
6260 9651
7037 9914
7240 8577
7154 9790
7533 8354
7831 9028
7517 8329
7491 8343
6561 9332
7853 9076
6169 9667
7377 8461
7220 8683
7853 9038
7421 8473
7057 9847
7227 8657
7828 9083
8112 8771
6415 9465
6627 9236
6514 9355
6951 9948
7643 8229
6459 9412
6935 9494
6334 9919
6266 9854
8018 8532
7172 8707
6339 9928
7860 8379
7687 8219
7694 8211
6822 9400
6344 9960
7727 8202
6206 9751
7909 8399
7612 9096
7330 8853
6244 9820
7900 8417
7750 8313
8074 8648
8129 8580
7623 9088
7346 8954
8028 8468
7577 9168
6826 9446
7716 8297
7036 9522
6271 9775
6233 9737
6205 9836
6309 9972
7825 8389
7080 9725
7632 9097
6249 9778
6885 9400
6151 9831
7381 8886
8018 8502
7319 8956
7329 8911
6711 9304
7061 9722
7451 9076
7416 8840
6145 9844
7998 8518
8078 8690
7547 8966
6897 9329
7723 8366
7021 9699
7387 8789
7172 8854
6983 9681
7075 9524
8132 8541
6939 9602
7050 9488
6371 9849
7006 9669
7725 8370
7285 8917
7320 8767
8187 8529
7065 9525
7565 8993
7767 8441
6685 9388
8049 8640
6921 9658
6978 9723
8075 8503
8036 8665
6919 9656
7402 8747
7912 8234
7987 8695
7341 8809
6392 9791
7295 8879
7282 8865
6765 9406
8066 8538
6968 9697
7029 9646
8052 8617
6977 9630
8097 8515
6670 9448
7945 8672
6162 9976
7092 9567
7335 8777
6796 9340
6889 9242
7847 8275
7013 9618
6874 9250
6346 9776
7345 8783
7980 8236
7467 8744
7914 8684
6474 9796
7380 9153
7047 9361
7482 8737
6662 9496
6852 9696
6510 9799
6570 9856
7289 9047
7962 8227
6583 9870
6511 9813
8034 8281
7821 8625
7598 8942
6656 9542
7728 8567
8042 8255
6588 9963
7880 8594
6745 9474
6698 9590
7677 8867
6485 9739
6594 9885
7238 8996
6689 9539
7200 9026
6957 9291
8079 8421
7989 8286
6478 9763
7999 8274
6775 9497
8159 8366
7921 8582
8081 8426
7338 9172
6587 9924
6995 9426
6507 9961
8157 8287
6835 9526
7280 9205
7093 9277
7309 8960
7701 8603
7604 8741
7111 9298
6728 9693
7440 8840
6874 9536
7590 8765
7613 8739
7913 8567
7834 8453
6932 9396
7263 9208
8071 8234
7815 8489
7138 9293
7306 9017
7587 8727
7222 9101
7845 8474
6629 9765
7980 8430
7886 8459
8115 8313
7321 9043
6412 9951
7474 8935
8071 8286
7615 8803
7907 8510
7020 9394
8083 8306
7012 9359
7511 8890
7106 9261
7248 9122
6928 9443
6752 9619
8045 8345
6653 9732
7257 9120
7978 8400
7531 8855
7741 8643
