10000 9999
7790 7791
7027 7031
8784 8788
1392 1398
7979 7980
9553 9561
3030 3039
9889 9896
1728 1738
8371 8383
9458 9468
5894 5897
1829 1834
5809 5822
3553 3566
9743 9759
333 349
4423 4438
5445 5462
228 247
9642 9657
326 338
5219 5238
810 829
3073 3096
2368 2394
5934 5938
3590 3610
6956 6960
1902 1906
715 725
2052 2074
6798 6831
3205 3236
321 355
1626 1657
7637 7670
8964 8993
1024 1064
9820 9844
6860 6885
1542 1583
5768 5795
7007 7027
6794 6822
7370 7419
5590 5607
8662 8677
8392 8443
5976 5997
1728 1783
1739 1788
3610 3618
5517 5556
393 432
797 807
3405 3446
8028 8033
2433 2492
138 180
7503 7537
1298 1325
2630 2681
2645 2666
3620 3684
5772 5839
6546 6614
2867 2935
3103 3163
6294 6352
1450 1516
6939 7004
9382 9454
9513 9568
8613 8686
6318 6371
5048 5111
6029 6082
535 580
7183 7259
2072 2126
2109 2154
5778 5829
3758 3828
5384 5459
768 859
6440 6519
3849 3944
5930 5960
2994 3025
1165 1262
1460 1488
7565 7657
4133 4160
4913 4948
4797 4826
6841 6864
7078 7116
6556 6646
3841 3947
3502 3522
6820 6859
8192 8303
9394 9411
2964 3046
1049 1131
2204 2286
786 865
5046 5058
165 208
2694 2801
2751 2759
2948 3071
5044 5064
4895 4963
8504 8518
638 766
1549 1678
2096 2231
5918 6041
8206 8326
5127 5261
3873 4010
1093 1225
4459 4582
1311 1425
9057 9199
9558 9689
3404 3548
9306 9418
8802 8947
4445 4559
8475 8584
8317 8430
5184 5331
3892 4000
8793 8908
8970 9119
2687 2790
2627 2778
2935 3053
1375 1477
3665 3789
2354 2478
7462 7611
5697 5855
7289 7399
1289 1431
8569 8667
6694 6789
2168 2267
2664 2765
7959 8126
7189 7356
3128 3220
1852 1936
3158 3323
1122 1231
1877 2040
7695 7841
1626 1781
2854 2953
7241 7398
6403 6579
6216 6392
2645 2789
11 187
3622 3735
4180 4326
3961 4043
1281 1458
8752 8838
1577 1694
4707 4820
1145 1230
1890 2010
3146 3314
9025 9213
9337 9413
2587 2727
2884 3066
8554 8661
3088 3280
869 932
4963 5025
3601 3794
9751 9938
8541 8603
3949 4004
5168 5370
7174 7373
9501 9681
5376 5580
8298 8358
2105 2292
2655 2706
6692 6900
7287 7335
1068 1277
1890 1974
8448 8660
125 168
9309 9352
592 646
7716 7922
7684 7891
1842 2021
1057 1273
2647 2702
5207 5260
1135 1203
9288 9366
7523 7613
9570 9661
9009 9168
1126 1159
7511 7606
1036 1263
6152 6380
824 989
6234 6333
8193 8425
1386 1410
3402 3488
7289 7315
2378 2465
7538 7577
331 416
3130 3286
1375 1458
8524 8610
112 128
7257 7337
263 501
7026 7040
8715 8953
2381 2490
7249 7339
833 955
1599 1731
9039 9139
9814 9898
2598 2776
5700 5818
7223 7369
3160 3239
5280 5536
4312 4568
3227 3483
1618 1875
4325 4580
5710 5967
2573 2831
2715 2968
1258 1513
1246 1498
1658 1919
6341 6594
6317 6564
2636 2881
4226 4495
7705 7956
6803 7069
601 854
22 281
1137 1376
7724 7999
4191 4428
6211 6487
6662 6931
6765 7030
2148 2424
7196 7426
4147 4397
6690 6973
5681 5904
3124 3349
5783 6068
3679 3963
9421 9704
3292 3577
2807 3026
4773 4995
9268 9491
4235 4524
32 264
3798 4092
2806 3036
747 961
5862 6093
5662 5941
1556 1848
2703 2978
2253 2528
8337 8609
5802 6042
7241 7545
2647 2919
7754 8057
5141 5409
9465 9676
634 847
8787 9061
2722 2964
5874 6085
4630 4910
8724 9006
1537 1850
7216 7436
7397 7642
4755 5036
8209 8528
6785 7107
3277 3471
8318 8509
3726 4041
578 773
613 813
3661 3844
6336 6539
1666 1999
5848 6037
5751 5945
9236 9562
8408 8599
8289 8496
5663 5965
2177 2515
1069 1407
1065 1402
3146 3353
159 457
8240 8551
6398 6567
3294 3463
8940 9142
82 271
2566 2907
3685 3845
674 960
8201 8556
7851 8141
8252 8538
6318 6600
1271 1424
3288 3505
5362 5535
5125 5483
5200 5439
6317 6620
8282 8488
6394 6537
2186 2558
2172 2309
3612 3942
4663 4940
52 328
2264 2470
6712 6982
8235 8532
8310 8457
6845 6972
8395 8527
758 882
1228 1353
7712 8103
4147 4539
7354 7475
2223 2341
189 311
9274 9648
712 836
8843 8967
3254 3386
3765 3896
6818 6959
1071 1471
3732 3845
6301 6415
4824 4942
8780 9178
6164 6530
5286 5438
9372 9477
9445 9596
6907 7010
6863 6997
7707 8065
7919 8052
6910 7010
8915 9038
6300 6402
241 337
4825 4985
7840 7937
9228 9647
9257 9613
5213 5625
37 385
4766 4922
2560 2982
8230 8577
5803 5891
7795 8155
4720 5081
3685 4044
3128 3475
1104 1531
4342 4442
2059 2470
2058 2469
5287 5398
5762 5943
2565 3005
1682 1835
4108 4534
8725 9135
8814 9173
3723 3888
8849 9004
8727 9128
7239 7672
8381 8573
7834 8027
529 979
4763 4952
1257 1326
2102 2558
4622 5060
4228 4424
4097 4559
5719 6023
1659 1967
1124 1457
8263 8594
7201 7673
8888 9056
7874 7963
5861 5951
1595 2017
170 369
5150 5573
1624 1925
6386 6445
3100 3580
693 852
4849 4880
1236 1334
6228 6583
6326 6483
2101 2525
7730 8154
5635 6123
2066 2554
4765 4977
2572 3043
8948 8964
3769 3913
1207 1350
5643 6138
1154 1395
5265 5477
6246 6547
2195 2405
5786 5996
6718 7112
8313 8590
3834 3853
3827 3850
3648 4026
4788 4943
746 785
3231 3427
6323 6479
9974 9995
5281 5468
7411 7437
5325 5426
7388 7902
16 532
295 802
7604 8113
2239 2745
136 655
1454 1961
7665 8187
5153 5674
5491 6015
8702 9202
238 739
4141 4643
436 932
1295 1822
5232 5730
9290 9816
4526 5052
7667 8165
4263 4784
7476 7980
8645 9183
366 883
1025 1567
5206 5704
8359 8836
1254 1730
9281 9829
9504 9988
6418 6966
8694 9170
6581 7056
221 760
1044 1586
3080 3631
7180 7716
5440 5993
6512 7002
5288 5763
2499 3055
120 596
2275 2766
9254 9737
2144 2639
91 618
8486 8980
5525 6055
1501 2024
4199 4690
2435 2998
7343 7834
9451 9949
3151 3703
2308 2878
9258 9744
473 995
8336 8874
2390 2924
6367 6883
4118 4651
7344 7821
4194 4640
7584 8163
4374 4949
1361 1813
366 809
5602 6053
7569 8152
3369 3939
2344 2915
30 594
2241 2700
5314 5772
6374 6824
2495 3056
9439 9871
5324 5789
7519 7950
312 873
2507 2970
2389 2817
4261 4849
6431 6986
2184 2782
3397 3868
2107 2657
3195 3623
298 842
6231 6711
3432 3848
270 879
8408 8889
9379 9922
8211 8817
378 799
8638 9179
5539 6090
2422 2847
7522 7944
9443 9864
110 514
3366 3915
3076 3689
2131 2621
4319 4783
7499 7995
7339 7899
4115 4706
7454 8047
4327 4757
1338 1870
4140 4692
377 771
5546 6096
3362 3929
7656 8085
8241 8780
1348 1851
2543 2927
5578 5963
5543 5924
272 915
433 821
7380 7761
347 990
2080 2726
9400 9776
7231 7863
7625 8000
5613 5988
8519 9163
1210 1590
468 858
4476 5107
7570 7965
1027 1676
459 857
6264 6890
307 935
6347 6748
2297 2657
4189 4805
5307 5667
2423 3053
7649 8058
1463 1836
5318 5722
4585 4980
157 515
4120 4742
5393 6030
5305 5670
7451 8121
6167 6837
7505 8178
4395 5000
7349 7702
5479 6082
5546 5903
7524 8130
6168 6847
5239 5855
9251 9866
6537 6946
3411 4095
2475 2823
4286 4626
2301 2640
7291 7893
9292 9955
9314 9938
4495 4926
6583 6917
6236 6894
294 917
6648 6988
3497 3869
7628 8056
3330 4021
8208 8872
8459 9137
4457 5074
7280 7883
5275 5671
2227 2575
9229 9904
9233 9903
2354 2957
2138 2715
1488 1810
8447 8765
5405 6111
6242 6817
3201 3653
1119 1687
8196 8909
5577 5888
1079 1790
3540 3870
4364 5062
9316 9902
2104 2803
4418 5006
5486 6049
5612 5948
8393 8729
2488 2920
6298 6731
8679 9013
1241 1548
2404 3004
3575 3887
1469 1893
5622 5933
2312 3028
4426 5015
359 953
335 912
8237 8911
8412 8767
3438 3979
2327 3058
8529 9143
8266 8877
7469 8132
2343 3022
8228 8910
8285 8883
8213 8954
3535 3903
205 572
3461 3959
5122 5873
3473 3938
3258 3660
3082 3836
3558 3857
5329 5673
4145 4808
2529 2843
494 789
6419 7144
4563 4904
3388 4032
1478 1734
5289 6056
9673 9933
2188 2954
7463 7726
7221 7998
3216 3997
4374 4635
9556 9818
2473 2727
1506 1778
142 926
6557 6799
9524 9766
4112 4867
2397 2638
1188 1968
1164 1944
1367 1602
1403 1633
4430 4693
4205 4978
8377 9113
9519 9742
3469 3756
4384 4610
4479 4700
5561 5789
7476 7696
4255 5050
2051 2853
5524 5811
8434 9178
81 888
4568 4850
279 573
1176 1971
1048 1843
1365 1662
7452 7728
8566 8794
3214 4003
4412 4626
7219 7964
6272 7087
4596 4804
188 908
5239 5958
8335 9147
3570 3783
8368 9093
3381 3596
3579 3777
5570 5881
2400 2652
4538 4743
6284 7090
3091 3884
4418 4610
2520 2712
2430 2620
8343 9171
5174 6002
6521 6719
8570 8764
8197 9027
8670 8857
4463 4647
75 770
3083 3906
6437 6767
5356 6054
1247 1940
9294 9989
1340 1648
241 957
3350 3674
8287 8978
478 659
5548 5858
4606 4782
6328 7145
452 661
8220 9037
1234 1921
2496 2707
6340 7057
8624 8933
8661 8832
8502 8801
8658 8842
6655 6823
3513 3808
368 554
149 975
2253 2960
1433 1734
4465 4654
8221 9085
2347 2635
3110 3911
4131 4930
5467 5689
4258 5057
3480 3838
6550 6897
2288 2968
8604 8949
6364 7094
4327 5005
7628 7846
4252 5111
2141 2864
1102 1854
1108 1828
7215 8031
8299 8986
4190 4908
7436 7800
5617 5765
7492 7729
5294 6103
1150 1796
4251 5089
385 763
1389 1558
3217 4077
3222 4073
7668 7819
9699 9827
6532 6660
1097 1992
5351 5989
3116 4009
4313 4959
5210 6109
4552 4672
1041 1945
9724 9845
4499 4634
4529 4664
5136 6042
5311 5938
3452 3825
226 876
2348 2748
7322 7944
5327 5980
1214 1835
3095 3968
5288 5936
6149 7069
5189 6109
5576 5713
9535 9894
6550 6668
64 986
3115 4016
1515 1655
3359 3713
3210 3860
3570 3693
8459 8852
1213 1826
4400 4753
6631 6725
6330 6943
3526 3683
3346 3767
476 633
6408 6830
4277 4883
7207 8079
8314 9171
9623 9788
6174 7093
4473 4818
2332 2736
2478 2562
8261 9192
6494 6896
6448 6786
1497 1643
275 672
7292 8143
7446 7845
4480 4660
5264 5926
7496 7934
9681 9833
147 808
8693 8782
7390 8034
9682 9839
5379 5821
8448 8894
4452 4827
6237 7138
6384 6991
8387 9084
4594 4685
5450 5771
1477 1540
4322 4899
4221 5054
1485 1545
5447 5763
387 583
1075 2038
6221 7048
7396 7970
4157 5114
6345 6913
9662 9845
3140 3976
77 897
4114 5087
8446 9011
7474 7932
2317 2755
9642 9828
5175 6137
1072 2047
7349 8039
7479 7908
7546 7854
9553 9865
6327 7022
2249 2834
381 678
4336 4907
2380 2704
8221 9155
7507 7820
8600 8825
4332 4878
8562 8848
6564 6720
8312 9116
3164 4025
449 551
3408 3767
7673 7710
8671 8759
4252 4981
7170 8171
8410 9011
8405 9022
1422 1637
5251 5999
357 651
8232 9159
5394 5885
8239 9152
8559 8863
5273 5992
4398 4829
1457 1602
4534 4677
7610 7759
1354 1725
1353 1713
1123 1946
2411 2705
4324 4895
1210 1862
7233 8124
6305 7004
7325 8035
9631 9824
2837 3861
6530 7554
6294 7319
892 1917
506 1528
6878 7898
3013 4033
3034 4060
6981 8003
8354 9380
4183 5201
4744 5775
4225 5256
2824 3841
4202 5217
6325 7355
6461 7474
81 1089
4364 5404
2265 3274
6721 7762
8709 9750
6229 7234
2779 3788
4924 5925
3024 4046
260 1319
8953 9951
2440 3503
301 1285
5049 6033
2551 3550
8410 9456
782 1829
8933 9929
2274 3279
8500 9499
8682 9690
455 1526
2148 3159
6918 7989
9023 9993
6906 7884
742 1745
171 1171
2697 3760
868 1886
93 1121
359 1370
416 1437
6666 7733
487 1496
645 1733
5112 6074
2834 3921
6433 7522
6322 7414
4950 5906
6717 7800
4616 5709
783 1865
2781 3739
4968 5935
4986 5949
2362 3442
225 1194
4721 5693
8679 9641
324 1290
2077 3149
2448 3525
968 1950
7022 7993
8569 9505
3020 3988
2125 3095
8272 9226
6800 7882
4941 5905
6239 7171
374 1320
8781 9746
4363 5487
97 1031
6523 7443
2113 3115
6405 7529
670 1779
6699 7748
2072 3191
2791 3735
6387 7299
2232 3273
8514 9523
4723 5634
2190 3325
2789 3729
6343 7346
8846 9979
6520 7438
2655 3624
259 1402
6926 8049
8409 9382
7087 7983
836 1984
776 1932
4714 5870
735 1625
649 1551
5070 5960
8345 9246
7 1167
8779 9922
8517 9679
153 1043
5050 5942
4984 6132
2684 3824
225 1132
2570 3717
7141 8042
4698 5834
2568 3736
2760 3673
2193 3072
7038 8175
2999 3877
6689 7858
4515 5424
398 1309
4366 5530
6935 8067
6429 7562
8536 9664
2965 3853
982 1868
4787 5672
4383 5507
5023 5951
3038 3967
6591 7450
6316 7177
2394 3580
8412 9339
7127 8063
2387 3578
896 1833
8691 9560
2693 3625
333 1505
589 1789
707 1651
4947 6113
563 1671
334 1530
2521 3436
3069 3915
8560 9670
4471 5577
7131 8036
8907 9739
5086 5917
8463 9675
777 1997
3036 3865
8303 9385
558 1769
329 1409
6249 7328
6995 8090
4799 5750
8287 9365
6389 7230
4378 5585
215 1051
8615 9577
194 1037
2966 3929
6553 7496
2545 3363
473 1291
2492 3432
2686 3755
8335 9303
4328 5169
6198 7404
2225 3178
2399 3459
6993 8077
293 1478
5037 5966
4102 5346
2139 3262
6156 7402
8833 9830
559 1732
766 1554
8913 9789
6938 8182
4126 5363
4201 5252
4483 5491
586 1722
246 1028
6465 7603
6679 7909
8955 9743
604 1704
8956 9736
6370 7191
891 1933
381 1413
8608 9561
58 1219
4613 5887
337 1451
8474 9697
8762 9921
704 1596
6487 7595
4200 5270
282 1050
7060 7829
4491 5258
6535 7301
4265 5549
9193 9966
4262 5537
6445 7204
710 1996
9174 9946
440 1205
2477 3234
2298 3562
2061 3356
2702 3999
1014 1765
4936 5724
6624 7413
6366 7624
2179 3476
4444 5195
7062 7822
6389 7660
4893 5633
7163 7911
2742 4011
4313 5575
107 1396
4300 5587
2230 3478
8472 9272
673 1920
231 1474
6185 7439
4585 5327
2800 4055
470 1278
2960 3771
2819 3630
2752 4078
6438 7176
7133 7922
7154 7901
2169 3403
6508 7258
4482 5301
4639 5928
6992 7785
321 1144
4844 6103
177 1420
2632 3958
8467 9299
6619 7320
6784 8131
8356 9697
2112 3334
7037 7739
4467 5172
4751 6088
2353 3190
6369 7593
2535 3246
2719 4053
6342 7564
4566 5277
718 1923
8469 9284
6616 7306
3041 3762
2930 3617
196 1431
78 1306
2584 3916
4316 5513
1006 1720
6729 7953
9208 9889
4706 5944
451 1177
14 1364
4290 5529
8257 9498
2836 3663
6505 7221
6912 7772
8373 9705
2141 3328
2737 4079
2951 3800
4671 5983
6210 7459
4599 5269
967 1701
113 1298
6590 7386
2591 3961
6297 7678
904 1760
2410 3075
65 1323
2832 3707
300 1088
9090 9964
131 1517
4876 5731
8630 9414
2676 3844
4598 5255
4979 5639
793 1644
4502 5347
456 1214
2054 3441
2158 3351
721 1960
6789 8191
6922 7792
2879 3652
6592 7357
4528 5325
536 1894
4244 5611
4954 5851
4254 5407
2284 3437
2959 3598
2709 3863
34 1446
4816 5973
8579 9222
4762 5916
4165 5570
8616 9248
551 1964
8481 9386
993 1642
2056 3459
2920 3811
6157 7552
2633 4038
4691 6081
4276 5415
4237 5401
6710 8099
8859 9998
759 1889
934 1584
4314 5453
4251 5379
2224 3369
2854 3775
6278 7452
3067 3680
9056 9980
4278 5419
4284 5410
9031 9945
6172 7555
2434 3106
8655 9326
8663 9334
711 1893
4287 5405
5073 5749
658 1847
5041 5652
6612 7282
2448 3127
6574 7177
658 1850
4215 5598
302 1156
4119 5564
8971 9893
2116 3563
8433 9537
4266 5402
7023 7902
682 1816
2129 3557
8488 9373
924 1578
764 1866
846 1785
8557 9434
7016 7889
2336 3226
36 1438
8682 9303
8296 9686
850 1772
7052 7756
4460 5292
4759 5975
2340 3303
4908 5865
2754 3847
631 1969
2363 3324
375 1215
9018 9970
497 1081
6617 7187
6647 7228
2418 3262
8353 9581
9111 9817
4879 5854
6734 8092
9072 9890
4503 5188
6731 8088
2857 3837
4628 6081
6538 7263
7029 7843
624 1959
5091 5690
9200 9774
911 1617
931 1603
2690 3939
8596 9333
6781 8092
6212 7590
2961 3699
116 1424
4390 5314
2958 3690
2307 3302
2696 3950
9016 9950
8468 9468
4273 5465
6652 7188
419 1097
342 1212
4646 6090
8193 9709
45 1472
2271 3376
2818 3821
44 1500
4951 5797
4248 5482
8571 9359
2596 4049
7042 7796
9065 9886
4440 5295
8258 9658
9174 9775
2466 3163
6930 7919
4645 5157
6769 7281
4192 5728
223 1758
4484 6021
4329 5864
3009 3522
709 1217
6758 7265
2827 3331
2942 3446
8434 9976
664 1171
4824 5334
7099 7605
6973 7469
1017 1517
4837 5360
6585 8108
4875 5406
880 1384
4918 5422
2439 3997
4594 6126
8798 9280
568 1062
2793 3274
4527 6027
6180 7680
6779 7263
412 1977
469 2032
533 1075
8226 9738
8812 9287
2270 3829
984 1524
4644 5128
5094 5579
7098 7573
2466 3986
9170 9698
188 1677
9091 9649
6697 7194
7074 7574
848 1381
9094 9648
4602 6092
8414 9961
7075 7572
76 1659
6227 7787
2639 3190
4792 5249
245 1743
8388 9982
268 1846
6274 7871
6615 8169
524 1074
7067 7643
8743 9319
13 1613
6497 7968
6698 7272
501 1975
2441 4042
8306 9782
4853 5309
6768 7224
4408 6001
2314 3904
8722 9304
929 1514
487 1963
2195 3806
4380 5969
8402 9884
8949 9403
520 1113
8906 9371
36 1655
7028 7456
1023 1450
2918 3376
2415 3897
6411 8019
9198 9654
453 1948
4896 5502
6628 8122
3060 3498
8374 9961
8786 9266
4750 5359
4758 5367
2977 3520
3006 3548
4676 5158
2486 4051
8361 9935
8341 9971
4416 5927
6356 7859
2595 3147
728 1201
6639 8069
6756 7182
6400 8043
6705 7258
3070 3474
6539 8167
764 1169
6826 7386
4593 6017
2557 3981
52 1606
8197 9846
4900 5463
869 1296
4954 5420
378 1804
1022 1414
4925 5445
4410 5954
4747 5361
74 1585
4990 5378
4223 5634
4696 5158
6203 7748
8212 9835
7134 7518
6173 7837
7007 7646
4802 5187
2906 3547
4405 6071
6243 7904
882 1521
495 1898
2142 3801
4154 5810
4530 5946
9021 9652
2461 3862
259 1935
4165 5833
2692 3082
2851 3506
5002 5401
6663 7316
2291 3687
482 1910
6963 7589
8444 9831
8607 9987
3069 3424
4966 5624
9059 9667
2067 3763
8347 9786
2830 3500
4430 6122
6368 7750
9211 9564
7073 7430
698 1043
4726 5338
8262 9962
2465 3852
4858 5204
6472 8184
56 1674
386 1840
6716 7304
389 1841
8902 9331
949 1280
406 1839
4447 6117
850 1513
6439 8089
4417 6017
53 1780
461 1804
2506 3851
252 1597
6707 7409
4164 5767
2725 3174
6700 7407
2212 3681
4965 5539
2368 3974
2071 3793
131 1604
8247 9968
6667 7363
1 1736
4386 6120
2110 3829
656 1116
363 1958
2403 4012
175 1662
6252 7865
7112 7454
8969 9694
6547 8004
6492 8068
8739 9467
6834 7274
33 1787
3004 3431
8979 9678
2979 3454
6954 7668
6414 8173
7159 7444
6304 7750
2321 4089
2459 3953
2890 3489
636 1168
8948 9240
723 1086
4839 5129
6372 7700
4106 5881
262 2034
2287 3609
4801 5175
8349 9828
6987 7601
865 1435
208 1579
8736 9436
2152 3733
126 1667
910 1166
9111 9366
615 1382
4385 5667
8201 9997
6755 7526
6151 7937
4357 5645
407 1693
8704 9483
6299 8087
4123 5911
5002 5254
8510 9777
6449 7713
8584 9880
4808 5592
4192 6004
2392 3661
2597 3378
2855 3134
8973 9238
7154 7406
540 1283
258 1565
6498 7747
4746 5544
2417 3667
78 1901
952 1180
8955 9695
4576 5828
4348 6104
7071 7354
9129 9345
9008 9242
4529 5787
4627 5433
4993 5290
511 1748
229 1998
2255 4067
8834 9647
976 1278
4235 6053
4389 5653
774 1078
6571 7835
4212 5958
7018 7256
6484 7776
6427 7727
4785 5510
2621 3338
8491 9747
4349 6084
4206 5973
8542 9829
405 1710
2874 3078
699 1415
2273 4061
49 1805
6949 7193
9074 9292
7006 7264
4864 5183
8760 9479
8631 9975
2962 3283
8795 9496
4223 5947
8518 9731
2832 3162
4592 5818
6240 7978
3033 3219
4202 5921
8751 9571
2245 3976
4943 5120
733 1421
2114 3858
6891 7611
665 1480
179 2022
4273 6119
8473 9806
2856 3186
508 1702
6148 8030
825 1123
34 1913
2775 3467
6459 7782
202 1943
2421 3624
8580 9946
6907 7589
2728 3532
925 1273
8686 9866
2261 4018
2746 3538
2615 3421
4101 5998
4791 5595
4506 5879
4208 5918
8647 9911
582 1334
8721 9569
2420 3588
6253 7967
6785 7669
801 1110
4834 5530
8589 9972
4741 5628
7125 7340
5075 5294
4729 5380
4625 5484
4371 5741
6183 8024
3038 3233
6254 8174
4658 5553
6333 7998
8925 9566
4983 5362
4972 5353
2262 3923
6257 8183
6422 7825
2596 3491
490 1645
2709 3357
6420 7836
817 1208
930 1067
2455 3614
6984 7361
8736 9643
2904 3284
2714 3348
2534 3688
940 1059
2823 3222
8912 9538
2972 3086
8340 9991
3058 3169
4619 5535
6656 7572
7123 7238
4778 5439
2203 3843
361 1776
4337 5995
4955 5313
6446 7861
4272 5932
4164 6105
4536 5670
8912 9551
607 1534
4656 5529
769 1195
8823 9692
6495 7923
6773 7620
6890 7515
8887 9476
2812 3400
6339 8055
4121 6060
3061 3149
8537 9952
7043 7226
3052 3158
88 2018
6224 8172
4297 6005
642 1343
6836 7433
5079 5143
8865 9569
6197 8183
2863 3307
4203 6063
319 1786
4630 5584
6511 7848
8889 9598
2322 3803
2853 3307
2132 3994
4739 5452
6384 7968
9150 9322
2615 3555
8989 9417
2865 3301
417 1656
7075 7288
2761 3346
8705 9693
6338 7967
8465 9971
7109 7207
4189 6073
2474 3660
2724 3395
2893 3242
4127 6136
905 1134
916 1150
2756 3374
4823 5436
9135 9283
4497 5756
6995 7357
8790 9656
222 1841
392 1656
8727 9703
2532 3604
895 1166
583 1461
7120 7204
9029 9393
2155 3998
4337 5892
4168 6077
725 1315
870 1182
191 1863
2953 3185
6610 7723
4686 5557
8745 9684
9126 9307
8514 9916
5886 7932
4771 6821
980 3037
4650 6691
4355 6408
1828 3880
4682 6727
5515 7556
5654 7686
410 2442
5183 7213
871 2932
632 2667
5254 7317
894 2922
1561 3597
5119 7147
4570 6606
5575 7634
4897 6966
5433 7470
1467 3491
1232 3272
5595 7618
4663 6702
379 2402
489 2547
4989 7014
6008 8037
1635 3709
100 2170
6056 8119
5163 7179
1059 3074
5476 7494
5532 7614
5924 7943
5451 7534
1832 3854
4897 6918
4488 6575
5251 7338
880 2906
4715 6720
5021 7094
434 2463
4310 6395
4587 6596
5511 7605
5822 7814
4185 6245
5310 7423
99 2085
4987 6972
4403 6523
4713 6688
831 2934
4246 6363
4636 6738
509 2472
4196 6194
5988 7986
5665 7799
5076 7042
4135 6256
4717 6714
140 2260
5162 7286
4642 6783
1763 3774
1797 3931
5316 7323
5528 7674
5031 7108
4957 6969
235 2191
945 3029
6008 7965
1664 3814
1694 3828
675 2760
4803 6824
5640 7780
5220 7178
1930 4088
5810 7873
1140 3079
622 2589
1481 3514
1206 3269
4728 6667
5010 7142
1514 3484
1668 3839
1879 3884
4535 6601
4167 6200
664 2586
4577 6499
1098 3272
214 2133
6105 8028
808 2990
38 2208
1428 3347
5752 7935
1722 3634
186 2098
1371 3536
325 2505
160 2093
965 2903
6073 7983
5729 7927
684 2612
4291 6234
6074 7971
1723 3617
1068 3255
1139 3311
627 2799
1435 3332
4960 7104
5677 7820
6108 8061
4463 6604
306 2454
4588 6473
341 2557
4195 6348
5597 7533
595 2785
4617 6845
1393 3527
1307 3490
4557 6519
5666 7832
4906 7145
1951 3932
5645 7877
5160 7393
5832 7682
1146 3248
4699 6806
126 2225
4579 6451
69 2199
1389 3519
4465 6567
4814 6681
5250 7259
1143 3245
5406 7620
600 2691
5218 7298
4728 6810
5520 7539
1591 3795
343 2483
5101 6923
4692 6834
261 2530
5749 7826
72 2209
5304 7250
1357 3495
1812 4088
5770 7783
1564 3825
928 2894
4611 6892
1055 3312
98 2194
5843 7713
1669 3702
4315 6184
4409 6602
1883 4015
114 2181
1726 3655
6064 8010
4128 6362
1236 3112
976 2863
5811 7756
2003 3795
4688 6994
1997 3791
4222 6525
4391 6180
4639 6936
5303 7615
5302 7615
5189 7502
4526 6307
1466 3252
5104 6911
5041 6817
1756 4044
1130 3448
5912 7690
152 2443
4387 6192
5787 8077
4939 6749
864 2679
5047 6816
5071 6870
5878 8172
1285 3102
394 2193
4291 6622
218 2503
1727 4002
1508 3322
5151 7487
4797 7068
1506 3264
47 2317
5430 7188
5601 7363
1492 3319
927 2746
528 2870
1261 3531
5318 7648
5377 7206
1371 3196
878 2631
1797 3631
4105 6436
1895 3658
1524 3290
1020 2771
5100 6876
4247 6566
4278 6532
1503 3308
4760 7083
5872 8132
4281 6543
5389 7227
677 2973
1792 3640
537 2852
1366 3094
1511 3239
949 2807
5504 7364
4700 6937
5678 8043
4841 7084
4428 6154
6029 7877
599 2844
5485 7203
14 2399
4714 6974
108 2361
463 2201
870 2622
1198 3574
5515 7378
4224 6618
5235 7471
1311 3138
6057 7881
780 2669
970 2728
826 2649
5268 7664
1685 4080
543 2936
152 2545
4338 6552
5297 7642
5847 8103
4659 6977
5715 7975
4709 6929
4400 6213
5817 8129
4472 6147
5770 8181
4350 6529
4964 6885
5054 6717
1335 3252
4922 6841
367 2283
4272 6456
1825 3755
1640 4066
5371 7536
4606 6258
4148 6585
4518 6187
5130 7556
1664 3858
1053 3464
5831 8018
202 2397
5993 7921
1439 3077
5377 7324
1394 3280
272 2226
1623 4095
5227 7617
4651 7041
1788 3927
4243 6463
5211 7671
887 2755
794 2732
1861 3837
151 2350
4765 6950
938 2577
5038 6673
5901 7885
5683 8179
137 2376
4821 6934
5591 7185
4795 7036
4885 6877
6107 7699
4423 6285
1119 3477
5629 7222
1799 3786
984 2583
5528 7255
765 2861
5034 6776
4636 7115
1519 3125
1046 3529
5651 8140
5261 7506
1625 4025
2003 3635
532 3060
588 2989
42 2504
5893 7910
4432 6324
4877 6889
1555 4085
1717 3922
5792 8008
4452 6285
992 2570
886 2717
4491 6240
5884 7954
5660 8179
815 2782
5252 7543
1918 3725
5383 7412
384 2164
5071 6713
5456 7336
4274 6475
239 2324
812 2768
6052 7769
5121 7678
5104 6642
5309 7870
2007 3539
5466 8029
1142 3697
5517 8071
4670 6195
5567 8113
1977 3510
1550 3102
4201 6777
1651 3171
4790 6311
6068 7591
1137 3682
1092 3671
4937 6493
12 2585
902 2451
650 2204
6129 7656
408 2945
1764 3325
5132 7701
5371 7904
678 2234
218 2758
933 2491
4921 6439
4362 6933
788 2315
4886 6455
5956 7525
5374 7900
5131 7725
6070 7568
4316 6906
5442 8036
5879 7376
4435 7035
680 2178
5534 8117
251 2768
991 2548
4434 7038
4257 6799
2005 3557
2043 3530
47 2589
716 2296
4260 6801
792 2337
6062 7575
1695 3237
5199 7797
963 2559
830 2307
5431 7946
4516 7066
4990 6462
1749 3220
5386 8011
1761 3234
656 2259
1307 3935
401 3031
603 2076
141 2762
380 2869
5830 7311
1578 3168
1127 3629
5102 6562
4376 6997
4406 7033
4485 7125
5172 7782
913 2501
920 2510
2035 3492
4567 7040
1404 3883
369 2857
4574 7046
5326 7831
860 2310
707 2200
5561 8165
1418 4054
5350 7867
1000 2487
5705 7208
5963 7464
518 2146
1107 3638
4879 6504
1357 3876
1456 4058
568 2131
240 2717
1938 3554
110 2590
5136 7778
5454 7996
962 2481
5091 6549
5857 7318
6063 7639
577 2107
6138 7552
281 2915
6 2683
977 2479
1843 3507
4926 6588
1580 3247
5484 8168
1373 4056
6118 7520
5841 7254
5991 7663
1351 4045
5364 7807
23 2714
13 2688
454 2891
1928 3334
5658 7317
5797 7220
804 2480
4988 6633
5754 7407
1538 3223
346 3010
526 2199
1049 3712
4474 7136
5339 7745
5330 7753
1062 3773
4519 6970
1556 3209
1111 3785
4783 6159
1271 3670
799 2491
6083 7524
291 2955
1434 3888
5671 7307
5890 7599
1608 3302
4332 6722
276 3003
5925 7573
5332 7780
767 2125
87 2788
1679 3132
4462 7126
1445 3869
5673 7313
402 2859
4684 6391
5985 7644
1630 3296
376 3000
5647 7371
5347 7719
4624 6358
5549 8042
105 2734
5914 7634
6069 7548
1558 3291
1966 3425
320 2959
1480 3864
363 3003
1527 3879
1696 3185
4685 6303
4206 6840
5435 8173
5476 8115
288 3065
566 2287
5110 6447
1559 3277
371 2985
5418 8177
591 2196
2038 3370
4555 6935
4403 7151
985 2311
1022 2333
4204 6792
242 2583
1240 3645
702 2137
5098 6402
27 2802
4788 6238
5812 7262
5395 8185
1098 3744
4629 6398
4752 6267
4153 6869
1709 3136
4812 6177
5197 7842
4145 6850
1898 3481
4228 6770
4333 6683
5438 8137
5116 6404
5450 8112
4433 7085
901 2427
5145 7910
1594 3269
4734 6527
866 2150
11 2828
5027 6314
4163 6985
5682 7481
4471 6780
5857 7661
4469 6779
5461 7749
871 2166
772 2070
104 2939
607 2379
1045 3840
1452 3769
338 2628
5519 7832
5133 7956
806 2108
4666 6438
4836 6649
5866 7669
5365 8149
155 3000
1948 3256
730 2559
4453 6723
4597 6867
1437 3770
4369 6713
756 2524
1078 3870
5191 8046
5846 7679
476 2805
1459 3738
1378 3662
4440 6772
5569 7916
4892 6188
4406 6662
4214 6979
4717 6488
1484 3835
422 2716
6032 7376
1927 3271
1934 3279
1019 2234
1216 3969
4121 7003
1148 3902
5234 7991
606 2329
4811 6540
5579 7811
5256 8129
5366 8127
26 2896
5009 6363
5932 7271
521 2373
5386 7751
1494 3736
838 2057
4812 6559
1648 3364
5475 7734
253 2984
6012 7210
4633 6478
6040 7362
1382 3645
1019 2215
1658 3366
4631 6518
6092 7341
223 3005
1172 4086
332 2607
5702 7458
937 2252
414 2808
2019 3211
5514 7911
5164 8002
1652 3354
475 2740
4458 6661
5133 8062
1377 3602
4271 7130
4509 6891
491 2716
4754 6634
4894 6244
5022 6370
5282 8157
917 2068
779 2186
839 2246
2004 3152
4753 6421
441 2622
5869 7530
1762 3429
647 2319
1011 2169
399 2563
4787 6462
472 2636
5586 7751
899 2069
4681 6623
5177 8110
4623 6551
493 2678
6113 7290
1399 3816
5735 7672
5920 7359
1410 3613
1027 3996
5701 7652
4744 6442
1379 3781
1923 3108
4375 6832
5253 7970
5955 7401
5293 7942
634 2513
5646 7586
1485 3680
164 2825
5429 7815
5610 7768
1058 3990
4853 6464
780 2233
4548 6780
4572 6757
1162 3891
4533 6671
5739 7633
4120 7074
305 2698
1356 3831
675 2334
548 2532
4420 6788
706 2304
1339 3832
1726 3451
203 2830
5190 8067
1510 3616
5305 8062
4502 6748
5399 7900
4513 6764
4381 6860
5945 7403
370 2720
907 2143
626 2468
1216 3862
4952 6272
4910 6388
5268 8014
244 2856
5755 7591
1235 3855
1463 3691
1107 3982
303 2800
217 2873
4530 6738
5784 7546
569 2522
5838 7467
954 2143
845 2213
4763 6515
254 2836
4840 6403
5839 7460
28 3063
1327 3779
4875 6373
6010 7316
57 3017
5061 6196
5649 7648
4408 6857
1672 3450
4487 6772
1138 3974
5316 7984
1031 4080
4724 6531
4459 6802
4612 6653
5996 7318
29 3040
6112 7197
295 3367
6087 7111
1483 2506
4358 7428
1896 2923
1802 2831
236 3300
111 3174
5040 8121
162 3243
4575 7635
4711 7786
1187 2222
1274 2282
956 4012
669 3724
930 4016
4607 7659
5437 6441
82 3142
630 3695
2027 3057
327 3420
5676 6704
5118 8161
439 3496
602 3704
1738 2798
5117 8155
545 3590
1833 2817
5431 6430
4813 7908
576 3690
1917 2903
1473 2538
1270 2267
250 3284
4525 7581
4914 7939
5627 6601
1949 2990
4678 7797
4402 7431
237 3291
1114 2157
4819 7914
4149 7183
4266 7313
515 3647
4647 7704
16 3119
6043 7129
5968 6930
1653 2608
1312 2407
5214 6169
1175 2256
382 3385
5435 6514
1698 2795
4280 7414
5124 6219
1449 2552
447 3565
4822 7809
571 3682
854 3855
1211 2273
1021 4006
4114 7246
1939 3023
5145 6212
653 3821
1910 2839
4624 7793
695 3797
1490 2486
4911 8009
5619 6548
1991 2991
1951 3063
170 3267
5783 6908
1543 2668
6110 7091
5799 6858
4683 7717
4971 7940
5066 8122
6077 7117
4100 7285
5759 6670
4745 7928
998 3986
5712 6693
703 3786
994 3988
4886 8033
1949 3050
91 3107
323 3387
358 3359
5299 6351
1812 2921
1475 2493
79 3120
6019 7164
5596 6563
382 3329
291 3490
1040 2194
4757 7703
5496 6652
300 3499
5082 8018
641 3592
5452 6597
1710 2597
5641 6790
5504 6416
1205 2084
1013 3937
10 3228
4964 8178
5876 6755
5368 6255
5825 6746
4584 7540
4209 7404
554 3721
1900 3023
5940 7063
4532 7443
5836 6763
107 3267
4123 7344
6036 6968
624 3804
4924 8082
1849 2966
1363 2531
5063 8054
5591 6500
5949 7054
1449 2333
1993 2941
5691 6798
431 3354
5335 6241
5069 8059
322 3573
5747 6859
5819 6659
1955 2841
5745 6858
309 3465
536 3748
1179 2137
4511 7517
4414 7677
480 3364
1324 2537
1773 2603
4224 7239
4779 7779
5648 6873
1089 2184
465 3355
166 3180
186 3184
4982 8125
1118 2197
5533 6481
1914 2987
5623 6437
4258 7280
4569 7435
852 3975
5480 6587
5936 7140
5 3281
5303 6242
824 4064
5245 6309
1146 2211
1749 2574
5582 6421
373 3496
1609 2708
5427 6637
5761 6751
5315 6177
344 3514
5742 6796
5909 7158
5217 6276
5576 6446
1388 2443
4713 7809
46 3270
80 3257
4305 7227
4131 7375
1229 2082
1815 3045
1760 2579
1536 2806
4563 7461
4856 7695
5738 6813
1982 2884
1237 2094
4359 7676
1777 2573
1469 2369
5345 6175
5814 6728
1189 2469
1467 2235
5396 6164
238 3564
4547 7367
839 3651
293 3104
1853 2619
660 3987
1073 2358
1616 2908
1856 2637
1533 2290
5830 7113
4687 8031
5680 6945
4644 7990
4708 8055
4322 7665
123 3439
4932 7772
2040 2786
5181 6433
1436 2176
4851 8175
1691 2949
4561 7374
4607 7390
5199 6509
4373 7223
722 4081
4308 7666
4868 7715
4774 8078
404 3261
5483 6209
4814 8164
1032 2341
5982 6771
2019 2766
4874 7719
1359 2145
5732 6996
1232 2528
1104 2401
5621 6342
4996 7857
5766 7089
4349 7621
5331 6634
5972 6767
535 3883
5330 6638
5020 7841
922 3751
4932 7802
5617 6351
757 4021
630 3895
4794 8184
4110 7498
510 3258
1108 2320
4144 7541
5028 7906
5154 6501
5981 6676
1572 2925
5812 7167
857 3605
1611 2822
4306 7583
4528 7423
287 3150
5875 7073
5373 6574
926 3787
6039 6861
203 3476
1223 2471
5547 6346
354 3072
5805 7118
4295 7588
982 3762
411 3326
5614 6280
4124 7547
1455 2247
1701 3022
5429 6232
4119 7545
1724 3020
5499 6155
4776 8153
330 3131
1839 2654
4219 7433
1539 2928
4992 7924
1552 2918
1313 2135
352 3094
1073 2374
197 3516
4404 7246
1292 2160
4969 7701
5169 6476
5588 6314
4987 7930
1408 2051
154 3353
1573 2977
1980 2617
1661 3061
5795 6955
1380 2285
5207 6621
1607 3021
778 3712
4732 8182
5537 6190
5162 6586
4543 7215
5581 6238
1777 2917
1368 2252
4838 8051
1253 2416
4869 7824
4933 7891
10 3485
139 3345
527 3989
1653 3054
1151 2531
4215 7658
4261 7482
4441 7417
121 3545
591 4079
4260 7429
339 3314
4282 7449
4755 7991
1276 2393
5427 6293
5979 6908
4587 7235
4507 7219
4660 8093
1592 2961
5626 6224
413 3126
5522 6207
1419 2085
1204 2330
4928 7920
1983 2574
4999 7732
5662 7085
4934 7925
1855 2698
5737 7135
5100 7770
745 3935
1986 2677
862 3815
5542 6175
4175 7670
315 3201
1333 2185
962 3710
4129 7581
5193 6646
4790 7945
1973 2679
4969 7853
5680 7160
4643 8171
4198 7597
983 3611
5692 7153
179 3426
1919 2733
165 3447
109 3518
4564 7175
1153 2389
1756 2824
1529 2081
1003 3639
182 3434
355 3263
999 3642
4590 7216
319 3293
6101 6710
5765 7014
1475 2080
6140 6680
1219 2342
1711 2887
5657 7153
150 3454
573 4049
1647 2947
1493 2104
5939 6876
1522 2059
1612 2997
1195 2386
499 3081
5916 6887
1907 2701
1527 2056
5312 6848
311 3894
5366 6903
154 3737
5205 6742
864 3428
4148 7731
4100 7683
5218 6762
1091 2635
1748 2269
423 4009
1614 2113
665 3208
902 3479
6045 6543
610 3184
4437 8006
795 3342
1239 2752
1611 2130
1018 3555
4842 7408
5813 6313
5512 7061
1011 3538
6046 6588
4774 7301
1729 2279
4489 8097
1842 2331
743 3278
2006 2556
4779 7296
769 3373
6016 6573
379 3926
5827 6381
4301 7906
283 3881
1692 2222
4764 7342
1063 2578
1127 2642
5493 6979
978 3562
705 3323
4146 7689
5972 6504
4668 7169
5620 7115
1395 2892
4807 7416
627 3123
4289 7811
1082 2687
4548 8066
77 3589
5632 6218
4687 7173
5463 6940
4743 7370
903 3543
307 3938
1156 2774
5489 6947
191 3818
264 3934
1255 2736
4572 8070
744 3251
724 3215
478 3970
1819 2375
4912 7533
5707 6166
5308 6881
5047 7657
1880 2311
5644 6253
787 3441
1583 2124
1099 2607
1557 2173
5706 6179
30 3700
5734 6156
1199 2757
1476 2991
5870 6277
314 3924
4361 8038
4368 8063
5249 6894
6018 6643
1272 2699
5434 6985
534 3170
971 3519
1704 2269
1491 2980
1596 2123
4868 7548
6129 6536
83 3626
327 3901
6127 6549
5638 6268
726 3242
5348 6808
1345 2877
2045 2432
1706 2091
5414 7076
712 3147
4712 7403
6031 6411
5597 7003
5567 6968
4735 7415
408 3856
5815 6206
5233 6904
612 3310
1787 2161
4127 7827
5682 6334
5215 6861
4343 7781
6133 6497
271 3994
1577 2239
4769 7224
900 3352
139 3605
4591 8048
1697 2050
770 3489
5618 6999
1992 2414
5370 6739
4731 7378
1906 2520
4222 7893
1332 2975
4549 8053
4109 7868
1176 2602
4541 7951
1211 2569
1877 2529
4603 8013
907 3389
918 3361
4531 7947
5684 6286
609 3295
1444 2842
445 3842
848 3567
6037 6485
859 3480
4511 8026
835 3462
5802 6252
5726 6296
5421 7146
5984 6570
4661 7422
1438 2898
1061 2792
4759 7256
201 3609
5990 6582
4737 7251
6057 6525
4363 8158
4464 8102
5868 6197
1313 3067
507 3878
1497 2820
6030 6480
4507 8005
5466 7045
5688 6375
1742 2095
5891 6626
1773 2060
749 3087
5329 6708
4718 7305
5695 6360
5979 6578
343 4030
736 3084
4719 7297
1069 2754
997 3345
4142 7898
5929 6620
224 3606
4557 7995
633 3215
5605 6940
1670 2175
1417 2931
4208 7818
721 3114
4468 8074
49 3790
1314 2593
4312 8156
1406 2680
925 3226
5593 6864
70 3917
1680 2460
4874 7175
1129 2937
5594 6856
4117 7936
5907 6150
5986 6260
6078 6308
4756 7567
1350 2653
4130 7993
5581 6865
5651 6450
1425 2738
1803 2088
692 3472
5910 6195
96 3909
1026 2852
17 3895
1012 3283
510 3798
4371 7739
4483 7850
5223 6989
4701 7542
1224 3044
2010 2295
4522 7815
4704 7501
1657 2391
4156 7955
5590 6884
1484 2814
4589 7896
5962 6271
1708 2459
117 3906
776 3120
335 3701
491 3792
6123 6352
1227 3062
5953 6270
4679 7544
213 3989
185 4089
5898 6218
4553 7816
5613 6828
1639 2338
668 3545
445 3835
1781 2482
6075 6396
1318 2670
4176 7960
4859 7603
6048 6376
1426 2776
1966 2276
1638 2346
5225 6950
467 3715
5819 6635
59 3946
4230 8148
1598 2411
5516 6874
5910 6223
257 3672
919 3278
4871 7261
4577 7866
5130 6998
4361 7784
357 3588
1046 2932
317 3672
37 3907
1570 2372
5992 6159
844 3110
1083 2897
1249 2957
5088 7310
5126 7017
5661 6511
1862 2100
5947 6222
1190 3025
5421 6741
5568 6843
1178 3047
5608 6805
4856 7558
6004 6155
496 3696
1092 3012
688 3381
4176 8151
108 4070
4888 7314
1057 2986
619 3559
4613 7561
774 3208
209 3905
1566 2444
5356 7039
4253 7946
4657 7593
4923 7331
4843 7538
1336 2721
606 3524
1335 2733
403 3592
1759 2371
412 3584
5983 6337
5146 7045
4318 8001
1772 2419
1292 2732
643 3363
1993 2152
198 3943
5961 6376
1931 2089
280 3772
6102 6259
4978 7383
4150 8081
4143 8071
4415 7831
787 3259
743 3407
313 3731
1397 2778
2022 2133
1053 2982
6124 6231
4188 8167
174 3859
392 3639
5128 7113
5378 6852
1304 2783
1512 2592
939 3170
1708 2407
4103 8138
1448 2662
4340 7994
5432 6902
5859 6444
1241 2827
1495 2564
5807 6522
249 3886
1336 2799
4346 7981
4540 7783
1580 2544
1567 2498
835 3229
5876 6443
6132 6187
901 3173
4648 7617
4236 8037
887 3230
298 3782
315 3799
484 3593
5203 7102
4254 8048
734 3377
5986 6290
815 3292
5902 6397
1638 2453
5051 7247
5077 7201
5693 6603
726 3361
195 3898
4988 7303
5600 6684
328 3764
1446 2650
6048 6239
3241 7337
212 4309
2039 6133
2613 6711
2017 6115
3406 7501
3150 7242
4091 8189
3723 7808
2890 6983
2408 6501
788 4890
2703 6812
3872 7987
167 4274
2580 6657
3099 7181
2244 6354
4081 8166
2305 6424
1001 5107
550 4669
544 4667
662 4746
2851 6975
843 4949
762 4836
2869 6954
904 5033
3445 7511
3544 7677
818 4887
350 4475
3633 7710
1084 5134
3152 7268
2997 7041
2488 6540
2893 7032
2415 6490
2073 6190
1509 5599
635 4679
127 4163
3807 7907
433 4492
2174 6211
513 4670
794 4957
2329 6494
269 4421
1344 5387
1383 5419
3260 7411
3787 7812
1327 5503
2508 6557
2078 6220
3516 7663
1972 6119
2978 7158
2632 6684
3282 7302
1302 5440
1460 5603
200 4241
3340 7510
2744 6883
371 4399
3551 7555
3031 7049
1589 5739
3013 7077
1859 5921
2571 6761
3718 7909
777 4973
1718 5842
55 4191
786 4986
3995 8176
2134 6200
2595 6739
3335 7541
278 4451
2770 6820
3322 7309
1691 5859
3692 7702
3418 7457
1481 5449
2321 6545
3473 7440
522 4747
890 5115
1684 5654
2364 6590
2895 7117
3240 7214
1041 5271
3775 7736
3621 7853
2601 6818
2535 6508
3743 7698
2751 6705
2849 7086
730 4682
1522 5474
2901 7108
718 4701
3153 7362
987 4936
1589 5793
1143 5346
4031 7977
3900 8106
558 4793
1905 6121
3203 7199
415 4354
3396 7641
2412 6641
2283 6261
3399 7640
3726 7697
872 5064
2297 6233
3770 7706
732 4733
3686 7879
541 4798
2731 6671
1106 5365
956 4891
818 5019
1032 5283
701 4625
1995 5990
1050 5301
1338 5514
1612 5884
1621 5861
3663 7935
3860 8101
2692 6704
3912 8190
2472 6431
1297 5542
2398 6633
142 4150
2866 7048
1865 6130
4051 8044
1147 5307
2284 6189
2921 7080
1518 5420
132 4162
2601 6880
1038 5319
3050 6944
2722 6766
1989 5899
1401 5544
4055 7940
143 4188
1582 5882
616 4796
2442 6495
2140 6281
929 4983
789 5058
3444 7596
3337 7632
3752 7794
1571 5880
810 5110
1443 5502
18 4303
1132 5298
3675 7813
640 4703
1299 5619
500 4372
455 4390
750 4623
1003 4878
2112 6310
638 4758
2816 7144
550 4815
2323 6650
1718 5727
3754 7744
1347 5545
720 4667
2757 6697
2910 7091
2974 7025
559 4831
3890 8128
1332 5568
130 4213
3730 7786
1244 5156
12 4342
4087 7949
1347 5560
3497 7509
2498 6460
3101 7395
57 4294
936 4951
1873 5712
2391 6230
2464 6307
3131 7486
420 4264
509 4339
503 4344
1632 5999
2242 6611
3975 7829
2445 6296
505 4335
155 4493
4014 7862
2536 6385
2624 7005
3783 8153
2294 6632
2743 7081
1814 5686
3087 7467
1963 5775
1750 6131
3536 7413
1287 5152
3188 7516
3846 7726
1148 5460
1356 5220
966 4847
2202 6576
3822 8130
2888 6757
686 4992
663 5048
1956 5771
2790 7127
169 4504
969 4858
4074 7897
124 4425
3510 7310
994 4826
543 4901
3893 7688
1808 5678
3701 8011
1220 5508
740 5028
1142 5428
3412 7184
3940 7714
164 4578
1442 5349
2784 7079
2683 6960
1974 5882
1519 5283
2357 6265
943 4835
2001 5788
2633 6919
1735 6025
1261 5538
1133 5437
1468 5357
791 4677
1374 5132
3498 7416
1331 5216
2613 7009
2179 6614
1572 6001
3078 7504
4040 7825
2135 6412
3583 7330
1355 5142
1206 5611
2885 6683
733 5053
2787 7043
1147 5402
1943 5877
1077 5462
751 5003
2928 6677
2777 7103
1341 5210
2198 6654
621 4869
2526 6327
709 5039
1784 6035
2541 6278
3372 7232
3455 7186
1789 6035
3419 7220
1679 6112
3048 6809
129 4595
2390 6181
3745 8146
2741 7104
3139 7483
1615 5942
2908 6695
2539 6288
706 5055
1954 5664
3275 7497
1157 5382
1087 5564
486 4194
1144 5628
3540 7249
3908 7885
3183 7653
847 4805
1822 5781
2388 6367
66 4558
262 4234
3560 7268
1900 5856
523 4998
3453 7405
2674 7138
4036 7764
2210 6448
2289 6499
673 4915
1826 5808
2210 6454
584 5084
811 4799
2335 6282
267 4253
2162 6628
3027 6730
2734 6964
211 4429
3460 7195
2886 6886
251 4445
3595 8109
3819 8012
2707 6971
398 4135
3287 7549
2379 6368
101 4553
1831 5769
2229 6405
243 4419
1824 5777
716 4991
162 4375
2801 6982
1466 5123
2047 5702
362 4311
1023 4674
106 4565
2998 6665
552 5097
1915 5817
828 4862
3138 7559
3728 8023
1957 5741
1495 5150
3923 7833
2256 6427
2293 6457
643 4942
40 4583
2833 6878
284 4296
1989 5649
2803 6953
15 4560
1907 5804
3918 7855
1498 5176
1238 5428
2616 7135
861 4794
3843 7914
1028 5614
3808 7947
2315 6375
2449 6270
2009 5686
2565 7157
2132 6565
2877 6862
134 4478
3587 8187
2898 6825
1913 5764
3464 7286
460 4146
505 4102
3554 8162
1671 5255
3992 7577
1130 5737
1310 5915
3194 7805
2151 6752
115 4724
3386 7997
1079 5694
2281 6882
2357 6974
3398 8022
1308 5896
3327 7913
988 4555
2456 7055
1598 5159
3973 7580
2507 7122
2942 6500
2410 7031
2043 5606
2775 6345
195 4828
2484 7083
3194 7771
2165 6743
2248 6893
1750 5360
2576 6199
679 4239
3782 7405
2825 6434
2092 6663
2667 6215
821 4378
2242 6898
3457 8112
2435 7089
3833 7372
2889 6513
2328 6945
1836 5397
1479 6141
3850 7478
830 4355
4063 7650
1301 5931
2735 6289
3002 6533
826 4472
3304 7851
2182 6853
1888 5412
2585 6237
60 4729
115 4662
2437 7107
1959 5601
1187 5867
1321 5985
1255 5805
483 5032
1584 5243
2409 6948
1202 5856
2282 6846
3410 7941
2446 7126
661 4300
3478 8141
3169 7738
619 4151
1619 5135
3917 7441
84 4617
2145 6719
1318 6009
2813 6306
3482 8133
492 5043
1374 5950
2102 6742
3407 7982
1464 6106
3195 7704
3449 7962
1699 5317
2460 7163
1779 5275
2872 6482
1560 5224
2055 6775
3820 7320
2860 6488
1568 5205
426 5084
3589 7283
1500 6059
390 5105
933 4573
2567 6267
2619 6215
1201 5837
2057 6792
3718 7170
2738 6203
3047 6510
3995 7442
3591 7308
1174 5659
540 4242
2161 6880
1398 6117
2291 6752
778 4509
4033 7510
254 4710
3615 7302
2101 6830
1204 5672
127 4835
1730 5215
2756 6235
89 4857
635 4314
4070 7493
4072 7502
2020 5443
350 5113
3416 8180
451 4974
2221 6656
2612 6297
3177 7878
3209 7718
466 4961
1960 5404
3052 6491
1407 6088
863 4583
2065 6826
3173 7897
1681 5166
2250 6773
1250 5725
2623 6399
3254 7798
2214 6759
3608 7385
3677 7324
1646 5292
360 5035
807 4579
1981 5497
4062 7451
3246 7787
1717 5234
3183 7848
3722 7245
978 4376
133 4686
1957 5480
2111 6895
958 4461
2917 6577
482 4919
3520 7958
1811 5572
2392 7055
3957 7597
2805 6189
2336 7161
199 4634
1247 5633
3318 7720
1905 5551
3250 7760
1400 6045
1360 6069
2326 7152
1026 5867
1674 5216
1163 5729
4014 7492
1587 5336
3468 8039
2502 6955
3816 7192
3136 7856
1930 5498
2264 6698
1193 5727
3377 8134
3371 8146
689 4170
681 4181
166 4698
1508 5913
1634 5276
1379 6044
1639 5478
2304 6658
790 4116
2660 6503
2015 5337
2934 6271
3857 7195
3298 8169
1270 6137
1541 5397
2781 6605
42 4923
3669 7495
2342 6707
3202 8084
1358 5720
958 4265
1280 5657
1931 5265
180 5032
1346 5726
1459 5806
336 4721
3704 7513
1316 5637
1136 5971
3393 7778
3594 7465
674 4484
336 4727
3518 7830
3708 7508
1683 5563
3056 6361
58 4883
2875 6161
588 4454
3298 8142
245 5083
2114 7026
25 4906
637 4424
1805 5179
1860 5244
1401 5696
2979 6298
1532 5831
2002 5358
3810 7645
908 4301
1852 5246
525 4431
2956 6350
811 4207
2891 6158
3699 7477
2753 6534
3225 8144
230 5039
3470 7879
542 4436
489 4770
843 4096
1052 5970
1113 5897
2946 6353
497 4770
972 4249
1857 5140
406 4803
2704 6598
2081 7033
1770 5554
226 5051
438 4845
3668 7435
1654 5394
3153 7988
796 4217
3317 8083
3677 7483
1048 6015
2170 6941
124 4891
1002 4227
3117 8004
1746 5566
1414 5864
1101 5923
1595 5461
2295 7047
1029 6005
3321 8072
3313 8066
2458 6889
3871 7276
496 4740
2780 6569
1536 5494
1747 5541
3255 8128
1912 5121
2162 6923
3144 7985
2054 7039
3180 7958
622 4370
2599 6489
286 4705
2363 6724
1314 5794
1300 5780
1532 5757
1886 5338
265 4748
2873 6332
2191 6920
3402 7874
529 4505
594 4571
1525 5756
1699 5418
998 4205
320 4811
2812 6513
868 4330
1940 5147
3902 7345
1344 5842
3213 7961
2041 5229
4061 7240
1547 5523
289 4796
1733 5464
714 4439
697 4391
1005 4210
92 5059
3466 7722
2367 6814
2147 7105
581 4582
2970 6201
1975 5137
1624 5631
946 4122
755 4446
511 4690
2358 6811
3971 7213
3972 7211
425 4632
1999 5245
17 5026
4057 7265
2168 7109
2099 7155
2398 6813
1818 5342
613 4512
2519 6674
2130 7060
1284 5826
959 4216
618 4514
1561 5584
1394 5816
2451 6745
3881 7394
1889 5293
1422 5698
1128 6052
1663 5555
3761 7549
2644 6553
2213 7019
80 5023
2985 6246
117 5029
2455 6724
3436 7864
376 4781
2605 6645
1320 5872
437 4716
2894 6291
3806 7424
846 4241
48 5072
32 5056
2548 6678
1636 5511
1259 5896
3943 7300
3212 8040
798 4345
3867 7420
2846 6390
681 4416
1719 5469
53 5083
3218 8060
3954 7325
851 4284
2268 6957
3028 6182
9 5114
3937 7314
679 4447
200 4916
2673 6541
2288 6925
68 5049
3940 7322
3482 6554
1891 4962
1199 4269
3916 6990
3268 6343
4058 7129
3942 7013
2988 8104
76 5192
2425 7551
2661 7789
3207 6287
140 5248
1167 4225
602 5717
3350 6404
1798 4882
3154 6214
2138 7244
683 5821
1381 4466
1908 4972
2166 7272
2453 7563
435 5548
1085 4130
3268 6372
99 5186
2325 7478
1911 4946
1570 4615
1105 4217
700 5782
3018 8160
923 6064
2938 8017
2301 7377
3232 6287
2224 7327
3 5170
2046 5069
265 5434
3428 6480
1622 4704
1751 4844
3204 6335
608 5723
1897 4950
2930 8013
3083 6219
698 5880
3599 6732
3709 6715
4032 7047
3251 6388
2739 7931
1114 4115
318 5493
2153 7205
1635 4653
1693 4815
2436 7638
3154 6144
1649 4645
3512 6636
102 5170
2651 7694
2816 8021
711 5776
3472 6600
2630 7711
3727 6868
1014 6061
935 6139
1766 4795
2499 7582
2623 7777
3991 7156
1267 4240
1863 4900
3177 6154
1908 4881
4047 7082
1264 4246
1124 4099
160 5320
3431 6412
1302 4477
717 5793
3705 6676
2181 7400
2119 7210
1837 4931
963 6060
584 5689
3789 6844
2654 7727
2099 7233
2369 7477
2871 8002
3608 6765
3139 6198
63 5194
1758 4776
1821 4970
84 5166
2837 8047
1765 4767
1509 4510
122 5126
285 5472
3433 6423
1020 6013
899 5889
3133 6334
3876 7072
3088 6295
2345 7585
1305 4496
3443 6649
1575 4781
891 6128
3247 6179
3667 6879
1088 4302
3880 7079
755 5735
305 5540
67 5333
2418 7653
3493 6450
2584 7823
261 5532
2587 7810
3877 7102
1491 4431
1289 4500
2731 7732
1904 5103
2519 7543
1845 5012
360 5578
1609 4843
1568 4739
881 6100
1801 5024
2681 7888
631 5853
209 5243
38 5259
3948 7132
3572 6468
1276 4173
4001 6928
3409 6627
1432 4394
561 5762
2995 7942
3276 6262
1287 4541
3439 6613
3075 6328
710 5754
2629 7929
2052 7353
2332 7586
2511 7536
3886 7151
2943 8125
1094 4229
1504 4387
1243 4126
947 6006
2656 7845
3797 6675
3934 7064
4064 6953
580 5774
3299 6185
2370 7560
1337 4595
390 5453
804 6122
739 5677
2927 8097
341 5531
2312 7623
73 5273
4017 7009
228 5174
3327 6186
2175 7338
516 5843
3991 6976
373 5538
301 5623
805 6142
3568 6443
3566 6453
64 5278
2071 7368
174 5196
875 6024
1620 4786
4068 6915
1766 4622
2518 7485
3563 6406
849 6076
353 5516
2156 7299
326 5558
158 5231
3111 6358
292 5589
3517 6479
352 5524
3537 6436
1115 4269
471 5408
662 5743
2063 7412
3768 6723
1038 4341
1742 4657
3810 6685
853 5716
1823 4637
331 5193
3695 7020
3970 6790
159 5531
2422 7283
461 5317
2749 8117
2649 8016
1384 4193
1248 4586
368 5242
2106 7473
3720 7046
3652 6987
2441 7321
267 5147
1193 4537
2929 7776
35 5425
1592 4907
596 5959
589 5977
3032 7884
546 5943
2231 7585
73 5470
2421 7266
1869 4693
364 5236
304 5161
2770 8136
1666 5016
833 5722
441 5284
3941 6725
906 5800
2663 8000
3579 6355
738 6091
1293 4132
2165 7518
1390 4161
1291 4155
3827 7105
236 5599
1299 4133
1937 4775
650 6076
3897 6670
1179 4512
1451 4240
3485 6365
1565 4956
3889 6771
2446 7372
1665 5060
3751 7150
2334 7248
1101 4380
3499 6393
2730 8185
4052 6784
1080 4460
1329 4196
1703 5106
1070 4475
1391 4152
4028 6884
964 5791
2710 8139
1780 5034
1762 5052
3347 6221
313 5222
1303 4168
2740 8149
1018 5784
564 5975
2238 7643
2490 7388
587 5920
867 5646
3076 6506
2320 7294
483 5260
1685 5095
2230 7619
668 6121
3001 7886
660 6115
2089 7507
1860 4804
246 5495
516 6022
3707 7160
565 6070
2793 8045
1618 5078
715 5967
1227 4429
2508 7243
404 5139
2474 7202
3486 6166
2278 7535
574 6067
2939 7926
1397 4344
598 6104
2729 7974
3836 7020
3504 6178
3021 7775
1392 4323
3921 6853
2121 7645
1934 4632
2075 7565
2232 7471
29 5509
528 6024
2124 7636
2031 4727
2118 7647
474 5185
1870 4817
1719 4904
2822 7847
2462 7228
1161 4395
196 5473
1732 4962
1872 4855
3211 6444
676 5901
71 5612
3230 6453
383 5332
2013 4723
1404 4307
2505 7291
2245 7542
1249 4437
3644 7044
3164 6629
1947 4642
2018 4699
3408 6378
1990 4614
266 5322
1731 4866
3414 6292
3527 6149
3931 6809
545 6114
3952 6835
3259 6520
2035 4661
206 5384
3371 6371
1063 4590
4019 6778
3664 7065
2742 8060
1969 4730
2103 7675
2042 4662
386 5198
1370 4232
444 5230
1197 4478
2909 7817
2313 7391
1619 4997
2117 7571
1360 4231
3802 6914
812 5877
2277 7480
2136 7558
3271 6425
2514 7218
1520 4113
1260 4365
893 5790
3564 6152
1297 4340
943 5704
4028 6740
3960 6801
1060 4558
3671 7101
2544 7198
253 5395
924 5747
1155 4467
3544 6184
3450 6283
3648 7092
1955 4694
691 5957
3854 6905
2164 7566
2690 8057
1838 4818
2648 8101
2871 7881
2670 7278
3367 6951
2808 7417
1675 4234
2598 7202
3653 6209
3656 6222
198 5825
2571 7171
3181 6756
2988 7590
3569 7162
3919 6467
2599 7211
2115 7758
3990 6534
546 5171
2300 7918
1755 4297
579 5201
2833 7426
4042 6622
94 5706
2430 8041
1365 4930
1690 4237
1968 4523
2258 7886
2887 7514
1903 4466
459 6101
827 5412
525 5138
1281 4894
872 5448
1056 4608
3698 6226
3622 6146
1317 4873
940 5505
1039 4641
2039 4550
1149 4683
4086 6607
752 5323
3243 6807
3758 6291
54 5640
2420 7989
2255 7822
981 5527
458 6031
2840 7517
763 5310
1965 4586
2720 7400
3740 6356
39 5743
1688 4304
1830 4458
2189 7872
2809 7348
28 5714
1246 4750
138 5850
3823 6335
2880 7440
3502 7165
2093 7806
2158 7741
2136 7692
3238 6896
3796 6274
2395 7939
1922 4570
3107 6778
2588 7237
1196 4848
2772 7306
3204 6875
3130 6746
2594 7232
395 6120
753 5266
3985 6645
2228 7890
3237 6851
4062 6584
3189 6675
1857 4394
3040 7566
1304 4968
3882 6491
2450 8163
2989 7644
685 5340
3035 7592
3200 6901
2526 8107
616 5151
1660 4107
946 5573
477 6058
2429 7943
2030 4501
2882 7487
2319 8050
3166 6691
100 5860
937 5417
3509 6967
2330 8095
2629 7360
1569 4267
1593 4276
299 6054
3766 6201
3333 7061
1987 4435
1707 4152
3949 6648
2261 7744
2706 7173
388 5907
1239 4684
74 5846
1308 4994
1523 4973
1324 5043
3193 6875
3636 6300
2980 7437
1599 4245
2235 7697
834 5608
3336 7076
2263 7801
1715 4125
2844 7598
3494 6933
3221 6689
2257 7781
2414 8152
486 5969
2745 7182
555 5267
1310 5029
3341 7088
2940 7618
1317 5019
517 5306
1725 4220
1924 4422
1208 4731
1116 4767
3273 6669
1569 4325
1120 4772
86 5779
2025 4398
1218 4618
3867 6611
1840 4600
2482 8059
8 5826
2335 8147
3449 7092
1288 5061
3711 6320
250 5674
2907 7563
738 5171
2843 7625
3244 6783
33 5874
2004 4359
3423 7051
541 5320
1654 4257
2163 7844
1695 4167
296 6128
1573 4348
121 5792
2580 7373
1809 4554
2058 7894
1588 4331
1610 4245
783 5615
111 5774
814 5580
2259 7729
2271 7740
3980 6507
2190 7785
3719 6255
2994 7515
1490 4921
24 5875
649 5241
3295 6701
1879 4517
2087 7892
3205 6774
3253 6721
3747 6229
2581 7395
4052 6435
886 5505
3487 7013
2561 7418
1180 4711
2626 7353
2401 8093
3768 6213
1468 4929
2167 7818
1373 5027
2697 7561
3123 6963
184 6072
1988 4293
4059 6362
421 5799
219 6108
244 6140
1256 5089
3484 6802
1268 5115
1745 4546
4008 6332
954 5295
2643 7493
3286 7119
2097 7979
4008 6325
314 5668
2700 7570
365 5746
4047 6383
1600 4449
1222 5092
3741 6591
1186 4993
2933 7248
2763 7661
3105 6919
2433 7846
2497 7915
4031 6292
3175 6986
3445 6744
3372 6658
4076 6364
714 5626
3649 6515
644 5552
694 5507
132 6065
3135 6921
439 5761
1443 4756
1962 4242
1614 4468
3349 6703
1786 4545
628 5455
173 6033
3086 6962
2339 7709
1600 4479
1245 5021
430 5868
827 5240
1418 4809
1016 5308
2516 7824
2286 8107
727 5534
3632 6526
2845 7251
2128 7966
183 6136
2292 8100
4091 6315
2981 7409
1412 4830
3621 6522
1295 4719
1377 4611
3415 6709
3401 6701
1629 4411
841 5167
2115 7976
1482 4775
1243 5044
1252 5003
2077 8045
65 5937
3581 6796
4067 6290
3297 7059
1892 4118
3143 6965
2108 8015
3863 6243
1938 4326
2963 7399
3405 6712
2976 7381
803 5211
3156 6952
3892 6216
722 5550
1417 4619
645 5383
2409 7916
2348 7849
1925 4099
2064 8086
3790 6473
3051 7267
911 5127
2206 7959
3662 6599
628 5630
2494 7733
3443 6911
735 5458
3244 6946
4056 6230
2219 7994
2902 7367
1134 5119
438 5668
2338 7857
3289 6991
1420 4629
2359 7854
2343 7869
2173 8161
1072 5037
2109 8099
2882 7389
2458 7685
754 5458
3266 7011
3817 6474
3129 7066
2914 7366
3384 6814
597 5618
1819 4275
829 5271
3576 6740
2773 7547
235 5956
287 5807
2867 7298
2696 7481
2749 7439
2826 7352
2710 7461
4045 6266
1562 4513
3611 6566
3614 6560
2912 7332
4066 6182
1553 4564
122 6067
2952 7234
3511 6781
953 5237
3333 6856
3395 6797
2514 7708
2771 7453
3385 6903
3616 6639
1133 5026
1743 4382
1784 4393
3665 6531
2139 8072
1912 4267
2712 7500
819 5350
2314 7903
728 5390
3885 6395
3651 6555
3659 6546
941 5236
1100 5014
2658 7608
3341 6870
356 5823
2711 7499
2020 4153
2821 7387
3378 6893
2299 7963
3384 6873
989 5180
442 5721
1017 5146
845 5289
2814 7450
3029 7217
3866 6399
765 5400
297 5836
3263 7002
3326 6936
3299 6916
3481 6782
979 5179
2576 7676
2424 7828
3430 6795
60 6098
2127 8096
2680 7560
3224 7017
2804 7429
163 5970
556 5598
1493 4646
2331 7918
2215 8016
557 5588
2539 7698
749 5399
1082 5056
2983 7260
2396 7847
3019 5066
1564 7709
3098 5144
1237 7382
3839 5883
2818 4870
1047 7186
1396 7539
798 6937
2219 4268
325 6466
2185 4238
1042 7194
1874 8025
447 6579
1279 7410
1093 7243
2461 4498
2324 4379
1090 7245
3655 5719
1574 7734
2848 4912
1008 7137
9 6170
723 6848
3747 5815
2902 4931
683 6846
1282 7444
1807 7960
3742 5767
114 6248
669 6791
1830 7996
481 6655
3097 5177
903 7077
175 6284
682 6793
797 6970
805 6914
823 6942
1223 7406
974 7140
3780 5871
2265 4338
2351 4356
192 6379
1103 7267
2467 4493
2820 4917
1971 8064
1739 7928
389 6582
2276 4304
775 6962
492 6618
3155 5221
1581 7707
1964 8085
2845 4902
75 6263
2503 4603
3024 5103
329 6518
2748 4860
1378 7458
1502 7583
135 6341
1941 8150
1941 8144
605 6682
1876 7966
1409 7626
3265 5262
1546 7749
3400 5400
853 6916
898 7121
1924 8151
1269 7334
2207 4299
3383 5474
1677 7899
3676 5636
744 6832
3909 5917
980 7053
3192 5155
2366 4450
1903 7986
248 6310
472 6535
2611 4716
3093 5194
3950 5902
2154 4107
2940 4893
1361 7472
1590 7767
2950 5093
118 6160
3066 5020
1355 7459
832 6952
3715 5865
950 7133
446 6613
1752 7860
103 6153
4 6251
3925 5946
3410 5411
4035 6066
59 6217
3343 5501
3546 5550
1617 7718
3167 5159
3658 5683
2858 4945
397 6641
1464 7622
1412 7674
2550 4489
351 6432
3275 5300
1887 8157
1339 7614
249 6256
1769 7779
2123 4288
3305 5221
1566 7827
2536 4454
2241 4175
2947 4877
2361 4521
2693 4628
1010 7011
3594 5785
614 6898
1058 7351
66 6359
3812 5745
3896 6062
3508 5410
1942 7950
1782 7790
3416 5569
547 6842
784 7050
3799 5709
1663 7907
400 6413
781 7058
2866 5008
890 7128
2281 4170
345 6650
2925 5070
3573 5457
1628 7930
1551 7849
2306 4522
3276 5222
3156 5375
3599 5796
1359 7651
2525 4464
1240 7285
1757 7792
3348 5562
3111 5257
3984 5922
3952 6083
1186 7185
1432 7468
2581 4768
4007 5906
2360 4494
2967 4896
1894 8145
1309 7588
1528 7490
3528 5492
3928 6116
3882 6039
2365 4480
458 6516
885 7114
667 6745
2417 4535
211 6165
3596 5835
640 6730
2090 4321
3316 5176
983 6939
102 6315
912 7005
3757 5730
2945 4945
991 6926
3666 5760
3686 5813
3213 5208
3745 5748
3235 5237
419 6516
2777 4609
163 6265
4024 5987
2614 4842
22 6347
2663 4793
3840 6114
440 6490
1423 7531
1767 7682
112 6293
530 6900
2523 4401
1372 7607
1616 7868
351 6577
3425 5523
3583 5388
2879 5068
3461 5489
141 6264
597 6819
2426 4482
741 6687
500 6415
3390 5571
1516 7442
2522 4389
3134 5313
3373 5586
2406 4199
3759 6059
67 6471
3187 5494
3960 5758
1160 7567
969 6849
2575 4871
282 6163
2008 7889
692 7101
617 7012
3387 5173
27 6420
3104 5424
3887 5691
2553 4333
3145 5471
1899 7804
3460 5267
1670 8094
1711 8118
1751 8142
3926 5711
1293 7191
1741 8150
3049 4850
422 6330
1421 7312
3019 4820
3249 5520
257 6176
3550 5375
2463 4286
3643 5913
1151 7514
3534 5355
2200 4543
1793 7721
2987 4738
695 7070
297 6144
866 6729
3448 5204
2695 5035
109 6464
2120 4453
2718 5040
2260 4580
2205 4527
3761 6018
3179 5471
3771 6019
2485 4236
15 6451
2524 4320
1872 7788
3542 5354
3705 5944
2447 4302
3089 5459
147 6608
3282 5526
3362 5223
3467 5326
1597 8056
567 7025
3182 5414
1030 7503
1140 7485
3335 5198
213 6559
2767 4996
2813 5042
1172 7621
3535 5278
1333 7270
3666 5895
72 6429
2340 4211
1266 7595
3081 5456
2274 4536
2981 4863
1723 8160
2638 4880
2074 4420
4093 5794
957 6879
2218 4556
916 6899
761 7070
2477 4293
340 6204
3830 6047
877 6660
2922 4608
2828 4710
256 6251
3506 5342
3694 5890
2553 4244
1185 7631
3368 5191
463 6304
2370 4141
4065 5777
1868 7742
3042 4752
2249 4538
1076 7495
50 6470
48 6470
1174 7662
2718 5094
104 6417
178 6603
3644 5957
2374 4159
2659 4888
690 7118
2500 4281
3248 5582
2037 7819
2419 4108
2327 4247
1099 7626
391 6147
415 6167
875 6882
2416 4346
3216 5403
2347 4263
2878 4780
494 6269
1817 7821
1803 7838
3582 5224
2378 4307
1956 7743
922 6657
1030 7578
3698 6126
585 7124
1029 7576
1661 8162
51 6572
277 6282
1094 7641
1007 6735
3207 5408
686 6921
1539 8106
1387 7361
2956 4640
3027 4734
2495 4113
279 6329
161 6417
3308 5470
21 6563
2375 4351
1487 7287
3618 6040
1579 8081
2865 4749
2534 4184
2582 5033
2211 4451
2450 4179
1260 7470
696 7037
93 6554
604 7063
4005 5742
3160 5526
3392 5263
1700 8052
2686 5036
2804 4909
1489 7179
61 6631
3875 5886
252 6434
2896 4785
3948 5773
2150 4487
4027 5721
3161 5565
2201 4477
3632 6102
3852 5866
3750 5966
2083 4552
3401 5285
3429 5257
2280 4357
1095 7594
2811 4885
3646 6097
2923 4762
3727 6014
840 6842
2886 4789
1511 7187
1806 7931
2014 7723
1235 7462
1504 7189
1096 7613
1802 7933
647 7024
1660 8075
2303 4358
2367 4292
2675 5007
2128 4524
128 6527
1191 7512
2457 4198
2769 4305
1426 8083
2270 4828
3531 6089
3097 5660
965 6595
571 6204
3737 5264
3339 5889
1064 7714
2794 4321
894 6514
1546 7174
3016 4550
2373 4938
758 6393
484 7157
1763 7408
2497 5077
2429 4971
1434 8076
544 6199
2609 4137
3085 5653
69 6751
947 6568
1035 7703
2000 7664
761 6360
1858 7520
4060 5631
611 6208
3830 5343
2665 4160
365 6983
863 6517
3098 5681
1456 8091
2220 4736
1181 7859
816 6400
3675 5227
3901 5391
177 6787
1815 7460
2885 4470
1562 7214
3375 5915
3121 5638
2815 4296
3091 5675
2444 5045
3492 6047
3409 5994
2147 4703
233 6869
4039 5627
288 6943
1149 7746
44 6764
3572 6071
2428 4927
292 7015
3103 5720
676 6380
3919 5382
2765 4231
620 6183
3403 5895
3357 5971
3586 5197
85 6682
4039 5527
1183 7887
1926 7636
3155 5632
1874 7431
3953 5415
2090 4733
1385 7984
1979 7650
3833 5285
1629 7168
3178 5687
429 7155
841 6423
3980 5587
1306 8005
2708 4299
1703 7365
897 6626
1588 7260
2527 5046
1454 8135
2322 4984
2033 7579
3064 4499
2083 4680
1337 8020
2946 4589
3125 5701
96 6672
221 6829
2197 4839
1537 7282
2387 4903
828 6469
2218 4816
2689 4347
1138 7689
409 7141
3804 5281
3360 5982
1288 8054
1764 7323
3533 6066
1256 7784
167 6690
3920 5589
1864 7630
942 6440
344 7134
690 6202
464 7000
3696 5369
2521 4944
2674 4345
1929 7428
1837 7584
39 6839
3270 5718
3344 6021
3010 4439
4071 5488
3148 5844
3256 5666
1834 7601
2159 4852
3297 5757
3861 5513
2067 4749
499 7021
1529 8025
3971 5411
222 6782
995 6466
1136 7890
700 6174
2438 4901
2396 5112
2517 4976
533 6323
3553 5959
2850 4494
1060 7816
2160 4829
1415 7977
2916 4562
3321 5697
685 6165
229 6749
1238 7788
2750 4101
299 7062
41 6807
575 6273
3515 5892
2371 4995
436 7030
3890 5616
1771 7209
2183 4675
3311 5675
3627 5358
1827 7654
1961 7535
3637 5373
2588 4310
1958 7530
3933 5521
2026 7463
156 6737
768 6609
4093 5423
1706 7295
688 6247
3260 5733
176 6761
430 7028
68 6815
3406 6034
2140 4737
1576 7415
936 6472
1952 7489
3388 6110
3930 5560
2993 4434
1866 7598
4073 5389
437 6993
169 6733
2963 4470
873 6542
2046 7445
2839 4604
3643 5335
240 6685
1821 7667
1884 7602
2646 4280
3006 4433
2216 4697
1275 7690
3503 5981
3983 5501
2214 4691
2821 4592
3336 6141
2290 4615
3585 5369
513 6394
3744 5214
1927 7544
332 6733
4069 5351
2205 5016
2028 7401
232 7150
2305 4614
2134 4958
2671 4455
3913 5185
1342 7735
2116 4941
1689 7571
2788 4584
4054 5337
2699 4506
977 6338
2395 4680
3903 5160
1785 7649
2356 4653
18 6920
310 6700
2929 4203
687 6580
3189 5995
1542 7448
2296 5080
3356 5694
4076 5323
719 6632
448 6888
8 6944
1483 7905
2002 7422
893 6226
1887 7279
538 6441
677 6544
286 6696
1177 8111
3315 6084
612 6483
3700 5448
955 6279
3628 5393
3813 5592
3560 5845
2577 4399
1643 7508
1737 7562
2070 4946
992 6309
576 6406
1189 8174
1212 8177
199 7049
2262 5017
24 6999
652 6621
3509 5863
3089 5954
2029 7358
1846 7266
3664 5381
2795 4542
1052 8010
3982 5336
3678 5385
2563 4443
410 6850
680 6640
796 6208
2664 4407
1985 7329
1631 7484
1231 8104
3955 5140
565 6492
2992 4318
3365 5707
1736 7610
2838 4197
2227 5063
1492 7842
1218 8116
3293 6058
3734 5615
2117 4927
556 6486
4004 5343
2772 4520
3396 5688
2217 5076
3122 5965
2412 4627
3034 4186
2912 4323
3290 5977
481 6754
1985 7238
145 6941
1627 7639
521 6552
3210 5912
1071 8124
592 6598
3963 5357
1282 7828
3792 5447
3007 4136
3399 5853
1631 7619
2841 4229
1277 8035
1550 7569
1405 7903
1820 7358
1084 8094
2025 7244
2183 4898
2971 4158
2551 4689
3711 5593
1430 7742
3517 5655
3889 5274
3142 6125
3264 5997
3541 5752
701 6418
1776 7488
3009 4211
654 6460
3044 4182
1684 7457
605 6635
135 6961
3556 5724
374 6863
217 7008
747 6481
1185 7962
1933 7222
1555 7599
1915 7366
1366 7912
1533 7747
825 6279
2049 5059
767 6459
3754 5487
2810 4413
3969 5190
4082 5178
1125 8109
3725 5441
2350 4834
2618 4598
2999 4218
4057 5143
3456 5710
3776 5391
1476 7700
358 6838
2480 4705
3777 5392
1601 7568
1331 7905
2299 4911
2187 4958
197 6931
3483 5699
2694 4446
2023 7230
1883 7296
1416 7763
3914 5270
1346 7839
3474 5708
2318 4846
431 6734
3305 5899
3641 5594
3501 5705
323 6823
740 6401
2060 5097
1165 8040
519 6625
1203 8021
2656 4488
3684 5518
7 7148
806 6349
409 6775
2344 4806
1688 7528
3607 5606
206 6975
671 6509
1944 7276
1520 7686
3417 5806
453 6716
2000 7209
1647 7574
442 6726
2349 4817
1986 7231
2318 4851
1681 7534
3973 5242
3126 6089
3673 4697
951 8118
3404 4426
563 7738
3993 5008
1266 6392
2431 5488
760 7927
564 7717
161 7347
3875 4913
3739 4745
1441 6580
3571 4581
247 7393
909 8090
56 7200
2076 5124
1844 6958
1702 6844
1182 6277
468 7631
4 7192
380 7521
1496 6597
3654 4696
488 7671
1641 6774
1740 6867
2044 7132
1325 6413
1163 6313
1582 6669
1433 6586
395 7596
4020 5011
1603 6763
1054 6192
3343 4385
593 7806
1641 6747
2593 5650
3627 4638
3740 4777
2791 5841
427 7580
470 7662
2555 5571
895 8007
1888 7001
1083 6150
1982 7167
3914 4872
1721 6909
2359 5490
3714 4807
1858 6922
877 7975
3465 4546
3721 4802
446 7666
1507 6578
3379 4449
2351 5500
3093 4161
3162 4111
2625 5655
3936 4918
549 7794
495 7608
2678 5679
3595 4694
90 7172
2729 5878
3638 4695
255 7326
1226 6312
1995 7081
5 7264
425 7630
2383 5416
290 7498
3668 4668
2689 5869
2864 5980
3266 4270
3534 4515
348 7473
941 8131
1553 6754
3893 4929
1429 6624
1200 6344
959 8133
820 8015
2365 5565
1168 6161
3368 4521
3456 4353
1521 6512
862 8156
1897 7147
2847 6044
1623 6865
243 7284
1990 6988
207 7236
2971 5911
3071 6000
3932 5068
1540 6800
3817 4735
2216 5182
639 7912
915 7945
553 7858
324 7647
54 7341
3641 4773
927 7938
302 7600
3525 4442
1328 6545
2050 5280
1074 6288
1632 6854
2049 5286
3488 4360
462 7525
2475 5376
194 7273
3507 4383
3181 4289
2711 5690
772 8105
25 7351
3054 5952
1505 6478
2568 5816
3710 4810
3453 4554
1272 6223
21 7340
2356 5518
173 7190
3417 4578
2875 6023
884 8136
3062 5962
2381 5616
2741 5643
372 7627
2192 5200
2546 5426
517 7876
889 8120
4085 4916
4029 4991
1921 6978
1503 6424
3043 5931
1286 6606
729 7696
1016 7985
3546 4368
952 8051
3249 4221
2393 5525
3731 4702
3681 4782
3228 4179
666 7765
296 7655
2023 6967
1251 6193
2063 5341
2835 6080
2294 5155
3064 5934
1831 7152
4040 4882
181 7278
2677 5801
3689 4789
1169 6257
3813 4612
1106 6320
2209 5186
1326 6602
1047 6387
1034 6369
1368 6581
3576 4360
1341 6605
2366 5583
1405 6542
216 7212
2118 5299
3521 4409
3310 4116
1158 6268
593 7852
3008 5824
3017 5832
370 7281
3219 4501
3999 4761
1700 7084
2388 5212
823 7740
396 7303
1972 6847
3231 4497
3772 5042
2862 5665
968 7896
3904 4688
3099 4362
567 7974
856 7754
35 7479
1129 6524
2924 5753
1117 6474
1825 6715
3379 4137
3873 4669
1175 6538
2337 5120
2240 5602
1795 6693
1077 6428
2798 6087
1644 6981
1367 6269
2640 6010
1892 6728
3642 4887
2364 5138
1159 6568
1771 7128
2016 6871
1538 6965
1946 6829
3794 5098
3250 4490
655 8119
411 7331
130 7609
63 7427
3752 5015
3435 4139
2352 5235
702 8186
1152 6596
2672 5940
3351 4178
3694 4903
4023 4862
2084 5485
2695 6093
2974 5845
2302 5557
2661 5929
817 7805
3328 4172
2651 5909
3046 5801
851 7680
1192 6651
144 7622
3512 4334
2792 6079
3796 5005
1286 6236
2483 5352
1902 6709
3451 4134
1021 7843
2012 6786
391 7384
2447 5328
443 7396
1196 6604
3558 4230
1155 6625
215 7604
816 7763
3109 4422
2611 5968
1591 6994
55 7506
4011 4813
424 7374
2829 5738
2744 6111
2909 5685
1668 7149
1036 6502
372 7199
19 7551
349 7217
2413 5123
654 8188
270 7293
1531 6280
3552 4243
3430 4117
2986 5849
3413 4129
4030 4809
1645 6938
428 7380
3296 4505
800 7771
119 7434
1605 6971
479 7328
802 7773
657 7953
1004 7789
1712 6961
143 7438
1112 6619
3391 4283
4037 4675
1705 6959
713 8014
3057 5753
2643 6106
579 8137
1462 6205
1594 7095
1854 6831
1037 6558
1479 6227
3598 5018
280 7309
1608 7120
2032 6760
3803 4934
233 7497
896 7712
1628 7165
1267 6482
2033 6736
1774 6989
2747 5919
741 8001
3757 4873
230 7491
2688 5928
1076 6556
2941 5847
3957 4830
231 7500
1571 7053
934 7688
3683 5075
2467 5139
2950 5684
234 7513
3143 4593
3812 4947
421 7196
224 7516
1882 6887
3412 4329
3217 4396
531 8108
1867 6795
552 8168
2780 5919
1009 7735
3625 5102
2308 5324
590 8070
1642 7072
3978 4678
3206 4427
3521 4111
2027 6692
570 8170
2198 5444
2892 5790
2146 5553
2489 5226
1970 6758
2111 5609
1388 6331
986 7693
3749 4989
3035 5639
1606 7064
92 7554
2091 5620
822 7895
3811 4865
97 7559
151 7537
1294 6377
620 8069
4068 4621
2036 6687
3382 4317
520 8188
148 7521
3494 4186
2263 5417
3626 4138
183 7863
3763 4275
435 8114
2685 5241
2376 5964
1363 6998
3471 4994
1427 7068
2196 5764
970 7640
95 7755
2438 6034
1515 7166
2739 5284
3846 4382
2326 5898
973 7635
1162 6804
1935 6544
1202 6803
3977 4520
3864 4410
268 7982
601 7290
2119 5731
1427 7095
587 7277
1385 6977
393 8096
322 8041
3394 4975
878 7491
4003 4492
1543 6196
1364 7015
3868 4392
1793 6452
3309 4827
3236 4766
384 8123
2360 5894
95 7777
2220 5779
855 7528
586 7176
2603 5225
748 7342
1535 7100
3358 4955
775 7489
2691 5322
2761 5272
3365 4980
2550 6050
3501 5113
2802 5287
3899 4462
691 7398
2540 6075
2278 5823
3800 4227
3245 4854
1161 6866
2849 5500
2372 5926
837 7456
1380 6915
1173 6909
3619 4171
3096 4720
316 8020
90 7728
3955 4377
4022 4573
3851 4455
434 8159
2073 5748
1209 6871
1126 6664
2855 5449
1274 6805
119 7687
621 7197
2061 5759
3891 4417
2713 5354
3313 4741
4094 4486
2068 5740
348 7973
1791 6275
2237 5824
746 7319
3420 4898
672 7391
762 7294
3 7814
2208 5669
3805 4187
855 7632
626 7418
284 8080
2268 5715
1824 6575
3065 5481
2180 5652
2243 5713
2122 5848
192 7762
3766 4132
2189 5659
3784 4190
3285 4674
2579 5259
2471 5950
975 7509
2129 5835
1947 6407
1157 6680
1585 6316
1319 7097
1770 6260
881 7633
2228 5648
905 7468
1248 6726
1502 7032
507 8019
945 7449
3977 4384
397 7972
3394 5096
149 7743
2082 5768
2604 5248
648 7205
2876 5521
3253 4635
4071 4438
3191 4806
1714 6145
3145 4861
3304 4702
1851 6541
361 8158
3151 4855
3925 4588
3355 5024
1087 6788
1683 6191
1891 6623
2316 6065
909 7472
653 7247
2316 6094
874 7592
485 7969
3826 4151
2362 6143
3172 4769
1978 6524
1141 6835
1251 6696
2784 5165
2682 5300
181 7802
1439 6992
1814 6617
2014 6414
861 7564
539 7369
2024 6461
2859 5629
1714 6245
1724 6244
26 7873
782 7637
3241 4722
342 8074
2592 5372
1512 6964
101 7864
753 7212
999 7480
524 7379
1810 6640
750 7180
3435 5001
809 7629
2737 5209
1820 6644
1767 6157
939 7488
2502 5930
2965 5499
1801 6630
1455 6976
644 7275
1033 6905
4050 4386
383 8079
399 8061
401 8034
3657 4282
1809 6629
255 7691
3049 5407
1901 6551
3281 4650
2846 5603
2408 6038
3575 4872
2349 6098
2926 5230
1117 7001
3037 5339
3119 4905
1004 7397
3637 4412
2797 5607
3565 4838
1103 6980
2642 5465
3122 4925
413 7823
974 7389
3318 5090
944 7334
2671 5495
2897 5195
1754 6593
771 7198
3910 4187
424 7862
2251 6100
2911 5247
3033 5368
900 7333
2386 5744
1544 6442
2840 5181
4034 4324
1768 6607
3793 4601
1953 6283
1673 6562
1753 6642
2237 6038
666 7606
3315 5085
1501 6899
3918 4193
3692 4419
1882 6250
1128 7000
2011 6378
3734 4517
4084 4288
1012 7360
41 7964
1007 7383
3742 4519
1387 6736
2432 5820
190 8064
1796 6202
2248 6134
3738 4516
3978 4298
2251 6026
913 7379
1922 6340
2167 5937
637 7482
3669 4370
3543 4761
3657 4377
2899 5122
3427 4656
456 7836
2872 5228
340 7681
4013 4347
498 7850
3785 4496
273 7752
1690 6595
1936 6346
2384 5642
734 7557
3257 5081
3676 4413
3380 4695
3746 4545
330 7724
123 7954
1197 7110
2279 6028
3606 4474
3907 4142
144 8190
4048 4287
4022 4294
3791 4542
3129 4939
1950 6381
2487 5828
219 8111
2673 5381
512 7540
3511 4800
2900 5165
3894 4171
1920 6397
457 7860
906 7178
3513 4664
285 7839
2944 5125
1376 6886
3309 4970
3523 4676
2001 6233
2385 5849
3265 4937
610 7658
2617 5554
1444 6703
2602 5543
1095 7114
168 7973
2055 6025
1775 6496
2176 5903
2103 6055
2726 5430
1070 7100
1692 6409
2794 5503
3584 4503
3077 5010
1462 6702
2151 6143
1115 7106
2540 5750
210 8009
3176 5108
3423 4801
3944 4343
2078 6078
2431 5854
1916 6365
46 8076
116 8145
3074 5031
609 7623
2556 5723
3561 4673
403 7736
3741 4401
2155 6086
3112 4997
477 7795
1816 6312
803 7315
2533 5716
71 8181
396 7737
918 7200
283 7852
4010 4112
3587 4537
3585 4540
1131 7124
1698 6498
2962 5202
2634 5512
3788 4366
1181 7006
2097 6130
724 7447
1054 7131
2149 6051
2937 5298
973 7169
3577 4648
1847 6373
2452 5703
1798 6355
1853 6379
354 7861
1447 6768
86 8078
791 7375
469 7692
1832 6385
3984 4169
3541 4620
1 8154
1188 7035
2936 5272
987 7225
308 7895
1530 6686
3593 4591
367 7817
4074 4109
2774 5436
751 7427
3171 5007
2542 5635
748 7453
2516 5669
1978 6217
2610 5572
1878 6319
3015 5180
1544 6643
3380 4810
1620 9815
703 8886
266 8454
479 8657
773 8971
898 9105
603 8776
1207 9391
185 8352
1440 9659
1034 9237
418 8637
693 8855
840 9067
1229 9451
1369 9586
1024 9267
1085 9225
1178 9435
1775 9899
1489 9620
1548 9798
182 8442
387 8653
736 8881
1429 9670
1015 9123
1170 9415
1411 9691
1633 9787
1759 9859
1563 9797
308 8555
83 8247
1125 9217
1518 9606
426 8640
318 8533
176 8413
611 8716
1605 9779
1640 9960
820 9141
146 8213
498 8570
1697 9771
443 8496
1744 9821
600 8918
239 8319
996 9076
615 8950
1545 9885
1253 9329
1301 9612
514 8867
1065 9355
1952 9986
834 9185
1351 9711
1009 9048
1265 9308
966 9064
1283 9651
1080 9357
938 8988
530 8869
1689 9767
1039 9422
1269 9270
1474 9482
1399 9638
1465 9576
207 8222
819 9191
1747 9735
1225 9246
353 8630
629 8866
562 8941
972 9004
1713 9811
838 9124
951 9043
639 8858
289 8649
542 8951
997 8974
50 8387
1091 9403
274 8683
193 8250
375 8588
89 8356
1145 9348
1183 9312
1909 9847
362 8302
20 8466
1383 9312
948 8893
2026 9957
1453 9407
189 8622
1838 9784
1263 9715
1135 9585
531 8972
856 8775
23 8502
1342 9241
667 9143
1322 9223
232 8645
562 8960
1000 8923
1265 9668
1328 9224
1217 9723
1937 9900
522 9015
1499 9445
876 8749
31 8537
400 8406
1001 8878
523 9027
427 8422
1284 9291
1013 8868
1051 9549
729 9102
595 8975
1121 9532
1436 9470
1300 9334
944 8915
837 8737
948 8921
345 8244
757 9101
651 9207
1895 9754
1230 9550
1909 9973
1221 9540
450 8256
1447 9252
1141 9712
184 8499
1122 9714
1411 9234
263 8337
696 8995
860 8898
273 8373
488 8269
2041 9823
928 8710
990 8816
1184 9489
120 8651
467 8296
1979 9732
402 8274
1105 9616
1876 9877
570 9212
1191 9568
663 9050
204 8478
585 9115
1086 9707
967 8722
1268 9517
910 8785
1526 9238
713 9005
1486 9256
227 8458
1081 9683
1160 9572
1926 9834
1250 9485
475 8234
1213 9548
659 9057
1885 9893
85 8621
1973 9803
1636 9317
1712 9393
737 8427
178 8895
234 8935
1541 9224
1044 9755
377 9064
1067 9785
88 8778
1716 9383
1928 9628
2029 9721
1794 9492
842 8530
94 8775
636 8294
444 9122
561 8238
629 8276
518 8238
885 8541
156 8885
1252 9929
648 8381
1991 9713
1637 9298
1110 9838
388 9149
256 9022
1686 9384
465 9105
1557 9300
40 8810
1678 9420
407 9172
1547 9283
1279 9909
1233 9887
1220 9879
339 8966
646 8414
1254 9918
549 8315
1881 9479
1153 9954
1649 9237
623 8199
781 8545
1911 9497
317 9042
450 9133
1720 9423
971 8625
657 8429
460 9137
1976 9531
1118 9949
45 8873
1035 9858
248 8818
464 9054
931 8499
608 8432
1715 9251
632 8425
732 8265
137 8734
1621 9423
1066 9908
867 8701
1782 9306
346 9206
153 8747
1665 9276
220 8801
1884 9630
485 8998
1563 9436
490 9005
237 8746
19 8923
599 8344
527 8384
1680 9282
1859 9622
1867 9619
537 8389
1096 9877
2015 9473
1807 9706
347 9149
1791 9230
1878 9636
462 9019
171 8798
1856 9655
43 8924
1981 9537
1593 9412
1055 9952
1845 9269
1976 9402
274 8720
687 8616
1587 9529
961 8400
1744 9666
1581 9535
1622 9541
519 8466
432 8871
310 8750
454 8920
210 9165
1864 9322
1362 9848
950 8348
512 8495
1416 9915
641 8628
785 8228
2045 9416
1673 9663
1322 9757
187 9089
118 9032
832 8318
1005 8365
547 8546
1010 8368
1601 9474
204 9097
697 8690
2 9036
1980 9449
1871 9240
1329 9832
566 8557
1740 9616
831 8288
1560 9593
919 8436
20 9073
277 8829
61 9041
504 8853
2016 9359
31 9071
1827 9296
1391 9753
1634 9492
892 8202
103 8991
671 8678
146 8977
148 8983
921 8223
134 8969
801 8371
742 8565
364 8944
800 8382
1844 9364
1800 9389
2 9130
652 8485
1312 9868
1610 9701
1315 9878
574 8585
1790 9545
1869 9461
1303 9901
684 8467
1403 9912
504 8753
452 8712
105 9125
1967 9314
1849 9460
1998 9219
1939 9291
1372 9858
883 8345
508 8721
79 9120
1393 9856
1015 8194
1675 9590
258 8957
1275 8447
1983 9145
220 9428
1330 8506
1646 8807
1200 8378
1453 8615
448 9675
113 9341
278 9498
1244 8399
276 9481
1885 9026
754 9936
449 9703
670 9910
2036 9176
572 9742
752 9923
1102 8311
526 9780
1413 8635
553 9833
2044 9140
312 9585
471 9629
1362 8450
503 9639
625 9765
394 9695
429 9723
1965 9210
502 9633
1173 8397
1914 8993
1154 8409
242 9391
1686 8946
1752 8880
1042 8312
557 9792
1473 8620
1729 8881
1953 9175
1792 9078
569 9793
1445 8671
1535 8578
1352 8648
1881 9177
1652 8959
717 9792
1987 9036
581 9941
269 9628
172 9264
216 9336
1470 8479
1264 8273
759 9811
1470 8473
1613 8928
260 9655
590 9981
356 9687
1576 8863
737 9814
1861 9213
309 9612
417 9501
506 9543
1942 9003
1988 9082
1257 8235
1768 8747
1727 8826
1880 9109
334 9600
1170 8259
614 9914
534 9974
1482 8490
1345 8611
1904 9113
423 9546
555 9925
1899 9092
1818 9197
1194 8272
720 9773
87 9384
1811 8720
62 9530
1932 8841
2005 8914
1808 8731
205 9665
1737 9159
133 9611
920 9864
2007 8899
988 9925
1696 9146
1109 8566
129 9634
1198 8587
1033 8483
1352 8291
2028 8896
1604 9066
1534 8399
474 9453
1316 8220
157 9638
62 9477
1682 9134
70 9595
480 9381
405 9424
43 9570
1139 8510
1472 8340
1190 8688
493 9398
1962 8905
1290 8302
1994 8879
125 9488
275 9341
1228 8636
1672 9209
2011 8874
418 9428
1667 8963
1442 8227
303 9387
2008 8784
2013 8790
1549 9091
914 9736
290 9406
1430 8200
1224 8535
879 9933
960 9830
1045 8626
2021 8770
1408 8232
790 9912
1294 8353
921 9774
1761 9046
1574 9118
1066 8598
1209 8452
1709 9071
1970 8821
1575 9193
158 9549
1002 9791
1428 8269
1523 8234
1954 8825
1215 8547
502 9259
1755 9017
849 9917
1245 8498
795 9963
150 9574
1510 8210
1487 8246
294 9434
1112 8614
414 9313
985 9690
2031 8684
1705 8364
1984 8648
1669 8331
625 9342
538 9227
172 9919
560 9235
1554 8245
2012 8699
814 9475
993 9680
1242 8936
2034 8644
214 9964
212 9967
642 9413
1630 8217
1499 9107
756 9400
1390 8994
1757 8336
884 9531
1423 9183
1799 8534
1330 9066
1795 8546
1349 8998
1707 8396
145 9978
1008 9630
1025 8817
6 9844
1061 8796
1650 8207
2030 8595
1586 8374
51 9911
201 9805
1164 8709
1259 8805
617 9446
1650 8418
1305 9096
923 9480
1349 9169
106 9968
1348 9177
996 9540
1262 8781
2037 8531
1100 8938
1615 8420
1848 8597
1607 8424
598 9447
1945 8493
1873 8676
699 9216
1721 8194
1754 8293
539 9380
705 9221
1406 9146
1800 8652
844 9610
1918 8619
466 9991
1687 8256
1419 9043
1158 8799
1296 9162
694 9323
190 9822
98 9863
793 9715
136 9827
193 9772
1258 8728
1323 9182
1441 9052
227 9756
1111 9047
1813 8208
1994 8386
1233 9176
2009 8403
1440 8879
914 9373
1386 8824
428 9913
1559 8449
1753 8641
1896 8305
1875 8271
779 9239
1452 8882
578 9573
813 9220
1120 9033
1746 8702
1369 8820
1109 9060
575 9481
708 9721
1242 9112
727 9621
1806 8267
1184 9192
316 9847
1226 9115
745 9650
731 9600
689 9708
708 9626
548 9595
874 9225
1741 8609
1525 8837
582 9525
2006 8357
1627 8495
858 9249
623 9490
1494 8873
1486 8782
964 9286
1040 9108
1056 9126
577 9673
560 9632
1716 8480
1823 8328
1735 8528
1916 8422
1817 8322
981 9289
792 9350
420 9729
719 9575
1222 9068
1354 8928
1871 8420
1996 8295
1343 8851
731 9591
1471 8719
1929 8248
304 9857
1783 8516
1192 8989
888 9422
1400 8900
1461 8715
2042 8249
1321 8929
1234 8988
1507 8748
784 9410
1774 8508
1465 8814
942 9335
1221 8990
306 9967
1855 8415
1794 8416
704 9510
1358 8870
889 9360
822 9437
1778 8479
1006 9247
1448 8796
1552 8677
1340 8902
1152 9082
1090 9151
3600 9745
3720 9869
2911 9046
3375 9507
3320 9454
2916 9086
3615 9732
3306 9457
3124 9256
2206 8379
2515 8698
2889 9058
2954 9151
2457 8622
3109 9245
2229 8333
2530 8667
2445 8624
3374 9579
3192 9277
2300 8379
2464 8680
3826 9913
2172 8241
3746 9965
2662 8758
3324 9388
2323 8515
2620 8813
2721 8947
2353 8549
3779 9878
3556 9649
3569 9645
2496 8604
2764 8851
3148 9262
2303 8346
2796 8842
3547 9651
2605 8771
3597 9826
3832 9865
3778 9794
3338 9608
2527 8539
3972 9985
2479 8487
3455 9719
3141 9416
2501 8523
2223 8224
2066 8323
2682 8942
2685 8929
2735 8755
3172 9464
3165 9408
2627 8925
2533 8516
2608 8855
2328 8639
3693 9924
3753 9730
3294 9327
2126 8443
3133 9354
2121 8435
3561 9559
3568 9521
3398 9607
2552 8500
3352 9685
2860 9186
4063 9997
2750 8809
2566 8927
2272 8250
2972 9031
3197 9375
3623 9923
3092 9459
2454 8574
2883 9129
3504 9565
2610 8927
3415 9657
2355 8643
3574 9474
3774 9799
2626 9035
2212 8619
3612 9998
2996 8864
2157 8571
2188 8602
3108 9532
3288 9664
2413 8308
3118 9522
3113 9524
3524 9444
3422 9338
3426 9287
3630 9992
2783 9208
3014 8943
2094 8453
3571 9432
3848 9763
3967 9810
2425 8279
3440 9311
2572 9023
3912 9846
3198 9534
3007 8952
2048 8522
2899 8706
4078 9919
3421 9230
3434 9278
3320 9634
2914 8761
2310 8280
3203 9692
3674 9989
2567 9060
3956 9751
2582 9077
3965 9753
3998 9977
3032 8886
2881 8753
3495 9431
2926 8726
3337 9329
3090 9579
3959 9738
3008 8769
3871 9872
3084 9624
2646 9154
2203 8451
2976 8763
3966 9955
3048 8822
3179 9679
2233 8477
3117 9609
2266 8575
3447 9438
3866 9905
2087 8586
3085 9662
2512 8292
2510 8315
3879 9956
3344 9429
2221 8548
2439 8264
2048 8656
3992 9802
2614 9189
4043 9752
3221 9539
3945 9905
3039 8711
3922 9867
4027 9825
3030 8717
2668 9136
2468 8314
3462 9304
2763 9003
3958 9879
2500 8230
3157 9660
3118 9668
3223 9574
2345 8401
2826 8946
3059 8714
4015 9812
2905 8868
2171 8826
2302 8957
3865 9489
2975 8598
2910 8533
2659 8307
3716 9364
3878 9527
3070 8683
2156 8777
3928 9584
2177 8872
2254 8932
3764 9374
3706 9290
3945 9562
3140 9842
3055 8665
2984 8592
3144 9841
2493 9094
3306 9937
2868 8456
2207 8865
2723 8417
3212 9934
3229 9945
2064 8794
2586 8279
2973 8659
2705 8386
3137 9746
4053 9601
2564 8274
3706 9261
2437 9181
3964 9509
2625 8223
2476 9202
3059 8579
2053 8831
2127 8756
2402 8991
2546 9101
2809 8326
3691 9449
2868 8627
2578 8346
3647 9396
2537 9063
2250 8773
2427 9186
3987 9482
3188 9941
2913 8647
2779 8316
3834 9309
3656 9440
3199 9939
2382 9187
2723 8210
2969 8491
4072 9563
2901 8673
3687 9432
3697 9398
3316 9791
3079 9931
4038 9495
3635 9444
3979 9564
4090 9506
4018 9576
2079 8897
2650 8324
2665 8331
2604 8394
3765 9298
3719 9327
3820 9216
2380 9121
3807 9265
4082 9478
3728 9318
2426 9088
2648 8354
3011 8504
2339 9182
2272 9184
3340 9734
3678 9554
3702 9592
3466 9883
2484 8869
2993 8360
3809 9722
2905 8261
2895 8273
2178 9122
2883 8295
2449 8891
3819 9665
2631 8556
3996 9399
4029 9363
3559 9936
2787 8660
2098 8968
3985 9390
2606 8558
2590 8543
2485 8951
2289 9139
3965 9274
2244 9099
2309 8791
3936 9268
3167 9993
3389 9835
3457 9947
3874 9343
3930 9223
2675 8464
2142 9016
3383 9822
2523 8875
3620 9557
2382 8767
2658 8471
2403 8725
2616 8512
2404 8730
2938 8442
2236 9020
3756 9512
3041 8294
3470 9734
2095 9120
3951 9469
2660 8695
2796 8562
3773 9506
2512 8816
3993 9275
3732 9526
4041 9325
2053 9132
2862 8327
2850 8328
2257 9083
2880 8428
4075 9307
3433 9944
3444 9921
2848 8342
2785 8534
3983 9270
2456 8742
2767 8462
2676 8625
3413 9872
2182 9024
2385 8854
3781 9484
2306 8904
2701 8515
4094 9260
4035 9233
2236 9062
3634 9705
3549 9790
2436 8813
3026 8255
2325 8954
4084 9221
4037 9271
2406 8849
2753 8511
2811 8452
2730 9898
2473 9643
3628 8751
3581 8692
2543 9700
3814 8936
3411 8540
3533 8642
3885 8994
2641 9793
2724 9907
2246 9438
3542 8650
3636 8745
2174 9315
3650 8803
3716 8870
3332 8493
2092 9219
2428 9550
2561 9781
4092 9162
2606 9752
3159 8288
3539 8681
3175 8284
3202 8383
3235 8423
3532 8585
2628 9730
2106 9340
4001 9190
4007 9199
3238 8428
2600 9831
3515 8687
3132 8297
3300 8376
2187 9429
3303 8325
2293 9361
2504 9644
3670 8755
3900 9049
2919 9984
3469 8673
2624 9778
3487 8684
2149 9232
2549 9603
4083 9093
3823 8856
2275 9371
4017 9160
3114 8275
2180 9471
3947 8976
3640 8772
2810 9850
2159 9455
2065 9365
3475 8470
3414 8670
3600 8860
4034 9038
3137 8398
2377 9689
2672 9954
2400 9717
2747 9760
2171 9440
2666 9920
2440 9508
4077 9052
3613 8876
2285 9310
3090 8358
3528 8573
2277 9296
3002 9996
3161 8430
3578 8525
3908 9212
3508 8463
2062 9394
3748 8731
3218 8258
3962 9128
2600 9983
2144 9401
3552 8506
3187 8367
3319 8214
4026 9051
2462 9596
3360 8643
2562 9958
3805 8762
2346 9677
3196 8341
2086 9420
4059 9008
2423 9605
2815 9741
3722 8830
3165 8360
3537 8487
2511 9527
4000 9048
2383 9653
3419 8612
2933 9842
3679 9045
2452 9374
3068 9975
2494 9392
2870 9785
3330 8209
3750 9138
3214 8600
3523 8411
2967 9867
3749 9144
4013 8883
2110 9499
4075 8899
4020 8861
3872 8713
3760 9114
3776 9194
3703 9049
2888 9848
2513 9442
3141 8568
2952 9928
3101 8543
2547 9392
2637 9990
3927 8732
3261 8694
3206 8653
3962 8758
3418 8214
3646 9074
2951 9940
3730 9158
2943 9767
2555 9383
3713 9181
3157 8456
4024 8934
3898 8795
3968 8937
2079 9587
2549 9368
2266 9652
2538 9370
2280 9617
3458 8441
3011 9917
3339 8330
3016 9803
2541 9321
3440 8440
3778 9034
3603 9114
2509 9284
3529 8283
3342 8344
2542 9328
2819 9888
3358 8375
2944 9773
2384 9469
3981 8738
3802 9070
2122 9726
3530 8306
3838 9028
3911 8835
2842 9950
2377 9358
2554 9265
2153 9637
3422 8339
3168 8626
3815 9010
3780 8979
2509 9242
3198 8614
3743 9030
3287 8461
4069 8761
2489 9316
2075 9669
2992 9813
3818 8975
3733 9075
3121 8665
3073 8680
3954 8839
3714 9086
3582 9214
2786 9443
3068 9720
2743 9395
3312 8950
3106 8744
2609 9276
4023 8634
3458 9106
3438 9087
2226 9895
3659 8284
2202 9860
2983 9604
3331 8992
2955 9640
2105 9757
3012 9696
2634 9313
3526 9195
3442 9053
3370 8986
2298 9930
2069 9760
3784 8445
2086 9758
2192 9897
3105 8733
2096 9741
4046 8691
2217 9876
4005 8672
3493 9187
2900 9500
3607 8286
3924 8462
2238 9957
4087 8618
3232 8900
3382 9055
2759 9388
3842 8558
3619 8275
3166 8748
3549 9134
3933 8484
3966 8450
2247 9799
3092 8852
3463 8967
3014 9543
3856 8593
3586 8320
3500 9000
3849 8591
2120 9935
2904 9683
3801 8276
3393 9169
3824 8290
3285 8768
3051 9597
2931 9700
2995 9515
2874 9635
3116 8880
3717 8216
3197 8930
3233 8766
3951 8654
2764 9320
2254 9832
2560 9387
2996 9496
3603 8382
2243 9837
3479 9017
4006 8470
3193 8905
3127 8836
3176 8913
2100 9871
2591 9379
3602 8364
3227 8740
2258 9745
2062 9930
2725 9315
3649 8327
2773 9244
2949 9548
3604 8415
2838 9693
3633 8416
3831 8226
2861 9719
2713 9285
2876 9696
2797 9264
2163 9873
2569 9450
2240 9763
3729 8310
3899 8656
4065 8464
3809 8211
2829 9720
2644 9389
3015 9533
3910 8634
2088 9943
3920 8623
3317 9205
3042 9441
2769 9682
2405 9836
2476 9894
2719 9610
2669 9589
2969 9344
3437 8822
2517 9969
3629 8457
3424 8774
3113 8962
3591 8490
3045 9418
4083 8388
2762 9609
3080 9037
2948 9421
3199 9014
2684 9526
3186 9021
3688 8505
3397 8726
2434 9942
3551 8843
3289 9100
3708 8486
2352 9838
3654 8492
3847 8300
4050 8377
3468 8958
2835 9319
3477 8941
2958 9462
3759 8662
2913 9245
3724 8688
3505 8754
2594 9637
4036 8270
3301 9077
3100 9099
2653 9724
3946 8393
3391 8860
3200 8996
3390 8857
3182 9161
3225 9009
4002 8202
3753 8451
2858 9351
4048 8290
4090 8265
2355 9862
3956 8385
2618 9602
3224 8996
3452 8888
2652 9626
3964 8372
3018 9218
3135 9206
3601 8669
2641 9629
3874 8431
3650 8589
3859 8391
3392 8854
3486 8831
3822 8460
3905 8361
4019 8286
3567 8735
2481 9795
2518 9762
3001 9295
3941 8350
2313 9972
2758 9528
3329 8959
4508 8606
4732 8824
5219 9318
4110 8198
4414 8503
5778 9887
5604 9706
5352 9446
4889 8972
4866 8984
5092 9157
5045 9110
4649 8716
4341 8413
5455 9575
5013 9144
5858 9932
5080 9207
4523 8603
4659 8707
4456 8538
4609 8756
4486 8635
4144 8205
5184 9218
5141 9302
5164 9321
5574 9603
5621 9650
4725 8764
5364 9401
4481 8655
5481 9520
5558 9708
5244 9250
5109 9131
5396 9546
4331 8372
5883 9885
5012 9203
4979 8987
4379 8555
5540 9687
5625 9615
4920 9039
4518 8668
4605 8577
4531 8654
5152 9311
5624 9594
4976 9203
5473 9698
5118 9083
4890 9119
5232 9462
5479 9718
5149 9355
4143 8332
4920 9104
5178 9363
5785 9778
4730 8898
4560 8559
5498 9669
5773 9796
5131 9410
5736 9890
4780 8800
5863 9771
5167 9442
4334 8255
4786 8811
5574 9500
5834 9749
4212 8338
5556 9555
4392 8640
4751 8803
5533 9584
5700 9897
5334 9253
5290 9305
4975 9112
4177 8363
5240 9347
5454 9294
5984 9825
4448 8289
4350 8700
6020 9863
4864 8708
5955 9797
5562 9405
5353 9710
4098 8458
5206 9567
6046 9874
5321 9688
4712 9081
4185 8523
4174 8530
5361 9680
5038 8845
4356 8231
5914 9770
4822 9188
4500 8355
4722 9034
4450 8283
5079 8937
4961 8741
5000 8896
5413 9324
4602 8369
5359 9635
5053 8944
5563 9460
4388 8309
4373 8260
4917 8806
6127 9914
5446 9232
4574 8378
5469 9275
4319 8632
5987 9737
4902 8789
5583 9396
4938 8904
5192 9676
4848 9080
4214 8703
5604 9325
4778 8995
5109 8828
4136 8610
5013 8734
5163 9639
5096 8806
4174 8669
5099 8820
5559 9234
4320 8521
5446 9452
5363 9538
5953 9970
4549 8307
4166 8698
5025 8732
4270 8465
5057 8707
4562 8215
6080 9740
5403 9430
4411 8438
4652 9185
4852 8997
6099 9729
5148 9672
4771 9078
5457 9353
5425 9452
4397 8432
4654 9167
4336 8468
4166 8611
4169 8620
5168 9688
6011 9874
4915 8922
5269 9599
4620 9190
5952 9899
4508 8311
5093 8718
5017 8818
6099 9790
5297 9542
5250 9598
4381 8417
4621 9201
4960 8862
5788 9372
4764 8350
5078 8659
5148 9754
5274 9875
5939 9530
4216 8821
5658 9239
5733 9323
4498 9117
6016 9615
5212 9804
5144 9739
5781 9346
5228 9851
4122 8705
5266 9870
4974 8561
5099 8651
4760 8380
4800 8421
5055 8601
5650 9269
5766 9377
4262 8846
5067 8674
4953 8565
4673 8305
5687 9217
4159 8713
5798 9361
4182 8812
4919 8567
4369 9040
5441 9988
4354 9029
6027 9667
5279 9939
5927 9578
4681 8217
5018 8650
4233 8922
5072 8581
5664 9338
5964 9495
5923 9597
5157 9796
5850 9406
4285 8917
5321 9891
4158 8789
5022 8693
6022 9718
5062 8629
4177 8742
4889 8547
5341 9821
5085 8542
5088 8548
4476 9211
6000 9722
4157 8887
4637 8332
5108 8549
4139 8895
4285 8743
4965 8699
5304 9755
5893 9641
4485 9001
5769 9277
5961 9726
6007 9678
4547 9080
4525 8976
4597 9035
6079 9472
5367 9781
4840 8224
4283 8819
4308 8728
4601 9001
4315 8712
4928 8595
4567 8961
4565 8973
5173 9965
4672 8348
4351 8738
5663 9409
5732 9349
6026 9582
4905 8652
6091 9516
4532 9054
4125 8945
5809 9308
4330 8708
4220 8847
4279 8771
5344 9748
5291 9823
4768 8278
4998 8561
5974 9646
6118 9502
4791 8267
6003 9613
5718 9385
6139 9466
4658 8497
4098 8961
4096 8966
4833 8681
4195 9065
4271 9148
4200 9087
5030 8369
4396 8757
4959 8257
4255 9088
6003 9299
4335 9166
5472 9794
4655 8460
5161 9994
4708 8526
4248 9142
4162 9073
5547 9884
4671 8454
5086 8418
4544 8956
4256 9118
4539 8952
4514 8932
4600 8882
5468 9750
6135 9404
5497 9783
4899 8301
5991 9267
4792 8685
4566 8832
4306 9098
4106 9041
4372 8776
4353 8805
4232 9198
4966 8207
4689 8507
4596 8856
4944 8253
5698 9521
6011 9229
6086 9402
4292 9145
5887 9601
4935 8248
5482 9749
5837 9545
5905 9367
5508 9740
4404 8893
4402 8891
5559 9788
4218 9201
4892 8330
4798 8485
5296 10000
5941 9360
4847 8521
5004 8229
5935 9348
4277 8965
4569 8808
5090 8278
5105 8263
5814 9486
4441 8931
4290 9081
4339 9032
4725 8649
5679 9618
4665 8583
4149 9098
4599 8757
4309 8982
5011 8282
5506 9800
4649 8675
4837 8489
4556 8706
5409 9969
5978 9352
6124 9279
5106 8225
4867 8400
5475 9909
5803 9586
4909 8439
6097 9226
5948 9433
4616 8687
5451 9891
4367 8934
4863 8469
4726 8583
4219 9096
5786 9583
5900 9461
4105 9200
5006 8308
5392 9963
4865 9984
5760 8835
6142 9210
4295 9408
4352 9484
4388 9513
6020 9097
5978 9033
4841 9983
5782 8833
5348 8445
5372 8421
6009 9061
5231 8271
5262 8366
5703 8804
4425 9580
5345 8390
6094 9188
4845 9926
5641 8741
6095 9215
6043 9133
5319 8444
5827 8834
5202 8215
5492 8511
5253 8392
4461 9507
5605 8618
5306 8426
5636 8799
4571 9604
4393 9544
6125 9103
4605 9622
4298 9377
4469 9478
4825 9901
4481 9725
5390 8560
4846 9873
6036 8982
5135 8333
4238 9227
4250 9247
5276 8218
4748 9733
4859 9840
4490 9503
5630 8551
5467 8646
4456 9717
5490 8658
5196 8424
4666 9886
5852 8827
4833 9798
4551 9591
5708 8958
4303 9337
5226 8403
5247 8389
5642 8884
4172 9357
5137 8402
5699 8839
6131 9012
5208 8339
4207 9376
5087 9999
5464 8590
5349 8243
4544 9494
4264 9343
5551 8564
4754 9843
5904 9205
5791 8819
5838 8737
4311 9255
5885 8718
5311 8266
5622 8439
4948 9808
4533 9405
5101 9959
5851 9175
4405 9273
4183 9563
4407 9273
6107 8916
4914 9762
5829 9172
4510 9356
5116 9966
5477 8304
5776 9095
4124 9476
5566 8357
4427 9301
5873 9168
5444 8309
5661 9007
5711 9079
4504 9378
4197 9560
4128 9502
5387 8281
5758 9000
5522 8436
6049 8903
4239 9704
4178 9529
5647 9059
6116 8840
5609 8324
4154 9557
4999 9960
5908 8804
5862 9107
5233 8455
4876 9850
4967 9758
5974 8749
4367 9332
5380 8319
5740 8983
4138 9556
5374 8574
4256 9508
5994 8940
4956 9942
4104 9625
5263 8474
5443 8404
5282 8507
5860 9085
5585 8268
4250 9528
5229 8644
5413 8334
4777 9986
5398 8376
4575 9328
4226 9520
5552 8195
5744 9156
5416 8349
5486 8411
5976 8943
4884 9900
5340 8550
5065 9843
5751 9163
4421 9464
4953 9881
5644 9164
5385 8395
5796 9062
6006 8885
6096 8723
5344 8483
4457 9390
4210 9653
4184 9620
4155 9716
5998 8884
5852 8960
5388 8426
6028 8811
5717 9138
5213 8629
5656 9204
5302 8536
4173 9661
4204 9627
4772 9378
5676 8225
4638 9228
4967 9589
5188 8785
4819 9412
4249 9857
5432 8987
5780 8370
5246 8793
4181 9855
4831 9455
5209 8802
6051 8607
4633 9255
5291 8942
5082 9631
5746 8245
5014 9671
5840 8321
4268 9976
4443 9999
5804 8440
6072 8685
5355 8892
4832 9399
4784 9448
4707 9278
5800 8384
4213 9759
5333 8890
4655 9310
5908 8544
5277 8938
6085 8637
4134 9817
4823 9302
4103 9859
5074 9559
5001 9487
4821 9305
5600 9068
4870 9623
4259 9782
5692 8362
4328 9855
4156 9892
4832 9336
4140 9906
5555 8985
4233 9765
4317 9841
4209 9920
4641 9362
5065 9594
4665 9344
5142 8877
6134 8525
5460 9110
6041 8529
5134 8901
6002 8638
5129 8901
4977 9633
6032 8513
5755 8362
4180 9862
6061 8568
5506 9050
4985 9632
5610 9014
5833 8212
5073 9486
6012 8606
4881 9714
5067 9518
6050 8520
5422 9156
4104 9956
5030 9547
5900 8703
4981 9606
5156 8919
4740 9330
4279 9806
5596 8997
5798 8280
4561 9937
4631 9494
4709 9581
5695 8501
4854 9725
4097 9994
4860 9712
4935 9288
4444 9804
5095 9459
4551 9948
4448 9807
5279 9130
5922 8219
5536 8858
4432 9834
4718 9555
5509 8897
5496 8766
5187 8974
5808 8672
4857 9644
4738 9684
4861 9636
4618 9552
5312 9123
5933 8264
5153 9028
5714 8501
5478 8714
5989 8203
5315 9132
6007 8198
6014 8205
5541 8914
6135 8334
5149 9063
5519 8717
4473 9979
5203 9173
4581 9826
5154 9125
5423 8871
5442 8906
4415 9906
5328 9055
4933 9425
5734 8701
4982 9450
4436 9931
4715 9674
4259 9995
4352 9896
4652 9605
5117 9297
4736 9518
5545 8710
5685 8580
5820 8461
5736 8666
6013 8398
5004 9272
5844 8544
5510 8752
5296 8970
4604 9777
4742 9547
5888 8401
5637 8663
4884 9415
4365 9944
4940 9362
5009 9295
5696 8612
5725 8628
6095 8229
5238 9092
5871 8475
5728 8596
5840 8484
4576 9756
5656 8676
5258 9079
5182 9153
6467 8513
6849 8908
6526 8563
6410 8476
7327 9351
7385 9409
7579 9602
6349 8407
6366 8446
6769 8787
7616 9699
7612 9624
6496 8517
6927 8999
7587 9614
6980 9067
7392 9426
7445 9511
6810 8866
6266 8262
6248 8277
6377 8407
7706 9819
7172 9280
6456 8563
6241 8236
7757 9731
6447 8545
6258 8253
6286 8404
7139 9150
6806 8907
7240 9262
6303 8441
7840 9927
7856 9947
7925 9882
6502 8477
7088 9164
7352 9414
6804 8939
6558 8478
7550 9727
6361 8277
7737 9908
7865 9780
7093 9019
6477 8668
6888 8827
7455 9611
6932 9090
7774 9926
6449 8617
6306 8254
7494 9702
6457 8601
6302 8254
7768 9977
7901 9852
7384 9339
6881 8770
7307 9263
7255 9458
7065 9020
6661 8876
7803 9940
7225 9353
6569 8472
7082 8985
6301 8233
6644 8524
6942 9121
7871 9851
7308 9289
6561 8553
7917 9761
7512 9608
7365 9236
7745 9875
6653 8489
7791 9915
7166 9002
6722 8853
6419 8690
6261 8338
6694 8911
7464 9666
7627 9505
6475 8608
6426 8689
7550 9614
7410 9220
7336 9645
6637 8423
6990 8773
7346 9663
8023 9818
7148 8930
8046 9854
7343 9660
7119 8920
6476 8299
7099 8848
7273 9541
6259 8540
6821 9108
7293 9544
8164 9948
6928 8746
7976 9748
7602 9358
6897 9167
7254 9577
7381 9619
6357 8594
6872 9104
6458 8304
6477 8192
7607 9447
8110 9980
7253 9473
7646 9347
6750 8963
6468 8219
6949 8769
6927 8829
8073 9978
8098 9943
6416 8300
6311 8664
8140 9801
6565 8239
7137 8815
6382 8572
7098 8744
7295 9709
8127 9769
6561 8246
6759 9214
6594 8281
6493 8385
8095 9728
6169 8582
6666 9131
7235 9710
6205 8591
7321 9514
7448 9376
7575 9258
7312 9552
6668 9165
8170 9768
8126 9852
8082 9809
7123 8724
6750 9106
6815 9042
7952 9951
6382 8509
6210 8599
7181 9691
7594 9335
7332 9542
6170 8696
7250 9659
8032 9868
6507 8351
6770 9095
7034 8844
8065 9849
6321 8527
7304 9590
8116 9654
6454 9012
6471 9025
6249 8800
6273 8845
7425 9996
6354 8924
7430 9992
7229 9779
6232 8791
6486 9030
7050 8605
7684 9243
6191 8719
6194 8723
7262 9853
6827 8325
6329 8840
8100 9621
7796 9285
7121 8674
7218 9735
6422 8992
6811 8355
7866 9345
6791 8380
7952 9517
6576 9102
8017 9497
6295 8926
6877 8342
7279 9764
6528 9166
6855 8343
8038 9525
7957 9536
6145 8788
6396 8875
7855 9463
7184 9801
8012 9493
7971 9593
7139 8633
6673 8270
7237 9761
6570 9153
6681 8297
7382 9892
6833 8391
7110 8636
6695 8285
7206 9816
6706 8370
6659 8322
7146 8552
6305 8739
6753 8431
6825 8249
6793 8218
7869 9257
7347 9775
7333 9784
6647 9047
7683 9381
8008 9711
6612 9075
7252 9982
8024 9716
6838 8196
6843 8204
7955 9646
7096 8455
6913 8641
7103 8572
8030 9618
6924 8642
6148 8926
6679 8396
8143 9490
7345 9815
8102 9551
6153 8935
6308 8779
6616 9015
7758 9404
6833 8259
6630 8981
7807 9354
8123 9539
6665 8435
7297 9854
6925 8200
7051 8321
7526 9837
8006 9293
7681 9485
6827 8632
7875 9686
6902 8675
7029 8291
7116 8406
8091 9407
7999 9241
7071 8375
6868 8697
6225 9058
6536 8892
7711 9512
7432 9776
8029 9317
6146 9018
6560 8859
6503 8792
7057 8366
8120 9470
7755 9475
7553 9928
7992 9330
8053 9279
8044 9250
6904 8617
6517 8740
7008 8244
6426 8783
6932 8268
7447 9807
6747 8505
7023 8204
6181 9026
8087 9471
7660 9861
6206 9044
6851 8633
6816 8666
6322 9161
8098 9439
6787 8700
7465 9888
7810 9483
7892 9567
6608 8797
8007 9427
7835 9487
7080 8252
6664 8605
6425 8847
6275 8980
6521 8931
7880 9554
8073 9261
7532 9924
6158 9124
7760 9727
7455 9902
7582 9764
6589 8828
7021 8363
6336 8968
7018 8352
6743 8582
7826 9536
7130 8206
7997 9448
6193 9191
7926 9504
6469 8861
6910 8482
7034 8359
7920 9488
6855 8481
6350 8999
6678 8697
7759 9658
6866 8494
7142 8216
6714 9786
7757 8783
8135 9155
7880 8909
6178 9253
7419 8433
7808 8850
7394 8437
6302 9346
6732 9809
7883 8916
8032 9024
7425 8482
6321 9369
7938 9006
7527 8522
6872 9962
7609 8588
6455 9472
6214 9342
6677 9770
7987 9072
7872 8837
6819 9958
6857 9870
6435 9578
6735 9733
7761 8730
7764 8735
7679 8627
6708 9849
6172 9293
7587 8695
6996 9985
7913 8894
6599 9627
7969 9084
6672 9805
6458 9572
6737 9783
7765 8754
7466 8512
7257 8242
7311 8419
7490 8498
6428 9583
6337 9397
7708 8810
6432 9565
7421 8317
6587 9523
6686 9876
6225 9437
7270 8438
6299 9231
8022 9152
6390 9324
6247 9466
7054 10000
6262 9430
7624 8554
8086 9013
7882 8809
7350 8222
6171 9386
7654 8532
6895 9820
7990 9089
6638 9558
6852 9853
6344 9332
7612 8449
7813 8763
6383 9297
6744 9959
7300 8251
8139 9076
6163 9426
6319 9326
6797 9800
6762 9903
6776 9918
6636 9511
6485 9625
6654 9519
7833 8772
6407 9702
8180 8981
7269 8320
7475 8664
6151 9463
7685 8945
7527 8593
6822 9808
6326 9281
7356 8260
7988 9160
6171 9503
8003 8774
7523 8292
6948 9772
6359 9694
6592 9417
6173 9491
7652 8437
6188 9533
6610 9411
7924 9197
6401 9252
7715 8965
7226 8476
6584 9375
8058 8797
7067 9904
8075 8864
7941 8750
8084 8890
7720 8984
6324 9607
6572 9369
7651 8405
7190 8480
6386 9674
7876 9215
7981 8808
7705 9040
8049 8760
8088 8918
7277 8508
7292 8494
7675 8367
7933 9127
7330 8696
7531 8240
7949 8786
6571 9419
7923 9109
6254 9480
7529 8195
6555 9457
7019 9728
8050 8729
6766 9987
7730 9053
6465 9266
6589 9419
6956 9819
8191 8838
6627 9370
7948 8823
7364 8639
7371 8631
7161 9860
6651 9349
6484 9259
7694 9100
6374 9573
7111 9795
6984 9932
6207 9656
7731 9147
6391 9599
7600 8227
6235 9677
7229 8613
7803 9184
7274 8689
7793 9196
8134 8792
6969 9881
6548 9271
7348 8471
7329 8453
6529 9263
7687 9140
8105 8733
7721 9116
7305 8497
7830 9007
7804 9157
7392 8539
7058 9769
8147 8815
7961 8921
7350 8567
7838 9051
7136 9768
7261 8597
7887 8962
6331 9588
7972 8939
7870 9070
7775 9103
8089 8778
7936 8917
6409 9425
7059 9802
7164 9766
7655 8199
6186 9672
6263 9617
6452 9435
6353 9509
7576 8301
7446 8419
8080 8807
7326 8550
7036 9861
7774 9127
7484 8390
7888 9002
7725 8236
7122 9685
7236 8777
7659 9189
6812 9350
7894 8397
6794 9367
7799 8298
7203 8765
7208 8704
6917 9515
6699 9243
7519 9069
6357 9953
7242 8830
7284 8768
7629 9204
6912 9534
7753 8203
6874 9368
7557 9158
7441 9045
6162 9812
6281 9934
6688 9320
6348 9856
7722 8316
6220 9747
7335 8903
6840 9433
8068 8678
6168 9840
7355 8919
7917 8323
7992 8520
7767 8231
7837 8429
6854 9395
8166 8592
7934 8329
6250 9744
6929 9580
7532 8978
8186 8575
7978 8623
6162 9883
7699 8351
6339 9810
7143 9588
7957 8576
6862 9300
7252 8910
6674 9356
7097 9510
7168 8867
6828 9231
7504 9209
6228 9981
6176 9869
7016 9671
7078 9493
7875 8313
6760 9427
8148 8552
6276 9787
7466 9194
6892 9260
6837 9333
7149 9516
7844 8293
6706 9456
7948 8646
7929 8242
7616 8977
7044 9566
7424 9180
8114 8531
7432 9195
7288 8862
6808 9331
7746 8365
6934 9701
8115 8519
7052 9592
7741 8394
6289 9839
6753 9571
6947 9249
7553 8841
6489 9813
6718 9522
7770 8535
7106 9424
6160 9990
8189 8427
6528 9880
7387 9154
7159 9453
7421 9180
7056 9397
7269 9044
6727 9587
7578 8878
6573 9882
7486 8711
7752 8564
6978 9340
7638 8850
7090 9465
6924 9282
6463 9836
7359 9196
7271 9010
7086 9467
7798 8492
7878 8602
6836 9707
8027 8251
6615 9910
7505 8759
8026 8243
7867 8657
7773 8503
6957 9286
7024 9244
7377 9148
7402 9117
7012 9235
8176 8329
7921 8587
6593 9916
7434 8844
6777 9713
7693 8581
7691 8576
7801 8692
6510 9953
7420 9069
7951 8347
7915 8526
7193 9141
7162 9301
7275 9179
6609 9824
6533 9789
7096 9222
7143 9254
6951 9441
6506 9895
7769 8586
7156 9248
7766 8578
7368 8990
6430 9927
6839 9582
6505 9907
6901 9514
7253 9136
8138 8237
7812 8553
8159 8233
6958 9431
7766 8621
6741 9640
6410 9973
