1000 1063
504 507
833 837
568 572
522 524
2 5
313 318
675 682
640 651
615 620
851 856
468 473
454 459
982 984
50 60
194 211
585 600
650 665
613 625
714 735
41 60
834 855
295 305
367 376
844 852
940 948
417 443
750 756
613 638
264 276
492 496
107 119
928 956
865 893
225 252
418 444
392 407
17 50
207 236
646 674
790 819
266 300
772 803
646 687
832 874
28 55
409 434
273 314
144 187
591 611
646 682
649 676
128 175
330 379
9 59
671 685
137 186
710 754
350 360
278 288
641 695
723 740
271 311
394 435
390 447
578 635
139 176
320 380
708 761
273 300
897 958
656 687
261 327
406 466
783 843
535 595
62 121
670 724
555 608
393 450
423 491
664 725
556 609
282 343
827 884
63 111
516 596
141 217
514 599
392 477
698 748
22 65
421 498
534 590
312 356
909 977
906 983
39 122
306 338
414 510
313 345
15 111
769 866
814 845
525 622
785 882
317 347
10 99
413 500
292 330
34 82
809 856
167 213
934 979
539 610
564 591
17 108
274 367
793 871
299 341
290 349
634 763
340 470
527 652
842 969
849 981
775 911
863 981
339 473
71 204
805 939
357 490
889 1000
564 679
518 658
850 966
616 764
536 653
842 988
55 160
822 943
537 640
814 951
36 191
558 693
375 491
270 400
515 669
61 163
363 500
872 970
38 130
543 699
57 157
105 204
895 984
5 173
282 438
604 750
849 994
283 424
815 924
569 650
265 445
309 384
778 959
102 209
329 499
809 915
322 510
894 962
537 677
49 140
860 993
529 684
864 990
859 996
883 946
358 423
854 916
772 967
592 659
586 649
263 451
777 972
556 745
855 914
567 752
3 203
84 158
561 763
798 980
605 657
579 655
798 978
113 190
272 479
73 152
886 935
7 214
564 741
799 973
51 225
271 474
781 987
75 157
371 420
545 760
43 242
109 183
893 929
537 709
839 920
789 970
879 911
775 997
617 650
589 686
566 723
125 152
820 977
869 899
333 427
45 199
597 703
520 738
83 184
783 995
861 945
588 673
800 973
31 242
303 448
371 386
332 445
296 475
13 249
106 158
368 389
605 683
120 143
3 244
558 726
127 134
79 181
378 385
262 506
801 989
52 200
871 920
203 458
189 446
89 348
569 831
84 351
662 925
563 824
727 988
202 452
241 511
651 923
16 257
114 352
160 436
692 928
619 892
726 974
197 477
100 381
110 372
553 818
559 820
644 927
20 264
13 272
85 328
61 288
661 906
182 425
687 911
736 961
176 402
211 502
97 326
66 362
689 921
149 444
571 786
524 806
118 346
606 882
562 796
244 474
185 406
694 902
747 986
18 291
692 901
609 851
95 365
161 407
250 461
551 784
604 875
162 410
21 301
80 360
47 278
732 998
255 453
48 267
181 398
753 972
595 878
215 489
664 934
131 445
601 870
623 848
143 463
237 431
241 435
660 983
45 361
21 337
98 298
757 957
30 340
58 369
604 786
139 452
606 785
254 430
1 336
103 309
46 380
667 968
216 396
665 975
39 369
161 503
765 933
34 378
519 862
635 802
138 465
720 908
9 341
531 846
618 778
741 901
195 419
757 917
173 463
102 258
575 859
756 913
560 854
179 469
72 302
722 948
695 988
19 382
680 967
105 281
594 802
691 962
150 483
79 310
125 263
239 405
702 964
171 469
594 813
540 926
550 930
713 845
718 842
706 839
212 339
36 430
231 364
220 336
37 437
653 796
44 446
760 874
56 429
171 318
246 355
69 467
118 480
748 891
210 325
11 403
755 873
767 868
64 476
253 353
173 307
146 269
755 850
130 291
179 279
168 268
690 791
226 324
680 768
206 359
717 864
138 295
82 508
22 440
32 398
678 777
129 305
201 377
644 821
574 908
542 941
40 411
215 354
162 279
515 955
528 937
131 314
564 911
175 275
76 496
240 332
733 865
99 478
637 963
195 381
758 841
177 270
35 412
567 904
154 293
101 420
611 930
189 382
170 366
741 800
764 826
622 936
252 315
70 385
76 388
142 327
582 911
585 899
627 959
155 343
117 441
159 338
724 793
532 985
702 880
126 433
205 285
744 824
133 342
74 414
198 275
725 771
530 964
104 447
602 898
521 979
704 795
126 421
734 770
589 913
51 492
221 316
11 489
238 268
741 775
584 940
631 914
243 277
186 349
86 433
14 487
677 846
137 357
20 505
35 460
26 501
215 295
654 895
652 894
65 435
53 455
617 922
637 905
698 844
4 508
709 829
180 333
104 401
141 372
548 990
218 289
607 932
674 857
540 999
483 995
2 514
442 954
86 598
315 827
75 586
199 708
54 565
16 533
431 938
238 742
135 654
377 880
51 569
202 710
329 836
370 892
393 903
82 604
235 740
14 513
229 746
42 570
408 904
261 788
46 575
82 576
215 709
220 719
91 584
29 521
387 919
416 949
164 689
114 612
219 707
74 592
281 771
248 738
94 581
394 918
351 835
70 602
9 532
305 812
286 769
292 774
147 688
321 869
280 830
368 858
42 513
205 742
482 969
499 991
442 918
88 629
437 923
222 752
245 730
231 712
232 728
95 621
401 931
33 530
373 833
484 989
439 909
344 867
405 937
419 927
438 907
119 585
136 694
150 681
422 921
9 585
352 804
348 792
146 727
497 951
210 666
183 767
83 538
495 933
388 975
87 539
134 712
463 896
350 782
284 847
334 797
355 816
289 885
301 889
187 751
58 623
167 753
356 818
246 672
196 659
19 580
391 991
323 795
484 956
194 667
334 791
443 993
262 861
41 631
132 730
40 630
216 647
230 697
227 643
307 851
191 734
277 887
27 633
375 787
397 1000
427 974
225 650
256 876
29 624
295 842
472 950
149 762
468 955
326 822
144 737
240 642
10 632
328 826
91 552
344 811
219 687
303 858
140 762
81 553
229 668
198 701
8 628
267 887
67 706
497 882
464 852
18 662
266 911
223 601
116 754
43 684
462 838
30 660
226 616
320 971
34 686
223 593
277 923
64 719
341 965
221 588
483 882
66 721
511 875
165 562
228 627
397 794
117 749
503 877
463 851
222 579
251 614
262 923
147 525
213 629
466 881
456 875
428 776
25 700
123 733
31 696
399 807
453 876
236 581
235 577
180 542
307 926
159 560
63 655
259 945
54 645
37 656
241 583
478 873
90 749
276 942
156 550
77 759
299 912
482 857
96 731
85 745
230 603
304 910
245 587
395 821
383 960
190 638
490 808
438 882
185 636
112 693
131 582
472 797
116 690
165 610
153 606
434 890
150 606
51 761
504 823
81 670
383 944
416 879
358 950
166 628
335 924
145 578
308 992
364 952
379 942
155 590
163 630
224 565
435 875
451 794
274 971
475 775
459 790
89 647
172 626
184 600
305 976
317 988
424 843
156 639
362 910
67 678
259 998
501 784
93 696
209 569
6 751
481 779
494 773
33 716
483 781
359 905
62 720
12 739
506 789
298 986
138 634
244 516
108 669
247 517
439 835
72 703
207 568
429 853
201 561
174 598
197 572
131 634
287 997
150 621
87 683
96 668
390 888
426 853
153 614
487 743
347 603
449 707
215 980
44 810
78 840
224 999
177 953
415 663
461 709
53 829
436 701
294 559
8 770
6 780
100 878
260 527
297 546
218 982
302 546
507 758
341 600
455 713
410 661
374 612
290 566
188 936
373 608
404 642
170 957
24 768
294 574
178 938
307 554
120 866
485 766
497 749
479 704
432 657
228 965
354 576
107 840
324 615
250 985
142 941
488 715
287 570
345 639
121 862
260 557
319 534
448 746
460 743
110 834
361 580
129 943
306 541
73 870
151 952
34 786
3 817
312 522
404 679
308 519
92 872
319 523
4 817
148 929
57 780
332 634
502 705
505 718
26 813
285 548
101 863
115 841
337 618
7 828
172 912
389 697
325 633
497 716
332 626
169 919
295 537
486 729
418 739
3 834
192 898
323 512
192 900
413 731
154 978
90 787
88 786
457 643
353 555
391 714
233 932
494 672
127 812
366 573
98 823
402 711
449 663
243 939
441 737
438 749
283 583
135 987
304 620
237 944
217 900
253 931
471 648
69 805
511 671
71 806
92 831
425 717
365 523
178 980
396 747
25 881
68 812
374 541
168 963
395 736
432 705
38 855
258 624
206 954
52 834
464 681
56 836
465 685
257 636
68 825
94 801
422 551
97 994
342 722
255 890
173 810
128 776
78 966
426 544
408 531
225 877
266 646
166 808
247 888
376 744
169 825
182 807
346 715
331 735
387 535
164 816
384 533
293 688
269 666
188 811
24 896
12 916
227 891
214 847
297 691
462 596
215 845
239 883
234 886
28 897
233 884
251 868
23 949
115 976
488 587
244 855
151 819
138 812
32 903
440 528
148 828
48 922
399 549
509 593
178 799
370 732
232 838
495 607
196 885
266 699
411 554
486 597
316 648
428 536
321 759
1 953
445 517
317 645
200 882
123 960
409 549
470 619
15 946
485 600
415 545
417 543
286 673
284 675
212 788
112 947
480 547
403 599
193 773
493 552
249 830
457 526
136 832
93 917
311 766
458 512
193 779
77 902
454 520
113 958
124 947
27 980
322 658
509 557
400 577
256 721
498 547
132 848
280 718
248 815
133 860
456 529
476 518
59 992
80 907
124 935
481 573
262 741
412 632
234 782
122 925
467 571
241 792
363 641
174 837
335 676
47 961
277 741
296 729
511 526
450 563
310 711
145 867
208 803
386 625
23 996
317 718
208 804
265 765
331 700
471 544
493 538
254 774
49 968
106 915
295 728
178 845
