10000 10001
8506 8507
3836 3839
3312 3315
880 883
65 66
8761 8762
9834 9838
9650 9654
408 413
1403 1406
8424 8429
5979 5982
8312 8318
5235 5237
8163 8164
8241 8246
3573 3581
614 622
4693 4701
2949 2957
391 399
8727 8735
4211 4218
8928 8937
7234 7243
4512 4522
2501 2511
6306 6312
8422 8428
1714 1721
8161 8170
2454 2458
935 939
1107 1119
4902 4907
8903 8906
8595 8605
3744 3759
9106 9117
3204 3220
8416 8432
5288 5304
3564 3581
1732 1749
5291 5306
8142 8159
7396 7413
448 466
3502 3516
1800 1818
416 435
6729 6749
751 762
3180 3193
4270 4280
2212 2226
5325 5339
992 1015
4035 4059
771 794
6146 6171
6441 6448
1892 1918
9478 9500
9194 9206
7424 7452
8197 8217
5455 5458
1551 1553
7334 7352
6538 6548
7142 7160
477 509
7497 7529
1115 1145
8205 8239
2716 2751
918 946
2197 2225
128 164
5703 5731
8270 8298
708 737
5081 5116
8208 8246
8138 8162
4747 4770
4563 4602
8402 8443
6346 6371
1602 1640
6405 6447
833 874
6288 6331
9285 9321
2203 2229
9350 9384
411 436
7774 7793
3087 3135
8472 8488
8659 8674
9374 9391
8856 8873
4946 4960
2176 2227
1942 1957
2306 2358
3483 3503
6986 7038
1867 1918
2702 2744
213 227
9493 9507
899 948
4443 4460
2442 2482
9740 9780
3419 3426
6481 6504
1943 1965
3615 3621
336 362
2124 2166
5122 5176
3673 3682
3214 3253
2816 2877
3355 3366
5827 5886
3267 3324
4939 4980
2304 2368
2491 2555
6203 6267
1950 2015
3215 3278
8466 8531
6417 6480
3348 3414
8321 8387
7959 8021
5007 5068
3765 3825
9860 9921
7100 7161
5435 5501
4900 4963
4513 4582
4909 4965
9757 9813
48 121
422 495
3631 3686
8074 8131
9658 9715
798 852
8216 8274
8069 8142
7187 7256
8464 8541
8481 8556
8461 8514
6331 6388
1063 1143
2994 3042
5906 5954
23 69
3097 3147
9263 9340
5636 5713
769 855
6670 6744
1424 1479
7475 7524
5655 5696
7435 7516
915 971
3476 3532
9232 9288
8192 8280
525 599
4408 4450
5567 5605
7223 7277
2592 2683
5645 5718
2207 2243
2048 2140
2071 2123
8853 8905
7824 7884
178 239
7987 8046
3611 3652
1851 1892
8971 9044
7588 7675
3613 3709
3771 3803
410 506
5429 5462
1805 1897
396 489
2363 2398
8459 8558
8233 8268
7304 7405
6531 6634
2094 2116
8467 8569
4620 4711
6949 6990
9386 9409
3596 3680
9137 9181
1204 1242
2604 2627
4894 4974
9099 9211
3848 3961
1544 1657
3350 3429
6586 6601
2110 2122
4634 4718
2202 2287
9133 9176
7356 7369
19 101
9364 9442
4392 4447
1813 1901
185 193
2082 2138
128 248
7572 7660
9505 9560
9732 9854
6041 6115
8633 8642
4620 4720
4611 4735
1156 1272
7814 7930
183 202
3760 3789
6965 6984
6436 6489
1470 1472
7717 7771
8858 8932
39 88
1465 1478
8242 8269
7832 7911
2674 2802
8245 8373
3138 3267
4153 4280
583 710
3113 3243
272 402
1880 2010
6255 6381
3888 4019
2416 2547
8730 8857
1900 2024
369 500
611 741
2896 3031
4398 4518
2673 2809
2868 3004
3589 3724
2412 2533
9338 9459
6961 7096
9294 9415
8249 8368
2616 2738
4391 4525
309 447
3416 3539
1097 1221
6178 6318
5126 5258
4368 4510
7451 7573
5152 5294
1090 1234
54 166
1111 1222
3431 3574
9501 9612
4616 4763
7512 7627
8304 8419
1393 1508
90 207
2360 2477
5170 5285
3634 3755
2408 2545
2846 2948
2576 2698
5725 5831
1100 1239
531 654
7426 7583
9018 9127
1347 1501
1130 1268
7685 7834
127 223
1090 1250
2670 2766
861 1020
8450 8611
6912 7074
6168 6330
6452 6551
368 468
4432 4596
579 743
2635 2799
1325 1416
277 432
2340 2433
116 209
8308 8401
6496 6597
2419 2523
5147 5299
7994 8082
7755 7906
6756 6861
552 643
1295 1443
8747 8839
9059 9167
4223 4306
3922 4095
8200 8357
4152 4246
6263 6361
4632 4776
321 497
2635 2810
26 171
9083 9162
7757 7932
5444 5621
5890 6067
7229 7311
4419 4592
5233 5314
611 727
6401 6580
6694 6803
8511 8585
6230 6369
1877 2029
2941 3013
9747 9899
9292 9460
3693 3796
3181 3284
5669 5788
1894 2012
5143 5293
1142 1226
9803 9975
6679 6827
3179 3286
5929 6036
9472 9662
2839 2984
9293 9458
5911 6103
2122 2187
1858 1923
2057 2251
5718 5780
5657 5850
1361 1429
2829 3017
5683 5879
6155 6351
2630 2688
5215 5273
3177 3246
3918 3975
1849 2032
889 947
1364 1438
5678 5860
6761 6819
8516 8590
3631 3812
9014 9213
7543 7612
6209 6282
8294 8365
4471 4539
7733 7929
7191 7384
3174 3255
6477 6556
9065 9144
5214 5260
6692 6903
3873 4085
1637 1712
8231 8434
9252 9457
3967 4009
3613 3786
9244 9419
3614 3783
1084 1253
7206 7423
2393 2434
3677 3713
7468 7664
6193 6381
4724 4777
3191 3242
9793 9884
3448 3494
8237 8435
5236 5290
2562 2781
9287 9368
6971 7140
6684 6908
2383 2478
9330 9363
3629 3791
826 984
2308 2534
5733 5767
9249 9411
2339 2496
8232 8395
9238 9458
6463 6619
3966 3995
9769 9935
9270 9425
6478 6566
9307 9395
569 720
9333 9372
7779 7818
3336 3554
1144 1170
6426 6640
9784 9938
4654 4805
7954 8190
9227 9447
8024 8117
4394 4548
3639 3801
5464 5558
548 715
8058 8085
2378 2490
5468 5549
8974 9215
3133 3279
4195 4241
3599 3835
8508 8648
7775 7851
6715 6862
3099 3309
639 649
75 189
9554 9636
5989 6035
537 750
6741 6818
8315 8323
7509 7596
1149 1159
2358 2508
9785 9923
5941 6095
813 982
9571 9631
7449 7653
2392 2469
3083 3316
4115 4332
3104 3360
9418 9674
2566 2823
1723 1978
1779 2034
5803 6058
5178 5435
4128 4386
5678 5932
7245 7503
1580 1839
1240 1499
1607 1858
1061 1315
1617 1878
6785 7046
2717 2965
3304 3552
1189 1453
3187 3451
7805 8053
7322 7570
1687 1950
2104 2353
7265 7528
3830 4092
6888 7138
7862 8124
4635 4887
5667 5935
7706 7958
6284 6529
4747 4997
2594 2861
7757 8002
7840 8111
565 805
1119 1359
5185 5457
5661 5901
9216 9488
3672 3913
2103 2342
4179 4418
5741 6012
1217 1491
1550 1821
8416 8691
6841 7082
8813 9081
2808 3053
7300 7569
5235 5478
7740 7977
5350 5616
1261 1530
2666 2941
5855 6088
1089 1369
1129 1393
2704 2952
3586 3867
8941 9204
7732 7982
8325 8606
244 488
1236 1480
2101 2344
4100 4377
9 279
9397 9621
4142 4367
9469 9692
4274 4496
1077 1303
1027 1312
4676 4967
3657 3946
6191 6412
236 457
8746 8975
6289 6582
1026 1322
7927 8159
1680 1977
1543 1838
7892 8189
6377 6592
1070 1284
109 327
6808 7090
5778 6072
8770 9064
1165 1446
5183 5396
9767 9996
6825 7042
6793 7077
8777 9060
9379 9614
5763 6061
657 958
7813 8106
9327 9567
1684 1957
7388 7661
107 345
9250 9488
2675 2880
9414 9717
2804 3009
649 956
7827 8102
4682 4988
7827 8101
5274 5548
2272 2519
565 770
9335 9536
2053 2364
7712 7963
6291 6568
8810 9041
2298 2502
137 437
7752 8052
7697 7981
2265 2532
2065 2351
6308 6554
575 768
8443 8644
6730 7029
7355 7556
6338 6530
5178 5498
2790 2983
3272 3466
5203 5393
1643 1832
9413 9601
7368 7564
3748 4065
5651 5974
4206 4392
2239 2552
6702 7017
205 389
4266 4579
2282 2464
536 850
5753 5939
2691 3023
6773 6968
5801 6116
9448 9638
7292 7474
3260 3571
7796 7995
5245 5426
9468 9645
5159 5494
3703 3877
9253 9590
5786 6089
9 349
2050 2390
1176 1486
7769 7951
8940 9147
7313 7622
8834 9173
9810 9994
7764 7948
8714 9042
2679 2862
1720 2017
7186 7499
7848 8177
1110 1293
1697 2042
5135 5460
7701 8014
9270 9578
9286 9498
4665 4964
8217 8516
63 352
2727 3064
1773 1970
3218 3570
2158 2318
5835 6059
7795 7955
4287 4574
1756 1981
7746 7971
2175 2333
532 886
571 857
533 887
6316 6606
6851 7073
4 359
8248 8539
2640 2869
8261 8480
6237 6456
8259 8486
36 322
8218 8572
1175 1520
6835 7131
6660 7022
6873 7093
2289 2460
1184 1485
5656 6005
172 450
3824 3998
5716 5946
9354 9700
7289 7447
7928 8087
6225 6462
7750 7977
1269 1413
2689 3057
7885 8125
6332 6604
8882 9154
2754 2995
2268 2477
4200 4377
3094 3428
2118 2356
8892 9166
7684 8054
7856 8131
8420 8599
8791 8996
2264 2476
5253 5617
4645 4944
2156 2330
2144 2327
20 364
1573 1884
7260 7461
1092 1342
4727 4877
8897 9147
3115 3408
3273 3506
4141 4438
5799 6108
3081 3445
616 788
1215 1475
1645 1808
5167 5458
8392 8629
3190 3574
7899 8027
1770 1899
1066 1451
5691 6074
5817 5944
7797 8180
3711 4093
4784 4914
4230 4356
5297 5427
8394 8521
8202 8590
7778 8167
21 403
2155 2541
4214 4592
3200 3334
6833 6966
7374 7497
6832 6969
5334 5471
1724 1846
2669 3041
101 488
7184 7581
6838 6968
3737 3849
1278 1390
1096 1498
6314 6456
208 323
7288 7659
1554 1926
7201 7605
6837 6945
4167 4562
3093 3456
7372 7514
1103 1496
2655 3016
1137 1510
6276 6419
9277 9642
8313 8686
734 838
1121 1529
676 828
8925 9029
231 382
1159 1309
4303 4437
2216 2354
7180 7574
6686 7044
7784 8178
3831 3948
2785 2938
2201 2309
7298 7454
9289 9684
4801 4959
4198 4600
7766 8136
8877 9011
4231 4376
3231 3328
9311 9727
211 370
1752 1913
6856 7017
1049 1467
1762 1856
1183 1340
7216 7571
5651 6071
719 872
7886 8038
254 343
739 842
3084 3494
2647 3068
4835 4936
5708 6119
6794 6945
6763 7104
182 282
7872 8044
8898 9071
5230 5571
6897 7004
94 496
7196 7603
1704 1816
1710 1822
620 988
7363 7538
1536 1970
7690 8121
8398 8573
5673 6045
6748 7144
2753 2935
4103 4529
2054 2481
9428 9571
5825 6006
752 840
7881 8049
9299 9707
8766 9095
5165 5524
8737 9112
241 331
2084 2463
6285 6449
5204 5608
8303 8658
8923 9062
5158 5528
174 273
1664 1855
8949 9034
4099 4547
7169 7617
5321 5385
4225 4416
3778 3843
2212 2405
1193 1387
1555 2001
6339 6400
4248 4445
3152 3477
1656 1982
5680 6135
6656 7111
633 945
1136 1464
8827 9138
5247 5558
5233 5560
5 463
2775 2844
3642 4086
3688 4004
5255 5451
5121 5583
3599 4032
7745 8078
8932 9003
6739 7068
4317 4365
4210 4514
4756 4932
7181 7645
517 980
4233 4440
6778 7083
7299 7506
3687 4021
9940 9990
2653 2958
7337 7549
12 473
1609 1948
6738 7047
3732 3906
7358 7528
8414 8456
1578 2045
8946 8997
2130 2442
3585 4057
9320 9648
6782 7079
3252 3438
130 344
1219 1305
7358 7525
634 934
1115 1415
1104 1420
7250 7566
1745 1804
1764 1849
2653 2944
7850 8055
1178 1348
3637 4075
5745 6063
5372 5410
5870 5936
4284 4451
7884 7980
9956 9988
2609 3024
4324 4357
5314 5411
3699 3985
633 922
2121 2474
3310 3341
7734 8146
2598 3011
3628 4043
5760 5991
7305 7534
6205 6618
8810 9101
2664 2945
619 898
5244 5526
3779 3880
2643 3007
6290 6526
161 335
518 1000
6247 6537
8437 8474
7309 7522
2561 3056
3816 3865
3616 4050
3775 3915
1191 1363
5172 5568
3207 3440
3281 3366
541 1002
1204 1347
4312 4399
6150 6641
212 302
5205 5551
2682 2945
6180 6623
7853 8022
4797 4929
8848 9069
7777 8092
5788 5986
8419 8477
2773 2858
2101 2506
2382 2894
252 764
7318 7830
1031 1542
1142 1655
196 709
5444 5958
1331 1840
3291 3800
6398 6909
237 745
8383 8890
9468 9977
1275 1789
6250 6764
9262 9768
2407 2912
429 938
7462 7969
6308 6819
3533 4037
388 909
6522 7027
8469 8991
2497 3018
6358 6877
1111 1627
2161 2685
6396 6896
8253 8753
79 577
5395 5917
7594 8100
102 617
4117 4634
4452 4971
7329 7854
8549 9066
8659 9155
5341 5837
8230 8757
2117 2641
8248 8748
7288 7788
3475 3974
40 573
8460 8985
4232 4767
2142 2633
3262 3753
4511 4999
4154 4642
9448 9968
7474 7978
92 581
7372 7893
6233 6720
286 772
3262 3748
8406 8909
2289 2796
3565 4083
4177 4687
5373 5859
1387 1908
450 994
3487 4031
6433 6913
1445 1924
3488 3969
4128 4609
2105 2587
4344 4826
2405 2887
1268 1751
217 765
4155 4639
5254 5794
1385 1868
2305 2852
8315 8798
7330 7815
21 563
10 556
6386 6868
3085 3626
3105 3590
7648 8135
5625 6097
2231 2718
3265 3816
8215 8766
8578 9131
3198 3668
4238 4772
1143 1628
4217 4690
8632 9107
2061 2593
1106 1662
6554 7095
5264 5823
173 668
6558 7087
1400 1866
4401 4867
4224 4786
5583 6140
485 977
412 936
6147 6711
3162 3695
5167 5658
8482 8980
7310 7865
37 541
1523 1994
1069 1556
7638 8175
9401 9859
168 660
3292 3808
3513 3972
5449 6004
6228 6762
2537 2984
8395 8842
3440 3890
4336 4787
5569 6018
3399 3843
1056 1636
9433 9885
1140 1585
7484 8057
5266 5847
6203 6781
8355 8933
3348 3932
5363 5819
3185 3640
1035 1602
4309 4764
6339 6794
6153 6720
179 761
3325 3767
1137 1595
9314 9768
1274 1713
494 933
7674 8113
3364 3944
59 630
2086 2664
6202 6772
4178 4637
6407 6998
5607 6070
1358 1820
1299 1857
1495 1925
2528 2994
2269 2702
1187 1776
9245 9806
1380 1840
5241 5677
296 895
3165 3594
7515 7948
8360 8959
5194 5650
6545 7117
2392 2821
1320 1910
5618 6060
6629 7099
1289 1896
4467 4881
5476 5894
9348 9958
2083 2624
4265 4810
7339 7887
9225 9837
2300 2713
1108 1585
5585 6068
7565 8171
5355 5773
7576 8191
2136 2608
9247 9847
7540 7964
9233 9851
4369 4986
6277 6889
3428 3849
3212 3809
9393 9948
6182 6731
4290 4780
1041 1663
5508 6122
1350 1833
3379 3932
8692 9115
5137 5758
3272 3768
443 970
6394 6795
4165 4663
6149 6775
7477 8007
7278 7709
6232 6699
6430 7018
5164 5722
5581 6074
2149 2589
5132 5748
9256 9808
2503 3005
4322 4760
8530 9000
8258 8761
5356 5783
4335 4755
1484 1968
1511 1947
7566 8178
2097 2639
8323 8957
7211 7765
3259 3643
2252 2638
7308 7694
7601 7986
5313 5698
3320 3708
3406 4042
7636 8016
6528 6916
7234 7878
2421 3056
5591 5970
7244 7882
8322 8708
1353 1985
6635 7011
5576 5952
6568 6944
4259 4650
8401 8792
8523 9153
6616 6994
7485 8118
7271 7915
5325 5697
1236 1625
3479 3866
2299 2676
8261 8906
3343 3999
3229 3596
5522 5891
3289 3659
7349 7719
7373 7775
7451 8072
2246 2642
9334 9955
2410 3068
392 799
8369 8742
9389 9781
9372 9733
9370 9731
7261 7876
9629 9991
5269 5647
1482 1873
2222 2613
6555 6912
7615 7972
1235 1615
4319 4674
292 954
3392 4062
2135 2760
9463 9832
6151 6808
7188 7819
8282 8901
3509 3861
7200 7808
3467 3881
1126 1733
2515 2928
5391 6058
7638 8051
9407 9754
1152 1574
2115 2795
6562 6922
8361 8704
2386 3065
6169 6834
3289 3701
3144 3812
2319 2978
2275 2638
2137 2793
5366 5702
7618 8051
1277 1615
1037 1727
9275 9865
2290 2625
2332 2991
4585 4954
5427 6016
7542 8133
8623 8988
6241 6869
8279 8931
2422 3011
8258 8948
2148 2780
7491 8187
4313 4704
8214 8879
5346 5723
7354 7683
9377 9752
3140 3832
1248 1629
250 580
7487 8065
6404 7098
7428 8123
415 863
7271 7845
3424 4003
3545 3869
4168 4748
250 574
7670 7986
7172 7872
1367 1938
7607 8049
9461 9779
7259 7836
383 951
1423 1863
225 553
1532 1844
9295 9862
3305 3618
4276 4735
5546 5985
1376 1964
6152 6852
6409 7109
282 983
6654 6963
6627 6958
108 675
5318 5641
6181 6890
1200 1632
6309 6773
5416 6136
2335 3022
5305 5736
6492 7053
3294 3595
5438 6123
4347 4653
1507 1845
7575 8001
3532 3867
1042 1738
8615 9087
6388 6700
6460 7140
3356 4038
369 939
314 993
3460 3935
4172 4752
1086 1762
97 700
4483 4958
6223 6802
9688 9989
3132 3810
2195 2637
5169 5871
6188 6899
6285 6738
8544 9151
5339 5636
3290 3642
419 835
1308 2044
6453 7125
3363 4034
8695 8981
1299 2032
4605 4894
4146 4817
7287 7828
7360 7715
9251 9927
7307 7790
2349 3019
5262 5736
2150 2689
6313 6734
7302 7777
7366 7713
148 636
4102 4846
7168 7912
6224 6842
4254 4725
163 591
5182 5842
2362 3031
3172 3721
4173 4771
4126 4848
380 915
5349 5642
8668 9011
5327 5664
6556 7020
9280 9904
6336 6704
5134 5886
5544 5977
6418 7136
4166 4789
61 718
4338 4609
1535 1802
7548 8073
3168 3734
2439 2929
8441 8719
5302 5696
3454 3977
1418 1917
8400 8743
5253 5746
1329 1993
1479 1855
7402 7698
7308 7796
3549 3876
7463 8158
194 568
8552 9106
8213 8943
6585 6979
8634 9025
3168 3740
5593 5925
4107 4854
3183 3730
3184 3952
3228 3996
344 600
7176 7944
62 831
1132 1901
4464 4722
5168 5938
8244 9015
248 1020
3388 3641
1076 1841
4576 4837
9619 9878
5523 5782
6461 6712
6380 7145
5541 5795
1433 1694
3361 3622
3355 3603
1463 1724
5298 6073
3199 3955
2253 3008
1327 1570
2167 2937
7600 7870
7385 8151
9552 9822
3109 3882
3363 3635
1030 1814
7377 8129
64 849
8657 8896
5483 5754
7239 8021
5627 5865
19 775
7539 7783
9476 9744
6160 6917
8224 9013
1031 1809
2538 2812
8678 8945
6479 6744
1113 1857
8227 9019
493 756
2168 2913
386 664
6222 6996
8504 8738
2494 2720
5370 6116
9508 9787
8354 9090
1125 1860
2182 2983
246 980
2377 2667
4479 4701
3132 3870
5228 5966
7422 8157
8452 8736
7616 7909
2374 2656
4573 4859
3249 3991
3165 3963
7291 8028
4434 4730
5447 5742
2325 2623
6562 6792
8554 8768
6635 6848
277 568
1484 1761
8287 9074
2352 2590
8591 8865
1324 1539
145 929
2127 2943
2389 2661
287 558
7498 7803
5511 5813
2338 2583
290 535
5129 5948
8586 8895
3314 4042
8577 8889
4566 4847
140 949
7345 8072
481 731
9700 9950
170 913
4122 4902
312 516
7670 7882
1352 1653
7301 8120
7591 7833
7364 8186
6204 6914
394 693
4458 4693
5125 5946
6159 6960
1058 1890
7347 8179
6200 7032
2551 2742
3437 3628
3482 3800
6262 6964
2319 2636
2411 2600
1116 1816
3149 3848
7325 8152
9592 9789
1185 2023
2260 2963
8635 8956
7268 7971
2215 3054
3106 3947
6268 6965
2239 3061
9582 9764
9647 9957
2498 2697
4469 4665
1085 1907
1463 1785
2532 2731
3095 3911
2074 2888
4462 4668
5626 5800
5149 5967
8696 8874
8506 8808
9589 9766
9583 9788
9681 9858
1210 2030
4495 4826
2456 2765
3548 3722
5343 6025
3310 4022
7300 8156
5491 5675
7170 8027
9474 9816
4583 4794
7658 7863
2171 2853
3557 3771
105 823
8463 8785
5603 5821
6270 6944
7666 7852
9578 9738
6625 6784
9313 9984
179 977
2303 2972
5389 5742
5239 5908
1249 1924
4219 4893
4355 4708
7383 8112
5277 6138
334 550
4363 4707
327 559
8329 9185
7521 7689
4108 4965
6286 7143
7503 7718
4591 4740
7524 7695
5299 6104
7443 7800
7168 8044
4111 4962
6237 6960
5338 6071
7237 7976
5560 5845
3107 3917
351 561
1224 1958
9637 9931
9673 9895
3421 3629
3367 3671
6226 6946
6445 6748
6348 7101
5556 5830
8512 8754
9653 9926
8528 8739
2361 2637
4505 4844
263 626
8203 9086
2330 2668
7240 7998
2543 2712
1101 1850
262 625
7355 8140
8628 8899
7272 7967
2526 2726
6408 6768
9551 9782
8262 9023
9577 9744
3478 3820
1233 1962
4577 4762
14 882
1324 1616
7199 8035
6282 7158
3405 3632
2344 2646
1248 1951
3098 3994
8256 9152
8547 8930
6561 6690
8487 8868
3076 3968
1394 1782
5397 5777
1032 1933
1465 1596
2079 2969
2424 2815
9487 9864
3090 3994
9348 9996
1438 1559
1230 1861
3505 3645
298 678
1190 1834
8404 9048
7394 8046
337 732
4416 4814
7237 8138
8630 8742
1430 1543
6593 6739
6232 7114
510 621
478 589
173 830
6637 6777
6443 6847
8584 8732
239 890
9623 9729
8679 8817
2203 2828
29 906
8674 8821
3511 3630
2466 2619
4404 4781
7486 7847
6235 7106
4531 4649
8610 8760
8381 8999
9723 9825
5602 5752
5542 5693
5213 6081
1084 1954
143 785
3510 3624
7558 7704
3208 3863
2427 2779
1340 1692
4242 4915
8641 8800
2270 2940
5453 5871
2257 2930
6321 6930
32 900
3543 3699
5554 5654
8418 9030
1250 1863
2209 2820
8329 9004
1071 1927
6284 6948
7606 7708
9538 9960
8620 8710
4518 4621
6569 6658
2192 2876
3125 3993
5327 5987
89 1015
2536 2630
9492 9914
201 888
1173 1831
8192 9138
4348 4943
2096 2948
3390 3722
186 782
3236 3856
4275 4871
4494 4666
5623 5699
4299 4990
8301 9176
6263 7106
3217 3879
3472 3622
7393 8023
3209 3902
1459 1540
2229 2829
427 530
5574 5759
1045 1967
8483 8857
2153 3026
4499 4648
8464 8875
6170 7073
7215 8084
6185 7058
9626 9761
3100 4000
5475 5855
3114 3991
144 813
5613 5712
1434 1572
1436 1570
7445 7893
6238 7070
2372 2693
51 1009
1051 2009
6541 6735
9685 9751
7460 7911
7342 8045
4537 4733
7625 7693
8372 9072
2137 2972
5206 6035
1160 1870
3161 3999
4454 4768
5181 6139
3120 4087
492 555
5381 5826
6159 7112
2280 2848
8421 9005
3404 3717
5307 6002
9634 9835
510 564
1081 2034
6373 6952
9537 9868
5188 6025
6565 6760
6349 6915
3372 3811
8239 9184
5471 5776
1176 1864
8309 9125
7295 8110
1269 1831
2093 3070
5474 5809
5286 6005
4498 4679
6240 7093
1351 1681
3223 3905
1337 1775
1335 1760
5226 6077
6317 7034
3551 3591
6580 6764
7522 7866
1133 1972
421 639
2129 2954
1439 1603
6573 6769
5197 6032
8347 9030
7357 8032
288 766
4282 4954
3412 3764
1422 1646
5319 5927
1518 1551
6240 7041
2453 2679
8299 9097
5542 5700
4489 4714
6409 6890
1080 2012
1441 1605
4589 4617
1270 1811
8587 8814
9453 9992
5513 5743
9594 9884
8581 8802
1259 1795
8550 8846
7595 7747
430 583
7403 7938
8599 8830
8473 8944
406 636
2128 3002
5631 5653
5505 5739
2261 2878
3285 3897
342 698
9703 9739
41 964
7286 8091
6376 6917
8403 9022
1306 1781
4316 4915
8525 8866
366 670
6532 6772
5168 6081
5138 6115
8333 9087
8542 8876
8530 8865
8491 8927
9614 9850
6463 6859
8694 8706
6455 6850
4485 4723
3422 3752
1333 1740
3329 3835
6373 6943
7659 7697
6543 6771
8446 8960
5191 6073
5494 5768
4287 4928
5263 6000
864 1889
519 1541
621 1647
8481 9507
803 1824
6732 7759
8867 9888
8689 9714
2102 3122
6947 7975
6930 7958
2196 3217
2615 3634
8665 9692
2323 3349
6229 7251
257 1286
22 1055
8528 9561
6972 7989
2553 3571
2671 3683
8855 9882
2278 3304
187 1205
2430 3441
5041 6078
2947 3987
3008 4049
873 1912
6858 7899
896 1939
2186 3225
6576 7587
8784 9795
397 1433
7003 8015
8767 9771
655 1690
6152 7197
6491 7500
2856 3888
3060 4076
8295 9343
6664 7696
273 1288
271 1301
212 1230
2712 3715
2685 3686
6929 7946
2273 3325
2569 3605
8513 9565
6606 7632
6873 7879
6374 7416
8523 9579
8790 9846
8538 9594
6269 7261
320 1378
197 1255
8925 9983
15 1068
6678 7733
2560 3620
6424 7484
6334 7322
5069 6120
2675 3669
8392 9454
8788 9842
2920 3919
2240 3305
817 1819
6679 7741
8946 9945
6546 7609
937 1925
26 1078
7039 8018
9001 9988
6607 7649
8234 9220
2250 3301
8692 9691
6985 8038
8815 9822
2993 3971
6780 7758
6299 7336
7133 8168
6651 7630
2315 3388
6895 7896
473 1505
2827 3891
8585 9649
8546 9562
6674 7722
498 1483
556 1558
660 1705
2183 3258
7032 8006
6658 7740
697 1670
376 1336
677 1765
5024 6112
8499 9586
2054 3140
645 1735
6876 7838
3061 4018
58 1139
80 1050
6834 7929
3020 3968
6934 8026
6903 7867
2785 3756
6415 7488
8540 9484
8924 9868
3036 3981
340 1285
8703 9646
279 1349
2053 3158
7075 8176
2871 3939
3029 3969
2320 3398
6311 7409
6918 8016
2129 3078
8773 9746
2690 3802
570 1635
8579 9690
7150 8117
588 1552
6865 7821
6779 7717
8589 9683
8538 9476
8688 9616
357 1287
434 1489
6855 7844
7151 8076
6590 7642
2804 3729
2550 3473
6689 7750
8786 9786
6434 7498
99 1034
6642 7579
2540 3462
2106 3153
6365 7350
705 1709
6512 7453
6623 7602
8735 9842
891 1813
6551 7673
6459 7499
5053 6093
313 1352
8911 9918
8554 9496
776 1915
2770 3745
9085 9998
8874 9945
8274 9249
372 1280
6523 7438
2631 3633
6820 7890
6320 7366
881 1798
979 1956
6540 7668
6661 7805
811 1873
938 2000
8357 9439
2706 3817
1021 1921
2855 3931
6469 7480
223 1184
2898 4050
2080 3232
8717 9869
37 1191
249 1147
6506 7656
7143 8037
582 1733
13 1161
6910 7802
6878 7770
6836 7728
836 1985
5098 5996
81 1238
3050 3938
289 1449
2357 3516
419 1322
6989 8132
8243 9400
5083 5968
2766 3650
773 1928
8728 9877
305 1471
190 1070
864 2033
377 1515
6913 8083
2602 3774
2525 3400
2182 3088
619 1789
6615 7489
2220 3131
7061 7938
6936 8079
8738 9909
2830 3990
965 1885
8945 9833
8455 9630
8750 9911
598 1740
6151 7325
6874 7744
782 1941
139 1040
866 2046
8871 9786
8604 9473
8287 9410
5026 5948
6726 7897
507 1371
8723 9907
268 1453
7132 8061
2626 3808
9121 9987
6386 7248
8715 9897
6613 7542
6799 7723
6767 7883
6743 7921
2333 3508
6154 7329
755 1630
2595 3726
2971 3894
476 1395
5017 5942
2703 3647
2663 3799
2294 3143
2326 3495
7166 8015
6324 7174
152 1069
6423 7586
2400 3543
338 1509
5037 5914
2761 3697
2262 3182
8504 9600
465 1384
6356 7277
5021 5924
846 2036
76 1270
6924 8118
3055 3924
7016 8147
656 1581
2466 3359
6639 7505
2906 4069
657 1582
6540 7475
2866 4082
2669 3757
581 1669
440 1403
8286 9373
8492 9711
8899 9728
2288 3124
281 1501
5036 5992
8649 9485
6781 7864
6470 7555
2814 3640
2429 3514
7021 8106
6389 7218
8254 9462
8713 9920
2370 3464
123 1201
574 1780
387 1353
6719 7925
2238 3189
7045 8008
435 1405
2205 3154
6578 7549
2303 3118
55 1254
161 1138
2399 3468
342 1410
8411 9231
957 1898
2907 3980
8374 9326
5023 5957
371 1448
6814 7749
2870 4074
2786 3646
8474 9670
2949 3928
2947 3934
5099 5942
8362 9335
8881 9839
455 1304
269 1517
6350 7214
6303 7293
13 1257
8557 9609
155 1150
8368 9302
6844 7770
2107 3292
8938 9741
6938 8189
8704 9959
955 1875
6879 7735
2382 3495
6981 8111
9198 9989
2839 4091
6233 7349
243 1054
6796 7779
2459 3435
692 1605
793 2027
655 1661
2964 3942
8581 9591
505 1290
487 1300
2383 3515
524 1784
8780 9913
188 1099
472 1327
6425 7662
8667 9506
6698 7891
8437 9230
8442 9217
2360 3524
937 1876
2574 3827
6662 7928
2894 4017
6646 7433
8672 9503
2781 4060
843 1610
8267 9546
9006 9775
8271 9549
2962 3734
2448 3221
278 1040
2055 3343
2099 3387
8426 9698
5105 5881
744 2018
2057 3331
6867 8153
6630 7404
6260 7551
8254 9525
5027 5807
9005 9761
2199 3482
8708 9993
822 1592
2859 3620
2504 3271
9195 9956
2752 4048
6846 8110
2597 3895
2291 3553
6536 7323
169 1469
2982 3762
6885 8177
2278 3568
2052 3346
8650 9437
8522 9309
2267 3523
6281 7569
2092 3381
2883 3674
2259 3529
9169 9931
6746 8001
6194 7465
2541 3313
398 1171
2242 3551
2210 3519
2851 3645
754 2028
8351 9601
2732 4019
6292 7604
9037 9837
9118 9919
8594 9392
2908 3704
6252 7496
9020 9752
8508 9240
7165 7896
2537 3278
2697 4001
952 1680
6743 8063
2112 3433
2381 3174
2770 4089
8389 9710
2391 3194
136 1446
6933 7739
629 1882
7019 7748
3065 3787
2625 3954
760 1995
36 1296
8229 9489
443 1166
2703 4026
799 1577
2235 3469
2437 3251
6966 7681
618 1874
2939 3651
6226 7530
2888 3697
8597 9388
8263 9598
2049 3386
2856 3603
498 1225
2622 3842
6747 8036
6311 7655
5026 5858
2751 4094
7123 7826
8380 9725
2247 3460
8 1355
2531 3239
8970 9806
826 1663
2266 3484
5100 5802
2951 3776
2073 3422
6299 7644
10 1346
5093 5804
916 1758
8477 9303
2619 3952
6910 8114
8193 9549
346 1047
8685 9376
6542 7363
2558 3248
6416 7262
2701 4061
6246 7478
8345 9672
6293 7620
2832 3650
588 1823
5063 5780
6644 7335
329 1053
2143 3338
8602 9423
6812 8137
8475 9293
6324 7651
7068 7876
9082 9763
6150 7519
2573 3927
2931 3625
952 1763
9177 9861
2729 4087
2695 4057
8694 9384
6356 7563
8638 9441
2544 3216
2320 3185
8652 9389
6987 7720
6360 7612
945 1748
534 1907
848 1589
2270 3515
2762 4015
421 1219
8279 9521
527 1896
2347 3148
8557 9226
6217 7470
9002 9794
2749 4052
6807 8190
6474 7203
2221 3527
881 1563
712 1955
137 1506
2787 3983
2321 3197
9016 9812
682 1991
8352 9677
537 1911
8596 9466
995 1676
2549 3226
8483 9292
6984 7737
8974 9855
6981 7732
844 1599
2929 3588
2739 4038
2529 3223
276 1122
6158 7544
602 1826
3069 3717
9113 9953
688 1993
8992 9817
5096 5777
6617 7331
2758 4029
2470 3293
2204 3552
6721 7996
644 2042
2860 3666
8526 9264
957 1597
2166 3575
6258 7667
7097 7736
490 1128
8290 9697
2616 4028
2830 3723
8394 9548
8417 9575
2251 3404
8512 9416
6828 7972
7141 7789
929 1576
571 1969
6555 7185
2714 3862
9121 9773
6975 7857
6588 7218
2873 3766
697 1833
7164 7788
373 1252
8592 9217
6483 7361
6493 7375
6219 7641
8979 9857
8972 9887
8678 9333
8328 9499
1006 1658
8346 9484
9050 9933
6343 7519
818 1707
2847 3718
630 2028
8507 9377
356 1279
94 1474
284 1152
8407 9547
7041 7708
8462 9360
6329 7462
5075 5747
9100 9773
6440 7306
6527 7389
6657 8098
2873 3742
5035 5635
7121 7801
6666 8099
6584 7186
9052 9974
6302 7476
6480 7418
2162 3550
8662 9338
2479 3073
285 1203
942 1566
6375 7510
670 1836
3001 3594
8432 9539
544 1940
85 1504
6347 7550
6692 8081
2574 4024
516 1971
580 2044
7132 7781
6294 7471
2469 3102
7037 7878
6789 7993
2110 3459
2718 3872
9157 9851
2199 3368
8348 9564
2386 3219
6270 7615
6420 7382
9160 9739
492 1064
9039 9867
2842 3805
383 1208
674 1899
2881 3720
114 1467
150 1375
7091 7802
9197 9764
9076 9917
2331 3281
545 2026
8648 9219
8422 9514
6438 7403
2250 3332
295 1257
2399 3216
7103 7792
469 1029
6649 7209
720 1793
6167 7620
2200 3405
2889 3743
613 1981
6957 7925
2926 3767
569 2016
8224 9724
2985 3702
6527 7328
562 2002
6488 7352
8568 9368
2109 3548
6483 7346
7039 7837
2721 3906
668 1912
6199 7635
2942 3739
521 2031
6797 8043
7098 7762
529 2040
2431 3222
431 1093
701 1879
6344 7458
6175 7665
8439 9497
2373 3242
8364 9539
924 1644
6392 7432
8668 9260
2907 3754
5111 5637
6876 7976
520 2045
184 1357
2445 3195
8290 9626
2194 3435
6665 8176
6427 7394
6402 7419
8496 9417
5048 5698
2055 3580
6164 7663
8671 9251
6370 7454
9183 9763
2393 3239
2582 3095
6382 7916
2578 3089
6297 7837
9088 9605
5115 5630
2826 3340
2341 3875
2070 3600
177 1718
2505 4046
8757 9266
384 1930
2501 4046
2169 3701
426 1959
2581 3096
6278 7819
6618 8151
6511 8033
6845 7347
8903 9416
452 2004
2740 3236
2403 3955
9064 9593
695 1188
2254 3802
7156 7650
6674 7172
2174 3689
2798 3321
2242 3797
170 1725
7130 7629
6164 7683
2649 3137
2440 3984
648 1168
3043 3579
8322 9882
241 1768
8902 9437
5087 5572
2722 3261
8727 9224
55 1559
2178 3746
8822 9302
6153 7721
9053 9597
8850 9394
7167 7647
2114 3683
680 1161
9038 9583
8332 9901
405 1975
8365 9870
6442 7950
8915 9463
6953 7437
6256 7765
703 1177
8969 9519
2152 3663
9114 9661
276 1852
8785 9337
2443 4002
852 1405
2128 3705
3069 3540
6648 8145
2104 3604
997 1481
9113 9652
6473 8039
8221 9779
104 1607
5102 5569
6611 8163
8316 9804
2484 3973
6183 7702
8277 9831
521 1082
8989 9518
8411 9960
8396 9976
6337 7924
147 1701
6286 7865
6924 7476
2284 3798
438 1933
6165 7726
858 1382
2178 3774
6887 7387
6783 7235
6995 7535
8302 9811
6402 7996
346 1893
6429 8029
6833 7408
2900 3350
7094 7668
8878 9452
2505 3978
6350 7821
6429 8025
5080 5532
845 1285
7146 7586
60 1653
3048 3489
454 1935
6869 7327
138 1729
6491 7952
2432 4044
2886 3338
8971 9543
6248 7716
2988 3555
878 1313
3038 3470
5010 5570
7054 7643
76 1563
6451 8036
2939 3362
6867 7311
491 1973
6677 7243
2274 3773
6175 7807
7026 7442
6451 8019
2162 3600
50 1616
6514 7952
539 1144
6698 7247
8705 9318
6694 7246
2336 3913
927 1526
662 1279
9065 9475
2897 3386
2820 3439
943 1476
7060 7679
8787 9272
1019 1431
791 1402
6249 7687
2617 3145
2831 3455
8726 9318
6304 7888
2067 3682
6604 8126
2236 3791
2755 3248
7158 7557
6718 7245
832 1332
2214 3794
847 1338
2 1652
310 1856
2170 3597
2059 3708
6283 7932
221 1701
2098 3658
2380 3893
2451 4073
689 1227
203 1712
2512 4011
7125 7593
6729 7221
5040 5581
6619 8102
862 1312
8378 9924
6750 7200
2715 3300
2515 4012
6302 7905
6189 7853
8804 9446
6785 7171
8244 9910
2970 3353
947 1334
7114 7500
408 1823
1011 1396
214 1617
8928 9319
58 1714
8399 9798
8712 9346
3005 3382
354 2025
8947 9336
6721 7370
8576 9995
839 1483
2346 4006
8875 9255
9076 9720
6552 7956
2757 3147
6516 8187
6636 8060
2298 3691
406 1799
6866 7235
889 1514
8310 9954
7166 7530
2119 3794
671 1034
8863 9226
7008 7669
2999 3374
559 1206
8797 9412
6805 7180
9198 9591
2655 3268
3045 3454
80 1739
2394 4033
6755 7416
2433 3869
8193 9885
6390 7786
317 1952
682 1079
378 2023
8823 9450
8927 9282
2215 3641
2881 3550
6707 7340
8731 9403
5008 5424
2414 4047
6683 7354
2587 3257
8436 9814
2786 3137
275 1968
9044 9719
294 1922
6338 7782
7009 7621
9175 9586
8907 9326
678 1025
6590 7961
744 1088
3067 3408
360 1987
8795 9456
6307 7688
2645 3320
2252 3681
8772 9449
337 2047
725 1147
2659 3276
366 2014
9035 9722
757 1095
442 1800
1013 1350
6573 7966
8210 9889
2091 3743
2435 3895
604 1256
1008 1349
2376 4095
3066 3394
8382 9734
8902 9342
2327 4014
2132 3821
6598 8063
8867 9242
9019 9602
7062 7468
6177 7835
6443 8081
6471 8188
502 1866
6379 7767
727 1129
266 1972
794 1445
3052 3373
8240 9970
640 1091
409 1885
6700 7400
2733 3176
6458 8191
8207 9930
6817 7268
2817 3527
160 1638
2351 4072
8440 9776
685 1124
2658 3240
6357 7711
2188 3655
9163 9472
2886 3466
2066 3806
2982 3434
684 1121
2641 3228
8319 9906
6750 7315
2767 3072
8433 9790
9182 9486
431 1917
430 1916
2140 3727
9094 9557
6859 7192
2415 4027
6610 7942
2566 3283
9180 9481
8356 9843
459 1810
8773 9375
9010 9704
6327 7789
713 1042
681 1141
8998 9722
49 1772
7099 7526
8421 9784
931 1404
2956 3436
3046 3334
8758 9430
2299 3610
6360 7738
9026 9632
6161 7923
238 1547
6525 8088
6980 7585
778 1516
311 2001
547 1221
5022 5496
5065 5409
9024 9640
6536 8033
395 1895
365 1920
3036 3377
2520 3894
2238 3665
2840 3560
552 1240
6502 8086
6933 7652
2800 3074
804 1494
1005 1310
2743 3139
304 1989
8380 9801
2643 3243
867 1435
2141 3751
8725 9455
8252 9927
872 1428
956 1345
6904 7173
2334 4064
6848 7231
14 1806
6940 7196
84 1877
6446 7727
6669 7439
9112 9370
460 1743
476 1759
2449 3730
2648 3420
6223 8011
8701 9977
6366 8154
8988 9241
2176 3974
6882 7652
6213 8003
6184 7982
8793 9567
769 1030
8622 9897
6982 7246
594 1371
8466 9755
2094 3876
41 1827
417 1706
9056 9323
8830 9589
2164 3960
6361 8149
6951 7211
2353 3644
6170 7957
9172 9435
2838 3078
5015 5255
691 1440
9031 9300
2596 3376
3002 3246
470 1728
9089 9367
8835 9620
8900 9693
297 1587
414 1668
9178 9408
5030 5308
6569 7860
2795 3573
485 1786
2981 3258
7111 7384
6144 7967
6929 7217
2249 4072
7030 7255
6301 8127
8909 9710
1017 1245
2147 3911
8754 9494
301 1546
2981 3202
955 1171
6616 7920
2864 3097
6942 7223
2607 3332
7115 7392
5062 5357
8635 9872
8656 9981
7152 7390
388 1707
353 1614
2847 3119
2805 3525
2752 3569
2660 3413
7080 7321
5060 5365
8634 9867
736 1490
6858 7672
8989 9257
5077 5345
442 1679
2884 3196
8990 9254
6815 7591
6763 7507
2904 3169
7120 7401
233 2003
52 1807
33 1821
8524 9840
6493 7776
6315 8171
9127 9447
8849 9681
2050 3907
6988 7181
6196 8053
2634 3337
2418 3633
8912 9619
2730 3567
8685 9896
69 1794
2154 3885
953 1278
2420 3644
2290 4026
2217 4065
6364 8084
2865 3192
8469 9820
9212 9399
6467 7688
9165 9344
8969 9284
2977 3311
2540 3746
6245 7979
8751 9568
8864 9711
5076 5275
9139 9443
8765 9580
2334 3661
790 1093
2234 4078
8770 9494
8702 9899
6307 8182
8818 9508
8574 9769
6767 7479
898 1243
6486 7695
8501 9839
785 1098
8743 9595
7034 7206
5100 5296
6467 7710
820 1130
2901 3082
912 1231
8952 9639
5086 5249
6728 7464
8993 9281
3043 3202
367 1549
350 1596
9175 9397
2899 3127
8691 9879
6907 7582
9070 9227
8921 9660
8789 9523
6909 7578
6974 7257
6157 8042
9043 9275
6770 7450
9150 9430
8896 9641
251 1937
2108 3927
8710 9581
730 1460
8619 9925
849 1086
960 1199
471 1703
9158 9398
8457 9848
2906 3112
2565 3446
6529 7922
6567 7892
6782 7434
1022 1163
371 1541
759 1409
1005 1179
8495 9815
6269 7941
8307 9994
7013 7199
2764 3507
2562 3458
2676 3572
2775 3415
6926 7310
608 1505
207 1870
5040 5169
6769 7667
7078 7205
9108 9239
5029 5152
9021 9402
8931 9572
146 1819
7085 7204
2056 3970
3006 3124
2510 3653
7087 7203
9160 9284
2184 3845
6973 7344
9080 9462
8889 9526
6790 7433
8339 9987
5014 5124
3040 3187
287 1674
216 1869
8684 9850
967 1104
2406 3838
9056 9464
2812 3429
6641 7784
2835 3209
8767 9637
7100 7207
2677 3561
477 1600
8653 9810
658 1330
812 1164
829 1180
298 1672
759 1365
6718 7580
8963 9383
8476 9913
2774 3441
2305 3750
6877 7546
6174 8121
8763 9617
8819 9695
669 1328
6353 8060
8622 9731
428 1538
2496 3694
6645 7771
7064 7222
690 1309
894 1233
770 1197
355 1747
2248 3961
632 1482
6999 7397
9181 9327
538 1449
6671 7611
8550 9939
819 1157
9159 9329
8750 9625
7115 7292
2256 3944
292 1692
2822 3263
232 1874
959 1029
2841 3234
865 1242
8885 9481
8984 9380
462 1651
8851 9518
8921 9572
8532 9961
5056 5246
6403 7868
6437 7834
8747 9707
9192 9256
465 1552
5061 5124
7108 7174
7129 7194
3066 3134
6611 7703
2999 3186
2474 3692
417 1638
6420 7891
424 1632
586 1408
2264 3858
2654 3476
582 1421
999 1068
9210 9265
9073 9402
375 1722
6342 7947
7015 7338
2708 3418
9100 9282
6814 7504
343 1671
822 1254
7001 7305
6169 8136
877 1215
6277 8023
968 1052
2155 4031
6927 7386
2686 3496
6365 7947
6166 8128
2049 4054
104 1983
2092 4084
149 1871
9007 9460
884 1192
8775 9627
401 1612
2217 3959
6482 7820
2961 3150
6333 8034
2074 4090
910 1132
285 1791
8854 9588
2069 4086
2417 3733
2307 3814
6268 8089
8476 9979
911 1127
2610 3546
2743 3423
873 1153
6831 7495
2629 3500
762 1296
664 1394
7149 7175
154 1905
3034 3121
6291 8056
795 1271
5057 5165
8494 9922
6857 7461
7076 7242
8793 9655
2325 3834
8873 9542
2721 3409
6898 7427
8548 9877
91 1961
5072 5154
6649 7690
6375 7953
35 2004
5005 5242
6668 7675
8956 9483
29 2021
6428 7908
8683 9747
2283 3858
687 1366
3063 3086
8794 9635
2563 3577
6520 7810
6824 7506
659 1384
8666 9766
204 1841
8972 9459
9188 9243
1587 3635
118 2167
5586 7635
1769 3819
1454 3500
5270 7316
971 3021
5266 7317
2018 4074
1117 3156
1784 3826
993 3053
1167 3203
5873 7935
1739 3780
6034 8093
1321 3385
5341 7373
5300 7333
205 2271
1500 3531
972 3035
807 2879
1241 3265
5198 7254
1085 3111
1776 3820
1847 3883
5414 7482
5915 7943
5256 7318
5489 7535
339 2419
5933 7949
1576 3593
6029 8108
5240 7258
5281 7299
314 2329
1753 3837
5797 7808
5685 7699
441 2462
5437 7450
539 2611
493 2500
1814 3903
77 2151
789 2878
554 2567
954 2964
355 2381
1530 3541
5883 7883
1995 4089
941 2975
333 2425
1169 3237
5890 7990
1667 3766
5609 7644
579 2677
5690 7692
439 2447
1639 3679
5459 7531
1491 3562
33 2072
1447 3485
5012 7086
5142 7212
265 2354
1791 3780
5282 7321
1930 4020
1919 3904
5811 7820
1965 4077
363 2346
1198 3308
1920 4035
176 2291
196 2183
542 2650
6020 8129
86 2064
1044 3154
596 2579
5244 7227
1425 3545
5672 7776
5412 7532
5022 7124
1318 3437
1664 3787
1862 3850
1939 4063
613 2601
1303 3416
1307 3412
1187 3308
1266 3234
1199 3327
5567 7662
6113 8112
1033 3162
1263 3260
1369 3340
1594 3695
1135 3129
5465 7438
110 2100
5812 7918
5895 8028
637 2592
1006 2992
1792 3934
5930 8052
679 2808
6061 8141
1166 3311
124 2078
420 2502
1265 3218
708 2727
692 2768
253 2200
1151 3098
5014 7155
1706 3788
204 2218
5210 7228
5521 7671
1535 3480
1795 3947
5863 7823
5867 7810
5802 7875
5679 7749
6083 8104
324 2345
6141 8080
566 2648
481 2446
185 2262
5878 7833
1437 3564
1246 3244
5759 7693
5966 7997
166 2258
5650 7782
6001 7940
5045 7107
480 2455
1572 3667
5781 7917
908 3062
5534 7650
5919 8035
240 2189
1848 3909
5189 7227
610 2589
1696 3807
596 2772
5195 7371
81 2256
5379 7554
293 2465
978 2902
20 2194
573 2747
1731 3652
5611 7532
1294 3462
330 2499
5115 7025
5798 7724
5208 7378
701 2610
1464 3368
5288 7224
5309 7213
1193 3128
716 2654
6101 8007
6052 7990
635 2799
677 2608
1835 4028
1854 4007
1642 3827
5082 6976
352 2555
224 2173
5089 7036
1440 3328
1726 3612
71 2274
1120 3269
5211 7421
5604 7490
1047 3263
5823 7702
5883 7762
5918 8116
5318 7276
6028 7975
5601 7501
1412 3371
800 2959
5750 7897
5975 8184
1224 3192
1 2224
1364 3559
1206 3077
5257 7226
749 2649
193 2165
1073 3205
5343 7275
5497 7628
676 2578
1654 3777
2033 3910
878 3033
1702 3601
875 3027
180 2061
5271 7213
5577 7538
5007 6962
5205 7400
235 2133
1659 3781
5389 7629
5052 7036
1979 3962
1458 3443
2030 3885
1976 3963
746 2606
834 2950
6085 7937
1883 3998
125 2232
1988 3842
444 2426
5552 7543
5834 7682
5301 7293
1202 3195
788 3037
1560 3795
1245 3089
1991 3851
5796 7785
6003 8126
358 2473
5949 8172
5786 7752
348 2440
6126 7994
1319 3570
714 2591
5685 7904
1431 3393
1007 2872
1256 3135
5130 7389
1721 3681
1598 3815
771 3032
1504 3387
2020 3896
5645 7889
5082 6919
1227 3093
714 2580
356 2437
453 2343
522 2792
5885 7711
1021 2846
5810 7761
5380 7648
589 2728
380 2458
5460 7603
1220 3116
1383 3470
115 2202
1525 3359
5822 7764
5107 6937
338 2494
5706 7846
1763 3598
5201 7356
6008 8086
888 2967
2011 3892
1787 3593
456 2362
1197 3167
667 2665
234 2073
5526 7525
5576 7483
5520 7523
5664 7894
121 2190
182 2126
5241 7297
5386 7666
1110 3247
1018 2819
5953 8120
1123 3224
1489 3373
6133 7945
5112 6919
1767 4071
653 2957
965 2759
1654 3957
244 2551
679 2979
107 2415
916 2704
1547 3852
202 2509
5889 7686
2008 3792
5017 6801
1321 3104
1666 3976
5559 7357
5884 8182
5628 7415
5472 7275
5689 7988
5286 7595
1594 3892
5695 7985
324 2123
6137 7926
5294 7614
603 2890
610 2931
5034 6843
5265 7552
681 3003
1711 4029
5728 8050
47 2364
821 2598
706 3030
544 2868
178 2470
5724 8009
5196 7513
1732 4051
5848 8143
134 2460
228 2559
651 2960
712 3028
733 3009
624 2925
1865 3668
5250 7583
5248 7581
1900 3698
497 2287
1181 3458
206 2513
220 2556
1872 3698
5960 7786
5417 7178
5846 8181
5817 8093
5621 7376
6056 7822
5506 7332
6011 7763
5236 7516
5131 7459
6087 7919
1112 3442
511 2261
95 2421
5097 6851
5519 7332
1929 3751
5006 6816
1660 3923
5655 7992
5916 7725
1316 3094
1600 3956
924 2728
981 2784
5479 7250
5541 7315
5126 7472
606 2918
593 2921
1302 3119
739 3034
1442 3227
6130 7880
1698 3993
6002 7753
2031 3795
5794 8095
2016 3806
1012 2763
5213 7453
6124 7855
5640 8012
334 2056
674 3044
509 2235
726 2960
5186 7429
6042 7901
1288 3136
5349 7597
5755 7987
302 2151
5067 6786
1994 3712
1079 3452
1016 2740
914 2783
894 2609
5911 7768
722 2946
2039 3749
890 2600
5507 7377
95 2316
5509 7382
256 2133
527 2905
1843 3685
1028 3410
1820 3659
690 3051
974 2707
903 2777
5563 7397
1228 3475
5452 7212
5796 8132
1627 3898
1127 3333
689 3026
841 2602
226 2438
529 2935
5834 8108
1711 4040
5910 7806
425 2240
87 2366
1989 3759
6043 7921
5367 7580
1869 3617
743 2955
5653 8057
5962 7719
5933 7747
806 2646
586 2875
1660 3853
5901 7804
5324 7614
63 2379
5068 6840
1997 3770
868 2588
5708 7988
45 2388
524 2933
5122 7547
167 2525
129 2554
305 2125
5019 6887
52 2377
1886 3619
5720 7973
1979 3781
5430 7350
5557 7221
5881 8056
1014 2672
5320 7502
530 2970
5052 6708
1807 3718
5466 7379
390 2060
1676 3846
5800 7970
1316 3247
296 2211
1944 3604
5592 7252
735 2898
5044 6713
1734 3912
6023 7689
5433 7351
5711 8128
1987 3667
6120 7800
652 2845
824 2730
1644 4094
859 2760
160 2355
5428 7335
1010 2662
1035 3487
5909 7809
1829 3763
1417 3103
451 2138
5139 7561
1825 3773
5483 7415
315 2213
1606 4056
764 2915
1519 3151
1251 3394
5772 7981
659 2865
831 2715
1033 3501
7 2467
5863 8003
706 2916
1076 3474
6122 7756
1186 3333
1544 4015
1996 3684
5044 6684
5317 7533
2041 3664
5485 7364
6031 7718
5530 7216
74 2529
1478 3181
514 2990
1661 4049
261 2219
693 2843
825 2711
560 2974
1428 3108
512 2992
1260 3421
1599 3982
5107 6722
156 2350
341 2279
5516 7230
5596 7272
5785 7980
159 2345
1709 3860
1344 3322
254 2370
1766 3930
716 2928
5906 7855
808 2710
50 2444
5422 7312
1345 3326
1743 3855
1118 3486
5313 7425
5749 8119
5770 8008
6004 7863
5379 7360
5219 7584
963 2565
437 2163
1067 3565
157 2389
1737 3840
6134 7743
1437 3159
1423 3141
1859 3721
784 2779
5984 7851
486 2091
6000 7869
635 2987
1120 3504
812 2813
103 2486
1878 3719
57 2536
688 2914
5841 7939
1473 3090
5970 7809
1678 3931
1510 3123
5118 6699
141 2395
5538 7290
1038 3541
1904 3755
5088 6716
802 2813
6 2534
5005 6765
5776 8048
6143 7710
1832 3786
1195 3407
267 2286
1302 3312
767 2841
1148 3483
5578 7202
1564 4080
1803 3814
5388 7393
11 2533
6108 7731
1595 4043
5479 7319
208 2337
467 2082
2006 3623
5144 7657
1430 3172
5747 8065
1670 3954
34 2518
1401 3213
1172 3425
151 2400
1487 3127
5751 8079
5198 7607
5592 7201
5735 8094
141 2423
5937 7885
925 2656
875 2709
281 2279
1297 3857
132 2692
1864 3403
96 2659
17 2581
711 2241
1411 3972
1258 3810
1336 3889
1335 3901
451 3017
5333 7903
6082 7624
1136 3707
2037 3577
6090 7622
5849 7380
1537 3087
879 2401
560 2111
5051 6570
5995 7545
255 2796
732 2255
5128 7707
486 3059
805 2355
5342 7880
1888 3447
917 2445
1149 3684
6065 7592
1351 3933
6017 7579
2013 3526
5364 7919
5247 7780
5003 6549
5232 7791
1618 3186
1872 3442
1314 3840
61 2590
325 2913
6053 7553
1155 3749
6099 7669
5868 7370
1744 3319
1355 3948
5806 7303
1775 3269
5531 8113
6012 7510
145 2749
1426 4030
139 2725
5461 8059
6140 7630
810 2329
1468 3983
1153 3762
1293 3897
1311 3882
789 2339
5411 7956
519 2111
5102 6614
1890 3417
798 2341
5610 8150
5148 7713
1884 3426
1716 3316
809 2409
6057 7656
5146 7768
206 2701
382 2874
5889 7493
5934 7531
1328 3958
5848 7326
214 2705
2039 3518
5020 6615
5847 7324
1214 3826
5709 7169
1634 3116
5414 8040
1538 3149
870 2359
5160 7801
746 2232
1208 3821
1397 3874
5394 8005
908 2516
1517 4023
638 2085
5032 6643
5085 6534
215 2699
1902 3378
1754 3206
62 2657
1354 3861
1190 3833
1698 3264
5961 7466
303 2891
482 2950
5323 7854
1126 3584
1494 4016
6085 7587
5090 6533
5940 7507
113 2584
5399 8062
969 2467
5238 7709
941 2497
1368 3893
903 2538
1466 4052
1635 3091
5484 7964
5582 8127
6060 7646
531 2144
391 3060
1730 3249
5454 7995
5221 7696
258 2932
5032 6622
5482 7965
1158 3838
896 2552
1875 3370
1668 3326
5656 7266
201 2738
1003 2455
1399 3851
6092 7600
5155 7774
1057 3678
73 2614
584 2103
5991 7448
5405 8034
264 2952
1379 4066
1247 3678
1748 3158
6008 7674
5797 7207
1277 3710
6134 7541
5331 7767
5771 7182
240 2678
1343 4025
5588 8018
740 2147
1604 3276
540 2198
5278 7700
758 2173
5440 8139
5079 6492
162 2606
183 2599
921 2312
1951 3342
5465 8139
5064 6490
393 2842
512 2195
1178 3598
449 2901
256 2965
249 2668
1513 3967
1787 3171
989 2374
1592 3235
562 2222
594 2254
1435 3847
911 2322
1887 3522
5501 8160
590 2257
968 2410
1758 3197
988 2431
5818 7198
5856 7236
5114 6494
1400 4061
1867 3566
1734 3169
1500 3956
1929 3360
545 2187
278 3004
1633 3275
5633 7339
1736 3171
1223 3690
5448 8166
5362 7772
885 2522
97 2769
407 2854
1761 3152
5076 6501
1717 3079
5095 6485
1771 3160
948 2311
871 2516
1225 3706
5433 8077
6013 7624
5548 7962
5340 7787
5947 7555
5957 7676
1827 3481
5067 6513
5587 8047
5388 8114
5263 7729
1004 2350
1493 3862
1843 3568
652 2127
622 2219
5648 7381
1195 3693
1903 3496
1305 4062
5398 8158
1751 3101
1138 3769
5336 7699
1036 3776
1577 3301
1133 3744
5589 7960
164 2666
892 2483
1647 3232
5295 7807
221 2572
499 2850
984 2314
174 2684
976 2307
1164 3672
1679 3163
609 2228
5903 7642
1671 3153
775 2513
1124 3763
198 2577
157 2631
1678 3157
5170 7913
1408 3933
876 2481
1741 3088
597 2184
5528 8006
5869 7219
5038 6478
39 2758
996 2309
5644 7406
1527 3860
425 2892
321 2980
5234 7831
5757 7320
5887 7194
1549 3307
5857 7177
777 2531
1196 3654
663 2172
1455 3908
5486 8069
5127 7916
5408 8141
508 2834
1641 3207
345 2998
1434 3946
72 2746
5387 8185
5984 7570
1082 3785
5316 7735
1181 3689
463 2874
1531 3854
122 2700
5268 7778
717 2106
6106 7469
1727 3143
5039 6487
1385 3984
5190 7871
1212 3654
928 2395
4 2815
1232 3627
5015 6508
749 2065
5495 8074
100 2714
959 2369
1556 3306
5983 7585
1497 3878
5371 7684
917 2197
130 2946
877 2157
2002 3280
5536 7842
3 2816
5899 7176
1304 3612
609 2404
44 2857
30 2840
423 2720
1165 3973
1947 3219
5598 7894
42 2848
5671 7469
5439 7731
6067 7359
5520 7839
340 2629
1613 3420
650 2462
217 3021
1667 3479
1356 3673
5509 7824
1426 3716
723 2500
6039 7296
5920 7224
6095 7381
700 2471
1074 3886
1622 3402
1209 4005
105 2933
500 2794
5748 7508
673 2432
1386 3656
6112 7362
905 2218
38 2821
5610 7881
5512 7852
1083 3870
499 2773
796 2107
5095 6351
1415 3758
1102 3943
2015 3317
153 2995
892 2135
1967 3204
6124 7367
6051 7304
5896 7204
5757 7505
6078 7314
384 2734
1150 3921
5589 7930
1148 3916
1502 3823
5672 7449
5903 7228
269 2617
672 2452
5302 8066
148 2977
616 2397
5490 7748
6104 7406
1935 3256
1179 4003
5563 7811
5880 7616
5627 7875
5251 8122
468 2798
5988 7263
1583 3347
474 2788
842 2165
169 3049
5775 7631
1982 3327
5121 8000
441 2811
427 2793
1203 4080
268 2632
467 2709
5280 8166
274 2645
1091 3844
5151 8024
5864 7599
2007 3230
1657 3379
5805 7655
1781 3513
165 3051
1695 3536
5525 7877
1532 3757
5038 6399
6014 7215
5487 7741
1481 3738
870 2098
106 2879
829 2152
5921 7284
5091 6326
2019 3253
5254 8144
5869 7611
632 2336
1738 3474
5129 8017
5309 8165
5731 7483
479 2694
5768 7633
642 2521
5469 7686
1593 3431
1755 3461
5188 7962
1041 3918
5963 7210
501 2711
1851 3161
129 3042
5819 7640
6001 7189
1788 3481
1582 3401
645 2530
1893 3085
1022 2198
1922 3306
6084 7340
1891 3081
1973 3291
998 2185
5739 7428
1778 3459
1783 3461
5 2934
6097 7333
90 2860
353 2585
1548 3444
1652 3342
5174 8012
821 2126
1264 3981
1723 3526
665 2535
1610 3381
5682 7501
1237 3925
625 2545
5374 8062
876 2285
290 2723
98 3040
5811 7473
1715 3376
780 2191
6039 7188
1471 3643
6049 7205
5532 7704
1298 3735
5652 7571
1780 3452
1001 2146
1306 3732
1273 3959
1043 3997
1648 3582
5054 6192
5582 7745
5118 6257
5892 7316
1361 3779
2010 3150
1806 3224
445 2597
251 2915
6080 7256
953 2080
753 2408
5395 7816
5475 7935
1072 4013
1404 3809
558 2480
25 3001
5816 7448
6070 7190
5689 7576
5158 8071
5503 7901
1315 3712
593 2549
1586 3478
5692 7577
5643 7598
546 2436
6069 7187
5141 8125
392 2593
5888 7337
2046 3156
5041 6171
5087 6261
1646 3525
5423 7812
1521 3677
453 2665
874 2245
1802 3237
1911 3288
5533 7730
5374 8017
818 2179
5828 7541
612 2519
1410 3638
5978 7407
779 2237
1656 3534
1235 3940
750 2390
673 2328
6101 7276
1017 2115
2025 3155
6015 7365
1213 3846
5607 7772
6069 7177
733 2403
1455 3601
5854 7521
1265 3889
1753 3352
1938 3155
5611 7722
1756 3358
503 2612
766 2363
935 2146
6109 7192
1210 3964
1087 4088
5027 6244
983 2079
653 2373
1075 4090
341 2716
5231 8101
5470 7829
1095 3979
5853 7441
1999 3074
912 2141
1565 3539
5913 7368
5225 8122
219 2831
5694 7658
5212 8073
2024 3134
672 2423
38 3057
152 2895
5316 7955
1881 3201
1752 3330
1879 3213
1253 3902
1558 3533
5480 7859
1109 3977
5684 7657
5300 8041
1623 3465
1988 3108
1323 3784
136 2923
989 2105
6098 7222
222 2875
1798 3299
1604 3490
5575 7726
1986 3113
774 2285
717 2337
631 2459
411 2678
1362 3772
5945 7383
5920 7375
2040 3080
399 2687
526 2559
1828 3286
2038 3076
990 2093
992 2068
907 2175
986 2095
1045 4067
5240 8078
246 2817
587 2492
348 2731
306 2762
363 2707
5766 7550
351 2726
5597 7716
576 2490
686 2388
5053 6215
5949 7367
112 2955
440 2627
754 2313
243 2824
859 2213
5952 7359
603 3675
5983 7007
816 3890
5561 6587
1154 2177
5805 6830
1046 2067
5491 6518
1824 2854
999 4079
1526 2558
5101 8165
483 3562
5283 6314
5453 6464
5006 8067
5210 6231
5553 6588
846 3904
22 3096
1266 2301
535 3608
5080 8140
1099 2142
199 3282
648 3741
1411 2453
1876 2882
577 3670
557 3636
5862 6911
5421 6454
950 4010
1 3101
6086 7130
5673 6711
5924 6970
5793 6846
1228 2284
5431 6423
745 3784
804 3845
1283 2343
5456 6519
5225 6208
5326 6372
5034 8064
5829 6894
5378 6446
996 4041
1588 2585
5539 6542
5877 6875
853 3962
5997 6978
132 3252
905 4025
567 3589
6089 7162
6047 7084
1718 2690
5936 6916
106 3167
181 3203
1422 2488
1249 2265
1262 2263
5204 6254
1601 2684
1637 2651
1568 2657
5749 6708
300 3438
1536 2626
5767 6853
1425 2517
252 3256
5619 6583
5181 6265
5357 6312
6040 7133
5732 6689
5591 6559
339 3354
1396 2365
5463 6430
2000 2974
1444 2539
5510 6601
6062 7137
5172 6246
5545 6651
274 3393
5486 6461
5702 6675
515 3669
536 3662
5913 6991
1960 3071
1036 2139
1448 2544
5481 6449
1625 2563
1931 3024
5353 6322
5120 6236
1275 2214
5394 6477
200 3241
940 4045
213 3254
1140 2071
757 3729
815 3914
780 3945
5709 6696
5480 6413
981 4018
1793 2920
1246 2231
464 3514
6110 7091
5477 6410
5829 6826
123 3083
1366 2342
791 3942
6117 7063
5322 6334
67 3126
1154 2293
819 3914
5814 6860
1476 2495
1519 2451
1217 2236
1392 2318
1916 2819
77 3122
1375 2527
45 3245
592 3793
487 3430
1903 3052
454 3397
5876 6775
1001 3949
79 3275
605 3801
5488 6645
5523 6422
572 3770
82 3284
423 3361
1151 2295
323 3528
416 3372
650 3588
735 3664
1378 2546
1534 2414
909 3868
1974 2855
231 3190
1241 2120
5016 7945
1682 2560
5301 6183
1011 3936
1289 2461
1845 2976
1412 2322
967 3920
1853 2986
5971 7108
5660 6795
357 3580
1174 2063
216 3138
1811 2953
5646 6804
946 3886
5951 7075
5081 8004
1750 2632
291 3517
1645 2803
933 3899
247 3176
1822 3006
6026 6954
1860 3045
797 4030
5186 6372
5950 7064
1529 2385
1182 2102
1927 2862
5404 6582
5445 6639
365 3521
1216 2156
6083 7023
5710 6880
1804 2979
1689 2614
1717 2586
5212 6387
1381 2517
1360 2528
5409 6545
5923 7059
803 3986
1506 2387
1373 2543
1688 2603
1566 2733
5594 6510
1952 2837
6079 6922
308 3468
44 3220
5252 6204
517 3772
6105 7008
5854 6756
1838 3054
1252 2084
1946 2904
1961 2925
1331 2550
385 3396
5892 7116
134 3148
1913 2997
936 3941
2029 2851
5765 6730
5659 6868
5663 6863
1162 2139
377 3499
245 3110
1338 2542
5162 6398
5935 7163
5096 7997
6029 7000
1444 2418
910 3929
1949 2885
620 3764
5403 6595
5160 6384
1578 2800
263 3549
5959 7067
6128 6956
5866 6710
885 4008
978 3852
5507 6499
844 4013
1902 2959
1588 2774
5207 6325
5633 6882
508 3352
882 3988
294 3520
5756 6810
1584 2776
5070 7974
551 3790
5218 6283
175 3141
1167 2149
534 3837
1921 2924
5134 6371
1380 2452
1606 2742
1609 2745
5763 6771
1852 3022
5989 7063
1719 2628
1339 2504
1122 2193
5497 6538
1372 2472
5366 6146
446 3403
1194 2143
5908 7137
1158 2160
5399 6625
641 3707
1081 2243
1964 2903
6054 7005
570 3782
5106 7950
1908 2953
5535 6498
5814 6731
445 3395
1462 2230
5815 7095
5600 6368
78 3407
2 3331
5714 6992
5042 7857
901 3713
140 3465
5905 6676
5784 7069
5999 6762
5577 6348
387 3205
684 4004
1540 2828
5598 6358
495 3302
1325 2087
1271 2557
1601 2893
25 3349
5054 7858
1071 2338
1569 2863
1817 2569
5391 6173
572 3880
1243 2511
5185 6484
808 3646
5187 6485
5405 6148
504 3298
18 3336
6023 6813
147 3464
1280 2075
5336 6596
1854 2595
5877 7144
5827 7134
5463 6218
5799 7096
1949 2748
1452 2190
1125 2375
235 3528
219 3576
5910 6709
503 3283
359 3139
1537 2852
543 3896
155 3507
1417 2208
6091 6881
564 3871
555 3847
1681 3007
1214 2448
869 3658
5184 6511
6125 6850
1397 2117
2005 2789
1978 2699
5303 6533
6125 6879
756 4039
5753 6986
1323 2078
2022 2771
1533 2245
1746 3050
1534 2246
5681 6921
687 3985
592 3951
5360 6607
942 3822
1990 2694
6010 6714
590 3855
1056 2401
1424 2258
1516 2223
1344 2052
5666 7014
295 3183
997 3756
1175 2524
413 3280
647 4041
159 3537
6049 6894
5968 6687
317 3180
111 3389
5632 6994
1943 2756
1990 2706
5173 6497
35 3445
866 3636
5406 6216
299 3184
772 3679
1560 2884
126 3362
5579 6294
234 3508
5838 7056
1564 2883
5311 6624
5615 6287
28 3453
515 3938
5450 6187
1054 2428
830 3676
5023 7933
1067 2376
1794 2662
5002 7918
5919 6779
6026 6895
1699 3012
1308 2171
131 3563
626 3866
1796 2670
897 3818
1429 2302
5744 6939
5259 6631
1282 2159
5553 6364
1815 2681
233 3463
1675 3044
761 3990
418 3277
1522 2205
1926 2806
960 3760
1703 3030
6030 6911
1473 2227
1046 2402
1002 3742
6041 6893
5488 6149
5649 7012
5461 6176
165 3538
1247 2472
1419 2300
547 3924
27 3427
192 3512
1131 2323
5018 7906
6093 6837
5808 7112
5377 6264
1575 2909
703 4036
1098 2359
362 3092
1571 2909
1348 2244
855 3799
5712 7122
995 3680
1665 2818
5420 6319
1087 2491
5674 7086
5142 6547
5654 7056
615 4079
5043 7739
5987 6891
1073 2488
837 3790
1447 2090
5669 7080
144 3358
5192 6598
5315 6476
5614 6241
424 3128
1065 2489
297 3259
1273 2411
5849 6987
1468 2088
112 3556
5648 7044
1960 2621
865 3828
5571 6230
1318 2224
1778 2917
1914 2797
985 3649
1413 2077
1391 2295
5120 6553
5351 6524
5396 6287
447 3106
1871 2769
264 3222
502 3177
1185 2366
5512 6184
86 3575
6032 6705
5094 7751
858 3832
1562 3000
5330 6513
5628 6239
1360 2292
1997 2667
114 3540
242 3413
1200 2328
5791 6967
5813 6941
1286 2221
5420 6279
457 3175
433 3103
1708 2844
5335 6503
5329 6497
5112 7753
460 3198
190 3341
671 3884
1696 2836
1861 2803
2020 2642
5133 6587
5545 6161
1611 3058
5929 6800
608 4059
5809 6925
907 3638
5706 7159
5997 6828
5443 6273
247 3380
1194 2409
698 3966
1983 2682
1708 2922
5955 6789
729 3856
796 3797
857 3728
5402 6355
1557 3039
1326 2276
728 3859
847 3716
1658 2993
5697 7052
1390 2208
354 3244
6121 6695
1975 2680
781 3804
230 3383
1754 2827
1443 2161
1101 2457
5043 7781
1123 2484
5504 6231
827 3811
5163 6643
5473 6329
400 3146
1065 2547
1700 2943
1834 2801
374 3245
5821 7014
1561 3013
1682 2895
827 3813
1905 2735
215 3337
116 3498
5004 7763
5895 6872
5113 7705
5320 6440
5415 6343
5216 6530
6117 6663
470 3125
5623 6162
1568 3014
926 3705
1716 2899
5055 7766
1573 3023
5638 7148
646 3949
428 3136
920 3700
5450 6310
6121 6661
1825 2767
1386 2181
5658 7146
5559 6215
1173 2404
1485 2108
5530 6251
120 3469
5353 6428
1749 2850
154 3427
57 3520
738 3864
1407 2181
1847 2765
1102 2485
42 3542
24 3558
5726 7072
1760 2272
1291 2826
1157 2692
1513 3048
806 3367
1639 2150
1222 2757
575 3130
549 3107
1188 2722
5564 7092
6113 6632
461 4039
1649 2170
6132 6655
940 3488
5359 6883
1052 2577
1932 2434
5727 6225
661 3226
316 3891
1792 2321
5904 6401
5401 6920
1944 2443
5437 6953
71 3666
5050 7599
985 3521
542 3079
96 3706
5206 6733
288 3900
1524 3049
1263 2801
5668 6202
5094 7673
5561 7065
5025 7553
5540 7047
860 3448
1196 2696
5219 6727
5547 7055
98 3655
951 3473
5818 6300
5432 6942
49 3606
5335 6896
747 3266
1797 2348
5775 6310
5466 7027
1244 2806
5277 6839
5976 6514
6052 6543
5951 6419
1391 2882
1066 2564
5738 6212
56 3592
5904 6432
532 3110
1803 2361
5075 7649
5490 6977
5629 7118
1898 2398
1757 2280
5109 7619
5252 6844
483 4058
5221 6751
1839 2324
5687 6156
5975 6508
694 3210
5232 6732
5223 6747
553 3092
5046 7563
1941 2475
5552 7054
6050 6557
5400 7000
91 3609
1274 2744
5872 6323
1342 2938
5798 6370
976 3477
5838 6280
5403 7005
6064 6646
1969 2553
5419 7011
6062 6631
1357 2823
489 4002
5476 6959
5943 6524
1940 2520
869 3369
1089 2572
6079 6642
270 3905
854 3353
709 3221
654 3295
16 3651
605 3086
168 3836
1666 2263
1186 2807
478 3979
973 3480
332 3865
5517 7128
5679 6265
1770 2237
1942 2510
696 3297
868 3389
449 3995
307 3945
724 3214
5622 7084
932 3583
1959 2554
1608 2070
742 3257
506 4005
5737 6198
1097 2601
5676 6220
6031 6638
902 3556
1307 2937
1475 2976
686 3274
5454 6955
6022 6627
6055 6594
5923 6470
1334 2896
2017 2439
402 4084
975 3497
283 3965
814 3398
1685 2301
119 3614
1229 2724
5876 6301
5543 7118
461 4007
624 3099
5590 7101
523 3175
5065 7588
5400 7029
1812 2427
5606 7062
5145 6761
695 3270
1370 2859
5693 6220
1272 2698
59 3656
5162 6745
5092 7575
1155 2807
5962 6462
300 3930
5524 7139
15 3703
696 3264
1367 2863
111 3606
6057 6608
426 4048
5885 6279
5145 6755
5642 6262
5417 6996
1648 2062
901 3578
1432 3047
6094 6577
854 3542
5996 6638
792 3484
919 3346
1201 2615
840 3534
5594 7004
1589 2226
1007 3432
1523 2932
962 3402
230 3694
1720 2097
5917 6548
237 3687
5251 6665
963 3400
1358 3010
280 3988
1460 2872
5046 7482
970 3399
60 3761
5722 6359
5442 7119
5536 6957
5547 6950
1234 2652
5898 6532
853 3546
229 3690
31 3727
1337 2985
1365 3012
618 3321
5998 6653
5518 6938
1105 2756
5562 6959
5502 7147
1139 2789
1359 3033
5715 6340
2008 2368
304 4009
316 4000
1003 3446
5578 6999
1310 2944
6006 6633
5293 6706
1019 3418
1643 2255
5721 6397
192 3685
5596 7033
133 3619
5599 7033
5909 6579
1962 2317
368 4055
1565 2234
1553 2230
5965 6634
1891 2507
5925 6541
1239 2686
1452 2822
1168 2618
5860 6217
615 3287
403 3874
1398 3015
175 3611
1025 2741
138 3647
5161 6801
1282 3003
102 3805
326 4093
900 3384
1750 2154
921 3365
5992 6612
5179 6791
5258 6710
5113 7492
195 3587
6053 6501
607 3230
194 3584
1579 2281
930 3424
87 3733
5268 6742
1790 2109
5613 6958
1620 2192
395 3919
66 3719
236 3626
1372 2971
1192 2671
5874 6197
1497 2833
475 3859
5807 6247
5870 6182
51 3834
1809 2523
409 3912
913 3392
5667 6385
5415 7157
108 3775
5013 7494
5308 6760
5916 6602
1580 2293
210 3592
260 4063
257 4060
83 3726
5462 7051
883 3501
1441 2942
843 3499
1183 2687
53 3796
1686 2164
850 3505
458 3881
5516 7023
1283 3047
5449 7085
5852 6200
5864 6158
5060 7458
5358 6662
1571 2249
961 3371
1062 2764
332 4006
642 3182
2009 2356
6109 6448
1626 2228
1010 3356
1078 2777
188 3661
319 4045
5789 6249
1915 2446
1830 2512
1953 2391
5884 6154
5372 6666
5183 6857
1771 2076
1779 2059
1080 2753
364 3989
5832 6195
5737 6292
5305 6727
5085 7459
328 4023
5580 6963
1880 2136
1936 2193
5342 7135
1016 3322
861 3166
5891 6144
5647 6411
1373 2651
1354 2636
420 3747
683 3491
373 3709
6119 6383
747 3554
715 3522
89 3923
1829 2089
2027 2277
1284 2570
5378 6668
1757 2509
6138 6378
702 3503
2026 2296
5175 6949
1693 2441
5808 6564
5351 7155
1746 2503
1114 2892
1521 2791
893 3179
5499 6765
1704 2495
1882 2114
1693 2436
1745 2507
1043 2824
1313 2618
5931 6192
6091 6352
5153 6973
12 3857
1401 2663
533 3339
1966 2191
5011 7346
484 3782
1160 2987
1294 2605
315 3615
1674 2476
1677 2475
748 3530
5912 6206
5995 6221
5267 7092
70 3950
1630 2422
1598 2324
1442 2696
318 3605
1398 2650
5787 6583
5980 6256
1799 2088
2043 2260
774 3126
1948 2220
5641 6457
5492 6725
469 3815
646 3509
23 3875
5307 7053
2013 2282
1796 2099
5348 7123
991 3303
5062 7422
1850 2051
5828 6653
1094 2940
5950 6148
5370 7104
88 3939
1356 2673
1218 3071
1420 2737
459 3828
181 4085
5289 7145
496 3761
1546 2379
1773 2479
1059 2918
5234 6967
5477 6690
5150 7001
6139 6332
932 3309
350 3607
1956 2286
1389 2599
5806 6628
6107 6288
464 3740
1053 2897
841 3077
5199 6914
27 3925
5354 7076
1986 2189
1608 2311
5179 7028
5866 6565
1931 2266
5856 6577
151 4037
6098 6272
1421 2776
724 3457
755 3493
118 3872
751 3512
871 3133
5025 7419
1077 2926
1641 2357
5105 7341
398 3792
1974 2281
1146 2853
914 3315
126 3871
1567 2430
1735 2468
40 3916
5214 6970
229 3971
210 4020
1611 2348
333 3621
6024 6369
925 3318
1074 2905
1741 2465
753 3485
1458 2782
1837 2112
5084 7345
5688 6472
432 3778
1209 3018
726 3490
5954 6199
5456 6693
1477 2739
6092 6330
848 3111
1469 2759
31 3941
1207 3020
5844 6575
614 3354
5144 7012
6021 6392
817 3151
549 3492
623 3566
5194 7113
5138 7057
48 4021
2014 2134
5011 7195
1919 2294
1531 2674
666 3344
6048 6186
899 3080
597 3547
699 3380
1593 2486
5148 7059
266 3738
1103 3038
433 3616
640 3345
783 3229
561 3491
209 3907
5227 7161
68 4055
973 3166
1341 2729
1092 3025
5820 6441
1777 2407
1550 2454
920 3073
5557 6703
5703 6620
5878 6509
5310 6946
895 3298
1094 3035
5812 6442
5646 6544
1416 2583
1673 2326
5599 6783
404 3637
5900 6317
5425 6800
1472 2658
1767 2372
5434 6809
1785 2397
5069 7273
5790 6457
47 3975
1710 2310
1488 2681
1362 2811
979 3194
5944 6290
1508 2639
2022 2125
595 3576
275 3768
6009 6354
520 3493
1888 2253
820 3225
6110 6259
5770 6439
67 4077
120 4054
5156 7050
1330 2717
5850 6517
5649 6561
930 3091
410 3627
1628 2542
1862 2292
1980 2062
184 3853
5408 6807
1456 2568
778 3250
5617 6728
723 3433
289 3739
92 4070
471 3691
1528 2628
5833 6516
78 4081
5001 7241
2003 2066
5779 6482
5746 6576
1722 2425
5187 7040
736 3364
662 3410
1651 2485
5216 7078
5980 6298
1244 2843
5209 7070
719 3335
318 3830
5907 6362
5724 6550
6136 6195
998 3114
1399 2746
1677 2371
1329 2784
5128 7134
1028 3027
5684 6636
1109 2956
856 3201
1374 2695
1971 2153
1620 2447
5024 7291
5947 6368
2038 2090
598 3467
1515 2613
6090 6165
6075 6234
5784 6522
372 3735
5298 6993
1764 2304
1673 2413
1837 2248
117 3986
1281 2792
8 4066
1212 2903
1402 2705
1395 2719
1522 2591
6 4073
5518 6753
1801 2297
220 3884
5644 6652
167 3926
5686 6599
5275 7018
5380 6902
773 3318
784 3299
523 3583
1744 2340
540 3561
349 3752
6088 6205
5297 6982
153 3937
5691 6595
5820 6468
1169 2922
783 3313
6027 6260
3 4098
793 4891
135 4229
834 4929
422 4512
378 4477
816 4924
801 4911
446 4529
513 4629
65 4184
225 4346
301 4406
779 4906
765 4831
845 4971
397 4522
887 4955
801 4876
825 4886
504 4552
311 4359
407 4515
474 4579
259 4414
43 4116
856 4888
370 4403
163 4326
637 4667
742 4780
475 4497
110 4133
628 4640
82 4105
786 4940
491 4533
187 4324
666 4858
280 4476
886 4883
462 4516
501 4482
32 4189
1008 4977
644 4610
694 4656
576 4810
964 4942
522 4737
320 4556
578 4812
358 4597
307 4519
347 4558
484 4477
113 4328
994 4991
199 4186
438 4372
802 4998
1004 4934
56 4234
923 4904
211 4199
767 4681
253 4170
949 4866
601 4846
436 4361
30 4256
109 4307
982 4969
158 4190
195 4098
227 4130
43 4333
401 4441
24 4308
83 4254
987 4872
375 4514
931 4987
585 4754
600 4742
617 4750
119 4255
631 4761
661 4731
731 4651
966 4919
330 4536
245 4102
142 4221
255 4106
267 4598
347 4187
16 4372
75 4429
271 4101
627 4985
810 4646
962 4815
958 4785
628 4964
607 4942
511 4330
480 4344
837 4703
823 4650
893 4696
587 4973
54 4383
171 4487
124 4430
884 4678
232 4572
786 4647
790 4643
448 4343
974 4857
452 4349
261 4156
73 4469
604 4961
415 4319
482 4259
926 4827
312 4209
991 4751
259 4176
11 4446
400 4300
986 4743
546 4988
156 4604
623 4879
1009 4763
595 4920
851 4670
46 4442
969 4796
627 4869
319 4169
191 4549
800 4700
1014 4734
177 4387
721 4930
815 4794
904 4639
360 4351
961 4697
200 4433
228 4472
133 4391
93 4606
972 4715
286 4277
381 4305
336 4348
28 4530
490 4164
807 4756
258 4279
918 4652
713 4982
663 4951
191 4474
310 4351
396 4188
728 4875
17 4548
466 4106
479 4100
313 4327
787 4813
46 4593
505 4121
711 4903
186 4443
667 4979
142 4450
131 4460
361 4230
838 4791
507 4105
658 4966
308 4288
439 4162
833 4791
472 4142
781 4852
379 4229
322 4284
922 4709
117 4725
919 4502
680 4268
966 4554
85 4699
538 4117
270 4892
291 4918
928 4534
309 4899
721 4295
927 4482
224 4862
218 4856
839 4453
787 4407
629 4176
172 4746
325 4972
867 4428
381 4940
578 4208
218 4840
860 4459
634 4162
115 4680
525 4172
752 4273
242 4785
7 4673
265 4931
53 4710
923 4556
944 4588
591 4136
599 4159
238 4738
180 4806
584 4155
763 4226
702 4295
809 4436
189 4800
394 4875
149 4631
125 4863
606 4317
150 4626
99 4838
135 4608
934 4397
656 4127
832 4559
730 4181
412 4883
567 4262
222 4684
64 4818
18 4742
862 4552
127 4840
1000 4465
72 4817
513 4253
758 4203
699 4132
418 4864
904 4395
386 4901
385 4904
198 4717
390 4907
776 4519
760 4169
158 4652
526 4282
405 4899
792 4527
143 4660
748 4178
1012 4426
863 4508
975 4356
768 4555
176 4731
651 4160
851 4510
797 4559
566 4323
404 4938
987 4414
146 4727
226 4612
641 4199
551 4302
548 4296
70 4779
601 4279
740 4113
718 4152
685 4180
811 4560
93 4769
902 4475
704 4158
741 4122
379 4728
68 4928
389 4739
550 4398
528 4376
122 4979
376 4722
329 4675
879 4194
367 4734
272 4613
944 4261
455 4816
518 4389
665 4531
675 4495
34 4876
103 4937
835 4204
828 4110
814 4125
262 4661
458 4857
100 4946
691 4491
306 4619
444 4741
602 4378
374 4660
284 4698
429 4843
729 4488
643 4565
326 4632
725 4490
897 4320
414 4855
557 4422
647 4588
950 4313
990 4267
84 4897
824 4165
777 4215
293 4783
683 4384
393 4612
585 4550
361 4859
707 4438
1018 4205
162 4922
456 4689
1023 4197
906 4112
880 4331
563 4502
704 4453
738 4420
669 4406
722 4479
197 4981
705 4467
612 4568
891 4283
763 4411
514 4547
943 4202
74 4992
283 4821
260 4811
1013 4133
303 4855
795 4292
494 4657
328 4776
335 4782
203 4905
836 4263
638 4506
554 4557
434 4697
1023 4114
734 4400
710 4393
737 4371
707 4405
528 4587
299 4816
331 4790
543 4576
1096 4171
1545 4618
1768 4847
1629 4695
1470 4528
1113 4182
1490 4544
1454 4536
1376 4470
1456 4523
1291 4397
1765 4803
1914 4957
1450 4487
1134 4191
1782 4800
1613 4730
1688 4771
1844 4872
1672 4788
1808 4908
1459 4492
1619 4627
1163 4298
1886 4888
1332 4476
1597 4724
1622 4637
1633 4662
1037 4180
1229 4241
1736 4757
1105 4110
1450 4546
1817 4981
1024 4205
1581 4674
1579 4676
1238 4281
1805 4989
1211 4291
1106 4138
2041 4996
1059 4188
1728 4675
1486 4424
1631 4822
1368 4563
1290 4485
1388 4603
1292 4507
1777 4713
1083 4258
1687 4621
1474 4440
1562 4743
1737 4695
1567 4795
1507 4425
1518 4447
1451 4383
1533 4427
1729 4726
1683 4651
1116 4326
1218 4099
1189 4193
1992 4878
1220 4109
1480 4353
1114 4244
1936 4958
1088 4239
2035 4896
1561 4803
1382 4541
1146 4260
1966 4943
1731 4644
1520 4379
1624 4789
1684 4708
1048 4329
1691 4719
1048 4333
1223 4146
1389 4500
1377 4508
1998 4913
1934 4750
1634 4960
1180 4507
1300 4125
1107 4441
1542 4874
1527 4347
1624 4949
1064 4389
1075 4413
1999 4828
1836 4664
1865 4702
1493 4297
1172 4489
1333 4138
1498 4349
1156 4520
1118 4465
1548 4927
1063 4370
1276 4549
1039 4401
1910 4681
1055 4446
1112 4368
1406 4150
1044 4444
1509 4271
1662 4912
1954 4852
1060 4478
1842 4712
1314 4223
1759 4994
1182 4602
1317 4174
1528 4244
1583 4931
1591 4935
1889 4627
1050 4457
1783 4995
1374 4137
1934 4854
1545 4977
1828 4700
1226 4534
1496 4262
1032 4494
1702 4910
1685 4892
1705 4923
1524 4198
1713 4900
1216 4439
1414 4126
1554 5000
1937 4623
1815 4744
1946 4613
1909 4820
1487 4202
1027 4530
1237 4449
1205 4353
1414 4145
1887 4838
1251 4445
1503 4120
1726 4980
1846 4858
1292 4312
1906 4779
1162 4435
1897 4786
1346 4257
1317 4294
1826 4808
1675 4967
1049 4597
1818 4842
1207 4421
1407 4237
1141 4486
1409 4218
1511 4124
1297 4335
1439 4193
1339 4293
1436 4194
1998 4544
1686 4228
1117 4682
1725 4260
1984 4571
1868 4439
1591 4119
1612 4206
1259 4815
1649 4185
1695 4278
1669 4268
2007 4603
1992 4600
1128 4696
1174 4773
1984 4598
1170 4781
1058 4707
1038 4685
1211 4856
1774 4269
1742 4234
1730 4242
1945 4553
1267 4774
1392 4903
1301 4939
1932 4562
1569 4161
1842 4435
1260 4744
1363 4919
1790 4249
1923 4580
1062 4686
1700 4301
1614 4135
1953 4555
1769 4250
1626 4143
1719 4289
1512 4974
1134 4841
1177 4625
1883 4554
1894 4596
1835 4543
1427 4870
1488 4934
1955 4409
2037 4462
1039 4753
1689 4153
1100 4845
1895 4550
1024 4774
1202 4633
1650 4291
1636 4311
1830 4498
1457 4869
1665 4148
1958 4381
1555 4271
1623 4330
1145 4807
1697 4127
1108 4842
2035 4403
1774 4139
1462 4976
2036 4415
1574 4331
1575 4350
1427 4936
1232 4657
1051 4850
1457 4959
1618 4285
1477 4917
2005 4388
1261 4624
1691 4197
1432 4760
1502 4828
1659 4472
1319 4655
1026 4878
1370 4694
1586 4412
1557 4378
1326 4671
1419 4766
1466 4769
1683 4488
1341 4641
1772 4594
1963 4276
1788 4573
1603 4459
1742 4581
1298 4642
2021 4311
1755 4584
1461 4736
1057 4886
1801 4145
1881 4192
1715 4493
1747 4589
1690 4570
1590 4471
1853 4222
1499 4766
1492 4767
1061 4968
1295 4673
1699 4593
1281 4690
1379 4667
1619 4363
1492 4748
1135 4918
1514 4790
1810 4174
1503 4798
1060 4935
1539 4455
2047 4246
1976 4308
1131 4870
1859 4140
1945 4328
2006 4261
1812 4204
1621 4396
2011 4256
1388 4626
1377 4832
1381 4839
1904 4340
1383 4834
1642 4594
2043 4192
1320 4746
1267 4945
1590 4496
1072 4993
1640 4570
1262 4957
1797 4275
2019 4181
1621 4578
1258 4944
1276 4925
1495 4629
1231 4873
1996 4107
1343 4853
1655 4539
1694 4434
1264 4925
1213 4972
1928 4190
1766 4415
1786 4384
1963 4215
1418 4692
1631 4481
1906 4243
1512 4617
1650 4497
1848 4316
1287 4845
1198 4930
1584 4545
1977 4168
1311 4844
1255 4881
1909 4239
1461 4686
1980 4161
1525 4618
2780 4824
2396 4442
2297 4337
2564 4622
2603 4647
2571 4615
2487 4538
2612 4644
2623 4654
2058 4120
2832 4868
2732 4788
2471 4486
2518 4599
2825 4911
2737 4759
2048 4135
2605 4614
2624 4716
2316 4408
2416 4425
2095 4116
2116 4216
2157 4179
2570 4661
2750 4861
2134 4113
2693 4829
2216 4339
2870 4970
2244 4251
2539 4490
2493 4575
2498 4517
2296 4245
2914 4879
2768 4798
2206 4334
2456 4590
2075 4195
2406 4380
2100 4175
2719 4835
2493 4546
2387 4564
2633 4801
2132 4318
2741 4666
2580 4741
2634 4830
2468 4402
2986 4914
2375 4574
2271 4163
2571 4759
2951 4890
2118 4315
3058 4973
2273 4160
2849 4998
2748 4628
2188 4134
2871 4999
2464 4369
2526 4455
2302 4159
2890 5000
2396 4504
2283 4131
2089 4320
2331 4567
2269 4111
2174 4264
2621 4839
2058 4304
2961 4941
2315 4564
2912 4993
2556 4382
2772 4664
2966 4984
2763 4645
2347 4568
2725 4702
2463 4448
2963 4753
2548 4336
2417 4212
2927 4713
2206 4504
2441 4225
2086 4399
2169 4466
2586 4887
2438 4243
2060 4373
2546 4329
2480 4245
2492 4250
2924 4679
2332 4144
2834 4668
3019 4837
2177 4526
2968 4778
2825 4669
2313 4158
2096 4464
2966 4823
3041 4770
3067 4799
2394 4124
2864 4729
2611 4962
2087 4423
2644 4916
2568 4970
2119 4385
2130 4409
2968 4851
2620 4951
3046 4745
2584 4969
2145 4371
2916 4624
2158 4374
2420 4109
2917 4638
2535 4248
2522 4182
2113 4557
2180 4360
2241 4431
2989 4670
2708 4871
2889 4830
2880 4827
2724 4921
2081 4480
2209 4354
3000 4636
2444 4137
2276 4419
2384 4345
2809 4948
2402 4300
2506 4216
2367 4236
2478 4123
2788 4947
2378 4339
2131 4585
2233 4473
2412 4269
2317 4290
2833 4805
2371 4249
2761 4885
2861 4851
2747 4955
2660 4997
2771 4913
2064 4595
3016 4646
2312 4327
2802 4893
2835 4843
3028 4655
2923 4752
2277 4379
2196 4458
2131 4524
2978 4515
2385 4948
2700 4227
2349 4898
2787 4343
2450 4996
2160 4712
2306 4890
2369 4953
2975 4483
2783 4289
2113 4705
2755 4321
2778 4345
2921 4431
2887 4463
2148 4685
2893 4449
2607 4097
2990 4511
2910 4461
2838 4394
2159 4688
2201 4825
3029 4499
2885 4364
2891 4358
2120 4615
2225 4832
2647 4101
2713 4299
2672 4131
2063 4698
2072 4672
2736 4334
2426 4901
2683 4119
2997 4569
2791 4232
2735 4318
2930 4355
2710 4325
2911 4396
2849 4437
2576 4200
2068 4717
2051 4728
2083 4775
2180 4611
2186 4614
2247 4703
2077 4740
2121 4819
2936 4580
2172 4833
2858 4532
2499 4956
2989 4365
2962 4400
2778 4222
2573 4267
2934 4561
3055 4418
2579 4257
3025 4452
2288 4683
2259 4719
2210 4706
2620 4341
2900 4509
2483 4984
2988 4478
2435 4945
3014 4370
2910 4540
2661 4237
2233 4691
2211 4691
3070 4362
2223 4699
2069 4834
2207 4710
2723 4513
2575 4364
2927 4203
2845 4123
2487 4784
2185 4994
2745 4532
2973 4236
2124 4952
2594 4404
2908 4164
2969 4228
2818 4130
2794 4558
2367 4635
2076 4923
2797 4551
2530 4809
2168 4950
2596 4373
2308 4659
2688 4535
2991 4247
2561 4411
2489 4739
3059 4272
2514 4758
2604 4456
2527 4762
2734 4584
2754 4491
2867 4217
2936 4147
2958 4293
2837 4185
3063 4263
2810 4525
2996 4323
2081 4982
2622 4454
2473 4848
2680 4388
2557 4765
2145 4864
2429 4638
2461 4862
2384 4659
3064 4252
2163 4884
3010 4266
2567 4463
2836 4221
3062 4251
2973 4332
2450 4833
2575 4473
2876 4171
2314 4723
2085 4953
2482 4812
2980 4314
3037 4191
2996 4144
2508 4677
2424 4849
2782 4436
2644 4575
2869 4286
2267 4949
2413 4861
2179 4882
2790 4468
2335 4745
2967 4096
3039 4166
2902 4301
2275 4990
2514 4687
2919 4294
2588 4542
2805 4444
2457 4658
2268 4983
2877 4240
2449 4671
2640 4607
2380 4863
2866 4233
2954 4151
2814 4417
2998 4214
2867 4338
2750 4475
2919 4258
2365 4853
2548 4669
2524 4616
2310 4818
2352 4836
2204 4932
2911 4224
3015 4134
2521 4663
2652 4526
2582 4577
2691 4474
3032 4129
2736 4426
2857 4307
2428 4737
3397 4420
3688 4714
3883 4910
3557 4595
3339 4375
3841 4895
3345 4367
3602 4658
3270 4322
3887 4867
3854 4898
3624 4636
3163 4207
3819 4829
3725 4795
3261 4235
3675 4716
3173 4189
3829 4808
3878 4966
3582 4540
3518 4599
3965 4916
3648 4619
3899 4976
3960 4917
3178 4132
3146 4121
3170 4151
3535 4503
3238 4350
3936 4920
3696 4648
3471 4566
3813 4799
3351 4427
3211 4310
3303 4281
3293 4227
3558 4537
3823 4749
3747 4807
3344 4470
3618 4677
3100 4212
3829 4761
3365 4424
3196 4114
3602 4704
3233 4306
3953 4873
3215 4337
3524 4538
3822 4718
3430 4583
3390 4543
4008 4906
3662 4811
3700 4850
3434 4581
3692 4860
3200 4112
3453 4591
3578 4451
3268 4196
4034 4963
3559 4421
4036 4961
3586 4772
3357 4533
3750 4622
3587 4778
3131 4240
3191 4292
3831 4672
3585 4792
3450 4545
3471 4430
4071 4897
3536 4374
3623 4841
3486 4433
3082 4314
3109 4341
3391 4590
3455 4524
3710 4777
3178 4272
3302 4157
3385 4569
3383 4567
3084 4321
3254 4167
3210 4220
3188 4226
3144 4286
3591 4860
3432 4501
3451 4219
3075 4354
3868 4633
3660 4937
3523 4298
3660 4933
3456 4235
3970 4757
4058 4802
3439 4213
3920 4684
3957 4688
3347 4148
4092 4821
4075 4806
3123 4382
3980 4797
3255 4484
3384 4108
4022 4736
3444 4163
3411 4201
3625 4884
3950 4689
3296 4516
3903 4729
3597 4938
3978 4813
3423 4118
3900 4720
3929 4630
3463 4296
3864 4683
3330 4183
3160 4366
3639 4975
3498 4342
3173 4410
3115 4468
3324 4493
3227 4586
4091 4751
3696 4868
3129 4428
3193 4352
3290 4517
3519 4154
3409 4310
3159 4560
3241 4390
3447 4325
3873 4787
3250 4385
3789 4952
4067 4732
3530 4201
3502 4104
3798 4991
3271 4461
3863 4796
4047 4706
3553 4177
3535 4220
3765 4865
3130 4492
3996 4640
3233 4381
3758 4880
3112 4587
3188 4535
3569 4149
3411 4247
3211 4422
3992 4694
3117 4578
3544 4104
4082 4643
3294 4362
3940 4793
3295 4413
3297 4357
3406 4265
3898 4819
3436 4231
3976 4709
3839 4882
3510 4184
3375 4288
3943 4758
3741 4975
3492 4183
3240 4432
3877 4831
3506 4175
3824 4877
3199 4480
3997 4509
3449 4987
3777 4297
3377 4896
3279 4823
3817 4342
3731 4273
3282 4849
3414 4978
3879 4352
3374 4865
3378 4866
3212 4793
3314 4804
3335 4922
3415 4895
3300 4782
3704 4136
4053 4481
4032 4500
3157 4610
3702 4141
3164 4608
3323 4775
4040 4503
3443 4908
4081 4501
4076 4484
3610 4208
3170 4623
3425 4880
3915 4410
3323 4749
3307 4755
3901 4541
3075 4738
3720 4096
3511 4926
3783 4173
4033 4429
3928 4565
3951 4606
3714 4115
3206 4625
3935 4551
3910 4572
3648 4315
3357 4992
3273 4692
3142 4824
3850 4523
3728 4147
4069 4417
4001 4361
4012 4359
3287 4711
3736 4139
3590 4277
3266 4726
3560 4956
3723 4157
3567 4950
3785 4210
3274 4721
3908 4607
3391 4995
3992 4390
3579 4927
4068 4387
3825 4150
3572 4926
3844 4553
3818 4156
3296 4662
3231 4678
4051 4360
4078 4405
3958 4521
3319 4631
3632 4305
3769 4187
3607 4340
4044 4393
3653 4270
3617 4303
3563 4889
3937 4505
3105 4825
3841 4605
3737 4196
3807 4129
4011 4264
3370 4649
3887 4140
4017 4283
3538 4802
3504 4768
3419 4680
3926 4170
3120 4909
3531 4822
3630 4366
4056 4346
3401 4715
3457 4773
3189 4947
3989 4274
3663 4448
3909 4209
4010 4255
3497 4764
3396 4721
3072 4924
3489 4765
3670 4457
3982 4302
3117 4968
3547 4754
3121 4986
3145 4889
3142 4885
3164 4874
3788 4506
3449 4641
3725 4561
3609 4423
3676 4412
3711 4380
3102 4989
4070 4238
3118 4933
4024 4309
3450 4628
3803 4520
3724 4601
3804 4521
3953 4103
4068 4252
3715 4604
4083 4211
4014 4143
3745 4386
4088 4213
3731 4358
3917 4304
3793 4466
4016 4118
3665 4601
3537 4732
3657 4582
3674 4586
3736 4395
3714 4407
3208 4912
3544 4705
3277 4983
3595 4528
3472 4653
3754 4375
3517 4733
3251 4978
3753 4456
3608 4571
3833 4402
3555 4656
4053 4097
4064 4149
3351 4814
3529 4630
3238 4985
3369 4809
3964 4253
3288 4921
4027 4186
3382 4820
3922 4278
3329 4836
3671 4542
3375 4804
3921 4285
3317 4891
3649 4527
3235 4941
3417 4783
3395 4792
3285 4905
3987 4207
1076 9445
5132 9229
5404 9502
5361 9465
5744 9852
5202 9311
5143 9241
5028 9141
5140 9222
5661 9736
5882 9965
5438 9513
5352 9471
5218 9340
5290 9396
5452 9582
5136 9273
5824 9962
5246 9301
5713 9852
5312 9466
5699 9855
5352 9431
5969 10000
5758 9791
5730 9767
5012 9170
5265 9434
5618 9663
5519 9666
5338 9351
5050 9188
5227 9225
5822 9928
5439 9543
5295 9429
5103 9068
5332 9297
5840 9816
5640 9856
5117 9077
5058 9033
5272 9239
5845 9792
5570 9562
5677 9909
5140 9359
5276 9223
5424 9645
5261 9235
5839 9808
5322 9322
5429 9622
5843 9846
5859 9796
5133 9381
5652 9912
5875 9821
5180 9358
5792 9746
5130 9407
5851 9824
5190 9464
5725 9876
5131 9409
5033 9058
5750 9914
5072 8990
5029 9079
5593 9487
5237 9378
5208 9351
5704 9893
5735 9864
5719 9912
5368 9228
5329 9254
5634 9973
5844 9775
5373 9218
5103 8976
5998 9834
5377 9232
5481 9343
6114 9978
5057 8920
6065 9896
5894 9756
5111 8939
5549 9349
5365 9689
5330 9727
5355 9689
6034 9902
5381 9274
5500 9283
5543 9444
5584 9366
5407 9305
5177 9599
5413 9321
5189 9492
5058 8848
5478 9269
5077 8833
5346 9657
5945 9828
5622 9364
5938 9809
5016 8949
5197 9506
5273 9696
5184 9534
5271 9705
5176 9656
5257 9480
5171 9659
5402 9363
5941 9916
5500 9461
5030 8744
5036 8760
5504 9237
6038 9740
5070 8788
5927 9915
6044 9788
5620 9300
5573 9316
6077 9758
5510 9262
5059 8811
5922 9866
5425 9371
5413 9353
5529 9261
5993 9948
6076 9737
5222 9683
5369 9550
6130 9802
5459 9450
5447 9469
5347 9561
5550 9234
5312 9598
6007 9910
5064 8715
5554 9334
5097 8749
5974 9886
5367 9532
5031 8820
5056 8724
6114 9781
5436 9440
5505 9310
5493 9366
5928 9932
5292 9545
5533 9339
6055 9793
5455 9381
5195 9633
5979 9911
5580 9268
5220 9631
6127 9748
6086 9668
5833 9423
5004 8583
5727 9298
5117 8688
5066 8670
6102 9665
5021 8586
5149 9733
6111 9669
5125 9765
5001 8619
5711 9324
5902 9517
5337 9980
5368 9937
6107 9713
5296 9886
6094 9726
5035 8602
6019 9650
5110 8645
6096 9701
5274 9893
5734 9261
5830 9354
5267 9949
5441 9999
5272 9943
5760 9424
5754 9259
5116 8623
6123 9663
6010 9516
5880 9376
5993 9520
5119 8613
5359 9907
5705 9237
6044 9725
5961 9519
5675 9283
5049 8655
5047 8654
5018 8673
5931 9640
5707 9422
5740 9445
5769 9219
5791 9222
5915 9600
5066 8534
5981 9667
5783 9224
5781 9271
6040 9531
5928 9603
5861 9291
5323 9849
5092 8535
6047 9512
5943 9610
6100 9579
6036 9515
5324 9843
5042 8562
5141 9940
5287 9826
5139 9941
5039 8551
5317 9742
5256 9796
5953 9615
5260 9795
5310 9835
5284 9841
5873 9233
5135 9965
5964 9646
5215 9915
5755 9375
5345 9735
5222 9869
5637 9449
5660 9457
6106 9514
5620 9990
5810 9286
5155 9941
5098 8470
5448 9800
5426 9783
5108 8446
5079 8410
5865 9702
5701 9557
5010 8334
5406 9730
6137 9444
6128 9427
5496 9819
5173 10000
5555 9876
6082 9455
5434 9748
5779 9635
5485 9818
6042 9382
5407 9762
5624 9926
5680 9486
5888 9278
6131 9395
5612 9903
5801 9706
5382 9804
5761 9674
5626 9903
5540 9971
6016 9432
5091 8379
5382 9823
5782 9676
6014 9253
6054 9467
5967 9234
5973 9267
5934 9308
5243 9993
5551 9947
5764 9715
6063 9428
5918 9315
5376 9854
5609 9832
5392 9874
5074 8278
5515 9728
5773 9500
5590 9807
5676 9654
5441 9946
5525 9742
5926 9403
5566 9760
5940 9386
5874 9554
5872 9553
5602 9792
5071 8297
5584 9849
5738 9667
6038 9276
5385 9890
5442 9966
5772 9504
5535 9777
5009 8225
5445 9969
5008 8230
5538 9749
5397 9900
5764 9540
5914 9438
5574 9729
5716 9628
5694 9716
5508 9800
6131 9278
5897 9433
5597 9743
5562 9836
5665 9721
5588 9736
5792 9536
5994 9356
5108 8211
5765 9570
5048 8273
5843 9530
5093 8200
6080 9273
5078 8236
5804 9559
5687 9676
5762 9593
5101 8209
5686 9675
5922 8994
5900 8975
6103 9172
5907 8983
5470 8536
6056 9135
5250 8330
6127 9187
5279 8338
5489 8572
5778 8832
5972 9024
5921 9012
5264 8326
5826 8917
5960 9055
5487 8566
5513 8597
6027 9110
5756 8796
6033 9137
5498 8537
5793 8837
5976 9086
5719 8816
5171 8216
5416 8451
5682 8734
5468 8563
5789 8877
5720 8812
5700 8817
5815 8833
5166 8214
5123 8251
5192 8310
5608 8616
5430 8567
5956 8976
5418 8575
5200 8198
5514 8669
6051 9209
5625 8611
5228 8242
5334 8374
6066 9178
5604 8588
6043 9202
5354 8325
5390 8574
5156 8272
5762 8951
6003 8966
5831 8882
5278 8423
6096 9129
5166 8276
6015 8962
5851 8870
5361 8305
5663 8860
5973 9174
5879 8820
5728 8934
5741 8939
6011 9201
5603 8553
6009 9204
5614 8545
5146 8341
5009 9985
5423 8636
5200 8390
5376 8600
5248 8219
5285 8250
5157 8378
5261 8236
5714 8948
6066 8981
5306 8215
5161 8345
5529 8490
5752 8907
5955 9210
5959 9214
5410 8601
5824 8705
5428 8699
5926 9207
5384 8665
5566 8555
6129 9002
5333 8206
5717 8843
5585 8497
5701 8871
5517 8553
5723 8894
5986 9092
5612 8459
5387 8675
5099 9984
6105 9012
5289 8263
5537 8527
5624 8471
5328 8226
5164 8408
5419 8669
5163 8403
5287 8285
5280 8282
5666 8920
5401 8677
5467 8614
5659 8987
5990 8805
5729 9067
5440 8267
5745 9085
5958 8778
6133 8955
5842 9159
5939 8741
5795 9140
5055 9891
5443 8286
6143 8926
5348 8646
6007 8787
6037 8883
5193 8545
6046 8886
5550 8324
5643 8993
5393 8250
5364 8643
5629 8388
5344 8667
5688 8965
5683 8973
6075 8955
5671 9061
6045 8916
5045 9982
5665 9072
6118 8884
5825 9107
5896 8797
5375 8613
5862 9148
5224 8500
5887 9122
5882 9115
5841 9136
5331 8631
5104 9878
5555 8405
5472 8199
5616 8347
6020 8937
6018 8941
5239 8454
5418 8280
5137 8549
5705 9021
5937 8775
5332 8618
6046 8732
5662 9117
5639 9091
5803 9006
5619 8314
5051 9777
5868 9062
5732 9200
6024 8733
5774 8987
5193 8670
5199 8663
5681 9132
5662 9150
5063 9830
5153 8578
6129 8791
5304 8478
5226 8653
5639 9135
5182 8596
5586 8318
5196 8672
5657 9143
5527 8229
5303 8452
5484 8415
6048 8729
5930 8849
5564 8195
5729 9123
5347 8480
6118 8749
6017 8783
5078 9753
5328 8479
6142 8753
5495 8359
5963 8859
5587 8194
6028 8792
5386 8412
5174 8687
5785 9027
5600 8255
5546 8265
5556 8284
5422 8391
5245 8593
5631 8204
5493 8320
5291 8541
5243 8579
5421 8406
5853 8994
5013 9621
5771 8331
5217 8800
5575 9156
5899 8463
5474 9063
5521 9108
5457 9049
5861 8429
6068 8636
5375 8950
5787 8337
5839 8389
5110 9702
5073 9664
5061 9686
5059 9685
5344 8954
6102 8650
5284 8891
5857 8384
5893 8487
5269 8887
6037 8627
5384 8992
5037 9604
5211 8816
5482 9028
6022 8616
5127 8759
5002 9662
5733 8275
5695 8195
5630 9146
5790 8410
5220 8751
5715 8220
5159 8808
5565 9196
5534 9163
5531 9166
5985 8505
5319 8862
5315 8858
5350 8893
5898 8533
5464 9020
5238 8720
5897 8544
5982 8501
5358 8837
5337 8884
5635 8306
5606 9109
5692 8264
6076 8644
5049 9664
5721 8227
5106 9609
5283 8926
5371 8825
5242 8958
5259 8719
5398 9105
5670 8353
5281 8746
5432 9142
5086 9553
5223 8936
5151 8847
6100 8518
5981 8649
5522 8966
5502 9195
5544 9023
5515 8979
5191 8924
5119 9568
5832 8296
5994 8651
5202 8947
5003 9513
5154 8839
5707 8428
5207 8957
5902 8612
5436 9104
6021 8491
5109 9540
5514 9022
5572 9073
5177 8844
5766 8240
5074 9573
5840 8297
5837 8311
5392 9131
5730 8414
5249 8764
5499 9156
5279 8736
6013 8642
6142 8510
5104 9522
5978 8607
5634 8398
5858 8237
6132 8485
5209 8840
5311 8814
5932 8702
5020 9551
5467 9091
5751 8367
6030 8535
5089 9475
5451 9128
5988 8577
5231 8841
5568 8999
5340 8763
5292 8772
5383 9196
5527 9083
6019 8559
6141 8461
5412 9169
5852 8233
5088 9495
5028 9555
6099 8489
5506 9080
5360 8716
5704 8372
5573 9016
5990 8293
5150 8986
5469 8795
5740 8548
5473 8811
5668 8489
5969 8284
5595 8918
5867 8697
5217 9074
5774 8605
6059 8382
5446 8784
5503 8802
5690 8484
6064 8367
5734 8569
5229 9037
5136 9010
5565 8862
5276 9140
5595 8944
5201 9061
5537 8852
5326 9206
6033 8363
5446 8824
5615 8878
5632 8517
5157 9059
5972 8221
5893 8264
5999 8226
5956 8201
6087 8340
5912 8268
5230 9017
5090 9400
6072 8418
5638 8539
5390 8813
5601 8843
5383 8809
5836 8638
5369 9098
5073 9380
5539 8918
5846 8608
5761 8697
5019 9247
5147 9116
5047 9279
5031 9260
5431 8879
5362 9068
5356 9036
5726 8700
5282 8964
5123 9124
5875 8542
5977 8438
5769 8486
5114 9290
5511 8755
5084 9317
5835 8567
5674 8598
5180 9090
5071 9328
5816 8560
5670 8684
5971 8350
5579 8709
5175 9208
5083 9236
5363 8995
5262 9054
5717 8580
5905 8387
5229 9144
5203 9098
6111 8198
5836 8467
5321 8982
5492 8853
5965 8364
5710 8621
6135 8211
6126 8202
5224 9102
5605 8716
5743 8582
5270 9084
5964 8376
6084 8241
6050 8281
5033 9301
6352 8405
7429 9474
7905 9958
7554 9608
6248 8291
7502 9538
7886 9922
6974 9007
7009 9075
6853 8913
6749 8777
7544 9580
6549 8591
6778 8806
7220 9257
6572 8625
6155 8212
7442 9485
7077 9093
7610 9627
7915 9929
7869 9883
6539 8621
6418 8500
7582 9657
7861 9880
7314 9404
7825 9918
6823 8855
6932 8997
7069 9132
7573 9633
7198 9258
6675 8740
6321 8326
7678 9670
6450 8456
6525 8515
7126 9192
7110 9095
7088 9202
6861 8847
6736 8724
7903 9881
6717 8821
7866 9971
7636 9629
6780 8758
6788 8910
6278 8397
6432 8555
7157 9145
7296 9421
6495 8465
6506 8485
6181 8298
6566 8695
6687 8778
7049 9180
7269 9267
7660 9648
6723 8734
7486 9569
6416 8561
7423 9373
7736 9818
7239 9252
7687 9827
7567 9703
6255 8196
6424 8564
6403 8558
6787 8942
7584 9684
6907 8845
6753 8729
7900 9894
6435 8536
7861 9934
6475 8496
6235 8231
6825 8919
6787 8707
6251 8425
7013 9190
6597 8518
6932 9111
6603 8520
6842 8764
6344 8270
7661 9569
6672 8861
6823 8745
7020 9187
7153 9057
6630 8566
7105 9041
7319 9221
7558 9491
6832 8741
7338 9276
7323 9228
7079 9008
7864 9760
6190 8373
7518 9669
6621 8513
7233 9436
7139 9027
6768 8914
7700 9906
6908 8794
6745 8958
6821 8706
7539 9691
7487 9623
7856 9753
6975 9110
6777 8915
7371 9312
7843 9743
7560 9529
7907 9809
7760 9955
7799 9923
6207 8330
7589 9490
6659 8891
7565 9527
7691 9905
6797 8755
7798 9928
7665 9520
6843 8825
7924 9783
7425 9666
6900 8752
7284 9393
6609 8468
6559 8537
7233 9350
6384 8252
7934 9776
7455 9680
6211 8332
7295 9387
6824 8828
6537 8540
7294 9387
6652 8490
6328 8303
7799 9888
6563 8571
6335 8295
7910 9791
8156 9991
6948 9211
6216 8343
7126 9014
6591 8543
7405 9231
7302 9316
7003 9149
7606 9552
7540 9618
6989 9130
6546 8570
7839 9847
7590 9558
6847 8781
7232 9394
6427 8687
7244 9401
7225 9420
6599 8498
7043 9077
6367 8232
6715 8908
6935 9197
6327 8266
6990 9136
7052 9075
6523 8314
7470 9263
6534 8327
6740 9046
6905 9213
7409 9716
6854 9155
7991 9778
8092 9881
7317 9616
6353 8662
6476 8262
6921 8707
6469 8265
6655 8435
7556 9352
6397 8689
8183 9979
6295 8582
7537 9315
6309 8631
7491 9297
6400 8212
8184 9964
7509 9281
7183 9493
7094 8872
6950 8711
6243 8519
6455 8210
6257 8532
7721 9999
6726 9071
7138 8911
7362 9708
7330 9612
6198 8455
6632 8409
6185 8472
6560 8340
6609 8423
7577 9379
7283 9550
6841 9209
6880 9120
6681 9048
7258 9502
6827 9199
6178 8551
6574 8424
6300 8660
6201 8563
7941 9807
7446 9309
6620 8343
7634 9369
6786 9165
8164 9908
7298 9682
7241 9497
8173 9917
6737 8963
6696 9084
7353 9709
6179 8565
6826 9203
7282 9515
6812 9158
8013 9751
6669 9047
6318 8690
6275 8671
7274 9527
7479 9322
6923 8789
6296 8647
8096 9983
7790 9998
6803 9203
7664 9365
6822 9153
7097 8914
7067 8951
7251 9532
7562 9445
7974 9813
8097 9938
7605 9408
6593 8377
6574 8404
8144 9898
8116 9935
6862 9141
7042 8959
6325 8651
6271 8448
8095 9952
6521 8441
8041 9961
6445 8366
6489 8412
6422 8350
6259 8703
6852 9032
6629 8296
6705 9151
7435 9371
6444 8381
6581 8225
6505 8444
6273 8468
6971 8876
7170 9624
6357 8526
7238 9693
7160 8806
7654 9337
7444 9396
7208 9610
7229 9624
7249 9719
7641 9329
6517 8415
7527 9418
7508 9467
6901 9050
6741 9191
6664 9146
7231 9613
6444 8344
6410 8383
6414 8376
6239 8681
6438 8337
6943 8872
7071 8744
7120 8809
8005 9980
6798 9015
6799 9013
8167 9819
6621 8288
7109 8824
7999 9858
6955 8943
6509 8361
6335 8568
6723 9096
7396 9512
7156 8762
6145 8655
7604 9339
7254 9606
8173 9789
6222 8607
7128 8714
6685 9161
6452 8417
7937 9943
7232 9622
7255 9613
7202 9721
7103 8803
7900 9985
7455 9471
6303 8575
6964 8917
8137 9772
6486 8369
7904 9992
8050 9883
7066 8822
6363 8503
7274 9607
6663 9193
6504 8346
7445 9446
6253 8601
8124 9802
6677 9193
6319 8529
7217 9678
7110 8646
6320 8880
7117 8652
7954 9491
6571 9129
7395 9957
7914 9452
7260 9814
6703 8228
7813 9352
6751 8273
6342 8905
6866 8384
6688 8243
6391 8930
7365 9936
7283 9829
6147 8731
6589 9125
8107 9651
6408 8978
6589 9126
6163 8717
7189 9738
7135 8640
7179 9771
7816 9385
7868 9374
6937 8509
7165 8664
7278 9799
6939 8497
6557 9143
6993 8570
8168 9671
7862 9369
8186 9673
7723 9240
6503 9043
6405 9008
6547 9130
7944 9522
7051 8625
6925 8502
7933 9414
6691 8222
6612 9194
6796 8370
6660 8251
6475 8970
7045 8647
6507 9000
6258 8756
6471 8961
7253 9759
6591 9205
6754 8238
6316 8929
6988 8449
7303 9929
7701 9307
8009 9479
7902 9355
7297 9942
6904 8353
7680 9306
8067 9694
8059 9510
8097 9724
7312 9934
6355 8845
6806 8393
6709 8276
6515 8983
7407 9865
7795 9243
6758 8207
6186 8769
7281 9757
6394 8852
8042 9477
6673 8289
6433 9040
6244 8726
7024 8450
8085 9699
8135 9660
6701 8278
7890 9388
6927 8589
7970 9639
8153 9566
6923 8583
7984 9661
8030 9680
6535 8968
7756 9411
7043 8460
6512 9184
7190 9863
6274 8720
8150 9541
8032 9718
7369 9823
6821 8253
8045 9717
6473 9168
6261 8942
6915 8606
6947 8637
6680 8327
6333 8733
7380 9844
7811 9250
6822 8196
8083 9524
6163 8888
8155 9590
8040 9688
6693 8341
7048 8505
6460 9101
6567 8980
7159 8515
6952 8604
6820 8209
6520 9167
6667 8371
6870 8301
6367 8804
7815 9274
6177 8863
7420 9794
6250 8916
6951 8679
7754 9358
6234 8860
8134 9473
6817 8294
6871 8220
6468 9103
8152 9482
6816 8306
6864 8194
6835 8288
7867 9320
7874 9238
6214 8851
7914 9279
6667 8413
7887 9236
6245 8894
6490 9089
6571 9078
6695 8442
6228 8841
7870 9312
7910 9223
7849 9291
6770 8336
6813 8312
8087 9585
6242 8840
7173 9963
7715 9420
6219 8868
8004 9643
7720 9435
6417 9186
7313 9829
6886 8208
7395 9755
6849 8249
6992 8617
6156 8950
6435 9177
7267 9887
6426 9191
6494 9123
7152 8433
6495 8796
6579 8887
7089 8375
6836 8627
6809 8593
7019 8291
7879 9679
8103 9390
7592 9889
6238 9045
7760 9565
6724 8522
7939 9235
7150 8445
7090 8359
7917 9720
8180 9442
7730 9509
7840 9655
7672 9954
7922 9705
6628 8953
7536 9838
6586 8869
6791 8615
7953 9264
6519 8790
6488 8829
7562 9901
6160 9017
6498 8779
7481 9749
6702 8451
6724 8565
6584 8842
6897 8643
7490 9841
7794 9542
6211 9079
7071 8358
6792 8626
7806 9541
6788 8639
7619 9982
6746 8475
7961 9304
7936 9285
6425 8798
8091 9424
7142 8375
6553 8904
7812 9686
8109 9470
7639 9860
6682 8521
7006 8203
7889 9606
6742 8462
7424 9817
7598 9972
6393 9122
6733 8470
6387 9134
7466 9844
7724 9548
6505 8712
7734 9556
6759 8453
6806 8693
7787 9480
7874 9638
6870 8624
6855 8609
8155 9405
6280 9185
7492 9774
7984 9308
8160 9357
7677 9871
6725 8502
6305 9170
6276 9207
7281 9986
7960 9324
7164 8328
6322 9157
7107 8379
8175 9367
7744 9529
7712 9563
6167 9066
8130 9405
7081 8235
6600 8782
6346 9036
6213 9154
6596 8780
7912 9570
6940 8336
7714 9647
7057 8223
7769 9687
6676 8580
7431 9873
7943 9360
8010 9426
7512 9921
6754 8699
6860 8534
7493 9950
7934 9573
6774 8682
6544 8718
8109 9229
8161 9280
7613 9756
6431 8892
7835 9534
7963 9406
6391 9040
7147 8259
7877 9581
6961 8344
6734 8677
6691 8588
7488 9967
6681 8617
7002 8427
6264 9162
6980 8439
6719 8587
6991 8440
7016 8400
6313 8977
6464 8953
8148 9325
7015 8413
6872 8547
8061 9410
6759 8664
7623 9734
7452 9951
7823 9547
6382 9003
6617 8721
6293 9052
6701 8676
6905 8499
8000 9357
7965 9427
6956 8444
7623 9745
6484 8835
8115 9323
7846 9596
6190 9205
6210 9119
7828 9546
6906 8473
7831 9587
8055 9361
6201 9183
7533 9863
6393 8978
7898 9525
6315 9028
8066 9330
6271 9099
7843 9556
7742 9668
6421 8936
7050 8311
7610 9797
7141 8218
7773 8799
7940 8967
7401 8431
7511 8529
8031 9047
6454 9533
7411 8447
6347 9415
7273 8293
7682 8721
7270 8309
7456 8503
6306 9406
7832 8838
6180 9220
7398 8390
7773 8831
6345 9451
7259 8319
7746 8805
6411 9504
8020 9081
6682 9780
6901 9946
7993 8968
7653 8660
6243 9296
7236 8304
7336 8349
8147 9190
6191 9242
7547 8525
6172 9258
6236 9317
6359 9454
6296 9378
7391 8420
8089 9124
6289 9391
6434 9501
6437 9498
8013 8973
6603 9611
6374 9383
6633 9643
7931 8893
6815 9944
6706 9845
6218 9216
6266 9265
8130 9103
6871 9880
7230 8302
6865 9857
7949 9053
7209 8313
8185 9128
6614 9604
6647 9636
6378 9404
7301 8402
7344 8430
6752 9732
6168 9342
8174 9094
6613 9659
6176 9294
7443 8573
7427 8562
7545 8458
7351 8386
7564 8698
7909 8850
6650 9603
7548 8453
6406 9596
6459 9537
7331 8408
7617 8637
7628 8624
6892 9873
8077 9200
7705 8807
7392 8351
8123 9018
7049 9995
7279 8427
6849 9799
8149 9042
7728 8888
8026 9174
7390 8272
7386 8277
6376 9341
8154 9039
7378 8266
6197 9390
7838 8709
7517 8641
7895 8779
6510 9714
7979 9142
6466 9696
7567 8492
8047 9164
6187 9356
6626 9544
6389 9310
7714 8846
6465 9708
6671 9890
7590 8457
6558 9517
6883 9815
6229 9441
6811 9774
8029 9189
7102 9986
7817 8756
6362 9319
6830 9745
6581 9482
6412 9651
7680 8895
7267 8354
7265 8352
6644 9521
7663 8488
7725 8935
6713 9972
6838 9848
6395 9268
8075 9051
7836 8781
7334 8308
6647 9509
7841 8818
8070 9045
7457 8693
6174 9417
6626 9528
7214 8436
7436 8663
7848 8819
7197 8385
6481 9615
7830 8776
7412 8213
6885 9735
6672 9975
7460 8654
6605 9510
6550 9597
7467 8640
6766 9856
6341 9269
8169 8985
7171 8434
7829 8807
7294 8333
7574 8546
7179 8445
6889 9758
6875 9772
7850 8786
6670 9973
6145 9470
6450 9266
7849 9133
8172 8938
7647 8407
6172 9489
6390 9723
6415 9218
8181 8954
7858 9120
7307 8600
6474 9305
8022 8771
6188 9524
6404 9245
7007 9797
7822 9105
6976 9824
7518 8317
8031 8827
7343 8584
8188 8923
7326 8633
7593 8321
7613 8342
6928 9787
7279 8514
7926 9179
7467 8197
7287 8519
7446 8228
7328 8594
6602 9465
6275 9653
7269 8531
7465 8222
8054 8782
7737 8961
7968 8728
6242 9560
7478 8205
7122 9966
7447 8235
7634 8430
7526 8281
7417 8632
7210 8552
7154 9904
7289 8509
7825 9173
8103 8929
7193 8543
6499 9259
6592 9355
6458 9332
7983 8801
6648 9399
7058 9949
7729 9057
7444 8260
6578 9443
6354 9607
6413 9304
7608 8431
7436 8283
6436 9331
7743 9063
7817 9168
8157 8836
7024 9770
6941 9798
6272 9694
7968 8771
7035 9759
6281 9709
6212 9505
6224 9526
7513 8255
7066 9981
8105 8897
7253 8511
8014 8739
7282 8479
7755 8996
6926 9825
7088 9920
6552 9451
6379 9628
8145 8870
6328 9679
7678 8324
8096 8922
6563 9432
7637 8360
7341 8658
8174 8812
7464 8362
7404 8559
8020 8912
7639 8275
7264 8676
6472 9421
7561 8204
7618 8260
7116 9803
6998 9937
7410 8571
7873 9032
8143 8774
7046 9741
6341 9544
7999 8880
7651 8307
7841 9009
6487 9413
8100 8752
7472 8356
7131 9805
6978 9944
7376 8524
6637 9328
7621 8283
7266 8700
8076 8722
7494 8409
6414 9361
7280 8657
7225 8603
6608 9332
6214 9698
7625 8300
6336 9575
6304 9479
7178 8610
7983 8838
6396 9558
6207 9620
7037 9942
7060 9785
6521 9431
7285 8666
7184 8609
7793 9152
6395 9545
8068 8759
7385 8556
7597 8219
8075 8765
7185 8614
8094 8745
7441 8358
7208 8592
6502 9439
7248 8681
7908 9054
7632 8299
7742 9093
7477 8334
7127 9836
7645 8289
7677 8256
7489 8320
6983 9862
7946 8904
7379 8465
7973 8934
6977 9861
7430 8386
6196 9713
7280 8630
7814 9034
8058 8886
7432 8391
6979 9875
6380 9535
7083 9853
7992 8933
7010 9916
6363 9531
7907 8962
7249 8626
8064 8803
7969 8901
7529 8335
7978 8898
6252 9605
6173 9718
7537 8349
7361 8493
6377 9477
7048 9830
7991 8900
7609 8269
7270 8595
6594 9271
6997 9891
7902 9001
8068 8828
6162 9706
7030 9871
7842 9051
7751 9149
7193 8675
7182 8690
7692 9201
7534 8339
8037 8856
6526 9347
7226 8645
7517 9055
6831 9382
7633 9179
6874 9425
7589 9134
7495 9035
6399 9968
8107 8612
7568 9119
6995 9564
8169 8698
6323 9894
7707 8206
7520 9078
7754 8285
6906 9453
7966 8454
6736 9290
6804 9353
6685 9277
7557 9126
7417 8922
7412 8913
6157 9770
6221 9831
6884 9422
6829 9345
7061 9656
8133 8683
7626 9189
8071 8629
7803 8271
7219 8711
6189 9754
7923 8388
7546 9026
7348 8844
8011 8560
7124 9704
7353 8836
7514 9060
7998 8448
6757 9306
7240 8713
6688 9314
7105 9602
6798 9419
6678 9296
7035 9533
6752 9255
7440 9049
7026 9528
7951 8517
7780 8238
7627 9088
7602 9214
6193 9826
7596 9215
6972 9576
7703 8257
7191 8769
7410 8869
6656 9303
6790 9438
7437 9046
6793 9426
7643 9092
6349 9900
8019 8498
7527 8964
7129 9658
7151 9611
7391 8890
7959 8561
6774 9246
6657 9325
7081 9671
7654 9097
6716 9299
7552 9199
6274 9970
8080 8673
7895 8355
8090 8686
7021 9496
7685 8316
7262 8740
6266 9978
7418 8826
7626 9033
7247 8908
7515 9182
7985 8628
7010 9701
7798 8447
6931 9625
7414 8826
6839 9272
7074 9523
7426 9104
6337 9811
7572 8967
7608 9004
7002 9678
6326 9762
6253 9976
6884 9331
7671 9070
6856 9298
7504 9164
7942 8603
7485 9116
6893 9295
6210 9953
6254 9933
6383 9801
6680 9392
6267 9936
6366 9845
6297 9782
6166 9892
6802 9248
8010 8696
7413 8774
8030 8682
6954 9618
7759 8438
6757 9436
7285 8910
6928 9644
7818 8247
7040 9535
7473 9102
7794 8370
7927 8247
6305 9828
7102 9592
7263 8854
7072 9577
8183 8510
7399 8748
7761 8348
7679 9009
6298 9812
7006 9617
7496 9114
6340 9750
8090 8520
7845 8305
7038 9642
7348 8801
7028 9634
7631 8984
7520 9145
6920 9682
6227 9870
7463 9208
6610 9997
7167 9503
7162 9499
7511 9139
7306 8815
6811 9341
6385 9750
6179 9924
7055 9576
6962 9690
7559 9067
6227 9919
7286 8859
7320 8823
6209 9902
6206 9932
7560 9082
6295 9827
6758 9362
7826 8292
6918 9712
6194 9925
7920 8199
6345 9790
7387 8737
7399 8730
7195 8986
7727 8493
7324 9118
6936 9246
6891 9699
7430 8718
7936 8201
6776 9587
7536 8829
6622 9939
7183 8960
7706 8458
6766 9599
6585 9898
6479 9820
7119 9434
6507 9853
7681 8471
6886 9712
6902 9697
8148 8396
6717 9511
6640 9962
7252 9038
6575 9905
6707 9516
6737 9584
8104 8331
6722 9574
8170 8399
6969 9244
7264 9029
7149 9412
7082 9347
8082 8377
7601 8861
7374 9186
6605 9952
7888 8701
6740 9595
6840 9608
6560 9872
7860 8576
8146 8426
7025 9289
6431 9765
6697 9490
8025 8292
6888 9687
8179 8371
6784 9665
6570 9963
6539 9930
6899 9649
7434 8783
6447 9833
8070 8385
7783 8495
7989 8317
8162 8363
6714 9585
6985 9221
6208 9997
7738 8564
7847 8680
7431 8776
8088 8393
6810 9675
7792 8482
7238 8977
6854 9630
6535 9951
7640 8832
7931 8608
7309 9171
8119 8425
6776 9511
7388 9148
7136 9345
6704 9555
7089 9429
7343 9161
7408 9111
6528 9959
8134 8366
8002 8234
6650 9875
7148 9346
7646 8881
6624 9874
6453 9805
7065 9440
6878 9632
7257 8998
6735 9677
6407 9859
7698 8598
6900 9584
6898 9588
7402 9069
6500 9964
7578 8723
6531 9737
7481 8885
6654 9840
6496 9969
7175 9109
6500 9974
7121 9287
6564 9778
8099 8245
6935 9344
6863 9559
7551 8935
6934 9398
6406 9892
7456 8834
6829 9483
7398 9025
7804 8661
7439 8864
6683 9652
7113 9336
7440 8866
6686 9644
7163 9288
6818 9495
7242 9212
7127 9313
6864 9574
6673 9641
7342 8982
7844 8478
7421 9031
8098 8223
7791 8656
6997 9365
6983 9349
7785 8618
7559 8768
7637 8722
6600 9730
6805 9566
7913 8484
7568 8799
7411 8995
7523 8883
7153 9248
7480 8940
6515 9895
7594 8831
6465 9879
6892 9530
7957 8397
7457 8952
7797 8620
7898 8449
7031 9385
7691 8661
8115 8300
6931 9456
7694 8680
6845 9563
7220 9171
6881 9478
8105 8257
7414 8991
7676 8725
7871 8533
7873 8494
6712 9672
7758 8639
8039 8342
6572 9821
7290 9096
6466 9908
6697 9695
7031 9359
7471 8919
7420 8965
8043 8338
6421 9967
7154 9230
6439 9947
7859 8527
7022 9362
6518 9866
6659 9726
7327 9058
8048 8335
