100 101
48 49
98 99
17 19
12 14
64 66
34 38
42 46
65 69
80 85
91 94
58 63
2 4
10 13
26 29
40 47
18 26
3 11
23 31
36 44
87 95
39 46
67 74
22 28
66 78
71 75
64 77
1 15
35 45
7 9
86 88
38 41
53 58
54 57
78 94
72 88
69 86
68 81
8 30
1 22
6 30
75 83
76 84
14 23
67 89
5 25
79 83
8 21
9 20
13 16
77 80
7 24
70 89
2 35
10 43
18 49
19 48
6 33
68 99
27 50
3 42
74 96
12 39
79 100
4 41
5 40
76 97
28 50
15 33
11 37
16 32
31 47
17 37
25 44
21 45
24 34
90 96
29 32
27 36
20 43
91 100
44 98
55 98
52 97
63 93
62 92
52 87
57 93
56 92
62 90
59 95
51 85
51 84
56 82
61 81
60 82
55 70
53 71
59 73
60 72
61 73
54 65
