1000 1001
400 401
580 581
904 905
133 135
536 538
773 774
537 538
576 579
115 119
24 28
547 551
241 247
866 868
809 815
249 254
650 653
818 826
149 156
321 328
848 857
16 26
195 201
578 584
706 712
486 493
834 841
370 382
662 666
563 575
49 63
672 686
145 158
326 342
71 86
969 984
451 465
198 212
710 724
897 915
453 470
480 499
649 666
111 123
618 638
386 407
13 24
390 403
964 977
876 889
943 954
453 467
296 319
36 51
234 242
169 177
320 344
651 659
775 797
616 626
204 215
330 337
418 441
363 368
391 411
974 978
423 442
687 690
770 799
334 336
804 826
781 787
931 956
601 633
733 765
963 995
31 62
456 489
6 39
921 952
601 635
846 876
708 742
705 739
262 293
517 550
403 439
525 553
863 891
402 439
845 872
264 302
449 487
94 121
143 167
395 419
393 417
29 53
265 289
909 933
588 613
72 99
329 354
17 61
351 371
711 747
715 743
131 174
542 563
342 377
734 753
212 228
411 426
777 824
20 38
321 371
268 319
606 621
647 692
65 117
718 763
152 174
657 679
918 928
533 546
387 443
203 243
7 63
266 306
540 548
917 940
81 107
270 309
851 872
664 675
903 955
927 930
267 309
919 937
16 47
605 610
772 827
407 471
274 338
934 999
17 83
275 336
823 882
771 838
293 355
702 760
696 767
27 83
136 193
26 80
190 245
272 347
831 884
805 878
415 467
315 374
399 450
557 608
406 472
155 213
678 744
911 961
512 590
915 988
672 751
537 585
918 966
43 122
556 637
550 631
824 873
146 192
23 69
43 120
520 603
515 592
1 84
531 582
567 610
410 460
15 89
282 333
529 582
670 713
396 468
46 119
400 457
957 996
405 462
445 481
541 577
431 498
830 867
3 92
35 124
522 597
533 586
645 741
155 250
170 203
897 995
447 474
786 887
569 604
392 495
811 844
54 94
147 251
150 252
418 456
821 863
21 126
277 377
788 888
909 993
20 121
176 222
782 864
435 476
668 755
774 886
659 739
654 766
532 612
825 841
130 243
688 705
186 200
21 103
412 494
677 727
262 373
8 123
2 113
559 604
820 832
803 854
676 721
914 999
698 719
1 118
25 110
572 587
656 744
522 626
58 67
814 855
270 372
409 482
153 226
145 237
55 75
548 600
27 102
945 972
415 481
810 852
642 764
542 609
850 978
588 716
80 209
317 444
574 703
828 957
294 421
310 437
271 395
14 138
788 912
539 671
367 490
120 255
323 452
358 494
816 952
864 1000
594 731
271 389
306 441
292 424
39 171
811 935
88 213
790 923
623 738
558 675
301 419
599 729
340 475
33 176
103 246
101 247
374 484
571 681
813 959
848 962
46 189
606 717
108 248
45 185
297 444
108 249
636 745
79 216
851 964
512 663
56 160
773 927
847 981
305 426
38 189
625 746
607 707
838 987
794 900
521 663
615 761
50 173
22 137
858 965
808 951
278 438
261 420
105 200
633 728
526 687
523 682
104 202
592 754
295 388
381 473
816 916
118 208
564 658
85 242
630 721
839 992
316 404
364 454
61 151
298 385
13 166
361 450
552 643
870 970
346 500
127 208
44 131
6 169
842 997
77 253
849 992
825 904
560 642
554 664
10 185
803 912
543 684
286 427
618 735
314 397
67 244
817 902
308 397
96 217
349 484
549 668
796 933
30 165
91 224
520 691
95 227
885 969
276 425
53 136
887 970
858 922
40 233
539 730
836 902
304 499
806 997
840 908
878 938
125 184
5 192
23 210
602 671
324 387
100 163
9 193
41 225
87 159
868 941
789 991
65 138
779 960
837 910
524 704
534 730
614 683
578 655
768 973
269 451
634 693
356 436
69 149
366 447
335 414
98 177
855 900
891 936
372 416
362 446
55 227
596 640
280 461
359 434
570 751
521 732
257 471
859 908
68 156
257 472
555 754
609 696
782 983
279 461
611 697
564 750
590 660
115 168
518 733
835 920
5 217
567 747
383 417
598 648
8 232
625 657
835 929
530 752
565 726
543 764
895 923
99 134
531 758
819 982
566 723
339 437
775 993
127 152
295 448
7 239
312 464
58 210
821 989
589 676
840 930
893 919
565 734
568 723
343 443
86 186
89 181
600 692
843 935
892 913
66 172
545 719
318 465
114 157
263 488
628 667
602 693
42 218
274 480
801 979
880 898
530 737
632 652
874 926
847 954
277 483
571 717
22 225
367 408
113 137
117 141
877 917
352 409
287 486
343 430
9 240
331 433
583 701
266 497
828 967
35 223
78 178
613 665
792 996
378 391
546 735
344 422
884 906
353 414
132 388
553 808
223 475
545 805
183 434
724 977
732 985
583 833
681 942
620 875
3 267
726 990
36 301
19 282
164 429
90 339
112 378
551 813
529 794
198 458
150 410
513 780
236 483
594 861
104 376
159 399
656 896
221 463
96 370
116 358
59 296
81 322
140 408
47 314
699 942
698 943
168 446
701 939
205 474
762 994
707 986
112 362
79 341
587 849
50 297
106 369
214 458
645 921
514 798
25 260
709 984
669 899
184 423
641 926
12 300
144 432
767 991
629 853
204 493
196 485
29 316
124 349
748 973
648 937
2 288
749 975
207 492
142 429
95 380
18 310
759 979
611 839
126 347
599 882
670 955
11 300
756 988
540 820
736 968
195 489
748 966
255 468
73 354
220 497
221 498
68 363
162 402
617 857
164 405
591 893
48 259
182 389
547 784
552 795
179 390
736 983
248 448
128 440
93 356
42 275
566 783
116 334
737 987
229 478
700 903
122 324
206 496
660 938
516 837
544 865
568 890
88 283
577 770
755 951
199 384
761 958
40 352
628 829
78 260
516 846
231 428
91 272
620 807
154 470
85 281
41 357
654 962
233 420
718 899
619 806
165 491
157 466
517 842
231 438
593 768
44 382
141 478
523 856
72 284
215 386
643 982
586 799
612 817
4 338
569 879
742 944
556 890
608 822
105 318
57 366
603 780
560 871
595 772
561 873
740 958
239 436
554 881
727 907
725 905
93 258
584 791
750 945
715 916
232 392
64 288
524 877
636 797
740 901
51 337
31 381
140 488
32 325
749 907
637 795
765 922
535 880
738 901
219 435
97 264
720 953
695 990
557 836
158 500
575 853
729 947
250 406
143 482
197 424
84 313
90 311
728 949
632 789
196 427
229 394
172 476
589 829
62 335
73 315
576 818
45 350
15 380
709 950
514 881
82 294
191 459
253 393
181 449
638 778
581 819
71 304
18 357
513 886
536 879
34 346
703 967
694 975
598 812
763 896
674 985
714 950
74 311
631 777
151 279
757 885
92 477
677 804
651 778
619 1000
175 299
107 495
161 292
558 939
731 862
573 949
680 800
166 303
76 454
688 827
667 791
752 892
70 459
238 355
646 779
673 812
743 874
148 283
244 379
144 256
646 790
722 834
214 327
691 801
541 911
173 313
48 421
712 861
11 413
180 291
708 860
133 284
238 375
54 431
555 946
135 285
519 925
228 383
697 802
700 800
710 859
199 345
527 913
562 941
515 924
163 259
190 286
76 492
49 401
224 320
146 307
237 332
629 980
129 290
106 462
680 781
209 375
234 332
30 440
206 361
4 428
216 368
197 364
52 413
525 932
627 986
194 360
187 273
226 328
694 796
64 491
746 833
682 769
527 931
235 326
188 273
183 281
678 776
622 960
695 793
572 914
652 802
142 289
714 869
111 479
251 331
66 496
716 894
246 325
519 948
690 769
574 906
635 974
616 989
130 308
535 928
139 307
128 312
570 898
180 269
161 280
662 815
148 302
125 455
182 268
202 369
254 322
685 785
624 972
114 463
60 385
220 353
211 365
14 433
623 976
720 784
37 487
205 265
98 422
526 971
528 981
219 285
725 787
160 360
704 776
201 256
596 925
100 430
191 373
32 490
147 345
757 831
713 771
129 330
722 798
230 299
252 305
240 317
153 340
559 994
579 910
236 290
669 850
622 959
528 961
741 823
762 809
562 998
621 953
12 473
211 261
75 412
87 384
627 932
101 445
683 883
162 379
134 348
10 464
630 940
706 792
615 956
222 258
758 810
532 968
218 263
699 870
534 971
19 460
245 298
679 888
753 814
207 303
518 998
665 889
711 807
595 947
109 396
194 291
37 452
640 865
597 948
561 976
175 333
634 920
109 398
132 359
188 351
593 946
639 924
77 425
110 394
56 477
686 843
70 416
644 866
756 786
689 854
82 442
591 934
653 871
52 479
684 832
170 327
241 287
60 466
187 341
97 398
57 457
179 323
745 793
661 869
230 276
102 404
702 844
139 376
33 469
580 944
544 980
171 350
605 936
649 895
661 867
154 365
34 469
573 965
28 485
685 852
647 894
658 875
74 432
167 348
178 329
59 455
689 845
655 883
235 278
673 862
504 963
511 929
507 856
503 860
502 830
509 822
506 785
505 783
505 760
508 759
501 766
501 674
510 644
507 641
503 650
502 639
511 624
509 617
508 614
504 607
506 585
286 730
510 549
