1000 1000
56 60
689 693
840 846
480 487
385 390
743 750
518 522
21 25
437 441
55 58
401 415
979 988
306 317
359 374
2 16
864 884
965 977
5 17
905 927
333 346
363 380
520 528
205 215
386 409
651 663
773 793
296 309
239 241
804 827
908 941
535 565
664 699
385 422
713 738
975 996
156 176
266 294
706 748
393 441
325 372
284 301
77 127
396 440
203 255
201 253
9 60
661 672
912 935
603 620
733 741
326 382
649 689
586 627
29 39
75 112
901 958
140 176
282 295
325 379
601 615
392 438
15 49
43 106
6 71
282 347
550 612
169 235
932 999
641 709
538 606
774 835
17 84
542 600
544 614
669 724
913 987
180 255
185 245
293 361
656 732
940 993
561 638
316 371
790 838
815 895
803 882
808 892
283 335
416 500
575 618
395 478
419 502
530 580
387 468
806 894
691 746
34 121
400 459
135 219
411 506
666 763
149 247
299 329
133 231
685 718
693 726
899 998
286 379
955 989
804 834
177 214
139 224
928 972
645 745
678 714
558 579
28 113
42 68
816 862
179 195
665 744
814 860
688 708
799 875
297 351
168 222
62 73
280 353
686 725
772 888
944 973
797 864
421 475
549 677
583 711
514 643
371 497
869 998
516 640
590 714
848 981
318 443
815 936
355 491
374 510
78 199
16 154
776 899
778 902
582 715
791 921
72 198
617 743
281 406
884 996
527 669
586 729
814 957
619 767
584 732
598 704
567 672
102 252
256 411
270 402
534 650
632 740
823 938
598 712
557 690
380 476
22 182
556 654
602 766
559 651
330 494
63 155
9 172
634 735
79 234
324 492
44 133
56 146
70 237
519 683
807 906
20 186
260 426
770 941
12 163
882 962
603 745
345 490
887 964
622 730
35 151
616 734
536 686
121 206
525 698
795 931
555 663
54 138
560 653
812 915
57 248
271 461
81 147
787 976
300 488
290 487
367 425
372 444
21 222
879 931
881 957
868 948
375 420
322 401
541 713
30 202
788 961
621 699
624 678
850 900
866 955
623 694
263 477
119 173
835 920
324 408
364 433
307 467
516 742
801 963
6 227
269 491
523 736
286 498
594 702
264 485
881 927
4 234
292 469
260 501
811 986
303 477
1 242
885 897
124 136
377 399
104 159
368 391
524 763
880 903
836 958
592 684
348 416
370 396
578 700
49 207
99 355
126 381
51 304
238 493
662 914
656 916
539 797
217 478
675 938
74 323
692 953
629 891
705 974
674 946
157 397
671 910
607 846
47 317
100 370
145 393
662 910
233 499
595 841
80 331
590 853
57 292
551 826
36 314
160 446
212 459
208 463
542 830
220 508
602 891
621 844
654 943
120 346
28 312
522 813
37 258
629 861
716 997
576 874
677 911
44 262
69 366
76 353
7 297
109 323
531 828
164 404
631 839
608 849
105 347
579 880
639 843
69 368
198 497
33 283
43 272
194 505
182 397
139 438
82 275
143 462
237 431
749 943
160 482
679 995
178 503
551 865
25 350
644 963
532 851
217 400
146 472
549 878
196 399
660 984
19 351
178 511
649 964
171 485
635 809
228 439
625 802
738 950
581 784
251 429
716 922
221 394
97 310
145 457
741 959
572 870
216 387
36 383
613 830
131 479
68 281
628 810
240 431
151 456
91 315
646 999
548 837
134 484
197 423
29 383
130 481
550 833
545 838
8 352
23 381
97 267
226 398
86 314
566 859
739 909
40 327
211 418
188 462
548 855
225 404
680 991
19 356
166 465
717 954
224 407
705 953
184 450
529 876
105 276
599 808
150 489
569 954
61 446
94 473
120 496
756 892
653 775
673 810
700 823
80 475
641 782
574 945
676 820
197 340
600 971
574 939
721 839
219 332
26 386
644 798
125 480
192 349
218 378
572 924
756 854
534 948
189 280
244 337
630 976
10 428
675 773
755 853
158 310
766 852
573 913
640 813
655 802
142 288
609 974
163 273
242 321
41 412
761 847
739 852
183 270
561 904
210 360
34 414
767 831
175 362
642 836
119 433
251 307
605 917
718 774
132 334
153 339
63 500
614 939
254 302
177 354
129 338
83 391
37 509
595 907
143 342
35 506
562 1000
148 334
23 461
204 278
112 426
66 414
249 293
701 865
617 949
724 777
639 925
1 483
622 909
652 879
24 507
45 457
3 486
52 466
626 916
514 997
703 854
760 785
89 435
636 912
78 418
588 930
79 417
71 424
165 330
560 960
610 914
631 903
706 819
250 265
737 786
580 945
546 980
83 421
118 384
229 274
156 363
18 490
53 460
758 780
236 279
199 315
597 937
202 311
643 894
67 444
263 775
361 873
84 596
437 951
196 710
12 521
127 633
284 795
167 687
417 937
358 876
326 845
341 862
76 576
384 908
316 818
223 720
168 697
111 637
427 952
54 546
111 634
4 530
321 858
180 681
376 870
312 792
114 592
207 749
434 919
61 536
30 568
161 648
47 515
102 585
72 632
360 860
308 768
319 778
298 799
419 923
82 619
235 722
179 650
301 788
64 633
200 755
265 821
193 764
32 543
22 553
115 563
184 760
126 575
27 601
116 563
342 785
365 805
162 746
128 712
398 967
170 737
185 757
144 733
340 793
249 695
81 513
267 859
122 555
64 532
86 512
152 719
201 670
408 960
138 722
367 822
266 851
508 934
153 707
166 765
171 758
493 947
95 512
122 538
440 987
445 985
38 578
344 828
77 553
388 994
358 781
503 921
422 969
439 967
369 769
243 642
131 753
484 919
129 754
275 871
85 547
10 627
104 529
227 665
108 535
436 975
172 720
362 790
191 707
311 842
465 940
192 701
502 907
18 659
241 624
432 818
88 731
173 558
205 585
148 528
136 524
274 918
460 840
357 995
141 517
50 698
415 789
33 682
232 611
348 983
193 591
430 801
492 867
320 978
277 902
123 744
7 659
15 667
476 841
93 711
499 872
113 750
287 959
107 715
329 1000
62 671
67 736
448 867
443 792
244 594
226 581
213 626
296 896
378 978
118 734
289 904
427 770
124 725
95 757
413 816
92 748
210 610
308 901
142 573
373 961
150 547
223 616
470 877
183 523
285 928
389 827
87 660
240 565
483 806
445 890
206 519
110 674
451 783
504 821
454 779
442 887
169 615
261 970
507 811
215 518
341 900
231 564
494 826
253 552
132 604
262 990
14 723
449 796
66 668
510 800
319 992
365 946
354 898
290 962
189 604
495 781
442 856
252 543
303 972
85 691
424 847
405 893
141 612
291 968
38 717
505 786
152 628
410 886
305 991
144 638
42 708
11 762
343 934
394 888
452 822
14 765
103 657
458 829
65 696
11 753
300 983
155 608
147 623
453 824
447 833
285 994
125 893
331 587
388 645
170 936
435 688
48 819
90 857
3 768
432 692
328 589
204 969
336 597
135 897
464 728
344 593
186 944
2 782
187 951
257 527
98 877
213 986
436 676
412 652
403 647
149 896
26 783
272 520
220 965
448 731
114 878
13 784
87 842
137 918
96 832
382 606
108 844
458 747
75 873
117 855
110 845
232 971
428 648
236 968
332 618
175 905
254 982
245 989
259 554
429 646
335 611
288 526
73 889
313 521
228 982
167 915
395 702
276 545
486 721
420 668
216 992
289 537
100 861
489 723
159 933
101 857
89 871
27 805
65 895
90 794
257 577
130 966
343 531
31 856
5 834
357 557
304 635
39 875
13 832
376 566
264 583
389 727
239 956
200 923
482 695
481 694
46 889
246 942
364 564
313 609
93 772
450 667
225 952
229 956
99 831
70 794
299 630
55 874
425 759
455 664
59 868
495 655
375 533
51 849
246 917
451 679
291 582
455 673
195 933
74 812
52 850
107 780
96 776
403 762
181 990
191 977
91 820
165 970
269 636
46 863
268 637
474 680
366 540
472 682
238 924
328 571
339 544
349 552
410 751
209 935
162 980
452 690
40 863
279 620
471 683
45 848
464 685
209 942
94 988
473 605
101 993
392 525
53 947
466 596
369 761
333 709
453 591
320 719
161 817
359 759
277 647
377 747
50 929
469 577
31 906
32 950
454 593
305 681
327 735
402 526
233 885
214 843
271 657
261 666
471 584
287 703
211 883
250 858
447 541
434 533
306 661
154 817
456 613
24 949
350 752
409 567
256 687
20 932
322 752
218 872
373 710
194 886
188 777
140 825
338 740
158 809
187 771
298 658
164 796
352 729
174 791
295 670
405 559
157 807
423 539
190 771
103 985
181 779
498 589
248 824
449 513
406 599
258 704
504 570
488 554
413 607
98 929
337 658
511 569
302 742
356 684
203 769
137 837
463 515
190 883
390 587
501 570
8 984
468 517
92 911
243 800
174 890
268 728
294 754
259 726
345 697
467 562
509 540
474 568
430 588
128 866
134 869
48 979
479 571
247 787
123 925
407 625
336 696
496 537
212 829
208 825
318 727
116 926
278 764
117 920
59 981
309 730
41 966
115 898
230 789
106 926
58 973
109 922
230 798
88 930
470 556
221 803
273 751
