10000 10000
4920 4921
2156 2157
8939 8942
9880 9885
2697 2702
5350 5358
9702 9710
6726 6735
2771 2776
5653 5662
6914 6926
3491 3502
641 654
8226 8237
2505 2520
9835 9849
3595 3609
6087 6100
3052 3071
3873 3890
6021 6033
5065 5084
2923 2942
8876 8889
8782 8792
742 753
6889 6910
495 502
6538 6547
3686 3708
6821 6846
5824 5852
4551 4570
807 825
7617 7647
5702 5721
9414 9433
1614 1617
2062 2065
3093 3127
7303 7333
2260 2288
2944 2982
3089 3127
1177 1214
8391 8416
9245 9269
3793 3832
3162 3187
8008 8034
5446 5484
5594 5617
397 417
1866 1894
6149 6185
3163 3191
1823 1840
394 421
193 238
4944 4960
3422 3436
3470 3516
4630 4645
5397 5414
833 885
5215 5227
5318 5362
8000 8052
1423 1465
7710 7721
4934 4991
4698 4707
7055 7090
7903 7906
4699 4708
5645 5682
4909 4973
3373 3439
4256 4323
6321 6389
6407 6466
54 112
8877 8938
1793 1865
2955 3010
1043 1113
6699 6752
5018 5073
7849 7906
2337 2413
3224 3284
5134 5186
5141 5209
5688 5749
281 340
6945 7020
1471 1519
8865 8944
6915 6993
5271 5316
5633 5716
3760 3815
2069 2114
3736 3791
7563 7635
5124 5213
3471 3540
8623 8692
1963 2038
6913 7007
154 196
6965 7019
8966 9062
5031 5061
4534 4565
2052 2145
1206 1247
6816 6858
2851 2889
9374 9460
2332 2416
8985 9078
5937 5953
8960 9072
2733 2780
9624 9705
4770 4816
5937 5955
1704 1754
6170 6254
9737 9852
2313 2431
926 1000
267 380
8457 8561
4785 4808
3098 3168
3993 4066
4141 4176
4504 4583
1295 1392
4987 5115
85 212
1633 1763
7990 8117
9855 9980
1568 1700
8803 8934
8823 8946
1605 1728
5649 5780
4417 4550
5721 5854
8798 8921
5720 5855
3106 3237
3679 3800
1627 1747
6941 7061
800 936
8527 8647
4664 4786
5965 6086
8704 8844
6495 6610
2339 2477
9854 9968
5231 5344
6995 7107
4977 5089
816 929
1099 1241
5671 5812
7996 8104
2386 2502
808 959
6210 6360
2091 2225
1571 1720
8195 8344
5399 5515
2054 2202
788 905
3606 3723
1107 1230
1292 1426
9047 9161
2411 2549
8045 8178
7232 7391
5167 5296
9733 9893
8218 8376
4102 4260
7523 7617
9500 9656
3366 3459
8808 8897
6933 7103
7535 7621
1042 1208
56 147
7208 7301
8740 8841
4133 4235
8061 8147
2885 3050
3114 3205
619 730
1899 2010
5728 5842
9761 9875
9053 9199
7805 7880
2562 2741
5492 5571
1383 1502
3889 3976
4139 4241
3908 4095
796 935
5674 5777
1368 1508
4366 4528
8275 8428
5747 5836
6497 6622
798 986
7233 7301
1401 1469
3100 3284
7758 7810
3687 3755
8549 8619
3154 3228
2058 2245
7495 7560
7237 7317
7498 7578
5217 5299
3604 3782
2136 2186
332 415
5418 5630
1914 1967
2681 2732
5193 5278
5901 6106
5893 6108
8055 8110
4900 5117
8288 8378
7488 7579
8198 8410
5929 6132
4886 5067
1909 1960
9840 9902
354 444
6765 6797
1028 1252
6420 6644
7482 7643
2348 2511
8016 8116
5907 6134
1624 1727
1105 1209
2667 2689
3950 3972
9313 9354
6675 6911
1394 1438
7716 7882
5478 5512
3330 3570
7220 7364
1795 2033
9589 9606
5943 6084
106 153
9314 9367
2087 2257
6920 7167
7992 8128
7208 7377
1584 1737
7259 7329
6225 6317
4937 5044
4675 4798
3695 3729
2121 2230
7032 7047
2874 3013
5671 5927
2116 2373
2260 2519
2617 2876
749 997
3679 3927
3304 3555
2160 2430
7712 7982
4617 4870
6826 7098
4748 5020
6825 7099
1730 2000
9260 9535
6760 7039
35 308
5775 6039
2759 3039
3139 3417
54 301
8209 8460
3301 3578
3170 3453
4810 5098
8722 9010
5819 6042
6237 6524
7282 7507
5129 5419
8756 8982
4777 5002
8210 8503
3075 3366
3730 4027
4657 4888
4187 4465
1094 1389
5877 6110
1148 1361
195 493
5366 5592
2736 2944
5762 6066
3198 3405
9286 9587
3799 4065
2203 2476
1582 1817
185 398
8289 8534
9424 9704
5708 6005
37 287
5632 5947
6378 6609
9265 9485
5656 5926
685 915
4276 4599
2106 2416
726 923
1259 1444
1105 1280
8929 9136
4641 4976
3186 3360
1120 1330
8781 8990
7897 8077
8245 8545
1682 1991
5143 5442
6860 7066
172 506
596 770
3251 3556
7712 8056
8425 8625
7790 7991
6876 7046
3813 4025
2709 3016
9295 9519
3200 3552
3267 3491
8757 9045
4276 4567
8291 8448
5166 5453
8256 8484
582 802
606 822
6183 6479
7721 8000
2063 2405
3709 3863
8370 8665
6261 6430
8335 8676
603 823
6658 7023
8842 9188
3298 3468
136 486
7837 8178
247 391
6193 6467
7829 8167
8771 9008
4 368
4635 4975
2280 2461
7786 7965
6357 6573
4241 4585
1776 1928
4700 4901
8733 9060
6888 7057
8411 8610
4259 4569
4643 4952
3599 3956
5830 6074
2584 2916
3779 4030
6196 6581
1184 1313
21 401
1666 1798
7862 7987
605 987
1064 1454
5279 5400
7735 8126
644 776
9336 9716
6679 7066
8773 9163
607 976
5637 6039
6848 6994
2107 2473
8261 8662
3302 3445
7767 8130
609 1012
5326 5464
1597 1963
1703 1854
7268 7677
1225 1360
6666 7059
2671 3061
9231 9619
4825 4933
5737 6132
4344 4455
741 890
2118 2535
8419 8513
7925 8022
7218 7569
6872 7025
6241 6603
5333 5503
3688 4034
6373 6478
1106 1534
8725 9146
7817 7993
1242 1386
6700 7069
5712 6115
3188 3521
5801 5916
2756 2931
7371 7539
2597 2975
4316 4455
5370 5447
1559 1961
5277 5468
8834 9024
4784 4980
2751 2938
8959 9016
7276 7588
8434 8507
7908 7981
718 772
7746 8073
4216 4531
2138 2454
6839 7034
4722 5052
2642 2946
5248 5456
1074 1504
7843 8048
7728 8166
7832 8015
7739 8163
7328 7545
8936 9009
67 409
8394 8465
6677 7118
1050 1478
5253 5465
9326 9650
4804 4889
558 1008
3222 3401
1554 1997
8956 8989
9372 9597
8907 9006
8243 8660
9328 9623
6680 7152
3780 3885
29 497
7420 7442
3831 3864
5211 5556
2108 2509
5800 5977
2796 2847
7269 7574
6186 6610
8325 8573
3804 3877
8258 8633
5357 5393
2601 3030
5256 5495
6148 6661
5568 6084
2231 2738
9276 9786
5215 5720
6459 6972
430 934
2503 3023
2071 2590
8469 8988
2378 2880
1486 1988
1475 1992
7489 8013
2407 2922
6224 6749
8362 8869
1253 1780
1224 1753
4268 4797
4587 5114
7298 7827
34 561
404 903
1225 1754
156 648
451 982
4336 4838
2350 2872
373 877
6548 7053
8655 9172
1417 1941
9398 9896
4506 4996
8373 8853
240 721
3195 3674
3328 3875
5494 5973
3152 3699
4401 4885
7423 7898
4168 4718
3449 3934
3455 3928
5433 5905
8415 8951
1092 1644
401 954
1348 1903
189 656
4599 5081
2393 2934
8607 9135
8514 9074
4211 4674
3525 4084
3156 3685
1238 1764
2466 2961
6625 7124
4582 5072
124 587
2532 3033
2289 2764
1258 1749
9297 9745
2338 2914
1084 1662
3497 4075
8356 8934
1482 1928
8524 8975
491 942
4101 4686
4361 4930
3281 3741
91 535
2472 3045
9344 9933
1334 1895
2103 2661
4521 5117
91 527
2093 2682
2123 2588
230 702
3104 3705
3091 3658
9219 9818
5198 5652
433 1003
1396 1838
5484 5936
4252 4800
6599 7067
5610 6069
5420 5965
3253 3798
6406 7010
7396 7809
260 866
1122 1541
8272 8760
2052 2669
5626 6038
3318 3739
1158 1771
6544 7166
6268 6668
4433 4896
6552 7146
8403 8864
1324 1880
7419 7823
5369 5772
1282 1915
3464 4082
4247 4845
7581 8161
5207 5673
8552 8983
8607 9184
5522 5907
3354 3998
3385 4029
1073 1716
5340 5722
7199 7830
3142 3791
5542 5930
290 940
7404 7778
9456 9824
186 555
6298 6664
2216 2618
1250 1648
3425 4082
2182 2576
3394 4059
8343 8717
5520 5898
4315 4673
6228 6857
2541 2928
1036 1708
3134 3742
2386 3058
1477 1892
8265 8936
7498 8169
4155 4765
2097 2711
3485 3899
9397 9746
1405 2010
6394 6736
4149 4767
5546 5888
1511 1879
6354 6755
1266 1603
5244 5837
6620 7022
8297 8923
3255 3588
4129 4757
2319 3003
3417 4076
3492 3858
1108 1762
3120 3720
7595 7953
7654 8026
1264 1584
7435 8137
6509 7087
1436 1886
4557 4878
2268 2584
6151 6850
7323 7773
3375 4072
2152 2720
2159 2727
5164 5862
8462 9156
3432 4003
8609 9066
9455 9763
8336 8798
9677 9986
9226 9946
2071 2759
2062 2782
1419 1880
6311 6770
1227 1565
7619 7957
9303 9869
4200 4787
1456 1900
4233 4692
5394 6095
3149 3731
7324 7746
3110 3833
2492 2915
2281 2568
2209 2624
2266 2619
5153 5827
7259 7864
7669 7952
7454 8187
7350 7763
2166 2707
3550 3896
5254 5729
6229 6844
5221 5775
5600 5899
7332 7759
1167 1636
4597 4894
1416 1893
2217 2628
7439 8189
7257 7851
4124 4840
6212 6832
435 838
1440 1878
6518 7040
9287 9919
7472 8136
9309 9895
72 691
9393 9802
9306 9894
9271 9931
5245 5760
6654 6915
4576 4895
479 735
9224 9995
2422 2677
4535 4788
8396 9160
1445 1696
7551 7801
5537 5798
42 802
8522 8771
4402 4667
5430 5695
6263 7037
5398 5660
1405 1655
3423 3668
9512 9765
2339 2605
3258 4021
6172 6931
7490 7760
8654 8925
7670 7907
4552 4829
344 589
6312 7101
4326 5104
1175 1921
3410 3653
5237 5997
2081 2873
4150 4910
226 1019
8341 9100
4477 4711
271 532
9501 9734
4577 4860
3517 3746
6281 7085
1261 1994
328 608
6571 6787
5392 5689
9666 9963
5477 5710
102 845
2101 2843
265 551
234 987
3349 3620
3246 3996
4221 4942
6331 7055
6388 7104
9536 9844
4527 4763
4362 4671
4515 4757
4321 5078
6348 7157
4446 4711
3094 3884
5448 5748
3407 3698
313 518
185 1017
2383 2570
5263 6090
1100 1802
327 512
7266 7973
6393 7089
2113 2826
3331 3663
1512 1700
364 545
4345 5047
8567 8761
129 974
8404 9115
490 698
159 975
8618 8953
1483 1688
248 939
7655 7859
7605 7904
6565 6896
1088 1815
3427 3636
2219 3059
8355 9211
4364 4694
6266 6944
1060 1919
4167 4891
3235 4094
261 613
9647 9935
7406 8076
7517 7743
8206 9068
3477 3824
3232 4039
6188 6981
5171 5976
2082 2894
3400 3621
5251 6126
1530 1687
6514 6687
9547 9765
5401 5750
314 586
3577 3723
432 707
9673 9914
424 734
7392 8088
1473 1723
7586 7896
3120 3914
5359 6036
8639 8900
57 837
3335 3707
6465 6716
4548 4795
8515 8899
1450 1579
2179 2817
8225 9122
6222 7117
7322 7967
3300 3939
3369 3744
5178 6067
6619 6737
5367 6011
4137 5028
8449 8844
148 795
5260 5891
9512 9895
4394 4773
7242 8154
9510 9908
5593 5709
4357 4755
2064 2950
307 676
9722 9826
6200 7072
342 716
420 575
6574 6706
2100 2985
5423 5810
4451 4860
7253 8181
8309 9173
1469 1566
1350 1765
9492 9905
242 853
4382 4793
8408 9073
3129 3987
6425 6835
6483 6905
9578 9921
9705 9794
1248 1867
5386 5799
4560 4733
7642 7797
6452 6811
2089 2950
9565 9965
3529 3705
8599 8743
441 520
3497 3613
3155 4070
5158 6033
5377 5814
3346 3754
425 529
6606 6774
39 927
2418 2760
7472 7819
140 817
9568 9949
1338 1668
6474 6900
3089 4014
3383 3828
4574 4637
6172 7135
6642 6705
5408 5861
1473 1543
9599 9913
7321 8030
241 825
7337 8034
3539 3613
1140 1957
1215 1901
58 1000
1528 1580
4123 5070
5477 5811
2531 2613
2363 2797
8366 9078
3483 3650
4453 4796
493 567
1237 1806
1432 1603
439 620
160 893
5185 6047
1298 1741
8338 9075
3146 4011
222 831
7280 8081
443 600
475 575
269 744
1222 1827
1233 1844
195 806
2298 2844
8516 8866
311 720
8505 8913
7679 7700
449 556
2529 2575
3304 3846
2186 2939
7559 7796
4248 4972
4139 5087
9653 9792
5267 5989
5557 5709
3082 4080
7603 7753
3082 4081
8399 9012
5145 6119
9475 9981
8238 9263
6982 8007
4597 5620
986 2008
6614 7632
4341 5375
6381 7398
8347 9365
8244 9274
3045 4074
203 1240
492 1535
6195 7200
4144 5156
6364 7368
4789 5792
197 1235
8319 9321
6799 7833
2328 3343
6647 7663
6323 7339
4701 5701
4222 5223
2867 3881
6258 7272
6263 7275
8850 9871
4945 5966
4518 5509
8601 9661
8361 9357
26 1087
2505 3566
239 1223
2812 3796
2706 3771
155 1207
8859 9911
1013 2009
4395 5382
826 1813
3052 4060
6308 7316
78 1151
7120 8162
8558 9564
494 1498
2531 3547
3024 4074
8663 9709
117 1102
2541 3537
2527 3554
6586 7559
2080 3101
5019 6053
2799 3792
8884 9973
4104 5194
4140 5230
877 1839
442 1528
4098 5190
6967 8051
8693 9651
6789 7874
4117 5202
2088 3172
471 1434
2551 3495
2699 3803
6595 7570
9049 9995
387 1488
4515 5623
4270 5368
2201 3279
6788 7891
6906 7846
4728 5668
462 1427
6158 7251
4370 5452
4502 5576
6922 8020
2564 3685
6694 7751
8517 9511
2421 3350
1007 1932
88 1083
4735 5659
893 1816
6329 7388
6339 7334
8913 9911
4681 5679
4676 5667
2446 3558
4632 5745
264 1377
8619 9665
4437 5439
164 1231
2845 3958
4166 5162
8316 9232
2886 3883
6996 7994
2517 3514
6814 7921
415 1517
2586 3689
4975 5916
6845 7881
8468 9569
732 1707
4902 5969
4453 5405
4962 5914
50 1098
6462 7492
585 1586
782 1906
7064 8166
2519 3414
6790 7684
634 1784
2911 4057
6454 7614
2217 3105
363 1506
760 1652
419 1331
4120 5258
8691 9569
633 1771
6581 7463
498 1377
6553 7436
8254 9387
4439 5570
4601 5487
6316 7226
6854 7774
2781 3653
6391 7278
6871 7757
305 1451
2249 3155
2967 3851
319 1442
8924 9853
6411 7594
826 1944
4318 5242
2942 4056
4653 5770
4403 5531
6753 7880
8833 9771
2959 3877
8747 9857
8672 9547
3015 3948
6408 7590
5037 5891
6553 7479
2654 3825
485 1365
6784 7729
677 1556
8927 9836
8675 9552
2305 3508
4157 5256
4316 5226
2094 3225
138 1085
4938 6130
2606 3732
2630 3837
7037 8134
7033 8130
8328 9268
2538 3414
397 1357
201 1032
4672 5761
4989 6076
123 1210
4627 5842
422 1378
6993 8085
2983 3938
8746 9967
66 1159
2999 3952
7079 8046
3021 3847
2714 3665
337 1434
84 1176
2066 3292
2539 3364
6606 7425
2605 3810
703 1648
2863 4095
8329 9307
2566 3794
2861 4089
4782 5752
4370 5572
4590 5433
231 1072
2497 3353
4365 5588
2637 3735
39 1277
6872 7683
6532 7513
3024 3854
4916 6122
2859 4084
4808 5655
2471 3448
4611 5858
7034 8091
6309 7239
821 2001
7134 7994
8550 9603
2432 3430
2613 3805
4470 5534
8733 9972
4646 5834
6913 8172
748 1538
4944 6078
4814 5665
2580 3812
6750 7854
6402 7667
2784 3601
8478 9708
4665 5834
6445 7641
2501 3378
8349 9317
8565 9613
2346 3538
700 1604
8617 9553
474 1315
6604 7477
2686 3716
6899 7689
4440 5540
2749 3648
6650 7431
477 1315
2565 3835
9162 9930
6271 7550
6968 7737
6870 8148
6426 7193
621 1902
717 1993
2379 3151
6243 7527
504 1276
9079 9842
4352 5127
4287 5560
676 1964
7005 7765
4686 5958
6433 7209
6597 7374
4396 5159
2882 3657
8713 9989
7167 7922
2258 3548
4883 5661
4642 5939
916 1670
4136 5438
2659 3957
4658 5931
4359 5150
6210 7512
2984 3762
5054 5796
4766 6021
2622 3874
9084 9825
6338 7644
856 1607
329 1110
317 1053
2626 3939
8431 9678
545 1797
6969 7709
6537 7341
2196 3504
4541 5272
19 1339
2307 3115
312 1041
4267 5506
4608 5929
4796 6037
4132 5390
2220 3463
952 1685
4925 5648
8229 9482
2124 3452
4568 5356
4680 6012
2351 3098
8585 9407
9052 9834
6160 7467
638 1859
8490 9239
7129 7911
287 1057
8446 9665
4513 5345
6435 7267
8500 9332
86 1302
8551 9254
9044 9749
4108 5454
4928 5635
8492 9320
6775 7986
4649 5996
4640 5990
6566 7407
4999 5837
6243 7465
6662 8010
2207 3539
4272 5629
6293 7643
8257 9489
4948 5637
4178 5379
4220 5422
4154 5480
2299 3503
2891 3614
6734 7963
6231 7425
124 1322
2448 3271
8684 9396
3036 3717
8527 9238
4456 5171
4223 5411
6294 7625
652 2003
6768 7952
4719 5902
4186 5432
4127 5498
2975 3834
9113 9983
6324 7634
3067 3741
4811 6061
4358 5217
6287 7656
4431 5160
2801 3992
8624 9434
302 1093
628 1818
4373 5243
8682 9370
2422 3077
931 1744
1020 1679
6248 7452
8274 9510
5080 5794
6816 8155
6740 7983
288 1119
5095 5784
9105 9747
4624 6035
8348 9497
6253 7659
8557 9450
8679 9324
2325 3230
426 1057
6358 7514
41 1447
3001 3638
118 1529
2988 3644
9057 9969
8197 9623
4845 6014
2867 3750
7045 7696
8565 9443
6384 7526
4640 6073
7142 7805
4208 5612
4170 5591
4959 5825
8489 9352
336 1265
2377 3306
701 1817
355 1222
2628 4076
6659 8106
8980 9917
4114 5563
2740 3871
5043 5663
9180 9840
540 1970
5087 5744
6178 7565
6716 8083
4186 5621
2485 3077
2848 3729
149 1316
6313 7451
602 2024
6270 7629
6911 8010
2140 3563
626 1989
6711 8079
9040 9962
8443 9542
6761 8151
356 1243
4907 5866
9193 9768
9102 9807
4529 5235
897 1602
170 1391
6785 8004
2225 3444
6873 7967
2457 3153
921 1617
2280 3361
8425 9507
6817 8042
2425 3252
920 1609
8221 9676
6892 7997
8277 9601
489 1086
6929 7878
3032 3599
1016 1571
4363 5328
2364 3296
605 1920
6662 8155
8348 9537
948 1641
4935 5786
2985 3703
2600 4086
4294 5400
4119 5577
794 1733
9061 9861
6244 7556
593 1969
3060 3605
9132 9806
8548 9351
9141 9811
779 1773
469 1074
4522 5186
9180 9780
6629 7183
60 1494
6456 7380
8632 9300
6304 7501
9136 9821
8499 9411
3005 3661
610 1939
7065 7789
6732 8122
403 1124
4233 5502
273 1257
8445 9479
711 1853
4761 5987
452 1080
220 1314
4388 5338
6964 7883
890 1402
5060 5573
2729 3243
8739 9249
4656 5170
4413 5945
4954 5470
9039 9546
4279 5810
7050 7567
4602 6141
3039 3544
116 1651
98 1637
2368 3912
2384 3929
8894 9399
2545 4090
6729 7239
708 1236
2973 3468
76 1631
2649 3148
8471 9985
7088 7592
131 1690
870 1402
2357 3880
2787 3326
8899 9437
2915 3453
4691 5196
6222 7788
895 1372
8898 9441
6483 8054
6936 7486
810 1292
6992 7542
6435 7940
6715 7186
4842 5313
9045 9598
7160 7636
4972 5440
4493 6049
4600 6101
4210 5725
2463 4016
7004 7539
8765 9229
4575 6127
9070 9567
2952 3513
6322 7811
4666 5128
6953 7450
8439 9923
162 1686
6425 7980
8215 9775
6717 7173
408 1956
503 1975
2718 3294
4375 5975
8337 9936
6807 7382
8923 9375
461 1931
907 1485
2939 3379
2125 3588
6432 8042
6772 7231
8994 9582
848 1308
2211 3822
6970 7540
2235 3829
4696 5128
2926 3390
4963 5426
6852 7318
967 1426
6252 7739
8368 9960
650 1234
2458 4034
7097 7648
457 1939
769 1370
6307 7935
4190 5634
2634 3095
395 2006
8888 9447
3065 3494
7054 7662
4383 6013
4121 5754
8379 9951
937 1484
4522 6093
6664 7264
4263 5836
858 1329
6319 7875
2469 4053
8954 9355
4721 5123
9145 9675
6279 7925
4952 5418
6932 7520
32 1621
5105 5508
8976 9573
6771 7179
2143 3622
2912 3353
3040 3486
862 1312
2389 3882
4675 5315
6829 7215
4672 5314
6602 8009
206 1610
354 2022
564 1201
804 1441
505 1907
7054 7429
376 2035
2935 3580
2594 3241
2995 3384
592 1244
21 1691
9109 9499
2728 3128
4593 5985
8374 9767
4215 5860
6928 7555
4616 5279
2313 3987
6704 7339
2316 3984
6626 8062
8973 9617
2513 3917
5118 5472
571 1189
9088 9502
2866 3500
9188 9541
150 1588
74 1768
6319 7691
2642 3317
191 1560
914 1338
8722 9400
6187 7809
4608 5291
692 1048
4730 5334
8799 9459
7088 7424
6601 8057
6736 7393
442 1803
2928 3522
4741 5175
4432 6114
4411 6031
8396 9848
6232 7916
8444 9801
4850 5194
4183 5871
375 1998
9137 9480
6777 7360
8331 9777
6596 8063
2104 3715
4296 5751
6299 7771
7012 7588
8759 9462
6216 7817
4438 6036
2883 3456
6316 7791
34 1764
2253 3595
4559 5896
2906 3474
2923 3489
581 1167
8267 9863
3027 3358
6733 7296
6423 8153
547 1261
2521 3863
8805 9386
540 1228
6991 7583
6323 7776
2530 3895
696 1134
2402 4026
2304 4057
6380 7734
6791 7261
2335 4036
4743 5212
2365 4070
2174 3749
2279 3643
4315 5638
2582 3272
2846 3521
695 1111
6543 8046
6390 7703
6366 7740
2334 4093
2547 3856
4174 5805
793 1530
4298 5676
680 1103
151 1662
70 1711
5080 5426
4941 5543
3031 3388
7017 7557
843 1447
4828 5170
4236 5730
4820 5178
2450 3965
4861 5132
9215 9484
7026 7558
228 1553
6450 8135
295 2000
2367 4039
194 1595
2461 3943
2620 3270
6202 7876
6165 7914
4169 5961
918 1175
8456 9739
2641 3412
8600 9885
973 1227
9199 9446
2189 3972
4974 5220
8491 9761
8464 9755
6945 7210
2792 3555
6461 7729
7011 7278
9024 9297
6730 7516
2903 3137
6433 7735
8472 9743
2410 3709
8547 9850
5030 5311
95 1861
4898 5122
2302 4062
911 1197
8830 9565
6557 7870
9163 9448
33 1794
2053 3873
2525 3834
4297 6112
4630 5436
2932 3166
4191 6004
4392 5636
281 1588
3047 3274
4355 5677
686 1438
6391 8134
576 1393
4966 5207
2507 3833
4262 6037
8865 9621
6314 8094
904 1212
754 1479
6161 7972
2499 3828
4112 5928
4493 5813
8654 9975
9104 9385
4705 5466
688 1420
632 1349
2838 3115
2631 3333
9050 9246
2737 3573
8612 9952
8874 9710
480 1701
806 1121
7096 7408
4199 5934
2065 3931
9034 9217
8989 9302
370 1599
9070 9248
2 1869
4867 5203
7058 7363
6871 7555
6358 8067
4284 6116
4843 5554
6482 7693
4596 5782
2294 3989
8868 9671
8465 9845
144 2037
4251 6142
6806 7664
7136 7302
448 1702
2227 4052
720 1464
2930 3096
4806 5546
2722 3532
4179 5949
222 1968
4253 6131
5094 5257
876 1027
73 1830
396 1789
8463 9853
6877 7599
725 1446
110 1818
6699 7518
9060 9233
8963 9333
3022 3256
835 1082
8717 9591
36 1886
862 1061
2607 3411
8961 9341
6694 7515
2533 3736
2585 3428
6801 7660
6154 8053
8473 9881
286 1690
6279 7938
6169 8092
7049 7182
8575 9976
8949 9596
8334 9991
1005 1127
6294 7964
769 1162
181 1849
8928 9581
2675 3581
6277 7946
2229 3898
882 1251
2169 4075
916 1031
2597 3505
6188 8122
133 1811
2881 3289
4187 6083
4524 5685
86 1999
6303 7941
8472 9858
2890 3286
2651 3525
2612 3499
4663 5527
827 1178
7000 7418
2094 3978
8540 9979
9190 9295
4239 5925
4386 5768
2166 4059
6859 7525
6278 7990
3044 3158
4253 5935
6570 7705
4218 6094
2870 3202
4351 5962
8580 9777
6269 8139
2932 3266
6338 8052
342 1774
8873 9489
2399 3814
159 1830
9014 9356
8929 9562
5031 5147
388 1592
141 1843
2187 3893
390 1592
8755 9715
145 1873
6867 7442
4096 6082
8729 9691
4891 5342
6359 7953
4873 5327
6600 7694
6663 7616
6628 7724
901 1101
757 1342
4646 5613
7082 7270
4847 5410
8675 9774
8950 9528
4416 5774
4780 5500
6158 8158
8839 9557
4337 5922
63 2028
3046 3122
4168 6044
38 2032
8516 9875
8737 9723
7128 7170
6149 8159
6771 7599
6567 7750
174 1868
655 1389
6315 8008
714 1327
2190 3947
119 1938
8457 9964
4170 6060
6523 7836
6530 7781
2887 3247
9093 9325
8955 9490
781 1255
8788 9663
2604 3527
7110 7213
6975 7380
566 1498
2846 3314
314 1751
8828 9617
704 1326
478 1583
645 1396
921 1131
6353 7970
6731 7608
6464 7861
17 2020
4836 5406
6146 8185
2666 3473
8511 9923
8734 9699
6582 7752
910 1136
4470 5769
6112 8163
4872 6924
5892 7936
5831 7875
5761 7812
1454 3499
690 2746
4206 6246
5731 7787
1294 3332
741 2799
4636 6679
1187 3240
5136 7195
502 2552
256 2321
1885 3916
1821 3855
1141 3174
4115 6148
6105 8142
5006 7060
4799 6820
6014 8037
1123 3192
1325 3377
1130 3144
4829 6907
748 2763
1547 3628
5347 7370
537 2608
1980 3990
1999 4069
1007 3011
2017 4044
103 2122
5305 7319
71 2153
5569 7665
211 2274
1269 3273
402 2478
1736 3830
5323 7412
215 2199
4150 6262
5576 7561
519 2629
1941 4055
1129 3114
68 2049
460 2441
441 2559
1788 3771
5587 7578
1410 3528
1990 3980
5191 7181
1446 3565
5865 7842
5723 7702
162 2290
565 2662
4507 6607
1869 3866
5350 7359
670 2752
1496 3462
1922 4060
188 2269
630 2583
5134 7275
4631 6768
4209 6166
1499 3516
149 2290
832 2857
5771 7905
6092 8102
1699 3784
4436 6463
1491 3518
258 2412
4520 6599
134 2295
1272 3210
765 2703
1618 3617
1743 3769
5752 7695
512 2679
728 2720
5635 7803
1979 4035
4125 6244
1620 3630
5343 7333
4509 6631
4471 6413
5644 7792
1534 3459
5952 8132
666 2590
1060 3233
1645 3819
5113 7039
1165 3078
6120 8039
956 2862
1476 3415
5742 7933
5252 7184
885 3040
368 2533
5713 7878
5039 6966
1390 3572
1036 3219
4790 6674
5481 7628
4737 6696
747 2626
5263 7204
315 2455
1015 2907
1337 3479
653 2595
4562 6524
799 2992
5903 8127
4369 6563
1075 3200
5130 7348
4561 6417
5139 7377
5712 7826
5192 7307
5233 7349
4184 6302
1994 3853
4681 6785
345 2450
398 2370
1522 3391
5739 7866
275 2500
458 2322
1121 3257
5230 7350
1574 3838
4103 6367
1809 4043
5726 7813
4713 6834
4549 6424
818 3055
6117 7992
4970 7095
6034 8050
4839 6660
1371 3512
950 2898
5131 7407
4283 6239
107 2191
4258 6213
310 2513
5793 7753
5074 6971
1040 3321
4779 6721
1075 3288
378 2449
4824 6707
65 2221
1824 4046
244 2075
6140 7948
4423 6582
6079 8014
295 2518
4634 6891
1040 3299
5759 7820
4499 6496
4632 6895
5682 7877
4247 6254
5363 7177
5948 8135
1467 3392
1296 3563
176 2124
4946 7086
127 2178
4445 6560
4423 6585
5249 7295
5401 7654
5320 7223
4340 6645
329 2120
4488 6282
5312 7618
771 2560
1706 4014
5630 7419
4718 7019
4277 6591
1812 3608
1520 3325
5372 7666
1263 3553
483 2284
1749 4058
4261 6570
1570 3890
5290 7611
5185 7507
1826 3633
5173 7456
4378 6159
5935 7737
1290 3088
4275 6568
1658 3943
6119 7928
1766 4089
1460 3220
705 3041
1128 3401
5551 7310
5781 8119
635 2905
1022 2781
5553 7314
4817 7157
1615 3945
699 2973
6077 7834
1671 4000
359 2127
4710 6991
670 2996
4177 6525
5142 7480
6090 7908
1284 3124
5202 7522
930 2704
4198 6484
1806 3645
5980 7784
5388 7226
4511 6312
1545 3902
1897 3665
248 2499
4968 6741
4591 6353
5059 6908
4852 7115
5444 7291
5596 7324
1601 3841
5066 6793
5911 7761
1875 3611
1725 4085
1558 3935
4982 6719
1306 3153
75 2311
4270 6626
4430 6175
4803 7056
227 2487
5006 6874
4347 6573
4301 6554
5606 7357
5475 7228
4403 6252
679 3015
1630 3902
416 2242
475 2237
5169 7513
1444 3276
5341 7607
1128 3331
187 2512
4746 7142
5495 7194
135 2537
6046 7921
255 2447
908 2812
5908 7782
5904 7779
178 2503
5373 7557
296 2128
780 2678
255 2436
5863 8089
733 2978
4965 6884
4220 6654
1982 3645
5773 7945
4504 6173
196 2371
1093 3533
4835 7017
4366 6274
1924 3592
4159 6577
767 2929
5305 7478
1692 3859
4229 6410
5822 7982
298 2234
455 2134
5064 6746
1962 3640
4222 6636
1248 3444
1513 3199
490 2163
4880 6794
5068 6742
5665 8123
1619 4040
805 2750
4230 6429
321 2269
5153 7615
5608 7286
319 2207
5301 7445
5680 8080
5309 7453
6139 7768
1721 3868
2009 3711
4143 6536
4361 6318
6042 7731
5374 7509
448 2161
1769 3933
822 2691
5730 8148
4525 6164
5669 8095
103 2525
978 2670
4647 7065
1873 3823
5115 6725
163 2403
6085 7685
4500 6230
1021 2622
5567 7290
4749 6987
604 2971
1645 4005
1781 3897
1693 3920
5144 7637
1544 4037
1716 3961
5706 8068
4907 6884
1080 3560
1271 3367
1684 3909
569 3051
525 3038
4157 6638
642 2902
5622 7202
4320 6457
5506 7263
1934 3667
1585 4078
6088 7703
897 2657
1606 4006
1319 3269
4628 7158
5627 7192
4815 6956
1406 3224
4511 6265
45 2506
88 2495
1983 3671
276 2300
1341 3287
433 2139
755 2847
4412 6352
1904 3742
1717 3911
5007 6781
975 2620
237 2329
6127 7706
5977 7852
1514 3103
5106 6660
5851 7981
1808 3816
5157 7645
764 2820
1813 3820
1258 3345
1978 3649
5255 7545
6048 7775
6070 7606
5501 8060
292 2854
6116 7648
5353 7917
4607 7162
1684 3218
4232 6798
736 2278
4427 6978
4246 6815
1464 4017
1622 3164
4918 6460
1291 3841
1717 3262
5943 7484
1047 3611
4662 6202
5735 7274
4955 6484
945 2468
1025 3607
5602 8180
4876 6427
5347 7931
5460 8015
5585 8141
207 2769
788 2315
742 2297
49 2579
1149 3678
5083 6653
5763 7332
4720 6234
5100 6592
4668 6162
369 2911
1590 3097
989 2546
4375 6968
756 2244
5940 7429
5923 7447
1352 3966
4847 6361
112 2632
5609 8144
4371 6952
4405 6921
5137 7727
5177 7686
4483 7100
628 2100
1959 3559
5354 7848
4498 7127
6007 7473
4669 6261
5007 6597
4225 6859
6072 7668
5491 7998
5131 7750
324 2826
4343 6841
5986 7474
5167 7804
161 2805
1952 3574
4269 6901
513 2136
5142 7756
1825 3451
2029 3510
141 2774
4429 6934
1784 3237
128 2782
5860 7355
4491 7147
1647 3087
5050 6623
5415 8001
5211 7731
5896 7520
5981 7476
5777 7416
139 2785
5001 6627
5736 7171
5549 8129
6100 7608
762 2198
378 2839
1834 3396
1385 3847
1480 4007
462 3006
583 2102
4682 6200
1298 3942
4634 6255
4163 6710
4875 6525
1192 3806
5824 7351
4551 7103
505 2945
507 2946
4572 7077
1599 3138
5624 8069
173 2771
773 2437
5394 8081
1435 3858
1639 3309
4929 6605
4227 6671
416 2862
1751 3160
653 2050
1089 3790
4235 6683
4193 6897
5621 8037
40 2744
1795 3475
294 2997
125 2798
381 3051
1992 3423
5138 7818
4212 6894
6138 7526
553 2229
390 2852
423 2819
5481 8140
4683 6382
1897 3520
550 2191
1565 3255
591 2276
4858 6228
4477 7123
4178 6882
1755 3178
824 2441
4650 6296
5722 7400
5000 6460
4687 6392
96 2775
1355 4092
5129 7856
638 2245
1150 3781
1163 3637
4738 6204
5542 7961
316 3070
5289 7777
981 2334
2043 3376
4576 6957
4947 6557
4364 7107
5593 7944
1362 3971
4786 6247
1884 3467
236 2615
4750 6227
1538 3295
4882 6607
1126 3768
4579 6973
1940 3402
1550 3311
4480 7009
5758 7327
1802 3561
4746 6255
1419 3949
5149 7924
399 2917
4226 6767
977 2364
901 2411
4494 7036
167 2643
408 2925
4553 6975
4527 6999
1964 3415
5687 7372
4517 7006
232 2579
895 2434
4772 6564
232 3048
393 2698
674 2470
511 2811
1459 3767
1145 3967
4559 6857
5656 7455
4199 7022
1303 3609
115 2940
5308 8108
4949 6214
902 2194
1613 3419
4102 6942
5119 6371
1110 3914
1835 3126
5897 7191
1294 3631
1327 3598
1411 3745
4924 6174
4579 6849
4107 6959
1580 3338
955 2195
5262 8102
436 2712
4756 6584
1783 3545
4855 6616
4307 7139
840 2169
4466 6721
1664 3507
5206 8035
374 2627
1160 4030
203 3068
4545 6904
1195 3985
1015 2253
4217 6978
4264 7059
5176 7940
774 2104
4906 6164
366 2604
854 2068
534 2388
4192 6946
523 2376
137 3018
5469 7705
5658 7519
4531 6902
365 2603
5379 7748
1929 3266
5228 7968
1752 3478
763 2484
4966 6185
4552 6813
924 2250
1870 3097
4398 6777
1996 3220
4546 6810
99 2872
1410 3804
165 3067
122 2853
1141 3860
657 2544
1923 3297
1537 3429
293 2625
4703 6458
434 2779
383 2582
1207 4061
5942 7258
5733 7433
5472 7692
5552 7901
5781 7655
4181 6951
5161 8027
1856 3123
715 2495
608 2327
5530 7907
5820 7621
5042 6344
5963 7217
5463 7723
810 2134
4099 7038
5874 7567
1532 3714
4292 7099
4553 6728
588 2510
6101 7255
1995 3145
4290 6977
1180 3871
5700 7618
543 2456
2026 3181
4590 6752
5455 7873
4700 6611
4389 6836
4287 6957
1437 3593
5830 7518
5274 7938
4787 6443
5335 8012
5262 7957
936 2099
4388 6840
5453 7888
4340 7018
357 2810
1572 3461
738 2368
6027 7203
4195 7114
5885 7511
919 2109
136 2850
5342 8049
6073 7190
5335 8039
4589 6751
4396 6815
5173 8064
4243 6950
591 2551
4654 6551
1382 3807
679 2333
1821 3238
1070 3986
4989 6339
5292 8044
5618 7730
6008 7354
1968 3186
332 2698
5975 7312
1109 3999
4344 6962
5678 7649
4897 6382
819 2275
1006 2111
651 2394
5251 8018
5259 8024
1376 3764
5938 7399
548 2556
132 2909
598 2447
5715 7561
1881 3203
4246 6989
4964 6329
780 2258
4759 6518
864 2180
4153 7132
1232 3893
5346 7943
1967 3143
413 2676
828 2263
4589 6659
1655 3480
5013 6245
5992 7320
1849 3275
1061 4048
4561 6695
1408 3706
636 2439
1922 3198
1275 3845
5241 8070
1433 3686
4325 7397
383 3454
5999 7021
5329 6356
1 3078
1290 2306
1166 2183
672 3754
1497 2514
554 3617
1038 2078
811 3897
4968 8059
881 3940
5253 6291
507 3564
919 3968
4752 7816
4367 7446
4402 7464
625 3691
4368 7436
5713 6732
622 3699
5580 6632
4381 7480
4753 7863
5343 6390
5536 6540
784 3901
1199 2206
4615 7733
5592 6635
597 3683
601 3681
1631 2663
4859 7874
419 3481
5076 8175
4839 7900
260 3387
68 3195
920 4007
5221 6180
4512 7649
2017 2976
4207 7213
4300 7310
186 3320
843 3849
4254 7389
4416 7428
5371 6334
5901 6984
5496 6462
1790 2744
5589 6546
4665 7806
5222 6190
5466 6419
15 3141
971 3974
10 3141
1689 2761
4106 7260
4678 7696
4142 7287
289 3448
5075 8072
5294 6387
4890 8005
4699 7684
1557 2677
1379 2306
4543 7646
1481 2474
1118 2109
1756 2751
1620 2608
580 3628
5524 6655
4288 7340
693 3802
1724 2766
880 3843
4800 7862
5743 6681
6041 7151
4346 7298
5790 6887
1149 2054
5238 6157
1763 2719
1171 2287
5431 6475
654 3825
4695 7720
1439 2528
13 3213
1388 2540
4821 7762
5443 6603
4194 7402
1335 2491
5578 6471
1370 2516
5847 6744
5449 6598
5993 7165
1471 2347
1547 2718
1627 2765
851 4037
1903 3065
4349 7274
1748 2636
4937 8145
5499 6627
257 3483
5758 6885
5397 6542
1887 3012
1839 2995
133 3109
6113 6976
5174 6292
1705 2571
4176 7411
1912 3037
681 3585
1238 2175
4379 7602
1829 2959
1004 3910
1273 2130
4910 8066
856 4086
90 3307
1155 2103
5442 6646
4705 7895
278 3488
831 3977
1647 2774
4639 7845
4761 7715
5452 6641
1953 2913
4693 7831
1610 2702
4249 7261
1147 2238
958 3960
190 3193
972 3844
5533 6487
4485 7496
4107 7365
4435 7580
76 3228
1736 2587
1948 2895
2007 2820
1946 2894
5015 8002
1525 2336
5614 6456
597 3715
706 3610
4805 7709
1712 2668
4303 7186
331 3476
352 3456
1661 2717
1636 2692
1865 2986
5276 6264
804 4033
5467 6589
1635 2693
4397 7626
990 3895
5678 6855
1942 2940
1567 2804
125 3217
4538 7510
486 3338
202 3111
445 3411
326 3496
1945 2934
87 3256
267 3556
4518 7508
813 4063
4476 7566
1766 2581
1888 2963
4868 8177
1831 3025
5325 6203
46 3289
1527 2304
1087 2247
584 3760
5786 6754
5280 6233
1073 2251
5728 6812
599 3755
4562 7469
4285 7613
768 3585
1971 2737
614 3940
4628 7958
4881 7704
106 3424
872 3683
721 4063
1727 2992
1271 2534
1492 2246
1481 2267
5011 7808
2022 2803
5560 6318
491 3324
115 3435
1260 2548
473 3265
345 3136
5165 6455
1262 2549
5421 6194
1344 2144
1831 2566
5234 6486
1973 2707
1463 2192
4723 8020
4528 7322
5385 6179
675 3983
5582 6370
2044 2769
4238 7587
6087 6889
5024 7822
1563 2859
4447 7279
5240 6473
4302 7677
377 3146
5833 7165
4172 7544
1672 3004
5065 7932
4872 7741
349 3176
5227 6482
5340 6630
4823 8173
5689 6914
574 3842
5599 6368
1168 2514
1907 2615
1436 2266
1265 2486
233 3489
1154 2506
5427 6264
6050 6895
4850 8127
571 3958
303 3169
1815 2648
4175 7455
4130 7538
5383 6229
668 4047
5888 6739
98 3377
5357 6585
1596 2920
743 4019
1252 2481
634 3887
5037 7930
5550 6393
1531 2211
1256 2483
1158 2523
4425 7191
1320 2121
5912 6779
519 3938
4554 7343
974 3752
4739 8165
5445 6179
4904 7744
5306 6608
59 3409
1064 2370
915 3839
5954 6703
5516 6369
1780 2970
4848 8095
1891 2578
4909 7772
711 4021
4415 7244
1013 3713
4526 7384
1450 2259
216 3490
1042 2415
1352 2102
1369 2087
1832 2646
1819 2660
4159 7615
1688 2841
5774 6924
5277 6431
1781 2935
5808 6963
5266 6423
1908 2801
4826 8031
1399 2289
4239 7428
4572 7248
5962 6852
1673 2841
4097 7568
1905 2791
627 4073
5725 7104
731 3910
5467 6394
5498 6363
6005 6870
444 3103
4884 7856
1532 2138
898 3620
4278 7441
5380 6307
4988 7893
5336 6516
6062 6657
6111 6767
888 3785
1881 2795
1232 2403
1054 2477
5605 6227
418 3092
4460 7386
1883 2797
1263 2392
736 3927
620 4054
4496 7211
1199 2324
1587 3059
907 3659
4280 7546
1583 3050
83 3476
424 3183
343 3231
1365 2205
839 3726
4212 7613
4598 7228
807 3819
544 4079
5485 6333
353 3251
5610 6201
4443 7311
5373 6437
5462 6286
5966 6805
4877 7894
4525 7281
1205 2408
546 4093
4724 8084
5957 6823
1950 2685
5417 6346
5274 6526
5987 6791
2006 2611
1983 2647
5910 6908
5643 7137
4202 7552
1269 2329
4660 8152
409 3188
4238 7523
4189 7602
1297 2272
1404 2189
5627 6153
5158 6612
968 3642
725 3878
5233 6530
291 3287
1888 2713
4803 7993
950 3511
576 3140
5152 6692
1132 2665
1991 2497
1197 2731
244 3836
5981 6485
5867 6371
4464 8057
5193 6722
785 3359
948 3515
5365 6887
4115 7680
4567 8132
955 3501
1872 2374
4354 7962
5811 6314
6057 6579
1714 2222
784 3340
1816 2310
5047 7592
5384 6935
5566 7070
4268 7822
142 3757
5605 7105
1016 3536
5980 6516
6137 6609
1518 3014
43 3586
5628 7126
5620 7135
1510 3016
1791 2257
1177 2742
228 3799
1581 2073
4329 7901
1847 2307
702 3210
6123 6621
1774 2262
1423 2999
1253 2783
4877 7479
5004 7607
4228 7864
1770 2262
1656 2117
4911 7441
5814 6280
1368 2840
5767 6343
5261 6860
4758 7379
6097 6548
2045 2490
771 3396
4100 7747
1031 2639
875 3363
348 3861
4156 7798
6029 6593
1472 2958
1100 2591
4742 7378
343 3840
4609 7256
1808 2381
508 4002
5595 7044
283 3963
1573 2116
1022 3484
1453 3023
4234 7912
5672 6221
4740 7394
1568 2118
6045 6647
4767 7413
5707 6176
221 3766
991 3507
1841 2397
5638 6250
4400 8031
4172 7740
525 3197
5818 6347
5838 6335
5281 6864
5639 6259
5959 6451
4819 7335
90 3629
4475 7939
1164 2804
4444 7974
1925 2558
1526 2957
1137 2572
1277 2688
318 3904
1924 2555
4217 7929
1624 2265
5889 6535
4353 8071
6051 6436
210 3674
1947 2322
5321 6720
5324 6726
1305 2963
5890 6540
1231 2653
5958 6613
5538 6966
1693 2056
411 3854
4764 7177
4135 7857
73 3807
1319 3007
834 3546
485 3964
5419 7089
5524 6927
4282 7719
5053 7456
4864 7585
4785 7187
4564 8055
1699 2055
912 3380
6050 6404
5353 6735
250 3676
1236 2674
678 3086
5242 6856
779 3519
6024 6461
4979 7622
188 3594
5726 6376
1147 2764
5331 6756
4807 7293
1564 2215
1183 2596
5611 6999
1927 2363
155 3622
5921 6558
665 3160
1501 2840
6028 6473
1680 2133
4485 8003
5103 7462
4382 8151
4779 7271
1629 2193
5208 6805
4738 7247
1974 2425
6058 6522
1938 2371
1946 2376
5773 6239
4481 8018
765 3118
811 3576
1611 2206
809 3582
5490 7083
5298 6763
4941 7575
114 3753
5155 6909
1340 3043
4953 7609
1895 2435
1058 2758
2030 2314
2005 2352
5608 6925
5827 6181
4326 7681
5474 7050
4426 8098
4913 7640
1142 2719
4857 7184
4533 8024
5448 7079
5982 6577
4987 7572
6109 6444
4284 7758
4180 7846
705 3123
2034 2308
200 3646
1951 2408
1984 2360
264 4081
1404 2951
1954 2399
1632 2205
204 3634
83 3756
346 3672
5451 6728
1204 2993
1115 2909
1564 2330
1245 3034
474 3794
1955 2219
1332 2621
5489 6778
191 4015
4151 7974
4644 7477
1043 2817
5187 6992
294 3632
561 3369
4161 8025
5577 6865
5020 7296
938 3254
4479 7778
866 3138
128 4000
5231 6988
1762 2502
1276 3028
4173 8036
887 3166
967 3310
249 4051
830 3093
631 3419
1516 2755
375 3655
5686 6405
5863 6611
4256 8085
4927 7175
817 3083
5321 7155
4125 7969
1021 3264
169 3988
4878 7219
385 3777
510 3772
4957 7198
5530 6878
5324 7048
4422 7683
1325 2664
4456 7726
6122 6317
5846 6554
5660 6481
5591 6809
4128 8047
5304 7145
1397 2599
276 3654
5156 7031
1257 3002
900 3280
6009 6189
5745 6439
1127 2864
4613 7506
527 3416
717 3477
5517 6869
6074 6369
1791 2467
4776 7668
5009 7372
4855 7594
517 3416
5634 6498
5040 7376
1332 2645
836 3109
5189 6950
1050 2943
500 3731
4908 7236
4925 7252
1229 2977
1489 2748
1363 2595
1037 2937
5528 6892
1919 2057
56 3918
4146 8005
2047 2181
187 4033
1539 2424
5979 6182
5093 7323
6016 6398
5979 6180
5765 6404
1448 2602
1234 2902
4466 7924
1281 2694
4794 7485
716 3397
1065 2978
6032 6145
2036 2150
4541 7727
1216 2899
1441 2612
1204 2863
1926 2072
5107 7277
5547 6708
1719 2327
5718 6646
139 3881
1608 2540
4993 7207
4540 7707
4418 7909
341 3837
5070 7270
4258 7947
4237 7971
510 3664
4259 7955
973 3196
5058 7283
1103 3070
410 3630
5525 6701
852 3309
4818 7529
5551 6675
501 3659
1678 2380
1239 2837
6102 6161
1458 2683
4662 7675
1586 2559
484 3636
4417 7824
5820 6511
5710 6552
5816 6510
803 3316
1017 3104
5680 6633
1944 2168
4458 7819
5293 6990
5327 6955
4163 8103
5172 7122
5804 6475
5541 6722
270 3815
5152 7114
499 3615
365 3713
251 3860
4841 7430
5889 6388
1397 2691
296 3792
713 3376
5488 6794
1653 2446
850 3246
4384 7900
1663 5755
1333 5424
3690 7788
1777 5880
137 4227
906 4992
2789 6888
1972 6075
2956 7068
2170 6250
2426 6507
2619 6697
2013 6089
909 5017
1420 5528
3465 7580
1675 5790
4092 8169
3205 7312
211 4293
3851 7954
1202 5288
1574 5692
739 4856
2534 6650
362 4468
3404 7532
1593 5658
739 4806
4058 8188
146 4277
1407 5463
2078 6196
3151 7267
3478 7610
550 4618
1394 5471
3048 7109
1213 5264
2036 6107
3320 7369
2402 6480
463 4604
3640 7694
45 4122
2897 7014
2892 7035
1525 5580
1987 6137
1198 5264
3579 7610
3495 7652
985 5023
2298 6332
3328 7494
1656 5695
3290 7313
2662 6698
2282 6310
18 4190
3192 7221
2442 6596
3995 8138
3826 7840
204 4255
871 4913
3936 7991
2275 6324
755 4778
3079 7262
1974 6125
3892 8040
785 4940
2181 6363
1307 5445
105 4104
3901 8030
3362 7492
2090 6221
777 4967
1035 5220
3626 7770
1214 5322
3796 7841
1399 5391
389 4605
2828 7031
3964 7936
1772 5737
1708 5675
2607 6824
3608 7825
420 4397
2683 6898
2996 6974
392 4356
277 4505
2535 6507
1184 5166
3635 7869
2152 6375
4020 7995
3968 7951
559 4798
166 4148
2980 6967
855 5059
1970 5926
615 4851
3886 8121
718 4695
1542 5791
1295 5526
158 4103
872 5107
2139 6343
146 4110
2303 6242
1071 5297
2270 6208
3310 7281
1373 5628
320 4577
14 4271
3422 7676
1807 6061
3010 7009
1626 5886
3753 7692
1519 5450
3441 7638
1909 6098
1083 5267
364 4550
734 4724
768 5034
1137 5341
1786 5716
101 4308
2409 6618
367 4571
3662 7930
728 4706
2814 6724
2852 7070
2355 6543
2345 6549
3079 7353
2332 6563
2746 6779
3934 8090
3112 7405
1965 5995
1494 5392
3316 7218
1524 5427
446 4473
335 4487
3779 7691
2326 6623
1020 4912
1112 5271
3197 7346
1283 5586
2130 6275
3084 7389
427 4472
4079 7995
1874 6023
3785 7708
467 4356
2146 6331
1660 5797
3637 7918
2155 6320
776 5075
4026 8038
2856 7156
2694 6747
3735 7754
2395 6534
3738 7749
61 4322
2321 6641
3955 8083
1145 5275
2563 6881
3523 7457
2167 6288
3765 7762
1002 4866
22 4350
1995 5921
3064 6931
2041 5908
3557 7445
1576 5850
2175 6283
3654 7858
169 4188
2243 6198
130 4213
3542 7470
2598 6878
1428 5485
3315 7176
1135 5268
3154 7342
2951 7035
3930 8103
241 4111
1286 5625
3801 7718
791 5096
1646 5998
2286 6639
2723 7072
3493 7329
580 4928
3189 7537
2372 6209
198 4545
1912 5744
772 4621
2039 5883
2993 6844
1005 4835
3193 7543
1767 6121
842 4677
2982 6838
3029 6853
92 4429
2285 6652
2766 7132
3712 8082
2917 6774
1135 5499
2391 6211
3872 7734
3624 7984
610 4986
472 4288
3315 7658
981 4815
1099 5457
3248 7595
660 5000
3973 7847
3308 7631
4077 7886
379 4184
3201 7589
659 5046
2949 6829
3517 7317
924 4789
2625 7021
2755 7149
22 4390
3708 8013
2070 6436
2520 6379
1344 5236
2705 7076
1331 5126
1291 5181
3327 7623
1301 5164
3446 7247
3527 7421
1927 5821
1843 5647
3072 7484
71 4474
506 4295
699 4997
3795 8080
3384 7292
3066 6847
1092 5378
3248 7673
1126 5423
2305 6219
1243 5527
2365 6257
382 4147
3743 8145
299 4197
2649 6935
3293 7571
2212 6635
2656 6959
829 4717
1033 5465
794 4680
2350 6267
991 4745
528 4936
64 4376
81 4360
1740 6032
1470 5346
2357 6251
3253 7659
2351 6256
2941 6690
3307 7604
4010 7881
1562 6015
3925 7730
3249 7638
1875 5691
585 4896
685 5057
422 4296
2428 6156
2654 6954
2324 6241
594 4900
62 4424
3125 7491
1018 4736
963 4793
880 4619
2345 6226
2695 7163
1186 5597
2614 7095
2037 5751
572 5048
3389 7353
1934 5642
3602 8084
3403 7373
1667 5899
4022 7742
3211 7426
3948 7911
2231 6457
3057 6783
283 4244
1342 5297
3839 8048
2592 7091
1855 5803
957 4649
2754 6998
1860 5841
2254 6491
1312 5302
896 4633
3158 7631
1144 5607
3301 7493
2188 6444
3056 6738
3118 7565
2961 6708
979 4726
3202 7461
151 4415
130 4395
3336 7330
6 4524
4046 7781
2878 6802
2738 6943
579 5101
3812 8011
1311 5294
2688 6963
536 5035
1142 5568
982 4704
358 4318
3758 7958
1697 5912
2143 6629
1794 5816
842 4854
2823 6843
2137 6628
2701 6960
2460 6178
431 4113
2962 6701
2724 7013
2555 6201
2593 7138
312 4349
2807 6962
1786 5949
3604 8156
1078 5626
3915 7814
1997 5632
179 4478
3233 7535
3900 7923
1449 5241
509 4140
2111 6637
1990 5652
79 4509
2255 6428
3132 7656
1566 6091
2035 5669
1160 5470
1388 5300
2640 7049
521 5072
2849 6909
1491 5135
3949 7821
406 4214
603 5050
3454 7327
3026 6704
2967 6773
158 4476
1187 5440
2553 6170
67 4517
4052 7741
3044 6669
1911 5788
2356 6367
3164 7600
829 4816
3924 7866
1609 6055
2633 7096
414 4204
2798 6940
483 4112
2647 7075
1890 5782
1102 5562
2770 6949
1281 5369
439 4174
1812 5870
2299 6401
3788 7984
1504 5148
362 4244
1077 5579
3562 7189
783 4367
2014 5598
3737 7321
3203 7811
2173 6780
1084 5693
2965 6544
322 4932
1789 5370
4088 7664
1852 5428
557 4135
1742 5317
42 4641
72 4676
2768 6365
4028 7601
1676 5250
2438 7062
1425 6017
3884 7487
1966 5562
333 4949
2832 6409
3462 8093
116 4715
3238 7814
134 4775
400 5045
3922 7540
297 4865
336 4984
2042 5587
2757 6389
105 4697
1041 5664
1985 5616
1829 5395
3598 7224
1723 5260
2192 6823
406 5025
2838 6446
450 5112
2864 6412
1883 5476
3105 7710
1782 5302
3239 7910
2787 6305
2372 6918
2716 6362
3150 7688
1956 5603
1101 5642
2777 6289
3292 7831
947 4600
3975 7627
3541 8091
544 4207
2457 7112
3443 7969
3388 8041
1266 5796
3035 6531
1950 5575
839 4380
3107 7807
1689 5316
1189 5883
645 4314
92 4670
114 4625
2256 6836
4042 7597
3000 6608
3537 8121
3395 7979
1709 5319
1486 6052
201 4770
737 4234
551 4171
3808 7308
996 4489
3625 7257
3208 7928
355 4882
2515 7078
3526 8112
2445 7159
3212 7926
488 5010
559 4181
693 4302
253 4736
1958 5414
4066 7521
3594 7305
709 4161
984 4444
3425 8165
3075 7815
2117 6849
27 4755
3374 8101
761 4213
1414 5898
3433 8164
2865 6590
2945 6416
3821 7294
3018 6494
1856 5590
2589 6276
3019 6480
1217 5724
3465 7977
631 4311
1614 5355
3442 8149
1047 5823
1882 5617
3676 7410
1682 5155
1288 6075
656 4131
386 4918
1351 6131
1493 5984
1 4790
1478 6013
1275 5696
3178 7894
3587 7359
3710 7363
1495 5994
377 5062
3201 7745
1240 5657
3064 6458
1146 5823
2 4807
3530 7949
3956 7603
3156 7839
3656 7299
3135 7923
2734 6240
1254 5684
3243 7800
2264 6667
3265 7698
266 5086
1559 5313
3966 7593
796 4555
618 4272
557 4343
2968 6466
3398 8092
1056 5884
166 4729
1183 5759
3541 7988
3090 7920
3069 6431
3979 7528
405 4977
109 4743
1569 5322
52 4804
547 4306
82 4768
1416 6010
3102 7917
1413 6002
1860 5564
2906 6560
120 4740
2936 6533
1520 5873
2542 6893
2193 7061
3344 7701
1143 6001
3880 7214
623 4457
2465 6824
4067 7402
9 4864
3170 8043
1913 5235
2858 6176
1560 5396
1053 5906
1115 5972
2210 7085
2352 6688
961 4304
140 5022
2585 6411
1805 5151
2795 6649
2679 6500
97 4978
934 4274
95 4939
3194 8047
3727 7577
1661 5482
1542 5406
4004 7356
2133 6988
1336 5666
3944 7282
3534 7892
1714 5545
1724 5543
899 4248
2489 6820
2278 7161
770 4130
1673 5544
523 4394
1996 5352
2721 6535
2659 6469
4035 7396
3137 8040
3472 7865
2788 6600
2578 6463
1959 5258
3451 7764
1442 5779
1975 5254
300 4639
1010 4289
1842 5121
2823 6195
2088 6942
216 5088
1713 5513
596 4463
3319 8139
1659 5435
2252 7052
3167 7966
2567 6470
3918 7181
1157 6081
2423 6707
2417 6709
2379 6670
2561 6470
205 4997
3244 8160
1429 5849
2312 6745
953 4335
2375 6672
1986 5269
573 4449
2869 6248
2444 6865
2151 6969
1803 5205
1171 6092
548 4421
3494 7879
3937 7173
1173 6128
2896 6197
1833 5196
3285 8115
3998 7413
2221 7105
2913 6156
2215 7112
3157 7972
894 4109
3283 8096
356 4624
1024 6007
1211 6080
3551 7844
2001 5290
4061 7331
2933 6155
3245 7980
243 4978
1372 5854
2310 6788
3947 7401
1750 5458
176 4917
1181 5915
1366 5852
1770 5479
3091 8094
1218 5967
2159 7137
3421 7890
3389 7852
698 4393
858 4297
3925 7360
1998 5208
2255 7001
1832 5310
3291 8012
863 4291
3649 7644
3258 7962
945 4113
5 5028
328 4841
411 4664
461 4712
263 4769
989 4219
2652 6651
2346 6786
3457 7720
2384 6905
2800 6489
2084 7053
3590 7596
1625 5618
145 4922
3043 6223
30 5043
386 4652
2027 5189
161 4879
2877 6290
2886 6377
2562 6578
2877 6285
3954 7366
896 4148
3121 8069
349 4840
3194 8143
649 4414
1359 5880
513 4534
1628 5606
3721 7474
3765 7434
2047 5182
4011 7273
2794 6440
197 4867
3438 7849
1925 5197
1503 5655
1205 6015
10 5056
126 5042
968 4100
19 5085
883 4285
3332 7883
533 4570
1554 5570
1910 5286
3147 8089
3612 7625
2025 5182
1034 6098
1345 5784
2660 6590
96 5055
268 4819
1993 5162
3932 7354
1118 6072
3 5092
3936 7304
1337 5843
1653 5534
344 4788
640 4461
1186 5967
668 4467
1978 5205
775 4342
684 4447
9 5114
2571 6652
1059 6107
3510 7756
4044 7222
3977 7285
1378 5791
3135 8129
1077 4149
642 5763
1822 4892
2601 7725
3992 7068
3784 6861
1006 6120
949 6066
2784 7913
2328 7443
516 5640
57 5175
75 5188
3795 6876
189 5298
20 5120
1738 4831
3660 6746
2481 7590
2587 7680
1392 4459
172 5296
3523 6625
3899 6937
1859 4960
3136 6247
3371 6412
1382 4430
2888 8033
2456 7601
1217 4331
3403 6496
1902 4933
253 5330
2155 7258
722 5859
1887 4969
3381 6402
925 6058
609 5718
1940 5027
566 5647
2905 8035
639 5699
3730 6831
3407 6415
570 5754
2114 7170
1952 5088
3891 7027
1906 4914
1646 4655
3374 6508
3554 6561
3020 8072
2728 7905
2977 8168
1109 4124
129 5323
3706 6705
119 5179
2382 7427
3062 8123
1367 4376
3530 6555
847 5917
3677 6671
1479 4501
55 5219
388 5584
4047 7063
3375 6517
224 5307
1155 4319
2848 8062
1196 4338
3931 6917
2385 7473
1820 4991
724 5815
3357 6520
2142 7224
2438 7662
3644 6741
2708 7934
754 5785
1299 4479
3567 6529
487 5513
3704 6678
3450 6421
104 5144
1443 4563
1767 4759
2427 7433
279 5473
3747 6868
1262 4249
4017 7117
3894 6986
3879 7001
3549 6493
2208 7201
1977 4922
3276 6223
2954 7950
3364 6561
2440 7437
3811 6757
2635 7885
2050 7304
944 5946
1729 4682
4051 7007
482 5486
2471 7466
535 5785
3175 6376
2449 7454
1284 4503
1129 4346
1285 4497
988 5961
3236 6194
1904 5094
546 5813
4077 7028
3584 6811
745 5746
2528 7549
3204 6169
2577 7823
1709 4659
2267 7290
2343 7558
3466 6446
3845 7073
2153 7375
2165 7378
3035 8060
2067 7355
3445 6621
797 6069
3452 6614
2837 8126
2008 4983
775 6071
942 5918
543 5805
3117 6302
289 5522
1804 5049
1472 4469
2185 7230
1918 5063
1801 5040
3778 6776
1681 4651
957 5894
93 5345
3503 6417
879 6096
1943 4950
2760 7689
463 5389
1604 4742
2164 7344
786 6102
3718 6723
118 5311
2526 7447
848 6045
3502 6499
1489 4383
3678 6796
3348 6598
1898 5049
110 5306
1379 4533
1025 4311
1430 4428
1415 4442
882 6063
914 5964
3242 6218
452 5413
3531 6441
944 5970
468 5430
147 5239
3300 6145
590 5800
1072 4312
1321 4544
2406 7564
2740 7774
331 5537
2658 7816
1154 4200
1506 4360
1174 4219
2529 7438
3898 7125
3467 6522
3277 6207
1305 4587
508 5384
1868 5046
3208 6259
2960 8044
669 5729
2792 7700
2098 7375
272 5615
3241 6571
1585 4917
2874 7742
2971 7838
516 5890
1314 4133
2510 7362
1642 4967
3145 6468
2190 7582
2747 8106
392 5273
3970 6800
835 5719
1097 4445
3793 7110
577 5974
2107 7458
2860 7728
4032 6877
667 6022
2517 7371
1814 4616
2472 7305
2914 7744
3900 6680
2195 7606
2672 8021
3892 6673
1769 5071
3390 6168
865 5705
320 5224
1544 4897
1761 5066
3641 6930
3614 6960
2623 7949
1369 4205
2650 8032
2603 7959
2358 7178
749 6099
852 5738
1427 4307
3832 7097
2129 7440
3652 6919
1213 4606
1056 4452
3131 6527
3843 6724
171 5612
3406 6153
814 5734
2854 7790
2209 7658
3290 6545
2085 7529
2873 7797
3737 7124
2904 7702
2105 7531
1256 4539
1846 4709
3569 6309
3108 6513
611 5942
3666 6916
2465 7414
3505 6374
2630 7966
873 5681
46 5493
1678 5077
2753 8093
3528 6292
3339 6231
3076 6500
1216 4512
3632 6994
563 5968
3149 6440
2224 7639
4054 6833
2752 8105
723 6079
577 5933
2870 7769
3180 6403
3017 7865
3469 6396
35 5456
637 5897
1333 4160
3590 7024
4050 6821
2043 4748
303 5206
1874 4648
3282 6575
3493 6360
1069 4435
2726 8152
2749 8131
1318 4185
537 6043
714 5960
3848 6797
3544 6237
2637 8138
2954 7693
3728 6936
2504 7233
2487 7229
3173 6639
1884 4822
3409 6362
2204 7440
13 5504
3680 7150
2557 7283
800 5808
396 5148
3916 6873
1439 4105
2473 7231
3850 6813
202 5469
44 5556
2639 8149
1417 4114
1220 4441
2237 7459
3437 6351
1705 4874
1051 4542
412 5172
337 5371
2658 8137
697 5909
959 5650
2815 8017
1676 4898
246 5446
2265 7530
2850 7835
3651 7160
3603 7080
2550 7241
3394 6275
1303 4310
221 5407
1721 4986
2673 8119
3005 7803
1209 4465
1018 5683
1590 5116
2717 8023
884 5822
1310 4309
625 6077
2400 7341
3566 6177
1713 4961
943 5757
1468 4206
3774 7018
963 5654
2362 7394
2239 7527
3800 6912
549 6142
218 5382
2330 7364
89 5510
2743 8023
1543 5093
1221 4391
370 5265
1418 4201
2214 7490
402 5238
3782 6946
738 5892
805 5826
3458 6245
1752 4927
624 6040
581 6063
180 5471
3919 6819
923 5750
1044 4601
2179 7533
1283 4332
3993 6762
4010 6745
254 5386
1297 4324
612 6034
2475 7250
3333 6396
1800 4849
2082 7640
2721 8026
1836 4823
1280 4348
2083 7645
798 5857
1278 4353
3889 6448
3430 7013
3986 6545
2040 4604
589 5184
906 5508
2593 7214
3697 6270
1706 4282
2287 7934
1707 4280
1367 4931
3888 6439
4012 6587
1734 4319
37 5692
3257 6818
2671 7284
292 5947
1268 4820
2919 7494
1501 5119
1715 4240
2291 7895
1059 4615
2462 8118
2404 8009
219 5878
3684 6217
1735 4329
2397 8051
1546 4132
3447 6983
1422 5054
3085 6718
3327 6858
884 5441
1104 4710
1757 4330
538 5165
341 5993
1985 4480
1670 4295
1095 4612
558 5229
641 5317
3702 6192
1250 4772
3787 6273
1484 4998
2417 7997
2135 7706
522 5188
3655 6152
3696 6207
2681 7209
2320 8003
2241 7828
3995 6605
2248 7824
2745 7392
3084 6737
1032 4694
2729 7415
1863 4377
2276 7813
150 5879
511 6046
3670 6197
1106 4657
2632 7200
1969 4573
1929 4580
93 5683
3131 6740
389 6133
2938 7434
275 5986
2201 7912
1353 4923
876 5407
3323 6798
243 5766
2486 8128
1425 5096
2433 8187
3356 7015
2876 7488
1937 4588
1091 4670
322 6083
3857 6547
1810 4497
2279 7779
3260 6710
940 5408
2437 7944
30 5776
1421 4893
316 6062
1096 4826
819 5536
154 5641
2430 8170
223 5702
1948 4357
456 5969
2459 7937
2776 7234
2366 8101
2925 7665
430 5939
1535 4962
3558 7032
458 5995
445 5919
2177 7716
1351 5090
990 5496
745 5199
3673 6384
3907 6634
2112 7914
2340 8078
1598 4242
1715 4126
1455 4866
3434 7133
783 5558
3092 6831
3865 6562
3844 6584
2354 8079
2355 8077
1169 4654
1696 4127
1306 5029
824 5511
3577 6971
3904 6531
3395 7047
840 5517
306 6136
2865 7674
1030 4813
3296 6700
2154 7847
36 5866
1569 4335
1430 4953
1549 4317
2855 7671
740 5174
1384 5051
2240 7699
1783 4129
790 5583
3994 6467
1071 4853
1834 4593
972 5399
1296 5067
1029 4830
3074 6879
1424 4942
2061 7890
353 6017
2616 7387
3641 6365
1287 5091
2101 7889
2930 7575
3481 7036
2979 7493
334 6057
4005 6476
3777 6187
1202 4697
700 5200
828 5584
1785 4116
1117 4784
3660 6306
2550 7960
1798 4584
3036 7469
38 5844
643 5232
4071 6420
985 5421
2018 4374
1553 4324
2182 7795
3157 6819
3592 6386
2898 7598
2523 7975
3038 7458
1720 4166
1845 4555
1116 4771
4024 6328
2943 7295
3360 6689
454 5828
542 5404
476 5855
2889 7245
3286 7120
3293 7126
1896 4196
3583 6899
563 5438
3773 6576
1539 4371
152 6027
1640 4467
1522 4844
2377 7766
1179 5051
3504 6801
562 5393
3511 6804
223 6140
2516 7920
2884 7264
2725 7553
3937 6213
3165 7029
3427 6730
127 5973
1011 5337
1611 4448
1850 4118
496 5853
2948 7338
1339 4617
2369 7795
3514 6793
3672 6508
3222 7075
663 5538
2521 7916
32 5914
235 6097
1932 4273
522 5428
2675 7475
1218 4995
108 5934
245 6071
917 5329
102 5923
3955 6198
530 5460
1511 4783
1049 4947
1561 4434
3733 6617
1768 4516
3020 7297
658 5597
689 5601
85 5894
2508 7832
3206 7122
2592 7541
3096 6976
3250 7147
1119 4865
3821 6578
2753 7584
744 5515
1411 4838
1854 4185
1540 4461
874 5123
3553 6795
1867 4128
1029 4969
1738 4519
971 5284
2341 7765
217 6059
1130 4889
778 5247
3589 6515
4002 6356
3572 6787
3959 6144
3501 6869
1675 4595
4094 6278
3268 7102
3215 7156
1380 4633
1567 4450
4083 6284
3177 6934
710 5561
861 5154
1457 4814
3435 6890
2048 8065
3557 6753
3356 6808
1853 4281
553 5548
2272 8038
1825 4263
727 5457
3280 7000
3142 7119
3919 6342
3714 6408
1125 5103
3393 6861
1855 4274
4019 6206
687 5409
898 5132
1719 4409
2789 7531
481 5742
3838 6510
1578 4539
3908 6357
1686 4359
1026 5008
3408 6851
2414 7933
1058 5041
3580 6761
846 5337
2723 7483
1437 4614
1527 4714
514 5532
1293 4754
1335 4776
1345 4833
2056 8105
2018 4160
3305 6987
2586 7609
3085 7081
3887 6282
3288 7038
2172 8154
1536 4520
3068 7253
1652 4574
2536 7747
740 5451
2661 7637
1847 4230
2235 7951
1246 4970
1237 4963
675 5403
2653 7653
3054 7255
3726 6449
1595 4484
3763 6515
3906 6274
1246 4895
1326 4844
177 6002
2700 7503
2426 7869
2594 7657
66 6030
3929 6295
4049 6174
2833 7390
2527 7695
3534 6686
4036 6163
2994 7269
2757 7452
3668 6541
3560 6706
792 5314
1004 5168
3179 7094
2596 7674
859 5252
632 5529
3128 7130
3694 6539
2033 4119
2716 7547
2068 8179
2248 7968
2984 7232
666 5490
1556 4606
16 6139
2896 7356
3391 6867
2337 7887
1515 4613
2666 7579
190 5964
1809 4327
1462 4687
1299 4842
688 5449
3433 6802
2383 7860
3589 6649
2576 7660
1039 5104
3346 6893
1683 7827
2343 4390
272 6418
1935 8076
308 6448
2243 4293
1698 7845
2709 4765
1459 7611
2361 4400
43 6177
3294 5332
2976 5035
3576 5622
1642 7801
3775 5804
1062 7221
2012 8133
1220 7391
2032 8171
325 6488
3498 5559
393 6551
4072 6134
2893 4946
374 6505
3235 5250
1669 7844
2494 4508
3647 5661
1914 8025
1081 7196
3357 5432
1390 7496
2777 4862
3244 5259
1615 7782
2069 4158
1191 7308
3273 5349
2333 4401
1188 7306
3818 5828
2741 4762
3602 5667
3368 5402
3313 5315
646 6837
2204 4271
2478 4506
3191 5187
2569 4668
3009 5111
908 7092
517 6717
1499 7651
2564 4671
3846 5946
2096 4110
903 7111
1576 7784
3305 5289
1487 7566
1981 8191
927 7131
4064 6053
2785 4775
265 6479
879 6948
2058 4167
651 6853
3751 5865
3818 5797
1562 7755
1413 7633
2197 4300
1826 8059
2727 4859
1515 7604
1517 7564
2773 4791
438 6613
3277 5287
1737 7843
2947 5097
1151 7187
2842 4983
2151 4106
2413 4381
1619 7713
1324 7519
1054 7272
2268 4266
1412 7667
2074 4194
1198 7382
970 7091
1259 7314
3535 5557
3524 5567
2733 4817
2089 4183
639 6656
1104 7376
2160 4339
2323 4502
729 6750
1247 7256
2423 4592
2891 5068
3385 5553
1408 7432
1153 7176
69 6350
3508 5439
400 6428
1537 7821
53 6330
2686 4846
943 6974
1577 7867
980 6982
3946 6143
2518 4419
1663 7913
3034 4940
2233 4142
3272 5200
3011 4955
3548 5441
2969 4871
2300 4195
1597 7837
3140 5351
1249 7237
3519 5402
1878 8177
1529 7504
2213 4108
648 6691
926 6965
1876 8184
1136 7390
2095 4224
1174 7225
2218 4101
760 6743
4055 5991
74 6398
1505 7508
2667 4830
2794 4701
2611 4747
3112 5266
3625 5778
3789 5645
857 7064
2439 4421
2818 5056
1864 8074
7 6337
1150 7352
1152 7238
2084 4334
1846 8189
2819 5064
3365 5609
1691 7766
724 6682
3250 5245
3997 5970
3619 5875
3586 5840
3234 5232
2123 4255
1711 7802
4038 5904
789 7106
1514 7485
1841 8168
781 7127
470 6410
891 7078
1891 8125
2251 4116
2398 4543
1779 7697
1270 7189
1457 7509
801 7109
174 6219
182 6224
3783 5664
3314 5147
227 6152
208 6205
3780 5673
3710 5771
2697 4735
405 6498
3009 4921
3469 5494
562 6862
1386 7574
59 6341
327 6214
4031 5821
891 6783
4043 5838
713 7119
524 6923
2390 4177
2736 5048
2158 4454
1343 7222
2778 5076
2966 4760
809 6713
2908 4685
3008 4818
847 6749
239 6653
4053 5831
3597 5918
1373 7241
3591 5906
2342 4147
2956 4763
1533 7397
2997 4781
2714 4994
4085 5867
1722 8100
3133 5410
930 6786
3267 5602
1157 7591
489 6346
3728 6070
1453 7303
3074 5416
1755 8182
1354 7271
2808 5077
3322 5588
2650 4980
2180 4523
531 6947
2573 4924
3121 5378
2041 7884
359 6226
3379 5126
1451 7315
1949 7841
1589 7947
1889 7775
3952 5681
351 6173
790 6738
3340 5192
1190 7651
4016 5878
1936 7896
1792 7754
3367 5229
687 7140
24 6485
3905 5646
3734 6105
1221 7562
2828 4702
499 6305
2387 4097
269 6238
3953 5666
2176 4563
3673 5900
3199 5415
1679 8150
677 7161
479 6272
922 6906
964 6822
621 6926
3788 6056
1067 7502
2388 4146
2316 4196
2294 4508
47 6469
2657 4876
1644 7939
199 6583
1989 7860
1055 7533
1608 7996
1578 8028
3063 4737
3470 5366
2452 4333
453 6335
3738 6113
1920 7932
1163 7670
3912 5687
3382 5301
1729 8004
367 6375
3663 6086
434 6203
2228 4408
3107 5550
3711 6129
2286 4449
230 6512
3042 4730
1695 7942
1591 8110
3352 5249
2076 4486
1359 7381
2958 4626
3446 5332
1861 7904
318 6297
3618 6026
1384 7361
3434 5312
2953 4642
285 6326
3575 5210
735 7026
3189 5595
391 6184
3716 5931
2972 4652
2669 5086
2066 4513
2460 4143
2583 5027
1278 7495
833 6907
2998 4620
758 6989
3951 5844
1775 8017
1674 7988
4027 5755
3259 5497
616 7083
2492 4216
1011 6709
2890 4749
1900 7840
832 6796
970 6663
3684 6068
2167 4519
1732 7956
2629 5014
2428 4265
2293 4387
3870 5832
2273 4406
3876 5884
2783 4869
1395 7342
3471 5201
3506 5228
2034 7725
1033 7661
2810 4893
2147 4491
2232 4432
1462 7260
1531 7185
351 6325
4032 5675
2137 4532
1452 7235
3132 5582
70 6580
338 6304
1287 7412
3657 6076
1346 7348
3413 5282
4028 5700
3398 5310
2079 4581
710 6970
1502 8158
1008 6642
900 6529
3981 5512
2900 4434
3573 6130
4042 5581
1852 7476
3896 5424
1313 7976
1279 7922
1563 7179
3275 5851
1810 7426
2901 4420
3031 4549
2731 4281
593 6211
2989 4542
3942 5488
1409 8087
2879 4392
3306 5885
2366 4903
1760 7418
1027 7711
3629 5168
1321 7945
569 6168
1681 7347
1793 7461
3480 6065
175 6789
2349 4871
695 6300
3827 5336
2879 4369
3033 4598
3996 5555
1758 7409
1178 7850
3776 5360
1358 8058
1349 8049
1139 7749
181 6792
1702 7320
2238 4862
2226 4854
3759 5352
671 6359
2424 4912
2396 4885
2542 5026
3110 5738
3184 5694
4023 5625
980 6532
77 6684
635 6189
658 6340
1224 7839
3017 4510
1165 7893
298 7027
3336 5971
1623 7180
3518 6114
3486 6080
1960 7671
2715 4347
3167 5694
2957 4588
2176 4834
261 7010
2674 4122
1613 7202
1116 7724
2234 4811
2756 4278
3261 5839
3365 5974
28 6760
3041 4501
107 6687
953 6604
286 7016
3605 5218
3701 5133
4020 5583
3420 5927
3362 5982
2228 4810
2926 4368
853 6442
2754 4162
371 7153
2656 4322
1206 7733
3217 5650
3721 5130
3615 5275
3542 5971
2405 5091
3264 5704
1871 7620
3283 5727
2599 4265
2046 7536
3042 4460
2684 4338
514 6290
3862 5510
2023 7542
2775 4165
263 7060
1010 6497
2580 4224
729 6220
2021 7536
1139 7909
4087 5473
3564 6011
3909 5586
627 6379
1398 8174
1114 7872
266 7062
1761 7293
969 6486
330 7146
2144 4801
1407 8156
2882 4580
4013 5381
1966 7431
823 6556
2453 4926
3022 4450
301 7042
2484 4868
2429 5069
1357 8188
1415 7989
661 6183
2796 4191
290 7063
3087 5817
1778 7243
2546 4936
2791 4189
4071 5468
3080 5812
2250 4727
2076 4769
747 6230
3281 5649
647 6215
983 6422
1391 8109
2395 5021
1618 7316
3492 5996
2385 5016
4015 5478
2834 4568
912 6491
1123 7855
1089 7820
664 6216
1374 8078
2406 5044
418 7024
3798 5125
3442 6049
3740 5199
886 6565
1917 7593
2419 5032
2969 4420
3767 5226
837 6555
111 6833
1785 7206
2042 7450
1181 7806
2761 4141
1792 7653
3980 5482
1787 7197
3826 5141
3781 5154
3187 5787
816 6617
1401 8082
1034 7910
257 7150
1747 7201
3139 5809
3461 6006
3561 5917
1937 7524
1164 7802
2968 4462
1203 7748
1623 7328
2673 4232
456 6961
274 7151
2645 4267
2758 4152
669 6242
2743 4535
3612 5405
604 6494
3212 6024
2308 4609
2261 5074
1677 7556
2806 4607
2693 4495
273 6685
2046 7411
3347 5662
193 7116
4012 5282
841 6233
867 6256
3245 6078
2002 7366
2115 4951
183 7074
2030 7416
1606 7505
366 6775
4024 5283
3923 5198
629 6506
3747 5507
1182 8124
2830 4137
1748 7672
1953 7311
3159 6009
3111 5911
1156 8114
3418 5741
2075 4899
2271 5090
3872 5216
3216 6096
1125 7975
2120 4874
2987 4328
31 7002
1545 7502
3797 5532
4006 5359
697 6643
1317 7785
2861 4192
143 7106
2072 4950
2171 4916
3466 5850
3386 5739
4041 5272
2704 4546
2241 5013
3484 5833
3953 5159
428 6903
913 6349
860 6205
2808 4505
979 6327
153 7164
2011 7358
1910 7197
262 6763
3325 6029
2655 4399
500 6790
285 6766
3230 6125
2157 4888
3380 5697
3372 5717
938 6355
282 6758
2609 4428
2907 4134
3474 5868
1745 7598
602 6619
2830 4237
2259 4951
2780 4443
2374 4812
3591 5514
3278 5955
767 6514
946 6204
2504 4696
3026 4162
2545 4709
2401 4853
1362 7879
3774 5416
556 6586
2051 5019
752 6505
623 6645
447 6692
3117 6065
3424 5887
268 6803
3787 5483
1309 7868
1918 7384
1097 8161
1695 7478
899 6186
582 6636
3242 5893
207 7008
446 6670
2432 4660
429 6681
3882 5276
2163 5061
3724 5429
167 6941
3161 6117
3209 5941
2644 4503
53 7158
2522 4638
2635 4495
2676 4529
2845 4314
435 6778
818 6395
932 6249
51 7164
3801 5398
3982 5214
1113 8074
1857 7319
1195 8061
560 6631
1594 7650
1062 8190
1555 7626
3363 5882
643 6495
3412 5769
3651 5539
1871 7343
1658 7576
2367 4827
1973 7249
3179 6030
3355 5886
226 6916
2991 4164
1570 7630
3458 5743
3601 5631
3426 5772
1757 7475
3975 5224
23 7143
2591 4591
455 6711
3842 5363
946 6208
2353 4802
1395 7808
1805 7422
3129 6093
2899 4262
1347 7861
2081 5079
1976 7246
414 6758
994 6171
2451 4714
1799 7421
64 7098
1857 7357
321 6847
2835 4333
317 6850
2200 5273
568 7738
3621 4647
459 7624
1069 6184
4068 5089
572 7738
44 7211
2974 6041
358 7534
1739 6851
3543 4575
2631 5711
3926 4959
1323 6434
123 7287
1193 6308
4004 5034
2488 5544
3751 4791
3116 4158
1513 6651
1052 6154
213 7373
1667 6810
3700 4719
2005 7113
4068 5112
3475 4494
2725 5819
2443 5525
2772 5835
1882 6981
8 7210
3260 4254
2113 5218
3962 4958
1536 6693
1065 6159
3513 4499
4090 5073
1328 6429
2921 5956
3457 4526
1549 6690
995 8146
1722 6792
1112 6251
1086 6157
291 7446
334 7544
3343 4409
1309 6442
1304 6432
617 7761
931 8090
2672 5707
3443 4431
1068 6160
3099 4134
2135 5225
2092 5139
3060 6064
1518 6569
2739 5876
759 7868
1726 6898
3359 4433
894 7985
1085 6253
3562 4536
1023 8108
1935 7130
3836 4777
1356 6427
2857 6000
539 7745
3623 4733
3697 4653
3999 5058
1546 6743
1899 6922
2375 5413
2212 5318
3303 4228
2962 6129
1824 6980
3957 4883
1677 6885
1731 6827
3965 4887
863 7989
1954 7118
1079 6235
3852 4961
1460 6618
1452 6620
3941 4887
1347 6454
2421 5376
3439 4378
2835 5989
1840 6983
3690 4637
1962 7123
2614 5711
3643 4679
25 7268
509 7554
1601 6718
2588 5788
683 7722
2790 5732
956 7999
1456 6453
753 7799
1838 7080
2941 6138
3378 4538
2149 5358
1775 6755
3913 5063
3764 4645
2726 5684
274 7552
3124 4257
2735 5690
3867 5005
2739 5674
2110 5285
1026 6297
2080 5307
3853 5008
247 7254
1090 6368
1540 6822
2232 5146
588 7919
1842 7057
2359 5523
1023 8027
1710 6667
210 7284
2401 5574
3803 4732
617 7886
1726 6676
1982 6933
1066 6273
3014 5994
3506 4380
2168 5334
1828 7051
278 7591
3062 5956
2606 5789
3552 4437
3027 5990
3487 4393
3886 5016
1777 6727
3342 4537
2949 5951
1117 6374
1088 6397
3185 4303
209 7185
495 7470
932 8032
218 7199
2381 5509
1219 6155
3638 4863
1108 6301
2648 5779
2407 5545
4025 4982
1229 6146
2083 5356
674 7794
3915 5018
965 7956
4040 4890
3963 5032
3263 4204
372 7584
330 7582
2745 5740
3883 5118
2218 5247
3808 4661
1028 6354
3249 4198
1068 6395
3773 4708
584 7830
3551 4352
650 7786
2277 5125
2442 5483
3662 4780
2858 6089
2836 6135
3772 4703
477 7481
3631 4809
498 7444
3857 5111
2051 5355
2568 5861
3907 5038
1111 6328
2409 5529
3381 4548
2920 6043
606 7850
94 7336
184 7246
1239 6190
1776 6666
1773 6673
3827 4622
3744 4702
2458 5476
3252 4171
552 7976
470 7379
3618 4903
1801 6657
2249 5571
1822 6674
1877 6744
2247 5578
4013 4771
2271 5585
277 7194
3862 4612
219 7624
3090 4358
1680 7044
113 7525
1090 6487
3647 4905
1503 6344
2141 5450
2811 6124
2060 5396
2314 5138
99 7546
910 7829
357 7288
3429 4165
1215 6559
1577 6923
3113 4363
1657 7006
2570 5933
1587 6938
2140 5493
1735 7148
1848 6676
3978 4792
3450 4169
302 7190
3182 4436
2770 6121
1495 6380
3177 4439
395 7349
3463 4294
2936 5691
2530 5287
849 7704
3979 4801
1820 6742
3704 4914
1211 6640
1836 6759
100 7465
2315 5210
878 7743
1474 6291
1461 6372
3226 4558
2467 5367
3509 4332
2393 5120
3213 4566
2821 5723
259 7266
1913 6683
1203 6615
598 7987
3547 4286
3906 4644
26 7549
3021 5802
3991 4863
3823 4999
2236 5589
3550 4279
1612 6949
3701 4894
3574 4250
3865 4725
84 7481
1293 6240
2220 5569
2922 5636
1575 6985
3330 4211
3392 4145
722 8099
1467 6351
855 7714
3797 5036
2026 6800
3587 4984
3522 4286
2773 6056
3946 4629
3762 5069
87 7639
3354 4250
335 7370
1474 6215
1965 6698
1133 6634
2537 5216
655 7941
449 7243
4001 4651
3680 5100
758 8056
712 8006
618 8186
962 7760
1734 6997
3951 4857
436 7212
730 8002
1701 6973
3852 4758
369 7403
2086 5564
3650 5081
214 7501
2014 6725
3322 4454
339 7374
33 7612
3596 5011
1169 6449
889 7899
3383 4245
1638 7108
3583 4188
1850 6809
326 7393
2690 5925
384 7212
763 8022
163 7438
2362 5269
152 7464
1414 6199
1449 6171
3455 4299
951 7682
601 8172
1943 6703
256 7352
1640 7121
2077 5540
2106 5504
538 8096
762 8001
4008 4627
3593 5045
3239 4379
1361 6383
712 8054
423 7192
300 7404
2918 5798
2927 5806
4088 4666
2948 5703
2277 5409
951 7793
3658 4994
3169 4523
184 7538
792 7891
3923 4766
1497 6167
2641 6047
3351 4312
3623 5108
875 7871
2910 5768
3619 5109
2816 5848
2435 5209
2952 5715
3719 4956
2955 5719
1579 7115
325 7335
2194 5489
2150 5507
3756 4932
2609 6104
284 7414
761 7955
590 8100
3670 5053
2418 5278
1523 6175
560 8157
2067 5629
2912 5776
2464 5201
2387 5281
4048 4643
1844 6848
4073 4636
1009 7687
3933 4778
2338 5339
2842 5856
902 7804
1375 6306
2682 6020
2809 5895
1037 6669
3339 4873
2452 6038
3126 4661
3878 4387
1507 7141
4065 4582
1124 6764
3969 4489
719 7365
2816 5391
2885 5461
417 8113
1212 6828
2198 5764
857 7499
541 7178
2768 5320
16 7690
1173 6795
3817 4342
2132 5748
1274 6875
80 7796
4008 4492
993 7623
2734 5257
1823 6455
58 7699
2165 5727
2897 5501
225 7884
407 8120
520 7207
1558 6182
311 7943
2990 5535
2011 6632
878 7515
925 7589
3432 4945
3698 4175
3627 4118
1500 7071
3536 5012
2710 5331
3229 4827
1161 6862
850 7449
799 7506
1746 6300
3101 4691
3802 4245
549 7285
1358 6943
3482 5071
935 7678
3440 4908
1971 6637
1193 6902
138 7915
2544 6035
1949 6648
3545 5052
1981 6616
600 7230
1289 7023
1508 7043
3176 4623
2455 6143
703 7383
3046 5519
3207 4846
2240 5801
2028 6534
2261 5817
3485 5105
1235 6846
3254 4824
1898 6405
1428 7140
2818 5491
1039 6780
2636 5183
3100 4712
2825 5500
1718 6337
4045 4532
657 7400
2856 5462
2860 5458
178 7885
3081 4745
3616 4257
3211 4618
3298 4704
2453 5905
578 7367
3171 4837
1589 6322
886 7679
3428 5102
1045 6808
871 7669
3313 4707
673 7219
1063 6835
3856 4484
1245 6729
3990 4355
2470 5936
1550 6296
1657 6383
2482 5930
1316 7100
2454 5903
1581 6327
2991 5425
3312 4688
579 7395
2291 5714
347 8184
2713 5181
3532 4971
1168 6712
2285 5703
2119 5868
3341 5025
2354 6018
2462 5928
868 7634
2127 5881
63 7815
1730 6267
1630 6372
1180 6695
808 7572
3148 4849
1170 6739
3624 4330
683 7279
4067 4391
773 7616
709 7171
4080 4406
4031 4472
175 7783
1003 7459
310 8190
4029 4471
262 8141
2200 5717
97 7855
440 8041
568 7405
723 7174
2831 5594
2331 6082
2532 5951
2543 5940
1355 7056
2851 5631
2092 5872
249 7717
12 7888
567 7401
846 7569
81 7857
2779 5176
911 7532
1694 6266
2643 5300
3221 4732
3490 4939
1012 7453
2436 5999
3945 4482
933 7497
3441 5022
694 7238
1779 6147
759 7172
2391 6052
3664 4260
870 7568
647 7280
1066 6866
3778 4153
1510 6938
746 7188
1045 6891
3165 4957
467 7889
1445 6817
3642 4414
1322 6702
2640 5461
3337 4620
2834 5140
1908 6258
11 7948
2767 5575
815 7205
1251 7145
306 7736
466 7902
2015 6355
165 8107
3397 4692
3824 4578
15 7965
3770 4521
539 7439
1872 6212
841 7263
1649 6502
1524 6883
1848 6191
2311 5663
1363 6731
1632 6521
2972 5255
1134 7029
2547 5871
1223 7129
1877 6218
2170 5978
2565 5412
3352 4669
3903 4121
574 7448
3406 4713
1431 6832
864 7240
1120 6986
1772 6592
1496 6901
1526 6875
4091 4308
214 8164
1573 6422
1797 6193
1687 6562
3694 4438
859 7265
2539 5840
2053 5945
1285 6713
2563 5437
2600 5480
2788 5541
1916 6206
1475 6784
379 7736
1787 6591
3225 5084
2979 5349
1308 6747
1432 6879
1052 6997
2988 5351
1961 6373
1778 6588
3291 5002
2074 5963
2202 6088
1951 6347
1551 6490
1507 6837
2556 5803
2480 5864
3549 4741
384 7897
3182 4919
2309 5724
892 7206
1743 6549
177 8171
1835 6257
3326 5029
3368 4723
3355 4678
1179 7108
1639 6407
860 7229
2125 5932
976 7345
1076 6998
229 8071
1172 7152
797 7289
997 7309
1176 7154
1972 6366
3761 4573
2440 5862
3003 5333
2420 5659
528 7522
503 7812
3420 4648
2980 5328
2680 5388
1744 6568
3973 4348
2412 5654
2060 6006
616 7443
2831 5236
2824 5237
3341 4720
1014 7307
2301 6018
1926 6151
1323 6826
1249 7008
3769 4411
1196 6958
108 8175
2149 6118
1712 6452
2448 5653
3162 5085
1191 6958
1341 6838
2483 5688
1685 6430
280 7828
3173 5099
1548 6556
3849 4251
2822 5268
2543 5756
1889 6386
3917 4313
954 7203
3099 4993
2158 6133
607 7619
2474 5685
1629 6594
2398 5825
1602 6624
3600 4530
1490 6772
2252 5988
630 7647
372 7899
4062 4209
1038 7102
966 7286
50 8066
3930 4331
481 7763
3687 4565
2663 5598
2844 5280
813 7315
1431 6697
3582 4673
1654 6583
2814 5436
962 7168
2392 5787
622 7597
2077 6104
1161 6977
1170 7002
2148 6060
3350 4831
1746 6424
2184 5954
4 8142
964 7183
3214 4930
917 7236
143 8029
4003 4215
3373 4856
2320 5829
27 8140
387 7771
2349 5877
2827 5330
1703 6523
3161 4996
3308 4915
1739 6443
1864 6313
1591 6612
3675 4536
3073 5092
624 7573
4083 4123
1731 6441
929 7242
1300 6904
3172 5001
3565 4610
440 7752
1138 7042
3402 4794
2222 5983
782 7420
1019 7182
1669 6512
2522 5676
3875 4309
1521 6665
3695 4500
1790 6403
3460 4731
3370 4821
1354 9550
1493 9693
1387 9572
1422 9628
1201 9378
696 8869
1633 9793
992 9154
1759 9978
791 9021
1461 9625
1200 9375
1683 9890
534 8738
1594 9742
350 8555
750 8919
1551 9782
160 8346
1552 9774
7 8258
1383 9506
242 8372
633 8767
1226 9345
468 8578
156 8395
360 8496
297 8560
428 8688
192 8350
1095 9262
410 8680
1466 9672
844 9016
371 8453
1273 9359
1634 9758
1548 9869
686 8751
1138 9457
992 9062
1643 9964
1403 9714
346 8659
299 8615
684 8739
1182 9230
999 9079
1366 9668
1429 9478
587 8926
1463 9518
1348 9693
1078 9391
1765 9848
198 8280
438 8470
1637 9925
715 8810
1664 9766
918 9018
182 8196
988 9071
494 8536
69 8441
1470 9594
524 8905
1148 9401
629 8882
1561 9937
1320 9721
614 8880
1035 9430
637 8866
233 8200
425 8522
1448 9541
459 8485
530 8931
615 8849
225 8217
1649 9867
849 8793
1851 9781
889 8822
1387 9316
1400 9325
101 8571
1302 9270
1082 9496
636 9055
61 8478
1923 9898
1984 9961
40 8450
1433 9394
552 8964
1468 9362
453 8435
978 8933
1001 8912
471 8428
1933 9910
1516 9425
1051 9509
1140 9524
1845 9844
1866 9739
827 8825
661 9168
1987 9864
282 8271
732 9095
1317 9342
667 9208
168 8652
307 8283
905 8935
78 8481
1654 9990
469 8353
1340 9290
682 9175
487 8345
1272 9607
234 8554
795 8856
1400 9469
413 8212
2025 9831
237 8572
1282 9360
183 8494
1081 9632
250 8544
460 8279
104 8648
399 8239
1046 9654
1863 9959
2024 9801
1418 9257
220 8571
305 8342
404 8253
313 8336
5 8622
861 8947
586 9210
251 8525
497 8263
31 8616
62 8577
851 8851
778 8906
1353 9354
874 8878
126 8634
660 9048
690 9086
757 8996
1254 9525
867 8887
814 8954
977 8709
611 9142
960 8726
252 8484
1192 9585
1424 9292
892 8867
662 9076
208 8498
1976 9820
1385 9358
1288 9440
80 8611
680 9051
464 8228
1788 9992
704 9013
111 8598
1318 9434
199 8505
1651 9331
960 8641
1753 9431
869 8561
941 8629
578 8283
706 8422
1870 9578
293 8961
464 9210
751 8388
28 8744
1659 9293
834 8568
1152 9922
1233 9881
1814 9564
743 8365
1942 9688
1933 9695
206 8859
217 8846
909 8685
361 8971
2029 9605
132 8940
1107 9787
613 8202
25 8801
94 8740
812 8530
1905 9486
79 8752
2016 9572
213 8784
515 8325
2002 9538
350 9166
323 9172
766 8288
348 9212
1894 9670
2015 9599
786 8626
644 8230
1643 9423
691 8216
922 8501
1665 9269
1892 9682
259 9140
473 9057
694 8204
450 9080
412 8999
555 8342
1915 9668
961 8574
1190 9753
764 8252
583 8326
1728 9217
529 8402
1885 9630
554 8430
121 8878
719 8213
11 8919
1740 9260
671 8318
238 8719
789 8695
1194 9794
1979 9558
1858 9644
995 8467
1598 9422
1756 9261
179 8775
1621 9379
339 9124
488 8991
482 8987
1930 9590
1799 9722
17 8943
949 8374
998 8418
170 9134
1521 9977
1360 9817
236 9191
382 8813
570 8494
2013 9413
1552 9481
1660 9573
1947 9345
733 8646
821 8232
1692 9602
1796 9252
1421 9901
427 8841
1741 9707
1485 9963
1356 9835
1455 9864
1311 9783
113 9051
1465 9866
2004 9441
663 8623
1917 9284
1893 9311
993 8410
888 8263
533 8529
1626 9503
1607 9486
2040 9395
2039 9404
1458 9982
1533 9904
1694 9680
270 8769
1666 9680
1375 9740
60 9066
381 8737
1443 9981
131 9185
1523 9873
352 8711
692 8670
407 8957
1371 9776
844 8231
478 8882
531 8575
1364 9784
284 8812
2020 9367
89 9005
288 8789
1616 9511
1650 9483
969 8371
1409 9979
746 8593
1760 9574
994 8299
664 8466
673 8493
1002 8314
1346 9938
939 8248
451 8791
209 9031
1833 9394
431 8754
1665 9507
1343 9882
573 8597
1796 9388
338 8930
426 8730
157 9004
504 8778
6 9138
347 8943
148 8995
984 8303
2031 9301
1725 9478
820 8328
750 8529
2007 9239
380 8889
1936 9302
640 8519
1572 9699
1412 9800
52 9208
194 8975
803 8429
1828 9451
1862 9366
492 8767
385 8786
883 8356
77 9109
164 9085
707 8473
2016 9275
515 8669
1957 9338
496 8751
1758 9534
1582 9674
708 8492
8 9202
1988 9279
672 9891
484 9696
1858 9035
465 9688
1435 8593
122 9328
12 9223
1733 8917
1067 8249
1628 8772
501 9711
1477 8673
231 9410
1977 9111
1336 8456
1381 8533
258 9539
1641 8744
1055 8286
403 9684
1890 8997
1482 8589
271 9567
1557 8780
1605 8728
1945 9158
1635 8705
65 9255
756 9874
1672 8942
376 9488
192 9389
1350 8488
1286 8566
1911 8964
323 9525
752 9862
1381 8476
1930 9200
1403 8455
1091 8389
2027 9059
1718 8764
472 9556
212 9285
1166 8214
1955 9020
1185 8254
1210 8217
665 9788
1483 8557
1144 8401
1638 8908
2044 9040
1143 8390
1030 8375
200 9338
1267 8262
373 9664
1270 8256
592 9962
2023 8998
1476 8461
1804 9159
652 9823
599 9859
443 9571
1931 9046
361 9652
1188 8313
279 9718
1063 8386
245 9232
2003 9021
240 9219
1300 8674
1750 8748
48 9419
1226 8246
1044 8470
1364 8272
333 9291
1575 9007
787 9732
454 9439
1593 8994
394 9366
157 9662
421 9350
1334 8222
1070 8455
1596 8983
865 9809
429 9368
1800 8766
1541 9022
1819 8795
18 9558
135 9666
2045 8890
1376 8235
1512 8357
1500 8333
1406 8234
952 9958
41 9549
928 9927
82 9533
1049 8553
887 9729
1398 8205
437 9419
476 9379
1851 8891
1014 9847
1380 8416
815 9897
168 9529
904 9753
315 9389
173 9530
1668 8997
1896 8909
1146 8658
20 9637
1274 8520
678 10000
937 9759
51 9713
1466 8312
726 10000
117 9651
229 9517
1509 8238
873 9913
120 9643
869 9912
144 9550
787 9971
933 9798
1745 9017
2038 8735
1650 9117
1759 9008
100 9620
47 9695
309 9421
180 9544
1329 8398
1393 9075
24 9758
595 9305
659 9346
662 9349
526 9242
1230 8922
1241 8908
996 9724
1980 8614
1555 8241
1133 8776
913 9655
1219 8932
1600 8296
1076 8709
1122 8784
1244 8937
235 9938
941 9619
1505 9125
142 9924
1374 8981
1862 8459
737 9390
1185 8945
1228 8861
868 9526
14 9820
595 9221
1328 9063
340 9996
1674 8403
526 9296
999 9656
1268 8854
252 9883
109 9733
1132 8710
565 9310
1634 8206
689 9439
536 9322
1625 8237
121 9740
542 9318
246 9868
1098 8910
205 9796
1289 9090
1260 8800
1172 8731
171 9785
1921 8467
1704 8255
1153 8731
1901 8689
29 9919
998 9538
48 9878
447 9994
1301 9123
432 9990
49 9862
1131 8915
1698 8223
1024 8894
1492 9067
947 9591
812 9700
1622 8350
1811 8666
457 9987
1490 8990
1440 9069
1330 9187
1001 9531
1096 8848
1264 8748
1009 9519
838 9638
3 9953
224 9730
215 9780
701 9305
1827 8650
1742 8229
766 9231
830 9679
2019 8466
541 9452
254 9737
564 9420
966 9534
1876 8276
1046 8980
363 9833
1986 8391
649 9612
360 9828
854 9286
965 9429
23 9989
1600 8532
820 9249
774 9245
1094 9048
751 9678
324 9831
2012 8436
1958 8332
304 9755
1194 9092
619 9566
1616 8552
55 9998
1710 8592
1837 8211
2021 8352
1208 9213
466 9877
958 9463
1732 8590
1487 8837
928 9462
1480 8863
682 9712
1488 8843
681 9719
594 9485
1200 9170
626 9494
1310 8823
1156 9197
1267 9113
836 9271
1114 9004
1807 8311
777 9332
1916 8193
731 9560
480 9827
1307 8848
280 9866
1697 8507
1048 9094
1612 8700
612 9685
2031 8286
2004 8296
465 9836
646 9529
1162 9032
518 9667
304 9974
1782 8497
1509 8749
1879 8351
845 9344
1159 9033
1304 8918
881 9376
1242 8968
437 9825
1837 8439
1079 9193
309 9942
1671 8548
2019 8199
532 9725
1255 8969
793 9463
801 9422
1279 8973
521 9725
983 9248
727 9504
2451 8595
2655 8791
2049 8200
3732 9887
2444 8576
2318 8451
2712 8845
2463 8579
2148 8315
2904 9081
2711 8883
2708 8880
2485 8601
2108 8210
2319 8510
2297 8387
2178 8380
3814 9894
3206 9413
2476 8681
2177 8393
2966 9178
2479 8702
3302 9392
3472 9671
3344 9545
3529 9618
2347 8564
3218 9458
3334 9571
2875 9043
2410 8449
3066 9099
3247 9438
2690 8951
3578 9605
2507 8628
3479 9495
2809 8824
3806 9821
3749 9762
3232 9259
2807 8815
3318 9327
2892 9170
2800 8786
3500 9481
2414 8649
3049 9025
3329 9649
3382 9607
3183 9427
2079 8354
2921 9174
2161 8398
2342 8684
3426 9646
3076 9418
2264 8215
3116 9470
2651 8833
3393 9627
2420 8622
3515 9563
2378 8617
2692 8813
3813 9736
2703 8826
2263 8225
3748 9816
2360 8646
2748 9150
2292 8689
2953 8847
2281 8687
2699 9119
2172 8550
3869 9735
4001 9914
2910 8770
2500 8409
2482 8364
4022 9879
2216 8590
3053 8902
3627 9984
3399 9321
3285 9700
2888 8827
4038 9968
2091 8476
2445 8372
3130 9472
3941 9822
2244 8581
2154 8489
2340 8295
3982 9930
2227 8697
3960 9779
3321 9654
2131 8450
3994 9928
3209 9691
2389 8201
2214 8699
2358 8297
2924 8715
3000 8912
3512 9424
3083 9570
2090 8513
2705 9184
2735 9179
2829 8816
3840 9855
2199 8479
2073 8597
3487 9225
3342 9364
3348 9359
3543 9290
2524 8316
2730 8972
2063 8615
2301 8531
2274 8531
3855 9916
2064 8612
2869 8835
2624 9206
2270 8551
3954 9929
3437 9388
2282 8491
3311 9513
3944 9888
3786 9986
3324 9516
2553 8232
2802 8998
4087 9762
2567 9169
2433 8281
2665 9142
3581 9250
2489 8294
3163 9604
2132 8624
2197 8560
2685 9108
2981 8788
2706 9067
2331 8417
2871 8907
3440 9358
2296 8955
2048 8708
2156 8810
2242 8905
2747 8363
3234 9904
3810 9461
2515 9162
2348 9013
2994 8616
2732 8375
3032 8644
2318 8977
2508 9192
3299 9927
2498 9194
3950 9543
2188 8871
2824 8485
2589 8240
3069 8656
2883 8556
2359 8967
2404 9046
2790 8405
3387 9997
3269 9980
3215 9909
2998 8584
3231 9950
3888 9595
3903 9588
2927 8508
2793 8383
3677 9227
2223 8950
2213 8956
2929 8495
3700 9236
2415 8972
2724 8387
3152 9791
2469 9169
3743 9448
2233 8896
3143 9789
4023 9676
2382 9165
3144 9934
3312 9849
2687 8438
2868 8633
2901 8664
3207 9738
2762 8287
3227 9730
3597 9362
2086 8838
3323 9818
2246 8814
2223 8711
3932 9709
2678 8389
3094 9902
4009 9491
3745 9242
3725 9294
4091 9528
3692 9384
3661 9350
3013 8462
2105 8937
2131 8834
3159 9860
3816 9266
2512 8970
2344 9202
2317 9168
2493 9058
2475 9033
2427 9112
2295 8723
3001 8542
3080 9954
2146 8847
3850 9723
2825 8701
4056 9506
2341 9176
3603 9454
2309 8704
3885 9253
2849 8236
3681 9582
2710 8583
2431 8812
3635 9504
3988 9356
2501 8926
2210 9149
3399 9829
2903 8307
2610 8469
3431 9805
3671 9595
3464 9912
2813 8655
2536 8922
2061 9019
3349 9773
3750 9629
3692 9552
2325 8790
3351 9811
2617 8563
2145 9002
3656 9477
2128 8991
2509 8861
2085 9073
3418 9741
2839 8268
2099 9071
3879 9285
3056 8340
3702 9490
3520 9893
3766 9683
3345 9846
3405 9764
2369 8747
2283 9112
3047 8337
3983 9464
2981 8412
2871 8267
3025 8364
3675 9509
3757 9517
2557 8831
2750 8506
3004 8249
3859 9371
2924 8423
2633 8645
2680 8693
2115 9165
2762 8543
2526 8776
2303 9061
2577 8587
2361 8868
2806 8532
2335 8890
2853 8323
2880 8424
3763 9499
2256 9087
2987 8219
2110 9100
3546 9837
3057 8265
2098 9097
2908 8351
2668 8613
2479 8805
2554 8753
3928 9363
3682 9641
3329 9932
2916 8362
3740 9555
2273 9010
3829 9505
3759 9592
3570 9770
3935 9348
2868 8402
3071 8216
3058 8213
2833 8440
3054 8196
3739 9583
3876 9436
2572 8688
2821 8443
2700 8562
3571 8690
2283 9455
3967 9082
2524 9689
2793 9967
3319 8432
2730 9892
3372 8511
2538 9726
3984 9095
3786 8915
3991 9101
2493 9633
2443 9622
3770 8858
3669 8822
3725 8875
2459 9661
3719 8864
3229 8365
3997 9131
3571 8650
2097 9228
2670 9809
3134 8318
2239 9471
2573 9806
3533 8587
2621 9845
2187 9408
2496 9613
3413 8475
2126 9216
2581 9796
2208 9458
3809 8886
3119 8310
3130 8291
2610 9833
2396 9532
3184 8209
3669 8758
3920 9015
3295 8373
3073 8300
2464 9681
3667 8743
3596 8826
2162 9220
3921 9002
3805 8867
3822 8809
2284 9312
3236 8233
3262 8240
2174 9452
2236 9263
3279 8282
2185 9247
2162 9444
2715 9731
3297 8259
4045 9065
3733 8763
2813 9804
3783 8821
2344 9626
3102 8360
3436 8667
3776 8824
3817 8787
2317 9649
2767 9842
3171 8413
2802 9778
3811 8738
3648 8836
2575 9926
3634 8958
3263 8306
3717 8779
4041 8967
2574 9947
3216 8270
4018 9069
3868 9155
2129 9393
3722 8811
2480 9559
2618 9939
3473 8570
3180 8327
3707 8852
2742 9797
2173 9353
2293 9216
3722 8818
2701 9847
3874 9182
2095 9515
3037 9940
3626 8992
2373 9294
3752 9123
2336 9259
2468 9384
2312 9221
2171 9589
3579 8431
3133 8487
2558 9442
3204 8600
2496 9442
2933 9815
3526 8421
4064 8902
2203 9660
3712 9128
3727 9126
3768 9106
3531 8421
3569 8385
3190 8519
2184 9658
2884 9846
3190 8517
2931 9799
3962 8783
3864 8750
3652 9074
3696 9037
2827 9781
3734 9129
2964 9941
2126 9487
3989 8914
2965 9949
2919 9773
2147 9523
2822 9814
3926 8705
3019 9872
3007 9954
3913 8749
3971 8939
3002 9936
2119 9516
2887 9782
2511 9403
2918 9757
2836 9839
3030 9898
3559 8293
3119 8618
2326 9361
3168 8681
2142 9687
3063 9852
2323 9374
2490 9251
2893 9943
3606 9143
3113 8586
3006 9754
3600 9141
3567 8266
2059 9659
2866 9858
4049 8803
3174 8656
2554 9283
2226 9480
2429 9414
3334 8379
3809 9055
2288 9551
2394 9369
3775 9083
3240 8546
2843 9940
3147 8602
2466 9329
3835 9000
3449 8367
3646 9192
2224 9574
3122 8677
3921 8842
3431 8324
3268 8483
3421 8371
3693 9091
2141 9647
2292 9479
3274 8510
2419 9349
3616 9179
3185 8589
3227 8857
3053 9697
3150 8796
3758 8377
2070 9742
3691 8307
3789 8407
2983 9659
3891 8495
3488 9088
3259 8858
2778 9467
2112 9826
3447 9042
4078 8642
2765 9440
2689 9391
2696 9400
2786 9425
3720 8380
2353 9988
2356 9985
3371 8978
3538 9107
3830 8376
2990 9696
3028 9604
3482 9167
2616 9313
2881 9498
3282 8845
2986 9717
3106 8829
3524 9124
3072 8801
2183 9957
3408 9014
3568 9111
2164 9747
2638 9254
3693 8194
3410 8995
3509 9152
3223 8930
3688 8221
3820 8347
3270 8881
2875 9537
3061 9608
3724 8434
2974 9697
2196 9748
2695 9220
3223 8721
2772 9304
2254 9795
2055 9877
3869 8591
2230 9763
3361 9146
2598 9402
3438 9201
3261 8730
2296 9810
3790 8292
3125 8863
2302 9813
2855 9609
3976 8486
2488 9996
3981 8504
2815 9289
4018 8452
2093 9882
2805 9292
3337 9139
3535 9076
3607 8361
3703 8392
3226 8793
2122 9865
2652 9368
4069 8483
3460 9036
3386 9200
3008 9484
3317 8761
2664 9382
3214 8799
2937 9642
2623 9449
2684 9386
2964 9548
2687 9383
3358 9158
2786 9274
3867 8702
3985 8569
3303 8718
3347 9214
3496 9030
3400 9144
3335 9214
2057 9972
3633 8496
3911 8261
3639 8501
2059 9992
3682 8545
2380 9797
3894 8252
2829 9223
3498 8888
3568 8933
2832 9267
3095 9011
3961 8285
3746 8583
3575 8924
2560 9518
3029 9445
2096 9984
3271 9204
2878 9227
2434 9916
4050 8339
2548 9918
3081 9029
3055 9377
3370 8819
3012 9373
3905 8227
3924 8243
3086 9065
3866 8306
2390 9790
2803 9610
3181 8982
4009 8404
2494 9920
3175 9191
3831 8567
3761 8488
3108 9151
3718 8477
2634 9681
2498 9817
3221 8969
2646 9673
2627 9698
2960 9266
2569 9636
3922 8447
3959 8409
3404 8952
3666 8679
3278 9081
2947 9275
3969 8248
2763 9590
2900 9363
2574 9670
3870 8407
2561 9672
3689 8611
3970 8270
3610 8660
3088 9182
2552 9772
3540 8706
3639 8672
3861 8397
2989 9334
3219 9039
3848 8406
2696 9576
2638 9642
3974 8302
2644 9663
2970 9329
2895 9378
2491 9814
3584 8686
3748 8534
2400 9876
3049 9235
3196 9094
2602 9686
4610 8707
5036 9135
4290 8390
4486 8579
4998 9091
4621 8715
4305 8406
5845 9944
5362 9469
4242 8322
4117 8192
5204 9282
4372 8461
4684 8789
5590 9677
4884 8971
5239 9301
4717 8777
5733 9805
4974 9028
5062 9195
4623 8763
4985 9036
5223 9311
4843 8914
5521 9640
4109 8242
5179 9337
4243 8400
5124 9280
4111 8264
5364 9406
4223 8239
5511 9685
5127 9300
5870 9915
4389 8574
5479 9530
4452 8506
5133 9298
4374 8564
4750 8935
5443 9513
5757 9746
5783 9952
5017 9198
5615 9622
4985 9209
4783 8750
5845 9808
4339 8309
5234 9461
4734 8944
4408 8630
5195 9435
4448 8690
5693 9899
4413 8613
4764 8708
5657 9856
4747 8720
5749 9960
4556 8559
4424 8683
4943 9195
5024 8965
4792 8735
4716 8901
4261 8204
5422 9603
5846 9830
4965 9174
5876 9792
5677 9883
4469 8653
6068 9998
4832 8795
5246 9409
4584 8535
5365 9265
4995 9031
4688 8855
4419 8586
4619 8897
5651 9945
5108 9022
5240 9396
5195 9371
5869 9788
4323 8241
5299 9317
5098 9020
5082 8962
4136 8433
5015 9038
5244 9376
4773 8774
5603 9472
5559 9553
4684 8875
5060 9005
4458 8576
5765 9838
4182 8378
5503 9615
4407 8644
5766 9854
4208 8333
5900 9741
4483 8321
4729 9082
4138 8482
4264 8608
5308 9653
5361 9724
4201 8570
5387 9237
4929 8800
5455 9320
4372 8253
5389 9252
4558 8442
5003 8893
5991 9823
5521 9390
4292 8581
5383 9282
6064 9978
4547 8334
4327 8625
5214 9476
4595 8339
4273 8657
4321 8578
5295 9674
5180 9561
4948 8753
4412 8282
5429 9298
5985 9736
4781 9159
4934 8745
4655 9054
4753 9189
4858 9103
4516 8401
4145 8518
4638 9058
5121 9600
5212 9689
5604 9315
5136 9625
5360 9594
4313 8533
4656 9121
4690 9152
6022 9748
4410 8354
4474 8419
5004 8720
4193 8640
5012 8758
5948 9886
5552 9241
4151 8606
4365 8382
5145 9645
5055 8713
4275 8452
4734 9157
4404 8330
5325 9586
5348 9563
5109 8778
4625 9171
4706 9121
4905 8941
5041 8820
4105 8641
4915 8959
4386 8435
4727 9125
4304 8454
5425 9453
6118 9786
4752 9084
5248 9581
5565 9288
4976 8837
4586 8220
5021 8811
5952 9918
4722 9101
5872 9456
5992 9580
5988 9580
5150 9751
4881 8475
5639 9228
6016 9616
4490 9118
4463 9080
5699 9304
4210 8814
4880 8460
5078 8692
6141 9694
5959 9570
4626 8244
5303 9884
4834 8393
4828 8426
5161 9759
4992 8635
4487 9147
4693 8212
6019 9675
5057 8584
4899 8556
4131 8817
5924 9584
4351 8871
4739 8411
5895 9562
5873 9361
5753 9243
4155 8785
4611 8302
6115 9612
5101 8605
5364 9861
4935 8502
4904 8539
5778 9445
6110 9637
6091 9652
4299 8779
5099 8549
4252 8716
5802 9279
4938 8662
6004 9706
6067 9491
5319 9830
5372 9822
5180 9886
5882 9308
4325 8780
4328 8769
5764 9262
4943 8673
4459 9177
4473 9164
5033 8479
4564 9068
4594 9035
5670 9370
4317 8802
5106 8500
4350 8754
4602 9012
6055 9585
5706 9372
5374 9768
5690 9453
5285 9850
4554 9001
4870 8677
5792 9289
4731 8341
5368 9750
6135 9497
4514 9052
5734 9575
5523 9879
4635 8471
4677 8520
4492 8860
4179 9030
5849 9679
4426 8796
6010 9314
5417 9776
4385 8766
5157 9987
4197 9037
4298 9190
4886 8251
5083 8437
4833 8661
4482 8884
4441 8807
4799 8694
4988 8245
4481 8906
4879 8260
5381 9800
4218 9003
4869 8273
6019 9435
5799 9727
4578 8892
4468 8725
4774 8642
5841 9657
4958 8247
4754 8703
5641 9597
4096 9077
4231 9209
5760 9473
5633 9602
5944 9406
5920 9383
5038 8255
5385 9880
4289 9044
5110 8289
6028 9236
4774 8508
4981 8424
4809 8553
5780 9526
4341 9041
5502 9947
4605 8794
4399 8838
4540 8727
4557 8806
5670 9611
5431 9863
6025 9272
4377 8872
4221 9161
5475 9941
5696 9720
5454 9970
5829 9593
5082 8293
4229 9018
5698 9601
5875 9527
4629 8671
4679 8599
4622 8668
4725 8609
6108 9222
5960 9364
4956 8321
4751 8528
5023 8317
6031 9322
4805 8482
5611 9728
5623 9754
5909 9466
6000 9346
4837 8464
5492 9857
5526 9827
4478 8840
4990 8329
5902 9460
4875 8437
4919 8392
4507 8804
4698 9816
5149 8219
5293 8363
5922 9003
4099 9234
4126 9229
5518 8602
4663 9775
5735 8827
4283 9381
5789 8893
5783 8885
6123 9164
4305 9464
4475 9559
6136 9175
5910 8996
4581 9682
6025 9137
5518 8631
4164 9339
5953 8963
4728 9787
5303 8432
5146 8269
5701 8732
5204 8207
5607 8632
5533 8703
5565 8670
5756 8724
4674 9771
4762 9971
4138 9281
4596 9631
4822 9915
4120 9334
4427 9508
4320 9360
5203 8224
5459 8480
4571 9644
5380 8563
4685 9783
5122 8319
5326 8368
4384 9566
4716 9966
5520 8468
5309 8250
4144 9402
5915 9110
5697 8911
5881 8809
5859 8818
5354 8313
5547 8509
6026 8979
5795 8760
5997 9167
4334 9293
6094 9064
5505 8486
5770 8736
5284 8202
5698 8947
5554 8451
5920 9106
5913 9131
4398 9624
4203 9430
5767 8775
4569 9501
4154 9471
4490 9548
4537 9586
5601 8493
4202 9381
5983 9096
4464 9639
5704 8849
4802 9756
5924 9211
6081 8993
5191 8358
5535 8573
5486 8588
5950 9181
4689 9906
5143 8436
4689 9909
4744 9828
5184 8367
6008 9098
5856 8723
5286 8274
4269 9303
5686 8909
5265 8300
4173 9392
6012 9089
5874 8719
4266 9640
4404 9267
5338 8657
5361 8698
5950 8752
5619 8444
4603 9451
5826 9171
4362 9246
4226 9621
6020 8860
5978 8768
4514 9405
5261 8620
4310 9716
4354 9253
5348 8653
4583 9421
5487 8285
4156 9487
5420 8218
6103 8940
5807 9107
4954 9752
6085 8832
4594 9397
4592 9399
4902 9839
4498 9438
5010 9948
5869 9151
4422 9235
5539 8446
5572 8345
5014 9928
5732 8966
5183 8538
4180 9533
5390 8308
5919 8802
5292 8658
4603 9337
4446 9432
4405 9401
4586 9319
5574 8264
4418 9420
5030 9769
4306 9539
5411 8369
5459 8391
4301 9557
6051 8762
4756 9997
4442 9408
5434 8359
4214 9704
5731 9213
4462 9457
5561 8208
5225 8640
5806 8962
5135 8608
5581 8290
5295 8477
5747 9153
5976 8938
4336 9520
5640 9153
5110 9791
6103 8710
4407 9444
4152 9708
5932 8948
4585 9264
4496 9291
5858 9023
5972 8886
4203 9608
5137 8695
5291 8518
5599 8235
4440 9377
5102 9749
5879 8970
4566 9256
5938 8498
4744 9352
4205 9829
6095 8643
5794 8370
5163 8762
4979 9568
4726 9312
4920 9496
5604 9156
6044 8636
5848 8442
5643 8236
5026 9614
5573 9207
5190 8821
6111 8682
5596 9194
5437 8965
5843 8426
5339 8932
5434 9083
5624 9149
4683 9218
5169 8831
4225 9934
6003 8481
4240 9922
5835 8349
5039 9718
5566 9186
5651 8305
4451 9991
5762 8420
5818 8413
5376 9063
5412 9027
6128 8577
5474 8976
5505 9205
4098 9851
4797 9276
4614 9348
5668 8359
5832 8269
5847 8273
5644 8331
5197 8901
4236 9728
6124 8569
4182 9974
5563 8987
5944 8604
4923 9631
5613 9034
5377 9129
5736 8386
4836 9288
5741 8384
4795 9230
4337 9799
5219 8921
5672 8340
5679 8338
5807 8301
5857 8228
5579 8974
4851 9272
5116 9521
4231 9812
5213 8846
6040 8526
6023 8541
5516 9041
5095 9474
6126 8459
5140 8946
4760 9343
6054 8525
5558 9050
5984 8588
4901 9684
4973 9630
5304 8783
5864 8208
4782 9299
4291 9790
4768 9634
4861 9727
5887 8698
4911 9256
5113 9459
5270 9114
5809 8636
4510 9873
5005 9373
4813 9692
4690 9536
5160 9019
5708 8537
5795 8628
4544 9944
6003 8301
4981 9323
5753 8538
5548 8836
5270 9126
5444 8816
5531 8877
4812 9712
5079 9450
4751 9648
5646 8497
4832 9632
4931 9218
4556 9870
4457 9760
4971 9255
4547 9871
5648 8540
5793 8685
5941 8312
4848 9662
5097 9382
5283 9203
5246 9001
4990 9257
4425 9745
4658 9579
5853 8582
6109 8381
5151 9086
4560 9907
6106 8377
5549 8903
5288 9157
4964 9226
4385 9807
4488 9970
5464 8741
5222 8984
4631 9576
5555 8755
4650 9643
5619 8817
4373 9874
5519 8707
5497 8948
4715 9702
5403 8843
5163 9144
5998 8440
5243 9185
5968 8397
5003 9251
5616 8792
4659 9626
4667 9616
6001 8412
5395 8870
5705 8700
5714 8680
5344 9054
4530 9843
5815 8562
5375 9017
6048 8295
5913 8414
5740 8614
4852 9535
5387 8896
5514 8772
5177 9186
4721 9646
6054 8259
4906 9423
6099 8251
4410 9939
5009 9341
5600 8718
5033 9287
4825 9527
6059 8260
5404 8941
5746 8582
4345 9999
5614 8726
5957 8381
5447 8895
5839 8502
4892 9446
4926 9411
5435 8900
7499 9551
7227 9277
6839 8895
7076 9133
7918 9956
7487 9524
6527 8558
6693 8756
6882 8945
6503 8572
7193 9277
6883 8903
7698 9784
7867 9872
7216 9244
7635 9726
6972 8977
6289 8383
6684 8745
7685 9778
6246 8284
6979 9085
6558 8669
6166 8277
7672 9660
7553 9669
6345 8332
7652 9634
6769 8759
6472 8463
7133 9105
7387 9365
7125 9115
6320 8417
7052 9177
6225 8198
7600 9703
6601 8594
6332 8418
6450 8528
7807 9757
7334 9410
6712 8797
7583 9720
7408 9369
6640 8604
7128 9140
7081 9178
7687 9843
7596 9690
7927 9856
6447 8536
7530 9494
6630 8603
6804 8727
6921 9103
6399 8310
7077 9000
7800 9965
7082 9023
7250 9418
6438 8638
7437 9618
6418 8626
7482 9627
6419 8630
7254 9468
6468 8694
6364 8298
6827 8721
6996 9198
7927 9803
6940 9181
6536 8521
7780 9900
7432 9664
7838 9813
6378 8250
6863 8734
7919 9789
6336 8214
6828 8820
7069 9026
7853 9819
8179 9993
6702 8917
6550 8554
6881 8732
7675 9467
7291 9593
6927 8714
6489 8284
6481 8278
6569 8357
7367 9686
7326 9615
7249 9543
6748 9028
8186 9955
7471 9270
8116 9878
7309 9638
7719 9993
7045 8874
7673 9417
6349 8701
6919 8757
8170 9950
8147 9958
8183 9933
7168 9532
7548 9283
7423 9655
6298 8651
7300 9687
7043 8918
6656 9049
8016 9738
7430 9308
6268 8480
6285 8687
6574 8394
7406 9606
6147 8555
6478 8226
6633 8344
7963 9837
6715 9027
7205 9560
7793 9999
6956 8787
7614 9278
7338 9505
7244 9667
7273 9713
7351 9515
6144 8605
7576 9222
7448 9351
7632 9333
7245 9707
6954 8835
8028 9975
8112 9756
6686 9139
6925 8885
7537 9416
6766 9134
6643 8242
7646 9247
7071 8794
6615 8222
7326 9554
7979 9976
7627 9240
6733 9110
7543 9387
6493 8320
6502 8326
6572 8268
6464 8355
6526 8346
7468 9416
7528 9357
7030 8862
6661 9196
6238 8631
7148 8706
6834 9026
6539 8315
7141 8724
8120 9804
7497 9405
8153 9772
6655 8199
8098 9819
7368 9522
7985 9521
7337 9896
6271 8829
7136 8678
7791 9318
7942 9483
6866 8415
6546 9117
6886 8438
6385 8928
8099 9650
8136 9683
7386 9926
6191 8716
7003 8568
8160 9669
6541 9128
6782 8281
7409 9942
6874 8433
7768 9331
6566 9104
6260 8770
6579 9092
6341 8957
6340 8952
7877 9465
7215 9838
7826 9427
7403 9897
7004 8474
7715 9316
6658 8266
6720 8203
6854 8330
6932 8537
8019 9474
6283 8925
8114 9701
7162 8610
7302 9946
6714 8294
7094 8663
7299 9953
6648 9116
8045 9482
7011 8458
7111 8620
6162 8830
6757 8201
6528 9203
6764 8223
7172 9841
6719 8262
7792 9225
6303 8931
6799 8207
6890 8299
6286 8714
7204 9888
7300 9729
6855 8257
7417 9841
7773 9417
6542 8986
7240 9937
7331 9785
6438 9148
6840 8227
8150 9588
7586 9994
7970 9614
7046 8490
7398 9803
7887 9339
7313 9767
6352 8806
7892 9315
7294 9921
6842 8197
8125 9592
8146 9493
7058 8512
6990 8603
6845 8298
6519 9120
6678 8385
7863 9326
7198 9924
6492 9090
6504 9096
7344 9808
7252 9910
7003 8639
7859 9307
7964 9717
6953 8643
6537 9059
7033 8596
6665 8423
7810 9330
7873 9264
7870 9284
7676 9982
6572 8873
7986 9268
7149 8420
7074 8360
6668 8454
7848 9635
7764 9540
6588 8879
6825 8637
6773 8547
6361 9166
7998 9244
8063 9306
7642 9983
7143 8384
7451 9779
7491 9834
8133 9449
8159 9447
6385 9160
6754 8539
6434 8728
7799 9545
6521 8774
7780 9508
6416 8785
7504 9750
7701 9542
8064 9432
6465 8729
6896 8621
7466 9802
6295 9201
6575 8904
7789 9477
6336 9130
6348 9127
7020 8195
8104 9433
6918 8311
8115 9409
6414 8828
6377 9114
7641 9889
7092 8399
6691 8542
6269 9212
6280 8974
8111 9250
6504 8953
6476 8927
6272 8979
6781 8678
7471 9907
8183 9323
6406 8856
7505 9969
6236 9215
6939 8382
7605 9744
6677 8637
6995 8441
6770 8671
7101 8211
6550 8741
8124 9224
6415 8891
6520 8898
6350 9077
6301 8992
6163 9133
7144 8233
7138 8224
6288 9042
7714 9706
8053 9407
7086 8292
7931 9520
7131 8203
7514 9867
7722 9721
6181 9206
7051 8287
7798 9633
7030 8353
6714 8676
6235 9093
6912 8414
7012 8335
6979 8369
7489 9906
6459 8911
8162 9237
8065 9336
6370 8985
6477 9549
6209 9280
8113 9138
6880 9956
8191 9207
6421 9502
6506 9575
7620 8651
8107 9148
8086 9102
7288 8290
7195 8193
6392 9443
7449 8453
6528 9629
8050 9043
7978 8968
7755 8808
6414 9514
6519 9555
7336 8320
7547 8530
6511 9540
7500 8546
6447 9473
6293 9380
6564 9628
6513 9546
6334 9470
6277 9412
8070 9154
7678 8634
6165 9299
7581 8659
6538 9694
6490 9475
6734 9751
7468 8524
7732 8797
6812 9973
6517 9503
7757 8764
6488 9514
6426 9577
7415 8324
6748 9769
6685 9832
7318 8416
6868 9891
6559 9703
7292 8194
7248 8400
7385 8280
6333 9273
6644 9587
7732 8892
7510 8666
6234 9428
6689 9903
7977 9147
7690 8862
7435 8606
7223 8352
6281 9234
6841 9752
6284 9258
7277 8395
6776 9929
6315 9241
7661 8543
6217 9466
6345 9342
8029 9189
8097 8984
6594 9596
7560 8526
7220 8445
6501 9641
7767 8857
8111 9087
7633 8448
6167 9412
6759 9908
6276 9309
6311 9340
8088 9029
6236 9347
6696 9935
6856 9760
7511 8638
8033 9099
8118 9025
7612 8523
6682 9959
7871 9150
8036 8807
6595 9415
7686 8960
7562 8322
7362 8648
6325 9657
7014 9832
6220 9561
6567 9404
7235 8541
7385 8696
8117 8855
7113 9966
7688 9007
7950 8742
8014 8804
7636 8422
7121 9957
8181 8904
6401 9281
7833 9176
6310 9701
8173 8872
6930 9812
8043 8736
7427 8275
7707 9032
7225 8559
6929 9798
6192 9579
7306 8661
6980 9764
6580 9429
7073 9920
7682 9056
7926 9119
7512 8246
8143 8881
6400 9347
6589 9278
7041 9732
6326 9523
8019 8916
7180 8580
6400 9353
6477 9415
7048 9731
6985 9925
7666 8317
7196 8595
7116 9795
7858 8999
6952 9870
6917 9890
6920 9889
6944 9865
6262 9692
7971 8840
7015 9932
6509 9437
7935 9038
7772 9197
6602 9330
7521 8408
7234 8699
7630 8308
7325 8487
6471 9468
7629 8304
7978 8852
6503 9380
7174 8645
6330 9598
6928 9945
6947 9961
6937 9931
7486 8427
7794 9130
7776 9145
7681 9183
8011 8853
7708 9155
7650 8192
7697 9205
6453 9426
6265 9609
7346 8514
7524 8343
7713 9173
7358 8523
7289 8591
7872 9015
7016 9887
7825 9064
6381 9488
6287 9584
6765 9324
7155 9719
6769 9335
7937 8458
7067 9610
7265 8819
7330 8887
7090 9636
7025 9577
6782 9319
6342 9948
7548 9056
6830 9395
7369 8916
7345 8879
6964 9492
6910 9436
7040 9635
7726 8205
6260 9810
7084 9611
7262 8815
6880 9431
7946 8499
6672 9258
7463 8986
7188 8746
7959 8535
7783 8230
7383 8854
6894 9385
7154 9658
8157 8594
8087 8647
6397 9900
6150 9815
6321 9955
6842 9454
7462 9072
7777 8247
7663 9143
7041 9690
7554 9187
6299 9977
6399 9884
7325 8958
6961 9556
7973 8515
7622 9120
6249 9743
8073 8686
7657 9089
8075 8674
7628 9127
6762 9243
8167 8596
7835 8430
7516 8993
7216 8782
7166 9600
7361 8768
6803 9233
7175 8832
7444 9116
7340 8765
8007 8667
7571 9009
7541 9183
7961 8627
6150 9901
7417 8777
7422 8781
7876 8305
7983 8598
7347 8712
7467 9108
6830 9327
8067 8512
7159 9522
6806 9296
8176 8503
6723 9355
6864 9240
6951 9711
7573 9053
8058 8627
7153 9531
7759 8323
7834 8278
7028 9639
7457 9204
7093 9583
6622 9988
7550 9122
7770 8327
7853 8304
6886 9273
6863 9261
6939 9715
6199 9951
7954 8697
8068 8566
6387 9734
6232 9892
7144 9495
7276 8851
7460 8742
7903 8668
8185 8447
6814 9620
6818 9645
7882 8664
7999 8234
7570 8839
7517 8773
7084 9398
7718 8504
7785 8521
7005 9340
7217 8981
7563 8876
7818 8621
7169 9011
6576 9860
6756 9554
6445 9744
7851 8683
6751 9498
8109 8427
8097 8429
7836 8652
7842 8691
8086 8388
7854 8696
7388 9098
8182 8366
8006 8220
8075 8405
7410 9132
6472 9770
6501 9735
7577 8949
6638 9859
7585 8910
6593 9905
7929 8585
6451 9793
7460 8790
8021 8231
6807 9698
7399 9118
7424 8825
7087 9428
7251 9006
7163 9343
8144 8279
7169 9097
7483 8883
7915 8544
8180 8314
6688 9648
7717 8629
7297 8978
7139 9335
6474 9943
7751 8665
6948 9403
6409 9899
6413 9903
7711 8635
7551 8920
6437 9868
7587 8712
8131 8303
6984 9465
7395 9047
6727 9714
7534 8920
6897 9544
8174 8276
7960 8358
8176 8271
6843 9476
7898 8474
6624 9766
7134 9238
7769 8592
7381 8988
7227 9196
6587 9824
7503 8850
6492 9917
6900 9493
7723 8649
7902 8509
7500 8870
7093 9310
6903 9500
6499 9876
6955 9426
6533 9851
