1000 1008
702 703
60 63
235 239
352 356
819 822
755 758
17 27
549 559
224 234
837 846
773 777
5 8
560 573
277 283
855 857
327 343
4 21
621 636
393 410
293 310
869 886
962 982
1 23
76 91
298 317
551 560
175 181
14 18
943 947
676 697
233 244
621 627
585 598
900 932
705 736
528 561
263 290
665 700
794 828
348 378
386 420
532 572
273 313
847 870
273 314
413 433
527 547
143 160
730 757
522 570
389 438
265 314
642 689
786 807
513 567
779 819
398 439
862 869
146 169
75 119
20 41
778 823
727 745
543 545
927 928
548 612
640 705
144 210
61 127
407 468
557 622
13 73
436 497
780 841
176 245
52 124
407 478
785 859
128 202
787 857
18 89
924 977
668 721
418 492
396 476
263 342
926 975
266 344
668 718
816 866
280 331
279 324
140 216
565 609
949 992
666 716
184 239
160 248
308 364
957 996
809 882
923 967
958 994
691 750
15 111
385 480
781 879
695 724
530 630
19 118
276 370
641 742
415 503
158 246
946 986
791 894
810 832
550 589
187 208
675 719
439 473
804 842
772 875
780 895
2 113
821 833
411 495
933 979
258 378
395 499
410 483
512 633
387 505
431 468
429 470
132 249
271 370
24 101
29 98
355 482
615 741
830 954
54 178
358 483
46 171
351 472
269 394
588 708
774 910
551 685
366 485
583 715
788 921
327 458
635 756
65 209
590 734
259 401
534 645
298 441
799 908
279 387
275 390
267 402
850 968
24 131
287 388
825 933
355 509
339 460
123 228
307 403
268 431
799 955
86 240
815 905
885 978
871 974
634 723
576 746
382 469
591 737
553 646
623 735
45 156
379 457
341 486
637 713
60 138
295 401
539 684
340 493
890 961
53 137
16 172
863 995
25 164
775 953
371 461
786 941
776 968
578 642
286 479
796 991
82 145
806 997
34 231
107 163
858 914
338 411
888 948
296 484
522 711
590 643
316 498
553 743
778 964
520 711
547 748
9 198
333 413
110 190
272 449
796 973
324 400
114 167
95 137
612 690
317 491
362 435
613 703
543 709
310 492
57 227
71 154
367 432
36 196
637 669
865 897
93 188
881 915
45 207
374 403
107 141
567 720
276 508
589 679
777 994
525 737
357 404
89 168
629 647
62 204
514 752
827 969
583 692
805 982
811 984
67 176
863 940
270 507
562 708
833 950
99 153
111 148
40 212
594 687
284 481
262 504
47 302
603 856
639 892
696 955
58 319
544 807
562 824
87 349
545 810
630 891
3 270
599 858
686 928
7 264
661 901
601 840
605 846
671 906
73 348
617 894
556 820
26 259
526 788
565 815
689 939
197 473
221 448
152 391
135 408
213 458
67 354
539 826
214 500
40 266
249 475
198 484
84 375
254 477
710 995
763 977
570 784
548 776
523 806
127 336
663 934
753 963
90 361
534 805
672 916
248 462
20 291
519 816
70 383
103 350
657 940
240 463
688 911
191 384
232 424
251 443
724 917
121 312
146 465
616 812
184 510
712 896
214 415
517 844
237 420
203 386
29 340
541 855
195 392
600 787
552 868
189 496
242 444
722 925
734 913
136 473
699 1000
51 359
648 989
738 954
104 305
601 768
533 847
36 383
241 426
43 375
529 845
203 406
536 839
154 453
92 316
237 397
32 320
530 880
186 472
85 311
563 849
225 389
588 808
609 774
10 354
19 377
226 393
12 359
715 935
692 985
678 971
1 364
74 292
150 504
55 326
586 825
130 502
656 996
110 282
201 446
91 300
188 452
595 811
597 813
538 866
620 791
613 793
12 369
50 434
722 851
747 874
120 505
28 414
33 419
520 907
658 790
118 498
48 437
710 835
8 398
586 972
200 335
79 455
725 860
58 432
161 301
125 496
183 313
684 803
221 333
563 931
758 870
626 992
585 986
69 467
236 379
757 876
580 990
518 925
653 790
729 834
218 321
686 818
152 260
167 315
659 783
568 932
98 511
102 454
177 277
645 801
31 443
726 880
576 999
688 793
531 953
42 385
732 876
217 366
153 289
117 461
244 332
124 450
151 296
102 422
578 896
226 294
600 926
71 384
610 942
687 867
526 962
219 278
584 901
144 320
701 879
150 325
22 450
166 371
743 829
6 476
685 887
607 899
513 989
571 998
51 494
608 959
33 449
5 487
35 448
677 838
572 984
616 909
225 264
140 357
624 922
165 334
626 921
164 335
143 353
4 503
93 425
634 910
95 425
7 497
749 795
566 960
628 899
691 836
173 346
641 889
760 768
42 467
183 332
157 353
182 330
577 956
223 289
251 261
584 951
227 739
422 934
455 966
220 728
145 660
256 773
87 593
297 814
157 661
360 864
11 514
341 860
267 769
149 670
281 789
307 829
451 979
423 951
376 872
257 784
360 890
136 667
430 952
180 674
323 853
319 808
339 843
130 667
299 817
172 694
459 976
65 605
392 918
49 558
334 877
453 993
115 596
175 647
322 874
21 572
460 997
493 964
151 701
162 654
487 970
201 740
155 694
56 533
511 976
408 937
191 654
70 629
55 516
178 646
246 707
257 820
74 639
349 875
224 730
171 656
164 666
233 681
409 987
464 916
300 873
275 852
363 803
49 632
309 895
30 592
235 677
149 709
78 542
304 865
170 760
105 573
86 515
169 764
75 540
192 664
185 739
174 754
159 706
230 696
147 716
215 695
196 676
470 951
288 835
39 579
31 635
287 890
290 837
88 575
35 587
136 738
466 959
281 884
501 920
269 864
208 674
488 922
243 640
229 662
105 538
23 611
479 939
9 636
121 524
510 904
482 917
343 800
194 693
84 556
132 765
165 734
116 527
104 532
283 923
211 595
162 546
72 713
304 946
242 624
342 981
250 638
490 878
122 767
28 665
303 938
247 625
108 747
427 812
399 775
437 828
253 631
3 649
68 718
329 963
48 699
292 943
139 518
22 664
295 937
297 935
120 759
347 971
315 942
174 571
112 742
50 683
106 752
506 871
494 883
417 769
77 749
245 596
255 606
302 909
199 611
113 725
322 999
252 602
114 731
83 761
238 581
68 744
451 878
166 523
236 604
10 698
489 856
372 965
293 919
64 755
59 655
218 622
278 931
61 651
62 649
109 727
54 652
507 832
368 972
286 930
30 675
456 887
13 717
96 673
464 785
27 728
168 619
347 920
247 564
445 889
328 908
509 824
477 792
81 660
182 627
238 555
77 648
41 751
202 524
232 546
193 531
243 544
234 569
173 633
138 607
135 594
268 985
63 745
474 781
475 770
417 888
115 682
396 854
381 929
189 608
345 900
81 652
261 987
412 893
80 690
351 956
409 892
306 980
457 801
345 944
190 599
444 853
96 650
129 618
495 772
199 555
502 792
80 673
206 575
377 904
57 717
163 598
100 657
428 859
361 913
469 813
59 706
423 861
66 697
447 836
294 984
416 862
129 638
456 823
34 802
134 902
205 973
478 735
506 761
194 961
131 903
133 897
346 606
400 662
256 519
212 988
142 902
134 911
97 872
209 988
462 704
272 542
156 915
350 593
412 653
414 655
318 559
441 680
427 698
449 720
15 797
100 886
488 764
159 906
318 552
390 670
369 617
122 867
433 683
381 615
335 597
435 680
471 714
181 936
43 822
405 650
116 852
394 682
90 891
481 707
148 944
64 868
397 681
185 914
205 993
177 924
466 765
126 849
11 804
303 541
26 814
69 881
231 978
222 1000
133 947
126 841
112 839
76 884
101 861
274 554
252 965
445 644
344 610
491 721
430 659
72 885
170 919
109 850
265 566
158 990
382 574
192 898
380 574
142 966
284 592
108 800
66 783
405 731
241 929
446 751
440 746
88 779
362 569
436 736
325 528
37 883
128 983
211 907
197 927
285 582
255 930
421 762
326 537
438 726
213 949
440 729
336 561
92 830
219 952
447 732
329 554
480 644
53 851
46 840
373 540
38 844
210 958
220 945
39 842
280 631
56 843
442 719
200 957
312 590
285 618
338 549
99 794
117 782
373 521
17 877
356 537
500 628
44 941
103 998
187 826
501 625
374 754
52 945
490 623
250 893
215 848
193 838
380 756
454 591
358 748
471 603
82 991
195 845
395 516
367 767
372 740
25 905
306 678
365 763
141 795
365 762
419 564
399 536
94 969
155 771
161 831
474 581
421 517
508 604
330 744
260 679
305 658
38 898
179 789
485 579
337 759
311 671
309 669
388 558
180 798
6 938
489 582
37 912
291 661
222 873
258 693
14 950
363 723
139 817
125 967
434 521
429 529
119 970
426 535
465 620
204 882
106 980
424 535
337 750
321 766
274 720
287 733
308 753
147 854
391 578
416 614
452 515
428 619
282 733
301 741
486 557
328 643
459 512
391 587
368 700
262 712
271 704
323 663
404 577
2 983
402 580
83 901
376 672
78 918
216 770
418 632
223 771
16 974
288 766
253 802
228 827
442 602
299 714
254 797
97 903
463 550
186 848
229 782
352 651
123 912
470 568
47 960
32 975
217 809
207 831
406 614
179 834
331 702
230 798
44 981
79 948
206 821
85 936
499 525
