100 100
6 7
1 3
16 19
92 95
64 70
41 47
8 15
20 28
35 42
87 94
23 29
32 43
71 76
37 43
4 11
71 86
47 57
12 27
77 90
72 80
46 52
3 30
65 92
74 85
6 39
16 49
67 97
25 61
12 40
23 51
8 44
17 55
18 58
1 41
73 99
26 48
27 53
5 53
82 98
9 56
10 59
2 51
9 59
22 36
17 34
28 40
24 44
31 39
4 62
93 96
11 54
2 60
33 96
10 73
21 81
13 75
15 72
31 84
18 93
21 69
22 68
49 98
50 100
25 78
26 66
14 87
20 79
5 89
24 69
29 67
7 88
13 82
54 86
62 95
32 66
56 91
46 77
63 91
61 88
48 85
55 80
50 89
42 70
14 99
36 74
34 76
33 78
38 84
57 75
58 79
52 65
37 83
19 100
38 94
60 68
35 90
45 81
45 83
63 64
30 97
