1000 1052
38 39
888 890
729 731
843 847
75 78
816 822
854 862
2 10
787 794
546 552
453 457
132 136
548 555
783 799
131 146
801 818
324 343
928 948
609 629
231 242
780 793
934 947
100 114
548 563
43 60
776 799
644 669
621 630
141 145
930 958
366 371
803 830
356 377
969 980
10 20
341 373
584 620
599 626
128 166
465 505
82 122
65 104
465 506
849 892
644 681
405 440
389 427
202 248
914 929
74 125
86 97
129 185
588 628
988 997
29 39
640 701
776 823
346 357
550 615
167 229
801 871
531 597
139 205
814 873
390 462
525 581
136 192
156 214
23 93
674 745
939 992
824 884
6 72
48 96
435 483
570 618
778 859
897 979
446 492
786 833
539 591
288 374
549 636
641 728
791 843
433 494
568 601
412 509
682 715
396 494
958 986
50 87
260 354
646 750
5 111
179 216
398 485
289 330
685 705
412 497
677 725
687 735
572 588
645 756
52 69
822 839
932 981
258 368
438 452
307 320
781 891
269 379
440 448
34 91
406 495
666 736
567 586
693 712
654 752
445 450
566 585
621 748
41 168
590 719
782 909
836 961
334 459
809 940
611 740
804 941
46 164
600 722
819 953
83 216
544 683
283 407
303 418
369 508
571 693
563 700
35 179
806 951
811 953
66 208
327 468
95 201
338 453
271 408
324 476
337 456
537 643
374 493
6 152
518 665
77 236
120 219
845 1000
811 910
119 210
768 935
634 733
292 396
866 970
611 714
878 967
361 451
536 692
363 454
269 416
872 966
92 243
20 187
352 463
800 911
18 161
520 699
365 475
125 203
770 954
565 653
812 917
281 416
622 727
850 1000
78 244
336 490
286 421
287 419
619 727
273 429
835 899
785 979
792 988
878 936
862 921
566 753
11 204
771 971
278 478
22 222
345 400
565 764
551 749
582 652
795 976
361 418
312 499
355 431
298 486
626 703
7 201
73 135
285 467
632 695
890 938
600 651
118 165
852 897
32 245
792 973
349 395
360 436
339 399
529 717
784 972
362 438
530 717
14 238
332 428
886 919
368 402
107 137
838 932
854 949
295 451
101 131
803 965
628 658
577 678
265 481
360 386
856 947
539 759
383 402
574 721
258 498
560 704
604 684
846 959
268 510
619 665
627 641
257 499
56 203
364 415
308 455
295 466
70 176
44 212
90 162
535 751
59 194
894 900
342 426
835 959
19 238
595 686
147 403
15 271
230 484
164 423
732 984
638 888
240 504
240 505
613 876
227 490
60 311
186 438
528 797
557 800
40 294
129 401
718 990
56 297
593 834
117 358
696 940
654 922
530 772
656 903
529 777
159 391
690 942
707 995
572 796
685 909
21 305
595 887
562 791
542 827
592 885
698 925
70 353
767 983
7 302
695 926
54 284
575 788
138 417
89 372
675 910
584 871
528 800
171 411
69 372
743 982
51 257
572 782
632 844
102 339
99 347
531 815
606 866
55 375
93 285
560 881
178 497
171 488
234 425
192 388
89 284
77 267
667 989
4 323
42 355
215 414
182 511
155 466
96 299
154 471
118 312
649 966
753 929
234 443
198 404
30 331
645 976
79 282
515 853
589 788
587 785
152 452
181 489
98 319
130 479
27 325
221 387
541 892
756 917
555 841
88 315
523 872
133 486
223 444
617 780
195 422
190 473
139 492
58 337
183 475
764 912
50 350
126 273
705 942
605 813
606 815
28 365
689 962
233 410
601 812
587 829
662 993
47 342
76 309
623 789
628 782
740 927
518 893
254 386
158 480
218 344
599 980
169 298
594 977
249 380
540 923
28 411
80 472
527 902
653 772
126 501
526 901
596 985
524 898
18 384
542 908
607 971
40 447
180 300
761 864
522 915
144 267
635 992
107 496
204 336
578 991
252 353
150 267
737 833
163 259
649 810
676 769
608 968
198 366
661 829
150 317
123 471
706 879
17 447
625 991
144 319
237 322
99 467
153 296
637 972
248 330
697 779
44 415
550 914
142 314
116 449
553 924
12 441
254 328
733 875
564 908
191 263
747 850
137 306
570 902
516 952
701 768
218 359
22 427
14 432
177 270
624 975
576 896
28 476
85 404
120 442
763 825
133 326
33 484
754 820
613 931
212 274
171 365
199 256
121 446
224 296
226 299
206 263
143 326
100 431
533 990
682 865
602 918
130 332
589 925
749 828
172 383
527 986
766 808
596 899
151 335
213 268
134 351
726 783
176 362
730 769
598 907
746 823
115 402
222 316
725 822
169 333
763 799
549 963
226 260
150 368
200 288
106 384
229 270
569 978
162 329
614 906
628 920
648 870
27 491
670 879
726 807
42 472
760 779
196 304
655 891
200 316
647 882
255 266
746 796
713 817
13 503
101 409
228 281
689 846
24 487
51 460
337 848
1 514
344 859
104 620
340 848
335 841
466 980
459 961
171 672
147 671
351 851
195 719
12 512
310 827
218 725
405 901
226 754
278 773
128 660
321 853
376 876
81 583
391 913
151 640
111 631
88 579
301 817
3 541
45 525
438 918
359 837
97 579
369 851
220 767
209 754
84 624
301 776
397 936
277 816
207 745
48 534
506 989
141 678
13 545
206 739
367 834
338 867
413 943
487 980
421 918
272 805
228 723
168 671
381 842
504 960
191 647
230 735
392 946
61 519
23 556
175 659
188 642
317 770
370 845
161 737
477 924
469 919
202 648
387 967
103 544
33 617
223 663
150 730
411 983
138 711
165 744
157 723
498 957
308 868
356 820
124 558
482 945
31 588
305 869
79 537
491 956
187 748
116 547
219 643
482 955
357 830
119 556
52 616
205 657
189 736
474 903
58 615
279 840
32 639
247 680
21 629
194 672
63 604
510 923
17 630
160 712
511 918
43 583
188 722
481 911
282 875
439 963
479 939
186 718
371 774
209 679
350 808
213 674
94 553
49 582
250 642
242 650
58 576
410 999
29 610
26 666
283 921
173 558
235 616
62 698
172 554
356 994
170 557
461 842
434 826
38 686
292 938
323 973
197 586
121 758
424 824
224 625
181 545
221 585
252 618
302 950
182 559
328 978
214 588
461 855
189 550
502 874
378 997
178 557
322 995
468 885
178 528
262 933
402 822
264 941
217 639
115 725
236 580
123 721
367 965
148 575
443 784
180 538
158 561
91 747
449 881
218 618
25 683
385 819
400 802
256 948
64 757
71 754
460 889
81 743
108 731
376 975
127 709
507 832
266 945
211 623
199 635
390 826
122 711
411 805
156 547
264 968
25 729
320 896
63 766
433 883
382 957
140 591
503 820
462 778
483 807
90 668
364 934
430 868
473 786
110 677
247 572
377 946
215 538
193 524
140 577
8 709
300 994
246 568
231 567
115 675
55 742
159 590
208 514
183 612
476 776
457 798
75 659
113 681
232 564
388 857
95 703
110 655
261 996
24 762
502 789
154 633
437 861
35 714
47 707
244 536
349 944
61 720
489 775
239 543
30 750
403 867
37 724
157 622
325 944
458 831
246 513
432 840
143 631
105 657
476 806
291 984
348 928
419 861
28 738
54 713
94 673
148 916
108 877
173 943
379 633
28 799
114 886
437 691
434 692
67 836
441 690
5 777
197 970
9 793
291 561
394 664
365 638
329 602
373 608
163 950
287 521
274 516
142 920
175 952
495 760
255 999
134 926
15 790
399 662
117 878
115 878
68 858
132 922
420 699
80 880
103 839
239 974
262 551
237 969
34 775
146 951
74 877
72 864
289 523
1 810
477 758
303 515
297 517
458 741
149 933
362 602
84 869
58 782
227 981
356 594
507 716
393 702
293 540
109 852
145 936
293 543
153 930
249 962
478 738
430 658
276 554
313 519
363 597
480 734
65 894
41 790
37 794
28 860
105 809
435 755
167 998
444 765
420 742
464 660
463 650
113 820
500 700
49 889
397 708
321 520
445 759
241 954
265 578
241 956
375 570
155 982
501 696
112 831
309 634
500 676
442 744
155 969
279 580
53 865
474 652
436 739
85 781
354 574
155 967
346 517
496 687
8 855
348 573
344 570
464 691
64 804
315 607
166 974
26 882
53 860
450 680
304 605
429 704
381 528
318 592
87 825
313 598
184 969
67 818
493 668
82 800
112 771
277 609
113 773
286 618
253 905
9 895
456 702
45 858
337 550
233 912
406 751
448 697
334 562
59 838
422 728
232 873
508 637
209 848
11 905
184 828
306 694
344 732
333 715
3 900
311 688
2 906
394 512
382 757
275 664
331 710
193 847
16 927
276 667
190 813
470 581
113 994
307 679
385 532
272 646
235 893
314 684
362 765
398 534
341 716
243 874
439 557
124 998
66 985
92 960
251 870
392 552
413 573
454 614
408 569
426 521
251 856
345 762
358 706
31 955
135 802
210 887
19 949
352 710
211 884
73 993
318 661
417 522
57 916
368 733
106 964
280 694
253 844
469 615
290 656
226 848
407 546
370 708
16 935
225 857
428 533
207 883
62 898
310 651
102 987
327 761
160 798
120 967
423 615
245 821
36 996
217 795
209 787
340 663
414 603
488 559
409 593
401 603
149 863
46 994
424 612
178 895
455 535
120 936
393 602
71 915
127 937
267 733
470 526
170 880
425 627
83 904
259 734
76 913
4 987
275 755
380 670
485 513
109 907
343 688
378 669
389 610
220 821
466 571
509 532
98 904
196 814
68 937
174 863
177 837
86 931
261 752
36 977
294 720
290 724
395 636
185 832
347 673
250 774
225 797
57 964
280 741
174 849
