1000 1036
760 763
565 566
706 710
578 580
786 788
792 798
361 366
875 876
194 202
38 47
726 735
946 952
853 856
326 331
897 913
739 754
329 344
397 414
238 250
897 917
517 529
591 602
934 947
548 563
515 539
140 149
489 496
772 792
232 246
172 179
210 242
517 549
345 377
837 869
662 694
709 741
524 556
788 821
452 485
406 436
905 939
405 435
136 174
387 420
539 562
471 510
607 629
266 288
326 365
922 950
193 236
910 929
472 503
278 313
137 185
450 498
538 554
192 243
334 378
914 935
455 498
26 45
990 999
588 630
268 310
408 419
30 35
342 360
543 545
927 928
545 609
544 610
574 636
656 722
654 714
817 885
779 846
547 613
59 115
642 714
676 749
139 193
796 854
899 974
641 716
908 962
769 847
527 576
815 864
293 375
429 511
310 355
56 109
151 207
48 107
61 97
529 589
164 250
130 221
315 344
932 967
23 115
569 604
180 209
138 236
640 744
46 70
432 472
271 359
536 624
668 758
956 976
568 596
575 594
44 65
681 711
958 972
685 734
20 98
391 497
931 980
654 756
521 627
822 845
659 744
388 511
783 882
781 883
393 502
1 129
54 182
332 460
79 207
104 233
112 241
327 454
770 896
260 390
343 469
2 134
22 146
307 439
866 998
631 754
565 691
368 502
292 428
117 253
272 409
77 196
69 204
336 475
11 135
99 237
16 128
559 703
594 707
529 643
781 921
262 402
264 413
67 213
64 216
831 935
599 719
20 141
518 671
297 435
265 403
337 461
621 752
87 201
376 487
380 473
256 422
821 914
583 736
513 678
54 158
547 650
108 197
880 988
367 450
316 397
338 483
522 696
894 972
615 724
525 696
322 503
823 898
371 453
258 437
636 708
775 957
17 173
268 432
635 710
523 693
531 684
515 700
308 395
104 169
373 436
878 941
616 683
628 688
559 746
333 394
363 419
555 738
815 997
95 147
779 967
638 691
814 992
294 488
892 947
9 198
284 467
280 457
82 131
101 177
12 217
383 425
576 663
836 924
333 404
772 989
368 425
367 437
278 459
570 740
827 987
849 944
354 387
261 487
345 445
866 906
625 664
72 163
328 423
43 219
55 195
881 900
281 492
78 184
23 225
58 205
834 954
348 421
637 644
29 227
603 858
681 938
731 989
658 917
516 780
533 797
672 936
120 369
218 470
655 899
548 809
171 422
648 902
208 479
229 490
22 263
85 324
729 971
62 300
178 417
733 968
666 911
49 295
756 995
674 954
82 331
613 889
80 335
28 259
667 955
622 846
699 922
537 826
200 491
135 418
762 991
247 479
596 894
590 869
170 385
651 928
146 446
230 459
28 305
205 509
214 486
57 264
562 771
113 320
680 925
85 355
523 829
14 313
684 916
637 836
100 350
755 968
746 977
619 855
761 965
18 303
187 390
53 267
723 913
723 917
112 310
535 848
164 483
127 312
519 847
199 398
19 346
111 290
621 800
762 948
41 359
704 911
158 462
2 339
645 980
93 270
122 302
620 825
519 850
220 395
227 442
56 353
31 325
753 939
577 794
19 334
591 785
142 464
556 882
148 458
144 463
43 329
231 389
168 458
584 811
15 362
579 806
601 831
131 484
68 297
250 407
685 963
750 897
76 291
602 810
734 942
605 813
96 273
538 875
121 267
220 431
250 393
676 977
694 960
206 440
546 853
712 959
102 286
156 486
563 841
208 427
5 382
524 887
192 444
97 285
632 774
228 411
234 405
657 787
528 915
3 384
736 868
106 494
29 408
21 403
10 396
255 376
743 864
37 430
765 881
77 449
649 775
117 507
652 771
132 276
170 315
587 985
234 377
88 461
693 803
574 936
190 296
518 913
748 884
600 961
605 964
181 303
212 335
582 986
189 289
566 938
240 365
229 378
626 978
67 482
745 843
705 866
669 824
42 399
116 466
572 917
521 931
738 840
65 492
668 818
96 462
152 311
61 402
154 299
723 864
226 342
546 919
157 299
222 360
183 257
680 799
51 388
98 474
642 827
105 464
16 426
653 822
27 416
639 962
733 867
39 409
530 941
243 307
63 508
253 312
177 374
663 861
251 304
50 505
661 859
655 833
217 279
38 489
632 951
682 890
180 357
713 795
619 952
143 347
581 912
125 421
651 851
730 768
119 428
204 279
722 782
103 441
30 448
244 298
612 955
720 816
649 873
40 457
752 786
717 814
703 860
713 813
698 863
589 933
527 999
692 862
60 471
72 420
571 983
55 474
674 854
1 501
40 477
611 918
606 934
679 862
106 400
608 925
670 867
595 940
32 544
9 520
256 769
314 830
283 798
293 803
341 851
166 673
254 758
451 971
294 812
270 773
120 627
321 845
66 588
448 975
200 711
233 761
262 791
330 857
501 992
316 810
379 877
318 808
137 670
93 581
463 982
8 529
440 930
95 580
348 832
433 913
244 724
288 768
438 919
323 865
123 606
237 715
12 554
89 638
62 534
442 915
118 604
27 561
277 830
88 630
3 557
201 742
42 517
142 699
230 721
215 751
473 993
465 1000
319 773
171 657
500 970
103 600
34 610
156 732
266 840
323 774
71 514
151 721
214 671
350 791
167 749
321 778
172 743
424 996
362 806
45 608
124 561
309 891
248 686
51 617
124 551
161 765
309 872
401 975
57 601
379 795
269 879
73 555
195 679
384 997
174 715
215 689
153 766
87 560
13 618
372 787
42 589
134 750
7 622
110 516
80 570
86 573
356 783
351 819
178 732
327 808
285 877
456 953
130 755
325 820
431 990
113 512
107 537
426 984
507 905
160 723
354 790
481 916
310 835
224 661
505 908
133 764
159 739
7 635
17 620
332 817
99 540
183 712
194 701
191 572
252 633
110 747
105 748
94 729
275 923
423 815
273 920
493 868
434 824
314 945
286 912
470 856
219 597
434 802
164 564
74 731
411 777
70 725
301 958
238 634
52 675
322 981
349 970
381 997
494 886
14 660
284 902
33 700
468 842
407 776
4 667
454 870
455 870
139 553
358 964
317 926
499 855
385 805
182 531
398 811
212 625
272 950
247 592
324 995
386 805
167 512
224 584
449 873
8 673
291 906
26 688
280 946
188 535
163 520
392 804
289 909
415 819
123 726
412 818
263 937
361 966
342 998
300 920
305 901
50 647
251 589
407 801
496 839
145 550
302 921
109 730
381 965
11 689
504 837
133 568
41 660
319 897
438 777
63 640
352 991
138 586
181 629
81 659
374 949
477 793
187 639
132 578
414 857
261 973
222 534
68 652
392 834
210 542
298 998
83 669
248 567
225 558
495 828
161 626
160 628
111 698
223 522
86 641
373 930
447 871
337 909
221 513
342 906
126 675
89 644
497 812
49 751
152 582
396 850
254 542
191 607
199 550
308 983
326 930
245 528
400 885
164 577
480 776
269 996
15 742
143 614
295 973
352 906
311 988
424 835
202 551
35 717
211 573
148 634
150 633
64 687
495 799
510 782
290 979
417 848
53 708
186 587
394 888
126 653
114 650
282 994
79 695
90 672
94 677
482 793
404 872
83 687
90 678
211 557
112 655
413 669
277 532
358 615
328 585
339 592
125 889
304 567
59 828
452 716
209 985
465 728
481 747
121 883
188 944
292 553
366 611
351 593
403 669
241 994
116 871
6 789
509 745
102 880
399 665
389 658
74 861
149 904
467 718
153 903
506 740
75 874
320 609
91 888
370 593
373 598
168 907
78 874
162 903
73 876
485 707
36 770
259 549
198 993
129 937
240 984
75 866
274 571
147 953
176 923
493 705
401 702
145 929
287 558
34 784
340 614
506 718
257 564
412 677
119 843
118 842
268 560
10 823
441 646
24 807
446 767
347 543
275 597
478 664
154 979
265 579
370 575
443 757
259 589
430 737
47 895
239 959
429 764
239 957
406 709
318 618
150 963
353 564
140 986
245 940
81 780
469 648
42 884
24 838
260 603
466 690
133 997
375 532
415 763
306 599
480 646
33 839
169 974
179 987
128 1000
71 815
447 727
4 879
258 617
122 790
491 647
380 530
136 998
13 893
490 666
44 860
453 692
231 918
418 720
330 569
84 807
476 682
246 896
255 904
165 978
91 801
317 583
386 760
175 981
108 785
39 858
357 741
268 655
500 624
488 623
21 924
349 727
203 832
60 951
157 784
176 829
283 662
6 907
58 948
383 753
451 595
338 706
186 809
363 767
216 844
232 892
476 586
499 612
413 517
197 863
52 942
5 927
341 719
364 759
470 589
92 960
223 833
282 645
391 536
36 900
343 759
218 891
100 966
407 564
25 956
274 695
445 533
276 702
144 826
382 725
25 949
249 852
369 735
203 890
444 526
484 598
281 683
301 665
403 551
427 541
162 794
196 893
443 514
413 551
31 932
141 816
228 804
439 631
112 945
326 645
456 526
372 690
184 895
416 616
468 541
235 802
346 656
235 800
165 878
66 910
306 766
249 820
185 886
460 540
364 701
84 901
159 844
410 585
114 933
271 728
340 643
508 549
18 969
206 789
371 686
356 697
252 796
166 838
32 961
133 864
296 704
336 697
69 943
213 825
189 849
155 887
76 930
373 645
92 943
475 552
470 549
37 976
504 525
410 623
173 859
478 552
259 757
190 841
242 778
46 982
48 969
155 865
101 926
175 852
127 898
287 737
226 797
433 590
