1000 999
921 923
865 867
8 13
641 647
616 623
900 908
512 521
726 732
391 396
23 24
163 179
460 479
429 441
581 592
174 187
230 241
390 415
867 888
747 758
970 980
460 492
660 688
646 674
219 254
473 510
730 754
328 353
539 560
659 702
730 756
726 760
415 432
972 995
842 869
30 46
716 765
916 934
129 179
339 352
850 870
324 368
768 820
153 172
660 673
916 930
20 34
457 511
19 43
84 108
706 763
258 313
141 177
218 231
789 808
158 161
648 695
429 493
693 756
923 985
408 477
514 587
671 724
943 996
563 639
390 459
409 471
697 758
58 106
699 746
128 210
517 592
397 472
903 991
679 767
178 235
672 761
411 448
687 755
7 90
818 876
529 591
129 222
139 212
807 888
813 844
642 737
897 994
423 451
411 510
22 115
406 499
260 354
259 357
441 478
167 207
265 353
189 212
790 893
418 462
406 505
191 205
26 105
525 638
555 606
538 620
319 329
434 453
152 239
258 379
130 251
795 866
817 843
140 247
278 362
827 838
186 196
410 485
623 751
549 677
802 931
573 703
109 238
106 233
530 662
792 925
830 952
837 962
564 700
1 136
553 672
788 926
96 236
356 489
23 135
256 401
581 724
127 234
367 505
887 993
53 163
829 933
832 984
535 654
374 495
371 490
834 990
519 666
101 248
102 248
2 157
313 422
536 647
329 490
876 970
62 151
265 416
60 151
546 649
315 407
301 387
262 438
532 678
338 486
11 191
886 963
317 392
11 190
565 640
894 964
598 748
553 658
312 388
89 228
536 677
524 691
44 147
883 972
874 936
351 413
891 959
517 705
588 648
864 933
38 227
556 745
94 152
859 915
263 463
627 698
74 131
614 685
89 149
304 509
5 203
358 424
61 237
104 185
878 959
531 706
515 720
369 420
51 235
566 751
638 679
72 145
372 430
768 986
557 719
603 696
615 644
327 417
860 955
812 971
552 704
362 385
79 161
604 684
601 680
866 915
347 431
107 157
277 483
868 914
593 683
524 759
816 971
881 909
854 939
115 142
119 138
548 731
261 506
112 368
576 833
56 316
21 275
732 986
28 283
557 805
32 297
527 774
585 835
639 883
186 438
78 323
514 780
540 786
41 294
743 1000
526 769
544 816
530 770
84 325
155 393
54 292
200 475
656 899
175 444
99 373
697 929
583 862
653 919
105 373
616 884
188 418
171 437
762 997
88 378
135 421
190 412
198 480
111 328
78 358
116 350
197 494
615 842
221 499
159 432
255 463
580 885
629 839
620 856
686 922
45 280
610 855
667 942
635 844
621 852
87 366
119 334
650 945
118 333
64 381
8 309
18 300
93 355
149 426
116 331
675 924
85 276
86 279
249 443
577 771
6 322
678 995
117 317
666 976
685 998
579 783
166 488
722 898
100 309
670 975
742 948
242 423
223 394
567 865
147 452
226 442
733 901
742 956
96 314
767 932
563 872
27 320
136 468
246 424
39 376
15 365
766 925
598 819
107 269
229 387
200 431
686 966
209 440
122 272
117 287
55 348
20 379
32 336
228 404
146 482
762 907
123 266
193 434
211 416
206 445
81 293
687 987
612 797
617 784
81 299
569 835
513 890
100 287
27 352
114 270
215 426
718 944
53 331
76 307
622 785
58 446
171 302
543 919
94 470
701 822
605 977
550 938
59 439
694 826
112 508
560 958
681 806
702 814
523 922
47 445
192 339
254 363
518 913
208 327
713 849
547 954
580 989
199 349
25 386
240 364
184 292
93 450
528 945
525 942
671 827
165 257
121 476
735 889
609 966
113 470
707 875
747 834
35 394
95 501
637 976
757 856
220 369
196 361
154 308
668 812
651 826
177 259
690 769
169 284
656 809
746 848
26 422
748 848
602 997
14 462
764 829
658 851
632 957
625 951
698 882
599 927
224 297
114 443
722 792
712 771
184 371
739 815
239 291
6 456
42 485
162 370
37 501
172 382
673 889
97 442
596 904
195 286
185 359
627 941
727 777
34 450
182 342
653 877
49 465
22 503
727 822
568 988
108 392
619 910
28 506
103 398
130 360
546 968
608 907
125 400
564 985
176 349
575 974
662 871
194 310
680 860
763 781
167 336
700 836
24 481
610 920
36 472
204 305
558 979
281 793
341 852
439 949
264 780
452 962
124 634
7 512
425 928
324 845
173 676
192 714
291 808
303 803
4 521
207 734
272 772
301 825
71 594
57 559
10 540
414 905
50 549
275 779
220 708
409 896
74 595
285 775
402 910
449 989
156 640
120 613
346 836
295 825
397 914
204 749
31 571
419 901
214 752
219 765
77 613
341 893
250 723
75 609
315 791
88 629
388 948
43 538
319 782
183 645
500 961
298 799
124 585
487 977
308 770
9 574
201 753
82 619
283 802
267 818
433 906
68 633
486 984
180 651
208 657
475 920
95 539
4 576
199 643
132 705
289 868
335 777
304 886
430 1000
17 607
344 776
225 689
140 733
148 711
40 636
268 857
33 631
168 766
198 670
363 819
46 628
125 551
396 983
262 861
278 845
203 663
188 736
137 725
376 805
3 605
141 723
332 787
428 974
63 604
437 982
347 831
350 824
240 663
217 688
374 796
201 675
90 561
274 894
225 652
164 713
467 958
61 595
491 900
492 924
382 783
323 817
31 621
109 542
471 930
169 735
403 996
285 870
158 738
213 681
306 847
47 594
491 917
420 987
257 897
62 703
243 626
277 918
408 795
67 711
440 828
144 535
65 710
232 608
343 991
403 794
302 935
293 943
298 934
231 618
126 750
50 674
13 668
143 541
457 859
226 630
14 665
150 513
402 778
175 567
307 937
48 683
345 965
223 578
253 611
40 694
386 800
435 784
181 534
138 558
312 926
466 885
142 550
202 611
123 721
502 861
289 908
435 797
55 665
134 566
255 591
144 545
342 999
454 884
121 715
378 969
113 709
127 714
310 896
395 828
10 690
464 873
365 980
268 950
245 590
466 873
202 630
284 928
266 951
246 584
351 993
276 939
448 895
155 548
39 743
260 964
500 821
320 899
425 877
375 947
241 565
383 954
469 796
194 523
44 741
326 906
247 570
150 601
504 823
137 582
391 840
82 642
354 946
233 569
404 837
427 890
474 779
218 520
340 903
503 801
154 589
355 955
9 721
410 832
330 913
118 682
222 515
66 669
128 607
164 635
206 529
511 798
237 527
63 729
236 522
399 872
502 798
36 717
216 562
159 628
361 898
214 571
333 931
385 879
296 967
99 652
197 554
249 534
344 936
454 823
183 582
447 846
290 979
132 631
481 786
102 661
316 968
433 839
15 761
478 806
16 744
494 791
57 707
303 981
111 661
187 577
380 902
393 887
366 912
69 699
56 824
436 692
299 554
389 644
227 999
483 741
170 940
482 740
42 813
271 520
377 624
461 710
213 990
193 973
273 541
282 532
5 778
458 709
384 657
407 645
413 655
104 891
60 811
256 537
148 904
498 750
456 725
73 855
436 682
318 545
401 654
33 775
346 636
230 960
35 773
52 787
274 570
412 692
459 737
85 895
269 551
498 729
480 715
66 878
251 983
421 649
92 881
451 749
16 830
357 586
131 950
80 869
296 542
281 559
469 738
38 785
477 740
467 745
458 752
252 967
334 624
326 633
288 543
21 810
162 994
110 814
399 719
282 603
294 612
232 938
86 788
449 643
337 531
71 773
30 858
444 760
3 838
381 568
133 963
72 782
168 992
83 794
103 811
244 952
263 586
17 863
380 562
446 753
110 831
484 689
73 799
427 764
465 646
153 961
356 572
51 875
19 847
120 804
330 533
70 793
455 664
209 946
54 853
45 841
286 634
49 853
405 755
176 982
370 533
75 803
384 744
322 555
295 588
67 815
221 944
215 953
224 911
419 720
364 537
273 614
18 874
305 584
279 622
338 552
372 526
270 626
12 882
348 547
234 917
468 596
134 774
165 801
325 717
156 789
25 912
398 516
507 625
173 807
205 833
496 637
306 701
261 650
428 573
181 804
473 587
242 864
65 978
461 606
160 821
389 528
217 846
126 998
496 617
497 618
91 960
484 632
80 975
497 593
318 669
29 953
12 937
509 600
145 820
252 858
41 911
488 590
340 754
37 909
216 880
250 851
395 544
495 579
97 973
400 572
245 857
375 731
507 599
345 759
170 772
253 850
367 704
133 810
238 862
489 602
211 871
2 949
98 981
87 992
493 597
288 667
508 578
359 728
29 988
271 718
453 519
267 712
69 902
360 684
229 800
79 905
122 957
383 691
189 880
321 655
343 664
174 892
311 739
76 921
479 522
264 734
405 589
414 583
300 757
210 776
335 659
377 676
143 849
68 932
487 518
464 561
476 574
139 879
243 790
52 978
337 695
447 600
195 809
77 935
70 941
64 940
178 863
166 843
146 892
290 716
311 728
83 956
92 947
98 918
417 597
160 854
474 556
280 736
455 575
332 693
48 969
321 696
244 781
101 927
91 929
504 516
180 841
59 965
182 840
314 708
