10000 10000
9549 9551
9416 9419
8865 8869
2680 2684
3842 3847
8691 8694
9473 9479
9705 9710
9761 9766
5569 5577
3031 3038
9362 9371
2999 3006
1888 1898
9879 9884
2323 2334
2551 2554
9698 9708
1376 1390
527 542
7307 7322
3468 3485
5763 5777
9639 9652
4392 4411
6113 6130
3855 3868
6316 6335
330 350
1025 1045
7692 7705
9259 9277
1770 1782
6564 6584
399 402
5126 5147
3435 3445
5537 5566
9613 9647
708 742
7751 7780
6664 6700
7198 7227
9221 9261
68 109
3979 4002
3667 3704
9489 9530
6744 6772
9631 9649
2251 2277
9945 9961
448 498
128 178
2955 3000
9740 9784
5265 5284
3530 3581
5330 5354
2890 2931
5396 5422
2888 2930
5594 5607
1500 1506
8719 8753
3087 3120
9477 9540
7065 7128
8453 8513
2749 2809
8459 8527
1083 1148
5539 5611
5383 5455
521 579
4284 4342
7354 7415
1339 1398
573 627
8744 8806
5400 5463
9357 9437
8336 8386
1591 1635
907 989
771 852
4879 4952
6181 6269
572 614
4029 4071
8601 8642
8210 8265
7471 7539
9120 9214
8576 8670
6674 6733
3869 3964
3854 3951
3230 3325
7189 7286
403 496
4882 4982
5435 5470
5917 6008
5030 5056
3968 4071
5762 5864
6931 7033
414 501
3241 3269
6567 6600
7094 7111
6302 6383
9492 9574
2737 2754
7310 7418
9260 9304
319 330
8359 8402
9251 9302
2460 2537
3897 3918
5794 5845
1568 1624
6814 6887
2453 2540
7462 7517
903 1019
5003 5111
3236 3289
6448 6477
6575 6610
258 380
4524 4562
3947 4074
825 955
7687 7813
3692 3816
1283 1414
3435 3564
3127 3248
3119 3240
3683 3812
6697 6819
7948 8071
8507 8624
5684 5817
3433 3558
5727 5839
3393 3536
2573 2716
2912 3059
5643 5791
1578 1726
8571 8686
8787 8902
3443 3557
5438 5542
3076 3228
5488 5608
7001 7104
4151 4270
2936 3043
9763 9912
6921 7058
2361 2471
2120 2280
7979 8075
7216 7313
9793 9958
9291 9441
6985 7139
7738 7830
2578 2751
3440 3549
8211 8382
9799 9975
2314 2490
7951 8126
6778 6857
1091 1264
7038 7114
7968 8084
1123 1239
8818 8902
348 489
2612 2689
3165 3300
2561 2744
9540 9727
8562 8654
8717 8881
2315 2486
7017 7127
9240 9433
9524 9719
4864 5060
2623 2811
9500 9689
9498 9692
872 929
7456 7661
6992 7069
7201 7406
576 657
1052 1230
2153 2235
1591 1765
7256 7307
8516 8592
3119 3322
2391 2434
9034 9119
8542 8584
7937 8153
5667 5881
7962 8129
5155 5373
3588 3802
9229 9427
6938 7162
9810 9906
4 228
8248 8408
2637 2734
4132 4288
3170 3206
9262 9416
5903 6121
5999 6023
323 427
9518 9666
1900 1920
274 510
2882 2991
2891 2981
3865 4073
4137 4312
7183 7421
2388 2465
631 642
4407 4544
2346 2514
4205 4244
1605 1727
4454 4507
6668 6897
1914 1927
9319 9368
9752 9959
4152 4295
2211 2467
7854 8110
8417 8673
6720 6977
7402 7656
5234 5495
9442 9703
3680 3941
2198 2449
3251 3513
6659 6920
4329 4583
9341 9587
8770 9036
4785 5025
3314 3554
3776 4051
1157 1425
2649 2892
7174 7440
6823 7088
1664 1943
9352 9617
697 928
8791 9038
1645 1911
4257 4539
5721 5957
5138 5388
8920 9159
633 870
2564 2843
2738 2989
2765 3053
8856 9145
734 1023
8250 8472
6789 7078
4141 4366
4677 4966
2065 2357
3283 3573
5870 6088
6771 7003
3193 3411
7799 8028
8330 8609
1678 1954
2570 2855
6293 6587
4318 4591
6717 6924
1640 1881
1120 1361
7707 7976
6321 6530
3672 3948
5801 6045
54 259
1769 2014
5318 5617
3777 4089
8382 8582
7800 8001
8441 8643
7260 7527
6709 6920
1562 1831
6276 6586
7858 8178
8884 9200
4252 4569
6795 7118
2200 2525
695 1009
8916 9106
7809 8137
4243 4570
7365 7564
2763 2945
4620 4957
7255 7429
3718 4052
9290 9496
8427 8639
5757 5929
1077 1377
651 990
2278 2483
545 887
6156 6491
724 899
3702 3886
650 978
8369 8680
6234 6400
6818 7160
5643 5969
3200 3547
3090 3405
7375 7599
1694 2044
8918 9141
9826 9990
1742 1962
5866 6018
2203 2547
7364 7597
7311 7653
4330 4486
763 907
1263 1439
6740 6950
9220 9591
2616 2893
7924 8066
7267 7455
2753 2881
756 884
4348 4476
9338 9723
6891 7018
513 901
9429 9552
1235 1365
5218 5605
706 837
5316 5443
5193 5568
1659 2032
7769 8146
3197 3569
1735 1867
9358 9472
710 840
7751 8150
6689 7091
1085 1454
669 777
2116 2512
4248 4364
140 281
3327 3432
132 287
3323 3424
6811 6919
224 381
698 804
1771 1908
7337 7435
6762 7113
3310 3403
7281 7639
5727 6137
1239 1407
6197 6556
3639 3998
3836 3925
8765 9108
6794 6944
4852 4958
8773 9198
5163 5510
4615 5033
4283 4361
8388 8566
736 855
3083 3507
2800 2888
6177 6554
8796 9184
2583 2986
7170 7612
7817 7991
8957 9026
7708 8158
1746 1808
726 788
617 938
5178 5625
8786 9111
7840 8037
2182 2382
5144 5584
2243 2313
21 479
251 304
1158 1355
2752 2831
5292 5501
2656 2993
253 303
7760 8067
3611 4046
3752 3966
8300 8629
135 350
1689 1856
6738 7048
2265 2307
4169 4498
5743 6067
1719 1899
1237 1291
4115 4594
7404 7437
8813 9100
6385 6419
2279 2308
5847 5940
3637 4049
6670 7144
9254 9665
6727 7087
718 806
3789 3876
4112 4602
3758 3908
8369 8539
3755 3911
2298 2327
2698 2917
8196 8683
3217 3425
5681 6080
8229 8663
5200 5538
13 505
5196 5560
715 830
234 284
8728 9198
5135 5625
7693 8181
5841 5931
8221 8679
3126 3533
742 794
4348 4354
7359 7488
1521 2033
167 677
6378 6889
1182 1690
8281 8785
1251 1770
1241 1744
7474 7995
4148 4669
7208 7714
2088 2597
5586 6111
7480 7990
7409 7905
1100 1626
4433 4935
3107 3642
1464 1954
8336 8842
2383 2900
2103 2603
6180 6713
2535 3064
1434 1925
8357 8837
8257 8801
108 588
3425 3907
6513 6997
6322 6806
4529 5015
3477 4019
5234 5726
4584 5062
3112 3590
2468 2964
8375 8839
467 997
1311 1833
2266 2797
6592 7159
4274 4746
2344 2832
8469 9006
5451 6000
5506 6079
6240 6751
15 591
2533 2980
7195 7770
6429 7006
8302 8746
8443 8894
30 600
2300 2746
1113 1566
487 942
3333 3916
7324 7894
9401 9971
5217 5677
1069 1632
4418 4876
5177 5737
6581 7140
6196 6757
2325 2884
4225 4819
7390 7820
2202 2766
5249 5845
133 723
9228 9819
7443 8011
2059 2643
4341 4781
9463 9903
7614 8166
398 983
7434 8019
8462 9047
6495 6916
2516 2959
6277 6878
4184 4612
8624 9197
4327 4793
7331 7875
365 781
6502 6918
9577 9993
2388 2869
506 920
5363 5776
1149 1557
9306 9778
8233 8771
1058 1609
4259 4808
7555 8175
1410 2029
8687 9119
372 773
7315 7906
6641 7043
6204 6735
5483 5912
142 762
7634 8100
178 715
8439 8844
247 652
2079 2660
4414 4928
9222 9849
5571 5955
2283 2666
8346 8729
8286 8922
4421 5057
1329 1977
7217 7864
2529 2920
5425 6075
5222 5868
2415 3042
6325 6715
3168 3822
9284 9930
9359 9759
1171 1539
8306 8928
4486 4884
2259 2625
9394 9760
1435 1800
4331 4728
6464 7124
5413 6064
5308 5673
6531 6934
8689 9063
169 575
7646 8009
6270 6889
7380 7747
7189 7821
42 688
3508 3887
3394 4062
2263 2679
4115 4785
3172 3783
6576 6933
7227 7838
7609 7964
8365 8715
4586 4930
294 911
482 843
4103 4782
1187 1544
8334 8741
5393 6077
8621 8960
8363 8709
7373 7779
9244 9907
8596 8997
9431 9828
7298 7734
2452 2849
2148 2770
4378 5036
436 780
4483 4921
4497 4907
1393 1997
2540 2896
2353 2956
7195 7846
6255 6865
5378 6076
3278 3696
6441 7062
3128 3832
5440 6016
8471 9172
3108 3809
5429 6128
460 778
1192 1646
3517 3963
8452 9167
85 667
9371 9813
5490 6076
8327 8776
227 556
4565 4869
6561 7024
7379 7680
6651 6957
5326 5657
8250 8931
2412 2998
9449 9779
3434 4017
320 925
6612 6922
8615 9080
5370 5658
8651 9003
6650 6939
9264 9939
5455 6058
8594 9077
3471 3942
2491 2897
3141 3752
4213 4760
7435 8166
6324 6746
2336 3023
7581 8045
6351 6718
8668 9006
9264 9924
3314 3591
7399 7698
5246 5768
6305 6742
6582 6977
1358 1975
6253 6807
4231 4733
3486 3938
3428 3992
272 1005
4600 4870
6572 6994
2255 2609
9434 9764
2191 2959
472 728
3260 4031
4491 4744
3373 3624
8480 8741
3298 4068
5232 6011
2446 2690
3348 3608
1508 1768
4424 4676
7194 7958
8485 8747
500 763
1479 1750
2313 2587
1233 1989
5325 6105
2372 2641
3112 3901
1046 1807
4172 4949
7585 7866
1399 1643
1299 1550
5127 5913
8445 9187
5582 5840
8556 8819
9566 9854
3438 3663
1196 1935
8458 8750
5565 5784
6314 7055
6305 7051
4098 4908
4209 4958
3348 3643
5369 6088
3414 3684
6449 6660
4454 4702
6359 7151
6366 7142
3162 3943
7247 8049
4530 4748
70 774
1348 1540
168 1001
8666 8859
406 724
297 618
5367 6068
6648 6847
300 619
2467 2788
255 949
4286 5108
1252 1967
3527 3724
7181 8001
4410 4725
8298 9018
184 1003
8431 9148
9567 9739
5486 5691
289 630
1107 1803
8504 8800
1278 1959
4311 5006
3215 4053
1124 1854
5137 5963
3496 3827
2126 2837
188 999
508 674
3245 4083
3081 3944
6564 6853
5380 5728
5623 5779
6316 7112
5244 5912
1397 1552
7485 7771
5458 5684
3190 3857
4474 4637
5408 5704
194 939
5153 5960
331 546
3511 3806
1060 1869
3103 3957
6489 6709
2451 2815
499 671
6543 6882
6546 6909
3116 3932
6512 6656
3477 3814
3578 3721
6438 6741
4497 4840
342 559
5515 5873
8687 8853
2500 2628
6577 6704
8266 9163
6497 6883
8274 9174
8360 9005
2053 2944
6498 6890
2492 2613
8633 8755
5507 5641
196 847
6647 6779
6248 7141
3155 4062
6583 6695
7552 7696
6223 7135
4590 4735
6472 6877
8407 9025
9584 9960
4269 4917
5310 5922
3304 3959
1245 1917
4215 5079
4218 5082
300 655
7383 8049
5422 5769
207 872
3093 4018
8631 8735
8299 9153
3468 3622
7388 8055
5296 5916
1081 1942
1431 1575
7184 8096
5226 6107
1324 1693
7447 7842
4370 4775
7603 7684
1072 1930
1534 1604
5214 6116
16 939
2473 2581
7169 8127
318 640
296 744
6526 6847
9683 9745
6338 6913
4206 5034
9482 9932
458 515
5311 6004
6475 6790
2292 2875
5306 5994
2515 2563
9657 9832
8702 8746
7493 7825
9564 9864
2553 2604
287 714
2488 2670
5178 6125
9424 9994
3188 4015
7673 7714
7171 8152
9607 9816
6348 6956
7258 8123
6548 6773
1098 1960
6359 6965
7306 8041
2194 2935
137 878
3408 3767
1160 1888
5406 5878
8198 9196
6556 6768
2407 2699
2327 2809
6352 6975
6213 7082
6219 7099
6212 7093
6187 7130
5581 5695
8236 9176
8405 8992
6358 6945
383 647
1087 1991
6503 6814
2301 2817
6211 7103
8314 9095
6184 7127
730 1754
4647 5669
4393 5419
4657 5683
4187 5214
8251 9276
675 1700
249 1278
8645 9677
2254 3267
375 1381
3022 4059
2828 3865
4157 5160
2134 3136
2123 3164
977 1993
6970 7970
2458 3458
6820 7869
8898 9947
8794 9795
2399 3395
2685 3681
85 1097
4737 5789
6689 7740
2940 3938
803 1795
520 1578
6774 7765
6816 7812
7049 8109
6921 7981
2650 3711
2648 3710
8636 9620
6637 7623
7136 8138
4753 5819
8609 9611
4909 5894
4134 5133
6427 7479
4113 5181
372 1369
722 1791
514 1583
8411 9461
4790 5785
4963 5971
6839 7815
2616 3592
6926 7999
336 1377
84 1126
3061 4032
5029 6032
2269 3307
2758 3825
7020 8021
4112 5162
238 1236
774 1852
6822 7835
606 1635
2424 3397
933 1944
8337 9390
2427 3386
6797 7884
208 1170
6223 7180
114 1077
2108 3188
231 1198
8531 9496
6572 7648
5027 6126
2528 3502
8366 9441
6699 7803
4638 5710
927 1998
6744 7691
4402 5473
8789 9734
815 1913
2375 3344
629 1570
753 1704
451 1433
2220 3319
6946 8063
8891 9956
894 1822
4435 5426
317 1372
8596 9718
6895 7821
6494 7484
4224 5349
630 1553
45 1093
661 1788
151 1277
6259 7192
6339 7343
6884 7818
6964 8002
564 1603
6473 7486
8373 9420
7153 8072
4525 5591
569 1603
5009 6122
6193 7242
954 1988
997 1946
796 1891
2447 3568
8356 9252
934 1830
6200 7352
8640 9538
2426 3576
3016 3914
4910 6060
6439 7589
4130 5286
5098 5998
4151 5299
2339 3494
2133 3283
4635 5788
6476 7620
4948 6109
8727 9883
8945 9852
4890 6026
6949 8117
6776 7913
8685 9599
6872 7756
551 1726
7061 7950
409 1282
4108 5271
2232 3107
4411 5542
2936 4069
264 1429
4314 5189
699 1572
766 1633
2788 3652
6499 7619
2319 3499
2859 3983
6812 7737
3061 3923
8743 9857
4319 5239
649 1569
6409 7584
6815 7734
7084 7941
469 1401
3067 3926
8405 9336
789 1978
8301 9410
2382 3583
2432 3378
930 1809
2163 3271
8745 9885
206 1145
7144 8017
2138 3299
6157 7351
795 1953
2436 3391
4315 5222
6387 7218
2999 3956
7022 8109
2739 3696
2379 3471
4455 5536
7133 7957
275 1497
4518 5484
8400 9242
288 1516
2332 3537
887 1977
382 1457
976 1794
2795 3641
8478 9676
367 1467
2495 3433
8330 9308
6413 7637
8835 9818
897 1880
2527 3332
6813 7805
2820 4068
4210 5268
8410 9266
2260 3132
4926 6102
8714 9952
8349 9334
165 1096
8407 9273
2322 3580
8735 9969
6437 7637
4724 5766
4298 5176
6377 7197
2218 3164
8421 9235
4707 5787
233 1041
4362 5616
982 1837
6490 7585
2072 3302
2821 4090
6233 7334
2527 3295
6446 7214
4883 5655
720 2005
4372 5137
2501 3266
945 1721
6331 7601
5078 5853
9152 9932
6991 7745
5017 5783
4924 5682
6858 8133
2548 3301
8222 9487
6836 8102
6817 8115
2 1297
2924 3707
4245 5506
4922 5667
547 1849
2577 3853
6770 8046
582 1882
329 1108
7075 7870
4365 5136
171 1460
9121 9918
6418 7219
4208 5457
2562 3875
6245 7492
4672 5986
8435 9680
4826 6142
9042 9844
4918 5648
2980 3715
162 1418
6822 8079
4998 5807
8196 9513
4186 5493
4711 5972
4321 5588
2348 3098
4805 6141
8261 9596
6340 7678
5031 5789
6469 7288
4489 5300
8430 9681
6496 7200
8532 9236
4580 5285
926 1757
2331 3167
6380 7592
3 1351
2222 3562
6164 7506
4762 6109
2844 3675
7064 7891
479 1171
4664 6005
5105 5820
2644 3866
4204 5410
272 1118
862 1552
488 1191
4918 5753
2273 3505
4130 5491
757 1956
2239 3564
66 1297
2368 3094
8235 9597
6735 7960
622 1849
635 1827
114 1323
8313 9507
2056 3410
409 1221
4928 5661
2504 3221
4682 5908
2262 3510
64 1313
6360 7609
4236 5614
8695 9363
2119 3361
78 1320
6825 8142
7010 7690
2519 3262
2311 3181
364 1031
2437 3305
6360 7604
2507 3237
2611 3933
4977 5662
6692 8021
4211 5377
809 1627
4609 6003
4351 5517
2687 3851
6725 7984
733 1960
4387 5205
8447 9608
8374 9679
2421 3084
8985 9824
4556 5302
6597 7358
4097 5500
2183 3577
4716 5907
4328 5527
6756 7963
4135 5543
6380 7532
4754 5907
4615 6022
6362 7515
9151 9790
803 1697
2879 3772
6373 7523
6773 8179
9116 9755
4488 5135
2214 3375
8980 9886
6990 7874
8647 9290
6733 8131
8331 9477
2170 3573
6508 7416
4254 5386
7131 7759
8534 9411
8697 9327
6695 8112
8241 9641
455 1118
6856 8018
8267 9687
2185 3349
4849 5999
9016 9894
4335 5489
4873 5782
532 1931
4646 6022
8275 9712
6729 8172
4719 6089
717 1893
6730 8160
3044 3656
4793 5911
2807 3929
2941 3794
8617 9241
4911 5791
67 1522
4127 5549
3058 3648
7110 7796
599 2019
5072 5733
8978 9895
8886 9984
6722 8181
6645 7241
2147 3551
3051 3671
397 1074
735 1823
2343 3301
7054 7756
6509 7337
6562 7271
347 1181
4096 5576
769 1736
8555 9377
9128 9827
452 1032
2626 3982
6635 7205
8699 9268
8659 9244
190 1390
4909 5884
2125 3484
4547 5136
6909 7977
2457 3149
9092 9808
2568 4060
4940 5783
8538 9350
6896 7980
9014 9963
4556 5164
517 2020
6266 7579
2260 3383
6981 7846
9044 9905
6544 7287
6951 7872
809 1742
5093 5645
2250 3360
6175 7667
2969 3701
5018 5750
864 1676
2307 3310
6477 7331
558 1985
2893 3773
2358 3271
6340 7478
7030 7811
2827 3837
6843 8013
2644 4013
624 1929
2963 3688
740 1816
2621 4032
4473 5252
3056 3598
2919 3431
4403 5937
692 1207
2405 3937
4200 5740
2460 3993
434 1973
8897 9414
2092 3620
6677 7196
266 1792
2669 3175
8423 9962
2658 3183
316 1842
6224 7774
3005 3507
122 1652
583 1111
2176 3728
8295 9846
7123 7617
4592 6115
6515 8032
362 1918
9058 9589
2450 3978
787 1290
9031 9565
8851 9353
4289 5851
6509 8054
6743 7243
2563 3103
4510 6018
4635 5126
732 1219
2258 3826
126 1629
6326 7826
6386 7892
4743 5295
6646 8159
2975 3510
428 1926
4905 5379
821 1307
4359 5942
2328 3881
2628 3190
6443 7961
6452 7942
839 1396
4946 5479
4624 5159
7016 7519
2459 4003
87 1647
6971 7426
2985 3475
8843 9392
9040 9579
6754 7261
56 1656
2435 4035
6819 7395
4948 5399
2542 4010
4343 5810
6767 7210
8219 9821
6651 8113
121 1577
4431 5919
4520 6136
895 1326
8909 9375
2604 3199
4794 5353
366 1850
766 1195
2812 3241
2276 3762
4641 5241
728 1153
8333 9943
141 1750
4610 5215
8406 9864
2463 4033
164 1787
6293 7925
6835 7379
9169 9648
414 2044
6497 7938
5047 5588
6649 8092
2864 3414
4819 5306
2088 3652
9098 9700
6394 7828
911 1535
2867 3395
9202 9602
6884 7317
597 1063
6841 7370
600 1068
2790 3219
4859 5262
528 1127
8814 9237
8766 9282
6799 7411
2498 4030
7008 7452
413 2016
6244 7706
543 1121
2270 3744
8984 9624
986 1371
275 1937
881 1523
713 1101
2654 3291
6888 7277
4521 5932
4116 5778
2317 3979
4408 6079
2719 3096
8219 9874
2712 3089
4551 5965
4511 5909
9082 9718
4784 5181
4531 5948
4461 6140
6192 7841
4377 6027
8805 9462
2679 3299
5119 5482
2132 3778
958 1321
8242 9893
4168 5855
6838 7201
71 1759
9212 9572
4190 5831
6645 8044
9164 9559
2197 3598
853 1481
745 1140
4717 5360
4654 5297
6684 7299
993 1345
6529 7969
6192 7824
6393 7772
4368 6069
9131 9485
7012 7628
2400 4042
2106 3728
850 1528
5107 5464
170 1537
4854 5213
9109 9529
9114 9526
594 1276
8213 9914
2515 3939
6770 7363
8413 9836
6448 8067
831 1419
2693 3120
9168 9573
598 1248
848 1510
8390 9840
4625 5291
116 1743
2684 3264
8339 9773
6511 8144
6165 7893
8999 9701
4827 5145
2410 4009
3054 3371
6390 7731
8979 9685
4405 6131
4243 5716
6288 7767
6376 7712
8209 9944
109 1703
2394 3984
2171 3766
4363 6086
4414 6129
3013 3338
701 1138
304 2018
2240 3603
2082 3831
6430 8139
5036 5497
6801 7239
8279 9856
8912 9223
8339 9803
4563 5898
206 1556
6160 7882
3012 3359
4791 5227
189 1633
2783 3135
2364 4060
9107 9586
4306 5683
8841 9322
618 1167
8328 9837
8357 9792
6559 8057
3 1764
6272 7784
687 1095
2592 3273
2713 3184
6163 7935
6566 8011
4250 5748
4150 5849
2984 3399
19 1762
8220 9965
2610 3267
334 1980
8821 9345
4258 5719
4702 5291
4654 5339
665 1135
4452 6034
8921 9263
4267 5725
2701 3194
2350 4057
2272 3607
4902 5598
551 1247
4223 5765
6601 7986
6602 7990
6988 7602
2117 3909
850 1106
4930 5187
4820 5589
4983 5238
8522 9800
2444 3727
4404 5687
2694 3457
6969 7230
8560 9852
41 1829
6791 7561
6828 7586
2290 4092
4639 5392
5067 5338
376 1643
898 1174
4706 5494
8815 9595
38 1843
4733 5476
2663 3453
6684 7430
6573 7862
792 1030
2785 3583
4774 5560
6167 7944
6287 8111
2947 3235
9 1835
4871 5156
4396 5640
33 1799
2240 4070
6620 7931
28 1851
9204 9438
4167 5997
548 1294
308 1566
5040 5274
213 2046
6859 7655
6626 7887
900 1204
6800 7584
8536 9833
450 1776
480 1746
5101 5343
6630 7890
2866 3082
3022 3316
40 1811
4891 5159
6856 7668
4250 6055
5045 5364
6673 7504
79 1806
412 1759
6951 7266
6608 7829
2371 3590
962 1156
4480 5832
4547 5771
2572 3392
2812 3505
27 1877
617 1319
9093 9419
8635 9973
6622 7822
4271 6141
2081 3954
460 1688
4153 5996
31 1864
2997 3309
4376 5697
4453 5695
443 1760
4281 6114
3046 3258
2632 3349
4262 6136
6315 8180
6798 7662
7057 7409
747 1419
6535 7910
8712 9577
719 1454
2274 3968
6206 8029
449 1701
4330 6031
2787 3462
2302 3990
915 1275
5011 5371
2470 3788
407 1786
4957 5170
7085 7391
6346 8120
260 1654
682 1496
136 2043
2095 3931
50 1863
4148 5953
297 1631
8464 9831
4499 5860
4459 5651
700 1477
771 1145
8775 9533
2614 3404
8871 9692
941 1238
4897 5210
8901 9656
4456 5653
8690 9871
563 1357
2296 3974
6732 7628
2430 3839
2607 3499
4473 5885
4135 6049
8479 9880
2489 3646
854 1244
808 1187
2299 3958
6373 8052
8475 9866
4786 5411
8517 9940
3026 3139
6686 7562
6665 7580
963 1110
597 1472
6379 8061
6726 7632
8925 9546
57 1952
7023 7413
379 1760
8693 9838
4627 5519
2841 3204
4985 5350
8982 9353
8457 9878
2224 3856
6169 8120
6199 8085
2174 4058
8966 9376
2632 3552
9073 9432
4584 5697
926 1079
2504 3687
9113 9256
4223 6094
4113 6053
6256 8132
2051 4023
166 1811
4593 5702
880 1224
4834 5466
2772 3437
2285 3924
664 1315
2869 3209
2755 3455
943 1043
23 1961
2417 3791
2217 3862
490 1621
82 1938
8784 9617
2551 3638
9154 9219
4856 5435
4974 5290
4355 5829
8781 9605
6496 7848
620 1445
4832 5418
9009 9467
6683 7632
9002 9446
7077 7285
2238 3951
5094 5173
8758 9699
497 1574
7052 7259
348 1669
6594 7707
8827 9633
6661 7641
208 1804
4865 5342
4742 5478
390 1638
4232 5993
2707 3441
4536 5722
8839 9571
4763 5502
4650 5583
6688 7622
2989 3147
4586 5645
9057 9350
49 2009
4990 5270
2291 3867
6673 7672
4487 5742
8921 9520
9185 9227
335 1700
9039 9380
574 1490
4980 5273
841 1188
62 2000
6383 7967
6659 7665
4316 5934
3043 3088
4203 6047
6677 7649
4673 5561
5037 5205
6989 7349
6667 7666
8641 9787
6242 8089
889 1154
8798 9637
5039 5203
3017 3125
8451 9981
5067 5173
4693 5547
6569 7767
4630 5609
103 2151
5417 7465
5749 7798
4168 6221
5433 7486
790 2847
4381 6423
5331 7360
5233 7269
1037 3097
1813 3840
4508 6538
4889 6912
4618 6675
5326 7383
5397 7439
5751 7789
5250 7321
895 2913
5717 7754
4154 6181
4947 7027
4230 6310
1947 4027
5396 7476
5995 8009
4929 7019
559 2564
4263 6282
5767 7849
5065 7143
4264 6279
5164 7197
5613 7647
4439 6501
5590 7651
4759 6817
5863 7902
5875 7881
246 2252
5161 7187
856 2914
5305 7300
5457 7532
4322 6364
1178 3290
1387 3370
1694 3802
1173 3282
5084 7060
4221 6196
5558 7677
5899 8006
1501 3472
1597 3699
4690 6658
1232 3203
424 2557
1771 3774
772 2899
5420 7547
5717 7693
5184 7193
4429 6423
4766 6852
1594 3681
4622 6739
5615 7565
4740 6881
5952 7975
4916 6995
447 2518
193 2219
4434 6456
580 2600
787 2943
4801 6828
186 2263
1815 3960
5066 7098
1684 3814
118 2050
4181 6176
709 2736
5555 7621
785 2921
416 2521
156 2279
6132 8079
5918 8094
960 2880
990 2911
253 2172
1240 3162
1734 3653
488 2412
644 2560
1530 3454
1256 3180
1827 4005
250 2173
5975 8144
200 2112
153 2065
2019 3946
1346 3531
1242 3158
4244 6169
1329 3519
481 2414
5242 7402
738 2675
5544 7472
1043 3211
1789 3684
842 3027
928 2876
4495 6419
5437 7587
776 2986
1775 3659
4141 6280
1020 2905
5979 8190
755 2645
5033 6915
5626 7505
827 2966
6027 7974
4830 6766
647 2615
1952 3858
1642 3801
5982 8170
5414 7568
5578 7549
619 2771
1537 3768
571 2695
1896 4055
1970 3954
4183 6294
1657 3770
2046 3901
1495 3345
5654 7902
5095 6958
638 2743
4184 6289
402 2398
1007 2851
5077 6939
4857 6711
4603 6453
4548 6411
5382 7638
1927 3927
5928 8185
5946 8168
512 2770
1203 3168
5255 7251
4218 6319
1254 3123
5644 7898
391 2385
5346 7226
4260 6268
5415 7675
5392 7629
5433 7652
243 2067
5156 7367
5430 7634
5216 7302
1981 3925
1393 3480
4239 6245
5624 7443
5404 7671
800 3021
4240 6271
183 2119
1855 4047
174 2143
5760 7793
4164 6326
1114 3240
4443 6569
4886 7139
4277 6222
21 2281
4522 6487
5766 7800
1489 3375
2017 3871
326 2489
4757 7061
136 2440
1190 3495
5602 7392
1146 3449
1860 3655
592 2904
1261 3556
4471 6270
758 3068
5640 7940
1309 3089
4434 6239
4420 6218
1482 3268
1164 3458
434 2237
1421 3202
649 2970
6070 7845
4378 6159
1784 4065
1370 3136
154 2432
1709 4023
5405 7174
1394 3177
1333 3113
5885 8163
5882 8155
1366 3189
1081 3356
1334 3088
1546 3885
995 2756
5900 7716
5877 8156
5138 7483
2023 3790
1957 3727
4196 6478
5357 7617
5296 7581
5799 8074
1976 3733
5123 7475
6061 7836
815 2588
1111 3427
216 2541
5698 8052
4276 6530
436 2179
1689 4014
675 2971
2045 3781
933 2716
817 2575
5704 8054
5679 7953
5267 7596
4447 6174
415 2270
1712 4082
4773 7137
4271 6635
1601 3847
5742 7976
5592 7314
627 2872
6011 7728
4214 6458
1945 3784
1200 3553
1670 4052
6013 7727
5535 7372
4482 6353
4273 6631
4759 7105
5986 7733
5323 7571
4564 6284
5048 6881
5224 7474
2028 3767
5846 8077
6008 7717
4712 6965
22 2377
87 2312
1236 3509
5556 7382
586 2856
5357 7560
5261 7658
678 3023
5795 8137
2007 3773
5505 7403
1143 3356
235 2439
1295 3171
2042 3735
5497 7190
1720 4041
5729 7959
1462 3265
902 2801
4467 6154
1838 3667
6054 7899
1704 4055
537 2969
5508 7172
4491 6153
4722 7156
6038 7697
6066 7738
482 2153
912 2588
4648 7076
6058 7717
646 2825
511 2160
1503 3149
1674 3864
1184 3379
4823 6979
214 2370
1058 3511
1563 3981
4202 6653
454 2129
81 2502
5507 7194
1912 3810
5733 8184
6044 7681
5901 7827
1559 3977
5752 8152
1794 3746
1286 3236
5669 8070
613 3009
4326 6467
5854 8059
5572 7267
1492 3199
355 2248
145 2362
5958 7917
4422 6379
175 2306
1906 3804
4446 6382
4838 6998
5998 7900
2015 3693
581 3062
4784 6915
1103 3579
1307 3246
237 2392
1317 3219
1869 3835
6001 7878
4974 6873
713 2929
5128 7600
4505 6176
5668 8095
5813 7945
1493 3179
5054 6780
343 2195
5277 7513
419 2150
88 2461
5151 7640
5990 7841
384 2120
92 2455
375 2236
4464 6334
1062 3561
5988 7861
5264 7490
6017 7762
1590 4069
4541 6244
1630 3975
1296 3275
2011 3584
1122 3518
4814 6930
5436 7395
5198 7599
5914 7929
642 2918
791 2803
4943 6826
6028 7781
1170 3451
1880 3761
4176 6587
307 2271
5524 7289
5871 7938
4675 7086
5461 7352
1152 3439
4939 6843
356 2199
5065 6714
4332 6424
5798 8018
5761 8053
5462 7342
104 2449
4514 6235
5540 7262
827 2752
1011 2568
832 2749
5635 8189
4710 7064
6025 7798
1191 3751
5967 7503
5865 7401
4814 6347
5078 6609
4332 6886
1473 4043
6038 7578
4970 6503
308 2873
4734 6259
77 2624
5870 7422
6093 7647
6001 7525
5703 7250
1820 3338
5963 7517
4847 6392
5520 8072
4445 6980
4366 6935
1503 4037
5365 7919
4325 6904
5892 7461
1973 3476
5822 7323
4239 6825
5328 7927
4727 6224
5069 6634
659 2234
1650 3167
1755 3318
310 2840
4427 7012
4568 7145
4549 7158
1163 3775
1933 3512
1696 3222
6068 7554
4798 6281
1185 3737
4960 6488
5089 6616
643 2233
5674 7185
802 2334
1166 3763
1573 3174
4228 6848
4441 6929
5533 8149
5552 8185
5859 7338
5342 7829
1588 3192
969 2439
5246 7729
4555 7044
5132 7747
1599 3183
4565 7047
1634 3126
5610 8127
996 2481
4142 6776
1555 3145
5886 7333
4131 6783
5522 8140
4449 6974
975 2479
1995 3498
1367 3893
817 2389
5495 7966
2038 3487
5753 7188
1051 3701
863 2349
5573 8119
5343 7850
1796 3442
133 2802
397 3066
4287 6853
410 3047
4696 6182
5024 6623
557 2130
5287 7719
816 2486
4811 6220
1459 3899
1097 3776
4212 6911
146 2591
150 2584
1853 3503
5274 7694
5464 8141
4389 7090
4773 6205
233 2673
616 2289
5351 7806
6046 7429
58 2725
4242 6710
558 2186
1661 3290
603 2291
5910 7615
4894 6580
4315 6769
866 2509
5874 7261
1598 3215
1706 3096
5211 7913
5633 7347
1518 3928
5070 6520
1843 3460
4593 6984
838 2559
5225 7890
4589 6993
470 2839
5220 7845
4479 7101
732 2079
5726 7320
5374 7736
5877 7231
4566 6941
1021 2358
6122 7462
4174 6787
5302 7783
1473 3859
913 2371
79 2714
94 2696
529 2248
5005 6486
1055 3780
338 2958
4573 6913
1274 3623
5024 6525
984 2309
5928 7669
5209 7814
748 2061
5617 7955
110 2701
11 2799
1402 3998
1034 3821
5915 7676
290 3018
6037 7549
4710 6286
6114 7432
5076 6463
1993 3366
386 2929
6020 7543
270 3063
1259 3602
465 2856
256 3065
947 2376
131 2680
5615 7954
4906 6612
4994 6524
1134 3950
1543 3335
570 2362
1003 2282
5774 7567
365 2668
6037 7316
405 2711
4985 6267
899 2177
5115 6399
5466 7774
1119 3931
1961 3244
349 2651
4799 6585
4790 6577
416 2728
5191 8015
1033 3840
5213 8022
6100 7386
411 2709
1928 3206
1966 3232
823 2104
5938 7202
1312 3633
4126 6924
672 2483
455 2772
4742 6546
6118 7411
5647 7448
5387 7699
5681 7467
144 2954
1176 3972
5269 8073
869 2168
5873 7663
5509 7844
1042 3888
232 3019
5212 8063
4917 6166
4835 6599
1536 3366
1646 3400
1402 3677
885 2143
5715 7545
4200 6978
1918 3154
5312 8174
4828 6643
4666 6421
1766 3543
4098 6960
5000 6332
1984 3317
464 2790
4433 6759
1785 3535
1488 3816
5110 6351
42 2835
6095 7413
6143 7360
5970 7277
6040 7385
5700 7425
5334 8080
4841 6574
123 2867
5842 7578
4993 6344
4749 6598
882 2105
4769 6643
811 2169
337 2565
5521 7877
406 2765
1353 3602
4309 7050
5893 7271
1115 3902
1805 3176
877 2059
5409 7750
516 2403
4890 6262
2034 3230
1797 3177
4887 6265
5925 7252
4222 6927
1544 3450
1801 3198
5564 7876
1705 3538
4340 7051
1651 3570
1363 3793
987 2142
129 2823
15 2953
1518 3689
5609 7777
1125 4076
9 2946
5536 7723
4910 6334
962 2130
4738 6422
144 2820
5370 8047
517 2451
1996 3163
5463 7887
357 2813
4656 6568
4637 6533
1209 3875
538 2433
4693 6606
5432 7844
185 2852
961 2140
5307 7974
629 2536
4628 6539
5665 7614
5513 7720
919 2101
1109 4086
1269 3921
1921 3109
1958 3075
674 2308
337 2807
4128 7048
147 2874
5673 7552
1071 3973
141 2855
4986 6353
467 2687
5155 8078
191 2834
1095 4073
450 2674
704 2416
4156 7052
1317 3732
228 2901
219 2927
367 2775
177 2824
1586 3467
5412 7838
6135 7244
5351 8027
238 2899
169 2839
1379 3805
189 2818
203 2826
4931 6272
1699 3424
686 2406
834 2187
137 2883
1619 3481
658 2398
5157 8168
4869 6357
6096 7169
1203 3937
1046 4037
1548 3546
470 2574
812 2292
4950 6285
1415 3686
775 2277
5242 8088
4247 7028
1589 3542
1565 3582
1374 3768
4317 6971
1781 3346
5856 7432
1394 3739
1739 3367
847 2210
5043 6237
1173 3963
1753 3371
897 2164
4867 6389
598 2464
1270 3855
974 2100
4782 6484
5904 7407
1461 2485
1139 2163
5038 8110
5906 6931
5887 6910
4102 7175
1149 2175
5547 6575
4764 7833
4415 7481
400 3479
595 3675
4861 7925
635 3697
4723 7804
117 3173
581 3669
1644 2685
1476 2518
5140 6145
155 3213
4573 7621
30 3079
4817 7880
6116 7166
5409 6461
1683 2703
613 3704
1463 2474
5862 6855
124 3165
20 3125
5127 6179
4680 7788
232 3279
5469 6519
760 3794
1250 2249
5694 6674
1091 2159
6092 7138
5228 6237
4333 7388
1909 2881
873 3933
4753 7847
5161 6174
892 3908
1298 2347
106 3153
1205 2190
4490 7626
1480 2441
1252 2213
833 3843
5649 6739
5199 6155
4335 7335
180 3324
4633 7760
5263 6341
1657 2611
504 3508
1637 2601
446 3569
5618 6562
5832 6810
5599 6541
395 3551
1132 2105
883 3877
1671 2768
4476 7467
1982 3046
5774 6871
755 3754
121 3104
1763 2745
5755 6694
5424 6510
4301 7315
5141 6219
5854 6846
1611 2603
4300 7343
4962 7944
6074 7120
1991 2987
589 3617
1452 2498
1996 2978
4605 7565
5125 6263
4758 7909
173 3289
1341 2379
5427 6474
4800 7865
4225 7419
5946 6983
5895 7034
6086 7097
5964 6963
1028 2183
4846 7787
1547 2700
1864 3008
1515 2402
736 3690
1016 3955
242 3196
5966 7104
4346 7284
279 3481
779 3972
1839 3007
5504 6416
4108 7327
2006 2885
4720 7910
4788 7724
5139 6282
4283 7202
963 3928
291 3512
130 3100
1227 2155
2025 2890
5707 6895
5749 6864
1873 3060
240 3159
1373 2549
118 3294
4471 7645
1592 2707
568 3734
592 3838
975 3936
1663 2767
1447 2325
5731 6869
5574 6512
5808 6663
1871 3063
1817 2979
5543 6427
4394 7575
4577 7457
5565 6525
5202 6291
5292 6254
5051 8056
4360 7627
2033 2868
6126 6955
1417 2380
805 4067
4188 7323
4401 7670
561 3833
5597 6420
1612 2693
4942 8068
1592 2802
4590 7460
4379 7638
6098 6943
1392 2494
369 3518
1087 2288
4371 7644
814 4094
6044 6989
5105 7972
603 3725
1056 2295
487 3390
5492 6574
1762 2617
5848 6661
764 3618
722 3634
694 3671
1018 3864
4513 7495
935 3905
5210 6332
6034 7035
4867 8169
4512 7499
1939 2943
594 3772
577 3760
192 3122
1337 2506
4779 7768
1072 2244
4496 7524
1941 2913
5954 7095
4585 7452
474 3373
5786 6758
4619 7926
819 4046
4102 7417
5793 7072
604 3935
4721 8053
1697 2984
8 3331
1553 2845
5893 6664
69 3413
423 3255
634 3947
1258 2555
4680 8029
1299 2052
5398 6158
5546 6320
1008 3818
1089 2396
1318 2107
4468 7273
4872 7703
1098 2410
1609 2921
6006 6742
929 3712
4370 7216
566 3861
166 3461
163 3456
967 3809
502 3281
4169 7534
1057 2310
5131 6435
1172 2493
4669 7956
453 3311
958 3730
1400 2133
5718 7032
4588 7362
5147 6453
806 3606
5281 6545
396 3263
683 3999
1698 2967
5532 6313
5710 7035
1922 2740
6110 6887
4926 7685
37 3358
192 3579
4768 8095
4251 7642
6041 6872
6142 6842
4373 7249
1437 2264
1883 2589
5686 7025
1459 2299
1836 2661
1923 2762
1819 2641
653 4039
5511 6348
4459 7200
5709 6918
951 3835
4820 8090
5051 7915
4667 8042
5252 6608
4132 7538
5204 6414
1328 2157
4898 7807
1579 2934
1955 2813
661 4085
1365 2101
1478 2212
4666 8030
1211 2526
725 4016
605 3892
4945 7741
1372 2096
1465 2249
1053 2413
5195 6458
5481 6171
106 3352
1870 2620
229 3479
4105 7546
4479 7179
4695 7968
6099 6827
478 3237
1133 2326
4699 8154
4946 7893
5289 6446
1231 2373
5283 6440
344 3284
5075 7775
1610 3014
6046 6675
1388 2300
1263 2430
5321 6490
5260 6431
69 3536
259 3220
4755 7947
1573 3004
4855 8045
1776 2924
5361 6508
863 3778
1786 2916
4947 7923
5969 6896
826 3739
816 3731
5379 6311
691 3863
1308 2234
39 3456
1483 2147
4163 7659
5346 6478
4293 7537
5141 6560
5086 7784
5279 6441
730 3948
585 4094
5068 7796
1237 2415
5846 7020
1924 2618
5322 6516
5729 7134
4191 7583
316 3325
5430 6391
1565 3039
5830 6917
1288 2251
5203 6551
1277 2363
1558 3038
844 3717
5712 7065
522 4038
4209 7612
5638 7115
5663 7121
17 3521
82 3459
4691 8066
1601 2963
4768 8051
1825 2804
1412 2131
626 4005
1352 2192
1492 2062
119 3501
5772 6999
5384 6356
4950 7819
5671 7160
1805 2796
1391 2189
1940 2678
157 3454
4211 7573
5355 6413
1 3560
5579 6178
4532 7262
4507 7287
215 3387
4360 7397
5981 6835
646 3958
5251 6513
686 3926
4963 7832
4935 7867
483 3102
215 3798
5480 7018
6031 6537
5448 6990
1695 2199
4350 7924
5032 7586
1137 2682
964 3535
5576 7109
244 3834
4830 7377
221 3789
5375 6893
1581 2111
5338 6863
1078 2595
1567 2057
56 3631
1526 3041
5670 6206
4966 7550
1889 2425
339 3913
4291 7897
780 3344
5377 6947
55 3605
1575 2053
4841 7371
1628 2174
902 3492
868 3392
1608 2157
4752 7350
140 3754
1271 2768
5348 6851
1967 2440
1070 2566
5193 6753
909 3493
1668 2222
223 3828
555 3072
1338 2833
5734 6218
5840 6398
565 3098
1268 2756
1345 2928
5359 6876
5230 6747
5192 6783
386 4021
4352 7994
277 3886
1175 2731
4979 7502
1482 3060
4160 7807
4813 7309
5317 6789
421 4070
5624 7100
1115 2590
4801 7304
1992 2434
5526 7132
1133 2598
1298 2905
1795 2387
971 3482
4712 7226
588 3102
1210 2793
5883 6319
2020 2480
4613 7251
1925 2514
1876 2319
5231 6707
1162 2775
4991 7458
605 3072
4469 7979
5092 7610
4645 7290
4460 7987
5923 6466
5886 6303
2018 2435
5707 6184
754 3223
5861 6275
1852 2395
5247 6679
4979 7451
5425 7000
72 3617
1462 3034
5706 6180
4427 7973
5866 6298
4269 7901
1907 2304
5642 6265
1065 2653
273 3940
5438 6984
1204 2755
1327 2903
1303 2925
5290 6865
219 3744
420 4056
1711 2259
5030 7643
1289 2952
4650 7336
115 3831
5109 7537
5540 6946
4999 7424
40 3759
751 3170
5258 6660
4582 8040
1691 2068
1638 2295
5582 7004
1196 2623
1360 3012
972 3416
1175 2562
5902 6552
6131 6500
707 3163
4468 8173
784 3466
354 4088
491 3959
1368 3013
4347 7780
1725 2077
74 3819
430 3852
4435 8177
301 3983
47 3723
1290 2991
5552 6934
96 3784
4234 7715
5597 7031
5913 6579
5990 6605
4516 7945
5852 6258
4229 7722
1294 2977
1654 2247
1416 2874
5518 6972
6012 6606
4140 7839
4352 8116
5771 6207
4363 8126
1559 2208
4356 8124
4492 7984
5708 6384
4810 7179
4162 7808
458 3849
4299 7688
531 3287
1545 2255
4596 7986
5935 6631
938 3426
5335 6687
881 3514
4747 7232
146 3679
4858 7223
1096 2694
5293 6781
5186 6800
4550 7956
4480 8019
4685 7321
4924 7656
1337 3055
1352 2974
381 4011
4289 7702
1155 2651
1421 2902
915 3407
4515 8062
1938 2418
5434 7130
1698 2112
1695 2173
5196 6830
1490 2870
5172 6876
1250 2571
5994 6532
953 3415
612 3220
5979 6571
5436 7117
44 3807
4444 8106
4121 7919
303 4056
1621 2210
4249 7776
1514 2838
4737 7557
4229 8064
1082 2879
5407 6678
1831 2094
5231 7013
61 3894
423 3756
1561 2324
4683 7494
4616 7431
1223 3030
282 3593
914 3201
4765 7560
1516 2810
127 3944
5251 7060
4109 7962
554 3378
4914 7211
890 3174
5140 6922
70 3929
361 3659
798 3131
5359 7114
5959 6241
976 3319
4504 7858
776 3106
1092 2927
370 3677
18 3874
1383 2646
165 3988
957 3212
4835 7633
286 3628
1255 3028
6020 6327
351 3690
4340 8130
5004 7350
1274 3008
343 3691
909 3249
5822 6528
4145 7950
636 3389
6074 6392
5863 6565
5385 6731
1363 2576
1396 2609
5041 7412
4312 8081
262 3660
5216 6956
353 3629
4279 8187
398 3806
4487 7895
4616 7512
1132 2877
544 3442
6059 6399
4721 7460
691 3562
910 3284
746 3504
4290 8088
5688 6499
934 3321
1980 2268
5585 6833
5102 7311
4380 7805
737 3459
4171 7977
684 3528
1330 2647
97 3844
4159 8026
1758 2488
6071 6352
1130 2818
1665 2539
5300 7134
1344 2605
930 3276
294 3668
4914 7238
942 3291
1894 2067
5467 6700
5787 6627
1257 2960
4278 8140
5447 6716
1890 2078
861 3105
553 3412
5657 6500
5104 7282
16 3987
5730 6625
544 3491
4489 7694
5380 6796
931 3115
468 3679
1800 2181
347 3798
265 3719
5008 7199
5921 6320
4101 8087
43 4025
5890 6295
1478 2640
5689 6560
1615 2517
5762 6430
400 3596
1596 2466
59 4004
4215 8151
5082 7288
5450 6888
752 3415
4925 7322
1376 2759
6005 6364
5197 7140
4144 8091
5268 6968
681 3333
4475 7894
447 3601
5058 7276
5077 7269
5400 6827
5115 7245
1536 2487
5192 7167
4100 8115
4231 7998
4297 8051
4900 7320
6133 6217
5362 6988
4371 7853
6089 6262
1417 2633
520 3528
6035 6226
225 3874
4560 7699
5895 6338
823 3313
1854 2296
5991 6304
5548 6757
519 3534
511 3635
6035 6238
1150 2995
1327 2786
5529 6743
5303 7015
59 4079
5664 6644
4179 8069
5970 6283
193 3866
1784 2339
5098 7222
1378 2750
5696 6558
1558 2505
1222 2841
4099 8163
254 3870
527 3565
4852 7447
5698 6566
4388 7873
1499 2622
1262 2824
226 3844
5623 6672
5200 7096
161 3914
5619 6680
4189 8118
1929 2149
4944 7356
4437 7867
5087 7215
5009 7264
284 3823
1655 2436
387 3703
4256 8020
66 4022
1975 2114
5454 6840
1167 2937
1731 2357
1858 2229
5001 7281
5265 7017
1116 2981
4815 7477
5182 7106
4601 7684
4029 8125
2739 6833
471 4561
615 4705
3634 7732
3365 7458
103 4207
3141 7246
1906 6015
3073 7180
3488 7598
912 5023
1412 5524
540 4621
276 4357
3541 7622
3218 7297
195 4304
258 4375
3629 7739
390 4496
1194 5308
3923 8004
3124 7203
1739 5843
2606 6711
3225 7299
935 5052
1431 5515
873 4981
2653 6723
52 4139
2767 6864
574 4638
1056 5120
3472 7600
943 5007
788 4916
1080 5146
3898 7961
3970 8102
2454 6579
1143 5202
3302 7361
3682 7749
2965 7101
263 4396
2022 6091
949 5019
2323 6460
845 4962
1023 5072
1585 5633
1012 5058
1670 5809
3244 7318
1408 5562
1218 5369
1443 5534
4076 8108
1995 6024
3993 8154
2064 6227
1138 5175
1673 5839
2898 6933
1761 5801
73 4099
2708 6878
2597 6766
999 5034
798 4942
968 5016
1564 5708
765 4780
1296 5442
1442 5622
2956 7125
1881 5891
961 5018
1890 5950
937 5109
18 4174
2459 6598
2606 6771
1300 5450
4083 8083
1106 5171
1130 5131
2579 6769
1524 5526
3412 7473
2857 6991
2055 6240
3608 7792
3873 8010
2284 6279
3642 7764
696 4822
3945 7943
2293 6298
3269 7338
3995 8171
3970 8176
2643 6693
3045 7059
2464 6616
1414 5628
2617 6722
1108 5167
3254 7373
1129 5142
3182 7185
2657 6882
476 4447
2356 6578
4026 7996
1969 5942
175 4136
1088 5319
204 4164
123 4339
17 4249
577 4808
3515 7473
1889 6123
3370 7590
3805 7761
3308 7265
3611 7830
1752 5718
3175 7400
2747 6699
1275 5226
3876 8113
280 4493
1551 5785
3883 8125
695 4640
3266 7253
3444 7660
1147 5345
4057 8005
2392 6596
1962 5940
197 4187
499 4460
3137 7393
1787 5723
1511 5446
1014 4951
3015 7013
2860 7054
43 4238
1220 5229
1727 5653
3252 7192
694 4634
3169 7376
1331 5505
3347 7591
1773 5721
2988 6937
764 4681
1964 5914
328 4595
2039 5964
2565 6841
2731 6679
952 4868
2557 6466
1150 5310
1861 6023
2724 6758
985 4895
2994 7028
2605 6891
1041 5335
340 4499
341 4511
3687 7850
1999 5888
3799 7704
1332 5607
2138 6286
2297 6191
998 4912
3185 7334
2973 6976
354 4540
376 4519
1631 5823
222 4159
1846 6101
1440 5444
538 4862
1484 5416
4010 8012
3857 8182
910 4969
1901 6021
2894 7079
3002 6993
76 4263
3381 7646
2384 6588
2393 6580
2355 6621
1836 6083
2889 7097
1844 6084
2202 6254
1418 5502
2688 6775
1548 5883
2798 6681
3406 7606
1783 5646
3014 6973
874 5014
3474 7314
3524 7364
1166 5518
2052 6405
2135 6485
3134 7482
3676 8025
3534 7371
3539 7387
3813 8172
1469 5303
3364 7209
120 4456
1509 5360
3257 7596
3166 7497
3194 7523
3486 7300
839 4700
638 4965
3820 8178
959 4769
3016 6870
1179 5563
3605 7989
1547 5931
3087 7469
3369 7178
435 4247
1146 5469
3196 7509
608 4938
2024 5828
4049 7934
302 4126
2420 6212
3205 7605
1602 6003
2691 7088
2211 6544
2945 6834
2206 6570
1178 5551
452 4339
648 5041
2162 6472
1941 5806
3484 7328
593 4975
3833 8134
785 4691
176 4597
2932 6705
295 4193
1060 5474
530 4949
2657 6952
3396 7181
807 4715
2167 6459
1930 5831
431 4322
1265 5566
3753 8189
2424 6189
3011 6811
2031 5814
2919 6717
3533 7312
991 4736
295 4166
2923 6665
3762 8145
3295 7610
444 4309
1946 5875
1000 4738
2134 6461
2925 6662
669 5107
1432 5367
2350 6236
2704 7142
2400 6167
380 4107
3841 7801
1667 6139
2663 6942
2466 6363
2494 6336
2536 6294
3004 6851
483 4195
1283 5254
3242 7468
446 4153
2421 6393
1724 5936
2511 6210
2710 6936
3749 7978
64 4559
3955 7932
903 4631
2344 6328
163 4400
1002 4729
2761 7004
3509 7212
861 4807
1605 6110
210 4430
2566 7066
242 4461
946 4653
440 4121
1232 5489
3731 7985
859 4856
3150 7661
2305 6309
101 4545
1005 4683
3152 7670
216 4465
305 4251
1331 5272
2322 6329
1266 5470
953 4629
1342 5267
2246 6504
359 4296
786 4797
3285 7546
1036 5564
2794 7003
2639 7165
2165 6593
893 4809
871 4817
1092 5628
2024 5714
3610 8103
1029 5563
1992 5751
2976 6752
516 5061
3726 8013
973 4622
413 4185
2256 6421
1717 6002
3825 7993
1300 5340
3616 8169
1238 5404
4007 7789
3716 8008
3469 7233
810 4836
2320 6337
3872 7922
1637 6065
1360 5253
2819 6870
1210 5485
158 4422
2799 6967
978 4619
2631 7070
793 4804
179 4462
1798 5848
579 5020
660 4939
3182 7566
3080 7657
3815 7940
3882 7886
3214 7526
2284 6404
1896 5761
3231 7541
2778 6961
804 4815
1740 5927
3577 7191
2769 6945
2511 6204
808 4829
3462 7283
2204 6507
1600 6073
3154 7595
2264 6433
3997 7783
1050 5600
2115 6723
170 4776
2245 6855
2152 6763
2886 6469
2135 6740
4091 7678
3834 7420
820 4403
3224 7839
2848 6439
3725 7301
2779 6354
1021 4596
1796 5391
1457 6077
3716 7305
2690 6291
3961 7531
2826 6425
1902 5498
2901 6464
252 4842
3803 7363
3650 7259
2600 6152
1940 5556
4044 7662
1779 5329
2896 6514
2594 6144
1163 5807
257 4900
268 4906
2253 6890
570 4125
2550 7132
3619 7176
1615 5219
148 4792
3694 7234
110 4703
2497 7152
1316 5905
2669 6229
1588 5133
2875 6402
3873 7451
3436 8023
1084 5639
2039 5578
857 4455
606 4193
3358 7969
2748 6397
2938 6457
2363 7037
3672 7184
2478 7143
2951 6604
3589 7246
519 4172
874 4390
3336 8005
2384 6942
1912 5417
4038 7572
3994 7630
3532 8089
2099 6761
2145 6716
249 4775
3402 7981
2662 6157
2144 6667
211 4799
1306 6004
3971 7667
3025 6561
247 4741
49 4674
325 4913
652 4347
1989 5554
270 4980
93 4647
623 4117
3276 7863
1286 6010
1932 5618
1355 5941
366 4881
1710 5166
2971 6426
235 4714
2491 6969
1497 5981
3792 7254
921 4382
782 4484
2665 6371
1380 6121
2166 6904
1489 5982
3422 8143
1383 6134
3452 8173
3209 7708
46 4795
602 4290
2337 7099
3418 8129
1022 4450
3009 6492
2433 6940
2967 6408
3280 7759
633 4313
2935 6614
2697 6187
3795 7280
3340 8104
3957 7644
2713 6195
733 4205
498 4934
1350 6140
3296 7770
311 5004
1623 5356
865 4572
1693 5152
292 5017
3587 7357
2193 6703
2992 6415
2027 5416
3470 8008
3795 7188
3421 8086
3084 7872
2428 7084
248 4649
476 4878
1936 5443
3521 7957
1375 6021
2445 6999
1104 5770
3620 7422
1507 5950
3090 7884
1861 5530
3171 7868
1371 6075
3263 7775
1285 6117
1751 5174
280 5114
2822 6624
83 4789
3848 7648
4048 7480
2712 6256
1471 5975
3362 8138
1528 5904
4016 7512
3839 7190
1554 5368
1571 5321
2404 7055
1244 5680
2456 7029
3308 7682
1660 5262
3134 7883
3318 7690
2703 6258
552 4310
2873 6201
3079 7937
3353 7710
1513 5858
322 4686
1848 5162
1850 5160
2034 5345
1686 5509
312 4651
1356 5720
61 4904
357 4720
2165 7008
641 4503
4086 7393
153 4992
3446 7791
769 4122
3953 7274
825 4133
2060 6928
466 4812
2852 6203
1681 5555
950 4245
667 4536
149 5046
974 4331
438 4767
1090 5992
3142 8044
2912 6220
1109 6009
4095 7377
2805 6619
856 4201
2702 6588
2832 6178
3845 7222
2023 5332
2465 6804
3355 7726
26 4911
46 4888
625 4423
2048 6968
3949 7255
703 4485
364 4695
415 4770
611 4444
3539 7827
1174 6103
1508 5797
3143 7942
3200 8131
2124 6927
417 4837
721 4501
3492 7904
3985 7380
1270 6064
2256 7063
3105 8041
3849 7235
960 4235
277 4697
1745 5532
1803 5190
931 4333
3891 7293
3506 7907
1193 6138
3047 6323
2318 6747
58 4972
665 4558
1228 6043
2596 6515
2705 6603
1483 5776
408 4803
39 4986
3722 7636
680 4598
4054 7304
1835 5195
2982 6342
3452 7709
3529 7848
1738 5550
3052 6281
2850 6215
729 4543
3138 7972
1208 6096
2664 6401
2633 6435
867 4111
3202 8174
507 4758
3139 7987
4092 7306
3712 7671
2664 6417
807 4190
2722 6617
3751 7643
4045 7345
1857 5313
2699 6410
1682 5395
1671 5381
3192 8186
2458 6686
2482 6708
1040 6039
1308 5780
2188 6917
2082 7081
486 4714
2345 6821
653 4353
1729 5452
2275 7021
3854 7326
3791 7519
2538 6779
1261 6015
772 4246
2722 6454
2146 7158
475 4684
3934 7369
3801 7488
1341 5798
3434 7921
2232 6948
2660 6649
3640 7590
1903 5327
351 4862
2189 6959
3606 7602
2002 5238
1347 5862
550 4483
584 4591
2238 6937
2419 6875
2990 6148
1044 6072
566 4506
1596 5520
373 4825
2144 7122
3848 7357
3965 7368
3135 8073
3695 7640
3889 7305
2962 6186
3198 8133
3999 7203
550 4505
1678 5454
299 4843
2394 6810
2215 7014
734 4383
2648 6553
2366 6908
2399 6812
843 4232
2321 6866
3596 7631
1758 5403
346 4754
2607 6629
1590 5629
1620 5508
2317 6879
1556 5575
319 4843
2107 7151
3984 7237
2128 7046
3698 7589
1303 5838
3527 7709
1458 5737
3179 8112
1626 5511
1316 5881
2374 6809
2926 6321
971 4138
880 4241
1037 6124
245 4884
477 4668
1075 6097
1840 5331
1084 6104
3497 7757
725 4401
1511 5634
2353 6868
3238 8000
3282 7989
3075 8164
796 4341
3932 7351
3612 7664
3071 6161
758 4376
699 4426
1205 5959
1974 5189
2478 6749
3526 7730
1305 5869
2733 6488
388 4723
994 4117
3071 6151
3686 7582
4040 7217
3057 6155
888 4227
3715 7551
3765 7496
836 4282
3625 6696
3268 6343
2636 7754
3636 6706
1983 5048
3895 6960
2780 7899
2444 7556
3478 6558
3364 6445
315 5431
1359 4419
3859 6941
3678 6734
201 5341
554 5692
2372 7506
3623 6704
989 6085
3737 6785
2014 5063
3763 6824
1898 4982
1541 4632
770 5916
3249 6288
615 5700
1350 4451
2806 7891
2571 7715
1807 4903
2267 7410
2585 7731
2764 7911
3320 6355
1779 4829
2745 7831
1865 4967
886 5977
3591 6696
2791 7889
131 5301
1866 4989
2401 7514
2411 7511
2115 7294
3286 6376
2902 8040
1169 4307
3962 6961
4065 7085
563 5759
908 6082
739 5805
1243 4233
3335 6485
3201 6354
2013 5006
474 5516
610 5690
254 5287
1375 4357
3113 6261
1769 4788
1713 4846
2706 7885
3702 6678
2487 7639
3465 6632
3020 8111
3353 6524
3229 6395
2843 8048
2098 7257
3621 6729
3705 6676
1486 4513
591 5664
3191 6168
3160 6185
4008 7129
3449 6410
2787 7824
3257 6349
2851 8022
250 5261
2272 7319
3628 6741
3153 6188
2175 7170
2516 7593
1180 4323
1584 4687
3078 6278
3586 6787
1979 4927
1884 5081
324 5570
3700 6899
132 5132
345 5584
1468 4406
820 6072
596 5850
2726 7720
3218 6146
152 5129
4047 7005
2215 7219
1652 4832
3974 6930
859 6093
3374 6581
3719 6683
2620 7842
754 5740
2041 4953
529 5810
621 5835
3894 7057
100 5315
427 5388
1675 4652
1480 4449
2241 7276
1679 4641
3888 7070
3735 6712
922 5941
1593 4745
2287 7263
1076 4228
1284 4533
1595 4745
1031 4277
2438 7477
1224 4219
3519 6409
3059 8004
3910 7153
671 5672
1866 5106
1281 4539
1520 4426
1485 4470
1708 4624
3567 6482
1877 5099
2933 8116
3665 6803
14 5323
3234 6251
3531 6402
2318 7618
1593 4854
314 5621
2426 7595
3942 7095
1999 4893
327 5525
3397 6551
457 5405
389 5456
1802 5087
1042 4293
2706 7749
2276 7229
230 5180
1990 4892
2830 8149
2100 7400
2001 4877
3137 6300
2209 7292
1379 4541
1038 4305
3336 6633
3491 6465
2811 7711
148 5233
759 5649
2194 7290
2017 4879
111 5278
2717 7790
583 5811
1322 4574
3354 6639
3997 7019
3971 7029
2575 7928
1828 5085
2221 7254
492 5393
3745 6751
62 5312
1808 5103
1218 4157
744 6120
3502 6312
1799 4608
4088 6911
2543 7398
2681 8048
2286 7655
3132 6454
274 5144
4014 6821
3694 7011
1576 4901
1050 4372
3372 6179
2326 7193
632 5992
1225 4570
940 5816
979 5829
1756 5061
707 6105
3129 6437
2592 7997
578 5983
3264 6622
3172 6522
2587 7995
1465 4248
485 5316
1793 4642
385 5282
199 5604
3717 7073
1116 4472
432 5269
2423 7248
261 5154
2676 8028
2853 7692
2080 7436
703 6033
1741 5090
1422 4286
2066 7459
306 5123
3003 7817
1268 4550
88 5485
1875 4709
2532 7378
1292 4155
3117 6426
1611 4988
55 5391
2842 7712
3714 7102
1644 4945
1126 4440
2223 7569
546 5917
1825 4704
3563 6314
1409 4292
576 5894
4082 6836
970 5772
3547 6300
2833 7766
3975 6862
1020 5814
2422 7228
326 5130
1767 5032
561 5984
196 5525
2705 8128
1280 4177
2442 7384
1035 4440
4003 6903
3700 6944
393 5341
3915 6687
1067 4478
797 5701
3759 7157
3226 6592
3439 6194
4061 6784
512 5987
2275 7559
3086 6504
1766 4993
3863 6782
2137 7475
3787 7079
2293 7576
1883 4660
3824 7040
1551 4991
1868 4668
2840 7786
3421 6190
992 5779
3797 7075
3930 6701
1920 4858
1932 4848
3277 6576
1732 5049
3029 7851
1142 4361
2056 7543
296 5288
125 5630
2428 7423
3161 6621
2179 7428
3399 6350
1651 5119
3485 6163
418 5165
281 5256
2930 7904
2423 7394
3231 6408
1228 4436
1840 4777
952 5666
2846 7810
3657 7125
292 5304
1226 4439
1874 4849
3625 7053
572 6042
2333 7355
3033 7794
2806 8026
1054 4528
3720 6950
844 5884
1258 4443
1062 4498
3021 7801
1917 4811
2629 8179
2342 7327
3446 6349
1639 5083
1369 4326
3428 6308
3330 6336
767 5948
2522 7198
2725 8032
1404 4276
3490 6248
1577 5090
2209 7530
913 5724
1632 5038
1295 4316
1121 4530
407 5188
2236 7528
223 5384
666 5955
2535 7230
946 5736
2154 7601
862 5765
2009 4613
3152 6541
875 5813
3663 7087
2534 7175
3473 6263
3592 7150
679 5966
2089 7619
3570 6175
2982 7755
1219 4398
1959 4681
1691 4981
1785 4877
1738 4927
2513 7207
2983 7761
1884 4778
812 5851
3064 7683
2724 8031
2244 7481
1860 4794
1949 4707
149 5483
1306 4324
4050 6610
1075 4658
1413 4996
858 5465
3076 6671
1641 4194
2990 7587
269 5890
1874 4445
2203 7828
3692 6268
3054 7679
553 5176
1131 4729
2723 7344
1495 5059
1266 4839
2778 7375
2032 4581
2218 7869
182 5793
3256 6831
1153 4761
2878 7463
3594 6160
1061 4670
950 5546
3572 7146
1792 4383
2529 8190
1517 5071
1862 4453
2169 7773
388 6049
2075 7741
222 5880
657 5305
1908 4442
240 5825
1487 5117
75 5752
2446 8122
2058 7743
226 5844
1429 5026
980 5613
1215 4741
987 5601
708 5375
3250 6793
2007 4588
3900 6407
78 5744
2178 7868
180 5770
1650 4173
2849 7454
3552 7135
3666 6162
1411 5059
429 6125
604 5150
2726 7392
2760 7298
2521 8082
2126 7683
1569 4206
690 5347
784 5441
1159 4821
3884 6520
159 5835
2785 7348
3067 7598
2850 7540
900 5596
1607 4127
2271 7814
884 5421
1818 4416
2281 7859
2447 8147
2656 7168
1549 4204
2338 8003
36 5702
3099 6777
2530 8065
11 5736
469 6070
1781 4240
3898 6493
1053 4725
2409 7936
2886 7469
3118 6721
2026 4504
2040 4490
1220 4791
1607 4146
2704 7397
33 5719
726 5280
1406 4873
2231 7886
20 5741
4008 6615
923 5402
920 5401
1928 4362
3279 6732
3525 6982
155 5656
1560 4255
2453 7954
3586 6277
2141 7898
2961 7446
914 5402
1622 4319
1639 4334
4021 6462
2808 7284
48 5821
1649 4351
1455 4925
2615 7332
1024 4756
1679 4122
3703 6370
3426 7162
2152 7920
2035 4458
205 5713
4090 6502
2340 8122
134 5656
1451 4874
200 5739
2960 7476
1201 4628
2777 7295
1672 4143
352 6087
2316 8107
168 5632
1343 5015
2055 7852
759 5212
768 5548
1974 4379
314 6039
886 5572
2671 7389
2062 7865
3368 7071
802 5530
2792 7248
575 5253
1206 4618
705 5245
1445 4888
531 5330
3867 6618
2341 8164
358 6050
1791 4152
1259 4643
2721 7273
2697 7232
3757 6241
428 5987
197 5654
1197 4728
2734 7291
539 5325
3890 6629
684 5236
41 5872
757 5166
2409 8119
3396 7067
944 5487
3270 6694
846 5549
720 5172
1428 4976
220 5690
4009 6465
2676 7324
1754 4147
352 6026
1362 5049
2091 7879
1555 4349
2167 7833
2237 7763
1368 5046
1686 4217
2482 8002
3417 7080
2069 7908
2836 7654
1570 4304
3943 6545
422 5968
3327 6662
702 5188
1102 4786
2085 7896
359 5735
3483 6808
160 6052
50 5943
3815 6625
1680 4503
711 5583
656 5528
1260 5093
2894 7236
3345 6682
63 5939
3261 7089
1440 4781
3595 6424
227 6128
876 5243
826 5152
2887 7260
822 5163
1385 4724
3057 7404
2156 8050
1778 4589
3829 6634
12 5933
1479 4838
156 6078
2347 7689
1401 4699
828 5151
1291 4655
3736 6590
4072 6350
3296 7110
2630 7521
3337 6702
2718 7606
3800 6640
429 5764
1728 4587
2131 8062
1279 5074
37 5896
1435 4789
3186 6978
3645 6412
1663 4428
2343 7698
3905 6267
2359 7691
1049 4903
2390 7785
2012 4323
2145 8030
2178 8128
25 5980
2049 8007
3418 6685
2391 7696
3897 6257
3770 6642
134 6094
1571 4457
3665 6428
3710 6451
3747 6637
418 5869
501 5796
2512 7810
2576 7491
2166 7971
2814 7592
1035 4956
1614 4377
4022 6369
860 5124
1749 4493
3488 6905
1806 4181
25 5956
1958 4345
128 6112
2961 7408
2081 8003
3365 6726
2593 7490
3093 7030
1580 4424
2760 7597
3766 6623
2408 7681
3431 6669
2581 7545
4011 6342
685 5568
2579 7548
2526 7855
2646 7459
608 5397
2443 7932
1168 5096
2352 7753
1407 4614
2782 7588
3272 7091
905 5365
2950 7419
518 5496
1826 4189
941 5165
1067 5035
1011 5235
3651 6594
3133 7103
3329 6786
2456 7711
2777 7518
3991 6172
1705 4386
3934 6357
2681 7666
4074 6246
2416 7933
3966 6384
2677 7674
2627 7635
1612 4574
3410 6848
285 5769
1512 4732
3899 6318
1436 4617
2688 7448
1617 4553
1036 5012
3496 6706
3558 6781
3571 6760
2573 7569
101 6085
1101 5101
2638 7663
753 5459
1223 4964
1214 4893
3363 6784
2784 7491
1229 4969
2750 7450
2996 7196
2337 7816
4036 6253
761 5459
2659 7625
283 5808
2926 7365
1427 4671
3940 6345
496 5725
3900 6289
3917 6371
3726 6433
1956 4107
1410 4659
2531 7762
462 5756
518 5557
431 5658
3403 6910
2051 8121
3638 6538
2938 7366
595 5614
1027 5053
822 5366
1642 4523
1772 4397
1027 5056
3550 6685
3334 6850
3224 7005
2425 7870
4093 6195
2837 7386
1461 4708
184 5993
1816 4299
3281 6919
1226 4892
3836 6442
746 5426
1404 4772
2892 7313
4025 6247
3670 6536
3080 7126
2550 7721
3367 6854
3117 7118
2212 8000
1034 5103
3337 6894
1438 4726
1935 4197
3385 6867
2860 7367
3769 6486
3019 7204
448 5680
3037 7213
3285 6948
2578 7649
1059 5079
3422 6823
1879 4268
1147 4999
2887 7355
1922 4222
212 5930
1359 7503
3880 5929
2541 4581
124 6261
2630 4687
1416 7553
1747 7896
2348 4385
3740 5778
2220 4285
1529 7659
2838 4868
639 6762
129 6296
924 7045
1814 7948
67 6239
3045 5112
3242 5258
3779 5859
328 6506
3749 5767
1265 7381
116 6225
1683 7862
3614 5691
1987 8165
80 6264
2505 4576
454 6636
2097 4123
3646 5650
2792 4827
692 6791
2866 4870
77 6264
1798 7985
1105 7270
2172 4171
2187 4284
3214 5298
239 6355
57 6149
2727 4762
1124 7257
621 6738
723 6802
3661 5647
1262 7341
1708 7912
969 7053
3078 5186
1687 7889
1061 7266
2689 4809
60 6260
4028 6134
213 6302
1374 7442
2376 4356
126 6194
2558 4529
3501 5602
3222 5337
3846 5961
1832 8039
3741 5837
2102 4199
4093 6062
904 7131
1966 8186
3495 5631
727 6799
3843 5978
1446 7676
3650 5662
2401 4413
2801 4783
3176 5128
1136 7186
4079 6029
2932 4886
513 6754
3216 5366
3111 5184
1287 7535
3381 5468
237 6276
3411 5434
3343 5477
278 6523
3786 5799
3044 5002
1338 7508
3878 5974
3227 5355
507 6543
3841 6006
2634 4657
3742 5858
2635 4663
1515 7573
994 7068
947 7116
3673 5849
404 6417
834 7111
332 6602
3953 6137
127 6389
2862 5026
3981 5889
1156 7178
2383 4544
2265 4182
891 7146
1972 7973
493 6521
689 6692
721 6724
3478 5390
1606 7903
3027 4937
3808 5754
1855 8099
3516 5411
3631 5775
377 6617
515 6818
3185 5333
1388 7625
2239 4120
906 6947
689 6680
799 7093
1718 7705
1676 7740
2406 4567
1720 7689
3110 5271
585 6907
3743 5675
1715 7686
377 6604
1364 7650
1681 7721
3006 4871
702 6657
530 6866
1423 7502
1905 8114
2845 5086
172 6255
3416 5531
2316 4552
2871 5106
560 6901
1028 7374
794 7126
2285 4128
1453 7520
506 6452
2282 4133
3823 5694
801 7155
2356 4583
3254 5221
533 6849
4085 5923
1773 7739
1029 7378
3520 5401
1448 7538
4050 5896
1099 7318
2429 4515
2071 4297
663 6728
1090 7330
2476 4430
1154 7268
2129 4279
1931 8035
1624 7856
2939 5010
1246 7223
3982 5988
1740 7718
3733 5758
2858 5062
3890 6082
3609 5867
3811 5648
186 6217
2393 4525
2730 4703
1176 7279
2858 5074
1246 7206
1757 7716
3517 5440
3585 5888
645 7044
3930 5723
1948 7837
2245 4551
3541 5328
1809 7700
1608 8014
318 6198
1358 7237
3466 5254
1653 8056
90 6487
3967 5746
1622 8024
2224 4543
2853 4661
4015 5823
4012 5821
3312 5601
2908 4686
3288 5581
1198 7608
2763 5085
341 6211
426 6333
2087 4415
936 6832
924 6788
245 6639
3846 5660
2728 5044
4042 5844
3600 5902
384 6303
3780 6117
532 6967
3329 5154
1895 7748
1723 8094
1389 7240
1409 7335
1878 7806
1100 7525
1521 7384
3007 4757
3015 4845
3506 5273
2462 4275
2872 4631
3977 5816
3445 5191
497 6339
2198 4517
3156 5472
2378 4220
2934 4672
1839 7704
107 6483
74 6514
2180 4540
2309 4158
1625 8034
3334 5179
368 6222
2589 4898
1245 7580
2171 4409
1526 7346
3208 5580
1144 7485
1287 7234
1986 7812
2729 5088
201 6534
363 6202
3826 6048
2774 4997
2554 4265
4080 5797
2556 4261
1710 8183
3427 5177
2080 4474
220 6535
1382 7229
3559 5307
485 6329
1184 7679
3852 5743
2972 4863
710 7072
536 7039
1441 7366
3205 5612
1587 8024
2911 4659
309 6233
1745 8124
1788 8082
832 6703
3748 6091
3255 5573
996 6806
99 6416
349 6185
1160 7677
10 6527
3869 5739
3537 5286
2708 5091
1659 7939
3630 5973
2205 4582
2904 4644
3637 5960
3827 6029
1068 7507
1523 7308
1408 7423
3095 5527
1653 8180
3664 6097
3520 5185
1015 6774
3504 5174
2517 4188
1574 8108
2923 4839
2796 4960
3233 5420
1709 7971
2102 4519
3522 5206
1125 7664
465 6215
3824 5991
3711 6120
3585 6043
3895 5805
965 6750
2099 4526
75 6633
396 6191
2793 4941
752 6997
3100 5561
2417 4308
1256 7501
1231 7529
2732 4874
1304 7345
2463 4149
3851 5792
2655 5108
2627 5096
3729 5949
1666 7980
509 6227
1707 7941
162 6418
80 6627
23 6563
3464 5180
567 7042
2544 4167
3803 5996
44 6548
1517 7252
1079 7564
2369 4349
2462 4131
1582 8081
91 6554
1915 7864
268 6344
3745 5989
1945 7773
2870 4851
1594 8188
760 6975
1579 8162
3790 5892
3092 5599
2370 4238
2274 4398
3223 5465
3339 5339
3068 4653
917 6724
2474 4216
4012 5759
1186 7542
3597 6104
2523 4110
981 6658
1990 7697
948 6765
3962 5795
2686 5028
3862 5837
2226 4463
1844 7914
3036 4611
12 6636
1221 7461
739 6914
3122 5587
1905 7826
3404 5295
112 6550
2074 4605
901 6765
1491 7224
1253 7433
2342 4298
3387 5334
271 6370
468 6202
28 6642
3668 6055
1682 8033
3615 6123
622 7067
48 6597
1466 7247
2086 4563
339 6309
2751 4936
3408 5288
676 7007
3463 5243
2090 4566
2214 4442
1030 7675
3906 5820
1446 8100
2975 4509
2721 4261
139 6798
2735 4266
1202 7860
973 6603
2083 4644
2385 4952
1449 8098
3718 5259
3380 5945
3545 6100
3837 5363
3024 4575
988 6605
750 6397
204 6874
1425 8070
3756 5301
1293 7959
3969 5533
444 7073
1988 7641
3584 5149
34 6719
3351 5898
1189 7866
1863 7527
3500 6030
3965 5471
1216 7907
3720 5281
1910 7492
52 6663
2948 4535
3482 6062
492 7129
1568 7191
3941 5471
310 6925
1733 7417
2085 4632
2758 4344
2523 5092
2168 4664
1039 7758
548 6247
4031 5627
840 6412
1648 7220
2106 4732
3996 5595
2862 4452
1494 8092
3917 5382
3208 5828
2817 4428
2586 4180
3376 6014
972 6552
2580 4160
569 6252
2786 4280
301 7024
218 6788
1748 7348
2610 4178
1065 7753
1907 7442
2257 4787
2591 4220
3036 4538
2854 4416
916 6652
2206 4855
2043 7570
1018 6547
1984 7594
1730 7336
3924 5432
1420 8161
1346 7983
1151 7695
2863 4446
435 7106
2916 4373
4035 5553
2103 4677
3689 5146
2181 4848
1 6777
2995 4554
3339 6002
1797 7548
2184 4850
3032 4517
1405 7936
1070 7763
1362 7983
658 6381
3161 5670
4034 5442
29 6813
394 6923
2574 4236
709 6208
1853 7604
112 6907
2883 4558
1978 7479
1455 7970
2484 4896
2346 5055
2908 4555
378 7138
2298 4706
2737 4136
3005 4388
3050 4464
1994 7505
2666 4337
2250 4694
681 6199
3988 5424
1501 8057
2662 4302
1474 8042
3437 6087
2949 4399
1851 7568
3455 6099
2095 4739
2407 5066
3372 6017
3785 5220
510 6995
3280 5758
1485 8061
1712 7168
1395 8130
3698 5319
1117 7914
1634 7385
2821 4542
3877 5531
2050 4797
440 7033
338 7056
2558 4922
3722 5197
1280 8135
830 6647
1741 7172
767 6197
3626 5344
269 7107
3053 4387
977 6401
1790 7213
3010 4374
53 6892
3440 6057
105 6837
2506 4887
289 7164
2201 4678
3545 5945
3384 6106
3946 5512
578 6310
2795 4110
3297 5638
2480 4951
2243 4651
3922 5562
580 6317
1878 7615
1076 7901
2204 4727
1987 7470
3343 6113
3048 4359
122 6805
1934 7550
1505 7953
1158 7799
870 6549
800 6611
1636 7312
1616 7332
1212 7752
2914 4506
2808 4096
1082 7875
3151 5812
1623 7340
1926 7547
1819 7653
3405 5709
1078 7991
818 6193
378 6780
1772 7658
2156 4971
3618 5413
1047 7952
2947 4235
2743 4542
322 6728
693 6590
2906 4183
810 6183
401 6815
2104 4919
1674 7557
374 6759
3451 5738
568 6443
2338 4662
3748 5553
445 6824
2180 5021
1120 8058
904 6290
2861 4150
2889 4178
3256 6051
1661 7520
3732 5514
3604 5387
1476 7909
2111 4894
387 6816
3111 5891
831 6170
3330 5671
1022 6363
682 6540
1868 7275
425 6786
1493 7929
2652 4466
3203 6061
2335 4656
2195 5052
1260 8159
3734 5541
1468 7816
2547 4807
1313 7700
1026 7988
2113 4983
3311 6103
3578 5825
1450 7831
3138 6012
3091 5932
3073 5953
3746 5603
2952 4302
2471 4833
4004 5347
2441 4800
2672 4409
3253 6143
805 6249
637 6451
2221 5091
793 6230
1325 7778
3676 5389
3095 5956
1486 7834
3885 5241
2711 4546
1976 7407
3204 6108
2122 4880
536 6468
1320 7797
2719 4545
2715 4548
3742 5630
3465 5865
845 6188
3042 4224
1367 7729
1703 7616
3187 5915
2468 4813
209 7096
829 6231
879 6148
4027 5332
3708 5395
171 7108
1302 7782
1000 6299
3457 5876
3967 5129
2142 4905
2847 4199
1810 7274
1970 7368
1919 7171
3589 5499
2761 4425
3964 5373
3463 5637
2003 7249
3326 6010
2922 4334
1215 7993
2532 4716
2915 4329
718 6468
1063 8107
1094 8139
1094 8136
2413 4860
1148 8175
2254 4954
4048 5190
2748 4394
3253 5933
628 6638
2457 4610
2647 4554
3121 6063
4045 5230
3994 5182
1074 8090
2094 4998
1716 7453
2006 7292
2782 4469
773 6312
1527 7750
2816 4273
4053 5223
2354 4746
1685 7468
360 6867
2928 4301
3049 4180
3101 6050
2895 4336
3470 5711
251 6970
2311 4806
207 6925
1830 7396
302 6893
1055 8155
2289 4919
586 6540
3352 5855
453 6668
1743 7428
2957 4166
557 6630
3649 5517
2618 4599
3052 4129
2049 5070
3939 5299
1464 7785
650 6491
3369 5880
174 7037
1193 8058
150 6981
625 6565
3355 5836
2642 4485
1458 7787
3729 5448
685 6518
1943 7243
2146 5054
1744 7436
1141 8105
1824 7420
3323 5927
1672 7509
666 6523
716 6447
2108 5076
2951 4207
1821 7412
2957 4198
1162 8036
4078 5120
4000 5199
528 6624
212 6949
1724 7501
634 6536
3986 5217
1188 8016
1059 8150
1349 7856
472 6702
878 6295
2149 5022
945 6221
3669 5545
2036 7176
918 6251
2774 4392
3406 5809
1343 6463
1361 6481
3936 4961
700 7871
2127 5194
3820 4837
3385 4402
53 7225
1272 6388
2193 5277
3116 4129
1207 6330
698 7860
521 7687
3272 4294
1382 6505
2861 5951
1783 6885
1241 6346
1391 6519
1957 7100
3210 4241
3639 4648
3616 4608
3409 4465
3548 4604
199 7398
1690 6840
4006 4997
3918 4971
2470 5504
1089 6246
4080 5081
1821 6966
3226 4278
307 7453
2302 5329
3382 4358
2717 5804
541 7727
813 7963
631 7744
3858 4901
3342 4406
3565 4567
1662 6720
2420 5451
3305 4310
1921 7102
1702 6886
1400 6456
509 7613
3648 4609
1969 7154
2340 5473
3029 6032
3991 5073
3956 4915
1318 6506
1071 6242
2351 5474
2621 5747
1841 7038
925 8141
3351 4421
2696 5853
4024 5102
3568 4518
1543 6736
2978 6139
2226 5352
3001 6115
2355 5487
3243 4343
2365 5472
2878 5983
2045 7068
3464 4585
687 7885
701 7897
2784 5764
1867 6957
2063 5223
500 7582
1668 6894
1430 6653
1951 7156
2367 5458
2917 5899
1387 6405
1837 7001
1017 8077
3024 6054
534 7777
2933 5901
3613 4708
2545 5512
1475 6591
1135 6162
3423 4386
3514 4410
1288 6537
2386 5587
371 7665
2472 5418
3195 4345
2915 6119
2228 5169
3312 4213
717 7755
3992 4895
3693 4842
2038 7025
3368 4527
3557 4450
2010 6994
898 7947
1600 6857
3448 4594
252 7286
2083 5289
420 7464
3239 4137
4051 4956
1504 6511
2093 5309
3708 4844
1812 7045
505 7530
1815 7043
2997 5920
2723 5685
1281 6550
1502 6470
3234 4154
3423 4549
3297 4219
1444 6462
3515 4385
704 7771
419 7487
3554 4478
2542 5491
198 7256
3133 4253
3362 4482
38 7303
3247 4109
3316 4176
2829 6057
690 7703
2030 6987
4061 4984
1628 6902
894 8148
3246 4101
3902 5013
2814 5715
3287 4217
1322 6533
395 7483
3808 4689
543 7853
1964 6943
711 7795
3750 4626
105 7391
1389 6613
437 7437
1123 6362
1131 6358
792 8103
217 7270
98 7389
2496 5376
2964 5974
1128 6315
2122 5257
1909 7094
385 7493
1562 6879
1665 6727
2530 5412
1099 6273
76 7303
358 7594
1604 6792
2590 5843
868 8105
2294 5158
2074 5322
60 7405
836 8086
3961 5035
3523 4368
95 7308
937 8060
905 8017
3278 4118
353 7608
3860 5069
1616 6794
3724 4694
628 7854
3331 4568
537 7877
1519 6449
2170 5285
3193 4262
298 7669
3705 4760
3904 5027
3769 4701
3597 4840
824 8157
1546 6892
1879 7089
433 7510
751 7685
3660 4774
417 7498
3761 4698
1335 6619
3213 4195
670 7791
2387 5538
2078 5352
2368 5559
1914 7042
3144 4272
1103 6327
2539 5399
2184 5237
3070 5887
3830 5111
3438 4202
3260 4537
1979 6846
1584 6966
3359 4120
4040 4802
3572 4350
2683 6007
54 7482
2598 5930
1618 7007
814 7713
1924 6804
2949 5781
1981 6830
332 7258
3003 5794
3730 5001
371 7272
231 7620
2335 5179
24 7484
1199 6539
3828 5073
1319 6146
1916 6745
2865 5655
362 7245
461 7396
2389 5247
842 7776
45 7431
2691 6056
2227 5528
3747 5007
2910 5747
2599 5910
2560 5938
3662 4989
299 7199
1542 6962
2381 5240
463 7418
2810 6092
1330 6154
4067 4826
2037 6863
693 8078
3758 5013
3041 5852
2907 5734
2781 6112
3912 4726
3028 5780
3538 4242
203 7562
3922 4627
1532 6335
3101 4441
1610 6926
2524 5272
115 7478
3935 4634
3274 4495
865 7719
1385 6177
1751 7071
3880 4704
3189 4412
2216 5606
3680 4913
560 8034
3419 4104
2330 5198
1832 6782
1471 6375
2093 5492
1328 6250
821 7790
3085 4438
983 7818
403 7374
3788 5011
1438 6398
877 7695
1180 6655
3069 5790
3796 5040
2207 5627
3743 5112
3607 4990
65 7466
111 7427
1617 6973
790 7802
4078 4767
2097 5445
3765 5057
3850 4735
4091 4749
2900 5666
2502 5297
239 7574
1897 6672
3377 4175
1718 7113
2645 6101
1524 6260
1761 7010
2673 6133
1768 7021
966 7744
2227 5428
2513 5209
2273 5480
1321 6306
2740 5944
194 7500
202 7518
3861 4736
2753 5972
2205 5386
143 7445
2585 6019
320 7387
1780 7016
3793 4940
3621 5050
2825 5782
392 7208
1673 6953
1613 7148
3092 4533
523 8104
1506 6209
786 7857
1340 6296
2162 5590
562 8087
209 7540
2287 5449
2201 5439
737 8006
3157 4601
2037 6745
1186 6414
3919 4834
1997 6755
2549 5187
331 7421
3050 5724
1254 6481
81 7657
4066 4696
2835 5800
3920 4844
3920 4845
89 7654
555 8084
1314 6301
2091 5608
3697 5045
3430 4259
3838 4923
3906 4743
3575 4145
1804 6858
3657 4992
3636 5118
1985 6666
243 7487
2804 5947
1179 6475
2528 5168
3615 5071
1192 6521
1580 7166
2910 5773
765 7982
1213 6510
1430 6210
481 7221
1093 6547
3916 4763
3503 4216
4089 4640
919 7757
3274 4374
1894 6790
781 7916
3130 4571
2380 5294
2667 6030
342 7347
51 7636
2247 5423
1581 7109
2882 5802
3868 4853
1222 6447
3191 4509
3682 5000
673 8010
2418 5278
1370 6325
2702 5985
1502 6190
1847 6854
1936 6753
1289 6396
230 7441
2780 5924
3566 4118
3695 5012
1942 6760
265 7414
3674 4186
3270 4804
2499 6081
1567 6173
2015 6620
624 7285
484 8162
3420 4955
3322 4850
1872 6489
3146 4673
2013 6614
982 7642
2519 6106
3055 5631
2909 5452
1822 6415
1064 6715
256 7955
1919 6507
1777 6374
1723 6306
1019 7650
2789 5372
3969 4508
3181 4722
654 7342
3919 4462
3497 5003
2306 5926
1636 6209
533 7218
602 7293
176 7832
309 7965
1834 6403
2008 6641
1185 6795
3658 4197
3713 4270
1384 7002
2235 5775
3420 4970
92 7786
620 7253
261 7999
3298 4824
345 8039
3114 4629
3524 4996
2117 5636
4024 4606
2582 5201
1292 6983
2524 6033
3040 5550
3081 4697
2258 5763
970 7576
1348 6935
706 7319
2857 5503
3077 4690
811 7539
1871 6422
797 7495
2485 6127
547 7289
2863 5493
214 7820
2472 6130
1498 7041
2998 5610
3892 4457
1026 6749
459 8106
741 7302
3097 4730
549 7238
2906 5439
819 7508
1513 7040
3303 4750
2429 5911
3594 4192
495 8069
2231 5850
2830 5475
2331 5995
3760 4288
236 7834
3903 4425
430 8153
1986 6584
3757 4307
2158 5868
849 7635
1002 7528
1142 6898
432 7988
1349 7105
1554 6292
1963 6445
2942 5620
379 8177
644 7183
2004 6495
673 7210
1965 6438
1336 7092
89 7892
1010 7551
473 8020
1777 6271
3166 4816
2968 5389
770 7575
1470 6955
1114 6860
3781 4179
98 7930
954 7456
1728 6234
355 8191
1364 7115
2583 5256
3195 4836
906 7466
1549 6317
2004 6517
2437 5924
2185 5672
311 8085
325 8167
463 8043
2042 6494
1039 6826
1897 6607
451 8036
32 7815
68 7916
2946 5419
4020 4381
2087 5773
2141 5879
1113 6898
2228 5663
1426 6974
202 7782
791 7611
3159 4859
3121 4765
853 7672
2148 5833
4087 4423
1802 6586
172 7710
2230 5636
26 7849
3085 4792
2196 5665
1441 6932
2127 5879
1342 7047
2160 5834
523 7344
282 8097
1240 6755
959 7427
2241 5757
1916 6593
1658 6343
2481 5903
3945 4521
1729 6147
2177 5699
3384 5114
3879 4580
1717 6257
1386 7086
3891 4603
2390 6047
3856 4571
3860 4575
1453 7009
3498 4987
3782 4119
3294 4623
1904 6563
3251 4711
637 7339
1951 6473
3599 4311
1834 6644
188 7779
3180 4748
3666 4275
1998 6442
1086 6875
2988 5449
1428 7026
750 7177
3750 4161
333 8101
2522 5939
3487 4978
2546 5919
940 7489
1862 6568
3960 4488
1541 6388
2569 5372
2544 5897
3764 4173
29 7908
2121 5811
1733 6207
2003 6440
286 8165
3380 5064
2364 6080
278 8171
3612 4321
1859 6589
1735 6201
2520 5926
3074 4866
1424 6802
668 7577
741 7651
1950 6297
2985 5294
601 7504
1181 7063
3489 4778
4063 4308
1764 6632
2431 5746
138 8068
3548 4818
3822 4577
1939 6274
2109 5935
3413 4679
535 7426
3783 4562
1583 6457
1016 7406
96 8055
1073 6952
1933 6292
1448 6834
3328 4639
3453 4700
2000 6385
1911 6226
2040 6365
2010 6396
2395 5756
2071 5936
157 8117
3810 4552
2637 5479
1701 6542
2304 5676
2672 5468
477 7921
835 7278
3186 4959
3142 4968
3881 4103
1112 7031
1893 6229
2283 6107
2473 5784
3632 4353
1845 6150
2159 5980
1202 7046
2823 5170
3799 4578
3714 4535
2822 5168
596 7522
3785 4607
3614 4393
3995 4257
344 7781
4077 4306
2736 5616
2619 5501
2683 5437
1201 7159
159 8151
2377 5632
2572 5447
1620 6431
590 7424
2698 5592
3489 4853
1531 6829
948 7394
2419 5675
1627 6406
1426 6861
783 7278
2659 5378
2972 5374
2613 5462
1165 7147
2121 5921
3627 4419
1953 6345
3306 4995
2301 6036
4084 4253
3017 5280
3156 4920
813 7233
334 7743
3354 4713
361 7706
147 8167
3782 4528
1054 7014
1812 6252
966 7359
1560 6498
3216 5099
1763 6557
2880 5183
2475 5674
3247 4908
1273 7036
3600 4502
3340 4740
1450 6688
932 7215
2692 5385
3417 4823
4028 4146
2993 5183
1354 6874
979 7235
2497 5713
2477 5692
3632 4514
2844 5263
2359 5796
3341 4766
3610 4492
525 7579
1208 6959
335 7895
164 7996
3227 4866
2137 6083
266 7825
1460 6676
3357 4796
1168 6963
3169 5060
484 7745
2652 5626
727 7536
182 7966
2608 5529
3685 4559
2066 6073
2677 5593
1582 6528
688 7454
1233 7009
879 7390
329 7928
2054 6071
3320 4937
2002 6243
2805 5446
2490 5641
4033 4212
142 7992
494 7768
890 7362
2026 6225
1514 6737
3871 4260
117 8136
1422 6707
1403 6852
2891 5257
2303 5949
84 8080
3753 4463
3229 4955
2816 5320
2898 5275
1533 6708
2525 5652
1010 7225
1129 7077
3523 4623
3109 5097
4063 4114
1645 6589
392 7769
3976 4191
2709 5453
1535 6693
980 7182
3127 5100
1449 6772
1885 6275
2448 5711
679 7544
2531 5634
2738 5456
648 7531
3332 4833
1467 6748
3588 4579
2110 6102
1512 6656
1899 6273
2452 5754
51 8156
3896 4296
4077 4124
3326 4876
1335 6850
107 8093
1049 7150
2360 5824
3651 4538
1725 6470
3595 4599
2864 5324
3259 4934
2332 5857
3529 4663
1538 6652
1110 7081
1675 6516
1119 9310
1354 9545
1199 9387
195 8391
1664 9866
1271 9469
1083 9259
916 9092
855 9037
1102 9298
854 9076
1217 9444
475 8689
179 8321
858 9064
1351 9585
1243 9452
312 8448
545 8728
714 8951
749 8877
1542 9798
293 8553
1677 9921
495 8608
795 9033
1420 9688
860 8960
824 9060
567 8810
1702 9927
1684 9980
885 8991
138 8423
1466 9684
888 8968
1397 9476
670 8940
1040 9315
882 8967
1384 9503
1013 9101
276 8559
120 8442
1211 9272
1667 9733
1104 9435
290 8623
1737 9799
1310 9607
818 9131
664 8710
241 8303
1451 9474
1305 9655
1436 9516
1469 9482
241 8267
1505 9505
867 9125
1641 9889
1122 9388
731 8724
891 9134
401 8521
1640 9905
1273 9251
1134 9395
91 8324
1014 8982
1534 9503
1602 9895
71 8352
965 8994
34 8392
503 8473
956 9043
327 8616
1625 9897
549 8919
1472 9523
1229 9278
783 9205
368 8590
167 8615
1235 9683
225 8676
1249 9702
183 8639
1439 9367
875 8800
102 8552
524 8988
956 8872
5 8464
1858 9815
24 8448
719 9175
1004 8944
632 9063
607 9024
944 8849
643 9122
2011 9977
1140 9559
851 8820
849 8825
1910 9820
5 8494
1902 9797
676 9099
645 9140
601 9061
1533 9409
932 8935
964 8832
761 9148
1395 9275
108 8484
2047 9909
1434 9425
35 8561
837 8727
260 8274
47 8568
1309 9283
160 8641
1073 9561
36 8526
1527 9369
502 8344
587 8997
936 8903
663 9208
921 8941
762 9103
1983 9927
97 8474
1310 9313
525 9101
293 8358
1304 9360
1033 9603
1433 9234
1510 9323
1177 9495
626 9185
1444 9271
2022 9845
1267 9578
1213 9511
735 9028
985 8775
6 8600
893 8930
1006 8778
6 8623
998 8780
442 8208
8 8611
10 8614
1963 9757
1047 9632
421 8222
408 8280
1217 9476
587 9088
1366 9370
1530 9269
1504 9263
1820 9933
113 8613
892 8873
246 8492
917 8777
851 8880
1968 9813
1302 9456
612 9091
1057 9670
1064 9666
678 9037
1442 9294
1955 9804
1242 9514
490 8216
221 8494
1155 9591
2027 9757
835 8894
1107 9810
1972 9654
748 8425
4 8714
777 8454
526 8193
298 9018
283 8970
1301 9991
1183 9860
1139 9837
466 9202
130 8870
743 8399
1069 9733
211 8957
607 8303
535 8229
1013 8646
1190 9874
13 8760
374 9039
1206 9868
1340 9986
1748 9364
187 8955
383 9021
1264 9906
1161 9933
443 9213
456 9090
464 9115
104 8763
731 8335
1886 9481
1810 9547
346 8967
288 9086
869 8506
323 8988
1873 9486
1279 9887
1557 9335
562 8273
363 8975
262 9058
1085 9817
955 8656
2021 9614
768 8557
1971 9693
90 8756
908 8675
1948 9715
514 8304
1539 9328
1857 9522
1872 9519
789 8607
210 8797
99 8949
1589 9379
896 8473
503 9067
139 8724
636 8419
1630 9471
248 8795
424 8964
1249 9804
968 8569
1470 9999
1903 9691
993 8535
1885 9706
1949 9510
1009 8525
389 9017
1721 9220
573 8320
1934 9521
1892 9636
1882 9627
102 8877
1971 9596
181 8805
489 9019
306 9195
1045 9928
494 9011
1666 9314
876 8591
1793 9706
393 9061
1105 9916
712 8249
445 9033
1585 9421
185 8772
2008 9509
1183 9825
315 8764
305 8761
951 8383
471 8926
405 8862
317 8752
399 8863
478 8909
1509 9974
852 8270
1598 9501
1531 9951
1655 9555
22 9008
1923 9385
83 9085
1522 9922
373 8773
31 9003
779 8254
1398 9795
412 8869
1765 9694
609 8543
696 8583
1427 9938
866 8225
838 8197
285 8793
565 8563
1405 9783
745 8633
1001 8377
2036 9380
1344 9744
73 8987
1947 9417
871 8245
1293 9817
883 8236
229 9146
639 8475
234 9102
1714 9685
541 8567
7 9068
382 8725
552 8518
426 8901
1456 9920
244 9095
1285 9840
1775 9625
95 8998
1619 9517
584 8650
486 8812
1423 9730
457 8793
154 8971
1463 9764
190 9002
152 8973
1169 9993
1826 9347
1399 9937
1550 9662
1687 9508
1456 9734
1012 8259
1685 9517
697 8449
1564 9634
1015 8247
119 9139
2025 9260
1373 9869
743 8501
161 9080
1900 9398
411 8769
394 8785
1649 9645
1915 9381
668 8514
19 9164
187 9050
439 8788
1597 9691
2005 9266
712 8483
125 9105
263 8948
680 8540
1732 9522
1876 9388
522 8690
410 8803
2030 9237
1323 9936
1613 9648
656 8558
1008 8207
391 8824
782 9997
2001 9175
2016 9194
1267 8440
1892 9071
539 9751
1311 8466
1024 8205
1227 8388
1753 8904
1891 9072
1719 8866
1415 8606
100 9343
1648 8815
1913 9041
1484 8676
321 9580
1356 8545
1859 9068
279 9506
1824 8983
1731 8952
677 9957
433 9716
1144 8240
1647 8743
1234 8345
1411 8652
614 9780
1499 8585
857 9998
556 9847
1747 8846
623 9778
1540 8812
491 9606
1856 9007
135 9463
218 9386
1774 8860
599 9765
1886 9001
1658 8717
493 9623
1519 8597
404 9705
616 9750
1895 9190
264 9610
1737 8780
1378 8682
7 9357
1437 8461
2047 9070
1164 8214
1117 8447
1498 8575
1048 8368
1209 8210
729 9847
441 9494
589 9954
1790 8783
1332 8590
173 9234
94 9374
654 9800
1284 8653
1756 8726
456 9475
1842 9215
1141 8356
1870 9117
321 9621
1234 8198
1276 8235
542 9924
1713 8810
738 9785
640 9823
683 9803
2 9451
313 9686
336 9632
1312 8663
1767 8732
1177 8294
1782 9204
1847 8754
1336 8253
1692 9114
462 9417
504 9449
198 9687
422 9397
1818 8713
35 9525
1381 8319
191 9634
271 9262
1282 8231
1669 9132
93 9588
1865 8824
425 9373
1662 9034
255 9671
1563 8993
313 9336
273 9301
333 9227
1496 8351
1086 8566
1152 8648
324 9229
1780 9146
1487 8347
1128 8509
442 9453
459 9361
1752 9093
2012 8834
1656 8984
1692 9214
1845 8790
1823 8828
1386 8204
158 9721
967 9903
1699 9161
1525 8350
86 9531
1257 8593
508 9346
1749 9045
267 9354
1789 9087
1944 8731
1334 8370
641 9988
1080 8638
1189 8482
2041 8821
1965 8737
1136 8677
267 9372
828 9899
217 9538
356 9466
224 9536
1846 8854
1051 8637
1066 8578
1006 9819
927 9765
360 9428
1538 9166
1875 8841
441 9316
1214 8547
1494 8245
1475 8230
1326 8384
1711 9024
984 9769
1172 8549
1032 8700
1159 8837
2031 8682
922 9619
1137 8827
1838 8485
1829 8500
582 9299
1255 8944
1734 8401
864 9592
1680 8329
1629 8260
1982 8612
1403 9062
143 9902
1715 8340
181 9885
1520 9177
32 9739
86 9850
846 9568
1994 8699
590 9343
236 9950
1380 9047
571 9217
1301 9000
801 9502
1595 8318
1677 8395
957 9717
2029 8612
1195 8934
1247 8850
63 9835
1314 9078
1707 8446
1200 8934
672 9468
1357 9005
1007 9615
1576 8266
778 9583
1730 8362
1696 8392
918 9726
65 9775
1151 8716
662 9440
848 9512
1324 9046
1529 9090
1688 8422
534 9366
705 9280
1500 9054
151 9749
1817 8603
1161 8718
1778 8316
2035 8572
1197 8738
27 9867
995 9587
991 9546
177 9766
1722 8237
1048 8832
1017 9570
655 9232
2021 8519
1706 8201
988 9595
14 9888
992 9553
716 9341
799 9645
1937 8491
1545 8373
540 9378
1038 8911
1887 8604
1887 8602
1561 8415
1525 9010
986 9488
1315 9192
1755 8214
609 9391
981 9498
1253 8757
923 9550
1127 8891
1004 9484
1424 9072
1447 9030
113 9881
1474 9010
1828 8662
1230 8762
756 9219
145 9832
1194 8789
1848 8249
1618 8534
524 9483
1614 8515
611 9584
1025 8981
660 9600
662 9600
526 9497
340 9806
1488 8906
775 9252
610 9545
1225 9191
1413 8885
438 9861
1339 8712
370 9802
1216 9210
896 9403
889 9287
651 9652
1660 8515
1507 8865
291 9825
72 9996
1272 9149
1599 8569
1269 9138
1833 8288
749 9633
1165 9153
1904 8252
1452 8956
829 9325
1353 8730
833 9238
1044 9075
480 9863
1714 8644
1392 8710
1088 9015
1774 8599
1432 8932
841 9268
1333 8884
659 9494
1157 8963
1587 8635
1325 8870
1606 8658
1950 8197
1406 8927
449 9826
1112 9212
1443 8711
747 9548
564 9619
1814 8380
1477 8808
1586 8578
1716 8454
1052 9129
437 9738
1212 9084
205 9996
1736 8463
593 9622
461 9732
2028 8231
1572 8681
1066 9188
257 9939
1813 8390
1491 8711
1901 8378
1481 8721
1841 8426
1251 9022
740 9478
1722 8537
1182 9076
1347 8887
1968 8260
473 9772
1532 8708
439 9807
1801 8432
1248 8989
369 9870
2151 8291
3389 9528
3613 9754
2352 8504
2320 8474
3401 9541
3818 9958
2509 8671
3544 9675
3644 9767
3553 9722
2098 8238
3155 9330
2442 8616
2800 8915
3436 9544
2962 9140
3556 9677
3540 9720
3678 9841
2216 8347
3450 9548
2742 8833
2727 8860
2161 8269
2773 8939
2973 9122
2495 8702
2411 8489
2764 8840
3233 9447
3721 9937
3546 9660
3307 9356
2994 9181
2297 8329
3709 9743
2154 8217
2070 8289
2164 8206
2253 8374
2561 8826
3604 9839
2895 9157
2469 8488
2940 9203
3034 9045
2116 8403
3074 9370
2593 8888
2655 8958
2629 8932
3158 9460
2136 8442
2695 8737
2543 8517
3225 9267
3530 9598
2233 8199
2569 8886
2124 8435
2718 8799
2556 8510
4034 9990
3500 9572
3688 9889
2650 8851
2931 9144
2190 8256
2367 8688
2907 9098
3178 9400
3151 9372
2567 8913
2397 8580
2068 8399
2555 8484
2217 8265
2261 8244
2640 8882
2374 8608
3104 9415
2507 8487
3476 9594
3115 9434
2871 9157
2595 8918
2619 8899
2665 8855
2381 8626
2314 8203
3303 9708
3398 9303
2054 8471
2602 9016
3474 9351
4041 9948
2073 8449
3493 9405
3513 9376
4007 9912
2534 8391
2278 8645
3559 9410
2692 9121
2976 8843
2553 8404
2834 8739
3376 9217
2649 9060
2570 9015
3286 9704
2754 9088
3293 9630
4001 9959
3245 9702
3448 9270
2266 8597
2242 8589
3321 9640
3131 9568
4075 9867
3985 9972
2582 9085
2330 8308
3390 9286
3221 9711
3357 9312
3903 9918
2794 9070
2057 8576
3582 9333
2496 8268
2622 9138
3580 9329
3288 9558
2197 8455
2328 8333
2090 8637
3429 9465
2192 8502
4018 9748
2614 9104
2257 8571
3124 9601
3212 9531
3211 9520
2773 9067
3525 9223
2061 8649
3884 9956
3157 9628
2069 8670
2333 8400
3911 9865
3300 9527
3145 9631
2223 8565
3904 9886
3872 9920
3360 9409
3394 9386
2631 9134
3576 9224
3065 8719
2508 8251
2477 8278
3549 9249
3293 9951
3817 9453
2450 9110
3670 9296
2791 8416
2776 8403
2533 9193
3807 9424
3990 9604
2294 8933
3635 9248
2636 8283
2942 8550
3018 8658
3030 8655
2966 8586
2922 8564
3976 9640
2954 8618
2280 8896
3738 9392
2608 8220
2048 8751
2675 8257
3674 9321
3640 9228
3949 9563
2492 9094
2336 8986
3819 9425
2501 9209
2977 8607
3653 9339
3797 9451
3980 9651
2329 8998
2510 9100
3832 9404
4017 9716
2378 8966
3148 9729
3315 9893
4066 9659
3239 9982
3630 9292
3070 8600
3599 9320
2700 8421
2092 8770
3178 9754
2219 8923
3980 9727
2225 8898
2625 8246
2885 8508
2654 8415
2584 8351
2715 8212
2757 8277
2136 8905
3633 9385
2493 8996
3764 9257
3707 9432
3232 9735
2269 8823
2979 8462
3238 9750
3887 9628
3252 9741
3624 9364
2132 8936
4000 9570
3324 9790
3842 9665
2909 8599
3207 9805
3184 9916
3812 9258
2520 8970
2404 9143
3723 9302
2635 8341
2408 9143
3051 8457
4081 9493
2139 8892
2735 8264
2268 8759
2060 8935
2096 8924
3001 8532
4095 9488
2315 9215
3032 8495
2678 8332
2548 8974
2403 9112
2827 8694
2479 8879
3083 9992
3627 9504
2089 8994
3662 9536
3845 9226
2538 8933
2674 8544
2897 8259
3989 9347
2443 8850
2992 8367
2730 8591
2720 8587
2552 8904
3490 9875
3771 9608
2305 8759
2903 8298
2196 9130
3350 9815
2150 8995
2405 8748
3473 9948
2341 8829
2414 8756
2123 8976
2746 8678
3002 8420
3909 9243
3550 9913
2200 9201
2246 9129
3664 9504
2422 8708
3882 9296
2230 9165
2612 8520
3893 9288
2438 8709
2252 9032
3952 9462
3049 8288
2261 9029
4013 9270
3673 9721
2064 9141
3811 9547
3386 9872
2741 8478
3401 9957
3475 9791
2397 8946
3388 9869
2854 8341
3829 9537
2771 8548
2110 9097
2762 8562
2733 8467
2742 8567
2996 8310
2720 8547
2448 8790
2084 9186
4084 9274
3813 9527
2944 8292
3069 8204
2941 8331
3609 9710
3402 9904
3377 9930
3601 9709
3787 9525
2596 8667
3480 8606
2710 9880
3129 8246
3483 8579
3429 8574
3173 8318
2781 9921
2626 9822
2427 9565
3082 8226
3647 8725
2455 9661
3989 9124
4036 9206
3622 8723
3655 8826
4054 9192
3304 8406
2757 9861
3643 8830
2128 9240
2113 9225
3228 8401
2714 9928
2086 9330
4059 9091
2077 9286
3571 8595
3277 8364
4081 9104
2634 9774
4064 9094
3654 8736
3915 9004
2454 9724
2396 9526
2369 9518
2537 9606
3118 8286
3907 9012
2484 9676
2125 9271
3091 8297
3262 8385
2070 9366
3447 8691
3574 8574
3641 8880
3913 9155
2360 9651
2668 9953
3306 8293
2968 9985
3978 8977
3217 8240
3430 8647
2499 9575
3265 8292
3443 8661
3777 8809
2366 9612
3292 8299
2461 9505
2262 9323
2661 9892
3709 8889
3532 8456
2188 9288
4030 9081
3467 8513
3379 8696
2176 9297
3275 8217
2161 9379
2744 9836
3870 9158
3147 8338
3037 9991
2431 9629
2545 9493
3248 8278
2349 9674
3292 8237
2759 9781
2567 9968
2207 9319
3123 8393
3706 8838
2803 9741
2303 9216
2213 9306
2109 9534
2075 9491
3779 9161
3685 9064
3010 9938
2286 9726
3391 8234
2076 9479
3699 9042
3207 8611
3099 8510
3146 8546
3786 9186
3187 8543
3821 9152
3896 8726
4075 8923
4064 8917
2503 9464
3143 8455
2329 9304
2072 9564
3094 8528
3879 8801
3110 8559
3350 8284
3661 8987
3555 8372
3526 8358
2191 9711
2859 9793
3347 8312
3804 9132
3740 9199
3398 8242
3973 8945
2828 9848
3031 9890
3144 8511
2288 9612
3342 8334
2073 9626
2958 9738
3259 8509
3830 9083
2836 9882
3026 9820
3361 8366
3574 8313
2868 9915
3566 8289
2939 9963
2386 9408
2225 9506
2058 9630
3210 8476
3649 9176
2345 9396
2552 9318
3388 8348
3850 8874
4087 8788
3035 9853
2950 9770
3469 8224
3683 9170
3197 8649
2559 9289
3011 9851
3603 9130
3056 9805
2876 9859
3432 8361
3039 9753
2445 9285
3522 8200
2373 9354
3025 9728
3447 8353
2846 9983
2546 9236
3561 8195
2182 9581
3952 8861
2953 9831
2503 9269
2312 9466
3108 8656
2831 9979
3460 8316
2987 9809
2500 9278
4058 8742
3987 8594
2983 9646
3774 8375
3542 9183
3543 9179
2741 9401
2667 9317
2798 9440
3575 9188
3273 8926
2732 9403
2139 9794
2955 9616
3878 8506
3996 8579
3148 8808
2063 9769
2970 9650
3626 8195
3800 8433
2789 9422
3150 8802
3419 9066
2877 9484
3040 9682
2361 9994
3883 8467
3927 8556
3544 9189
2884 9473
3563 9133
3128 8831
2290 9909
2208 9961
3400 8962
3516 9200
2594 9326
2624 9231
3243 8955
3853 8536
3658 8223
3441 8999
2797 9402
3315 8879
3250 8914
3921 8499
2155 9736
2076 9855
2829 9573
3020 9638
3317 8863
2776 9395
4019 8664
2267 9910
2937 9481
3066 9609
3062 9605
3587 8310
2766 9399
3950 8685
3033 9566
3035 9553
3494 9000
3796 8283
4072 8570
2642 9415
3755 8253
3341 9108
3374 9137
2158 9935
3656 8428
3058 9556
3086 8873
3130 8854
3444 9177
2602 9348
3383 9102
2918 9695
3986 8488
2186 9783
3736 8282
2819 9664
2229 9846
2729 9324
2084 9964
3691 8353
3000 9590
2118 9876
2114 9873
3407 9111
2118 9884
2686 9375
2815 9245
3645 8414
2242 9771
3817 8199
3140 8875
2769 9248
2140 9902
2586 9455
2865 9673
3644 8389
3792 8657
4006 8352
3048 9454
2639 9542
3738 8595
3775 8619
3261 9128
2402 9844
2671 9592
2310 9745
3461 8858
4044 8427
3309 9181
4026 8328
3382 8822
3393 8707
2638 9480
4001 8425
4020 8444
2351 9850
2842 9292
3647 8553
3771 8674
2375 9756
3912 8211
3313 9105
4043 8362
2354 9814
2321 9845
3540 8895
2508 9888
3258 9155
3077 9087
4039 8381
2965 9450
4002 8227
3910 8387
2848 9384
2948 9233
2779 9549
3409 8903
2475 9779
2601 9650
3235 9023
3328 8864
2658 9664
3555 8768
3741 8505
3889 8342
3106 9106
3560 8795
3593 8625
2747 9474
3140 9211
3567 8750
2670 9636
2974 9299
3581 8754
3713 8533
3363 8951
2469 9843
2510 9751
2476 9806
3654 8613
2365 9946
2324 9983
2920 9349
3160 9142
2783 9521
2682 9621
3619 8652
2577 9701
2580 9696
2599 9695
3114 9171
3346 8936
3706 8581
4285 8378
5333 9435
5266 9373
5516 9624
4512 8631
4320 8443
4553 8660
5429 9489
5817 9887
5467 9597
4230 8360
5005 9150
5478 9554
4182 8290
5314 9471
4750 8910
5661 9821
4857 8888
4527 8683
5738 9772
5571 9614
5283 9458
5270 9418
5741 9777
4972 9009
5029 9158
4395 8527
5678 9802
4973 8969
5276 9465
5148 9337
5788 9978
5827 9898
4751 8931
5857 9872
4643 8786
5693 9801
5836 9913
5153 9303
4933 9020
4327 8348
5398 9578
4155 8261
5336 9305
6016 9988
5044 9022
4226 8205
5876 9828
4320 8306
5792 9780
4134 8371
4389 8638
5239 9430
4367 8621
4417 8678
5350 9295
4438 8701
5646 9919
5095 9041
5864 9811
5554 9486
5714 9967
5255 9274
5340 9314
5693 9858
4598 8503
4665 8956
5311 9338
4338 8244
4731 8883
5605 9516
5118 9013
5842 9753
5348 9256
5676 9955
5722 9877
5313 9233
4761 8777
4587 8511
4731 8867
4802 8734
5705 9879
4510 8570
5476 9601
4123 8436
4572 8499
5534 9582
5221 9367
4796 8783
4516 8529
4671 8906
5612 9492
5575 9533
4105 8434
4448 8604
4337 8207
5755 9860
5786 9829
4124 8468
5371 9714
4198 8555
4863 9199
4921 8749
5117 8937
4500 8321
5585 9412
4783 9099
4961 8772
5677 9995
5134 9510
4520 8322
5444 9321
4899 8723
4237 8632
5314 9717
5539 9374
5014 8875
5211 9574
4265 8598
4170 8456
5406 9309
4481 8386
5989 9768
5394 9281
4104 8528
5309 9696
5376 9311
5016 8952
4266 8648
4944 8757
4475 8200
4896 8791
5244 9478
5900 9841
5962 9781
4477 8436
4685 9156
4818 9052
5361 9575
6036 9742
5460 9422
4344 8540
5225 9678
4147 8603
4730 9173
5148 9644
4636 9135
5215 9707
4772 8977
4579 8276
4810 9073
5276 9511
5967 9970
4305 8465
4744 9035
6069 9842
4407 8432
5207 9616
4889 8913
4303 8450
4255 8526
4604 8238
5275 9551
4342 8482
4771 9082
4201 8627
4281 8539
5522 9329
4904 8908
4660 9170
4709 9096
5475 9358
4208 8580
4354 8438
5510 9331
4825 8992
4847 8981
4375 8983
5010 8592
5080 8669
4667 8252
4684 8263
4779 8359
5826 9423
6056 9638
5701 9291
4369 8961
5055 8620
5232 9827
4405 9007
5354 9931
4106 8751
4221 8792
4561 9207
4943 8551
4138 8704
5248 9898
5116 8657
4933 8554
5824 9456
4987 8522
6045 9643
4717 8276
4812 8433
6095 9712
4578 9123
4500 9173
4645 8294
4576 9125
5019 8669
5750 9279
6132 9661
5977 9491
5920 9579
4537 9205
4875 8519
5317 9865
4494 9154
5116 8620
4787 8419
4114 8768
5777 9412
4655 8305
4256 8958
4532 9172
4621 8300
5639 9313
5298 9940
4560 9144
5481 9987
6118 9609
5976 9513
5687 9281
4642 8282
4523 9168
4367 9074
4119 8809
4734 8444
5874 9335
4477 9208
4432 9180
4967 8693
4739 8209
5064 8531
4143 8883
5818 9242
4328 8778
5208 9981
4822 8307
4437 9213
4470 9179
5889 9644
4400 9089
5150 9901
4106 8893
5744 9420
4701 8418
5650 9426
5227 9896
4237 8782
4805 8192
4751 8264
4646 8424
4436 9115
4923 8692
5047 8549
5043 8544
5042 8545
4494 9050
5353 9788
4358 9183
4420 9118
4156 8924
6090 9515
4756 8309
4755 8315
4531 9049
5897 9698
5803 9287
5113 8470
4688 8354
4899 8661
5621 9973
4747 8589
4382 8729
5415 9782
5428 9760
5569 9942
6052 9404
5551 9908
4234 9109
5022 8379
4978 8277
4524 8833
4227 9136
4192 9044
4929 8311
5906 9258
6066 9355
4912 8201
4816 8681
5089 8410
6135 9418
4431 8718
4418 8705
5812 9719
5453 9728
4162 8976
4522 8953
5703 9490
5068 8338
5545 9929
4777 8651
5441 9763
5603 9871
5039 8387
4526 8896
5577 9915
5660 9582
4865 8308
4885 8291
5838 9653
5063 8377
6013 9218
5567 9789
4920 8379
4140 9135
4597 8816
4824 8542
4954 8402
4365 8836
5559 9789
5104 8314
5490 9980
4611 8588
4682 8664
5097 8304
4975 8437
5113 8290
5523 9743
6040 9276
5925 9344
4821 8563
4936 8416
6078 9239
5050 8212
4595 8774
5421 9877
4144 9097
4698 8672
4380 8864
5580 9842
4325 9051
4210 9142
5484 9897
4369 8919
4953 8337
4713 8610
5606 9773
5537 9834
5021 8269
4636 8655
5668 9714
4165 9117
4752 8560
4670 8671
5968 9394
5358 9995
5961 9391
5958 9384
4617 8698
4246 9059
4965 8349
4267 9046
5952 9026
4125 9247
5732 8806
5206 8275
4719 9833
5228 8293
5236 8317
5834 8897
6119 9195
5984 9069
4662 9784
6009 9065
5728 8817
5679 8765
4688 9796
4614 9758
4292 9436
5598 8644
5867 8907
5706 8811
5841 8950
6007 9054
5732 8782
5204 8319
5861 8907
5414 8468
4111 9272
5596 8677
4675 9855
5175 8203
4633 9816
5218 8230
5847 8848
4692 9747
5499 8498
4831 9876
5122 8270
5629 8627
4397 9571
4355 9557
5125 8285
5208 8193
5498 8486
5264 8397
5731 8764
5712 8752
5139 8311
5973 9008
5922 9029
5872 8857
5224 8194
4564 9663
4658 9823
5790 8942
5871 8862
6014 8969
5644 8820
5651 8814
5947 9147
4620 9870
4100 9344
4600 9599
5327 8263
5696 8914
4412 9646
4170 9433
5591 8514
5394 8583
4291 9300
5730 8954
4501 9485
4177 9421
4625 9868
4196 9413
5304 8218
5800 8731
5240 8396
4770 9755
6059 9059
5229 8355
4314 9226
4803 9746
5619 8490
5383 8665
4338 9232
4364 9704
5248 8296
5815 8799
4612 9964
4391 9678
4569 9523
5358 8192
4336 9247
4831 9775
5249 8307
5567 8524
5937 9159
5124 8440
6084 9017
5157 8483
4300 9668
4097 9480
5194 8512
5245 8561
5589 8411
4318 9681
5408 8239
4432 9280
5642 8991
5158 8496
4226 9626
5083 9922
5535 8323
5586 8397
4346 9694
5976 8830
4897 9737
5557 8344
5905 8767
5042 9862
4413 9225
4984 9807
5477 8285
6051 8859
5427 8202
6024 8882
4149 9487
4606 9413
4994 9919
4390 9243
4467 9293
6065 8847
4557 9359
5237 8503
4502 9426
5053 9976
5121 8520
5760 9163
4384 9331
6028 8927
4233 9693
5944 8804
5686 9055
4484 9448
4295 9658
5827 9149
5943 8885
4907 9896
5486 8429
4158 9655
5336 8529
4185 9686
4534 9253
5282 8502
5025 9782
5344 8568
6042 8705
5403 8326
5235 8686
5324 8530
5860 9030
4915 9878
5084 9851
4399 9351
5207 8703
5954 8937
5143 8636
5503 8394
4142 9625
5266 8491
5768 9012
5962 8950
4451 9438
5705 9207
5259 8500
5934 8942
5356 8495
4391 9443
4274 9593
4203 9639
6067 8831
6129 8766
6090 8721
5320 8469
4481 9318
5815 9055
5250 8558
5593 8232
4163 9654
4272 9542
5121 8695
5720 8272
5075 9690
4776 9382
5620 9211
5219 8819
5685 8228
5678 8255
5110 9697
4959 9537
6025 8598
5020 9660
5523 9137
5659 8248
4294 9954
5635 8228
4883 9530
4264 9858
4676 9332
6081 8688
4674 9328
6127 8668
5002 9662
5735 8273
4875 9532
4258 9882
5781 8364
5514 9139
5364 8910
5699 8194
4254 9949
4417 9989
5149 8792
5407 9049
5410 9066
5145 8784
5803 8418
5445 8975
4872 9539
6138 8630
6060 8674
4878 9567
5337 8845
5570 9110
6108 8584
5978 8460
5284 8946
5100 9659
4282 9955
4165 9756
5521 9162
5909 8565
4280 9945
5143 8818
5293 8900
4860 9365
5682 8280
5008 9724
5169 8797
5659 8309
4466 9986
4649 9305
4175 9788
6063 8666
4851 9355
5390 9078
4287 9926
5918 8548
5689 8258
5688 8262
4214 9975
4139 9900
4931 9675
5122 8844
5496 9193
5806 8255
4977 9699
4880 9604
4652 9402
6053 8498
5595 9031
6000 8684
4268 9777
5558 9001
5541 8965
4938 9707
5819 8218
4692 9458
6019 8493
4718 9408
5431 9112
5088 9552
4313 9835
5802 8216
5965 8697
6098 8550
4882 9642
4679 9470
5748 8398
4252 9762
4116 9943
4689 9365
5878 8243
5201 8852
4941 9611
5381 9165
4780 9340
4764 9294
4303 9746
4705 9407
5130 8916
4902 9671
4861 9246
5971 8629
5080 9535
5362 8707
4194 9881
5134 8949
5604 8986
5997 8302
4973 9320
6111 8408
5482 8802
5318 9166
4602 9968
5513 8834
5461 8794
5028 9399
5185 9048
4995 9368
4384 9787
6048 8381
5460 8779
5637 8481
4715 9562
5023 9390
4429 9854
5574 8947
5423 8720
5171 8972
4976 9265
5611 8867
4607 9910
4448 9770
5622 8892
4534 9978
5600 8878
4161 9998
5957 8213
6041 8394
5494 8738
5279 9162
5745 8489
4665 9569
5856 8585
4771 9672
6124 8327
5167 9027
4408 9814
4661 9543
4828 9642
4891 9312
5882 8577
4678 9670
4881 9363
4592 9843
4404 9904
4557 9794
4472 9960
4626 9602
4864 9361
4458 9976
5594 8776
5544 8763
4798 9515
5652 8577
4630 9603
5368 9071
5716 8643
4932 9427
5985 8445
5142 9096
5830 8551
4932 9447
5094 9283
4795 9500
4718 9669
5349 9035
5579 8804
4395 9873
4964 9439
5037 9325
5315 8962
5804 8552
5908 8413
5488 8890
5745 8634
4968 9381
5260 9052
5826 8465
4317 9992
4546 9749
4988 9387
4885 9461
4324 9984
5519 8803
5951 8398
5818 8523
5833 8508
5500 8842
5031 9308
4806 9528
7566 9615
7626 9672
6570 8622
7920 9974
7851 9901
7340 9383
7082 9147
7840 9908
7329 9396
6386 8420
7455 9472
6838 8853
6444 8453
6333 8342
7802 9812
7529 9561
6809 8874
6331 8335
7863 9859
7809 9911
6567 8593
6374 8414
7917 9941
6618 8673
7701 9808
7450 9556
6748 8716
6425 8523
6897 8872
6378 8371
6775 8749
7733 9838
6860 8848
7328 9469
6785 8929
6432 8516
7554 9703
6655 8601
6216 8227
7794 9731
6972 9038
7211 9311
7121 9127
6403 8575
7080 8995
6571 8507
6837 8736
7561 9502
7354 9250
7310 9239
6182 8380
7440 9610
7577 9475
6232 8389
6829 8755
7730 9900
7766 9929
7682 9892
7792 9942
6347 8301
7011 9156
7361 9324
6144 8367
6266 8395
7859 9730
6671 8893
7631 9594
7204 9362
7231 9352
7855 9752
7465 9622
7205 9445
7092 9079
6701 8938
6721 8838
7027 9145
6161 8412
6845 8816
6444 8701
6400 8665
7353 9317
6274 8287
7414 9257
7182 9454
7463 9667
6147 8422
7416 9245
7186 9460
6640 8470
7623 9512
7444 9723
8183 9989
7059 9056
6615 8480
7220 9411
7119 9013
7470 9680
6883 9187
6761 9065
6280 8588
6682 8990
7434 9230
6862 9160
6582 8368
7542 9342
7056 8857
7353 9653
7433 9221
7965 9744
7325 9618
6394 8680
8121 9899
6361 8650
6832 9123
6681 8961
6407 8221
8157 9923
6901 9194
6705 8978
6938 8767
6307 8582
7108 8941
6549 8404
6297 8667
7446 9301
7583 9436
7629 9349
6375 8630
6573 8441
6578 8426
6842 9190
6976 8739
7148 8840
6731 9004
6526 8215
6900 9118
7164 8849
6250 8452
6998 8760
7136 8847
7555 9459
6534 8439
7489 9267
7372 9656
6844 9160
6737 8996
6214 8496
8160 9824
6958 8876
6283 8461
7155 8828
6532 8215
6189 8632
6149 8605
7002 8900
8027 9979
7250 9713
6366 8573
7603 9238
7847 9999
6406 8376
8118 9737
7078 8807
6844 9083
6501 8354
6801 9051
7516 9360
7145 8740
7330 9580
7605 9315
6648 8226
6166 8653
6654 8224
7544 9383
7309 9581
7147 8715
7296 9569
6996 8887
8033 9862
7958 9969
7137 8713
6467 8365
6356 8481
7438 9464
6905 8965
7992 9926
7588 9307
6778 8315
7748 9285
7076 8614
6471 9025
6908 8437
6885 8428
6611 9178
7133 8662
8031 9555
6871 8409
7949 9501
6796 8350
7283 9829
6479 9043
7358 9890
6980 8537
6710 8232
6807 8370
7369 9967
6542 9126
7228 9748
6718 8206
7268 9809
7982 9497
7062 8622
7058 8619
6236 8807
8038 9563
6517 9014
6479 8971
7737 9340
6559 9178
7905 9382
7408 9917
6849 8340
8191 9635
7728 9326
8043 9524
6213 8730
6690 8258
7163 8602
7241 9768
6712 8281
7874 9377
7074 8646
6595 9127
7923 9369
6450 9048
6183 8779
6308 8905
7726 9309
6337 8889
7221 9911
7244 9934
7803 9459
7296 9736
8101 9519
6304 8748
6284 8706
7329 9774
6290 8733
7746 9430
7212 9914
7861 9250
6369 8822
7128 8512
6529 8985
6985 8660
7297 9759
6903 8279
7772 9470
7291 9936
7836 9265
7764 9446
7788 9439
7325 9767
8188 9532
7157 8501
6372 8740
6607 8974
7880 9230
6235 8861
8064 9543
7949 9674
6200 8959
6805 8287
6368 8747
6480 9116
6216 8836
6172 8908
7736 9455
7934 9255
7032 8610
6436 9209
6669 8429
8016 9649
6746 8376
8046 9613
7023 8581
6198 8925
6411 9191
7295 9875
7852 9282
6979 8625
6318 8796
8047 9623
7765 9389
7399 9758
8025 9298
7673 9970
7039 8305
7107 8396
6861 8642
6880 8692
8015 9327
6666 8490
7022 8271
8071 9378
7496 9839
6287 9126
6767 8518
7535 9797
7918 9667
7946 9253
6899 8640
6361 9196
7795 9541
7207 10000
7878 9713
7006 8297
7735 9483
6156 9032
7725 9576
6793 8654
6719 8564
7888 9629
8170 9406
6232 8973
6474 8722
6404 8798
6953 8271
7793 9495
6436 8771
6324 9180
6599 8878
7613 9935
7900 9647
6151 9075
8096 9429
8135 9393
8182 9356
7161 8325
8038 9241
7558 9977
6698 8618
7524 9953
6505 8943
6555 8732
8037 9442
6214 9182
7652 9848
7438 9894
6527 8912
8076 9275
6873 8546
6797 8497
6484 8938
7701 9643
7152 8241
6609 8722
6628 8745
7926 9508
6313 9086
6367 8963
6328 9062
6869 8458
6845 8541
7607 9811
7946 9443
8093 9334
6585 8781
6954 8412
8145 9255
7746 8769
7903 8922
6595 9673
8035 9069
6591 9641
7415 8417
8187 9184
7209 8247
7264 8256
7341 8332
7960 9019
7883 8943
6428 9529
7882 8929
7381 8446
6341 9448
7911 8917
6377 9437
8143 9210
7499 8573
6278 9393
7494 8572
7449 8487
6390 9397
6450 9585
7376 8343
6228 9235
6391 9406
6697 9849
6596 9620
7272 8254
7713 8823
7472 8554
6764 9776
6756 9785
6307 9414
7556 8675
7811 8947
6299 9452
7930 8845
6691 9812
6531 9722
8007 9021
7457 8538
6492 9507
7915 8811
6459 9658
7280 8434
6831 9771
7515 8659
6902 9853
7214 8383
6455 9635
8148 9036
6301 9216
7574 8459
8074 8980
6725 9946
6432 9663
6164 9398
6691 9857
7732 8855
7464 8587
6471 9709
6768 9950
6434 9618
6323 9218
8114 8964
7813 8761
7514 8679
6249 9389
7239 8322
8091 9040
6670 9923
7797 8868
7521 8628
8075 9053
6583 9557
6395 9246
8098 9028
7618 8492
8146 9020
7752 8890
6311 9297
7819 8829
7224 8384
7507 8617
6877 9761
7933 8706
7630 8497
7173 8451
6455 9279
6171 9490
7119 9925
6962 9791
7187 8476
6654 9457
7835 9103
7660 8438
6555 9348
6372 9668
7722 8968
6690 9985
7516 8312
7927 9171
6208 9576
7967 8758
6145 9514
6954 9729
8142 8930
7120 9982
7758 9084
6522 9289
7876 9201
7571 8361
7122 9966
8158 8928
7015 9762
7339 8684
7173 8524
8023 8734
8083 8899
7112 9883
7282 8486
6434 9332
7724 9077
8099 8953
6150 9562
6158 9583
6429 9342
7263 8505
7497 8239
8176 8858
6986 9786
7206 8530
7843 9174
7049 9971
6493 9249
7083 9941
6230 9688
7742 9136
8059 8939
7668 8295
8012 8920
7778 9206
7124 9792
7316 8450
7301 8477
7123 9801
7931 9056
7994 8856
7498 8430
7441 8372
7165 9818
6982 9966
7349 8477
7563 8225
6231 9725
6420 9407
8123 8720
7611 8208
6482 9468
6626 9293
6600 9337
7975 8852
6368 9558
6557 9254
7041 9786
7401 8533
6387 9550
7879 9081
7117 9740
7624 8202
6365 9499
7500 8325
7674 8243
6996 9856
7843 9079
6186 9725
8161 8762
7536 8363
6613 9224
7871 9057
7686 9189
7964 8959
7688 9197
7533 8324
7533 8326
6460 9431
7558 8296
6936 9962
7593 8284
8147 8744
7346 8525
6382 9965
7026 9590
7607 9150
7570 9113
7823 8323
6205 9776
7939 8460
7444 8972
7141 9720
7149 9715
6243 9796
7563 9120
7333 8846
7978 8472
6986 9593
7242 8825
7405 8915
6730 9333
7513 8990
6734 9222
7083 9697
6228 9732
7702 8262
7567 9182
6657 9310
7265 8704
6932 9589
7804 8223
6764 9231
7912 8345
6330 9931
7074 9689
6170 9830
7541 9203
7511 9169
6269 9972
6381 9830
7294 8940
7279 8954
6203 9891
7116 9554
6859 9300
7161 9560
6322 9747
6750 9467
6153 9891
7935 8272
6928 9637
7735 8320
7559 9023
7430 9151
7624 9074
7591 8989
6820 9316
7439 9167
7822 8268
6168 9947
7163 9534
7036 9657
7998 8696
7236 8835
6152 9925
7403 8742
6165 9944
6159 9949
6173 9934
7326 8774
6714 9445
6964 9684
7837 8317
7098 9560
7725 8393
6285 9834
8132 8493
8065 8557
7090 9539
8050 8586
6868 9261
6646 9997
7510 9133
8097 8541
7149 9444
6987 9284
7680 8466
7240 9053
7742 8479
6906 9682
7177 8993
6601 9952
6992 9339
7572 8895
7943 8234
7888 8703
7553 8881
7050 9400
7471 8733
7808 8634
7154 9423
7382 9107
6916 9295
7857 8698
6238 10000
6914 9307
8076 8431
8134 8355
7066 9457
6839 9690
6763 9499
6518 9735
7823 8700
7410 9089
7873 8628
7881 8626
6929 9322
7633 8787
6752 9700
7952 8346
6553 9731
6940 9345
7069 9277
6628 9798
7317 9011
8014 8424
7627 8813
7997 8343
6638 9822
7616 8817
6906 9544
7445 8871
7918 8535
7922 8521
7718 8605
8060 8385
7534 8876
7526 8866
6880 9509
7167 9273
7522 8868
7034 9405
6476 9863
6900 9535
6736 9627
7723 8672
7275 9124
8184 8233
7449 8911
7951 8409
7370 8979
7000 9346
6367 9987
6923 9428
6483 9907
6808 9598
6803 9588
6912 9450
7645 8753
7906 8463
6480 9917
6698 9669
6650 9742
7425 8948
6713 9679
6792 9586
7356 9027
