100 101
96 97
84 85
88 89
33 35
32 34
93 95
21 22
5 6
61 62
57 58
80 84
89 93
59 62
9 15
1 7
64 70
33 38
69 76
87 94
81 88
39 44
3 8
65 74
66 78
7 9
3 13
71 73
17 30
5 10
2 19
67 82
4 23
79 92
66 81
2 20
38 48
12 27
8 31
10 29
77 90
11 19
73 83
78 85
13 16
72 86
79 80
18 50
68 100
14 44
22 50
11 45
1 39
14 40
6 46
25 48
75 98
27 49
4 41
12 35
77 98
26 42
20 37
21 36
25 43
18 32
30 42
26 46
29 41
87 99
24 45
17 36
28 43
24 47
16 40
23 47
91 99
28 37
90 97
31 34
15 49
59 96
56 100
51 83
60 94
51 86
57 92
53 95
54 91
60 82
54 70
58 72
53 65
20 98
55 64
61 69
63 71
55 76
56 67
63 68
52 74
52 75
