100 111
12 13
36 37
22 23
16 18
93 95
97 98
75 78
80 87
22 30
36 45
20 30
38 45
32 43
34 41
51 63
71 74
34 50
41 56
44 56
1 20
11 30
79 89
32 54
6 16
10 29
38 62
74 83
66 91
68 93
6 28
34 62
35 63
47 51
8 21
37 59
41 55
43 52
65 94
69 100
5 33
10 46
4 32
11 47
17 52
2 39
26 60
68 98
7 33
3 42
17 58
21 57
5 41
2 48
3 48
7 50
29 40
12 58
8 63
90 96
9 55
92 99
8 72
16 84
9 77
26 95
15 73
24 94
20 83
19 89
45 97
14 67
31 81
27 84
1 81
6 86
25 72
8 91
27 79
4 82
57 96
28 69
15 85
14 85
18 73
19 72
23 75
31 66
35 65
36 71
46 77
61 88
39 64
49 88
62 87
60 86
49 90
59 87
44 67
44 94
40 93
54 64
42 92
53 76
40 82
39 93
43 80
61 70
24 99
53 78
25 100
56 70
