1000 1001
358 359
494 495
316 318
60 63
106 110
907 911
771 774
840 845
425 431
402 404
82 84
651 653
267 268
595 596
800 807
82 91
886 892
550 556
338 345
196 207
119 123
112 127
812 828
640 656
937 952
674 691
263 277
207 221
168 186
558 572
68 87
750 765
111 123
810 830
132 145
161 180
742 755
133 147
737 759
526 536
365 378
262 273
551 560
907 915
719 727
710 734
874 880
267 272
642 665
199 219
654 659
622 627
780 785
420 443
15 16
871 888
674 701
75 107
963 995
579 611
30 63
29 60
257 288
530 563
512 545
199 229
460 495
896 931
514 545
205 233
342 371
81 118
704 743
600 639
92 116
194 235
579 617
593 635
204 231
532 568
70 104
708 746
655 673
151 184
141 162
337 382
25 41
847 895
88 106
205 255
858 873
670 682
220 233
335 377
261 306
846 889
599 608
471 493
83 105
202 240
70 124
897 955
534 556
709 767
592 618
852 878
324 376
856 869
729 743
851 876
163 227
304 368
56 121
269 332
669 732
557 620
44 110
808 874
694 756
831 892
274 342
535 595
518 578
5 64
392 461
167 226
698 764
389 450
29 90
517 578
21 93
160 232
659 731
402 475
36 109
156 214
806 876
292 367
691 760
270 322
12 65
554 615
134 200
830 880
779 837
534 600
777 838
546 621
406 455
898 979
524 605
775 853
390 469
152 203
686 765
149 193
920 972
27 77
176 230
42 115
10 83
385 472
773 860
537 576
643 730
675 761
287 324
275 328
670 709
693 750
792 836
32 125
31 66
442 485
571 612
528 591
782 849
648 744
276 373
259 354
278 375
571 602
564 597
939 970
947 978
177 211
955 985
801 835
676 710
393 490
303 332
928 963
17 119
281 383
932 962
61 90
804 835
940 971
678 718
946 987
392 482
521 610
433 477
806 842
284 369
305 348
819 860
699 724
944 991
386 498
302 350
695 711
661 740
776 889
919 998
802 848
941 990
786 865
687 731
435 453
272 359
703 712
952 975
140 244
283 355
565 589
540 613
657 744
426 464
804 862
134 253
57 66
923 992
929 986
309 329
183 203
303 339
14 115
438 459
530 623
669 736
550 603
136 247
396 499
926 993
290 418
560 688
574 702
50 179
344 473
264 394
271 396
54 181
357 481
99 231
826 958
365 488
291 422
337 468
626 759
784 917
828 953
14 136
294 416
58 188
16 150
791 913
599 721
311 447
559 679
269 388
603 722
5 137
781 897
822 954
67 206
313 436
320 462
56 182
812 930
297 440
353 496
525 668
808 953
40 186
33 178
381 494
814 957
788 903
590 730
885 993
50 164
816 935
77 213
24 128
845 980
548 703
561 685
849 973
531 655
345 452
323 478
607 706
15 144
314 410
580 740
822 918
326 484
867 961
383 476
634 729
843 1000
45 137
803 903
544 645
513 676
76 234
623 713
380 475
549 642
797 954
514 677
333 485
274 442
312 401
521 672
792 945
43 129
586 736
630 733
280 436
81 252
537 692
871 968
317 397
282 426
362 474
548 660
588 764
53 132
13 188
289 400
374 455
89 232
535 678
101 215
304 387
122 201
619 728
809 922
259 439
569 653
55 130
768 949
88 238
891 973
875 989
289 406
311 399
893 964
859 994
625 715
35 152
297 405
341 489
800 924
71 250
625 716
93 227
552 662
271 432
298 405
349 413
566 758
582 646
593 657
109 172
523 714
293 486
376 443
795 984
879 940
367 427
266 462
291 487
870 930
778 975
538 735
126 185
336 409
20 221
893 948
95 149
265 450
2 201
370 446
331 391
629 699
268 451
362 421
609 689
617 697
73 155
114 160
791 965
869 951
355 432
553 762
281 461
44 248
121 173
74 159
883 933
632 686
67 148
532 717
25 195
777 979
797 967
49 236
834 927
851 908
531 755
61 223
125 158
882 913
606 701
28 249
37 195
2 229
816 983
872 911
607 695
626 667
517 748
588 677
257 491
847 933
102 138
581 681
19 254
612 649
52 218
116 154
825 983
616 646
887 921
544 719
321 433
45 222
638 650
857 941
636 648
72 189
841 959
80 167
54 193
787 996
785 998
52 204
266 498
539 738
868 925
518 767
554 720
802 985
875 912
315 454
821 968
87 169
555 725
314 453
35 220
841 950
817 974
555 811
661 917
142 399
208 465
647 902
89 347
108 366
580 838
592 850
210 465
620 879
638 890
656 916
94 347
108 361
516 769
17 279
139 397
739 997
538 796
238 489
685 938
222 470
146 411
174 423
527 774
20 286
675 937
611 872
36 296
42 295
715 966
570 823
255 497
723 988
139 411
142 414
216 456
164 437
100 373
11 282
722 960
717 991
26 265
243 480
191 427
529 773
198 467
581 848
594 839
613 882
24 256
547 827
107 370
49 296
127 356
219 448
523 784
680 947
59 294
120 357
614 891
171 437
688 942
708 986
528 782
714 981
639 864
4 292
200 488
80 368
225 448
749 972
597 884
251 473
101 327
624 850
8 299
568 795
51 279
716 1000
71 354
103 322
663 946
58 284
698 924
513 807
696 927
4 300
176 408
651 931
684 900
156 438
113 349
594 894
696 916
175 386
104 325
751 962
165 395
230 456
145 446
131 428
18 290
47 287
158 429
148 423
30 301
608 852
51 261
162 404
170 412
95 361
673 919
211 484
243 452
212 492
212 493
671 934
1 315
246 458
72 372
516 825
130 444
48 270
660 938
249 454
766 961
553 790
46 366
723 915
558 878
549 868
536 857
163 481
213 407
68 263
124 319
577 770
622 810
520 844
527 842
629 819
18 346
3 331
198 398
687 999
627 827
120 306
217 403
739 936
32 364
234 422
74 262
8 326
237 445
525 861
662 967
143 477
13 351
663 965
547 881
254 429
202 409
586 793
97 308
711 914
583 786
239 441
247 416
215 384
135 464
732 900
246 428
546 888
542 836
245 430
79 276
210 398
585 788
577 796
763 934
103 313
98 317
576 799
665 966
650 981
618 821
175 463
27 379
225 385
9 360
566 855
637 799
766 925
557 846
641 997
216 445
587 814
609 772
102 256
133 482
713 942
637 789
575 855
38 335
170 451
39 334
733 948
171 449
64 298
244 415
741 910
7 363
180 472
112 285
587 805
209 417
224 400
757 901
762 906
73 312
154 491
19 353
92 302
563 833
239 412
191 460
69 310
541 873
522 894
153 492
584 829
253 395
62 328
706 949
635 780
589 820
754 904
6 378
753 909
197 440
704 957
526 883
574 832
140 499
192 320
584 969
680 809
241 371
84 470
604 990
34 417
654 781
522 905
702 829
31 410
150 286
734 854
146 283
712 833
683 801
240 379
159 275
604 976
573 945
241 380
187 310
173 288
218 340
100 490
22 408
649 775
540 914
640 783
575 944
605 978
192 336
582 982
118 487
250 363
519 918
181 295
59 424
151 260
217 330
55 420
10 414
631 995
541 904
41 447
235 381
543 905
178 293
113 486
700 811
196 348
245 364
122 483
601 960
512 921
692 815
564 943
252 352
43 439
707 863
197 344
194 351
752 877
34 444
671 769
633 999
666 772
172 307
552 951
3 419
177 273
65 480
39 388
23 435
628 976
745 844
242 340
190 280
720 886
226 325
630 977
53 413
524 932
658 824
636 982
117 478
182 285
533 958
184 277
147 318
615 970
763 854
111 449
747 837
236 323
559 896
519 936
185 264
96 466
761 843
598 996
747 856
567 899
539 943
679 787
758 834
726 867
644 817
37 403
529 935
652 826
672 790
21 418
179 260
209 358
569 910
570 898
741 861
78 500
96 474
62 387
144 301
664 805
757 840
735 866
641 831
551 920
658 813
105 425
725 789
155 346
22 468
751 813
610 928
693 887
141 329
23 467
585 909
76 393
86 401
700 884
6 463
183 382
79 389
157 343
153 339
619 929
682 864
248 307
726 794
98 431
99 430
664 853
251 309
28 466
228 299
614 950
562 994
542 974
596 901
728 778
12 479
97 434
752 803
652 863
75 415
165 369
718 794
616 956
742 818
727 770
126 424
9 479
190 360
161 375
602 908
737 823
567 992
515 980
228 316
515 987
705 793
78 407
135 350
40 497
583 926
7 476
543 964
86 394
91 391
223 258
754 815
684 881
242 300
11 469
47 496
138 341
666 890
129 352
745 776
573 988
572 989
224 258
1 483
633 923
748 783
721 818
208 308
128 356
565 977
591 939
645 865
601 959
644 866
214 305
169 321
33 457
632 912
157 372
562 984
166 333
166 330
85 441
690 862
631 922
26 500
749 771
38 457
206 319
753 768
694 839
690 832
57 458
189 334
681 858
114 390
746 798
131 374
117 384
705 820
143 377
85 419
667 877
69 434
647 895
46 471
634 899
668 870
48 459
94 421
237 278
707 824
174 338
187 327
628 906
168 343
756 779
504 969
510 971
511 956
130 714
508 902
506 885
504 859
502 798
506 760
502 738
501 724
505 697
509 689
503 683
510 643
507 624
505 621
511 606
509 598
507 590
501 561
503 533
508 520
