10000 10000
7653 7654
8261 8262
7273 7276
2744 2749
8162 8167
6928 6934
1162 1164
5907 5908
2657 2662
20 31
1766 1773
4594 4606
8228 8232
2326 2331
2258 2271
4268 4285
4260 4277
1032 1052
4106 4127
5345 5369
2790 2812
5935 5940
9162 9174
4229 4250
7438 7470
541 573
6158 6188
3607 3637
1666 1697
158 186
8768 8804
7880 7918
95 121
5270 5297
1416 1445
1680 1726
3994 4021
6025 6073
8325 8373
9308 9325
1877 1892
9025 9075
4421 4470
8646 8690
7386 7406
2392 2412
6803 6822
4302 4344
390 432
7567 7609
278 289
3743 3752
4947 4971
5460 5484
4300 4343
6731 6768
7434 7478
6616 6629
2649 2660
5124 5177
3550 3552
2059 2101
1293 1331
2308 2363
7597 7661
3349 3408
911 967
6551 6623
5181 5239
2310 2381
4996 5064
9913 9972
7053 7104
5556 5626
7709 7763
8713 8775
7358 7408
3352 3414
7960 8023
5891 5971
6159 6239
9532 9581
6941 6991
1695 1741
9144 9195
9243 9295
3261 3305
7812 7889
9746 9797
9519 9589
5805 5879
2072 2114
2468 2553
7329 7420
2185 2280
6334 6364
562 593
2704 2804
5174 5203
9217 9319
3866 3965
4742 4847
6032 6138
1549 1635
4025 4055
8614 8661
8972 9087
7457 7509
3348 3425
2829 2936
2572 2676
6826 6866
5019 5089
4654 4782
4145 4272
8281 8408
7427 7553
6926 7052
6269 6398
4396 4527
2398 2522
8799 8922
2939 3069
2151 2287
1818 1942
4191 4306
7485 7603
3116 3234
5911 6023
7202 7346
9293 9437
4407 4517
7993 8106
4959 5067
7210 7356
6518 6624
4914 5028
9808 9927
8793 8896
1341 1444
5739 5873
5640 5778
2924 3063
47 180
6166 6280
3887 4017
3622 3769
9266 9363
5647 5806
612 710
5392 5556
2348 2440
5502 5595
9005 9098
1576 1679
778 930
4866 5034
3391 3479
2423 2527
6993 7160
1123 1226
7953 8123
3689 3783
7006 7152
8208 8383
9835 9924
1836 1923
611 723
890 968
7168 7346
613 727
6923 7096
8470 8610
2104 2189
3441 3524
4393 4511
5233 5318
9766 9886
5192 5361
6698 6803
383 454
5182 5250
9575 9690
9252 9370
5987 6051
1041 1233
1634 1697
5891 6080
4415 4603
3616 3813
5698 5767
893 954
6164 6366
5638 5837
6739 6815
3961 4020
3602 3804
3932 3986
836 906
6473 6535
9286 9353
3625 3833
9832 9912
9570 9651
628 677
635 681
7763 7815
59 239
2594 2804
3339 3548
1401 1441
6244 6332
7197 7364
9332 9390
58 224
3374 3570
6459 6631
9544 9640
3966 3998
7182 7407
8508 8670
6417 6643
2665 2698
7253 7347
2619 2780
7020 7051
2567 2784
3908 4013
4702 4791
3358 3572
7229 7382
7178 7398
4888 5109
5442 5548
7973 8139
3860 4091
2666 2693
1132 1180
8498 8642
2160 2179
7289 7309
4139 4318
6682 6893
6003 6024
3419 3495
5176 5316
2076 2272
3931 4006
5226 5268
8019 8108
3075 3330
1244 1503
1696 1956
6810 7070
3649 3908
8847 9098
6717 6968
70 320
5161 5423
7885 8139
2736 2998
6186 6445
2211 2475
3138 3402
6340 6605
1174 1436
1135 1378
8369 8639
2194 2433
6335 6572
23 259
6276 6544
5201 5447
8374 8609
2116 2387
8829 9061
4204 4471
4608 4892
3138 3422
4779 5045
8854 9097
1657 1894
8224 8448
7743 7967
5642 5930
1759 2042
7703 7985
9266 9496
2639 2916
4682 4966
1711 1921
3744 3982
3156 3451
5340 5619
7421 7629
8406 8677
6832 7043
4113 4388
5206 5473
7359 7558
5344 5593
7913 8146
2764 3056
4752 5037
1546 1847
3624 3862
5679 5905
9373 9693
6787 7107
27 347
3185 3378
6714 7026
5123 5451
8906 9090
6222 6407
3613 3927
8862 9172
2801 3002
5671 5995
5641 5958
7204 7540
8715 9051
8727 9030
35 369
8867 9201
5632 5971
6784 7123
4265 4605
9339 9517
728 911
5200 5384
3830 4012
591 789
3723 4049
2219 2544
6164 6472
3749 4088
4124 4419
3680 3903
6693 6980
7328 7617
2797 2959
4812 5038
6260 6423
12 367
7291 7455
5764 6112
6175 6523
5705 5932
6200 6493
2067 2420
1048 1407
1212 1493
4692 4920
192 429
9306 9527
577 815
5308 5587
2256 2465
1582 1887
5865 6044
7193 7532
6891 7069
691 970
8932 9117
2814 2949
6271 6404
4349 4481
7324 7648
2788 2969
7206 7515
5193 5428
566 840
4780 5074
6283 6645
2118 2360
8898 9149
6886 7014
9229 9613
9285 9668
5651 6039
1591 1970
1683 1814
4610 5003
5740 6112
6774 7160
182 313
8830 9198
1125 1525
1665 1811
7704 8076
2808 2925
1739 1886
8790 9152
1076 1442
4630 5007
6279 6430
7258 7619
8322 8472
3714 3864
7242 7632
7865 7971
3792 3915
3721 3858
4789 4905
7749 8152
1258 1399
4196 4544
667 831
8395 8558
8919 9074
1239 1394
1733 1891
142 296
1620 2035
5303 5406
1714 1817
7775 8173
6264 6602
5152 5522
223 364
8206 8634
3112 3485
8351 8489
1665 1848
5703 6142
2050 2491
5664 6043
7929 8002
8305 8650
2098 2446
4631 5035
3108 3481
6807 6954
1554 1967
5883 5957
1039 1456
5269 5418
7285 7605
582 900
7418 7480
1091 1408
1682 1873
8415 8474
7836 8026
4783 4969
1106 1434
5280 5480
4776 4961
4339 4409
8334 8517
7852 8032
3617 4076
7766 8091
7799 8121
7700 8155
7927 7975
5238 5542
3684 4022
7863 8037
6397 6441
8757 9185
1219 1302
7245 7576
7859 8036
3124 3564
5349 5437
8363 8562
8213 8652
9340 9637
2654 2948
694 877
1036 1489
6735 7057
1077 1514
4263 4472
7290 7576
5140 5623
254 285
9330 9620
3200 3430
8403 8500
8897 9003
110 387
2182 2408
8863 9072
6190 6593
8424 8473
3822 3868
9314 9616
7750 8114
5366 5379
7907 7957
4634 5101
543 998
4291 4410
8249 8645
9383 9563
9969 9997
8408 8485
100 410
3199 3457
7264 7583
7196 7651
4399 4911
5137 5651
3458 3969
136 651
5581 6089
8351 8858
9439 9945
2534 3053
3400 3909
6285 6787
6500 7019
6436 6964
5232 5729
2297 2795
1357 1887
7484 7976
3079 3601
6635 7164
1061 1596
1412 1949
3306 3825
9471 9956
6314 6838
4549 5080
5188 5722
243 749
7516 8002
86 630
1134 1614
193 737
5139 5683
8518 9062
6574 7055
2287 2765
8608 9091
7598 8074
3 553
5274 5814
5467 6007
1097 1637
3489 3980
5443 5996
135 695
1025 1585
377 843
9297 9826
1281 1845
3454 3915
1496 2029
6480 7014
3289 3809
6518 6991
8462 9015
3423 3942
6467 7034
8660 9198
6277 6846
9250 9753
406 939
3186 3660
1408 1982
3531 3978
9406 9983
7639 8085
3263 3834
5438 6011
7405 7851
3384 3967
8299 8739
7392 7850
8387 8841
2508 2950
6225 6685
1349 1801
1453 2019
8575 9009
4486 5065
7663 8126
2533 2996
145 706
4266 4857
7644 8072
5569 6036
6581 7139
1474 1941
297 894
9271 9839
8414 8839
9262 9847
1165 1748
5359 5808
8204 8813
4568 5049
4490 5097
6219 6696
1446 1989
8597 9201
2099 2647
4383 4987
9350 9955
5312 5798
1337 1872
5324 5798
2324 2943
7214 7746
6456 6996
5459 5950
6390 6808
1469 2003
3304 3719
2184 2791
6519 6919
8438 8836
8270 8765
9342 9738
11 637
7473 8007
8283 8749
2251 2738
7617 8120
3582 3972
7467 8017
6418 7017
248 643
1040 1644
5445 5944
7260 7902
2551 2933
9458 9841
418 806
7271 7905
5284 5666
8345 8735
8225 8871
7320 7696
7522 8171
8469 9119
2082 2729
1355 1991
2171 2807
6633 7013
6266 6902
8201 8836
433 828
3184 3838
9361 9728
4458 5112
6412 7065
4346 4716
3505 3879
3489 3894
3546 3917
3158 3787
4341 4714
2150 2809
4121 4793
1295 1967
6236 6909
3258 3608
9337 9946
482 838
3178 3790
78 746
1502 1915
2523 2940
1488 1911
3445 4060
9643 9985
8372 8729
8611 8979
6455 7047
171 538
1387 2009
9384 9754
5532 5935
7377 7780
3567 3929
1216 1655
3577 3904
6580 6922
1121 1759
2524 2915
5518 5937
1334 2034
8474 9182
1031 1731
9239 9938
1402 1981
3373 4074
8304 8887
6609 6936
4187 4759
3511 3962
349 912
9376 9840
9691 9994
7402 7739
3530 3864
5542 6003
2439 2898
9463 9761
9232 9928
4173 4756
9444 9790
1525 1839
341 905
7330 7805
6291 6771
1300 2037
1099 1705
6452 7127
7223 7892
510 795
4591 4874
2053 2787
2322 3061
5261 5732
3522 3880
8214 8957
7378 7740
5482 6021
2345 3033
1397 1924
1498 1832
5554 5953
8675 8976
7442 8164
100 658
8227 8923
6166 6895
2546 2827
9320 9874
8539 9120
3387 4032
9255 9947
1468 1857
1236 1577
5 760
7221 7883
8647 9017
4426 5045
9480 9737
2303 3070
7279 8045
5194 5960
4216 4986
2480 2739
1292 1551
8501 8754
412 667
287 534
8478 8727
1331 1593
511 755
2374 2635
124 881
9487 9729
7496 7750
1348 1611
152 919
1520 1760
2164 2917
4582 4852
476 719
8386 9169
5294 6075
7616 7894
3221 3981
2173 2917
3095 3854
2436 2718
1164 1942
4604 4832
1096 1876
7378 8142
2274 3070
8426 9207
1400 1637
4211 4973
2385 2638
2123 2900
8538 8826
5185 5985
5456 5744
4290 5091
9538 9824
8340 9136
4215 4946
7531 7757
8651 8940
4570 4850
466 762
7538 7770
8604 8884
6314 7040
3568 3802
464 763
9722 9943
7493 7784
7546 7767
3239 3978
5452 5729
3449 3668
3245 3970
48 768
9589 9796
2378 2683
9695 9966
1472 1779
6604 6904
8608 8852
1234 2022
5334 6113
23 800
1231 2040
346 611
286 551
8577 8891
2531 2777
7365 8191
4108 4912
6179 6942
8253 8963
6156 6989
4294 4997
1157 1990
8565 8752
7436 7754
5240 5950
1373 1562
8613 8941
6232 6931
8512 8716
9604 9929
8298 8999
6298 7125
5450 5658
2555 2730
1338 1640
1245 1935
2170 2863
6216 6941
502 675
3190 3875
6264 6959
3211 4051
8498 8810
3477 3788
7344 8173
289 636
3440 3630
2553 2713
8537 8761
7189 8053
2492 2782
277 630
5155 5959
2220 3012
8296 8962
6267 6934
8308 8985
3525 3752
8345 9204
3274 4004
5395 5733
2298 2945
7301 8185
6591 6850
259 638
7188 8041
2080 2910
3399 3641
3169 3871
1075 1971
5347 5986
272 657
2304 2690
1056 1955
2196 2839
5371 6015
1246 1883
6487 6864
4372 4755
4271 4903
1358 1735
3266 3913
6330 6961
157 787
4435 4803
7245 8156
2526 2636
6547 6657
4353 4757
5605 5747
4240 4871
1357 1754
371 747
9644 9783
3259 3872
7275 8176
4096 5020
7212 8113
7 922
4550 4696
9617 9743
3418 3781
2187 2836
9546 9962
6440 6796
115 983
1358 1766
7175 8110
6416 6842
8525 8935
4424 4836
8586 8742
2247 2923
5311 5906
7497 7908
8651 8805
198 872
4576 4688
3423 3823
3469 3644
374 709
406 544
7491 7925
1442 1562
7423 8005
7187 8111
1440 1565
3523 3710
5392 5807
122 965
6451 6899
7550 7871
5469 5788
3264 3842
4237 4937
2089 3053
4588 4649
8538 8860
5271 5968
6513 6841
1053 2005
2311 2766
8482 8936
8506 8944
6558 6741
2539 2592
6524 6839
7240 8071
4305 4865
8359 9078
2387 2689
4393 4858
103 946
98 951
1212 1893
2188 2902
398 594
2166 2986
2193 2892
496 559
2156 2995
3562 3594
5375 5918
5576 5675
8523 8879
8694 8720
235 780
6227 7099
8479 8950
94 948
3296 3852
5214 6066
5488 5788
5296 5982
2474 2628
4510 4720
4357 4853
8658 8736
8521 8892
6344 6974
1281 1782
252 772
1317 1757
5194 6067
237 791
1180 1888
5629 5635
486 537
4676 5700
6511 7532
6611 7638
2205 3227
2485 3517
949 1983
2575 3587
6560 7597
6490 7508
4715 5732
6191 7231
2534 3574
4182 5191
8607 9612
8640 9685
248 1262
4112 5127
4462 5494
2330 3331
944 1965
216 1222
2866 3884
6878 7873
62 1054
4782 5774
7044 8103
2195 3255
6690 7686
2218 3215
5073 6132
2293 3280
4834 5828
6888 7887
6862 7910
2937 3920
8547 9545
652 1696
6699 7684
204 1251
8349 9388
4541 5516
6702 7708
9015 9989
6405 7479
890 1870
825 1805
256 1333
6782 7752
4846 5848
477 1514
6847 7816
226 1242
4765 5796
920 1953
9016 9986
6713 7682
4848 5836
8291 9310
8815 9808
2275 3235
6290 7376
8806 9764
8271 9228
8580 9671
6906 7868
350 1304
132 1228
7092 8189
8216 9299
8864 9964
8839 9939
24 1101
7049 8158
8740 9853
4821 5775
8417 9403
28 1095
4567 5512
8806 9785
8459 9579
616 1544
483 1410
4283 5337
229 1159
6383 7308
2130 3126
8618 9678
8397 9385
750 1675
4556 5545
635 1554
999 1932
4107 5223
8482 9551
2482 3551
8526 9507
8637 9683
612 1547
718 1726
6907 7818
2590 3692
4274 5319
4372 5473
6151 7282
5039 6104
7005 7972
8709 9855
228 1182
8697 9603
8563 9480
8821 9738
1014 1910
607 1758
4414 5564
8288 9442
2117 3270
127 1275
7003 8156
990 1878
7046 7950
2273 3176
8594 9497
738 1646
6695 7850
7140 8042
6698 7866
6545 7424
7116 8029
8750 9919
902 1812
2957 3870
2962 3845
4366 5526
6715 7840
6596 7512
959 1826
8251 9380
2098 3218
1007 1871
116 1237
3044 3911
217 1148
2734 3592
797 1979
2197 3122
4244 5180
6415 7591
175 1030
401 1339
4512 5386
8751 9861
2291 3161
764 1622
2885 4075
2309 3498
4708 5844
5086 5998
6750 7919
8285 9452
2760 3707
4121 5293
2764 3705
6377 7249
798 1958
420 1308
4965 6108
2167 3278
444 1287
670 1573
2224 3084
8353 9244
2940 4035
8496 9615
6305 7265
862 1950
8207 9422
1010 1840
148 1104
2716 3673
8912 9750
6154 7372
4359 5582
4479 5558
7100 8054
5040 6012
2691 3662
4157 5360
4785 5728
647 1621
8428 9279
7060 8007
8401 9221
8471 9666
351 1418
31 1226
899 1877
4638 5833
2339 3578
6872 7681
2975 3910
811 2038
2095 3312
70 1190
327 1447
238 1039
7106 7971
2338 3520
841 1963
4582 5381
6843 7774
6239 7352
8873 9793
4139 5317
6859 7717
2892 4003
7138 7949
4114 5347
710 1589
6312 7259
20 1255
455 1330
2289 3076
4600 5389
198 1072
471 1327
261 1535
360 1426
4234 5232
6206 7365
4971 6038
2440 3445
40 1238
2273 3103
6419 7187
478 1247
2817 3584
7060 7830
2090 3368
653 1929
2162 3444
6199 7484
2625 3916
687 1954
8527 9282
6325 7610
185 1451
6898 8166
568 1837
4749 6043
6868 8130
2347 3133
880 1638
4488 5279
4821 6092
8465 9226
415 1156
2758 4059
8695 9450
4706 5954
2139 3450
2328 3130
4545 5346
47 1291
8745 9996
5061 5859
2712 4031
6414 7209
6539 7340
5079 5872
2772 4092
6860 8166
2588 3895
2176 3501
4844 6081
2683 3925
4272 5534
6630 7368
631 1881
4514 5266
2278 3542
8440 9672
2380 3196
2890 3704
2316 3134
73 1402
2270 3565
688 1925
2571 3900
22 1326
6251 7507
6802 8105
6366 7650
2073 3364
28 1313
2395 3174
383 1090
4206 5456
436 1162
6177 7454
6473 7177
8402 9619
6677 8022
2976 3811
2742 4082
3035 3742
9048 9757
8684 9386
4146 5493
6435 7275
385 1225
873 1571
3060 3774
9010 9848
9032 9731
1008 1723
2617 3954
63 1395
2815 4018
2838 3675
6818 8172
4922 5748
4877 5698
1019 1707
2050 3410
3049 3768
2602 3963
4192 5425
4562 5251
3001 3819
2934 3620
3042 3761
528 1860
2609 3948
2496 3229
807 1656
389 1252
4350 5535
2249 3498
2796 3973
664 2033
284 1141
394 1249
2459 3312
2104 3412
7148 7809
4163 5422
6798 8163
820 1625
8489 9287
6817 8143
2199 3576
4290 5549
9050 9771
802 1617
2272 3476
4311 5536
8685 9365
252 1413
456 1201
119 1294
33 1371
7155 7817
2612 3918
6834 7987
6349 7503
2229 3383
8348 9503
2882 3782
2899 3798
4132 5538
8698 9341
8995 9892
915 1563
2748 3892
2656 4073
2383 3268
2202 3350
4555 5189
196 1354
992 1647
8860 9999
314 1193
8461 9369
6201 7596
2168 3566
4150 5537
800 1720
2719 3846
4192 5625
6624 7290
6246 7676
2448 3082
627 2024
256 1179
8521 9428
895 1761
2370 3292
4114 5517
4609 6049
2616 3993
6259 7634
4730 6110
6315 7439
8328 9517
6477 7403
7150 7753
4383 5302
5078 5756
2279 3404
8341 9528
4873 5799
2789 3914
2488 3080
4621 6076
4642 6035
4913 5763
2675 4038
8619 9246
2384 3301
4933 5875
8280 9711
6933 7853
6244 7645
7085 7703
6198 7564
4123 5536
2366 3202
591 2035
2318 3248
4597 5173
6676 8150
6323 7543
3005 3704
4461 5291
6955 7916
6762 8109
8649 9217
8522 9347
2057 3520
2151 3502
2286 3364
2532 3118
2558 3125
3046 3626
6200 7669
362 1188
6905 7990
2624 3984
4653 6140
928 1649
6976 7825
629 1959
4868 5846
200 1306
8287 9612
2568 4061
4243 5444
4692 6029
6583 7278
8310 9645
2944 3675
246 1322
2870 3819
8686 9267
6661 8155
2573 4051
8505 9433
6438 7367
963 1568
4985 5789
6284 7528
6235 7615
746 1807
4820 5938
584 1966
2629 4002
9042 9909
4348 5396
206 1316
896 1642
4958 5813
4461 5248
9148 9809
359 1174
4520 5210
1018 1544
1014 1540
219 1320
2970 3694
2770 3877
2530 3098
2824 3826
4496 5227
5051 5696
4120 5604
45 1489
2610 4047
473 1062
568 1080
8935 9445
4238 5772
379 1912
2583 3092
4611 5120
4882 5402
4217 5745
6579 8122
4581 6126
2223 3748
6163 7704
4691 5215
2841 3336
2671 3198
2484 4005
971 1498
279 1798
7050 7579
4166 5717
6940 7435
8746 9277
2417 3942
3004 3492
2557 4068
2084 3645
6678 7180
4228 5784
4978 5487
8438 9942
856 1400
4952 5496
2823 3366
2499 4066
6432 7940
8326 9889
4593 6102
421 1933
4335 5830
4318 5879
4527 6022
841 1376
4659 5145
6345 7906
9110 9658
381 1873
2545 4060
7097 7575
7058 7612
617 1095
4188 5746
4979 5468
2902 3449
2929 3393
6216 7800
2128 3682
6184 7709
245 1728
7156 7618
821 1283
6943 7465
8719 9272
8320 9914
2952 3507
6549 8105
957 1409
712 1161
409 2008
4228 5829
396 1998
2185 3786
4460 5929
6392 7869
2780 3220
2121 3585
8355 9963
893 1332
6645 8127
7107 7561
8763 9329
2882 3342
9102 9667
4523 6118
8225 9836
6703 7265
663 1223
970 1435
6226 7683
6775 7206
6820 7413
4705 5171
8258 9745
2489 4079
4329 5809
2947 3547
8316 9764
6863 7318
9000 9586
7127 7563
8222 9794
2875 3431
6974 7520
673 1216
8990 9596
2058 3688
107 1550
267 1900
203 1703
937 1477
4881 5500
4132 5706
2394 3893
4193 5649
7149 7581
6903 7299
8218 9838
2216 3806
2655 3112
8392 9904
2712 3297
4892 5477
585 1074
159 1764
8910 9395
437 1992
4280 5831
450 1859
4759 5141
6909 7295
6601 8011
6176 7843
379 2046
2599 3234
6365 7771
642 1029
4853 5234
5029 5421
4131 5802
590 1218
75 1733
2759 3144
4622 5249
963 1363
863 1486
4371 6017
233 1661
77 1755
6897 7270
4732 5344
90 1734
4735 5346
8236 9907
8957 9314
8833 9248
6308 7685
2723 3074
437 1812
6968 7578
8352 9732
8942 9288
4665 5279
6724 7394
2579 3259
2685 3281
7006 7666
8945 9311
404 1828
4918 5510
2872 3466
6700 7326
4267 5662
4529 5895
4725 5315
4779 5148
4558 6006
1020 1349
8758 9359
923 1314
957 1284
4437 6126
7033 7621
7035 7623
2830 3507
2911 3553
2751 3072
8846 9295
8982 9684
6519 8117
713 1034
6513 8116
817 1526
4964 5539
2628 3212
6361 7697
6181 7916
434 1915
2495 3957
6874 7191
2930 3519
8857 9300
159 1616
9088 9551
2364 4077
2497 3859
2981 3447
4610 5328
547 1265
408 1867
4171 5791
4369 6085
8908 9240
8318 9898
4932 5522
337 1926
532 1228
2708 3148
3015 3359
764 1060
6664 7377
2305 4059
6584 8035
8959 9252
8347 9799
2325 4041
8737 9410
8936 9227
8302 9869
7091 7511
8278 9905
6722 7338
257 2025
2566 3311
4326 5644
6710 7389
4801 5162
4287 5715
8889 9301
2243 3629
43 1732
6529 8049
6858 7227
8701 9998
2161 3717
8 1790
8927 9256
2713 3182
2210 3674
6561 8025
6917 7676
8824 9345
958 1348
913 1387
2501 3902
2634 3249
3025 3375
368 1935
4331 6123
8717 9485
1007 1262
2205 3996
8657 9936
4224 6018
6353 8147
176 1973
4684 5450
4804 5571
392 1664
4161 5961
6350 8132
4593 5882
6487 7751
4948 5190
467 1729
9156 9431
2899 3141
4887 5120
2107 3874
9107 9356
3039 3323
6374 8130
674 1414
2585 3388
6230 8048
6565 7810
2840 3123
8711 9515
8486 9739
4390 5641
4575 5871
8783 9599
8831 9549
7019 7257
4357 5687
506 1742
288 1557
719 1527
974 1271
4207 5973
9018 9216
779 1073
4304 6123
2852 3103
2112 3964
2433 3775
2222 3984
6937 7207
6911 7616
2420 3659
2382 3697
6678 7510
8853 9684
6834 7664
1005 1198
5016 5339
325 1542
4609 5445
7023 7208
8942 9639
2896 3097
8771 9481
6750 7444
4565 5790
4998 5322
4879 5185
276 1600
4838 5554
8909 9627
682 1532
4130 6005
4711 5438
212 1934
6708 7535
8944 9646
8672 9919
6538 7914
4460 5645
2803 3474
2137 3896
565 1364
6951 7237
2651 3384
4489 5869
805 1088
4526 5833
2430 3609
8571 9747
2102 3932
6578 7900
2620 3410
2284 3971
2691 3564
108 1820
8901 9652
9047 9253
2397 3630
701 1480
6542 7928
6223 7993
6237 7973
4238 6134
271 1653
4937 5170
4972 5143
2129 3882
824 1092
8561 9740
5033 5332
6203 8004
987 1113
463 1613
306 1713
465 1618
2728 3371
4565 5712
6494 7899
2504 3662
9026 9413
8663 9823
6321 7992
3024 3162
8897 9547
7028 7422
993 1132
6201 8119
6491 7883
4487 5655
4837 5493
6170 8075
9047 9414
2813 3432
6690 7607
3026 3140
9059 9461
2865 3238
4148 6061
4160 6105
194 1880
8554 9975
2939 3302
6754 7677
6985 7401
310 1687
771 1186
4144 6037
4380 5818
6712 7568
833 1257
2915 3274
4623 5541
8457 9891
8844 9504
9122 9230
680 1285
2622 3472
8465 9918
4638 5550
8452 9910
9165 9343
6215 8181
6402 7857
2478 3611
7137 7255
255 1865
5023 5160
6944 7323
3048 3155
998 1115
4824 5478
411 1573
3061 3146
6668 7630
723 1303
231 1826
6355 7963
304 1784
4794 5488
4470 5821
2348 3815
4778 5476
6247 8104
9160 9242
5090 5174
4447 5770
579 1429
3065 3119
2971 3149
132 1884
8856 9539
8543 9859
2131 3980
4455 5816
7066 7237
6313 8013
982 1074
2337 3781
4440 5821
8947 9493
8795 9660
7084 7243
7102 7254
8552 9857
8978 9467
66 1961
2855 3275
519 1513
4926 5328
4256 5967
6555 7786
2145 3987
9069 9368
9014 9411
6333 8011
6637 7706
4694 5551
8467 9962
4423 5819
2529 3612
2101 4040
273 1775
264 1783
4615 6663
5179 7226
4743 6788
5172 7217
4322 6373
74 2125
5341 7386
6054 8097
184 2239
5374 7412
1632 3691
275 2334
5923 7982
2020 4074
5937 7969
730 2763
4777 6842
1512 3579
4384 6452
952 2989
66 2138
4169 6224
4729 6755
773 2847
266 2321
5881 7906
4618 6676
4174 6252
236 2248
1604 3681
4991 7000
4840 6863
5686 7697
797 2869
1081 3091
984 3058
1278 3282
743 2762
1661 3661
5271 7335
239 2270
5116 7118
84 2150
4569 6637
4566 6626
5615 7642
1716 3715
1117 3178
1570 3610
593 2664
4772 6814
161 2207
1560 3623
618 2603
1175 3285
5992 7978
5440 7427
1210 3321
1571 3687
4936 6924
496 2485
4992 7109
6005 7987
725 2707
712 2688
690 2810
1058 3179
5832 7810
5270 7388
4321 6315
171 2279
4536 6646
621 2620
4287 6381
1999 3997
1932 4062
6056 8186
5516 7647
1159 3283
1922 4055
4788 6883
773 2898
4160 6169
571 2657
6059 8176
6000 7981
4607 6560
4747 6889
5863 7812
5300 7383
1669 3809
1663 3611
4345 6300
780 2922
6008 7952
4165 6188
1035 3169
4896 6987
4849 6810
5140 7288
5674 7749
5588 7588
523 2681
5887 7820
5198 7229
6014 7939
79 2254
898 2816
4450 6630
4578 6503
6093 8010
6034 7962
5094 7023
1278 3191
57 2226
4275 6205
1948 3859
5159 7336
1081 3240
696 2601
4179 6343
4761 6669
4241 6149
4671 6825
68 2268
935 2879
1194 3123
4270 6196
4724 6895
5560 7459
222 2117
1864 4052
4767 6657
5476 7620
5610 7498
4254 6202
520 2732
5268 7217
5657 7870
5863 7744
825 2961
542 2737
6075 7956
1468 3340
1009 2880
1690 3627
4993 6960
4655 6813
1047 3237
1698 3600
6119 8020
426 2332
903 2865
1317 3485
5084 7009
546 2786
202 2059
4440 6554
4249 6234
5975 8083
1767 3618
5262 7241
6111 7959
4429 6533
384 2379
5115 6964
370 2493
851 2972
1062 3318
4878 7134
4278 6246
5225 7352
1020 2861
4819 6658
1519 3389
189 2159
4882 7110
5219 7348
1535 3366
1753 3584
976 2826
140 2135
5142 7370
1488 3341
6140 7964
4869 7141
4203 6282
5621 7441
461 2344
4312 6192
1368 3505
798 3060
4573 6454
4177 6333
14 2274
1300 3577
732 2610
1802 4069
5444 7604
87 2214
4832 6674
2022 3860
4767 6764
4733 6793
290 2519
5122 7415
4363 6652
1735 3647
5410 7643
5472 7578
651 2678
5151 7393
135 2169
1433 3224
4668 6975
4316 6618
5365 7667
4738 7045
4496 6295
787 2580
5573 7362
4884 6684
5147 7441
965 2761
1139 3455
950 2746
242 2559
4934 6731
5331 7645
4760 7063
6 2313
1801 3609
5465 7240
42 2363
5601 7410
4550 6352
4335 6649
5237 7533
4578 6394
740 3069
61 2343
4252 6534
1671 3997
540 2816
469 2248
955 2726
4592 6352
4379 6203
1063 3329
5642 7980
1945 3760
1677 4007
4368 6204
5634 7982
1063 3337
1345 3183
558 2846
5383 7222
116 2374
1687 4005
1243 3560
6092 7935
1855 3595
1133 3416
4151 6401
5327 7672
992 2775
5325 7674
5736 8016
4884 6703
1227 3575
555 2839
5466 7270
1383 3163
4285 6531
869 2596
4797 7167
4107 6479
107 2351
5969 7701
1499 3231
5246 7483
1209 3569
4182 6430
823 2686
769 2635
1369 3090
5780 8159
5429 7289
53 2425
1266 3516
5455 7195
4117 6479
4876 6736
80 2316
2009 3716
1740 3986
907 2794
1561 3962
4881 6772
5871 8073
5103 6790
4529 6363
1854 3668
4867 6767
4558 6307
403 2275
1765 3988
299 2137
5241 7436
5369 7564
734 2984
4954 6701
1527 3215
1237 3501
5987 7706
4729 6915
416 2267
312 2118
4252 6429
5218 7651
5761 7941
1029 3456
686 2857
1803 3715
1421 3077
540 2966
4935 6859
5988 7913
5837 8003
4693 7130
680 2872
498 2147
1172 3334
5195 7641
1787 3950
5508 7186
5003 6684
1673 3857
5927 7867
5338 7495
6142 7779
5398 7350
1523 3153
5260 7464
221 2425
5121 7588
4442 6387
4334 6468
2015 3700
5793 7948
5753 8150
884 2779
4867 6828
4142 6529
1002 2650
646 2870
5433 7305
4200 6617
297 2200
1361 3299
1904 3778
263 2226
5825 8057
5659 8096
6101 7790
1603 4095
4533 6152
5511 7225
4902 6809
1158 3385
4592 6197
1393 3257
4620 7108
1639 4015
4513 6248
5134 7620
4700 7056
5253 7499
5898 7877
6079 7792
4392 6393
748 2877
1405 3244
1458 3168
5961 7835
504 2091
608 2996
272 2244
1318 3315
1478 3089
5393 7371
4128 6650
4990 6819
5351 7431
4678 7078
1239 3381
1853 3807
1753 3899
5505 7269
5572 7201
953 2640
361 2179
1617 4029
973 2593
5037 6721
4498 6271
283 2292
6103 7736
5609 7192
4992 6769
548 3036
4614 7162
4722 7055
4617 7158
1989 3642
5163 7636
5810 7347
443 3002
1473 4034
5608 8171
960 2500
1528 4092
871 2400
5393 7961
5792 7336
1401 3955
5769 7298
1756 3287
5875 7416
1055 3603
1703 3242
994 2540
861 2386
545 2097
4172 6748
4 2581
650 2203
840 2394
4776 6332
1042 3591
5874 7399
5607 8178
1224 3806
1874 3396
1248 3831
5062 6623
5184 7772
435 2991
4599 7146
348 2883
1914 3429
5604 8133
5509 8102
4711 6210
910 2472
763 2257
877 2375
528 2110
1342 3857
1744 3327
692 2180
4185 6760
112 2626
5318 7925
4410 6924
4792 6287
923 2476
1663 3142
5814 7308
4444 7008
5460 8043
972 2444
1592 3193
4653 6254
6045 7643
1785 3262
599 2064
1951 3542
204 2694
1360 3866
1560 3157
1001 2470
5437 8050
936 2552
4816 6274
1181 3785
1263 3770
1993 3487
518 2142
4899 6522
1771 3249
4769 6396
5495 7978
4135 6777
4891 6522
5205 7735
4343 6804
4663 6228
5092 6528
5306 7903
5648 7286
4721 6171
4556 7078
250 2710
1669 3307
839 2345
5715 7203
576 2096
5332 7847
5221 7696
5670 7248
1414 4080
4938 6450
5095 6559
4751 6391
5555 8138
1437 4068
695 2253
4698 6177
478 2979
5643 7285
44 2642
1208 3782
508 2946
4657 6222
145 2798
4145 6835
4407 7090
4906 6575
6041 7452
1533 3960
1501 3931
4631 6288
5780 7196
4246 6687
4244 6685
247 2685
5761 7179
500 2938
6095 7519
814 2493
5954 7633
5290 7742
452 2896
552 2236
1986 3415
1252 3697
776 2462
4790 6190
4218 6882
806 2495
5751 7406
1233 3658
1926 3352
1668 3110
4098 6817
5895 7586
575 2201
1660 3286
1984 3434
1524 3934
509 2897
1936 3389
436 2842
1871 3552
1187 3596
4579 6988
5579 8057
5826 7280
5791 7211
1769 3165
5216 7892
4172 6905
5200 7910
5076 6508
4408 7041
4672 6393
5159 7837
1751 3180
1105 3821
6114 7518
769 2499
1101 3727
4909 6639
4491 6984
421 2913
4251 6751
5441 8070
5370 7730
315 3057
4495 6980
1643 3232
5943 7675
1200 3709
5678 7392
5491 8124
4225 6738
6051 7536
765 2088
5263 7767
1896 3504
4388 7166
4369 7115
733 2054
1538 3295
4753 6220
4441 7047
5678 7374
4590 6925
1694 3197
4579 6919
530 2294
4155 6878
4667 6365
4176 6844
4941 6562
5359 7680
444 2894
270 3066
497 2821
5648 7397
5749 7311
996 2335
262 3066
5972 7593
356 2970
460 2766
4130 6945
5314 8134
4743 6530
1389 3690
4367 6662
4542 6836
1601 3403
4453 6767
5310 8112
329 2653
1396 3680
4817 6599
4806 6622
5840 7627
739 2552
744 2547
6070 7341
4508 6785
1017 2276
1453 3725
5230 8015
1116 3961
351 2681
895 2134
4677 6510
1815 3131
1565 3377
790 2106
1740 3553
1910 3163
1576 3355
4404 6656
484 2770
973 2299
5012 6316
1044 3880
4469 6729
5520 7854
5108 6346
831 2175
5704 7432
1416 3785
844 2062
4960 6178
4624 6484
1778 3511
1099 3853
1006 2217
5491 7742
4745 6598
741 2474
1624 3351
1782 3494
4658 6499
422 2805
1295 3676
307 2661
5273 8143
793 2113
688 2536
4493 6868
910 2259
5000 6358
1774 3471
4332 7054
5114 6296
2014 3261
1322 3657
2017 3205
5901 7274
656 2551
5118 6294
945 2264
91 2871
4351 7059
5903 7266
4925 6224
232 2951
5265 8161
921 2283
5088 6293
4504 6881
614 2333
4864 6273
279 2709
691 2359
5976 7390
4744 6414
1944 3102
4125 7066
933 2093
5546 7714
6130 7291
4366 6788
4574 6738
4288 6989
1204 3898
1844 3236
985 2123
4728 6634
980 2119
4254 6922
1586 3493
1555 3466
5718 7626
5266 7951
1312 3712
4928 6369
4169 7144
685 2319
4707 6592
549 2432
6119 7232
394 2605
1197 3841
5530 7734
1000 2116
5221 8137
4286 6930
280 2741
1490 3711
349 2800
151 2873
5287 7944
4401 6785
1248 3922
1480 3708
624 2500
865 2261
6002 7367
5404 7851
329 2801
4177 7145
539 2466
1142 4044
5068 6256
576 2556
1672 3380
5341 8033
5126 8123
1093 4090
5612 7724
1413 3652
5148 8157
4180 7062
1810 3280
5186 8065
703 2427
4671 6650
1366 3742
4908 6372
2030 3111
5807 7524
4187 7056
945 2173
1865 3204
4427 6790
4475 6827
5620 7718
5085 6152
836 2204
1551 3543
4364 6864
5153 8188
4096 7135
5078 6153
1909 3221
5884 7453
5050 6235
5856 7426
5594 7736
4319 6973
1952 3140
1243 3901
5294 8008
1597 3541
5632 7656
5514 7778
888 2192
5915 7410
334 2727
5506 7787
87 3006
1831 3278
5929 7363
5244 8086
1203 3933
4959 6321
5824 7470
4993 6255
4205 7042
5646 7678
1833 3288
636 2447
4327 6932
214 2850
4298 6972
5068 6196
4271 6999
5383 7933
1126 3996
666 2404
5382 6406
5553 6576
5278 6300
338 3408
74 3145
4426 7497
1605 2624
5458 6484
5316 6338
4302 7366
111 3175
5449 6464
4644 7726
5784 6802
5914 6929
4215 7292
55 3131
4783 7842
5267 6274
1264 2277
5305 6319
5941 6956
1987 3032
907 3990
4930 8028
4907 7988
588 3667
6079 7071
4416 7521
5319 6373
1098 2158
5621 6609
1667 2726
1382 2371
5932 6917
1259 2240
708 3817
5528 6582
5029 8087
1969 2947
1711 2716
5175 6146
503 3521
5889 6966
5645 6709
5979 7011
4519 7582
5959 7038
5111 8142
4826 7904
4940 8055
795 3878
908 4017
1744 2799
64 3072
4468 7476
1737 2696
5433 6523
6021 7105
7 3139
1339 2429
388 3533
4898 8041
4980 7999
5074 8095
309 3451
2045 2994
4787 7932
1456 2528
1380 2356
4189 7181
5539 6642
4297 7323
341 3334
481 3509
5094 8114
1969 3047
4232 7376
937 4081
1819 2887
5883 6809
5104 8082
5247 6172
5427 6480
561 3669
4660 7761
613 3586
606 3638
2019 2954
4951 7997
1619 2616
352 3342
1662 2577
131 3315
978 4000
1427 2529
935 4053
565 3655
405 3558
5187 6198
1351 2352
792 3951
1751 2733
5211 6176
4171 7221
470 3496
76 3273
1464 2365
1045 2192
4625 7831
1003 3936
4362 7553
5995 7136
4251 7190
1890 3058
4492 7452
633 3818
5387 6552
4728 7917
39 3248
5128 6289
5955 7130
227 3192
705 3674
4580 7551
1175 2060
559 3763
4140 7344
5917 7040
238 3185
889 4070
5052 7965
5983 7166
1727 2589
4619 7849
4396 7560
4211 7380
105 3265
1297 2488
1043 2234
4917 8094
4633 7861
5540 6408
1595 2710
1040 2237
4818 7807
5023 7984
1427 2339
4102 7350
5799 6679
785 4000
1706 2584
5226 6360
148 3105
846 4088
4590 7513
6074 6914
4531 7433
748 3664
1110 2282
550 3738
1693 2595
815 4079
5600 6434
1944 2907
1768 2604
5249 6213
5352 6189
1474 2314
928 3946
4143 7393
5336 6167
1974 2919
560 3812
6037 6977
4596 7457
1627 2700
5372 6187
557 3831
1352 2451
1241 2053
5136 6349
1336 2535
5085 7938
6107 6971
4551 7462
4682 7848
4144 7379
5777 6770
5187 6311
1158 2147
929 3911
1130 2178
1147 2193
366 3461
4587 7451
1630 2734
1808 3041
1808 3042
407 3428
432 3395
6054 6997
4912 8131
4502 7525
1220 2096
4731 7823
5555 6471
5637 6897
4467 7559
498 3335
892 3977
1572 2771
1037 2298
848 4009
1586 2763
390 3453
6062 6997
97 3230
59 3268
5014 7828
5869 7150
1901 2670
543 3867
139 3470
5343 6618
5134 6411
578 3909
6046 6804
860 3670
1168 2460
5207 6490
2047 2802
4204 7523
754 4066
1053 2319
5005 7838
6136 6894
4273 7590
1024 2328
1147 2401
4996 7832
49 3375
592 3918
4518 7353
672 3968
2017 2752
1922 2720
1011 3793
5793 7042
6026 6825
5790 7098
82 3446
348 3193
582 3936
4420 7277
54 3357
5595 6384
137 3493
5569 6383
1499 2293
2045 2767
526 3901
4944 7780
246 3535
4931 7801
5951 6660
1870 2674
161 3484
6103 6890
1236 2452
507 3258
4924 7806
1380 2086
4637 8031
458 3209
5612 6312
595 3863
362 3116
5235 6453
1938 2778
1345 2056
1178 2515
4894 7765
1540 2888
339 3101
5169 6526
1841 2686
346 3093
4973 7714
4784 8191
604 3852
4188 7437
1609 2843
4915 7776
4980 7713
1023 3754
4334 7608
5771 7123
1321 2160
5880 7075
792 3651
6134 6826
4194 7487
5365 6571
1788 2978
5575 6297
5701 6948
4384 7234
4764 8190
1795 2656
6125 6798
4439 7220
1784 2972
1271 2463
218 3506
5721 6960
4952 7730
1071 2371
724 4024
5165 6465
4294 7606
4430 7228
4666 8014
1270 2435
5020 7915
400 3303
1893 2589
5605 6303
645 4094
218 3494
5039 7726
4101 7559
5243 6648
5405 6299
810 3747
397 3076
5792 6953
5133 6535
4401 7356
503 3192
4157 7602
4103 7574
5047 7717
1806 2714
1985 2644
165 3379
5982 6856
5742 7161
1056 2487
1599 2982
5178 6563
6029 6679
4875 7825
5817 6947
5242 6625
1392 2283
1034 2449
4798 7970
5850 6983
4208 7662
4669 8099
2001 2673
5135 6569
820 3731
5381 6317
1748 2942
5109 7774
5887 6995
567 3995
5999 6849
1120 2512
4165 7670
53 3457
4957 7912
547 3989
5563 6150
1145 2503
4181 7659
4111 7600
5989 6820
4786 8048
5092 7718
1430 2132
1794 2753
5461 6289
197 3328
1768 2861
5923 6884
1963 2668
5667 7147
210 3354
974 3591
5567 6262
4206 7591
5586 6171
4554 7168
1059 2537
5299 6520
425 3173
4265 7524
5446 6283
4391 7400
1718 2937
4242 7489
1215 2412
5461 6272
1710 2936
901 3667
1286 2257
1536 3032
6124 6704
5974 6794
4750 8019
4717 8112
1890 2751
6026 6740
4162 7580
5902 6865
4781 8012
1550 3055
21 3574
5253 6496
102 3456
5826 6948
826 3805
5463 6335
1269 2329
5300 6488
756 3865
1371 2230
4958 7856
5292 6492
1476 2100
5157 6612
4133 7639
5414 6356
932 3665
5762 7031
5015 7777
1529 2062
1960 2642
4616 8179
1245 2336
571 4037
1539 2051
1772 2285
808 3371
98 3684
1137 2678
5603 7147
1127 2669
5026 7592
5763 6286
4753 7327
5755 6249
5033 7613
1333 2849
897 3476
4115 7685
4634 7181
4704 7287
619 3196
1908 2413
4321 7930
1709 2225
5064 7636
554 3124
679 3256
5704 6231
562 3091
519 3109
4224 7842
319 3868
113 3666
1725 2201
4919 7440
283 3900
5277 6837
4931 7530
5171 6680
4414 7952
958 3470
464 4064
5970 6496
4322 7895
4154 7695
88 3695
4554 8178
6053 6557
5640 6193
5143 6700
5355 6871
4278 7819
4836 7387
5237 6709
5591 7063
5017 7641
5218 6691
1386 2856
4385 8037
1966 2537
5712 6169
5144 6737
1838 2404
5492 6975
9 3653
4476 7986
4115 7772
1108 2564
5635 6225
2039 2469
4308 7815
912 3524
5823 6376
6009 6432
4586 8115
5489 6955
4476 7974
1515 2992
4459 7991
5436 7008
5659 6215
5709 6160
1045 2632
4922 7514
5515 7144
826 3420
2002 2490
5846 6334
5953 6442
4807 7340
656 3324
1038 2659
4452 7945
1980 2514
6061 6594
229 3732
4835 7314
4744 7417
5622 7044
146 3814
4466 7942
5535 7146
1678 2296
4860 7300
4837 7324
5028 7646
4899 7519
1662 2303
5975 6612
4217 7930
2023 2403
5786 6175
491 3949
295 4001
4378 8093
5195 6848
6087 6476
574 3250
2040 2409
5633 6290
5321 6746
1381 3062
704 3159
900 3356
5876 6253
1657 2277
5745 6382
4834 7234
4340 7764
4356 8100
5384 7080
5928 6538
4122 7865
1830 2434
1100 2794
2039 2384
1181 2613
1903 2503
5872 6232
834 3561
4491 7995
5132 6845
493 3935
5076 7526
4677 7409
37 3728
979 3428
1288 3007
270 4023
5628 6981
1724 2049
1311 2977
489 3881
1206 2676
63 3837
4978 7601
50 3828
4995 7492
4845 7205
2018 2347
1411 2889
799 3538
4317 7693
1340 3054
6098 6400
1351 2962
4126 7879
984 3330
4581 7999
1616 2189
1472 2848
6059 6475
5532 7038
605 3262
1869 2472
1577 2255
5726 6326
414 3956
1356 2982
5913 6643
5131 6880
869 3465
1076 2778
1138 2717
358 3977
1997 2367
4279 7748
1796 2544
4394 8159
1927 2417
1010 3332
757 3085
1260 2582
1047 2797
5327 6707
1210 2631
4389 7716
750 3563
2001 2262
4939 7235
5422 6694
1789 2549
4911 7207
4438 7773
4625 7453
1421 2689
4210 8062
4709 7529
809 3108
5653 6424
5576 6855
5308 7085
2043 2281
1659 2409
1013 3298
4717 7540
1289 2578
6064 6317
668 3458
4424 7766
1689 2438
1071 2864
4841 7625
408 3769
1041 2864
5458 6774
4963 7242
4419 7785
427 3712
4900 7183
6052 6280
4583 7881
88 3944
4600 7880
4520 7833
1578 2329
472 3821
4502 7843
4274 8069
5499 6723
419 3739
4981 7244
1381 2652
1096 2931
4611 7486
5517 6861
4648 7533
4736 7621
1250 2980
5924 6242
1985 2183
5769 6606
5873 6585
666 3539
253 4022
300 3687
4389 7785
5564 6899
4885 7258
4848 7586
5541 6903
5739 6462
1375 2568
1325 2677
1787 2467
1108 2829
1232 2955
5930 6263
1938 2252
870 3129
5804 6607
1653 2326
733 3518
5714 6449
4726 7442
996 3201
4458 7692
5842 6587
483 3720
4099 8040
2010 2230
5042 7391
1316 2633
4678 7467
947 3266
4109 8060
942 3289
1607 2367
5489 6664
5053 7366
1925 2302
4276 8136
542 3426
5150 7011
4195 7965
4354 7805
65 3902
143 4080
1419 2570
4589 7791
1739 2376
1058 2983
4152 8125
1290 2701
32 4009
1091 3017
5865 6501
1341 2739
1183 2833
291 3762
1154 2833
5048 7212
1246 2888
1557 2445
5853 6469
4295 8030
322 3800
5363 7016
676 3391
5625 6757
1756 2369
847 3310
648 3370
6128 6227
4478 7897
4780 7430
1090 3048
1509 2638
521 3495
1328 2688
5580 6780
4486 7735
1022 3151
4657 7554
208 3939
1762 2391
64 4085
454 3696
4120 8096
5552 6666
5967 6387
1612 2547
1135 2991
1 4033
5663 6621
972 3081
1377 2729
1996 2052
1122 2987
4528 7803
4434 7838
5808 6525
99 4012
5054 7276
490 3640
5558 6756
1899 2233
1503 2572
175 3960
5035 7287
837 3225
1598 2528
1923 2141
1547 2516
5071 7215
5852 6461
745 3336
4191 8125
4986 7320
5081 7226
5681 6610
5061 7200
1431 2673
698 3420
4758 7537
5720 6591
6086 6191
1286 2795
312 3797
5403 6901
916 3194
5847 6456
5747 6556
615 3478
1291 2810
89 4008
5457 6819
5597 6696
4221 8072
1863 2237
5505 6778
1530 2561
4116 8168
5537 6749
922 3175
4727 7561
766 4863
810 4910
770 4870
3311 7403
1788 5881
166 4257
3222 7313
987 5075
1799 5900
3568 7677
3392 7502
3339 7428
3844 7958
328 4442
2145 6259
3446 7522
3545 7628
3483 7566
1200 5285
211 4293
1919 5993
3581 7658
1156 5276
3597 7701
303 4406
3870 7940
260 4376
3310 7408
156 4284
3598 7727
1184 5252
1869 5992
2646 6771
1991 6113
2563 6692
897 5030
681 4737
2928 7001
2111 6165
2668 6726
3245 7297
3673 7784
1375 5486
2973 7087
1301 5414
3898 7950
1674 5822
946 4999
1986 6133
870 4945
3734 7841
3923 8043
72 4209
1347 5497
3571 7624
1602 5759
4046 8179
757 4789
125 4156
993 5024
2152 6186
3229 7391
450 4481
1889 5922
1145 5178
1227 5263
2875 7039
1708 5867
2241 6281
339 4379
506 4535
3559 7593
143 4289
1646 5665
2428 6446
599 4612
2536 6587
2999 7140
3753 7932
3443 7460
343 4367
508 4516
1122 5179
3486 7623
2207 6341
1574 5757
632 4646
2747 6885
3022 7057
3059 7061
926 5112
1914 5906
1139 5147
620 4614
3390 7506
205 4259
830 4945
1107 5180
1273 5257
196 4277
1769 5787
889 4875
475 4521
1426 5601
2074 6255
2340 6482
3513 7630
2480 6599
3678 7716
3510 7629
2518 6569
3716 7931
3195 7418
2034 6000
110 4330
2088 6318
535 4752
2074 6301
1781 5757
866 5099
1473 5451
3413 7647
2974 6932
3360 7595
3011 6990
3838 7795
3789 7747
1359 5599
1747 5697
3073 7314
685 4670
2081 6322
1536 5779
1831 6067
2218 6194
1457 5417
1694 5636
934 4924
3512 7463
2128 6351
2243 6243
3726 7727
3132 7326
1850 6041
3773 7705
405 4400
3645 7832
2662 6848
2637 6890
689 4633
1508 5454
3308 7239
2758 6765
892 5072
2431 6608
285 4524
2266 6248
717 4734
3576 7499
858 5102
3365 7571
2914 7125
149 4141
3251 7283
495 4398
2299 6207
990 4891
2061 6341
3593 7873
1896 6048
3398 7567
788 5087
709 4629
3158 7302
3172 7349
3190 7329
3051 6963
859 4994
865 5048
1391 5557
2002 5896
1205 5230
3820 7728
3421 7552
2268 6147
2177 6238
2535 6407
618 4746
926 4991
3401 7594
1384 5518
1920 5990
3134 7385
2855 7104
3482 7549
1359 5543
1534 5396
1879 6076
2382 6562
3252 7256
2105 6357
139 4219
3636 7878
2533 6422
4072 7964
2291 6151
1675 5758
3818 7711
2836 7137
1977 5964
982 4896
3346 7653
696 4672
2323 6635
1829 6111
1939 5993
3290 7201
4033 7996
938 4948
3796 7723
847 4687
596 4949
4070 7907
398 4230
3557 7405
2415 6247
493 4324
1422 5255
3943 7790
101 4463
2410 6241
3104 7469
452 4298
2441 6278
1648 5984
672 5040
914 4739
3478 7300
56 4395
209 4549
3935 7754
15 4377
199 4560
215 4559
3519 7333
485 4351
1709 6070
2760 7124
2773 7112
1438 5251
1188 5562
2927 6768
1028 5413
1523 5329
660 5047
208 4598
1702 6030
1502 5367
3096 7474
730 5111
2444 6306
119 4441
1721 6027
1307 5160
430 4246
3045 6877
1936 5801
4072 7890
1977 5765
2793 7124
864 4640
2152 6441
692 5110
334 4109
1731 6023
683 5102
751 5032
220 4503
2614 7037
1070 5474
2089 6501
3626 8038
2796 7074
3024 6814
725 4999
1729 6034
546 4977
2126 6427
2956 6873
26 4428
2505 6302
1169 5577
989 4740
1689 6082
3834 8102
1741 6032
17 4430
1439 5373
1353 5163
532 4983
2086 6469
2222 6602
1394 5146
752 5018
2146 6408
2066 6521
3322 7575
1608 5926
1777 6047
1280 5231
3686 7958
3812 8084
3836 8077
1326 5212
1829 5718
3919 7739
3631 8027
3471 7417
3057 6797
743 5019
1866 5686
2571 7030
2442 6391
3210 7668
3764 7988
3784 8009
3224 7450
2609 7090
1654 6130
1721 5948
190 4408
2169 6641
1976 5680
1079 5566
418 4136
164 4398
3300 7534
1592 6066
1254 5485
3538 7257
2290 6521
602 5079
430 4158
2249 6489
1190 5431
2414 6396
3924 7878
860 4809
1860 5852
3930 7875
3167 7622
2209 6458
2735 6962
1134 5617
2929 6865
845 4841
2103 6545
1289 5295
3302 7489
2131 6651
2968 6706
320 4330
3040 6730
919 4669
3929 7923
2155 6592
2247 6508
1493 5241
1285 5290
1107 5603
1872 5856
2511 6270
3298 7510
2842 6830
335 4346
988 4713
1290 5311
1531 5196
2787 7002
1450 5136
25 4515
3429 7387
2840 6872
2990 6766
930 4707
3757 8044
3919 7819
570 5117
2361 6385
2340 6380
1552 6105
1492 5150
3736 8020
3622 8170
1754 5909
423 4214
2068 6598
766 4904
1460 5219
60 4587
3549 7173
2320 6345
1720 5985
3780 7966
3147 7568
914 4686
1519 5169
3294 7425
21 4596
1522 5139
871 4740
1126 5506
3067 6675
3721 8032
3394 7339
626 5016
2407 6285
1968 5725
315 4299
2115 6579
874 4763
3811 7954
106 4504
36 4566
3641 8138
2891 6840
2977 6740
356 4241
690 4933
564 5059
607 5031
976 4649
4023 7756
2091 6608
2706 7022
2197 6504
1001 4630
658 4242
839 4422
3754 7339
3475 8080
3220 7826
2989 6571
1823 5401
2155 6759
1530 6135
1671 5256
1736 5336
829 4397
3455 8047
1372 5964
3028 6597
536 4105
235 4856
615 4212
458 5086
3972 7569
833 4439
3056 6632
2835 6410
1866 5459
552 4147
721 4301
1957 5561
105 4725
4040 7637
1026 5660
3433 8054
384 5024
1143 5719
2661 6212
2263 6901
1651 5201
3343 7981
597 4214
3602 7222
851 4471
1382 5955
1048 5680
482 5066
326 4975
2520 7153
3905 7528
3677 7284
3217 7864
986 4595
1891 5448
2767 6372
3605 7225
8 4664
3836 7373
3263 7822
322 4976
918 4517
3063 6596
1959 5523
2805 6337
2269 6888
2884 6514
1630 5224
46 4632
783 4409
3855 7481
3589 7218
3799 7407
2603 6163
45 4628
1155 5818
3150 7796
3153 7789
1813 5419
1722 5252
515 4156
3861 7466
1715 5362
2742 6388
556 4207
2871 6515
1304 5980
1678 5322
3386 8062
1588 5233
879 4394
1105 5654
2288 6840
904 4545
3421 7959
659 4313
3099 7760
706 4233
2162 6718
4084 7608
27 4695
1634 5167
2084 6762
3438 7998
2711 6342
424 5115
1355 5912
3502 8189
169 4861
727 4227
2199 6849
585 4127
3019 6546
3761 7400
129 4827
1850 5472
2312 6995
2354 7022
183 4842
1548 5228
1033 5736
3826 7315
1015 4498
2630 6179
2110 6744
2047 5529
1299 6004
1515 6028
1500 6071
1884 5431
2153 6658
134 4843
4076 7554
3173 7690
3600 7264
2918 6421
3784 7355
3313 7813
3135 7752
1397 5903
554 4176
1218 5816
3727 7409
4001 7646
641 4097
1347 6082
3171 7905
3952 7666
3719 7172
468 4951
3189 7921
3045 6497
3356 8089
3841 7556
2849 6564
414 4888
488 4974
2225 6711
1422 5892
753 4218
3007 6451
1629 5331
3560 8058
3672 7371
2704 6148
2365 7083
2414 7161
2021 5500
2066 6792
1749 5192
1257 5748
511 4962
29 4738
2271 6720
1596 5283
1309 6077
94 4860
3690 7375
931 4356
3885 7557
3467 7968
1002 4423
2575 6304
1388 6108
3198 7884
2755 6257
1894 5589
2028 5464
227 4694
1941 5408
2733 6168
640 4150
2158 6870
1277 5701
3465 7984
1983 5380
448 4987
1452 5904
3747 7198
2333 7072
2646 6379
3890 7565
1632 5343
850 4589
1979 5498
1589 5361
3398 8067
3353 8158
2555 6962
3946 7584
3166 7829
3367 8172
1685 5208
3014 6409
3724 7261
1084 5870
3180 7866
1905 5544
2375 7070
129 4699
600 4226
1520 5934
819 4563
867 4482
328 5034
1614 5293
3906 7585
1160 5741
3338 8175
3657 7343
2527 6965
1109 5822
3038 6453
46 4802
1475 5933
3272 7737
1930 5496
33 4820
3286 7712
2000 5415
305 5065
2880 6584
1112 5796
2611 6351
1305 6116
1755 5158
3766 7243
96 4766
3040 6370
4049 7379
1763 5600
1463 5812
731 4575
3260 8120
620 4456
3435 7789
3504 7862
294 4641
796 4123
1450 5794
2253 7109
3950 7268
30 4885
3696 7548
1532 5868
3473 7808
166 5044
243 5088
941 4281
665 4495
2784 6646
3599 7447
3750 7614
3277 8149
1232 6090
345 4674
1545 5397
1323 5687
2103 6954
3207 8089
336 4687
3294 8190
264 4648
541 4412
3800 7678
1247 6137
2832 6199
983 4350
374 4703
169 4995
3930 7281
293 4622
391 4778
1973 5275
2876 6162
2269 7151
2792 6621
393 4796
3246 8088
3571 7876
2643 6505
2422 6733
2590 6435
249 5062
3807 7581
2862 6252
385 4804
3533 7816
1483 5773
628 4403
1574 5487
2684 6448
1659 5428
2307 6739
333 4636
786 4163
1234 6016
3437 7737
3783 7570
1685 5570
1655 5423
876 4149
1776 5547
1392 5676
160 5117
3488 7934
2200 7110
967 4248
3469 7917
3503 7886
144 5106
3637 7505
1940 5372
850 4155
3392 7723
3660 7456
2556 6801
3383 7769
2448 6910
3580 7823
3065 6282
782 4216
3943 7184
153 5090
3340 7793
2554 6791
942 4304
4032 7233
2232 6971
95 5083
2242 6983
2524 6746
1149 6139
3237 7977
2682 6647
507 4715
3954 7395
3983 7197
2295 7012
2497 6741
2421 6881
2092 7096
3790 7514
950 4131
891 4333
2220 6970
189 4906
1481 5713
3385 7841
126 5095
1275 5991
2224 6958
3241 7945
2711 6455
2953 6185
634 4571
2424 6874
3052 6223
1296 5811
3698 7638
494 4680
2702 6439
1448 5634
2994 6168
3120 8093
1635 5581
2860 6275
3067 6219
2368 6896
3883 7322
1423 5693
927 4141
2306 6833
3515 7683
3101 8101
1684 5420
358 4830
2565 6588
1824 5273
2597 6559
711 4472
3230 7969
1804 5325
1406 5823
1094 6020
1309 5855
89 5021
3631 7659
1385 5806
981 4125
309 4863
1976 5234
2307 6857
994 4137
2891 6278
1170 5980
2379 6789
3572 7738
3113 8185
932 4212
2696 6491
3467 7768
400 4676
67 5018
2172 7077
1441 5755
3357 7872
316 4833
2317 6867
4073 7176
2156 7053
760 4380
232 4877
1319 5825
2812 6426
3801 7475
2161 7069
616 4484
1258 5894
1510 5643
2619 6614
2768 6463
263 4855
1106 6050
830 4303
462 4668
2522 6697
955 4175
2395 6831
311 4802
1176 5997
1280 5877
2504 6718
18 5098
3227 8033
1859 5304
878 4245
3816 7445
2212 7002
1464 5702
2741 6474
3083 6154
2914 8039
707 5829
2860 7979
2627 7748
364 5479
4019 7103
4053 7129
1622 4698
3573 6651
2238 7345
1889 4977
1863 4950
2931 8034
2632 7771
3979 7064
1050 4110
276 5377
3888 6950
3299 6388
1526 4577
3447 6509
376 5475
2543 7667
3363 6462
2948 8100
480 5568
3889 6928
783 5934
3693 6734
3959 6992
2658 7755
1566 4658
580 5737
1116 4209
3605 6714
3844 6966
1745 4835
1717 4742
655 5819
1777 4805
2097 7174
2360 7439
1610 4723
1975 5005
2198 7338
1738 4855
2561 7743
2578 7724
1800 4918
3703 6711
2932 7990
985 6042
3439 6442
1323 4462
2318 7495
2852 8046
2436 7631
596 5657
1173 4314
1361 4352
3779 6801
155 5321
1021 6058
735 5768
2582 7756
2227 7401
449 5531
2876 8039
3654 6682
1082 4199
2479 7665
2777 7814
662 5878
788 6006
1170 4336
971 6063
598 5694
3321 6288
1365 4412
133 5358
486 5514
3444 6426
2986 8132
1240 4279
2182 7414
3480 6632
3027 8098
3253 6343
1152 4340
3416 6444
162 5335
849 5927
3958 6913
353 5401
3765 6861
3207 6397
317 5446
1608 4660
3691 6677
242 5261
3798 6742
38 5286
1921 4864
1195 4138
1327 4526
2979 7970
2434 7424
968 5962
3777 6723
3052 8046
3527 6468
1628 4831
3034 8030
1373 4568
3791 6728
527 5768
3912 7119
167 5167
2460 7444
3281 6233
366 5606
326 5583
3604 6813
2631 7885
1670 4618
3367 6568
2366 7598
34 5299
3614 6799
2868 8103
181 5158
1196 4153
2720 7734
4015 6969
3118 6329
2969 7937
2102 7342
2332 7556
1776 4712
172 5175
3486 6402
1643 4854
4047 6993
1732 4699
2703 7725
1981 4894
644 5664
1803 5038
2442 7471
424 5390
2727 7681
2051 7333
1379 4553
3746 6670
1750 4730
1242 4213
2129 7422
298 5509
440 5385
3488 6418
1207 4100
4063 7018
410 5420
2698 7741
724 5740
566 5775
1103 4338
2355 7566
3135 6272
3265 6144
3723 6735
2300 7227
160 5225
3346 6616
144 5210
4043 6912
2445 7494
3702 6845
1302 4570
3411 6557
1907 5052
821 6117
3463 6485
323 5520
1947 4936
3242 6270
355 5559
2057 7388
1548 4825
1250 4148
1430 4416
4090 6957
3121 6377
2044 4900
1069 4336
485 5435
827 6116
2980 8005
188 5213
1660 4765
1960 4940
4071 6926
3376 6617
2822 8175
722 5688
4075 6913
1124 4232
2450 7550
3100 6386
525 5859
1650 4764
3051 7941
1795 5100
111 5277
2554 7438
1995 4925
2149 7327
3670 6828
2071 7404
1032 4339
3666 6830
2828 8177
494 5395
3105 6364
1517 4333
3873 6689
2956 7821
192 5570
2526 7389
1583 4908
3109 6433
2290 7671
3194 6524
2897 7768
3075 6415
3034 7895
16 5407
1875 4673
3119 6457
2138 7490
382 5222
193 5594
3685 7033
1479 4315
3337 6167
2304 7199
402 5298
4036 6884
386 5283
804 5639
1110 4469
2623 7962
3462 6304
1111 4465
3074 6437
353 5193
3001 7824
2645 8059
3681 6990
3208 6586
2011 4840
1570 4886
2731 8094
2056 7487
3970 6837
747 6099
1425 4264
832 5754
487 5337
1016 5831
3746 7136
1683 5073
645 6080
2026 4770
1927 4814
3147 6401
2699 8129
3845 6734
3907 6671
924 5840
1673 5060
2245 7572
472 5258
3303 6581
4035 6806
2881 7707
2894 7699
3589 7003
1603 4893
3848 6764
1412 4320
2457 7423
614 5888
2814 8087
194 5547
3615 7029
3771 7121
2092 7488
2372 7208
1953 4813
128 5614
230 5527
1362 4128
3968 6898
3064 7821
2144 7446
244 5507
462 5305
3481 6369
3777 7097
801 5723
1012 5770
3240 6615
402 5357
3945 6889
134 5382
661 5911
2743 7989
319 5303
3120 6589
861 5843
3436 6370
634 6133
4083 6780
3659 7131
1857 4817
2941 7919
3431 6389
375 5349
2054 7570
1153 4373
605 6088
716 5977
2004 4674
1324 4283
684 5942
332 5335
337 5324
3031 7753
1068 4530
2859 7860
2723 7939
1067 4490
3590 7079
3653 7143
1169 4402
115 5584
570 6046
233 5452
2180 7458
3937 6854
333 5354
881 5849
2301 7511
2406 7373
2166 7640
3453 6354
1131 4571
38 5524
1195 4377
799 5805
3587 7095
1318 4243
3877 6800
182 5376
1429 4143
1376 4315
3787 7024
3146 6647
649 5942
1822 4831
3206 6466
3117 6628
1897 4768
3436 6310
147 5470
2987 7803
2854 7926
2251 7450
3729 6978
2785 7989
1775 4923
781 5851
2111 7657
3202 6485
3247 6520
1089 4505
1272 4386
2919 7868
2041 4645
1465 4199
3492 6267
647 5976
1163 4457
1437 4222
2324 7415
804 5824
1050 4607
3556 6145
1558 5118
3325 6420
1332 4317
1476 4142
2521 7219
516 6127
336 5309
752 5917
734 5939
2965 7802
3183 6528
2451 7292
1511 4104
2695 8050
807 5841
1313 4313
845 5813
2971 7779
3020 7733
1080 4548
1 5630
884 5494
2392 8027
2943 7547
1253 4833
3144 6733
2437 8064
3510 7102
1531 5107
768 5386
487 6122
2512 8157
3544 7126
1165 4739
2033 4606
2679 7269
3855 6428
1642 4222
3168 6772
1546 4126
2809 7404
819 5413
4045 6619
1901 4474
3113 6705
3111 6713
1214 4766
2674 7251
883 5457
2443 8110
2027 4546
3081 6688
225 5835
2301 7894
3010 7662
3189 6747
3652 6250
3559 7113
2227 7836
1015 5592
2826 7483
708 5360
609 5204
2965 7587
1367 4961
3882 6428
1192 4754
774 5434
867 5411
1021 5567
3833 6331
3096 6747
2699 7368
3856 6483
1965 4584
2680 7230
438 6129
3775 6390
1272 4785
340 5912
3290 6806
2042 4532
3888 6527
758 5284
3592 6234
1806 4443
3023 7577
842 5404
2913 7478
544 5239
1344 4890
2650 7169
2598 7293
1486 5011
3677 6147
2906 7482
1148 4636
2254 7855
265 5998
3477 7165
771 5482
3055 7557
3916 6439
1505 5002
2550 8090
3515 7126
3808 6286
784 5502
393 6136
504 6027
96 5652
2013 4521
2550 8066
1184 4822
754 5258
3082 6770
887 5390
2244 7869
639 5125
516 5246
3759 6357
275 5999
2621 7233
3825 6284
3634 6220
2955 7669
3763 6348
173 5677
2925 7660
90 5851
2995 7473
3382 7093
2306 8065
2070 7827
3344 7064
3878 6575
3437 7142
2458 7953
257 6028
2350 8126
3115 6841
583 5330
1344 5080
3415 7117
2154 7920
1167 4628
1809 4492
3199 6882
3889 6574
2509 8018
1582 4273
1409 4897
54 5783
654 5164
1881 4603
510 5981
2468 7936
3252 6673
222 5752
3541 7026
556 5259
3710 6361
2338 8078
1061 4757
1819 4523
2028 4445
3588 6326
2612 7303
2171 7886
2792 7263
2747 7180
1483 4988
2085 7837
623 5333
1838 4501
3442 7113
413 5921
2126 7921
401 5970
3536 6931
2692 7232
726 5138
2385 8085
1012 5425
2525 7960
1650 4276
4067 6436
3720 6209
3773 6260
1152 4684
2191 7775
3473 6977
3267 6674
1466 4968
1543 4309
247 5669
1173 4679
2341 8177
852 5504
1619 4229
811 5629
1054 4808
1791 4137
3532 6939
3325 6695
782 5588
3758 6258
2928 7599
2359 8151
321 6049
1406 5022
3232 6721
3270 6692
266 6121
2586 7420
1906 4506
1667 4203
577 5291
3402 7072
2851 7625
3487 7029
3585 6378
1895 4489
1518 4865
3528 6951
3927 6567
753 5121
2776 7209
2212 7761
3971 6516
4054 6433
3713 6265
2950 7548
1508 4895
3110 6877
1579 4309
2732 7251
2883 7612
4021 6324
2144 8036
3627 6446
2920 7277
3480 6815
2634 7501
330 5699
2302 8183
1497 4816
551 5421
2231 8124
2513 7898
2240 8140
2574 7426
2341 7720
2740 7610
1150 4974
1481 4826
4056 6348
1115 4943
1129 4988
1702 4542
3581 6885
1094 4956
3427 6776
1198 5042
2094 7986
3528 6869
1537 4382
1100 4972
2032 4306
1933 4270
2490 7839
3181 6987
357 5699
770 5156
197 6124
1167 5030
777 5154
1568 4363
3264 7148
1994 4327
2596 7445
2075 7977
3940 6231
2177 8117
1455 4762
1369 4716
657 5543
3206 7101
168 6035
3497 6805
572 5376
640 5565
3623 6425
1444 4763
3497 6893
3648 6404
717 5512
1978 4349
3050 7330
2351 7782
1778 4537
3992 6355
3561 6821
203 6022
167 6121
3167 6929
856 5142
224 6062
1644 4387
254 6065
703 5616
2772 7579
2063 8031
3920 6144
271 5724
4046 6301
980 5248
2030 4281
78 5913
1284 4701
3018 7312
951 5355
1146 4903
3751 6649
307 5741
1197 5106
3084 7021
1261 5004
2464 7874
3937 6148
2506 7853
3343 6759
1781 4508
776 5220
2069 8059
2592 7504
2518 7846
2595 7506
1393 4608
2606 7517
2817 7282
1651 4359
413 5864
1728 4536
399 5877
572 5447
3026 7337
557 5462
3948 6160
156 6115
2591 7582
578 5571
1747 4433
260 5767
3269 6982
592 5587
1230 4938
2951 7171
1677 4361
2369 7877
4087 6258
2381 7882
2349 7845
1067 5031
3322 7030
1542 4488
652 5378
3566 6753
1424 4639
1467 4651
214 5958
1864 4312
1214 4910
2457 7688
1858 4305
2988 7224
2672 7655
3873 6329
4093 6245
460 5716
3015 7262
2265 8004
866 5375
3126 7081
2323 7859
3957 6359
3573 6742
306 5782
67 6117
1194 4866
3405 6887
3170 7118
453 5737
2423 7898
3655 6634
3913 6375
3284 7034
3379 6812
3621 6549
3276 7036
153 5931
39 6036
3551 6761
4041 6257
2094 8084
3601 6573
3448 6852
2557 7745
1004 5202
1840 4239
343 5864
1478 4612
943 5229
3400 6796
1734 4355
1087 5113
3030 7184
2352 7927
2048 8136
2154 8099
3036 7190
34 6127
3537 6687
988 5138
3509 6779
3372 6883
1620 4507
975 5149
2886 7316
2397 7822
812 5368
380 5801
43 6141
2215 8049
1955 4223
3694 6576
4018 6226
1888 4225
744 5385
3990 6263
1089 5027
1569 4547
2407 7811
3413 6835
69 6060
2648 7601
4 6125
2232 8017
641 5480
1120 5001
3094 7164
1943 4220
499 5663
1443 4686
3892 6362
1613 4514
904 5240
416 5713
1311 4845
1154 4976
1182 4970
4089 6157
85 6048
109 6040
539 5613
1771 4381
2437 7794
456 5682
1070 5077
2036 4104
1428 4714
801 5342
2068 4116
1846 7991
3999 6045
2765 4815
1121 7266
2353 4405
3795 5847
1513 7660
1606 7744
2924 4970
3741 5786
524 6662
3917 5952
2538 4602
1695 7820
2393 4429
2667 4733
1238 7361
397 6554
2754 4827
894 7012
3534 5589
2233 4258
2999 5036
2637 4691
117 6250
3689 5705
3316 5333
388 6566
3382 5394
2830 4904
2878 4887
335 6499
4086 6107
2231 4249
1723 7828
3177 5209
3883 5914
373 6470
1886 8042
1229 7416
1885 8040
1069 7195
997 7133
1263 7383
3121 5130
1161 7349
858 7015
3526 5624
3835 5828
274 6483
3907 5889
1487 7565
3887 5994
2820 4929
3624 5742
12 6212
3981 6085
3956 5949
3160 5137
369 6460
742 6824
659 6851
2525 4494
291 6512
1624 7692
702 6891
1861 7955
1310 7496
2952 5087
1504 7607
3365 5490
2858 4989
1260 7348
1097 7185
2410 4403
1225 7315
2396 4352
2663 4666
3842 5984
1946 8184
191 6362
1939 8181
837 6947
2186 4323
1555 7802
2120 4129
844 6949
3632 5724
207 6305
2388 4391
3496 5596
1995 8127
83 6182
560 6725
4048 6053
1980 8137
3849 6015
292 6495
3796 5800
521 6773
991 7075
940 7121
2753 4799
3100 5278
1432 7451
2070 4245
2402 4577
1388 7656
1192 7215
3804 5717
534 6812
2540 4454
2428 4599
2687 4852
3740 5649
1913 8180
1390 7649
3586 5773
803 7088
2344 4539
1109 7360
678 6705
876 7163
380 6628
3154 5320
2494 4386
1256 7284
3884 6064
2441 4373
779 7080
461 6505
1584 7829
1166 7211
3926 6131
1916 8154
3921 6135
1220 7267
761 6736
3287 5245
3976 5922
1482 7520
3983 5924
3000 4883
1745 7804
2848 5006
3319 5209
1917 8146
2337 4497
3985 5920
3717 5684
2730 4632
1196 7198
823 7041
2292 4162
1743 7801
1664 7740
2252 4210
4050 5997
3899 6139
387 6464
3376 5620
434 6517
1820 8148
1003 6945
302 6629
3049 4901
2517 4378
2845 5069
898 6994
154 6217
3361 5618
2314 4572
1223 7185
112 6310
1770 7731
1253 7230
2773 4617
3982 5969
969 6953
3107 5313
1217 7202
253 6174
3341 5614
684 6728
219 6207
97 6277
3933 6072
2519 4402
3479 5490
2908 5049
1762 7694
1497 7477
2024 7943
2255 4159
164 6229
3730 5734
3964 6024
3233 5207
3282 5156
3176 5264
2715 4706
3776 5690
2157 4247
1370 7584
2670 4756
1895 8092
995 6943
3314 5132
3484 5474
172 6573
1746 8145
2105 4415
3125 5426
587 6988
255 6644
2938 4721
1078 7480
644 7051
3776 6099
1636 8055
1931 7827
2350 4151
267 6162
1119 7493
419 6328
77 6481
2737 5008
617 6984
1193 7563
50 6417
2781 5113
330 6254
940 6792
3854 5675
3529 5356
1346 7274
1621 8063
1028 7464
3767 6042
4069 5834
2966 4774
3952 5696
2520 4331
2942 4685
3840 5685
2210 4500
1799 7729
3009 4854
261 6205
1411 7355
3360 5146
183 6541
395 6327
3316 5577
3858 5679
3464 5301
2907 4708
52 6512
3701 5936
626 6970
2072 4432
2776 5008
3863 5725
4014 5886
3643 5994
853 6663
1149 7471
3702 5925
3244 5631
567 7010
3246 5622
828 6757
3886 5751
1396 7213
920 6851
1211 7655
3886 5746
1102 7468
2176 4580
3532 5288
1383 7170
854 6704
2941 4635
2389 4147
2191 4583
1449 7361
3332 5229
2725 5066
1330 7235
1816 7786
3214 5626
1037 7544
905 6911
1757 8107
3089 5478
1691 8163
3959 5647
2486 4301
3692 5905
3718 6137
357 6374
2576 5013
2786 4964
3725 5898
3924 5853
527 7043
2113 4561
793 6793
1230 7513
3019 4700
2211 4404
1267 7530
92 6597
10 6544
3021 4689
3548 5184
3799 5962
3424 5313
3012 4710
736 6978
1186 7431
3008 4709
1714 7956
4077 5706
1517 7236
1343 7317
2789 4942
603 7152
2978 4623
1917 7891
466 6268
1268 7492
964 6773
3823 5981
3766 5893
16 6564
1501 7272
1337 7311
2743 4878
2016 7770
2546 4168
2705 4909
2377 4341
1690 7974
382 6339
79 6642
230 6488
1112 7580
944 6775
3020 4613
3518 5236
2049 4557
1567 8145
2424 4264
2343 4342
1656 8106
977 6659
3829 5921
3562 5183
1954 7796
671 6985
2508 4122
10 6620
3540 5123
1064 7665
35 6648
1770 7985
2997 4712
1810 7887
1934 7760
887 6824
3021 4626
3808 5951
1249 7425
1438 7294
1057 7619
3535 5165
1652 8080
3737 6013
1405 7321
1462 7250
2418 4247
1590 8147
2411 4237
3256 5470
1389 7306
1485 7205
518 7151
158 6516
1150 7572
3205 5486
2435 4205
1118 7600
83 6589
3881 5830
2903 4792
1556 8164
1352 7354
262 6386
956 6730
796 6886
2135 4524
1712 8012
2867 4815
4026 5700
2909 4770
3037 4642
3204 5766
3293 5854
1321 7980
14 6665
3016 4544
2090 4640
3850 5377
2181 4750
1363 8029
3441 6014
3991 5511
2548 5093
3706 5227
580 6230
2510 5084
2458 5001
526 6170
147 6791
2349 4921
868 6514
1631 7241
1364 8003
2315 4883
1572 7228
3213 5781
3370 5939
1760 7419
422 7099
3523 6110
1451 8073
3396 5990
2076 4664
2012 7673
2373 4960
1475 8165
1310 7992
1479 8161
1844 7443
669 6327
345 7027
1880 7538
2900 4478
3363 5896
151 6843
671 6323
3885 5379
3099 5684
1706 7321
4010 5529
1457 8070
2100 4620
522 6195
2736 4233
3223 5804
445 7046
1719 7307
846 6515
2541 5036
1730 7296
1858 7430
794 6495
740 6306
575 6265
2148 4652
3762 5371
1454 8165
3087 5697
1750 7302
1772 7357
1307 8009
2294 4772
2844 4431
3635 5216
3181 5690
1710 7413
2744 4324
791 6475
1221 7835
1957 7674
2911 4411
2539 5006
857 6463
4003 5572
1129 7680
2774 4282
1113 7732
1609 7204
344 6967
3621 5205
3071 4493
3544 6060
2246 4787
3008 4534
2687 4105
76 6708
903 6655
1964 7637
395 7153
2312 4981
3006 4547
3974 5627
3967 5630
888 6653
1407 8184
2494 4919
1786 7283
3706 5364
186 6699
2690 4113
1017 6509
2963 4358
2961 4360
2081 4794
1704 7219
447 6946
538 6279
2471 4921
790 6537
3407 6096
2402 5056
2456 4923
2630 4325
2807 4178
3064 4446
1319 8079
3368 6016
3080 5794
4016 5402
3516 5910
700 6161
3191 5849
3835 5204
1064 7834
679 6165
1329 8067
621 6360
3328 6071
108 6870
308 7049
3217 5676
1229 7795
1930 7476
2521 4967
386 6973
1556 7381
1051 7897
3098 5854
3583 5947
2867 4598
3013 4355
446 7032
2964 4435
2963 4436
2000 7448
1222 7694
3435 6050
3683 5289
2467 4969
4030 5492
3989 5471
1640 7332
714 6150
1701 7272
149 6724
4083 5415
882 6567
2204 4681
2904 4480
2370 5022
1962 7543
1399 8104
2901 4533
1946 7547
58 6875
323 7073
2470 4930
2213 4673
3143 5795
2542 4872
3599 5351
3291 5681
3817 5122
2148 4751
1454 8001
632 6295
822 6595
13 6907
3824 5126
2405 5010
3405 6069
3027 4395
3276 5685
513 6394
2139 4773
2895 4528
476 6876
639 6527
3974 5254
1841 7216
2106 4920
205 7119
3427 5734
3272 6094
2228 5043
184 7089
1843 7231
2300 5105
1725 7603
411 6795
3474 5762
295 6710
564 6437
3643 5416
1713 7589
1403 7788
3029 4300
2190 5015
2157 4982
2566 4381
2489 4775
2282 5108
301 6668
1328 7698
3102 5948
3987 5301
2608 4375
2165 4946
2570 4387
2473 4741
240 7132
245 7129
1187 8078
523 6438
3394 5743
497 6879
3750 5513
3525 5866
2728 4487
4030 5265
1460 7814
2850 4112
622 6493
324 6769
24 6959
392 6847
2506 4850
1674 7602
3374 5653
1022 6338
1372 7776
4026 5254
3728 5551
601 6502
2846 4190
1491 7826
2985 4328
3054 4268
775 6213
2593 4450
2895 4106
3876 5217
3678 5400
2607 4457
3127 6001
3166 5908
1639 7469
304 6781
299 6758
1103 7937
1693 7635
2317 4675
3514 5866
1862 7188
2 6999
2357 4704
2203 5070
1136 7975
2918 4158
1843 7273
4054 5260
282 6720
3522 5785
1684 7624
1908 7210
104 6967
3730 5618
1529 7833
2260 5046
2579 4465
3770 5592
2611 4433
2267 5055
3699 5398
1522 7831
1537 7527
440 6879
2361 4689
459 6818
2960 4348
3235 6094
2877 4178
3136 5936
1362 7715
3992 5353
633 6413
3810 5526
3373 5720
1283 7797
2390 4654
1846 7244
598 6443
1417 7924
1737 7606
514 6525
1146 8187
2983 4134
3231 5916
2473 4655
3273 5966
555 6572
3149 6090
784 6297
2793 4451
3676 5590
1241 8018
1360 7901
1742 7491
3757 5411
2762 4421
3254 5926
2031 7295
3503 5694
2799 4477
535 6543
3698 5610
3792 5449
3708 5607
2310 4761
524 6547
4071 5190
1449 7691
975 6253
2342 4741
2064 5043
1962 7182
2791 4418
2823 4257
2399 4856
140 6949
2228 4893
2831 4262
1794 7342
490 6727
2920 4293
3114 6020
396 6716
1545 7611
1477 7799
3209 5947
201 7037
1845 7297
3250 5894
2580 4525
2586 4513
1415 7738
2515 4627
2705 4432
2215 4966
1916 7358
3744 5475
1569 7652
1277 7995
1699 7525
1856 7303
3459 5707
2335 4822
1996 7173
3760 5498
22 7133
913 6236
2077 5075
1312 7918
718 6427
2890 4255
1141 8098
2973 4164
574 6631
3304 5938
3713 5466
2666 4534
3791 5394
2133 5000
2087 5114
5 7128
3404 5778
2684 4515
42 7114
415 6782
802 6336
849 6322
3558 5633
2946 4201
293 6857
104 7065
1354 7867
399 6781
2281 4890
3640 5579
1395 7808
2315 4862
785 6375
3663 5561
2483 4683
2029 7189
4065 5149
3567 5650
809 6359
2455 4713
625 6543
1315 7900
103 7271
1681 6800
3772 4797
2677 5750
3296 4323
3829 4849
1680 6805
610 7783
533 7698
3612 4635
1605 6722
1821 6933
3955 4985
1978 7088
686 7844
484 7663
2261 5342
2652 5714
3401 4422
168 7335
2055 5141
3682 4720
2245 5329
2981 6065
563 7719
3994 5004
3347 4361
138 7313
1086 6178
1722 6823
2614 5672
3530 4564
1298 6413
1374 6526
2859 5899
765 7901
181 7316
469 7670
101 7238
2331 5439
3966 4955
2908 6010
959 8086
2184 5282
2847 5941
3078 4138
728 7924
187 7317
3062 6087
989 8169
1452 6552
2644 5730
2198 5281
479 7654
3203 4280
3941 4953
2067 5166
665 7846
1163 6324
2502 5510
150 7382
3043 6055
901 8128
1681 6871
3443 4405
3014 6030
1868 6916
1626 6672
2565 5711
1282 6472
137 7362
1199 6371
1552 6751
1353 6406
1958 7158
1131 6202
1482 6555
1796 6998
1992 7068
3380 4449
608 7733
3228 4299
600 7695
3013 6044
1852 7015
68 7199
3039 6017
1585 6737
2246 5287
302 7500
4057 5051
2264 5306
3582 4509
1177 6384
2498 5544
2408 5378
1853 6998
287 7539
2718 5874
3658 4647
3222 4345
3035 6068
3765 4805
1424 6626
2052 5238
3549 4516
3029 6057
2455 5611
663 7915
1688 6680
3324 4220
1862 7111
3043 5986
741 7777
676 7713
1628 6873
2750 5688
1937 6935
650 7693
3397 4553
3092 4248
1046 6299
3914 5063
474 7509
1518 6497
924 7951
1994 7001
2648 5836
1142 6368
3047 6001
2419 5611
442 7456
18 7304
1042 6281
3606 4749
2548 5481
563 7854
4058 4932
3156 4342
2195 5168
1448 6411
1398 6613
3910 5089
1765 6732
3701 4828
1384 6595
1119 6385
4002 4880
3320 4170
707 7793
3086 4284
2771 5728
1440 6420
40 7325
117 7363
3575 4417
3861 5027
1461 6403
3174 4319
1528 6465
4057 4962
2256 5228
637 7875
2625 5886
1594 6906
1851 7163
1918 7100
720 7699
2717 5723
1293 6603
3753 4718
2127 5255
2884 6031
3212 4167
3500 4455
1800 7108
1842 7167
1929 7000
52 7394
2027 6972
4027 4963
3106 4344
660 7759
3397 4505
3369 4597
2462 5443
1789 6688
2887 6055
2346 5582
3639 4819
501 7443
2869 6109
1436 6517
1420 6502
3840 5098
2429 5521
584 7845
3620 4809
2538 5380
327 7592
3460 4468
190 7247
3025 5920
729 7722
3786 4670
986 7983
2411 5533
2041 6927
1386 6556
1207 6208
3117 4308
1043 6378
2071 5356
178 7246
2560 5885
3949 5011
92 7331
595 7852
170 7594
2893 5708
2543 5357
2388 5212
3386 4146
3906 4683
2818 5646
4011 4773
1298 6172
2627 5965
1904 6783
373 7268
2378 5208
2601 5946
2755 6096
3216 4484
2669 6008
409 7310
403 7307
2085 5436
3751 5053
1049 6457
3695 4942
2229 5527
3090 4406
1279 6615
590 8038
3077 4397
284 7220
664 8113
15 7461
1798 6701
2594 5902
2461 5297
3150 4449
2873 5654
150 7590
1629 7020
3137 4467
3137 4466
2621 5897
3536 4325
439 7296
4020 4748
381 7236
2073 5408
2454 5295
3326 4548
438 7309
113 7498
3438 4179
678 8088
2958 5809
818 7798
4091 4798
3094 4447
2722 6120
1581 7009
3309 4512
3372 4195
3345 4161
1636 6965
997 7862
2927 5691
3388 4196
1626 6912
2641 5899
3468 4311
931 7934
2461 5312
1079 6506
3085 4434
1712 7120
2967 5878
1279 6558
3422 4159
1083 6489
359 7172
26 7545
2841 5759
3672 4927
2756 6063
3038 5811
1652 6938
3651 4915
258 7281
157 7657
3998 4842
1059 6486
124 7433
1786 7052
3633 4935
448 7351
1990 6846
412 7398
1541 7039
296 7252
949 7732
2665 6120
2266 5464
3128 4538
3361 4261
2015 6745
3565 4202
2398 5334
4063 4695
2653 6100
1455 6181
2238 5429
2761 5957
2477 5155
3671 5063
643 7955
2703 5919
1510 6261
3617 5046
1171 6410
2276 5501
732 8006
1699 6969
917 7689
1500 6209
1201 6444
2413 5363
2613 6058
786 7858
1506 6211
377 7384
1704 6921
891 7896
2856 5771
1445 6145
1874 6900
176 7449
896 7721
2944 5673
2241 5485
17 7613
1564 7089
1610 7162
886 7876
2866 5760
4058 4718
700 7946
2208 5399
1558 7086
1160 6448
589 8180
1815 6829
3243 4368
1802 6839
1011 7758
2510 5235
934 7705
446 7169
2007 6760
365 7343
1509 6182
2498 5127
2672 6069
1623 7058
655 8010
2815 5944
2464 5224
459 7171
2078 5590
3947 4771
3279 4382
3305 4411
1439 6221
2327 5314
2069 5583
1839 6900
1647 7091
668 8001
2953 5716
1301 6347
3333 4314
2837 5876
2615 6102
2930 5776
3432 4234
123 7577
3604 5105
1686 7027
2031 6666
677 8000
3348 4338
136 7534
816 7896
872 7811
4067 4621
1016 7702
280 7414
3711 5009
2164 5531
2288 5407
767 7949
2853 5841
687 8022
1587 7112
4043 4662
185 7494
3756 4947
268 7411
2964 5524
3938 4448
1033 6669
662 7312
2038 6654
2878 5430
1266 6910
2564 5129
2513 6081
1718 6311
2320 5890
2373 5974
594 7238
2722 5302
1507 7157
3490 5050
3709 4197
4029 4519
407 8074
1086 6691
3354 4868
1385 7031
1202 6829
37 7684
3307 4810
2406 5956
1471 7067
843 7535
3904 4453
428 8068
3214 4775
1365 7036
2250 5857
674 7305
2061 5667
3531 5093
2658 5197
1940 6566
1541 6193
2617 5133
2170 5711
1338 6927
3851 4413
1267 6853
3985 4518
1124 6744
3417 4965
1852 6400
2262 5867
2330 5978
1834 6506
3755 4329
3500 5096
2013 6553
1027 6725
3614 4185
1835 6498
4081 4539
2724 5358
1471 7154
3686 4136
2916 5419
2383 5919
3555 5041
1905 6434
1087 6763
726 7298
2567 5203
1144 6702
1356 6938
3003 5613
2143 5639
1315 7035
2976 5627
1719 6379
517 7259
3460 5082
13 7762
1797 6503
3251 4823
332 7976
19 7798
1008 7573
2569 5231
531 7294
2992 5598
1920 6638
916 7675
3788 4259
3028 5540
859 7466
2576 5217
2217 5850
300 8025
1404 6921
1533 7048
1013 7555
704 7353
449 8122
99 7711
429 8144
3579 4998
505 8068
2077 5731
883 7437
3253 4810
1209 6715
848 7634
3483 4889
3822 4198
2974 5399
2559 6004
2087 5803
2998 5435
3865 4503
1948 6419
1264 6753
1185 6707
2671 5373
338 8134
2667 5374
2134 5827
1604 6353
3843 4500
601 7374
3740 4100
1835 6578
3197 4839
1235 6729
1082 6816
995 7544
370 8174
4078 4464
3271 4696
231 7800
3539 4979
2181 5668
423 7942
3141 4839
1329 7059
1151 6876
1485 7017
3895 4499
2933 5585
579 7396
999 7488
3068 5463
80 7935
2926 5598
4082 4417
586 7412
195 7804
3369 5099
1539 6337
1270 6706
742 7200
3736 4190
1793 6600
835 7562
2715 5202
2008 6421
313 8182
1791 6192
1811 6594
3378 5091
1420 7005
433 8035
762 7214
470 7938
3513 4975
2838 5568
93 7813
917 7500
1878 6540
2006 6412
1274 6689
1140 6827
1092 6811
1964 6478
2037 6422
1524 6930
3018 5410
57 7891
3722 4198
30 7922
4004 4425
699 7253
3463 4968
3654 4275
2065 5860
428 8021
317 8135
2806 5130
325 8121
2196 6039
3323 5119
1599 6458
1997 6344
200 8128
3301 5103
2818 5129
3849 4098
2065 5918
1701 6570
964 7380
2824 5144
221 8141
3593 4376
3745 4530
3208 5021
2380 5721
1783 6625
1303 6656
1379 6779
3903 4135
2 7961
2018 6399
3411 4723
118 8023
813 7183
3780 4576
3546 4862
3879 4099
522 7468
1276 7131
2140 6011
3733 4543
2501 5870
755 7644
530 7458
2798 5599
3876 4118
602 7529
427 7839
3669 4448
2680 5453
669 7589
1906 6218
1259 7122
389 7871
3247 5101
1127 6946
138 8140
808 7279
654 7622
3893 4223
2376 5638
1335 6776
3797 4485
1947 6347
711 7574
501 7844
165 8182
3756 4602
378 7725
2079 5960
141 8149
1288 6743
1597 6492
1971 6354
929 7360
3349 4727
1435 6904
1490 6833
278 7794
2990 5323
25 8063
1078 7007
697 7632
548 7502
3295 5044
1641 6405
1463 6875
2107 5972
361 7686
1724 6611
1793 6256
106 7963
237 8092
699 7631
3187 4871
587 7485
661 7661
3440 4616
2813 5508
818 7247
3426 4639
631 7432
3805 4445
1591 6583
1792 6275
3632 4532
3395 4806
2697 5391
2055 6031
1051 7059
2416 5884
3726 4354
1658 6644
3745 4399
609 7664
457 7773
1607 6610
3647 4522
3297 4983
3926 4288
3159 5056
3527 4703
2377 5843
1446 6717
2808 5477
1052 7101
1025 7074
857 7421
3815 4418
3293 4984
2949 5154
3508 4627
3665 4601
2591 5559
1898 6339
49 8091
2482 5662
2172 6097
529 7615
2235 5901
2355 5764
1494 6766
3016 5236
1943 6187
3314 4943
3114 5012
2466 5660
1972 6155
2788 5412
1903 6319
2321 5845
3003 5247
2141 6040
3905 4231
4027 4221
3608 4561
2721 5483
1892 6318
225 7979
701 7542
1842 6398
1494 6683
1602 6546
102 8116
3482 4681
127 8107
2993 5220
3136 5013
3216 4934
72 8082
673 7546
1136 7083
3583 4643
1467 6756
3318 4886
2346 5832
3699 4497
1055 7156
2443 5735
3951 4227
2481 5727
2511 5665
525 7650
2822 5366
4008 4186
2005 6183
3733 4454
1484 6719
2857 5340
234 7967
1009 7175
3508 4685
3418 4768
1255 6939
670 7523
1641 6548
1593 9789
1805 9992
311 8509
36 8245
1251 9456
966 9173
1615 9813
625 8812
473 8696
455 8677
1631 9853
1036 9263
886 9041
1325 9473
1235 9440
1469 9609
1584 9733
19 8229
425 8607
1832 10000
822 8972
880 9037
638 8768
885 9013
1566 9823
1308 9566
1521 9653
391 8641
32 8294
1261 9383
1676 9926
56 8307
154 8406
777 9028
1415 9686
241 8354
481 8626
360 8511
1606 9759
174 8437
1269 9360
93 8243
698 8907
367 8475
288 8533
1615 9786
180 8386
163 8404
479 8615
722 8878
11 8310
130 8444
1183 9441
81 8239
969 9142
342 8662
1487 9550
906 8971
133 8199
1495 9553
1434 9501
549 8866
875 9196
269 8576
447 8497
188 8236
73 8414
363 8700
1066 9354
1403 9689
62 8348
1240 9338
417 8451
941 8968
1625 9982
1780 9822
223 8304
1785 9800
933 8976
321 8696
251 8250
948 9084
1758 9747
1579 9957
1166 9281
1618 9862
515 8920
981 8969
512 8926
1648 9903
606 8895
213 8247
1433 9596
258 8682
1682 9849
1083 9424
531 8956
794 9192
152 8303
1153 9339
1459 9548
915 8851
533 8983
344 8287
835 8777
492 8416
1885 9807
1418 9369
1213 9640
2007 9934
163 8637
1296 9264
1972 9877
495 8396
453 8422
1818 9789
86 8574
814 8708
1816 9779
1374 9325
368 8265
1984 9981
431 8336
1443 9443
1882 9755
918 8915
1928 9934
1928 9945
864 8755
1813 9793
1157 9683
41 8567
474 8325
82 8499
162 8649
216 8628
778 8831
1151 9473
316 8380
736 9058
376 8446
1370 9437
1179 9491
1950 9748
623 9188
874 8934
234 8550
1044 9627
211 8515
1686 9989
1005 8825
1913 9965
1336 9379
1244 9598
488 8267
492 8266
202 8569
603 9199
1065 9617
1066 9619
1117 9702
624 9166
715 9077
500 8266
1825 9954
55 8690
829 8952
1491 9237
2016 9767
713 8960
1462 9319
1470 9322
1206 9583
838 8863
761 8995
697 9060
1516 9267
842 8872
179 8528
1484 9249
683 9029
1807 9981
721 9007
925 8605
1049 9754
873 8557
694 8379
925 8589
51 8738
1578 9278
2010 9679
1902 9590
962 8667
120 8803
404 9103
431 9139
1654 9301
1130 9801
1780 9427
298 8967
1023 8657
1140 9798
1854 9484
649 8378
1590 9221
420 9116
435 9096
1567 9304
855 8464
1961 9699
2026 9633
1093 9739
1168 9950
173 8959
1848 9582
537 8271
1956 9727
509 9126
1111 9737
1834 9545
170 8898
1679 9447
71 8747
109 8705
1847 9561
1580 9283
468 9124
1809 9568
1072 9794
1851 9544
41 8794
318 9026
228 8858
177 8753
1410 9984
142 8716
363 9193
553 8364
6 8832
921 8464
629 8441
1268 9850
213 8780
1057 9912
1743 9326
445 8988
1561 9407
1144 9929
1828 9622
1191 9756
1084 9863
1827 9631
1792 9661
324 9088
1821 9687
767 8241
443 9076
118 8870
908 8542
1276 9769
491 9011
1046 9932
545 8442
201 8722
244 8744
475 8965
277 9205
1215 9821
879 8586
1155 9828
1717 9298
1224 9762
441 9042
653 8290
1649 9345
751 8221
1221 9782
1205 9792
1133 9883
812 8661
1204 9805
286 9186
759 8693
573 8510
803 8230
268 8713
772 8195
1466 9907
1767 9704
1423 9881
1898 9330
1563 9475
1736 9680
281 8707
1335 9749
2006 9460
84 9072
1666 9636
354 8778
303 8710
1924 9391
125 9046
217 9207
1346 9842
1538 9520
1521 9925
1633 9557
1638 9567
179 9096
1876 9236
789 8277
1752 9624
1937 9427
720 8595
1587 9584
936 8430
2021 9378
71 8960
583 8463
477 8845
1715 9696
128 9171
1534 9893
2032 9360
130 9187
561 8532
1911 9244
878 8193
375 8728
715 8635
294 8789
902 8434
265 8828
1823 9321
207 9144
909 8437
1822 9317
318 8770
962 8383
597 8488
514 8576
1299 9878
2003 9300
75 9179
1707 9529
1419 9752
1879 9409
226 9082
759 8533
81 9203
61 9113
1404 9940
775 8366
1492 9854
1461 9758
716 8544
1583 9602
1004 8286
1282 9910
131 9013
191 8964
126 9155
1623 9705
465 8731
875 8357
1366 9860
120 9130
65 9106
1779 9511
943 8312
610 8629
558 8693
178 9065
1738 9494
1692 9536
953 8292
619 8629
586 8597
1428 9846
1506 9742
378 8855
1900 9346
729 8502
536 8672
627 8591
1672 9591
1459 8630
480 9703
1588 8755
1512 8674
1231 8389
1773 8953
350 9543
331 9577
581 9830
1897 9036
1849 8977
215 9467
1763 8911
1030 8235
1104 8288
1024 8245
1287 8511
1836 8977
749 9917
852 9987
290 9594
735 9862
1817 9081
241 9362
44 9289
1178 8447
1114 8246
1764 8848
1611 8765
1137 8207
69 9415
1511 8546
352 9708
1118 8403
29 9357
1340 8620
1849 9128
1171 8193
141 9247
439 9512
1073 8366
505 9560
1919 9181
48 9364
642 9768
502 9562
2046 9043
1035 8379
60 9357
372 9671
731 9839
604 9958
1342 8581
1138 8393
1324 8684
1495 8469
1902 9131
1553 8927
588 9873
2011 8966
1398 8598
569 9944
1716 8791
1830 9152
206 9254
1219 8233
274 9721
529 9980
739 9744
1143 8323
1320 8669
441 9536
281 9698
250 9222
1790 8705
939 9899
832 9798
1837 8737
1085 8493
1019 9967
372 9312
1065 8510
442 9377
1899 8822
1085 8483
282 9275
2020 8896
1612 9066
816 9751
1668 9133
885 9818
1595 8980
1038 8481
177 9600
1559 8997
1988 8946
1377 8279
451 9461
210 9706
457 9459
1098 8566
1432 8356
966 9878
292 9334
1297 8258
1128 8508
1447 8442
273 9328
331 9257
1749 9143
195 9639
365 9225
240 9621
1549 9067
471 9392
1727 9175
9 9571
1814 8828
212 9638
1968 8900
1998 8891
938 9949
220 9636
340 9429
1945 8732
236 9579
2014 8793
805 9903
51 9657
1211 8503
781 9880
174 9529
956 9765
2044 8800
1949 8704
1825 8833
1516 8268
426 9224
927 9787
1202 8476
310 9368
2025 8774
1026 8624
114 9669
1006 9812
1208 8455
249 9542
1505 8227
114 9648
1970 8822
705 9995
868 9908
122 9641
1752 8964
1882 8888
1068 8654
3 9697
2023 8707
1575 9154
1912 8850
1645 9094
1600 9148
1676 9075
1265 8953
702 9396
827 9526
269 9987
1334 8998
961 9681
1254 8948
1314 9009
1982 8616
91 9799
758 9451
1343 8992
1088 8802
1378 9031
813 9483
1018 9692
622 9289
1125 8782
155 9897
1075 8711
2012 8681
1368 9060
1868 8563
960 9601
1177 8924
1855 8568
1465 9214
1123 8747
1708 8418
1875 8477
646 9430
1999 8599
1274 8866
1431 9166
1496 9089
209 9867
1907 8479
817 9565
1931 8678
1705 8411
1861 8503
1425 9189
146 9965
121 9734
1000 9580
1391 9194
1559 8350
1670 8204
756 9343
1975 8504
1580 8376
2004 8513
774 9628
512 9370
1350 9191
954 9502
961 9576
85 9978
1909 8666
1951 8494
1191 8726
199 9844
1918 8650
863 9706
1700 8211
251 9795
977 9578
1504 8992
1329 9203
1883 8604
1203 8827
738 9258
1692 8279
675 9324
855 9606
1761 8242
824 9707
1833 8688
123 9895
648 9302
1305 9209
1564 8445
991 9533
1292 9199
1774 8199
1700 8270
978 9528
1543 8428
581 9390
1658 8322
909 9584
1804 8691
1189 9140
1294 8735
305 9766
517 9490
1176 9092
1698 8638
1507 8958
1553 8501
1856 8300
1390 8769
1730 8685
1256 9178
1350 8819
1974 8320
1824 8214
693 9603
853 9327
1627 8544
1827 8221
1633 8542
714 9608
1598 8566
467 9887
451 9870
1306 8776
834 9233
1688 8655
682 9725
1867 8209
1367 8759
854 9271
1060 9031
899 9446
589 9512
2036 8344
1189 9173
1213 9167
1797 8318
693 9675
745 9577
1601 8643
569 9661
520 9626
1993 8273
1077 9132
737 9592
1027 9114
1273 9058
1417 8724
1952 8192
947 9239
499 9819
1172 9021
417 9736
354 9936
1102 9212
308 9856
1217 9079
1128 9183
187 9996
1470 8706
1988 8192
513 9670
1746 8475
355 9896
1575 8680
314 9960
1114 9103
1031 9168
1987 8212
1691 8514
1645 8625
1581 8689
347 9915
301 9932
1199 9038
689 9555
371 9872
862 9400
979 9268
882 9371
550 9676
1594 8660
1185 9043
342 9888
463 9781
1458 8776
952 9283
489 9749
2043 8197
2574 8718
3046 9191
2213 8358
3390 9523
2477 8611
3154 9285
2471 8639
3351 9484
2663 8827
3755 9867
2573 8748
2532 8647
3226 9394
3291 9457
2583 8764
2655 8818
2456 8630
2487 8583
2419 8519
3288 9454
2415 8531
3646 9731
3211 9398
2130 8300
3490 9698
2289 8371
2516 8595
2905 8979
2695 8908
3313 9405
3771 9974
2910 8975
3639 9827
2967 9153
2078 8262
2893 8981
2481 8683
2604 8816
2702 8913
2600 8823
3802 9861
2432 8676
3152 9251
2313 8573
2112 8244
2431 8458
3737 9957
3830 9864
2640 8913
2935 9206
3774 9788
3450 9712
3139 9417
2958 8962
3406 9664
3758 9760
3362 9650
2889 9182
2174 8425
2993 9001
3767 9775
3741 9734
2236 8226
2549 8554
2985 8973
2430 8667
3638 9887
3086 9378
3628 9859
2119 8436
3017 9073
2803 8782
3344 9647
3636 9972
2121 8329
2697 8781
2463 8535
2768 8730
2514 8478
2399 8593
3517 9581
3359 9677
2707 8775
2585 8909
2562 8923
3088 9422
2706 8781
2188 8298
3832 9745
3832 9746
2125 8358
3115 9434
2296 8203
2984 9051
2178 8315
3292 9254
3649 9914
2063 8435
2221 8275
2975 9057
2491 8381
3260 9659
3000 8882
3555 9448
3922 9802
3556 9469
2163 8529
3629 9998
3128 9500
3619 9992
3554 9417
3403 9318
3869 9776
2278 8662
3491 9361
2143 8556
3988 9890
3452 9280
2386 8209
3129 9585
3871 9815
3257 9712
3037 8855
3979 9920
3255 9703
2263 8581
2820 8785
3059 8873
2825 8786
3319 9623
2874 8795
2325 8319
2060 8572
4038 9911
3142 9522
2421 8194
2235 8643
2308 8319
2259 8623
3225 9700
2405 8421
3399 9408
3239 9519
3107 9642
2447 8198
2862 8868
3333 9358
3104 9643
3277 9542
3041 8814
2209 8496
3534 9309
2358 8357
3923 9920
2675 9189
2502 8273
4089 9825
3846 9885
2779 9024
3407 9425
3269 9572
3417 9469
3030 8817
3133 9621
3975 9771
2115 8689
4062 9834
2560 9145
2757 9086
3991 9768
3275 9482
2194 8535
3459 9294
2165 8612
2492 8303
3279 9500
2740 9071
2133 8587
2587 9211
2483 8276
3891 9947
2507 8230
2988 8797
2465 8283
3009 8762
3393 9405
3464 9333
3499 9302
3088 9744
2903 8534
3872 9510
3731 9365
2475 9122
3182 9826
2295 8955
3157 9816
3598 9219
2284 8948
2391 9077
3606 9274
2750 8339
3634 9245
4014 9631
3856 9505
2819 8506
3976 9654
2921 8491
3188 9782
3068 8628
2853 8559
2305 9036
2731 8420
3317 9893
2643 8194
2469 9204
2821 8541
2390 8974
2206 8903
3132 9824
3729 9420
2569 8299
2496 9123
2531 9095
2844 8565
2587 8306
2297 8850
2745 8402
2606 8259
2588 8301
3843 9585
2692 8432
3703 9231
2163 8714
2834 8552
4016 9674
2401 8986
2124 8759
3656 9269
2358 9035
2167 8949
2095 8877
2749 8249
2746 8252
2108 8887
3236 9780
3963 9704
4048 9539
2311 9108
2909 8648
2454 8973
4036 9567
4078 9587
3735 9225
3152 9935
3588 9380
3033 8569
2422 9175
4087 9554
2206 8760
3700 9426
2108 8859
2851 8585
2843 8624
3816 9284
4025 9495
3203 9778
2885 8695
3793 9315
3005 8462
2756 8311
3010 8564
3851 9660
4031 9479
2452 9040
3200 9797
2633 8332
2523 8989
3300 9763
2093 8938
3285 9756
2099 8954
3663 9349
2636 8327
3693 9403
2800 8234
2186 8811
3044 8454
2775 8243
2450 9079
2136 8883
2449 9082
3317 9758
2660 8329
2418 9091
2608 8390
2641 8360
2486 9034
3975 9594
2664 8553
3772 9657
3563 9968
2368 8802
3869 9278
3521 9960
3847 9262
2354 8728
3897 9236
2825 8251
2140 9064
3688 9565
2708 8616
2759 8698
2738 8588
3764 9717
3875 9318
3607 9566
2048 9034
2639 8448
2132 8987
4028 9452
2362 8810
3939 9265
3590 9557
2393 8717
3618 9590
2960 8388
2356 8808
3514 9944
3820 9610
3434 9730
3848 9315
4039 9384
3853 9341
2615 8518
2618 8515
4044 9393
2446 8945
3912 9416
3734 9492
2216 9006
3580 9840
3331 9869
2208 9011
3969 9237
2701 8472
2083 9142
4006 9265
3362 9918
2934 8424
2476 8712
2783 8570
2563 8613
4084 9299
2075 9140
3578 9802
3847 9398
2605 8600
3999 9256
2122 9202
2083 9115
3569 9803
3648 9724
4045 9329
2322 8916
2334 8917
2427 8875
3596 9693
4019 9317
2748 8555
3827 9508
2659 8632
3896 9443
3891 9431
3646 9691
2234 9041
3794 9534
2827 8440
2214 9055
3557 9753
3122 8242
2607 9772
3172 8289
2597 9769
3625 8741
2541 9697
3162 8277
2190 9375
2790 9971
2286 9464
3801 8910
3850 8978
3350 8459
2517 9672
2223 9393
2082 9277
3995 9092
3218 8368
4085 9174
3828 8914
4013 9093
3106 8202
2584 9776
4007 9100
3921 9057
2479 9628
2403 9552
3619 8725
2693 9916
2682 9792
2175 9279
2221 9449
3664 8726
3284 8338
2626 9732
3145 8206
3814 8879
3748 8941
4042 9093
2904 9993
2280 9402
2509 9630
3271 8337
2600 9854
3973 9183
2783 9858
2709 9931
3928 9017
2545 9616
2149 9228
3794 8889
2478 9695
2265 9387
2785 9876
2219 9426
2439 9725
3419 8487
2507 9652
3540 8532
3452 8702
2735 9772
2357 9654
2058 9359
3768 8766
4037 9038
2542 9571
3547 8520
2647 9923
3195 8430
3254 8224
3947 9213
2250 9297
4093 9059
3347 8588
3184 8401
3953 9176
3707 8918
3188 8388
2769 9831
2416 9673
3475 8494
4011 9070
2721 9831
3633 8952
3934 9108
3095 8412
2079 9428
3938 9143
2599 9970
3827 8740
4039 8988
2757 9767
4052 9020
3233 8265
3683 8842
2484 9560
2309 9716
2159 9372
2372 9659
4056 8921
3705 9080
3219 8596
2353 9270
4010 8877
3461 8335
3387 8240
2114 9548
3813 9206
3454 8296
3409 8269
2109 9504
3023 9964
2957 9897
2080 9481
3308 8646
3650 9064
3143 8555
3732 9145
2258 9724
3448 8264
3243 8593
3433 8274
3656 8968
3526 8324
3953 8754
3083 8526
3327 8632
3685 9004
3965 8756
4050 8834
3594 9052
3759 9200
2879 9821
3177 8460
2858 9804
3424 8202
2438 9448
3941 8720
2426 9218
3326 8582
2146 9498
3004 9927
2260 9641
2868 9909
3097 8606
4042 8772
2881 9937
2831 9883
3543 8257
3862 8840
3944 8950
3595 9128
3545 8317
2174 9690
3151 8681
3635 9115
2242 9587
3171 8663
3358 8361
2239 9478
2959 9781
3803 9063
3506 8305
3671 9118
2906 9872
2202 9556
3187 8636
2530 9270
3170 8631
3874 8954
2832 9931
3613 9155
3155 8589
3803 9021
2505 9273
2389 9381
2400 9373
3309 8466
2127 9807
2719 9362
3409 9055
3414 9028
2120 9810
3928 8514
3283 8904
3179 8779
4028 8602
3267 8932
3650 8297
2598 9229
2602 9223
3958 8536
3148 8803
2725 9444
2187 9933
3213 8907
2752 9350
2168 9791
3722 8391
3335 9033
3406 8990
2811 9391
3241 8956
3718 8400
3161 8704
3925 8463
2997 9705
3472 9208
2834 9593
3661 8255
3512 9164
3738 8431
2802 9348
3223 8940
3228 8928
3550 9123
3164 8738
3597 8306
3031 9553
3554 9061
3679 8407
4034 8527
3201 8722
2577 9348
3093 8845
2819 9625
2968 9477
3499 9012
2109 9885
2142 9983
3381 9111
2912 9667
2932 9692
2811 9303
2124 9952
4065 8525
3642 8342
4024 8456
3186 8902
3219 8743
2645 9453
2285 9815
3073 8890
3320 8773
2122 9975
2945 9537
3226 8794
3743 8285
2835 9685
3160 8849
2618 9459
3724 8284
3890 8673
3165 8843
2781 9218
2136 9913
2679 9364
3795 8240
3425 9095
3749 8259
3824 8215
3164 8885
3616 8394
2581 9470
3127 8924
3993 8564
3615 8431
3945 8603
3940 8598
3329 9202
4086 8451
3714 8312
2935 9611
2183 9849
2153 9879
3537 8917
4094 8443
4095 8441
2629 9549
3739 8596
2923 9316
2837 9216
3468 8859
3839 8679
2912 9280
3628 8460
3894 8211
3011 9446
2562 9515
3867 8233
3078 9020
3050 9424
2863 9235
3079 9019
3345 8750
2745 9723
2724 9696
2921 9260
2926 9259
3355 8798
3442 8756
3810 8618
3735 8671
3338 8774
3837 8612
2342 9852
2327 9805
3430 8710
3462 8934
2654 9526
2922 9223
2426 9740
2336 9816
2453 9966
3353 8857
2362 9915
2845 9374
2874 9401
2769 9559
3897 8375
3377 8865
2828 9375
2901 9408
3839 8551
3529 8787
3238 9018
2622 9635
2453 9736
3412 8906
2649 9723
3306 9025
3789 8546
3570 8770
2459 9775
2700 9531
3679 8678
3491 8732
3130 9210
2782 9502
2558 9791
4061 8223
2714 9564
3779 8452
2623 9718
3439 8867
2954 9306
2754 9489
2806 9506
2364 9961
2396 9865
4064 8248
3644 8668
3022 9263
3778 8483
2774 9523
3071 9242
3210 9056
2886 9389
2854 9418
2905 9397
2694 9588
3603 8676
3610 8673
3087 9200
4485 8580
4475 8572
5058 9167
4511 8590
4795 8872
5348 9456
4613 8721
4861 8938
4194 8309
5597 9668
5835 9941
5513 9622
4167 8293
4901 8961
4955 9087
5307 9372
5538 9610
4235 8359
5616 9694
5565 9609
4501 8620
5848 9955
5409 9503
4538 8697
5173 9331
4255 8407
5756 9777
5580 9629
4231 8405
5370 9389
5281 9464
5677 9846
5326 9363
4213 8234
5213 9276
5562 9688
5838 9901
5191 9259
5100 9090
4982 8984
4680 8743
5504 9715
4954 8994
5041 9163
4166 8248
4154 8260
5455 9679
5025 9001
4175 8389
5519 9476
5525 9499
4286 8235
4679 8912
5709 9943
5624 9570
5566 9507
5054 8993
4661 8852
5683 9873
5071 9068
4994 9002
4140 8349
5880 9801
4267 8216
5025 8980
5774 9784
4385 8603
5730 9949
4170 8331
4108 8397
4477 8638
4851 8757
5615 9513
5352 9276
4774 8816
4103 8410
5515 9558
4626 8946
4644 8902
5448 9642
5441 9634
6131 10000
5057 8994
5574 9506
4164 8354
5722 9906
4110 8420
5503 9620
5553 9564
5619 9475
4572 8492
4364 8703
4594 8449
4637 8937
5758 9864
4152 8387
4784 8780
5469 9635
5900 9741
5400 9243
5350 9710
5471 9298
4876 8733
6052 9911
5057 8914
4543 8361
4663 9004
5128 9514
6019 9888
5286 9615
4506 8371
4552 8417
4546 8425
4857 9170
4939 8826
4374 8231
4337 8640
5183 9486
5116 8905
6128 9926
4790 9101
6084 9977
5288 9623
4662 9078
5574 9351
4236 8655
5528 9436
6038 9939
4263 8674
4573 8339
4463 8254
4353 8272
5107 8871
4482 8404
4102 8540
4916 8811
4690 9010
6033 9973
4269 8648
4601 8350
4791 9181
4473 8213
4473 8200
5412 9303
4755 9184
5060 8880
5345 9625
5430 9290
5186 9535
5197 9676
5223 9710
5164 9632
4808 9029
4731 9194
6091 9817
4786 8996
4181 8653
4950 8911
4661 9131
5272 9479
6138 9819
4374 8370
4823 9074
4788 8989
5800 9988
4365 8355
6018 9773
5135 9662
4174 8703
4643 9105
4956 8943
4811 9073
4777 8982
5387 9419
5323 9482
5198 9613
4735 9146
4693 9119
5280 9578
4291 8456
4183 8601
5530 9291
5893 9937
5417 9462
4289 8480
4134 8645
5364 9495
4292 8487
4814 9002
5931 9935
5058 8741
4253 8560
5868 9985
4266 8516
6122 9759
5298 9541
5519 9336
6083 9666
5391 9997
4591 9196
5812 9394
4688 8282
4230 8842
4957 8531
4262 8885
5406 9990
4437 9037
4800 8410
6056 9655
4803 8418
4645 8196
6104 9722
5157 9730
5820 9366
4869 8488
4724 8282
5145 9770
5326 9976
6095 9720
5946 9485
5766 9404
5096 8659
5181 9729
6009 9541
6143 9662
4119 8790
4362 9027
4719 8228
4483 9164
4889 8520
5802 9468
5945 9582
5731 9268
4585 9138
6013 9510
5172 9832
5330 9871
4928 8484
5719 9274
5956 9514
4184 8744
5744 9220
6077 9675
4870 8568
5501 9986
4189 8925
4375 9110
4929 8642
5222 9953
6129 9597
4569 9044
5350 9847
4499 8966
5274 9728
4675 8413
4807 8293
4197 8899
4641 8326
5353 9795
5182 9871
4944 8679
5845 9322
4732 8382
4656 8435
4844 8239
5309 9851
4652 8416
5803 9338
4240 8773
5827 9238
5988 9658
4540 9054
4762 8313
5691 9432
5815 9296
5963 9633
5262 9828
5007 8548
5815 9304
4907 8644
4365 9213
4111 8958
6115 9499
5032 8530
5636 9465
4897 8670
4651 8490
4734 8570
4574 8922
5462 9810
4258 9126
6101 9425
5081 8412
5943 9275
4997 8331
4444 8787
5014 8327
4118 9012
5097 8394
5557 9875
4898 8196
5661 9530
6106 9458
5468 9845
4838 8652
4296 9187
5855 9713
5885 9677
4494 8894
5668 9493
5434 9742
4879 8250
5674 9488
5787 9632
5548 9875
5966 9230
5424 9842
5026 8426
5797 9711
4464 8763
4605 8869
5785 9664
4537 8930
5578 9877
5644 9580
4701 8504
4953 8255
5708 9508
4647 8524
5655 9595
5623 9881
5242 9995
4452 8725
5834 9663
4586 8849
5560 9924
4665 8635
4261 8993
4256 8996
4585 8813
5055 8247
5563 9779
4370 8856
4811 8512
4874 8321
4129 9132
5989 9450
5483 9979
5904 9344
4719 8700
4551 8797
5738 9719
4624 8625
4846 8524
4914 8343
6074 9245
5575 9838
6072 9234
4697 8692
4555 8805
4927 8337
4269 8963
4413 8851
5602 9814
4781 8471
4443 8933
4239 9035
4801 8453
4347 9022
5892 9421
5996 9376
4619 8665
5070 8220
5533 9800
4326 9008
5861 9522
4101 9170
4825 8449
4436 8843
6033 9333
4560 8758
6091 9261
4913 8409
5978 9395
6093 9255
4168 9127
4615 8692
4236 9083
5925 9435
5752 9606
6068 9141
5272 8347
4795 9898
5292 8382
5307 8367
4226 9367
4180 9292
5910 8974
4858 9958
5317 8409
5695 8739
4522 9655
4347 9445
5783 8840
4813 9967
4307 9463
4531 9624
5199 8290
5282 8333
5196 8316
4567 9699
4812 9976
4431 9592
5789 8869
5320 8433
5669 8804
5250 8385
5609 8621
5573 8579
4474 9533
4296 9346
4133 9321
5409 8558
5338 8330
4200 9273
5215 8205
4705 9778
6098 9094
4507 9678
5176 8302
4851 9892
5862 8881
5661 8778
4201 9264
4456 9525
4119 9335
5151 8308
4800 9904
4250 9453
4702 9765
5166 8275
5534 8675
4818 9900
4184 9436
5963 9165
5199 8393
5465 8656
5842 8798
5244 8427
5214 8384
5467 8702
5673 8835
5354 8261
5857 8784
5749 8903
5735 8916
4509 9513
4451 9686
5733 8868
5606 8485
5753 8895
6010 9136
5777 8796
4667 9959
5131 8405
5702 8870
5882 8730
5388 8682
5552 8539
5170 8415
4428 9634
4650 9946
5797 8788
4420 9663
5168 8398
4540 9538
6084 9019
4557 9421
4989 9843
5754 9066
4880 9733
5432 8238
6047 8838
5289 8627
5637 8991
5608 8392
4173 9576
4149 9490
5692 8981
4990 9812
5269 8633
4564 9466
4390 9234
4282 9600
6132 8884
4535 9462
5503 8253
5838 9101
4303 9611
4358 9293
6078 8949
4186 9483
5817 9192
5440 8210
6019 8918
4480 9430
5104 9895
6114 8890
4604 9381
5858 9151
5692 9048
4562 9400
4337 9626
5067 9894
5781 9210
5862 9111
5776 9188
5507 8436
4905 9822
4446 9438
5979 8925
5839 9033
5367 8573
4202 9700
4559 9309
5727 9159
6100 8783
5973 8904
4483 9251
5897 8875
4459 9423
5656 9149
5672 9102
4253 9530
4584 9284
5779 9023
4941 9952
4872 9894
4916 9860
5153 8592
5545 8219
4310 9573
4193 9687
6143 8771
4183 9707
5368 8519
4510 9310
4320 9509
6002 8888
6078 8817
5750 9125
4479 9386
6118 8767
5658 9153
5628 8217
5738 9100
5933 8901
5593 8237
4208 9605
6086 8753
5177 8641
5484 8340
5652 9197
5585 8232
5442 9027
5206 8791
5888 8450
5110 9714
5389 8970
5010 9630
4332 9977
4297 9951
4710 9328
5454 9046
4984 9568
4828 9413
5861 8446
4371 9999
5549 9097
5782 8368
5584 9208
5083 9715
5586 9212
5189 8820
4737 9392
5453 9080
5671 8223
4746 9399
5965 8560
5059 9602
4760 9435
5772 8399
5693 8313
4292 9856
4646 9313
5521 9176
4295 9866
5427 9085
5211 8714
5009 9669
4260 9969
4829 9355
6141 8609
6007 8491
6012 8480
4873 9558
5591 9141
4967 9474
5550 9160
4659 9311
4153 9813
5907 8574
5432 9032
5858 8338
5188 8752
5523 9190
5546 9169
4799 9410
5072 9646
4859 9324
5666 8377
5890 8606
5968 8653
4097 9891
5315 8809
5525 8999
5820 8200
4328 9820
4316 9833
5596 9065
5285 8723
5152 8861
5765 8263
5726 8346
5495 9138
5481 9120
5296 8825
5977 8594
6106 8468
5119 9520
6109 8466
5631 9008
4758 9286
4235 9818
4722 9379
5682 8419
5497 9130
4124 9925
5839 8212
5276 8769
5416 9162
6057 8522
4829 9269
4307 9788
5991 8584
4310 9785
4747 9337
5082 9516
4219 9858
5707 8375
4736 9342
5952 8256
5245 9084
5479 8800
4793 9651
5810 8633
4525 9889
6025 8324
5795 8622
5124 8971
4370 9757
5695 8495
4117 9991
6073 8362
5002 9366
5670 8507
5710 8559
4917 9233
5348 9163
5426 8706
4650 9496
5264 9124
5017 9382
4656 9487
5928 8301
4895 9305
4690 9492
5424 8823
4726 9532
4926 9332
4902 9323
5909 8263
4754 9665
6083 8336
4552 9884
5860 8626
5259 9180
4400 9833
4824 9601
4438 9743
5267 9161
5275 9159
5945 8295
5388 8815
4425 9760
5256 9186
4697 9524
5077 9382
4748 9716
6088 8370
5617 8846
5439 8893
4392 9899
5689 8634
4796 9531
4427 9921
4769 9518
5650 8605
5162 9146
5069 9308
5499 8937
5257 8987
5916 8328
4360 9874
5710 8656
4595 9837
5405 8893
5243 9179
4847 9546
5362 9044
5125 9133
5915 8373
4771 9491
5844 8556
5940 8333
4830 9573
5656 8665
6089 8203
4859 9534
5403 8915
4949 9374
4563 9735
5304 9070
5949 8427
4541 9835
5418 8947
5397 8905
4745 9559
5578 8724
5689 8666
5760 8547
5310 9050
5743 8587
6097 8246
4843 9474
5983 8372
5703 8617
5161 9177
5339 9005
4588 9755
4629 9709
5602 8734
7419 9466
7134 9177
7881 9922
6653 8688
6659 8721
7094 9125
6667 8733
7318 9344
7263 9288
7583 9607
6447 8500
6761 8818
7028 9045
6399 8413
6852 8928
6896 8919
6363 8439
6217 8295
6639 8664
7689 9780
7707 9817
6287 8395
7149 9129
7370 9358
6758 8736
7505 9497
7061 9180
7397 9387
7084 9214
6309 8433
7857 9956
6869 8835
6855 8848
6957 9076
7248 9226
7549 9505
7923 9901
7848 9974
6585 8669
6156 8294
7446 9574
7115 9147
6673 8801
7690 9851
6185 8280
6683 8807
7013 8984
7332 9433
6537 8694
6481 8658
7722 9902
6622 8537
6382 8297
7369 9281
7024 9211
6292 8217
7434 9605
6716 8874
6214 8422
8101 9988
6811 8760
7331 9220
7021 9157
7508 9721
7605 9477
7824 9761
6660 8881
7255 9441
6507 8668
6671 8886
6786 8761
6510 8619
6461 8699
7193 9439
7390 9241
7708 9942
6494 8591
6979 9105
6944 9205
6233 8332
6296 8260
7399 9272
7319 9334
6331 8281
7710 9979
7507 9656
7213 9411
7847 9814
7595 9562
7746 9905
6607 8507
6268 8323
7372 9670
7596 9377
6605 8384
6807 9099
7384 9720
6627 8385
7649 9412
6211 8549
6534 8367
6218 8548
7673 9419
6542 8378
7555 9399
7018 8796
8015 9844
7128 8933
7672 9415
6961 8718
6149 8517
6799 9161
7122 8853
6245 8493
6850 9099
7048 8899
6320 8701
6530 8399
7627 9371
6620 8334
6778 9006
6590 8423
6694 9083
6194 8530
7440 9331
6228 8486
6416 8292
6173 8549
6925 8820
6474 8241
7319 9708
7165 8838
6956 8785
7954 9836
6577 8398
7817 9993
8162 9827
6672 9109
8148 9809
6308 8481
7679 9335
6153 8579
6902 9085
7599 9249
6940 8844
7032 8939
6293 8450
6606 8278
8118 9748
6593 8291
7957 9917
7254 9726
7116 8801
7141 8788
7299 9527
6588 8201
7994 9868
7310 9550
8076 9806
7194 9689
6950 8939
7537 9407
6155 8644
8024 9868
7345 9583
6243 8636
6553 8307
7462 9416
7944 9980
6565 8284
7611 9282
7086 8786
8058 9598
6604 9157
6681 8210
8064 9614
7702 9241
7203 9783
7111 8659
6325 8864
6242 8830
6693 8197
8056 9561
6303 8892
8144 9719
7025 8536
7322 9896
8135 9717
6732 8314
6157 8762
7098 8582
6655 9151
7120 8599
6158 8772
8061 9521
7712 9326
7764 9222
7807 9260
6996 8455
8056 9516
7246 9751
6935 8523
6381 8880
7728 9327
7899 9402
6539 9197
6454 9053
7045 8683
7007 8497
8066 9714
7186 9829
6752 8215
6727 8390
7914 9320
7143 8545
7834 9235
6504 9185
8168 9569
7890 9307
6994 8664
7411 9855
6712 8374
6600 9053
6763 8439
6206 8862
7286 9938
6249 8921
7139 8529
6173 8878
6601 9086
8108 9494
7781 9438
7604 9994
7909 9253
6638 9003
7079 8545
6486 9116
6652 9014
6403 9171
8090 9547
7334 9843
6208 8854
8077 9563
7249 9865
6498 9147
6675 8396
6204 8931
8160 9488
6894 8222
7920 9219
6336 8764
7076 8356
6797 8583
6550 8861
6273 9104
6654 8943
6251 9081
7679 9961
6918 8208
6467 8789
8016 9287
8153 9409
7518 9796
7142 8445
7093 8360
8060 9313
7879 9688
6221 9069
8000 9312
8129 9442
6367 9209
6963 8219
6533 8876
6832 8601
7640 9971
8133 9454
6146 9007
7025 8264
7861 9614
7818 9649
7503 9735
7016 8231
6952 8315
6582 8930
7729 9574
6269 8997
8160 9404
7874 9629
6923 8276
8095 9470
6892 8590
7267 9984
6614 8882
7888 9653
7948 9323
7904 9608
6291 9215
7071 8434
7972 9291
7105 8369
7928 9604
6586 8900
6342 9030
8014 9423
7996 9406
7947 9352
7106 8257
6563 8742
7082 8226
7787 9702
6937 8343
7087 8254
6892 8571
6640 8807
6853 8540
6445 8886
8075 9238
6854 8551
8021 9460
6982 8419
6183 9089
6887 8534
6262 9154
7481 9870
6908 8513
8052 9418
6307 9063
6636 8746
6447 8931
6561 8824
7687 9694
8188 9240
7560 9830
6238 9134
7501 9916
6241 9112
7472 9930
8045 9367
7710 8734
8083 9106
6500 9575
7558 8578
6719 9787
7428 8461
8097 9135
7429 8458
6395 9451
7527 8567
6789 9876
7460 8502
7252 8256
6471 9554
7791 8821
6603 9681
7395 8447
7250 8268
6423 9521
6765 9803
6340 9455
7477 8473
6240 9294
7465 8454
6551 9656
7512 8557
6346 9468
7194 8237
6665 9777
6755 9820
8069 9156
6866 9882
6619 9618
6309 9449
6466 9486
6431 9552
7170 8269
8131 9107
7668 8610
7539 8484
8081 9158
7369 8341
6376 9354
8028 9022
6276 9440
6580 9682
7293 8218
7788 8709
6371 9352
6661 9845
6795 9978
6550 9701
7375 8377
7569 8686
7192 8346
8154 9049
6266 9471
6294 9232
7435 8578
6686 9879
7908 8809
7541 8699
7966 9104
7521 8687
6330 9258
6298 9224
6641 9572
7902 8777
7475 8617
6392 9316
6627 9597
6478 9680
7830 8712
6261 9429
8006 9190
8008 9193
7354 8220
7691 8865
7933 8784
7449 8631
7759 8929
7849 8731
6867 9829
7745 8837
7517 8600
6532 9537
6754 9902
6816 9837
6667 9950
7682 8920
6808 9841
7648 8457
8024 9137
6540 9599
7176 8444
6697 9951
6470 9649
7751 8894
6389 9231
8026 8799
7082 9900
7114 9921
7054 9857
6159 9472
7288 8553
6197 9511
7154 9953
6302 9607
6459 9250
7135 9923
8151 8951
7341 8585
7747 9062
6368 9674
7454 8244
6356 9726
7912 9158
8061 8779
7720 8991
7715 8986
6541 9396
6395 9665
6531 9401
7068 9948
8044 8751
6942 9811
7687 9045
7609 8429
8053 8749
6189 9591
7922 9135
6745 9991
6477 9261
7050 9963
7306 8680
6590 9434
6161 9588
7077 9930
6570 9432
7463 8274
7792 8967
8183 8841
7095 9928
7633 8272
8081 8723
7138 9834
6424 9356
7461 8376
6915 9884
6511 9420
7132 9850
7911 9039
6443 9349
7301 8490
6952 9863
7490 8432
7067 9774
8174 8792
7628 8314
7626 8317
6992 9959
6313 9489
6450 9353
8152 8729
7782 9127
7526 8364
6918 9933
7765 9113
6240 9648
6358 9478
7585 8309
7402 8499
6429 9412
6440 9457
8118 8812
7159 9770
8115 8814
7541 8363
6449 9455
7872 8998
8034 8837
7769 9150
7797 9117
6936 9973
6210 9647
7884 9016
7256 8622
6320 9543
6184 9682
7260 8615
7010 9886
8013 8883
7911 8423
6786 9347
7177 8715
6979 9540
6821 9388
7571 9114
6409 9990
7781 8311
8186 8687
6316 9908
7652 9215
6367 9922
7688 8238
6920 9518
7545 9054
6180 9741
7618 9195
7551 9039
7448 9000
7062 9638
7889 8421
7806 8267
7858 8330
7472 8969
6174 9763
6350 9968
6858 9355
6822 9447
7223 8819
7447 9040
6986 9472
7092 9701
6686 9290
7929 8365
6986 9501
7909 8380
7334 8955
7081 9673
7997 8543
7364 8874
7936 8562
7860 8391
7994 8516
7117 9650
6752 9247
7174 8834
7178 8847
8052 8691
7516 9172
7159 9593
7076 9524
8079 8476
6380 9848
7943 8592
7840 8198
7719 8321
7455 9139
6292 9784
6180 9866
6328 9750
7359 8719
6860 9340
7635 9056
7946 8627
7778 8411
6783 9414
7531 9168
6880 9307
6195 9970
8169 8492
8141 8453
8153 8468
6229 9880
7573 9024
7893 8205
7536 9129
7262 8832
7486 9184
6981 9637
7562 9067
7094 9556
7731 8400
7903 8252
6214 9890
7758 8352
6237 9906
7658 8965
6726 9385
7515 9121
8051 8584
7103 9540
6482 9811
7385 9178
8111 8362
7004 9305
7351 9137
7224 9023
6613 9948
8109 8353
6958 9248
7328 9134
7459 8748
8071 8342
6460 9774
6836 9644
7191 8975
7864 8602
7700 8509
7218 8985
7552 8876
6670 9535
8047 8286
6743 9569
7783 8528
7998 8195
7870 8577
7381 9109
6548 9941
6831 9709
7261 8983
6844 9718
8167 8365
6577 9982
7482 8808
6916 9296
6425 9804
6823 9727
7755 8467
7926 8623
6749 9476
7757 8470
7931 8614
8170 8335
7504 8766
6476 9762
7542 8708
7004 9257
7280 8970
6914 9351
6431 9882
7396 9068
6777 9713
7155 9336
6908 9586
7863 8505
6636 9852
7216 9121
7179 9112
7614 8745
6856 9555
7888 8561
7642 8829
7337 8961
6838 9498
7856 8477
6568 9752
7893 8550
6681 9645
6784 9525
7983 8344
6532 9790
6507 9940
7325 9049
6633 9773
7474 8951
6536 9806
7671 8767
6640 9786
7968 8429
6748 9618
8051 8381
7855 8575
7278 9150
7357 9071
7304 9052
8119 8289
7479 8929
7239 9118
7429 8926
7809 8541
8187 8229
7145 9227
7741 8671
7882 8495
7721 8654
6536 9825
7157 9246
6862 9509
7073 9292
7947 8443
6920 9465
6794 9595
6976 9397
7587 8792
7762 8621
