100 107
28 30
53 55
33 34
72 76
57 60
74 76
8 15
73 78
9 14
81 89
20 29
82 91
18 24
84 91
6 23
39 54
41 58
4 16
40 60
67 87
37 48
67 84
33 59
69 88
9 23
6 38
1 35
1 34
71 100
67 96
71 99
8 32
2 41
27 48
19 56
31 51
18 63
31 49
12 35
25 54
21 38
5 51
24 47
22 46
2 58
13 53
20 45
11 50
89 98
1 58
12 50
95 96
11 52
26 37
3 65
22 85
19 86
7 66
1 70
27 87
4 74
16 65
29 79
15 90
5 80
28 75
21 77
15 87
26 70
3 94
10 87
13 83
14 80
63 97
7 88
42 75
45 78
58 92
10 99
56 81
43 66
43 64
44 64
61 83
15 96
41 70
62 79
39 86
44 93
52 70
47 93
17 98
46 90
57 77
61 72
49 68
17 100
41 95
36 92
59 67
25 97
36 94
62 68
40 82
30 96
55 73
42 85
