10000 10001
2506 2507
100 101
7188 7189
2473 2474
7140 7143
2914 2918
7432 7436
8939 8943
9049 9052
2995 2997
6529 6534
2710 2718
2308 2316
4176 4184
8240 8248
1557 1564
882 891
4530 4536
1569 1579
2849 2858
7541 7550
804 808
6036 6040
931 942
4787 4798
4583 4586
6070 6075
9907 9917
7959 7961
1443 1452
4880 4895
6606 6622
5803 5819
1193 1208
1218 1235
9894 9911
7271 7286
1359 1373
7342 7356
9097 9115
641 661
9060 9072
7810 7830
2607 2618
5283 5302
9253 9264
8399 8409
3172 3187
3780 3795
5036 5051
9384 9407
9164 9179
352 376
6017 6041
1322 1331
2919 2942
9440 9465
9550 9556
6767 6772
7492 7512
583 602
1604 1625
1760 1789
1191 1210
8672 8702
9027 9053
1763 1788
774 807
5255 5286
1281 1315
654 685
6935 6964
4755 4791
5321 5357
1040 1077
2392 2430
391 417
5469 5499
7129 7166
7324 7355
7747 7780
3076 3116
2962 3002
3734 3774
5645 5669
3722 3747
6552 6577
964 1006
9311 9333
16 59
735 756
1613 1638
7704 7732
4618 4647
4609 4652
2125 2147
9743 9761
3399 3447
9805 9853
3663 3710
8538 8552
4691 4704
2950 2997
8924 8936
6677 6688
7106 7156
6221 6267
8401 8422
6347 6396
985 992
2624 2681
7876 7934
5380 5439
9951 9956
9820 9831
1499 1511
2069 2088
4815 4850
7134 7139
8733 8739
3202 3261
522 586
9103 9167
2063 2126
7859 7922
5414 5479
7609 7675
3877 3942
1939 2000
7086 7149
8726 8786
3336 3405
8479 8537
6784 6854
2340 2403
8125 8186
6801 6870
4253 4309
3845 3917
3843 3915
7571 7643
5937 6008
7703 7774
151 221
9484 9542
5120 5194
7947 8001
1969 2042
7298 7369
2489 2549
6967 7035
4271 4322
9777 9852
7445 7512
3973 4043
8379 8437
6658 6732
6807 6873
6823 6888
3469 3549
3372 3452
7185 7233
5037 5117
1053 1103
159 205
26 72
6927 7005
3718 3797
9655 9700
8379 8424
8510 8557
5815 5859
533 576
4016 4069
9878 9923
4386 4468
5522 5572
646 721
4400 4455
1973 2029
7087 7159
1962 2035
9381 9468
5045 5100
2089 2163
3246 3316
7176 7250
5157 5247
1848 1891
925 960
5668 5754
659 753
9008 9042
5437 5471
3984 4083
5299 5328
9363 9456
4393 4429
9512 9548
3354 3455
7851 7885
6685 6779
3892 3923
3496 3535
8488 8527
5143 5232
4524 4548
4521 4544
3508 3549
5525 5628
9492 9597
5796 5837
771 873
812 839
1205 1246
410 502
3586 3694
3367 3402
8469 8568
5918 6003
3235 3277
9225 9319
6819 6861
8731 8821
1553 1662
4027 4052
9642 9669
8090 8170
3968 4081
6798 6911
6155 6266
8762 8779
4487 4597
5049 5067
9749 9831
3111 3155
4512 4565
7301 7408
1976 1998
7042 7162
3502 3543
6295 6382
6155 6258
1164 1270
4750 4852
1 122
7724 7767
5689 5701
1965 2000
8744 8789
7052 7153
6203 6213
9118 9184
9472 9598
5679 5713
2712 2791
4287 4288
6500 6628
9500 9628
9784 9914
5233 5363
2378 2505
562 689
4141 4270
3919 4043
4430 4555
4472 4606
5945 6079
7428 7554
6400 6535
5687 5823
581 716
8018 8155
7185 7320
5901 6020
1799 1933
4624 4762
9041 9181
4366 4483
356 489
1836 1953
2926 3043
1558 1688
5925 6058
7234 7373
9796 9931
7223 7335
9752 9864
3958 4071
5706 5851
4670 4780
119 228
6663 6803
3851 3998
6225 6340
2328 2446
1067 1212
7545 7662
8056 8160
8043 8179
1909 2028
4671 4774
314 416
5448 5586
303 436
5661 5766
4463 4595
4634 4743
6977 7132
4213 4331
5434 5540
9543 9688
8296 8392
5906 6066
9498 9659
7186 7347
4623 4781
3151 3309
9269 9367
6414 6573
5222 5317
6695 6788
3909 4064
6923 7085
2675 2772
2916 3020
2669 2757
3848 4001
894 983
8750 8839
1086 1172
9065 9155
8970 9126
8195 8367
9274 9366
9829 9929
5962 6118
6174 6322
7452 7600
549 648
3591 3754
6439 6538
8962 9135
6754 6860
3397 3562
777 953
3132 3212
6951 7063
7294 7374
9748 9893
307 385
1113 1261
4132 4241
1827 1941
6489 6639
8060 8132
2663 2782
8993 9112
3186 3272
5170 5256
6182 6300
1885 2022
2667 2768
2896 3051
3650 3833
9828 9951
7960 8099
5655 5804
284 416
6722 6910
8799 8931
2323 2477
3896 3974
3637 3723
8250 8324
1318 1433
2595 2787
2393 2457
2054 2247
6692 6885
612 678
829 1016
3698 3767
2647 2705
9517 9706
9272 9456
3097 3280
2401 2472
7723 7906
5714 5787
52 254
8997 9199
5391 5572
852 920
1402 1462
1864 1925
7509 7576
6742 6811
3424 3502
3888 4094
7729 7935
7706 7892
7692 7874
1041 1246
3103 3280
7513 7574
8296 8359
7709 7885
1040 1217
2670 2751
1061 1271
2097 2275
5219 5297
27 200
265 474
9076 9127
6263 6307
2931 2982
2339 2549
2354 2532
8777 8849
5429 5612
7539 7592
4420 4504
7228 7392
4466 4527
9325 9392
4172 4242
2367 2529
5636 5850
1616 1679
4402 4589
5727 5760
8454 8665
1132 1164
8998 9159
2156 2190
1536 1762
8726 8948
7281 7315
8474 8697
6409 6637
1842 2007
7231 7385
9253 9410
1911 1951
2079 2295
8981 9213
4098 4331
2669 2695
9484 9702
3328 3563
7029 7070
9492 9727
6928 7165
7012 7049
6767 6785
2166 2201
9730 9965
5399 5624
5913 6134
818 962
7198 7406
3174 3223
574 719
2649 2728
4692 4773
9580 9629
8709 8948
9252 9429
8967 9206
8493 8670
4222 4235
69 176
6928 7141
6231 6306
8014 8123
784 998
2562 2805
2649 2734
8062 8073
1562 1763
2925 2964
5496 5505
2868 3022
3634 3784
611 671
278 491
874 919
6729 6836
3910 4024
3140 3258
3366 3545
2870 3017
6763 6804
2060 2316
9469 9725
8786 9042
2066 2323
108 365
8431 8686
4300 4558
3634 3894
5171 5431
1725 1976
6810 7071
4150 4400
8771 9029
1569 1830
3110 3361
2814 3062
5860 6125
4335 4580
5235 5496
699 951
5243 5495
1635 1902
5160 5413
678 936
4693 4955
7690 7941
4660 4900
7367 7639
1599 1838
1765 2036
5732 6005
1739 2009
7818 8088
4229 4502
8304 8548
7212 7480
3238 3507
6323 6566
6880 7157
5263 5530
8776 9053
1703 1969
9348 9618
3145 3422
1575 1840
2258 2501
1685 1933
6206 6438
8328 8592
30 263
3793 4040
4134 4415
1721 1955
6671 6933
5277 5511
5362 5609
8281 8514
6298 6534
4733 4960
5311 5537
6351 6609
5729 6015
3703 3944
8238 8497
6196 6443
2181 2469
9277 9501
251 474
4164 4453
1244 1534
2582 2869
3082 3369
9299 9591
8837 9121
1750 2032
3281 3575
8724 9010
1070 1286
3128 3345
1600 1898
3159 3453
614 844
1727 1940
2242 2537
6829 7046
1597 1808
1673 1959
3211 3492
1080 1303
8772 9067
8334 8609
2677 2885
6726 7031
2189 2494
2160 2371
4234 4537
4133 4369
6795 7103
8439 8643
5255 5554
1695 1961
5150 5416
6698 6941
27 291
5646 5942
8433 8649
694 911
8262 8575
9416 9713
1112 1379
124 327
7733 7950
6682 6950
6259 6479
1104 1389
5202 5487
1232 1519
3141 3450
8797 9058
7421 7618
2153 2345
39 359
7261 7453
5734 5927
3645 3967
718 909
8711 9028
3600 3924
2809 3005
3203 3527
9268 9584
7325 7641
5881 6076
3151 3337
6725 6914
5301 5629
75 258
8365 8676
8766 9079
3806 3988
5833 6019
9424 9627
8356 8687
6357 6553
11 324
3669 3866
691 995
151 453
4176 4354
2082 2417
7906 8113
8389 8598
671 970
7237 7443
3097 3406
9373 9674
2078 2374
2154 2354
746 946
9230 9558
5221 5437
8446 8615
5189 5404
8942 9143
4145 4458
5876 6056
1657 1828
7756 7953
7744 7965
1183 1472
3702 3881
6179 6524
5256 5591
5764 6107
95 319
7865 8153
3597 3948
166 455
8378 8667
5178 5464
4836 4999
9369 9722
122 287
7726 8011
9425 9652
1150 1304
5248 5606
6183 6465
758 913
5371 5532
5345 5510
2605 2885
213 445
2622 2902
2303 2453
1175 1533
2611 2904
4299 4519
2177 2541
2296 2453
5185 5420
1169 1535
7808 8174
632 791
8763 9044
6708 7003
5880 6039
6377 6553
3078 3447
4112 4449
7174 7543
749 927
218 424
7369 7611
4140 4447
518 885
5209 5418
7300 7671
6289 6626
2185 2557
1713 1989
9461 9601
9396 9664
7322 7663
8906 9151
5363 5509
5278 5608
5231 5400
1125 1309
8425 8593
79 310
5818 6083
1227 1456
2153 2322
1578 1873
8256 8507
7825 8170
9269 9550
7238 7482
9317 9497
4212 4361
6217 6452
3836 3970
5642 6004
2718 3041
1233 1454
105 278
8288 8479
5271 5608
6263 6647
4193 4579
1631 2013
9445 9575
7750 8132
5846 5970
7765 8145
4803 4934
6356 6481
216 350
7700 8082
5368 5502
7790 8169
3211 3329
1234 1368
2783 2898
7239 7626
9869 9984
8239 8610
6701 7072
1062 1448
1157 1290
3200 3343
7423 7536
47 444
3205 3350
6229 6598
1165 1305
7827 7943
4103 4498
8225 8628
6714 7084
8432 8550
3236 3379
6786 6933
8429 8565
5350 5502
1627 1986
2218 2355
4211 4586
5782 5903
749 887
4231 4380
5228 5623
6746 7105
677 825
4736 4894
3284 3403
5798 5895
2094 2444
6352 6514
3616 3971
6361 6522
20 432
31 442
55 402
1057 1412
6904 7005
566 912
5234 5588
8384 8551
7728 8087
54 414
9443 9547
5364 5468
5702 6126
208 378
4152 4498
4643 5000
9397 9502
5290 5382
132 297
1135 1474
5749 6104
5182 5520
5214 5616
8835 9005
2759 2920
8336 8511
2599 2967
114 450
3835 3914
4836 4950
6890 7000
9241 9643
4219 4552
714 894
519 947
2233 2317
1185 1301
2230 2305
5211 5612
9918 9993
4268 4372
1767 1887
1241 1377
715 881
1624 2018
6244 6622
6364 6503
4248 4388
3705 4037
8196 8632
3596 4017
1149 1475
5672 6039
1658 1979
186 376
8402 8464
1127 1444
5693 6142
6180 6624
6202 6655
2707 2901
7914 7980
1626 1949
6751 7064
9411 9476
8202 8653
4240 4440
641 841
7224 7664
7718 8175
1147 1457
536 979
4275 4472
2720 2924
9320 9636
8290 8623
9290 9604
8792 9110
7291 7604
9313 9646
7843 8051
5317 5397
4295 4374
4297 4379
112 418
177 355
4207 4539
7919 7995
8741 9201
7810 8023
5267 5445
9380 9586
8949 8994
45 501
6779 7075
4747 4946
7383 7438
2727 2941
5767 5981
5203 5513
594 905
2796 2864
1543 2011
2664 2996
9349 9560
8774 9112
1128 1463
4135 4551
2111 2527
3210 3434
5207 5559
2173 2460
1757 1852
560 978
2242 2336
8907 9001
8272 8627
7769 8122
7184 7668
6292 6513
8909 9000
1788 1818
7680 8166
2629 2978
2124 2475
4335 4359
2576 3064
717 805
4106 4579
2062 2535
92 437
2227 2394
7796 8093
6350 6436
8819 9113
640 875
8202 8678
4853 4888
9232 9725
6682 7159
2788 2826
7358 7504
2101 2522
4236 4451
9365 9594
1619 1954
1789 1807
6830 7004
8341 8551
7697 8163
2683 2959
6794 7038
6275 6519
6850 6966
17 484
7373 7483
1085 1482
1676 1908
3101 3556
2606 3031
4854 4876
5163 5585
6731 7089
7375 7477
2202 2401
1096 1461
91 421
8443 8453
2161 2446
5652 6123
5444 5957
5605 6116
220 734
4144 4659
3170 3686
2199 2706
448 966
6243 6757
1186 1701
1389 1893
7492 8012
3274 3779
2233 2739
8397 8903
2452 2975
8309 8830
7531 8032
2370 2895
1335 1850
2049 2572
7355 7862
8635 9142
2542 3040
1224 1735
8301 8828
33 563
2086 2612
8192 8722
41 570
7402 7929
1131 1662
1467 1966
1228 1754
8579 9109
9470 9961
1444 1980
4316 4804
6444 6964
1028 1565
3332 3869
1303 1806
8344 8833
1486 2005
8700 9191
4408 4901
1402 1895
9329 9836
5568 6110
4355 4898
3565 4044
8496 8977
1495 2037
1052 1599
2072 2619
3077 3622
6352 6900
6385 6868
8677 9152
6304 6789
2498 3044
8435 8917
3486 4025
7284 7763
8579 9124
4155 4627
8534 9086
5304 5776
3074 3627
161 651
7344 7834
8329 8866
3129 3605
1466 1942
2293 2777
221 752
2160 2653
8451 9006
5440 5997
334 864
9293 9827
6201 6679
165 650
8288 8784
6384 6849
4399 4893
6625 7123
4299 4856
4325 4822
2228 2688
7331 7831
8340 8864
7475 7941
6633 7135
2089 2577
7674 8130
7451 7969
5292 5783
2133 2665
443 901
6651 7109
229 730
2101 2677
3136 3584
2263 2709
374 820
5539 6113
8344 8922
8601 9179
4437 4886
2554 3006
8418 8870
9277 9849
3273 3727
8434 8884
6615 7056
143 711
3301 3757
5481 5921
5168 5752
7289 7729
1250 1707
6521 6960
4247 4829
1047 1629
8439 8893
1281 1866
2311 2891
9371 9942
5565 6128
147 733
4110 4673
404 987
7174 7753
8605 9170
1131 1595
1192 1785
5121 5715
6435 7025
7364 7830
242 673
1103 1563
120 556
1229 1689
7510 7938
8528 8964
1231 1690
6581 7136
1320 1918
8263 8721
1451 2044
7587 8180
5491 5924
4347 4771
9411 9883
7264 7736
1343 1894
2140 2565
8492 9078
503 940
332 791
3577 4005
3451 3879
7178 7766
1501 1922
297 886
7573 8138
5483 5940
74 554
6329 6872
6364 6845
5279 5886
8221 8828
167 709
5166 5708
3468 4079
4218 4639
2451 3062
3213 3816
1111 1586
2312 2925
8599 9202
3518 4056
6384 6806
2418 2837
1168 1783
2312 2927
5347 5771
6499 6922
8524 8998
5277 5879
8201 8802
8657 9146
4414 4947
8462 9059
434 988
1403 1813
5511 6120
3342 3966
8339 8931
6393 6793
8545 8977
8460 9084
3156 3621
9326 9759
3087 3709
3326 3724
1265 1667
7455 8045
2222 2781
6597 7094
4366 4986
511 907
3456 4084
484 913
3160 3629
3203 3830
8504 9037
7188 7777
5506 6135
2268 2731
4252 4837
4424 4914
4607 4996
8376 8899
150 746
7179 7799
5439 5954
9450 9879
9332 9737
6405 7032
2322 2924
3382 3912
1316 1883
4244 4843
8422 8857
3530 3914
2546 2930
7466 8106
3195 3834
1090 1731
4220 4862
6243 6881
1426 1814
4149 4784
2181 2560
5158 5795
1478 1857
2551 2928
2232 2623
3408 4057
1237 1628
193 584
7526 8175
4556 4934
5190 5836
3482 3857
2512 2908
9345 9741
223 593
6241 6895
8429 8803
8595 8989
106 741
5281 5678
6455 7096
8329 8729
2396 3022
3183 3837
4265 4666
6641 7010
8406 8773
3437 4089
169 572
5591 5954
8588 8985
331 989
7674 8044
6268 6891
8631 8992
9388 9787
1496 1856
6333 6693
7565 7956
9380 9789
369 1003
102 765
7232 7899
6378 6769
25 645
3533 3921
7247 7891
5630 5986
5424 6061
3271 3673
5631 5985
7500 8147
2477 2829
1382 1991
3506 3859
3243 3593
7356 7710
6632 6987
2065 2741
6507 7119
5299 5653
7244 7915
6234 6909
9430 9841
6557 6965
6532 6956
3267 3690
3510 3871
6619 7026
5583 5990
3456 3883
8370 8734
8670 9074
3373 3968
6372 6731
7571 7996
5353 5702
3363 3987
482 850
267 954
2301 2639
3552 3922
2135 2789
6533 6967
7235 7920
6340 6775
3423 4075
5158 5778
6163 6822
7296 7734
7227 7820
6410 7101
2531 2907
8574 9158
3083 3762
3245 3607
1363 2025
511 837
8214 8877
8660 9064
6612 7016
2182 2619
6162 6831
229 603
6260 6858
4313 4632
2222 2671
7570 8019
6449 7152
4159 4861
5319 5637
6422 7124
1409 1858
7305 7754
8515 9095
5508 5953
1435 1885
1484 1802
1461 1906
2331 3036
1063 1775
1266 1594
3115 3810
5253 5711
9310 9877
47 738
3085 3776
7669 7992
9300 9881
8222 8912
5215 5777
6454 7160
4590 4926
8245 8933
9346 9810
13 735
192 530
6464 7058
5250 5712
3421 3982
2253 2586
3321 3630
2503 2832
15 728
7509 8076
5398 6092
4302 4629
5519 5972
7650 7999
2071 2761
2355 3053
6600 6934
1325 2034
2540 2867
2144 2689
1108 1717
5330 5683
5460 6070
2148 2688
44 712
4168 4781
7654 7939
5535 6010
1143 1681
6211 6821
251 540
4270 4678
3141 3757
4174 4774
5250 5738
9339 9875
2366 3031
8253 8916
8698 8979
7616 7977
1048 1782
3579 3860
2058 2789
6185 6854
3419 4011
1360 1952
2476 2909
8637 9036
7379 7714
3393 4019
5561 5963
5599 5933
1518 1821
1380 1936
9308 9897
9329 9860
3539 3876
326 958
462 822
6219 6834
9229 9975
3308 3607
5130 5873
5120 5883
6433 7133
9282 9918
8610 9054
7353 7748
7464 8150
4478 4993
8567 9096
2464 2720
1523 1778
4138 4907
4423 4678
3572 3829
498 755
3311 4076
413 670
3169 3941
476 729
1129 1900
6278 7043
6270 7032
6629 6883
8569 8831
1262 2025
396 651
1531 1779
5610 5858
2206 2967
7621 7887
44 807
6238 6997
4565 4825
144 924
8294 9066
4395 4646
8501 8760
8234 8999
5254 6024
8576 8846
196 971
110 865
5522 5789
7323 8084
277 517
8464 8704
3299 4082
5514 5787
9660 9901
1296 1538
8339 9089
6469 6743
6286 7069
3573 3809
4355 4631
3269 4049
2431 2666
5628 5865
2279 3056
1429 1666
6309 7090
1515 1779
4214 4974
9244 9988
1297 1544
8546 8827
7358 8103
6247 7038
1395 1641
256 539
6422 6669
8693 8936
1514 1781
7193 7942
7466 7733
1135 1871
3150 3951
2260 3061
3135 3870
6176 6913
6482 6768
5 806
488 715
8616 8845
3218 4020
6254 6984
2324 2611
162 901
3198 3929
1216 2024
5544 5760
9723 9939
6645 6877
8480 8712
5454 5735
7338 8067
1171 1977
8501 8735
5539 5768
1305 1589
3199 3922
174 899
2215 2954
9711 9922
7330 8079
7523 7758
3464 3750
4543 4753
8520 8806
3558 3785
4204 4956
3329 3633
6156 6974
8598 8869
7345 8069
7267 8023
3240 3997
285 552
3538 3815
4130 4884
5372 6090
8692 8899
4129 4888
5469 5732
2338 2584
2198 2988
4145 4874
3274 4081
3270 4093
2347 2576
1270 1997
6249 6994
5387 5680
7404 8144
8654 8946
3495 3738
89 868
2226 2956
3482 3748
3308 4051
3470 3790
9683 9875
2546 2737
7381 8081
7298 8135
7315 8149
35 868
1083 1907
1106 1818
2412 2596
5485 5669
5347 6059
5336 6032
4220 4917
4165 4876
1401 1584
5574 5775
422 748
3200 4042
4417 4619
9719 9916
7421 8118
4096 4940
1070 1890
1200 2046
6614 6808
1361 1537
4111 4959
7422 8110
5284 6132
2290 2979
2271 2957
5254 6100
5542 5876
6525 6703
384 723
85 774
8287 8972
3104 3956
1153 2004
5494 5667
3342 3672
1526 1697
2128 2823
1440 1783
6334 7145
4534 4846
7538 7722
7420 8101
3293 3975
7359 8165
3388 3687
6428 6727
8607 8900
4109 4945
3332 3672
116 808
1097 1813
3438 3635
8685 8880
1398 1576
1516 1714
4359 4711
7453 7805
1148 1821
8380 9181
4217 4891
7279 7949
5288 6091
4571 4799
337 565
6303 7163
8375 9171
2145 2820
195 934
8437 9104
3213 4075
4190 4920
5465 5695
8687 8841
2179 3044
2198 3057
5630 5785
6566 6862
5477 5644
8254 9044
5132 5990
4595 4760
8597 8958
5334 6077
3416 3636
1074 1886
3155 3903
3248 4061
7398 8075
7340 8129
3440 3614
2215 3017
8319 8976
8276 8996
269 636
73 824
3120 3906
316 590
1035 1913
4497 4835
4492 4863
1163 2047
456 700
5149 5993
1456 1733
4510 4843
3125 3904
8238 9051
7271 7954
8319 8969
1532 1675
5136 5991
7409 8070
3131 3907
8566 8718
4441 4640
141 1012
2545 2696
3532 3766
7446 7788
8530 8744
8471 8813
2384 2604
3377 3661
7585 7901
1269 1928
3163 3878
7624 7861
1190 2009
4438 4822
8268 9164
5629 5757
2391 2774
2528 2657
2177 2819
6343 6981
4446 4826
3260 3896
8232 9133
1375 1752
7388 8027
2067 2971
4310 4958
5220 6124
6154 7043
1215 1845
1335 1725
6402 6793
1443 1583
1497 1621
7575 7707
2359 2745
2217 2855
5346 5996
5614 5728
5273 5911
35 940
3339 3739
4237 4893
7390 8015
2236 2862
191 813
7672 7786
6519 6885
3130 4009
6653 6766
5210 6089
3156 4032
4406 4770
3119 4027
1531 1647
4321 4981
6283 6943
5356 6009
3113 4031
6380 7034
6360 6990
231 880
223 840
63 933
9477 9887
1256 1907
1529 1634
8312 9187
1133 2033
3117 4017
4127 4994
1283 1694
309 680
7427 7837
4279 4904
5283 5891
2442 2603
2348 2701
6311 6918
1275 1881
2521 2683
8507 8857
1354 1774
6194 7062
8631 8723
503 594
3106 3975
3445 3792
7514 7935
7388 8057
4282 4892
3130 3996
290 644
9585 9943
3404 3819
1322 1677
3126 3985
1122 1995
3121 3992
4544 4713
8585 8739
7434 7840
8457 8867
5174 6045
5216 6091
8523 8928
6370 6990
3578 3671
3443 3806
8700 8785
5282 5900
2173 3026
1024 1967
9625 9782
1236 1892
9587 9923
2220 2845
3114 3995
7567 7742
3232 3858
7410 8000
37 918
5438 5773
2200 2860
3293 3945
5558 5634
2558 2635
5459 5862
7211 8094
1155 1845
360 734
5622 5696
2191 2872
6527 6856
9480 9904
1459 1546
1105 2024
3283 3946
4363 4786
2085 2972
8433 9032
1320 1683
5393 5802
7595 7696
9706 9815
6178 7071
3384 3719
1337 1670
9632 9759
1236 1812
3526 3590
8456 8904
88 921
9654 9847
9567 9886
7254 8087
5342 5919
461 527
8259 9089
8624 8818
1039 1996
6629 6694
3253 3953
2266 2846
5245 6073
148 849
1347 1668
330 653
7399 7968
4555 4611
237 805
3481 3664
1289 1728
2419 2746
8530 8859
1493 1567
1252 1838
2369 2698
6312 7011
5200 6043
1071 2019
3108 4072
4332 4897
1178 1876
3315 3901
1025 1999
7224 8182
1173 1882
6432 6895
5290 5989
6533 6730
5258 5978
2335 2766
8571 8874
9503 9934
4454 4788
4421 4759
3494 3700
5598 5645
8310 9125
8663 8708
2095 3067
2359 2786
5615 5689
7478 7904
9697 9782
9707 9788
2503 2590
8358 9087
1097 1939
8204 9174
3161 3973
3134 4066
2326 2763
6442 6903
4287 4961
2504 2583
4397 4813
6540 6764
5192 6056
1437 1663
4582 4612
8212 9206
8347 9080
5385 5866
9447 9988
8302 9101
1515 1551
8444 8984
3523 3622
2422 2704
4407 4817
7456 7878
8695 8720
2097 3033
2261 2876
8192 9193
5329 5944
2123 2977
1348 1710
7359 8021
5143 6141
2433 2666
8570 8854
7580 7792
2196 2938
1241 1847
6348 6946
8366 9024
7677 7699
3095 4088
3278 3902
9509 9941
1117 1967
3564 3614
2253 2879
5224 6042
1327 1756
4422 4789
8258 9137
1340 1736
8294 9106
4266 4959
3091 4070
8611 8790
5598 5671
8482 8920
9724 9734
6614 6700
428 599
3421 3750
8320 9083
7590 7770
7353 8005
1339 1734
243 782
8689 8716
4341 4875
2106 3012
9547 9909
118 905
268 755
7552 7807
345 1369
2579 3603
6424 7448
6586 7610
6829 7853
6184 7209
2897 3923
565 1591
943 1963
835 1863
2465 3493
8975 9995
2901 3920
2836 3858
598 1616
8270 9288
5080 6110
5111 6129
2284 3307
7056 8088
8752 9786
20 1049
2285 3299
2271 3279
2942 3950
2754 3794
7139 8179
8441 9449
6448 7458
7106 8145
6398 7405
863 1867
6191 7225
965 2002
358 1406
2745 3745
6727 7775
7047 8095
313 1312
8932 9981
48 1066
3045 4094
461 1488
8328 9365
8659 9678
370 1388
2818 3868
7065 8120
124 1118
6842 7832
2329 3386
2737 3730
7133 8190
8801 9794
8715 9775
2110 3099
2878 3867
652 1705
5094 6081
6673 7734
6178 7178
2504 3554
6835 7832
5115 6103
2712 3765
2078 3123
596 1657
8682 9671
2641 3711
2850 3852
3038 4080
8863 9905
2622 3601
8411 9450
7082 8091
629 1607
8794 9832
6265 7243
6982 8053
8505 9482
8695 9668
2392 3436
3023 4091
567 1538
96 1110
319 1288
6588 7556
2930 3915
134 1213
103 1116
2913 3930
8436 9417
286 1312
2426 3396
6869 7915
8913 9967
2466 3485
6599 7558
298 1384
7099 8185
81 1045
6220 7176
6981 7937
6370 7332
6288 7384
2965 4060
6644 7613
6721 7688
8213 9311
814 1893
2319 3396
219 1175
6520 7476
6884 7849
138 1220
265 1351
2311 3400
8491 9572
2858 3963
7143 8118
8376 9449
963 1937
8575 9515
178 1252
323 1301
2608 3687
2570 3667
6774 7727
6949 8060
609 1595
186 1248
2102 3180
6760 7730
2615 3692
43 1136
2267 3206
6864 7821
8621 9712
2904 3846
83 1036
6430 7489
6496 7487
8799 9791
6791 7911
6311 7367
2157 3084
6696 7753
2142 3133
822 1877
724 1712
8383 9435
8652 9640
8314 9246
2915 3846
2843 3966
3010 4007
8858 9983
8513 9508
5077 6067
745 1678
2348 3403
899 2027
2217 3265
438 1503
2053 3180
2383 3366
283 1394
2845 3959
420 1486
6199 7260
2999 4059
8258 9262
8590 9699
146 1276
8337 9471
8200 9318
298 1349
6406 7529
2751 3791
8273 9249
7095 8135
8420 9364
8210 9318
6285 7417
2048 3189
2183 3314
599 1570
690 1735
8423 9362
6555 7662
173 1243
2207 3305
8923 9901
515 1652
2444 3579
3037 4010
8886 9921
8923 9900
6447 7511
431 1494
255 1157
387 1528
2502 3514
6210 7230
8242 9294
340 1321
727 1705
6473 7479
6992 7982
80 1071
8755 9804
2567 3719
2287 3182
968 1865
6944 8097
6686 7836
483 1376
954 1849
3049 3949
343 1489
2715 3613
8398 9289
2763 3651
2934 4095
2795 3682
6743 7902
2984 3875
8740 9903
3068 3952
8829 9969
6200 7350
2981 3882
6745 7894
2326 3463
2313 3483
6925 8095
8578 9488
6542 7450
1018 1903
210 1095
6701 7864
2201 3087
8717 9883
6522 7660
6754 7924
330 1501
281 1422
6827 7740
559 1719
2790 3710
2483 3371
6790 7711
6501 7679
285 1409
993 1857
8748 9868
2594 3715
2237 3100
8620 9485
8300 9421
8193 9378
8689 9554
8412 9343
516 1696
3069 3929
6499 7623
8763 9886
8832 9765
8679 9536
8655 9576
2722 3594
2511 3431
471 1407
6456 7569
8696 9553
2766 3684
6797 7719
8861 9783
2758 3690
950 1817
2293 3162
6718 7825
6702 7809
341 1509
94 1263
620 1758
2886 4084
8839 9781
6312 7194
547 1686
6269 7371
2849 3990
677 1554
5050 5890
826 1923
2182 3132
2400 3547
2989 3862
2813 3649
6278 7226
6189 7313
6210 7422
6298 7206
8380 9216
8671 9571
2750 3584
123 1221
8495 9617
8359 9240
8330 9291
936 1900
6649 7485
6705 7925
349 1432
8920 9757
8475 9694
400 1366
9155 9989
6841 7793
248 1073
1003 1825
6328 7282
710 1549
2663 3756
8303 9379
6865 7709
5054 6002
2161 3260
2593 3820
6556 7505
564 1786
8261 9355
2676 3771
6510 7585
2560 3792
623 1726
6414 7647
5080 5897
8206 9436
540 1743
6392 7211
2768 3588
2842 4047
8458 9695
6756 7857
2840 4046
6811 7757
6206 7400
2372 3475
381 1445
2706 3658
8842 9810
8466 9674
573 1764
2319 3542
2287 3125
6991 8083
2248 3093
6407 7642
8370 9324
2920 4023
2839 4040
7039 8096
6163 7372
8394 9258
6815 7805
2762 3625
6182 7362
8388 9248
6149 7395
627 1684
983 1855
6930 8187
7092 8029
2703 3685
8843 9825
8651 9505
6938 8176
6687 7924
928 1868
903 1899
2563 3822
2268 3122
2351 3521
97 1167
54 1223
2914 3985
6305 7250
6902 7682
2811 3598
2463 3434
683 1629
2425 3471
2791 3615
460 1333
2440 3442
2545 3338
6244 7327
827 1991
315 1479
6538 7542
7130 7974
8345 9317
8416 9245
6966 8137
8516 9659
2309 3077
9141 9909
6413 7181
9191 9958
488 1258
6521 7290
2740 4016
614 1890
6323 7607
6689 7973
380 1145
9212 9977
7127 7890
6232 7518
7164 7930
2698 3981
2598 3873
8251 9532
9073 9849
6796 8069
8246 9532
2825 3588
2317 3072
6859 8133
6738 8028
860 1619
6635 7396
6684 7955
8265 9542
2892 3676
7055 7839
6899 8163
7079 7863
2863 3646
6733 8031
289 1074
539 1800
8475 9224
8450 9233
2513 3269
111 1403
6427 7182
642 1940
863 1608
337 1094
5002 5789
9123 9908
6579 7332
967 1759
6426 7170
580 1886
31 1285
78 1364
6211 7513
8499 9256
935 1722
2952 3733
5007 5778
773 1563
12 1324
938 1674
2412 3149
3027 3826
6346 7659
2584 3900
8279 9586
9145 9884
6892 8139
2561 3881
2589 3893
9082 9808
2733 3974
390 1197
2155 3392
8252 9495
2555 3287
9091 9903
975 1762
543 1841
6690 7948
6584 7318
777 1574
2680 3927
2960 3775
7040 7855
6166 7481
8418 9677
9063 9800
878 1630
506 1226
9002 9754
838 1655
8415 9709
7161 7883
6261 7494
6483 7264
2357 3073
2246 3570
2186 3518
2713 4012
2776 4078
8407 9697
6611 7397
8603 9389
2880 3703
8666 9453
6867 8164
6665 7998
3029 3821
9017 9728
6257 7499
2299 3520
8286 9573
2966 3754
490 1238
2853 3609
76 1393
6288 7597
6203 7430
877 1618
526 1870
7125 7828
3009 3715
2333 3166
8315 9535
8224 9572
585 1804
6704 8053
8986 9823
2134 3344
423 1248
2082 3429
244 1469
6605 7300
9211 9906
17 1371
2994 3832
1012 1726
2523 3216
2360 3188
2499 3215
577 1804
2129 3356
2197 3544
2277 3499
2630 3849
6750 7953
6719 8047
6848 8080
6490 7179
9057 9779
2395 3080
7 1364
6612 7303
6765 7993
2226 3559
667 1998
9085 9768
204 1434
619 1853
8578 9428
6949 7795
2306 3157
68 1299
6690 8058
8676 9404
2204 3525
6342 7583
6419 7241
6704 8042
6458 7265
8623 9460
59 1383
2894 3602
8310 9514
6200 7524
6367 7554
8282 9476
713 1961
2951 3814
8550 9220
761 1946
547 1856
34 1345
8206 9581
8382 9690
2659 3845
2797 3978
6269 7450
6972 7771
6724 7971
846 1574
495 1158
2142 3380
813 1607
5053 5847
8275 9529
8618 9408
9135 9924
2561 3949
6703 8003
2917 3595
843 1572
6475 7204
5017 5878
6550 7417
8606 9457
7079 7880
666 2026
2674 3842
2468 3285
6354 7584
6654 7308
9095 9973
2762 4025
2438 3317
2307 3184
253 1417
8373 9665
9090 9974
6483 7207
6173 7531
848 1576
2655 3879
2191 3575
9180 9892
9165 9908
2066 3432
211 1449
97 1306
8817 9994
7118 7861
6832 8140
9190 9882
2388 3284
9129 9769
2764 3917
2261 3412
2792 3945
8355 9506
7021 7916
8525 9420
357 1255
2550 3189
2138 3550
2548 3184
8554 9454
898 1543
311 1201
6353 7511
6774 8176
8210 9620
9128 9774
8618 9260
450 1093
2318 3206
6657 8073
2146 3563
288 1195
2563 3983
692 1848
8442 9590
9064 9957
6975 7858
6472 7366
9080 9960
9197 9853
1020 1645
8197 9623
8338 9472
470 1093
952 1580
6677 8065
703 1834
745 1916
483 1142
676 1841
9208 9837
2436 3090
6238 7625
509 1125
3034 3648
6390 7532
6373 7551
6212 7640
2801 3948
2389 3272
756 1897
2346 3255
6515 7406
7024 7917
467 1101
6152 7574
8512 9438
6316 7474
3025 3662
6597 7258
6641 7278
2211 3331
2808 3928
2385 3312
825 1688
6464 7393
7128 7801
2243 3425
7146 7752
2100 3479
9106 9777
1000 1612
670 1850
5028 5632
7160 7773
6665 8108
2755 3941
2495 3096
2308 3244
3059 3674
6181 7564
986 1648
673 1803
6463 7317
175 1284
9177 9845
5052 5649
138 1316
9180 9842
9172 9851
6177 7566
6447 7327
6934 7846
612 2005
8646 9335
7137 7763
971 1656
6626 7249
8430 9562
8580 9264
465 1127
2847 3753
6366 7529
8664 9327
6632 7263
8645 9341
2626 4091
2613 3983
6878 8036
2865 3725
6951 7835
6440 7316
293 1176
2876 3713
8348 9505
2358 3209
2209 3358
6652 7235
9021 9858
2194 3410
6909 7997
9029 9860
2599 4067
40 1516
6484 7312
527 1994
2093 3560
22 1502
945 1656
6996 7837
2729 3939
8513 9355
457 1026
6578 7289
5072 5659
8539 9367
6214 7562
2256 3357
569 2036
379 1206
8533 9368
2680 4022
495 1056
9103 9792
2184 3416
2356 3300
6655 7215
126 1455
130 1363
8419 9522
139 1368
430 1146
2373 3216
3 1492
2375 3231
6602 7186
2890 3731
8284 9605
6840 8033
3027 3592
7091 7784
2441 3157
8607 9283
764 1825
158 1344
2906 3716
288 1279
979 1587
2897 3761
2185 3432
2157 3470
2638 4013
231 1284
6250 7561
6449 7378
2977 3652
866 1671
95 1466
9007 9930
6460 7385
701 1883
2251 3373
8228 9666
2936 3728
6742 8126
4 1517
2889 3747
597 1982
6897 7965
750 1793
2048 3568
8606 9326
2069 3559
2410 3230
178 1350
2257 3365
2778 3887
2794 3868
2743 3905
8226 9684
578 1973
2480 3143
2485 3148
230 1311
9079 9870
6331 7490
5044 5709
6279 7549
2310 3320
708 1220
8366 9902
8974 9486
5031 5543
6322 7856
2625 3138
7020 7535
8403 9936
9147 9656
373 1905
601 1116
358 1888
303 1832
5083 5596
556 1060
5070 5573
2779 3286
6989 7488
2818 3340
6413 7939
6252 7779
6367 7888
2364 3884
869 1397
8233 9785
6246 7798
5016 5512
2676 3174
2841 3339
2568 3099
6492 8015
2299 3823
8198 9747
8419 9973
8331 9885
2581 3074
9169 9670
997 1532
6833 7336
8326 9887
929 1467
2297 3810
6954 7473
42 1590
7059 7567
6976 7517
2414 3919
194 1760
5015 5557
8856 9402
2978 3457
6722 7265
7123 7664
201 1773
8203 9775
6205 7704
6346 7919
632 1118
8838 9376
2230 3729
6941 7477
8283 9842
6508 8006
8410 9968
2833 3386
5110 5597
2831 3362
9077 9560
6755 7246
6450 7967
8194 9772
6518 8004
2671 3164
8934 9427
752 1222
9120 9622
6415 7993
2108 3595
7088 7559
725 1260
8854 9391
2416 3916
236 1744
308 1800
9031 9595
356 1881
2574 3123
6184 7701
811 1300
6235 7707
6899 7347
8884 9460
2255 3725
932 1510
367 1837
8277 9751
2909 3358
525 1102
117 1585
197 1664
2574 3147
6917 7488
2120 3598
333 1803
6227 7700
6280 7887
6511 7975
859 1298
215 1694
609 1066
2907 3344
8218 9809
152 1748
968 1412
2799 3235
9172 9624
6578 8190
8308 9785
368 1854
2856 3430
695 1272
845 1282
8908 9347
8257 9742
9186 9651
189 1775
6233 7691
6780 7214
8805 9271
3001 3562
2357 3937
8719 9306
2490 4076
7145 7614
601 1024
6208 7705
202 1680
2814 3236
2784 3259
1017 1445
193 1693
8796 9216
6315 7927
6713 7268
8874 9463
794 1349
2164 3604
6172 7807
2500 4000
2404 3841
345 1855
9108 9714
8559 9992
8816 9240
6983 7471
8559 9991
6454 8030
8929 9352
6144 7785
261 1902
2603 3143
2399 3891
8381 9937
8792 9270
6308 7883
8759 9304
5106 5533
2249 3769
7165 7565
393 2043
21 1639
2919 3348
6714 7241
6207 7756
846 1338
2147 3606
156 1769
649 1279
8997 9555
630 1038
443 1986
52 1613
8875 9425
2476 4055
2564 3192
8564 9992
531 1134
3071 3458
9184 9629
635 1029
3018 3509
7066 7653
908 1292
787 1427
2637 3277
283 1947
8581 9989
546 1187
8975 9613
6251 7912
2672 3316
6590 7994
6512 8181
6937 7582
2219 3619
5037 5412
2307 3977
862 1492
2219 3623
2214 3626
6547 7967
9097 9477
465 1884
9169 9564
6763 7398
6659 7310
7064 7446
975 1344
832 1487
2847 3472
8895 9263
8939 9339
6978 7634
293 1975
9054 9676
2315 3992
8211 9856
867 1527
423 1843
2597 3249
3030 3395
2475 3902
6321 7716
6505 8191
3010 3413
9161 9566
6411 8092
6926 7577
9067 9715
8336 9736
2455 3854
6579 7978
305 1963
8914 9288
6898 7272
6623 8004
8428 9840
473 1860
6753 7423
2091 3764
275 1932
7076 7428
9158 9575
6415 8109
617 1229
2386 4087
8860 9274
471 1904
6723 7396
2835 3515
6459 8083
107 1729
2746 3088
5060 5487
8813 9414
8787 9464
149 1593
8973 9633
6421 8121
9154 9583
8781 9443
6292 7738
6818 7180
8311 9945
769 1454
2853 3466
2969 3382
665 1078
6693 7306
976 1377
6590 7951
6571 7962
6820 7189
2210 3600
8300 9950
821 1414
1019 1352
2715 3112
6707 7296
2390 4066
7089 7431
2994 3333
8196 9907
6759 7376
2241 3705
809 1424
248 1602
7104 7546
6988 7671
8821 9422
315 1927
8195 9919
355 2014
6177 7836
28 1756
545 1249
8387 9731
6160 7888
2426 4024
2467 3936
553 1258
6915 7616
419 1895
990 1306
6451 8183
9071 9643
8214 9939
6539 8013
328 1922
9099 9537
2970 3409
9062 9645
8909 9222
467 1823
8413 9745
992 1326
123 1717
2419 4029
459 1797
9195 9509
615 1207
2900 3460
2224 3680
2052 3797
2118 3735
5015 5446
795 1481
6287 7773
3061 3360
724 1025
937 1404
8891 9325
8666 9996
6758 7344
2137 3726
2414 4023
523 1239
7156 7464
833 1436
2169 3751
2834 3532
2356 4074
8760 9446
2960 3407
6996 7563
6429 8130
6216 7831
753 1041
640 1121
6201 7896
180 1622
32 1732
3000 3420
8772 9376
5064 5420
2524 3898
3012 3362
6544 8054
7077 7491
6261 7826
7053 7525
798 1527
974 1319
8962 9707
2702 3173
2382 4005
8773 9390
8895 9298
8677 9995
2986 3397
3056 3359
6318 7745
2073 3817
5062 5430
8338 9827
8408 9770
8216 9962
8735 9451
9119 9579
203 1598
8240 9925
2656 3222
8866 9301
2510 3894
6980 7612
2699 3186
2532 3869
6317 7767
2062 3829
8221 9958
6226 7854
6339 7743
62 1731
322 1983
6814 7267
2769 3118
962 1341
6828 7251
8762 9534
6326 8114
6303 8090
6257 8052
24 1822
6363 8157
6588 7867
49 1849
8775 9551
6850 7626
6277 8077
8954 9715
8860 9621
6971 7217
7011 7273
3034 3286
8692 9976
2780 3537
6353 8159
8873 9638
2525 3789
6444 7741
2371 3665
353 1651
1000 1275
6349 8158
463 1755
1006 1274
6408 7708
2337 3636
7068 7305
7149 7419
788 1036
7098 7328
6610 7886
107 1910
6739 7501
8644 9946
9102 9390
8891 9625
8706 9510
2588 3385
8983 9266
917 1203
6560 7815
2205 4021
6920 7200
6986 7266
744 1473
6668 7461
6776 7506
8572 9815
6154 7969
6576 7835
7150 7362
5057 5356
6707 7454
5043 5278
60 1810
6510 7744
2180 4011
6434 7698
5035 5275
490 1755
8569 9800
2363 3593
2056 3898
8751 9501
6187 7961
148 1959
8452 9783
9166 9466
393 1724
2429 3656
171 1950
2365 3592
2254 4088
2461 3749
2473 3729
7121 7401
548 1309
926 1188
6199 7949
9041 9322
6248 8020
6562 7838
8553 9812
5077 5355
2758 3577
9016 9223
7051 7348
8798 9569
3047 3239
2968 3288
6459 7803
8485 9829
7148 7340
7007 7197
7051 7368
559 1387
9157 9344
8855 9681
842 1037
103 1824
8710 9551
6886 7599
5011 5337
8518 9740
8561 9789
2654 3347
8642 9871
2730 3557
262 1609
723 1411
2132 3844
21 1861
930 1267
600 1292
487 1715
6197 8033
6356 8064
9043 9220
521 1361
2237 4068
335 1558
187 2018
9022 9319
2280 4018
6412 7766
826 1121
2098 3950
6674 7502
3057 3244
2631 3354
8694 9899
686 1520
6516 7722
952 1255
9004 9331
6837 7658
2808 3480
555 1354
6213 7972
6912 7266
6871 7603
6746 7486
8885 9680
585 1327
7045 7395
6394 8092
8911 9639
2220 4037
2119 3885
6551 7933
3055 3204
6603 7840
2218 4038
58 1879
2377 3623
2682 3336
8305 9987
2212 4055
2370 3639
2482 3783
847 1081
988 1194
2150 3856
2947 3323
991 1191
2961 3304
8691 9866
2558 3717
545 1373
6739 7471
551 1370
6345 8116
2522 3749
435 1740
2597 3418
8519 9784
8722 9581
888 1273
742 1383
2704 3346
2780 3422
553 1450
2064 3988
8571 9983
7046 7168
8539 9949
2470 3617
2501 3650
6653 7802
6255 8168
2580 3484
843 1219
831 1205
140 1798
8759 9661
2975 3092
2483 3640
9209 9330
8588 9728
6290 7966
373 1784
6271 8178
6813 7440
121 2039
529 1439
2936 3319
2809 3446
5041 5153
967 1110
452 1621
6980 7381
6374 8050
6293 7937
255 1898
605 1480
2529 3700
8705 9620
8793 9676
328 1758
7162 7276
3070 3177
2933 3298
2796 3451
6452 7843
2590 3462
8495 9911
9109 9231
82 1993
188 1831
991 1091
9043 9423
8978 9359
6843 7460
8638 9761
6254 8177
6839 7447
6715 7578
6911 7518
2162 4048
6913 7331
2342 3717
6557 7737
8978 9398
6365 8056
8784 9717
426 1548
2777 3454
2708 3388
650 1314
354 1739
472 1649
401 1594
516 1448
6487 7931
2690 3375
607 1521
77 2045
2224 3840
6917 7349
203 1914
2335 3758
6792 7481
821 1159
6513 7875
6584 7692
9128 9245
9148 9226
6537 7743
5091 5204
6427 7852
2848 3225
6383 8022
473 1635
933 1055
5038 5140
2439 3643
6844 7425
6658 7615
6494 7907
2710 3368
2084 3994
8537 9959
2998 3081
739 1372
862 1249
861 1181
6674 7634
675 1378
6790 7495
7138 7203
6344 7945
7097 7291
6190 8172
624 1459
2556 3647
190 1917
793 1242
6786 7489
382 1722
2644 3472
2105 4092
902 1091
5036 5225
9047 9362
6948 7394
2793 3374
6216 8079
8825 9649
8467 9947
7112 7168
816 1273
8953 9520
2884 3215
707 1295
391 1611
6423 7898
2327 3801
136 1862
2517 3611
929 1134
441 1654
6147 8140
510 1582
2443 3675
235 1851
572 1517
668 1358
6325 8039
6643 7713
2456 3659
8940 9535
6355 7936
9000 9467
261 1744
797 1224
918 1088
2416 3751
3066 3117
6526 7849
98 1979
8865 9592
8770 9624
6818 7544
45 2038
2670 3506
8477 9921
2413 3762
844 1196
897 1123
2943 3229
8580 9830
2717 3449
973 1064
266 1772
299 1741
7018 7308
9021 9434
8894 9561
112 1944
357 1676
6801 7544
5112 5137
6330 8016
6708 7646
760 1299
292 1737
660 1401
974 1059
2889 3239
2289 3871
6153 8167
2423 3736
6170 8181
2632 3512
716 1341
2803 3334
9111 9314
6712 7629
235 1811
9060 9372
7047 7294
9035 9394
3041 3101
7044 7288
7001 7333
8880 9549
2515 3629
8711 9720
6839 7496
9190 9241
6274 8061
5958 8006
1095 3142
5450 7499
6102 8151
969 3019
1911 3955
775 2819
5739 7791
5939 7990
674 2725
1602 3659
824 2866
674 2729
5026 7081
5 2057
5601 7660
6026 8068
5342 7377
254 2286
5923 7985
94 2120
370 2404
5497 7534
244 2284
5791 7813
956 2976
1247 3266
949 2984
532 2570
5922 7996
199 2264
5147 7172
5825 7902
1331 3347
879 2894
5122 7203
5704 7785
878 2893
2032 4051
224 2244
5621 7633
1216 3304
485 2509
1738 3811
687 2693
883 2911
793 2869
463 2530
1126 3158
1183 3247
1743 3838
1283 3378
5892 7989
5589 7652
6026 8123
5751 7750
5226 7259
432 2435
5764 7863
1379 3415
6092 8184
5164 7193
5840 7909
377 2382
5456 7527
5410 7445
410 2467
782 2871
575 2565
1100 3190
5191 7293
5749 7759
1115 3168
1031 3131
218 2278
5114 7110
5742 7762
865 2908
1147 3140
769 2881
1931 4042
1994 3976
5079 7061
232 2221
5597 7576
306 2420
5251 7365
5541 7651
5694 7800
857 2846
1464 3583
5075 7060
1479 3469
240 2235
5705 7685
1880 3861
1796 3913
5851 7829
5320 7302
1958 4073
861 2834
5864 7847
5358 7329
317 2413
5165 7293
1038 3167
5092 7093
589 2591
5856 7858
1985 3986
980 2944
1507 3511
5217 7220
150 2240
1920 4054
5884 7850
1130 3133
1332 3427
1245 3204
1221 3228
5199 7190
1816 3906
521 2643
855 2828
5457 7437
110 2099
84 2058
462 2448
994 3005
767 2719
1872 3890
5716 7735
5635 7783
368 2325
1337 3420
6127 8074
1151 3095
1435 3571
5946 8018
5397 7549
5863 7823
1540 3688
1942 4090
5625 7573
6023 8171
5611 7558
1510 3464
5620 7578
1984 4015
530 2685
1381 3338
582 2614
1199 3295
5772 7932
5646 7804
5082 7080
602 2601
688 2759
518 2687
1977 4035
912 3051
1173 3310
1923 4095
6050 8157
386 2306
1697 3619
5547 7465
834 3014
109 2280
1370 3551
5247 7418
514 2692
6 2190
5421 7589
6137 8049
1334 3519
139 2050
5185 7368
5920 8107
684 2592
5427 7615
5343 7249
5735 7912
2004 3908
1386 3578
1211 3114
607 2765
914 2816
1077 3238
1256 3195
964 2903
5906 8071
5800 7742
1262 3190
1648 3817
1573 3772
6115 8058
1257 3187
1906 4072
5933 8119
2041 3938
5893 8094
796 2944
1915 4070
1308 3458
1480 3414
5633 7839
5123 7325
15 2223
5127 7334
6063 7950
1989 3943
5383 7589
2010 3961
823 2963
6106 8063
698 2588
5262 7208
1367 3582
1588 3742
1162 3105
1159 3116
141 2086
1269 3161
5012 6968
5467 7670
1458 3356
5916 8108
1177 3112
736 2642
1606 3828
887 3013
900 2864
1046 3234
5401 7597
5898 8126
6050 7958
1366 3555
6112 8021
1610 3836
40 2192
5284 7196
5125 7357
363 2514
403 2345
1141 3279
657 2604
1250 3167
135 2106
1336 3462
501 2378
338 2541
340 2539
5005 6962
972 2829
5216 7329
682 2664
491 2344
766 2621
5055 7036
5378 7622
618 2735
5917 8152
1554 3796
882 2996
581 2690
5863 7712
1162 3139
385 2376
505 2352
6018 8011
1030 3276
5280 7275
5217 7341
6057 8037
1627 3734
1820 4050
1654 3768
5313 7183
1505 3374
960 2831
944 2912
1669 3668
36 2294
596 2694
1815 4036
1612 3736
41 2301
429 2425
1628 3721
247 2081
809 3070
620 2747
504 2336
5352 7221
1498 3333
195 2083
1561 3833
624 2705
1029 3300
5471 7613
5432 7644
702 2651
5064 6957
558 2760
5047 6993
750 2569
5177 7377
1513 3328
1045 3324
5905 8187
5223 7309
275 2552
931 2888
367 2436
5415 7628
311 2523
1353 3493
5493 7577
1483 3364
50 2269
5139 7420
1196 3164
1659 3723
5423 7647
6111 7982
5745 7811
65 2231
1491 3365
663 2657
623 2711
5341 7205
6012 8068
194 2104
5961 8115
5745 7819
1864 4019
433 2381
647 2682
833 3004
5527 7530
5659 7910
999 2841
941 2898
5613 7405
1460 3254
906 2697
1266 3569
5770 8078
5407 7195
1156 3457
158 2459
1745 4052
1622 3920
84 2387
5815 8112
1144 3441
896 2697
395 2178
1903 3685
394 2176
727 3035
2001 3807
1643 3940
230 2537
342 2118
5785 8072
5235 7522
1681 3971
6104 7882
5461 7239
6054 7860
147 2432
5032 6844
1866 3679
5579 7390
5098 6908
5436 7210
684 3003
5550 7350
5751 8046
6143 7910
323 2137
6099 7881
1021 2785
6037 7817
286 2051
1034 3351
6048 7869
1990 3800
14 2321
1618 3954
1777 4049
5692 7964
1495 3318
464 2289
1669 4004
1596 3870
5556 7318
5457 7285
1099 3438
626 2900
1468 3220
198 2543
1228 3557
1660 3926
1105 3453
108 2368
1102 3426
291 2061
1172 3514
1950 3761
5951 7696
829 2573
909 2748
5802 8091
5084 6894
5857 8147
5948 7694
30 2349
666 2990
1807 3641
5269 7587
1698 3989
1943 3744
6024 7871
5777 8105
1530 3267
2034 3787
5746 8008
1935 3763
2 2366
447 2178
6103 7914
5970 7788
5049 6791
6020 7867
152 2520
256 2113
1265 3504
923 2783
5027 6887
1022 2747
262 2115
5236 7473
1955 3813
390 2240
282 2141
1428 3283
258 2117
883 2612
5907 7764
5344 7591
1130 3363
1835 3682
5606 7343
475 2192
263 2122
1980 3825
1188 3561
6115 7854
5008 6878
1547 3931
6078 7918
1747 3969
5298 7649
1101 3353
219 2445
5941 7779
5769 8159
5772 8155
5877 8109
1362 3083
1235 3466
6111 7814
737 3002
605 2822
5213 7425
1692 4033
541 2882
1823 3711
6053 7877
5228 7436
1343 3166
6053 7879
5326 7596
5010 6896
1496 3259
5780 8183
249 2460
5385 7279
5488 7191
5782 8177
871 2575
655 3046
5981 7735
1287 3178
5995 7686
5435 7254
1917 3603
1966 3777
5552 7361
6060 7901
1016 2699
217 2474
1218 3505
5323 7614
1060 3410
789 2658
5448 7231
763 2947
5144 7520
1436 3301
131 2553
403 2281
1560 3938
3 2424
418 2270
5430 7242
792 2661
801 2652
5343 7586
1865 3638
1285 3205
1230 3406
2006 3670
56 2488
317 2239
369 2291
5046 6709
413 2073
6006 7922
5050 6719
276 2195
1317 3245
5688 8112
1092 3533
1620 4062
1970 3640
1701 3886
5955 7880
1918 3826
1556 3993
5642 8071
469 2139
5362 7548
1114 3541
5478 7401
544 2992
1332 3237
5949 7852
5679 8124
1144 3553
1545 3987
105 2547
1035 3473
90 2497
1056 3515
621 3059
921 2567
5997 7923
1814 3721
1566 4030
816 2708
1226 3439
227 2373
5923 7812
1882 3827
799 2741
1750 3962
1182 3378
1778 3935
1447 3082
5837 8032
500 2138
1439 3121
1718 3864
1390 3294
980 2661
5199 7677
1679 3900
5737 8154
1736 3964
1896 3805
5887 8010
486 2128
5765 7987
204 2420
5061 6781
1021 2628
1797 3772
5059 6777
115 2510
895 2752
561 2958
1072 3471
1119 3486
299 2281
472 2074
1790 3901
811 2798
508 2105
5517 7243
1505 3110
1690 3933
5324 7435
160 2408
1597 4085
408 2129
5213 7572
1240 3346
1958 3692
5260 7495
5973 7838
1947 3670
5454 7299
5798 8043
1796 3787
655 2880
1410 3154
487 2103
1007 2623
372 2213
5209 7563
5186 7568
682 2937
6036 7751
1068 3576
679 2931
2006 3587
1655 4015
1513 3120
1870 3735
414 2119
1317 3327
304 2283
5188 7583
1523 3118
260 2265
1033 3540
1819 3781
5386 7380
1313 3326
537 3065
1286 3302
1090 3491
1934 3695
772 2790
205 2351
770 2785
5520 7284
5159 7619
5801 8012
5196 7594
1556 4083
1924 3683
1541 4077
5230 7559
5743 8070
1167 3429
1798 3821
5197 7590
1152 3437
1084 3538
900 2667
928 2640
634 2955
1718 3908
1425 3171
669 2927
5850 7976
446 2125
1464 3147
295 2259
6131 7686
5562 7244
740 2844
426 2130
326 2239
1112 3490
5320 7474
5698 8121
51 2511
5402 7399
1924 3707
1728 3264
1938 3475
5403 7962
1791 3324
1539 3072
5240 7804
1926 3459
5724 7257
302 2857
5551 8104
1647 3175
440 2993
1508 4078
34 2600
873 2402
449 3021
786 2334
401 2973
1326 3874
1374 3921
1497 4054
1683 3228
5369 7926
721 2241
5327 7903
886 2407
5847 7365
5375 7917
6131 7655
1421 3989
422 3007
1475 4058
5853 7364
1033 3602
1232 3788
938 2487
1753 3268
6061 7600
1964 3507
770 2339
686 2188
241 2770
5384 7980
5885 7384
758 2256
5017 6576
142 2724
1020 2518
1932 3495
1017 2517
5011 6591
1011 2526
621 2112
43 2566
170 2692
183 2713
5009 6562
1915 3407
1065 3612
5813 7299
290 2837
1985 3576
5472 8026
5129 7731
1002 2513
402 2985
1264 3789
1639 3162
5733 7256
728 2278
18 2642
9 2633
5312 7808
1413 4036
5623 8117
5146 7768
616 2092
1080 3708
6014 7483
1901 3371
648 2255
1022 2489
802 2405
29 2650
1394 3893
1815 3423
881 2361
504 2992
182 2812
53 2687
1259 3744
5956 7439
5638 7245
87 2587
5486 7970
6079 7666
1921 3534
5267 7900
6 2646
309 2917
1578 3194
5204 7684
1008 2465
812 2430
558 2172
600 2059
1414 4053
1557 3142
23 2625
5127 7761
5674 7292
156 2756
1733 3231
696 2274
1530 4006
1005 2480
1832 3445
5804 7409
5369 7847
1623 3080
768 2399
5021 6594
1960 3529
5281 7872
6016 7650
1494 4018
890 2334
5899 7535
129 2788
1120 3589
587 2094
335 2857
5690 7260
847 2344
499 2971
1766 3214
778 2400
425 3011
29 2678
1782 3229
1614 3109
132 2792
1298 3967
1584 3165
381 2832
5161 7748
1687 3321
1177 3831
5225 7687
1837 3394
1650 3075
164 2773
6014 7439
5109 6532
1606 3124
5549 8158
6095 7611
5869 7320
5087 6570
5392 8038
502 2945
2013 3498
5839 7352
1476 4028
1318 3934
1146 3586
1665 3320
1082 3651
32 2651
5648 7277
5803 7382
5897 7542
5207 7720
1919 3583
5855 7262
5210 7896
220 2648
537 2204
1528 3965
1518 3947
5588 8017
5117 6520
419 2852
687 2088
5075 6484
5425 8120
6015 7669
776 2437
587 2245
743 2152
5206 7897
1772 3196
5019 6409
5089 6514
5162 7870
5184 7893
1195 3644
528 2183
1278 3689
1653 3309
5266 7690
1780 3181
5232 7913
792 2434
5214 7877
5102 6517
6001 7658
1474 3934
523 2199
5459 8143
5506 7966
1759 3137
955 2340
5249 7710
5805 7182
5006 6442
5058 6502
810 2447
697 2079
5009 6455
5783 7216
82 2810
1155 3625
500 2910
405 2879
92 2807
5886 7253
1809 3517
1901 3521
5849 7287
519 2216
1830 3478
415 2862
943 2332
965 2422
1643 3288
1720 3085
5396 8097
717 2171
1198 3609
5916 7595
661 2093
86 2799
5752 7361
1351 4093
1545 3250
75 2800
1139 3784
5653 7337
892 2497
449 2940
314 2948
7 2744
5953 7678
164 2660
238 2606
6035 7507
5073 6417
1336 4089
869 2471
739 2087
1685 3152
838 2432
1268 3644
851 2458
939 2402
5265 7768
860 2454
1698 3176
5879 7229
1124 3759
1438 3925
5004 6471
5473 8106
1014 2362
695 2170
1706 3175
619 2213
1658 3252
134 2646
5234 7842
762 2091
346 2952
2031 3389
718 2077
480 2867
711 2067
476 2825
6096 7429
1548 3290
1203 3684
1910 3489
1724 3172
68 2716
5902 7638
210 2571
1709 3191
649 2131
5265 7755
1514 3889
1296 4045
428 2929
5672 7413
5551 8049
5068 6418
5270 7799
1342 4060
893 2457
1689 3197
981 2353
6066 7510
1004 2313
584 2221
67 2726
5720 7357
5582 7974
466 2875
224 2569
1500 3895
919 2428
1247 3635
1661 3219
1937 3454
5875 7171
1699 3154
6100 7461
580 2231
5442 8113
5330 7713
1620 3232
5994 7582
5695 7370
149 2668
1962 3408
520 2291
6081 7482
1432 3940
5575 7995
946 2383
5111 6410
1734 3129
300 2605
6095 7374
394 2696
5992 7274
5063 6338
895 2168
985 2270
1609 3393
742 2543
5118 6391
5137 7960
5969 7256
1230 4035
5379 7694
5852 7633
6063 7330
1598 3376
5878 7672
6096 7391
705 2512
70 2903
628 2407
1352 3675
5184 8019
1328 3620
274 2566
6133 7393
5825 7636
1290 3612
1488 3782
5721 7503
1304 3599
508 2795
876 2164
563 2347
5168 7976
536 2305
206 3028
1889 3194
6030 7317
77 2896
1874 3148
1234 4044
5830 7640
217 3014
5698 7522
366 2636
226 3009
1757 3582
392 2732
5639 7459
5219 8007
1974 3217
526 2343
6018 7339
5365 8156
1174 4028
914 2232
5198 8036
5379 7721
5977 7283
5073 6394
583 2409
1107 3965
1686 3512
5948 7180
828 2061
1264 4034
915 2209
5890 7217
5700 7543
5076 6375
1128 3932
5667 7447
5909 7201
1353 3708
1405 3658
6038 7342
5149 7973
5921 7192
1211 3969
2012 3303
884 2127
6034 7337
5739 7504
1704 3476
6052 7321
1278 4032
1957 3226
2033 3248
1526 3764
1766 3492
679 2533
5547 7913
1360 3604
159 3035
1073 3956
5442 7684
5054 6392
978 2197
5059 6283
212 2973
1585 3448
5449 7680
704 2442
5402 7760
586 2310
57 2933
1625 3349
1405 3632
5986 7212
1431 3800
5590 7833
5619 7842
1300 3654
1536 3412
389 2771
5470 7688
165 3058
316 2660
5938 7275
6037 7372
5587 7816
5109 6313
412 2753
427 2806
5053 6368
5687 7530
5105 6316
5892 7258
709 2458
1051 3963
1971 3282
118 2839
890 2072
91 2873
305 2645
1458 3798
106 2830
855 2096
1753 3505
1905 3096
280 2673
5181 8020
2003 3257
819 2141
801 2127
5475 7693
5241 7958
5743 7455
5657 7528
154 3048
1140 3847
6047 7404
6054 7378
359 2578
5989 7184
5538 7895
6090 7346
1044 3951
5349 8089
5151 8035
5445 7739
5919 7326
184 2874
209 2899
5786 7448
5730 7648
1152 3843
5576 7755
683 2350
5270 7955
1276 3962
53 2995
5327 8008
6033 7190
268 2693
1673 3330
1058 4014
6143 7283
5031 6187
384 2573
2030 3171
5762 7442
5325 8031
71 3028
1504 3699
1786 3433
5112 6251
1975 3107
86 3008
1398 3809
1297 3720
405 2572
1168 3849
1571 3513
1829 3262
747 2423
1404 3808
5287 7994
1663 3552
5650 7602
5848 7545
222 2940
1120 4034
1996 3182
5821 7449
6034 7223
1142 4048
1307 3773
1356 3819
5335 8048
1509 3663
5530 7728
736 2379
281 2738
5758 7637
2002 3199
1023 2130
239 2882
1727 3345
509 2643
5060 6250
5627 7765
595 2556
5318 8041
5042 6173
499 2627
939 2075
6069 7173
1450 3611
5663 7598
26 2985
5268 7975
5889 7349
5175 8064
1204 3853
5238 8143
179 2824
935 2076
751 2388
459 2672
5181 8065
1564 3489
1415 3642
5599 7778
1028 4026
1482 3701
743 2343
5969 7312
5508 7749
388 2630
1113 3994
5657 7645
119 2993
33 3047
1542 3535
1367 3742
93 2964
5887 7478
720 2330
5116 6198
932 2159
5104 6204
6089 7173
1005 2083
5018 6228
1493 3610
5086 6161
5664 7665
1771 3385
5463 7813
5361 7971
386 2641
1141 4006
133 2902
6098 7172
787 2244
1792 3289
16 3018
424 2674
692 2415
295 2812
1703 3452
5001 6229
1328 3822
1839 3313
6004 7338
5154 8189
5960 7319
1899 3209
425 2635
1666 3425
5495 7828
1002 2063
5419 7886
5316 7970
598 2481
1636 3459
1132 3979
5546 7757
5821 7514
5192 8111
1960 3137
1751 3390
5314 7979
364 2694
5841 7484
5242 8085
5056 6193
6098 7200
6010 7304
5639 7666
5914 7407
6072 7245
5398 7904
192 2871
1330 3786
2020 3100
365 2709
5074 6186
926 2151
5881 7424
452 2616
1810 3310
5215 8099
1050 4071
1745 3372
69 3000
100 2969
751 2320
1912 3207
5959 6983
5195 6219
5028 8101
5122 6147
1852 2873
5867 6894
5161 6188
5578 6604
1238 2257
1941 2962
1716 2748
1371 2386
161 3240
1259 2274
5359 6373
5188 6222
5982 6997
10 3078
1138 2174
6040 7061
5902 6915
1601 2638
5682 6717
5261 6301
790 3844
5432 6443
1749 2753
321 3413
127 3179
1023 4074
5553 6567
1471 2472
5243 6252
1833 2865
5809 6825
1952 3003
1242 2246
5446 6488
5570 6620
6105 7111
5139 6195
5488 6480
2041 3032
1079 2070
876 3918
128 3234
1877 2935
5322 6376
412 3519
5593 6650
6122 7113
5634 6689
1446 2434
6122 7118
1567 2617
6093 7147
2042 3037
5033 8078
5675 6668
5626 6621
1346 2410
1843 2842
872 3907
630 3677
5428 6431
5107 8152
1587 2591
803 3855
5244 6224
5029 8072
207 3297
1179 2229
478 3566
5321 6393
486 3536
56 3086
456 3568
5451 6515
5295 6295
5480 6480
1192 2196
1469 2433
207 3314
62 3075
845 3952
1027 2109
763 3781
853 3947
5812 6794
5349 6362
653 3788
6114 7075
1039 2124
1169 2263
783 3913
318 3448
6101 7059
870 3873
1971 3067
5550 6630
1027 2122
294 3439
628 3645
1100 2055
5666 6761
5377 6474
856 3860
136 3271
5552 6624
5583 6559
102 3127
5759 6702
564 3686
1871 2843
884 3874
5662 6728
1664 2775
1487 2456
5671 6768
1357 2327
976 3978
5555 6638
5734 6715
5697 6687
5249 6366
492 3468
6068 7124
215 3254
1539 2658
1951 3069
5201 6195
5333 6327
759 3730
699 3804
1561 2686
1062 2126
5900 7012
999 3982
1552 2681
5877 6812
5484 6405
1018 3984
2028 2951
1441 2506
5065 8098
2021 2953
1165 2272
1145 2071
5351 6281
5218 6157
182 3270
5617 6529
1668 2805
259 3441
5348 6294
5640 6778
781 3960
1738 2749
5476 6419
1729 2744
1983 3013
1935 3060
455 3516
272 3436
2017 2972
5372 6274
1190 2265
6030 7153
1085 2238
5434 6585
1313 2468
58 3263
5861 6752
1483 2381
1897 3055
1064 2208
66 3275
726 3676
1742 2629
1659 2800
5025 7981
757 3707
5332 6234
442 3381
569 3766
5433 6582
5355 6267
5738 6907
320 3539
333 3545
1880 3021
1385 2559
820 4003
1393 2536
1176 2051
1424 2315
561 3756
1397 2536
1721 2596
257 3484
5098 8055
225 3136
5153 6272
1887 3068
6117 6982
5951 7067
325 3555
772 4003
1082 2195
953 3859
1549 2721
1338 2454
1194 2055
48 3230
1747 2684
2026 2905
1670 2610
1672 2620
6060 6936
440 3341
478 3435
1770 2655
5641 6846
1992 2928
1605 2815
2045 2887
5394 6568
910 3891
1253 2085
930 3936
349 3487
505 3387
567 3828
1251 2080
1888 2980
1272 2109
464 3349
5562 6527
5103 7978
5874 6711
6012 7098
1069 2277
603 3731
5998 7078
903 3918
6032 7002
1661 2742
5484 6567
5621 6457
6049 7023
5088 7983
5444 6548
1420 2397
970 3867
858 3979
301 3580
458 3352
214 3076
5898 7129
5220 6327
5644 6872
5302 6242
1993 2844
5315 6166
733 3594
5490 6565
5155 6388
657 3656
5417 6640
387 3417
957 3942
806 4090
5685 6889
5421 6642
1137 2193
507 3355
5238 6294
1358 2479
5820 6749
5498 6555
1645 2702
2023 2820
1451 2376
457 3370
1566 2811
5002 8047
5518 6504
5718 6832
6062 6984
417 3401
5367 6175
5972 7100
5195 6307
633 3728
366 3463
5382 6639
5389 6631
396 3431
1577 2754
1608 2724
6085 6953
5133 6369
1706 2631
5908 7161
438 3398
294 3542
398 3455
1822 3052
5370 6152
703 3657
6076 6987
823 4047
5904 7144
234 3091
5731 6808
1076 2250
524 3827
1138 2418
60 3389
5834 7115
1770 3048
5259 6537
795 3608
6113 6882
1768 3052
989 3803
5670 6944
1189 2466
635 3955
74 3394
5619 6395
361 3168
1710 2983
1078 2367
6094 6855
1943 2717
5018 7824
322 3145
592 3932
1839 2594
1174 2438
5945 6696
6074 6824
5102 7933
1109 2369
5237 6497
1552 2821
5473 6262
145 3465
1988 2782
2015 2757
916 3727
652 3991
6080 6875
522 3862
5206 6474
1267 2542
198 3547
279 3081
1660 2915
531 3852
969 3798
535 3895
5926 6662
1878 2679
672 3970
520 3882
513 3875
5079 7925
5092 7873
5838 7144
325 3170
5415 6159
6008 6737
5559 6302
1868 2662
1708 2950
1399 2139
493 3264
436 3225
228 3540
1046 2342
6080 6896
693 3972
6077 6796
5581 6389
1214 2439
64 3449
5640 6961
6138 6849
1732 3065
5156 6426
691 3980
5481 6230
5705 7030
481 3233
867 3618
5595 6297
644 4039
1691 3038
908 3785
1776 2998
312 3198
1802 2636
1385 2081
6065 6905
1254 2479
1568 2921
5193 6402
5967 6660
2007 2714
1862 2571
140 3548
5693 7021
800 3697
5272 6601
5797 7158
398 3290
6048 6900
1421 2264
864 3637
157 3531
5579 6301
1015 3759
5381 6237
184 3553
6009 6691
5870 7092
5788 7110
5455 6165
5404 6215
125 3361
5935 6770
836 3610
842 3605
1310 2113
907 3796
1427 2252
5370 6554
1001 3720
6052 6853
5626 6299
264 3178
1741 2991
181 3543
6000 6675
336 3124
5152 6468
1037 2411
479 3257
1559 2929
1314 2116
1490 2234
143 3556
528 3964
407 3323
5056 7855
5414 6217
1386 2074
1987 2739
1921 2803
5676 7006
5280 6611
5697 6962
1490 2214
780 3704
5658 7020
5374 6536
5491 6148
832 3643
1051 2406
1202 2508
5057 7745
5870 7022
5326 6478
201 3402
5131 6536
1740 2888
1485 2121
1504 2149
1381 2272
197 3405
722 3930
665 3856
5736 7137
1506 2152
5899 6785
5950 6836
1805 2689
1720 2868
5022 7695
1423 2077
1207 2341
5967 6876
5964 6879
1390 2298
5753 7148
5519 6170
1287 2193
897 3606
853 3778
6125 6778
896 3608
5264 6408
1617 3019
5305 6435
1954 2617
5208 6595
5952 6875
1642 3060
1896 2761
799 3773
1929 2602
1148 2520
1626 3071
924 3642
5565 6171
5480 6351
1547 2979
99 3531
5592 6256
5013 7741
342 3327
451 3177
5006 7716
5433 6291
1365 2302
5721 7154
5793 6922
5155 6543
608 4046
959 3601
5763 6956
880 3776
785 3745
307 3202
383 3278
1294 2236
1334 2180
188 3343
209 3426
541 4014
5409 6293
5416 6300
984 3694
1117 2538
5405 6308
379 3265
1582 2965
5725 7142
1460 2056
761 3911
1858 2813
566 3977
5183 6654
1340 2303
633 4026
5329 6421
1768 2861
360 3246
1795 2756
454 3086
5810 7034
5830 6926
1522 2107
5044 7806
5865 6946
1442 2158
1551 3011
2001 2589
941 3683
1610 2949
1007 3616
1359 2176
1047 2502
5467 6281
1503 2059
672 3957
719 3865
5636 7122
889 3758
5456 6279
5128 6608
2021 2620
127 3494
300 3318
5096 7731
5273 6466
2037 2601
803 3839
1834 2806
1801 2775
776 3799
696 3928
5801 6985
273 3315
920 3706
1667 2913
911 3693
1981 2654
1083 2526
351 3256
1308 2292
5076 7740
5409 6344
1600 2986
1640 2946
252 3350
1319 2252
247 3353
1418 2170
840 3768
2008 2600
6124 6684
5683 7107
168 3417
6102 6695
828 3790
344 3243
5942 6851
1026 2548
5736 7070
5577 6207
5952 6838
5325 6453
1787 2817
1968 2634
1428 2158
121 3461
1030 2552
371 3212
1355 2891
1268 2804
1013 3573
1700 2212
5979 6491
1042 2579
546 3104
5665 6179
1240 2779
5071 7627
1468 3001
1650 2169
90 3665
5595 7120
942 3490
2015 2515
1280 2828
5095 7659
5962 6468
5202 6749
5988 6507
961 3536
1817 2314
5115 7656
5014 7555
72 3678
6128 6630
1624 2115
6086 6618
5915 6407
1291 2838
5128 6678
81 3662
1730 2269
344 3961
658 3251
5016 7609
1904 2387
5740 6223
5518 7085
5961 6506
5424 6931
76 3689
1311 2872
5755 6236
5328 6903
5090 7621
1712 2200
371 3931
710 3311
1827 2314
5844 6399
1462 2970
1163 2725
5089 7631
266 3877
232 3783
5580 7167
5339 6888
301 3865
1746 2276
608 3158
1708 2202
5410 6932
6051 6549
270 3897
14 3641
5040 7560
1263 2774
5727 6246
5316 6904
5140 6697
1153 2750
5920 6431
1968 2544
113 3633
5395 6995
1568 2148
5310 6906
1926 2499
1339 2941
375 3889
1774 2216
5170 6772
6068 6642
2046 2484
660 3294
5987 6441
1776 2235
170 3814
669 3281
760 3252
5388 6977
1819 2389
5509 7115
252 3763
990 3473
6073 6646
1215 2798
1053 2639
125 3631
891 3369
2023 2484
22 3653
185 3818
372 3872
874 3391
1498 2959
1417 3039
6109 6539
377 3886
1909 2350
560 3181
5740 6193
1419 3029
5563 7141
5039 7665
738 3261
5241 6694
5904 6512
5387 7019
982 3509
5718 6197
5366 6805
5386 7017
361 3855
1930 2540
5774 6376
1844 2396
5441 6953
5069 7588
246 3740
5866 6272
5817 6354
5400 7028
1350 2859
5311 6866
5388 7010
629 3098
1816 2409
951 3526
67 3632
339 3878
579 3126
850 3364
5696 6198
830 3401
250 3714
5940 6476
1034 2675
5773 6388
6105 6563
1087 2628
1065 2645
1984 2492
5462 6954
948 3529
6046 6627
5546 7125
1808 2449
5470 7135
5935 6570
216 3678
5788 6171
668 3092
1751 2143
5258 6656
160 3627
634 3319
1111 2778
741 3176
5699 6350
6035 6429
1447 2870
1716 2080
5975 6595
253 3688
2030 2427
898 3348
1978 2349
1833 2481
725 3149
885 3565
260 3999
1520 2923
2039 2411
700 3105
1209 2598
1524 2923
949 3370
2008 2424
754 3152
2020 2374
5068 7534
5819 6168
5040 7443
57 3741
1180 2616
5390 7082
1691 2110
1031 2722
234 3660
5208 6910
378 4050
5891 6571
726 3197
827 3479
5126 6826
554 3207
5816 6165
597 3322
1189 2581
856 3560
5106 7490
5374 6735
50 3712
5610 7000
5871 6237
1749 2145
1043 2726
888 3534
1793 2486
5515 6972
5691 6284
866 3546
466 3946
5665 6296
5688 6273
1430 2860
1806 2485
701 3073
5233 6861
1570 2207
1946 2341
5567 7039
1369 2968
955 3450
61 3838
1388 2991
5625 6970
1534 2874
5607 6947
1442 2922
346 3986
5624 6963
5980 6544
5336 6676
451 3854
137 3655
1521 2878
902 3414
836 3477
380 4013
893 3500
1184 2673
5026 7539
1709 2175
697 3179
714 3102
796 3530
1630 2184
1565 2251
1860 2450
786 3524
347 3980
5958 6545
5291 6780
292 4092
1198 2678
1665 2136
5307 6753
1795 2527
329 3991
1154 2653
1325 3058
5338 6661
5475 7100
5304 6744
46 3791
308 4053
875 3465
5754 6296
5507 7008
5647 6379
582 3233
1605 2210
571 3292
1094 2734
5765 6253
1014 3359
1079 2781
5731 6280
631 3227
157 3696
922 3444
1672 2150
5620 6939
1687 2151
5937 6593
617 3224
5305 6728
552 3291
5570 6961
5482 7065
5722 6313
542 3306
1392 2948
5768 6268
5289 6748
5417 7134
1119 2727
348 4004
5590 6958
153 3680
96 3738
1058 2776
5083 7456
5714 6319
1615 2225
1682 2450
987 3291
1631 2398
5975 6230
5101 7407
705 3522
5516 6792
606 3419
243 4086
689 3511
421 3746
5560 6847
5717 6493
211 4057
1154 2958
5784 6548
815 3106
187 4021
2029 2300
872 3193
2035 2273
327 3669
5880 6634
1541 2321
5065 7389
1723 2478
5229 7035
6055 6320
5438 6697
1054 2822
646 3485
5761 6556
453 3803
5912 6150
1684 2443
977 3313
662 3510
5857 6593
977 3312
5105 7376
510 3805
5339 7167
313 3615
6142 6360
957 3226
740 3523
5827 6628
1919 2134
5556 6814
997 3273
5492 6744
1433 2743
639 3409
5575 6889
172 3996
5461 6759
5503 6732
6109 6377
1282 2615
5110 7363
397 3771
2016 2262
5135 6969
1378 2650
1426 2731
588 3446
5956 6270
274 3631
663 3496
1055 2848
5293 7058
5649 6446
332 3596
1794 2114
1054 2911
1542 2372
925 3295
6134 6324
759 3508
690 3574
5593 6812
5042 7415
1805 2123
19 3925
5315 7045
6118 6304
11 3916
570 3442
1525 2749
591 3334
771 3146
245 4030
858 3089
1084 2935
5779 6616
5984 6188
5605 6824
1652 2362
1646 2364
1859 2065
5594 6799
1508 2738
757 3501
24 3904
5104 7336
1945 2243
5894 6236
1945 2245
1437 2752
5131 6998
5063 7321
950 3305
5748 6420
5926 6214
1050 2939
1844 2133
1761 2435
1874 2096
5728 6403
5194 6959
1867 2092
6023 6383
1446 2767
137 4064
1181 3063
681 3525
780 3196
534 3430
5418 6747
5331 7074
5846 6565
551 3411
5463 6691
1562 2415
1693 2539
5501 6667
1872 2087
5549 6868
5536 6873
5943 6222
5512 6897
1376 2586
5835 6577
1696 2524
480 3740
1522 2700
783 3185
5285 7131
5160 6999
5180 6979
399 3599
5141 7060
1140 3063
5675 6575
5896 6284
1009 3188
5680 6581
1160 2830
1109 3026
1642 2530
5346 7018
1680 2330
1512 2659
986 3153
5717 6616
562 3517
180 3899
375 3832
5934 6334
1644 2557
1965 2108
6016 6161
5308 6952
5426 6822
636 3561
162 3892
1237 2883
441 3630
1730 2394
435 3626
1944 2049
5027 7225
5799 6461
1200 2859
514 3481
282 3713
1875 2254
1166 2835
1213 2850
5020 7171
5868 6476
5908 6324
5733 6596
1160 2861
1387 2764
208 3960
5637 6573
1481 2656
1912 2258
5715 6649
5831 6509
61 3990
590 3554
5447 6891
460 3681
6088 6245
517 3498
128 3888
6083 6259
1416 2618
643 3377
5602 6736
42 3993
1801 2234
1123 3024
1231 2939
5729 6613
1129 3036
5396 6817
2010 2156
1506 2644
5323 7036
5779 6436
1997 2165
5116 7236
6121 6225
179 3850
5394 6827
1182 2852
6027 6192
5854 6498
5447 6906
1863 2296
1573 2533
39 4069
320 3714
1396 2742
5651 6609
133 3910
577 3461
1920 2116
568 3580
5769 6477
731 3357
5381 6851
618 3488
5868 6439
5987 6319
5090 7214
1441 2668
1408 2637
5888 6349
5960 6277
363 3748
246 3897
5318 6921
239 3903
5200 7041
469 3591
1356 2719
87 3972
485 3638
25 4045
5660 6600
1137 2980
117 4000
1715 2405
1180 2890
1400 2735
5298 7013
1987 2075
6038 6223
120 4002
6101 6159
1086 3042
1407 2723
5478 6842
5099 7222
588 3474
399 3664
5576 6679
5617 6672
189 3935
1288 2794
1149 2974
5497 6810
1956 2112
1289 2797
1632 2437
5528 6781
5262 7016
5829 6445
336 3770
5093 7183
5604 6670
852 3256
1399 2714
5936 6365
5048 7255
794 3306
790 3303
5479 6806
5638 6647
1614 2493
973 3134
6071 6212
5450 6846
1787 2318
5723 6574
708 3379
257 3830
1550 2550
5806 6486
5259 7027
392 3698
5051 7233
764 3335
5197 7094
171 3927
1540 2553
593 3500
5531 6757
1829 2266
667 3428
638 4731
354 4470
592 4677
80 4166
433 4520
382 4450
819 4883
613 4679
324 4455
439 4496
788 4924
722 4859
9 4153
680 4762
458 4607
155 4262
543 4642
233 4311
267 4427
142 4289
240 4257
312 4463
225 4233
183 4319
448 4522
535 4708
304 4420
675 4823
513 4725
46 4182
622 4628
659 4847
837 4921
400 4591
19 4246
544 4773
706 4676
411 4370
494 4449
49 4257
374 4583
111 4349
937 4923
347 4557
28 4231
713 4690
176 4140
923 4869
702 4641
737 4672
917 4916
343 4597
497 4435
318 4509
664 4668
79 4329
196 4195
1008 4951
658 4666
468 4476
276 4541
169 4099
729 4727
571 4746
765 4681
579 4854
23 4256
302 4503
454 4479
906 4912
664 4697
144 4178
237 4139
12 4293
492 4391
656 4699
676 4715
241 4128
637 4782
348 4491
538 4803
534 4808
406 4470
130 4192
762 4633
512 4837
693 4701
115 4250
879 4997
595 4792
114 4226
1013 4871
173 4191
306 4548
613 4754
199 4144
104 4243
637 4739
279 4585
542 4833
353 4193
411 4249
153 4509
154 4511
966 4814
625 4984
166 4535
155 4482
113 4459
797 4614
439 4264
591 4969
388 4259
773 4655
589 4961
18 4412
817 4611
550 4885
604 4971
477 4330
984 4833
639 4932
408 4260
73 4469
498 4301
146 4562
557 4968
817 4729
83 4378
961 4744
389 4303
174 4578
212 4484
167 4594
249 4517
129 4572
36 4423
1 4452
550 4943
163 4559
993 4749
610 4878
238 4482
854 4667
341 4155
190 4560
871 4616
477 4274
177 4545
489 4248
430 4315
532 4963
479 4264
963 4795
93 4389
996 4765
810 4689
851 4654
116 4363
280 4251
778 4751
126 4600
329 4303
814 4777
944 4670
287 4237
1010 4705
496 4196
66 4567
55 4513
78 4562
959 4636
242 4438
163 4357
352 4294
109 4550
321 4333
181 4358
168 4383
922 4646
383 4290
754 4915
707 4864
916 4691
744 4900
222 4368
934 4721
101 4541
1001 4658
506 4134
350 4281
468 4157
259 4329
815 4830
779 4857
226 4372
789 4835
104 4496
437 4173
889 4737
284 4324
445 4167
271 4865
131 4748
85 4677
227 4850
8 4634
1004 4603
704 4312
576 4185
578 4194
334 4975
145 4787
804 4358
245 4817
277 4925
213 4860
904 4518
38 4630
236 4828
910 4542
775 4403
1011 4550
331 4979
557 4113
233 4783
785 4441
362 4896
831 4468
38 4717
927 4561
626 4131
947 4577
1009 4517
654 4334
848 4401
830 4444
568 4188
533 4221
191 4823
662 4347
10 4709
4 4723
606 4135
524 4208
362 4884
250 4735
172 4650
956 4405
610 4338
51 4771
2 4758
766 4203
712 4190
446 4905
748 4213
732 4162
395 4910
175 4617
515 4267
202 4704
972 4454
71 4845
65 4844
1010 4416
996 4439
849 4581
482 4948
444 4988
64 4736
622 4268
877 4523
549 4341
611 4275
13 4828
338 4995
784 4547
420 4983
429 4987
994 4404
720 4107
834 4510
89 4741
625 4269
870 4536
638 4253
706 4133
70 4769
99 4744
904 4451
998 4362
538 4330
8 4872
273 4637
555 4390
574 4403
481 4855
496 4838
470 4800
779 4124
573 4385
270 4653
37 4867
88 4991
525 4390
781 4156
732 4585
185 4995
835 4102
945 4342
615 4394
981 4230
406 4802
271 4694
98 4923
269 4695
289 4732
339 4660
818 4186
802 4171
497 4763
631 4380
731 4528
409 4853
995 4236
493 4765
272 4706
645 4598
694 4546
427 4830
1019 4238
768 4215
310 4684
1015 4232
63 4928
643 4354
529 4500
915 4118
475 4702
264 4751
681 4388
647 4360
206 4929
135 4887
409 4622
434 4627
948 4115
854 4337
604 4596
857 4336
494 4676
800 4234
364 4807
730 4471
512 4529
685 4379
415 4644
841 4343
296 4758
575 4604
642 4426
404 4700
859 4240
351 4755
447 4723
296 4839
688 4448
431 4730
214 4864
656 4429
698 4453
982 4146
627 4501
407 4720
548 4547
616 4483
767 4370
798 4334
507 4619
397 4734
747 4376
200 4927
892 4228
839 4282
958 4163
1892 4964
1478 4559
1512 4603
1261 4344
1425 4491
1537 4640
1087 4125
1457 4499
1485 4584
1124 4161
1603 4713
1415 4525
1032 4132
1884 4977
1671 4776
1449 4507
1972 4999
1812 4899
1260 4308
1075 4106
1096 4211
1719 4745
1253 4315
1746 4845
1184 4324
1063 4194
1470 4599
1365 4356
1785 4778
1752 4739
1638 4669
1042 4169
1185 4351
1840 4951
1869 4903
1329 4424
1524 4494
1854 4933
2040 4996
1811 4975
1048 4198
1219 4285
1347 4412
1847 4936
1199 4136
1748 4703
1519 4450
1999 4930
1104 4317
1429 4356
1133 4348
1714 4643
1357 4574
1931 4895
1395 4580
1345 4568
1227 4205
1471 4377
1936 4920
1555 4794
1617 4859
1453 4353
1392 4575
1178 4142
1646 4827
1280 4538
1589 4750
1575 4760
1500 4383
1700 4711
1953 4965
1043 4310
1653 4786
1384 4515
1209 4201
1784 4649
1208 4202
1767 4661
1206 4196
1099 4255
1978 4960
1106 4232
1330 4588
1420 4460
1637 4740
1588 4821
1934 4970
1223 4131
1355 4526
1430 4467
1702 4673
2019 4868
1400 4511
1150 4247
1491 4410
1632 4746
1186 4173
1293 4602
1452 4436
1122 4254
1633 4767
1560 4839
2040 4856
1362 4182
1396 4209
1572 4908
1889 4712
1423 4225
1636 4979
1859 4699
1908 4718
1408 4250
1323 4151
1294 4142
1391 4174
1546 4902
1948 4782
1092 4467
1484 4340
1929 4784
1243 4507
1477 4225
1170 4564
1254 4526
1406 4150
1477 4239
1374 4109
1641 4922
1032 4443
2022 4742
1826 4672
2011 4792
1611 4911
1590 4944
2027 4748
1251 4484
1591 4954
1422 4321
1472 4272
1928 4858
2012 4776
1581 4954
1577 4958
1324 4181
1873 4653
1072 4528
1809 4756
1970 4663
2014 4686
1171 4352
1302 4224
1781 4962
1875 4848
1453 4100
1158 4394
1836 4738
2038 4697
1193 4376
1225 4464
1995 4721
1380 4318
1982 4610
1791 4929
1695 4896
1411 4161
1916 4793
1161 4431
1277 4410
2003 4638
1057 4591
1737 4883
1098 4500
1372 4226
1894 4743
1059 4546
1533 4120
1692 4986
1765 4882
1553 4115
1382 4965
1348 4928
1633 4200
1115 4694
1913 4457
1139 4714
1826 4415
1842 4368
2047 4572
1699 4224
1204 4759
1187 4747
1440 5000
1711 4230
1571 4114
1197 4766
1161 4797
1302 4898
1581 4119
1151 4675
1580 4205
1089 4608
1876 4375
1136 4661
1067 4717
1291 4941
1853 4474
1555 4187
1634 4137
1069 4732
1891 4401
1049 4684
1956 4593
1990 4499
1245 4741
1214 4832
1108 4665
1592 4170
1201 4812
1948 4373
1957 4396
1773 4199
1678 4098
1992 4440
1529 4971
1675 4124
1974 4397
1222 4698
1637 4309
1465 4879
1271 4685
1592 4227
1470 4866
1217 4609
1623 4245
1465 4989
1579 4323
1559 4319
1604 4238
1170 4696
1972 4479
1704 4198
1431 4953
2017 4398
1089 4757
1927 4442
1544 4328
1088 4769
1754 4156
1593 4304
1391 4998
1949 4465
1878 4514
2031 4377
1419 4978
1489 4907
1988 4408
1434 4964
1075 4813
1525 4855
1790 4605
1879 4179
1315 4645
1502 4824
1166 4994
1651 4477
1583 4384
1044 4870
1114 4937
1061 4913
1938 4235
2044 4320
1846 4138
1329 4655
1771 4554
1126 4930
1507 4806
1777 4564
1799 4141
1794 4136
1476 4842
1615 4477
1307 4648
1780 4545
1323 4637
1068 4890
1930 4278
1835 4118
1375 4639
1416 4809
2043 4284
1601 4367
1098 4869
1410 4818
1925 4305
1107 4875
1143 4909
1550 4432
1964 4339
1081 4952
1820 4217
1455 4807
1076 4957
1824 4175
1596 4428
1052 4973
1831 4179
1707 4573
1295 4726
1346 4668
1418 4618
1851 4280
1769 4461
1277 4984
1244 4944
1764 4466
1713 4393
1682 4367
1321 4790
1981 4125
1640 4552
1179 4921
1257 4938
1499 4728
1861 4326
1742 4458
1239 4989
1586 4505
1210 4887
1644 4574
1156 4919
1511 4688
1603 4601
1702 4381
1413 4664
1674 4405
1202 4978
1761 4386
1473 4610
1233 4882
1649 4532
1914 4276
1677 4418
1310 4814
1869 4252
1828 4343
1438 4682
1212 4969
1846 4320
1274 4908
1463 4693
1333 4816
1342 4824
1711 4425
1225 4897
1792 4333
1535 4625
1293 4858
1723 4428
2016 4126
2801 4848
2486 4535
2174 4223
2700 4745
2707 4757
2171 4208
2163 4221
2491 4532
2854 4918
2223 4285
2452 4480
2877 4905
2297 4332
2290 4327
2325 4352
2064 4103
2445 4506
2487 4525
2516 4598
2613 4630
2827 4910
2166 4177
2815 4818
2938 4937
2826 4914
2730 4754
2104 4097
2760 4851
2333 4387
2324 4436
2685 4669
2802 4790
2626 4617
2189 4316
2431 4398
2398 4362
2302 4265
2463 4549
2877 4963
2538 4490
2165 4117
2385 4406
2365 4442
2855 4943
2823 4972
2701 4832
2640 4641
2884 4918
2607 4701
2102 4164
2765 4799
2787 4752
2279 4242
2817 4982
2060 4215
2397 4569
2175 4345
2974 4885
3015 4936
2309 4503
2732 4665
2100 4258
2703 4633
2614 4768
2320 4489
2368 4571
2363 4519
3042 4988
2211 4157
2187 4117
2953 4904
2695 4642
2203 4158
2592 4742
2206 4153
2562 4778
2068 4259
3015 4985
2262 4201
2417 4531
2107 4344
2132 4243
2377 4480
2300 4149
2469 4457
2451 4416
2575 4827
2136 4228
3004 4962
2983 4985
2459 4465
2593 4811
2999 4955
2981 4939
2525 4402
2934 4997
2610 4811
2114 4280
2084 4312
2228 4168
2772 4649
2507 4404
2987 4777
2288 4602
2686 4981
2403 4207
2665 4967
2988 4798
2906 4680
2892 4702
2205 4495
2496 4307
2332 4100
2052 4381
2632 4947
2428 4192
2247 4570
2500 4326
2895 4716
2260 4605
2159 4422
2259 4601
2353 4101
2238 4488
2899 4715
2187 4531
2976 4761
2095 4373
2866 4621
2121 4360
2518 4244
2249 4493
2070 4444
2203 4557
2470 4350
2461 4289
2229 4587
2057 4456
2609 4950
2679 4891
2380 4129
3006 4819
2883 4659
2854 4690
2509 4281
2491 4300
2090 4434
2555 4227
2922 4625
3050 4756
2440 4104
2286 4461
2534 4197
2050 4485
2851 4779
2494 4151
2961 4635
2449 4123
2736 4924
2963 4638
3007 4656
2531 4210
2838 4740
3032 4682
2117 4567
2716 4879
2793 4991
2755 4949
2498 4181
2462 4105
2535 4219
3064 4709
2380 4307
2285 4427
2547 4180
2358 4254
3043 4683
2875 4753
2544 4191
2135 4582
2406 4308
3046 4692
2154 4573
2140 4576
2721 4892
2167 4554
2893 4851
2408 4256
2421 4286
2352 4351
3039 4615
2987 4724
2338 4291
2282 4364
2149 4493
2168 4488
2103 4558
2464 4187
2492 4160
2989 4520
2250 4801
2172 4720
2391 4935
2784 4337
2564 4119
2455 4992
2627 4189
2421 4949
2248 4841
2267 4857
3033 4604
2162 4696
2932 4447
3050 4551
2728 4241
2609 4209
2583 4180
2379 4866
2283 4770
2054 4687
2886 4364
2304 4940
3024 4508
2647 4122
2429 4912
2740 4346
2295 4775
2194 4806
2098 4710
2840 4418
2068 4686
2804 4245
2824 4460
3020 4521
2143 4662
2802 4251
2053 4719
2292 4767
2810 4246
2662 4104
2225 4831
2111 4687
2767 4284
2329 4973
2131 4645
2905 4385
2167 4622
2633 4148
2956 4594
2186 4852
2955 4596
2275 4764
2188 4623
2954 4365
2490 4913
3008 4433
2471 4915
2821 4497
2090 4797
2691 4116
2462 4870
3045 4474
3025 4464
2577 4272
2493 4890
2851 4502
2723 4121
2568 4277
2298 4679
2273 4703
2482 4983
2887 4481
2519 4880
2582 4305
2495 4982
3054 4391
2559 4917
3030 4357
2833 4553
2786 4152
2921 4490
2733 4171
2652 4283
3066 4374
2294 4615
2282 4632
2736 4165
3040 4375
2155 4764
2881 4537
2496 4922
2990 4432
2534 4889
2361 4671
2926 4199
2932 4223
2634 4445
2099 4906
2836 4105
2957 4269
2937 4184
2945 4258
2304 4644
2946 4263
2227 4993
2771 4577
2769 4584
2916 4185
2863 4114
2384 4719
2427 4667
2551 4789
2447 4809
3053 4261
2816 4169
3054 4260
2375 4620
3016 4229
2519 4761
2488 4840
2390 4613
2585 4430
2508 4763
2146 4927
2608 4462
2602 4431
2144 4871
2478 4802
2521 4779
3016 4283
2827 4216
2949 4339
2516 4780
2918 4126
2554 4737
2773 4435
2328 4752
2360 4788
2179 4877
2595 4529
2585 4494
2076 4992
2807 4459
2395 4805
2514 4726
2331 4783
2276 4956
2448 4651
2910 4322
3023 4210
2208 4894
2393 4838
2684 4542
2346 4841
2441 4685
2691 4421
2711 4433
2943 4278
2580 4570
2912 4271
2982 4214
2587 4553
2528 4663
2505 4626
2337 4804
2578 4600
3049 4099
2770 4414
2621 4563
2624 4533
2856 4318
2648 4513
2966 4204
2288 4877
3816 4844
3652 4681
3587 4621
3478 4486
3926 4935
3671 4674
3499 4540
3282 4297
3504 4523
3109 4158
3899 4903
3853 4881
3544 4549
3289 4295
3185 4178
3802 4862
3298 4292
3808 4808
3793 4861
3823 4800
3192 4183
3840 4911
3476 4516
3296 4306
3617 4629
3812 4816
3780 4849
3861 4899
3668 4707
3679 4708
3392 4476
3691 4695
3296 4317
3491 4508
3150 4110
3183 4139
3497 4588
3765 4863
3208 4290
3876 4974
3160 4116
3355 4439
3528 4485
3779 4749
3709 4654
3813 4785
3302 4274
3398 4371
3548 4489
3467 4561
3585 4700
3571 4524
3760 4820
3726 4840
3581 4506
3880 4931
3905 4906
3863 4987
3253 4293
3241 4313
3201 4345
3127 4172
3135 4163
3863 4970
3250 4146
4061 4957
3527 4417
3570 4469
4063 4945
3666 4829
3285 4186
3777 4689
3325 4200
3219 4101
3390 4518
3146 4311
3618 4796
3218 4108
3551 4475
3513 4369
3597 4772
3718 4652
4073 4931
3769 4631
3241 4123
3242 4121
3275 4216
3681 4820
3276 4218
3782 4731
3214 4147
3774 4608
3395 4487
3317 4147
3589 4815
3224 4183
3760 4735
3360 4592
3480 4425
3367 4593
3695 4791
3222 4175
4039 4889
3337 4566
3351 4599
3752 4680
3737 4730
3268 4128
3572 4371
3646 4825
3801 4657
3341 4578
3247 4160
3743 4714
3128 4409
3384 4154
3666 4948
4029 4795
3657 4942
3242 4515
3953 4733
3864 4628
3084 4353
3564 4323
3258 4533
3566 4350
3163 4426
3380 4130
3524 4306
3191 4448
3503 4276
3122 4399
3433 4212
4038 4846
3909 4718
3981 4768
4062 4849
3842 4662
3957 4675
3444 4162
3851 4683
4007 4834
3159 4382
3090 4443
3094 4445
3404 4096
3884 4734
3173 4407
3558 4277
3477 4288
3165 4413
3912 4648
3322 4504
3193 4378
4022 4819
3411 4148
3958 4636
3704 4886
3661 4926
3841 4724
4031 4810
3217 4589
3885 4688
4056 4775
3383 4273
3375 4263
3712 4878
4085 4707
3249 4392
3391 4261
3811 4990
3795 4977
3995 4664
4041 4705
3503 4102
3943 4810
3850 4772
4010 4612
3435 4292
3153 4606
3108 4501
3483 4143
3102 4514
3488 4127
3786 4873
3251 4475
3835 4919
3098 4566
3737 4941
3516 4197
3839 4901
3537 4108
4059 4613
3755 4980
3732 4980
3722 4968
3890 4821
3501 4167
3221 4473
3381 4314
3474 4195
3567 4122
3331 4346
4065 4635
3335 4348
3739 4966
3460 4998
3804 4314
3812 4340
4008 4539
3818 4298
3139 4706
3654 4202
3292 4842
3376 4872
3428 4952
3667 4206
3352 4902
3831 4296
3733 4266
4008 4587
4079 4522
3119 4712
3287 4766
3325 4785
4086 4538
3169 4656
3732 4294
3415 4868
4065 4530
3418 4867
4058 4481
3613 4222
3807 4279
3653 4143
3847 4456
3079 4727
3775 4301
3138 4657
4067 4505
3628 4177
3701 4107
3263 4801
4033 4419
3697 4338
3872 4516
3221 4624
3959 4592
4082 4473
3297 4716
3208 4614
4041 4434
3706 4327
3824 4206
3107 4738
3487 4925
3741 4154
3585 4262
3693 4298
3677 4325
3696 4296
3581 4932
3939 4569
3227 4647
3834 4166
3569 4942
3467 4939
3266 4620
3866 4556
3115 4860
3648 4249
3094 4812
3976 4462
3944 4495
3655 4267
3820 4097
3567 4865
3144 4793
4063 4396
3639 4291
3752 4188
3911 4543
3883 4563
3210 4722
3546 4831
3620 4387
3440 4729
3794 4568
3144 4933
3691 4452
3387 4651
3624 4409
3624 4411
3443 4710
3424 4725
3755 4540
3427 4728
3837 4575
4012 4239
4087 4304
3528 4834
3998 4273
3079 4916
3649 4471
3848 4159
3541 4847
3089 4909
3340 4658
3924 4113
3093 4946
3753 4576
4009 4349
3716 4560
3802 4492
3113 4976
3400 4626
4068 4286
3825 4527
3770 4581
3088 4976
3674 4411
3550 4796
3954 4112
3673 4413
3887 4170
3628 4419
3999 4336
3368 4698
4080 4233
3103 4966
3621 4446
3111 4953
3702 4361
3522 4674
3997 4120
4001 4137
3647 4534
3746 4392
3724 4382
3778 4437
3767 4395
3220 4873
3223 4874
3497 4616
3660 4590
3590 4512
3799 4478
3520 4722
3933 4328
3743 4389
3262 4990
3330 4805
3237 4972
3201 4938
3824 4384
3255 4967
3574 4650
3880 4342
3857 4302
4020 4203
4077 4111
3815 4365
3383 4826
3699 4486
3307 4881
3399 4794
3937 4255
4002 4189
494 8551
5094 9189
5790 9880
5666 9764
5703 9807
5085 9175
5862 9960
5513 9607
5264 9374
5003 9093
5529 9611
5793 9906
5422 9530
5032 9150
5848 9934
5534 9608
5429 9516
5162 9265
5872 9966
5823 9889
5493 9579
5766 9891
5338 9459
5260 9382
5486 9540
5489 9562
5230 9281
5055 9104
5376 9520
5845 9959
5504 9650
5833 9978
5222 9298
5201 9323
5152 9247
5082 9114
5354 9384
5005 9166
5592 9618
5795 9966
5501 9523
5726 9738
5150 9280
5677 9806
5350 9346
5589 9648
5614 9609
5148 9328
5196 9248
5816 9931
5078 9122
5794 9942
5296 9419
5121 9342
5113 9094
5357 9327
5303 9278
5523 9496
5704 9925
5822 9774
5383 9619
5085 9033
5093 9072
5504 9496
5041 8982
5503 9685
5720 9961
5807 9756
5212 9445
5809 9741
5544 9493
5142 9431
5378 9665
5528 9565
5832 9743
5333 9244
5622 9528
5510 9544
5774 9822
5422 9727
5797 9846
5138 9409
5443 9622
5706 9872
5384 9682
5048 9048
5395 9714
5648 9970
5658 9971
5603 9486
5524 9594
5294 9280
5867 9755
5681 9920
5345 9237
5824 9780
5586 9518
5670 9946
5291 9644
5930 9762
5067 8896
5924 9768
5176 9527
5246 9582
6025 9877
5988 9850
5279 9663
5033 8843
5237 9558
6094 9963
5492 9284
5517 9405
5406 9263
5331 9701
6086 9968
5165 9495
5604 9438
5932 9750
5038 8940
5701 9984
5413 9315
5966 9735
6029 9948
6087 9873
5186 9493
5529 9409
5376 9307
5895 9818
5399 9289
5998 9739
5545 9423
5569 9385
5425 9305
5543 9422
5052 8919
6028 9953
5585 9406
6044 9964
5058 8882
5526 9455
5130 9584
5482 9238
5190 9669
5587 9303
5401 9372
5949 9912
5003 8706
5239 9724
5761 9997
5458 9410
5227 9726
5601 9337
5411 9403
5566 9250
5242 9703
5124 9627
5999 9933
5154 9607
5406 9399
6045 9776
5925 9867
5221 9682
5494 9419
5294 9488
5135 9671
6029 9797
5829 9996
5024 8811
5558 9338
5312 9485
5069 8704
5377 9430
5408 9465
5132 9685
5306 9568
5354 9526
5066 8727
5001 8790
5341 9533
5274 9593
5914 9982
5435 9424
6126 9756
5187 9655
5324 9529
5982 9897
5553 9286
5246 9606
5403 9447
5569 9276
5762 9350
6084 9667
5690 9262
5289 9917
5071 8662
5012 8591
6129 9710
5269 9910
5179 9758
6047 9657
5889 9511
5992 9536
5078 8699
5123 9772
5436 9999
5632 9268
5007 8635
6108 9705
5818 9356
5360 9929
5845 9448
5655 9296
5673 9313
5834 9371
5856 9398
5313 9880
6133 9642
5686 9302
5894 9573
5918 9597
5974 9525
5893 9569
5817 9439
5820 9435
5035 8643
6046 9719
5070 8613
5712 9258
5950 9541
5021 8673
5910 9577
5676 9388
5245 9979
5096 8545
5348 9833
6121 9574
5959 9690
5854 9343
5351 9797
5875 9297
5832 9324
6119 9537
5172 9874
6117 9539
5758 9432
5008 8503
5647 9382
5141 9913
6021 9514
5784 9257
6022 9524
5888 9652
6088 9598
5276 9764
5263 9807
5790 9308
5944 9722
5229 9902
5827 9224
5287 9835
5081 8468
5931 9726
5103 8500
5971 9615
5983 9602
5108 8490
5685 9451
5301 9809
5976 9662
5744 9368
5344 9738
5088 8459
5138 9982
5903 9698
5239 9863
6107 9512
6028 9593
5707 9395
5353 9746
5157 9944
5853 9251
5907 9708
5652 9494
5810 9654
5686 9534
5814 9663
5476 9845
5991 9333
5024 8371
5673 9533
5441 9819
5664 9530
5407 9730
5472 9854
5062 8408
5584 9935
5453 9837
6011 9306
6027 9389
5523 9915
6099 9466
5700 9583
5710 9591
5814 9612
6138 9413
5538 9954
5929 9320
6130 9396
6093 9354
5661 9557
5119 8372
5607 9898
5874 9660
5719 9479
5010 8390
6005 9250
5965 9239
5119 8354
6127 9394
6049 9471
5393 9806
6074 9426
5615 9862
5909 9340
5097 8322
5682 9566
5775 9698
5074 8355
5983 9261
5030 8404
6119 9370
5677 9555
5526 9751
5771 9482
5101 8303
5507 9736
5724 9687
5896 9347
5841 9565
6065 9276
5548 9763
5844 9545
5994 9416
5826 9568
6123 9295
6043 9279
5534 9787
5466 9980
5047 8219
5411 9869
6006 9433
5412 9876
5964 9470
5303 9987
6064 9221
5499 9933
5099 8275
6001 9420
5884 9538
5516 9805
6141 9278
6017 9287
5741 9633
5455 9859
5030 8299
6085 9236
5564 9832
5927 9458
5542 9850
5842 9487
6097 9231
5466 9861
5780 9588
5571 9765
5460 9919
5548 9792
5464 9900
5564 9802
5873 9479
5405 9962
5540 9822
5643 9717
5929 9003
5723 8793
5365 8432
5525 8594
5533 8596
5654 8732
5912 8981
5978 9047
5175 8249
5226 8318
6097 9156
5367 8417
5719 8783
5500 8548
5126 8223
5792 8892
5852 8945
5859 8908
5691 8719
5812 8834
6025 9150
5159 8208
5211 8291
5293 8343
5309 8323
5946 8965
5314 8445
6071 9207
5822 8955
5580 8586
5840 8855
5297 8440
5462 8474
5928 9061
5713 8714
5602 8576
5163 8259
6003 8986
5129 8293
5307 8404
5660 8819
5453 8508
5193 8243
5578 8625
5524 8682
5391 8560
5995 8980
5335 8360
6075 9018
5352 8298
5166 8362
5641 8844
5212 8396
5656 8847
5248 8215
6013 9185
5882 8804
5489 8656
5843 8817
5618 8529
5742 8906
5836 8810
5860 8782
5609 8515
5375 8276
5557 8472
5288 8198
5136 8383
6084 9077
5167 8346
6007 9153
5922 9114
5741 8916
5650 8872
5531 8487
5684 8950
5616 8503
5703 8844
5730 8877
5173 8421
5957 9111
5440 8596
5813 8808
5999 9101
5885 8729
5380 8684
6078 9045
5332 8255
5709 8864
5843 8765
5883 8724
5392 8672
5828 8757
6064 9027
5172 8384
5319 8241
5148 8427
5855 8743
5536 8540
5156 8484
5296 8627
6067 8890
5366 8701
6136 8951
5710 9055
5337 8651
5613 8436
6051 8890
5692 8990
5917 8756
5555 8350
6021 8887
5500 8262
5763 9144
5786 9127
5532 8354
5600 8415
5938 8717
5013 9941
5561 8445
5800 9196
6135 8881
5656 9055
5996 8747
5748 9011
5452 8203
5541 8430
5034 9953
5252 8650
5257 8646
5643 9049
5483 8252
5334 8577
5869 9137
5651 9039
5171 8556
5931 8779
5373 8601
5360 8597
5755 8988
5977 8752
5145 8563
5596 8368
5124 8553
5134 8544
5756 8972
5275 8683
5838 9151
6011 8718
5993 8720
5183 8517
5468 8231
5451 8246
5633 9090
6139 8831
5537 8228
6082 8777
5974 8900
6116 8823
5205 8640
5858 9076
6019 8728
6087 8794
5019 9732
5707 9194
6112 8770
5567 8220
5627 8285
5554 8213
6059 8716
5061 9839
5631 8274
6082 8815
5566 8209
5662 9133
5167 8602
5118 9798
6140 8768
5086 9825
5603 8229
5985 8872
5976 8849
5039 9855
5799 9073
5746 9130
6042 8769
5034 9841
5340 8448
5022 9794
5023 9795
5568 8222
5966 8848
5231 8624
5842 9009
5306 8543
5178 8671
6000 8862
5759 9102
5808 9026
5292 8536
5835 9022
5490 8324
6136 8707
5236 8820
5276 8863
5173 8753
6058 8633
5939 8484
5505 9110
6055 8637
5744 8302
5252 8870
5901 8485
5014 9662
5770 8353
5113 9687
5251 8876
5861 8405
5684 8194
5521 9126
5824 8443
5577 9205
6057 8599
5831 8327
5750 8247
5794 8423
5849 8350
5776 8409
5300 8953
5218 8758
5535 9162
5285 8944
6002 8493
5871 8334
5187 8737
5423 9036
5309 8926
5426 9046
5545 9152
6114 8587
6062 8644
6130 8600
5781 8446
5458 8994
5272 8941
5310 8905
5373 8837
6069 8654
5295 8914
5134 8845
5674 8361
5020 9503
5600 9062
5465 9183
5268 8734
5169 8892
5240 8951
5364 8827
5308 8749
5932 8625
5449 9194
5224 8907
5164 8840
5711 8421
5753 8405
5930 8582
5443 9198
5806 8223
5244 8910
5668 8343
6139 8520
5980 8681
5756 8394
5427 9092
6137 8505
5947 8698
6013 8639
5747 8368
5046 9587
5025 9577
5023 9556
5527 9050
5261 8796
6031 8542
5133 8926
5125 8918
5389 9176
5203 8842
5419 9201
5941 8680
5266 8780
5084 9528
5066 9518
5253 8801
5828 8227
5474 9098
5151 8945
5808 8287
5928 8665
5431 9157
5971 8615
5750 8323
5965 8629
5271 8812
5521 8853
5087 9434
5792 8614
6022 8321
5574 8910
5189 9038
5663 8466
5361 9212
5563 8875
6044 8332
5114 9454
5560 8878
5811 8612
5911 8207
5882 8675
5428 8751
5725 8574
5716 8560
5910 8242
5747 8532
5390 8742
5708 8544
5191 9066
5169 8991
5943 8217
5726 8558
5654 8487
5618 8902
5913 8239
5699 8564
5864 8657
5274 9121
5581 8950
6007 8265
5107 9421
5371 9156
5635 8517
5905 8279
5611 8871
5515 8901
5979 8212
5322 9093
5340 9100
6108 8332
5091 9392
5358 9149
5368 9132
6033 8393
5737 8499
5594 8833
5514 8919
5176 9061
6041 8388
5934 8304
5282 9163
5227 8961
5097 9348
5839 8608
5043 9408
6072 8395
5146 9069
5796 8659
5198 9015
5095 9373
5257 9202
5205 9173
5177 9147
5805 8489
5936 8373
5408 8869
5573 8768
5767 8449
5174 9146
5947 8374
6132 8313
5968 8414
5108 9316
5915 8331
5984 8434
5584 8771
5973 8386
5781 8461
5582 8789
5100 9335
5452 8915
6106 8314
5872 8532
5811 8470
5045 9235
5791 8504
5144 9136
5145 9138
5485 8925
5147 9130
5807 8478
5223 9173
6140 8271
5571 8823
5722 8686
5300 8961
5286 8976
5182 9096
5359 9040
5826 8450
5180 9210
5004 9291
6120 8226
5757 8630
5681 8702
5477 8886
5081 9226
5498 8879
5142 9160
5963 8341
5029 9286
5955 8352
5694 8658
5968 8352
5678 8668
6031 8316
5474 8852
5072 9255
5179 9159
6970 9019
7114 9163
6221 8268
7528 9578
6912 8966
7015 9070
6400 8458
7080 9124
7604 9657
7702 9753
7780 9835
6813 8850
6952 9016
6592 8656
6491 8523
6457 8488
6940 8968
6169 8193
6535 8604
6490 8519
6403 8477
7606 9640
6338 8412
6290 8333
6882 8898
7786 9801
7415 9427
6959 8968
7624 9721
6504 8538
7986 9991
7931 9932
6770 8780
7066 9125
6541 8655
7297 9412
6495 8473
6552 8660
7569 9693
7848 9957
7927 9895
7287 9254
6863 8862
6470 8468
7706 9801
7251 9223
7083 9214
7894 9870
7147 9136
6797 8912
6876 8888
7628 9641
7769 9790
7655 9615
6523 8469
7866 9940
7770 9781
6716 8787
6798 8959
6919 9078
7316 9446
7429 9585
6623 8617
6180 8274
7276 9242
7723 9811
7811 9979
6389 8333
6328 8385
7620 9656
7801 9733
7711 9824
7062 8982
6758 8932
7048 8960
6456 8626
6417 8603
6564 8490
7502 9664
6196 8358
7632 9539
7418 9321
7572 9473
6204 8363
6337 8281
7467 9650
6332 8230
6473 8661
7718 9915
7451 9604
7608 9511
7911 9798
7025 9168
7670 9559
7834 9778
6208 8426
6675 8888
7354 9236
7280 9439
7459 9612
7508 9723
6648 8521
7827 9767
7487 9610
7556 9523
6479 8696
7084 8983
7540 9679
7702 9898
6800 8748
7348 9227
7154 9011
7073 9059
7642 9497
7117 8969
7789 9892
7498 9603
7782 9896
6717 8941
6985 9115
6643 8481
7480 9708
6602 8478
7240 9360
7023 9142
6853 8732
7442 9672
7083 9034
7187 9457
6960 9170
6750 8893
6858 8750
7760 9910
7749 9890
7411 9243
6255 8325
7498 9638
7006 9139
7438 9696
7541 9626
7207 9428
7099 9032
7468 9689
7255 9377
8182 9998
7526 9631
6438 8668
6621 8481
7307 9334
7774 9888
7248 9391
6489 8614
7689 9993
6726 9030
7601 9393
6947 8737
8133 9927
7007 8795
7229 9531
6965 8761
6472 8263
6239 8528
6445 8254
6202 8489
7324 9609
7246 9563
7076 8881
7150 8952
6721 9046
6448 8234
7050 8852
6659 8989
6369 8640
7003 8830
6153 8492
8171 9932
6362 8690
6725 9068
8014 9828
7431 9259
6619 8427
6762 9050
6863 9215
7617 9459
6676 8999
7581 9387
7968 9753
7343 9619
8001 9729
7371 9614
7044 8897
6523 8241
7268 9519
7440 9307
7507 9247
7086 8930
6382 8611
6865 9116
7403 9637
6921 8775
6531 8396
6358 8583
7458 9331
7002 8712
6883 9140
6485 8205
6859 9105
6927 8788
6761 9013
6783 8995
7476 9321
7360 9630
6227 8460
8168 9865
6359 8629
8134 9891
6231 8497
7435 9315
6594 8362
6683 9075
6834 9178
8105 9920
6802 9211
7546 9232
6395 8593
7462 9293
7295 9490
6469 8235
7087 8927
6603 8377
6205 8521
6887 9107
6799 9210
8048 9733
7424 9334
6678 9056
6931 8805
7802 9986
8185 9857
8146 9899
7386 9635
6341 8639
7222 9549
7494 9272
7657 9323
6450 8375
7335 9504
6381 8554
7676 9332
7631 9287
7105 8776
7593 9254
8131 9804
7581 9229
6348 8536
6601 8284
6718 9131
6802 8967
6620 8266
6496 8438
7936 9878
6823 9009
7990 9889
6828 9012
7457 9400
6569 8245
7383 9544
6347 8555
6404 8357
6712 9113
8138 9833
7497 9453
6874 9086
6453 8337
6487 8435
6945 8840
7057 8764
6604 8316
6494 8431
6587 8201
7112 8826
7286 9668
7363 9590
7093 8707
6458 8322
8142 9844
6397 8512
7963 9894
7623 9337
6380 8531
6420 8363
6528 8256
7403 9515
6399 8509
6924 8911
6530 8257
6771 9141
6386 8500
6585 8318
6837 9074
7646 9238
7270 9646
7107 8713
7130 8721
7068 8791
7433 9413
8085 9816
6358 8472
6181 8683
6957 8957
6886 9014
7202 9713
6973 8938
6826 9085
8104 9855
6580 8297
7155 8749
6973 8925
7177 9705
6919 8935
6617 8250
6867 9013
6172 8699
6183 8653
8046 9861
6423 8444
6683 9207
6589 8272
6218 8634
6862 9023
6995 8865
8040 9884
7102 8778
6993 8868
6568 8285
8086 9824
6680 9198
7257 9647
6506 8349
8162 9755
7648 9242
8075 9847
7493 9401
7050 8820
7278 9839
7414 9972
8037 9574
8160 9700
6804 8348
6821 8367
6240 8814
6547 9117
6740 8260
6943 8461
6776 8298
6558 9099
8186 9709
6325 8876
6189 8758
7113 8663
8150 9718
6929 8496
6660 8229
8082 9648
7102 8600
6505 9025
7015 8525
6242 8782
6991 8546
7248 9854
8136 9720
7221 9732
7747 9328
6764 8280
8167 9683
8161 9686
7946 9522
8076 9653
6497 9048
7985 9483
7787 9296
7844 9370
7819 9397
6554 9176
6971 8568
7397 9888
7333 9952
6563 9188
6482 8987
6517 9020
6662 8269
7311 9922
8057 9527
6657 8271
6336 8846
8134 9608
6561 9200
8148 9606
7876 9363
7028 8483
6331 8930
6864 8330
6335 8929
7959 9545
7865 9432
7703 9330
6820 8386
7772 9275
7136 8586
6664 8292
6265 8727
7963 9588
7893 9383
8098 9681
6266 8713
6467 9015
6999 8494
6526 8963
7339 9771
6925 8590
7111 8516
6596 9024
8007 9666
6938 8594
7391 9814
6734 8391
6511 9188
7859 9279
7067 8470
6470 9175
7029 8679
6939 8584
6167 8836
7019 8703
6390 8803
7689 9374
7991 9647
7701 9357
6773 8428
6425 9088
7907 9338
7845 9273
7280 9938
6558 9019
7816 9261
6336 8806
7297 9769
8188 9557
8052 9689
7201 9868
8103 9481
8038 9672
6825 8199
6220 8956
7219 9858
7053 8508
6371 8785
7871 9227
8127 9483
7114 8562
7751 9469
7759 9461
8054 9677
6670 8371
7253 9963
6151 8889
6698 8340
7903 9312
6428 9123
8144 9489
7627 9994
6330 8825
6545 9045
6333 8824
7416 9790
6416 9174
6634 9004
6157 8901
7402 9762
6582 9084
7721 9442
7040 8524
6345 8709
6398 8754
6869 8219
7386 9748
6386 8765
7169 9937
7209 9976
6542 9052
6838 8292
6374 8757
6191 8956
6359 8708
7095 8547
6509 9144
6893 8251
6652 9003
7013 8626
6305 8822
6879 8199
6713 8416
7230 9956
6627 9023
6299 8826
6282 8808
7738 9433
6592 8995
8081 9589
6699 8398
8051 9621
6397 8725
7848 9281
7988 9693
8040 9605
8010 9639
7419 9750
6248 8838
8039 9623
6783 8335
8137 9531
6874 8233
7252 9895
6830 8283
8180 9473
7952 9702
8002 9658
6501 9117
6672 8426
7972 9695
6363 8742
7737 9414
7929 9721
7944 9228
7505 9812
7119 8393
6975 8248
7746 9546
6646 8959
7629 9924
6945 8237
7898 9686
6262 9082
8139 9415
6986 8260
7905 9710
6724 8533
7048 8347
6551 8836
8050 9316
6884 8691
7715 9524
6901 8685
6914 8216
8025 9285
6988 8273
7426 9760
7009 8261
7824 9653
8089 9404
7916 9675
6339 9195
8080 9402
8059 9297
7798 9563
6148 9002
6968 8215
7724 9475
7601 9857
7052 8381
6636 8927
6618 8943
8127 9353
7630 9974
6815 8613
6638 8917
7525 9817
7607 9866
7493 9848
7889 9616
7547 9786
7521 9763
6615 8848
7140 8361
7004 8211
7551 9776
6890 8634
6856 8604
7497 9757
6463 8811
6740 8451
7550 9767
8026 9217
7437 9808
6391 9129
6215 8985
6916 8293
6686 8572
6916 8295
7515 9791
6492 8761
6477 8746
7979 9292
7862 9694
8188 9364
6729 8483
6819 8648
7468 9793
6720 8494
7503 9760
6209 9006
6669 8565
8146 9387
6401 8824
7682 9595
6920 8306
6256 8973
6784 8701
7900 9564
6782 8703
7452 9885
6240 9186
6640 8818
6498 8928
6795 8463
7946 9356
7705 9631
7116 8267
6918 8335
7657 9826
6848 8526
7732 9636
7986 9379
7632 9793
7470 9916
6314 9017
7940 9361
6361 9025
6451 8873
7644 9799
6866 8527
7155 8301
7484 9890
7158 8278
8002 9441
7676 9823
7460 9856
6661 8608
6186 9100
7033 8400
6372 9037
6247 9161
6816 8462
7108 8299
7754 9701
6969 8342
7103 8207
7787 9691
7806 9678
7988 9349
6807 8486
6546 8736
8122 9230
7126 8290
8102 9234
7678 9803
7345 9990
8067 9275
6329 8963
6671 8628
6735 8690
7991 9354
7918 9552
7608 9734
7938 9405
6803 8531
8030 9375
6765 8622
6462 8954
6309 9057
7639 9747
6569 8800
7465 9955
6775 8636
7645 9745
7579 9814
7687 9673
8151 9222
6898 8480
7984 9444
7041 8277
7921 9510
8128 9239
6992 8327
6771 8617
6169 9154
6940 8391
8022 9352
6276 9051
8129 9246
6860 8467
7776 9600
6162 9200
7909 9478
7638 9778
7930 9500
6736 8630
6224 9143
7605 9821
6583 8797
6175 9204
7533 9862
6809 8567
7875 9521
6524 8847
6705 8645
7017 8349
7430 9971
7977 9436
6412 8955
7668 9740
6777 8577
6289 9065
8055 9357
7166 8197
7612 9799
7667 9742
7592 8616
8172 9197
7782 8807
8156 9182
6549 9628
7313 8346
7630 8641
7506 8541
7389 8397
8096 9140
7822 8859
6160 9221
6730 9820
6164 9218
6607 9688
7818 8851
7586 8638
7274 8308
6404 9499
7860 8850
7781 8783
6145 9259
6185 9219
7547 8535
6905 9940
7394 8399
7957 9018
7177 8230
6723 9843
6747 9834
7412 8385
7444 8482
6264 9294
8166 9182
6416 9513
7575 8621
6276 9407
6461 9478
8059 9031
6321 9358
6543 9679
6688 9826
7761 8725
6495 9498
7726 8809
7800 8767
7712 8807
7562 8642
6275 9418
6908 9904
8000 8979
6518 9506
7470 8570
7520 8502
7555 8667
6156 9301
8100 9213
7463 8573
7783 8764
7516 8455
7323 8390
7856 8913
7247 8236
7375 8364
6502 9475
7715 8774
6343 9377
6881 9863
7379 8372
6706 9813
7661 8582
7649 8589
7410 8351
7951 9058
7537 8476
6692 9803
8174 9118
7426 8563
8093 9196
7237 8247
7815 8949
7872 8885
6437 9552
6411 9596
7870 8902
6337 9403
7812 8952
7992 9030
7636 8619
7532 8684
7198 8351
7833 8730
8066 8970
7661 8549
7272 8420
6475 9670
8017 9183
7517 8658
7651 8562
7392 8305
7341 8255
7218 8353
6430 9613
6287 9243
7240 8400
7596 8502
6478 9684
7579 8455
6209 9437
6471 9703
7370 8297
6599 9570
6787 9766
7598 8459
6648 9567
7433 8609
7952 9145
7899 8816
7307 8224
7208 8326
7821 8738
6258 9437
7932 8781
6528 9521
7956 9120
7195 8365
6424 9634
6437 9630
7181 8369
8063 9153
7319 8232
6845 9852
8161 8992
7792 8882
6235 9369
6516 9649
8154 8988
7695 8904
6253 9383
6381 9255
6460 9712
6598 9491
6833 9830
6752 9912
6158 9431
6176 9467
7594 8566
7202 8447
7790 8883
7273 8374
6583 9576
6145 9440
6401 9699
8107 9039
7797 8851
7360 8236
7685 8937
6149 9448
7882 8743
7653 8456
7820 8802
6317 9283
6755 9874
6617 9517
8191 8971
6700 9945
7204 8403
6550 9582
7163 9985
6656 9980
7618 8510
6666 9975
6575 9554
7175 8440
7302 8313
7485 8253
7157 9972
7411 8688
7884 9160
7540 8307
6357 9692
6310 9645
6929 9754
6685 10000
7441 8220
6406 9225
7635 8387
8141 8924
7536 8289
7619 8401
6291 9601
7069 9871
7191 8452
7981 8766
6936 9739
6371 9718
7354 8620
7252 8514
7519 8264
7290 8557
7699 8964
6441 9266
6923 9749
7127 9928
6194 9491
7142 9927
7304 8619
6271 9561
6233 9599
7725 8965
8153 8944
6699 9985
6273 9644
7523 8269
7126 9977
6335 9614
7131 9967
6942 9771
8178 8903
7762 9063
6546 9381
6385 9673
6976 9848
7845 9116
7414 8652
7940 8767
6297 9637
7121 9965
7496 8309
6228 9578
6249 9559
6462 9217
7054 9905
7797 9034
8169 8918
6561 9441
7923 9139
6146 9540
7591 8417
7864 9214
6564 9452
7091 9978
7944 8769
6974 9843
6935 9818
7656 8378
6368 9651
8173 8889
7236 8465
7752 8990
7889 9094
8184 8879
8062 8740
7989 8814
7170 8540
7380 8587
7557 8410
6608 9359
6306 9667
6158 9580
6762 9986
7097 9936
7928 9105
6467 9256
8025 8754
6636 9351
8100 8905
7457 8270
7463 8264
6379 9626
8116 8896
7681 9081
7352 8641
7501 8244
7263 8486
6493 9249
6239 9507
6192 9548
7232 8511
8115 8755
7681 9088
7778 9187
7643 8280
7878 9026
6375 9570
6805 10000
7857 9014
7500 8389
6635 9312
6503 9452
8034 8937
7387 8522
7605 8231
7942 8853
7758 9178
7261 8648
7791 9209
7772 9162
7192 8591
7794 9189
7277 8693
7568 8200
7196 8581
8066 8728
6332 9504
6396 9571
8045 8946
7557 8218
8003 8935
7881 9068
7262 8697
6998 9969
6508 9412
7905 9033
7314 8506
7895 9081
6310 9494
7090 9731
7553 8243
7037 9935
7326 8491
7117 9851
7281 8649
7775 9185
6446 9360
7683 9148
7269 8612
7997 8958
6433 9444
7219 8694
6994 9876
8042 8867
7151 9766
7533 8356
8162 8745
7553 8266
7736 9203
8128 8715
7593 8295
6481 9375
7602 8317
7434 8411
8124 8815
6434 9462
6591 9310
7823 9070
6241 9602
7175 8674
6644 9233
7346 8535
7984 8921
6651 9237
7077 9813
6500 9366
6955 9950
7764 9122
6146 9716
6580 9292
6586 9282
7009 9881
8086 8810
8034 8861
7926 8438
8044 8556
6342 9926
6232 9817
7776 8291
7366 8898
6751 9303
6737 9305
6760 9314
7205 8745
7793 8317
7817 8325
6151 9737
6877 9426
7226 8746
7057 9600
6709 9252
8027 8522
7730 8225
6245 9846
7964 8463
6425 9997
8136 8669
8016 8518
6150 9744
8074 8605
7227 8738
7285 8812
7197 8710
8142 8661
7814 8345
7467 8971
7027 9553
7469 8974
7560 9132
6286 9896
7617 9193
6924 9508
6769 9304
6937 9525
7270 8778
7412 8922
6355 9954
7220 8705
6835 9350
6857 9468
8102 8595
7739 8205
7146 9692
7213 8731
7128 9696
7945 8498
7588 9119
7031 9546
6664 9271
6320 9970
6680 9309
7524 8993
6907 9395
7014 9519
7777 8235
7108 9610
6318 9981
6989 9502
6218 9758
7853 8441
7301 8915
7683 8282
6663 9309
7841 8442
8029 8454
8009 8471
7024 9489
8110 8650
8035 8457
7869 8406
6144 9836
7717 8267
7122 9634
7408 8832
6168 9834
7866 8392
7654 9108
7698 8289
7781 8208
7693 8312
8114 8647
6809 9455
6855 9406
7679 9091
7441 9071
7983 8529
6326 9928
6852 9284
6711 9399
7073 9507
6955 9641
7169 8834
7063 9490
6716 9401
7606 9008
7599 9001
7537 9208
7014 9711
6720 9418
7841 8237
7387 8791
6847 9267
6531 9998
7891 8286
7809 8204
8173 8547
6164 9882
7306 8730
7033 9704
6871 9285
6893 9342
7850 8249
7564 8984
7566 8987
6748 9417
8189 8552
7218 8868
7948 8602
6314 9788
7210 8883
8013 8662
7472 9134
7584 8960
7508 9204
6560 9990
6378 9795
6341 9838
7462 9098
6816 9228
6958 9603
6264 9943
7081 9499
7314 8736
6302 9770
6950 9616
7475 9092
6788 9267
6710 9345
6892 9300
8009 8688
6315 9746
6734 9463
6852 9336
7987 8589
6190 9872
7295 8897
6840 9336
6174 9947
6387 9780
7001 9617
7897 8209
7521 9131
7947 8647
7444 9177
7719 8424
6932 9691
8024 8584
7310 8798
7846 8311
7228 8942
8119 8549
6756 9393
7030 9632
7999 8680
7822 8278
6902 9260
7328 8829
6167 9930
6387 9773
7138 9474
7873 8227
6637 9999
7603 9040
8165 8448
6260 9873
7635 9012
7479 9168
6843 9299
7826 8315
6667 9442
7771 8369
7620 9007
6741 9400
7054 9592
7454 9192
6226 9893
6901 9218
6817 9302
6285 9844
6282 9840
6666 9462
7096 9541
7868 8636
7037 9340
7803 8561
7282 9087
7026 9341
8141 8413
6681 9480
6607 9949
7884 8664
7334 9138
7667 8934
7101 9386
7416 9199
7351 9134
7720 8498
7622 8921
7625 8938
7049 9386
7879 8675
7055 9385
6948 9219
8077 8357
7213 8966
7725 8449
7920 8669
7486 8723
7269 9035
6880 9680
7610 8841
6540 9913
8117 8320
6633 9948
7259 9069
6541 9914
7152 9415
7515 8800
7519 8804
8131 8447
7892 8681
7187 9005
6789 9658
8148 8342
7527 8741
7708 8543
7116 9353
7691 8526
7934 8632
6605 9867
6706 9589
7851 8674
7548 8753
6978 9234
7663 8894
6673 9538
6942 9290
7109 9361
7928 8622
6610 9864
7132 9351
8041 8244
8084 8395
6831 9675
7472 8788
8061 8217
6681 9596
7322 9203
6432 9802
8125 8407
6766 9474
7199 9075
7794 8476
8111 8414
6710 9543
7796 8453
7120 9378
7216 9028
7908 8592
7943 8306
6574 9944
7570 8933
7641 8878
7746 8506
7727 8534
6733 9526
7552 8957
8149 8360
7234 9020
7697 8558
6488 9938
7432 8835
7890 8541
7673 8809
6613 9796
7072 9265
7561 8733
6841 9516
7795 8678
7413 9056
8164 8307
8005 8402
7309 8980
7469 8887
7921 8555
7714 8633
7074 9273
6525 9955
6800 9487
6606 9838
6466 9952
6440 9859
6572 9735
7957 8377
6589 9744
6745 9716
7238 9192
7292 9171
6530 9773
6631 9811
6572 9752
7844 8465
8028 8425
7303 9010
7078 9235
6625 9819
6486 9964
6979 9464
6741 9704
7954 8364
7652 8795
7998 8321
7311 9038
6485 9879
6782 9661
7717 8673
7516 8856
7288 9149
6559 9816
6465 9865
6650 9779
7351 9083
7675 8756
7673 8747
6418 9926
7538 8871
7194 9165
7242 9107
7151 9270
7206 9215
7491 8858
6870 9481
7637 8714
7164 9251
6930 9458
7215 9167
6857 9513
7868 8542
7789 8585
8024 8382
6587 9821
6963 9429
7829 8573
7042 9322
7104 9257
7449 8947
7580 8822
7199 9205
7008 9358
7022 9344
7784 8583
7427 8947
6738 9635
7382 8996
6645 9729
7400 8991
6787 9599
7908 8473
6773 9611
7088 9295
7874 8509
