10000 9999
3392 3396
8523 8527
8082 8087
9802 9807
9888 9896
9572 9581
3076 3085
9889 9898
5697 5706
3217 3231
5193 5211
5253 5265
2886 2898
6734 6747
4362 4381
2798 2809
109 117
2087 2111
4870 4892
1001 1010
4768 4795
5195 5207
8333 8336
139 169
8463 8493
3460 3495
4230 4258
5407 5433
6813 6843
5954 5989
6934 6974
2246 2287
6229 6271
2180 2217
3402 3428
5643 5691
1409 1459
3669 3686
7688 7740
5144 5164
7195 7214
1564 1577
9618 9643
1811 1833
1619 1640
3665 3693
9410 9471
1683 1710
2074 2138
6657 6720
4491 4553
9236 9303
1851 1919
4374 4435
8208 8278
3627 3683
9518 9575
9775 9825
2568 2631
8492 8547
6975 7023
4357 4436
2699 2777
8323 8407
2826 2908
3088 3143
1044 1100
9358 9431
2212 2301
6062 6135
2860 2934
6707 6760
7718 7802
9766 9851
183 234
4634 4730
3007 3038
8470 8567
698 728
7574 7666
3504 3541
2069 2162
9780 9811
6533 6639
6571 6593
7980 8006
1570 1608
3513 3538
1813 1913
8376 8405
9642 9669
3113 3142
9738 9829
5938 5981
2989 3037
8482 8530
7982 8028
3717 3831
9103 9213
6161 6243
5126 5237
7975 8020
8320 8437
3738 3820
6280 6399
7068 7136
2618 2630
3612 3680
4395 4438
160 221
5969 6097
5735 5863
4097 4224
9076 9205
5442 5569
6737 6866
4987 5117
5438 5560
3852 3979
1346 1477
3652 3779
5198 5319
2899 3033
7470 7586
9540 9672
8224 8364
7795 7935
9816 9940
41 164
1319 1449
5929 6054
6672 6784
123 235
345 456
7804 7919
7986 8103
5168 5285
6970 7085
6511 6648
7429 7581
6931 7049
3902 4004
55 172
4639 4739
7783 7874
7541 7632
8226 8324
6776 6878
6187 6285
5247 5335
4624 4793
1387 1479
8806 8904
3948 4034
6410 6565
2343 2455
2313 2489
7441 7585
1555 1698
8235 8346
5425 5504
3706 3787
3126 3207
1562 1704
7209 7322
1403 1480
6676 6817
2132 2274
4719 4825
8294 8401
1088 1271
3077 3261
893 965
2140 2277
9083 9154
8732 8869
6203 6279
5479 5595
6965 7049
6450 6542
5637 5816
2369 2556
8233 8342
5416 5527
5396 5547
9241 9433
1099 1161
6462 6652
1581 1774
7742 7933
7687 7876
6400 6596
6163 6359
554 751
4622 4811
6480 6551
2638 2694
3400 3458
9058 9128
8450 8654
4924 5105
1072 1277
7969 8175
257 463
2058 2244
3180 3235
7710 7889
9259 9467
2368 2448
7185 7360
2664 2745
1663 1710
2104 2282
8502 8676
5756 5807
9052 9103
8458 8665
4468 4513
7985 8167
2395 2434
1042 1227
98 185
7789 7862
6685 6854
274 461
1350 1433
854 950
2138 2235
6753 6784
359 388
9492 9712
3446 3475
4123 4349
771 996
7728 7895
339 442
4126 4338
9485 9699
9553 9662
574 718
3644 3789
6497 6544
8980 9184
7179 7423
8823 8835
4612 4849
7967 8169
1593 1742
6729 6832
1892 1950
829 967
8044 8087
1366 1453
4608 4860
7013 7064
4688 4782
8571 8581
8790 9046
215 470
9249 9507
4848 5106
237 494
2273 2533
203 451
3239 3501
1616 1884
6333 6577
2118 2376
2209 2479
6837 7098
3219 3459
3772 4012
6326 6567
142 413
146 390
4351 4586
9 284
7840 8120
6378 6643
7237 7519
8926 9153
5796 6020
1592 1816
3585 3872
1237 1527
9263 9482
541 827
2608 2838
4299 4589
6303 6583
7377 7676
8378 8596
3122 3356
6863 7136
8709 9013
6885 7125
3169 3412
4169 4476
8412 8681
2129 2407
1031 1328
1713 1926
543 807
4796 4998
3782 4092
2210 2462
3194 3398
7362 7678
4779 5014
37 280
6157 6451
3272 3574
7820 8114
4670 4864
6254 6481
720 913
9335 9526
2590 2908
4832 5026
573 894
1188 1504
4164 4354
7900 8090
3075 3403
8446 8631
1053 1367
8802 9000
5844 6046
6750 6933
4148 4479
5284 5609
166 491
4274 4607
2613 2939
8726 9048
6164 6491
6724 6923
5243 5428
8233 8569
3230 3534
5855 6030
1747 1927
8930 9142
1704 2044
9380 9712
1582 1915
8779 8990
1758 1931
8736 9081
7829 8143
2584 2883
6891 7093
568 870
7170 7517
8951 9111
7709 8060
626 791
8198 8544
7931 8093
4703 4920
6846 7126
8374 8670
8441 8592
6906 7056
4213 4382
4654 4933
7341 7617
7403 7559
4292 4521
2238 2513
1769 1945
1088 1329
5139 5474
1104 1313
6308 6613
1135 1309
8288 8467
4244 4576
9448 9629
7287 7426
4 369
1756 1962
4808 5042
4219 4352
5319 5563
6238 6432
8706 9084
1120 1311
7815 7942
1090 1475
1268 1398
3268 3399
3675 4061
8916 9042
7829 7955
4740 4876
6361 6480
3097 3479
2743 2873
6704 7103
8220 8588
2270 2382
7689 8089
184 297
1056 1457
1276 1389
4153 4520
1595 1961
4141 4542
1239 1347
767 875
2109 2473
8711 9107
2136 2509
5815 5921
3594 3997
7745 8150
3127 3488
6825 6962
7817 7954
4119 4492
9336 9700
77 464
1164 1297
2116 2532
1675 1835
6197 6549
4319 4477
61 414
3324 3416
4102 4515
2700 2858
4804 4962
4269 4362
3158 3569
5851 6003
5170 5530
7234 7659
3724 3879
8936 9027
8828 9169
5652 6074
9286 9704
2756 2935
1719 1796
3667 4064
1039 1465
624 968
670 806
597 1004
1703 1822
8314 8643
5358 5461
1172 1327
5877 5961
4212 4553
8838 9017
9261 9709
9299 9618
3075 3520
122 444
6396 6459
189 378
13 454
3211 3399
1111 1432
7792 8096
8274 8579
2621 3055
5329 5379
5707 6040
236 312
5169 5609
686 885
7684 8159
6847 7011
3808 3840
1041 1520
7180 7661
4347 4377
7203 7617
8947 8976
9344 9571
2710 2928
3627 4045
1165 1386
2665 2945
3676 4020
2196 2429
8754 9179
9400 9555
3805 3889
2683 2967
8939 8964
6355 6460
6900 6916
1565 2029
2623 3022
6248 6554
7701 8166
4788 4928
6156 6649
4838 4883
7198 7656
6771 7048
1187 1368
763 768
4812 4912
8884 9032
9230 9713
304 817
8484 8999
6347 6862
1345 1860
8356 8865
8348 8858
199 705
4544 5063
424 943
5188 5708
1265 1785
439 959
4486 5005
4383 4883
2394 2903
5201 5727
1482 1989
131 659
5385 5913
3580 4076
7409 7907
1485 2008
2195 2693
6239 6729
5175 5664
9448 9968
4264 4785
5227 5746
3529 4051
8329 8853
6324 6826
6584 7079
3353 3897
6654 7135
9288 9833
3164 3704
1489 2037
7637 8179
2182 2720
5587 6132
5340 5883
3252 3731
5566 6038
188 663
7412 7896
260 808
3464 4005
2263 2808
4488 5049
8322 8883
7370 7928
7511 8036
2124 2687
8682 9182
3292 3816
7528 8029
4519 5010
4342 4801
174 665
2340 2844
4472 4929
9278 9732
7426 7993
2310 2877
1063 1563
8451 9023
5393 5933
7569 8109
6320 6797
4177 4716
1355 1909
7455 7968
291 796
7518 7966
63 639
9300 9748
8650 9098
4165 4612
7261 7708
6560 7138
1084 1662
8212 8785
6633 7087
4308 4755
4401 4984
3323 3762
5176 5747
5452 5888
5193 5636
1145 1588
4316 4754
3308 3747
9301 9733
440 1002
1381 1846
3167 3596
5548 6136
5241 5676
7382 7808
4466 4901
4197 4658
3259 3811
8700 9124
6408 6993
4474 4899
7597 8183
1113 1538
9331 9768
10 593
2063 2643
3211 3799
4334 4787
8491 9077
2409 2825
8363 8907
8241 8784
8506 9048
5386 5993
5371 5784
8339 8949
9225 9838
6536 7137
2363 2897
4292 4776
5459 5949
2100 2628
2154 2587
1477 1971
8228 8786
3197 3594
9254 9822
5222 5662
7219 7753
473 930
8308 8719
12 652
9409 9792
3148 3790
3530 3912
3355 3993
5533 5918
6579 6960
16 660
8430 8810
1162 1550
8402 8790
6631 7010
2301 2676
5343 5715
1418 1797
3167 3791
9420 9820
8372 8740
7258 7883
9401 9773
2231 2593
4245 4611
5226 5885
6594 6997
7641 8001
2297 2656
7577 7939
8701 9063
3220 3599
8210 8846
7523 8190
7446 8072
4227 4637
3566 3952
419 828
4522 4874
3403 4075
4386 4995
5354 5707
31 701
3176 3787
8538 9214
5216 5828
5462 6131
71 737
5132 5802
4577 4934
5515 5923
3225 3635
7616 8045
1208 1558
288 910
5235 5827
8592 8992
180 518
1407 1997
9429 9831
6210 6902
5351 5714
4304 4711
8461 9143
6453 7051
6581 6922
1460 1803
4507 4900
4144 4849
6330 6776
3344 4050
5394 6097
7305 7754
3294 3610
2432 2886
7471 8168
5264 5719
4346 4658
4209 4795
8564 9144
3532 3841
9334 9915
3280 3614
8623 9057
8247 8934
5475 6069
6259 6820
8487 9200
1353 1937
6639 6961
2527 2816
2177 2659
2377 2987
2410 2957
6556 7035
5536 5960
1237 1596
6646 6940
8292 8840
1462 1882
3074 3823
3575 3864
117 645
5190 5814
1454 1884
1310 2028
9273 9931
332 953
1144 1677
6531 7029
8340 8803
9453 9748
3181 3732
1302 2028
8358 8796
2231 2636
327 956
2431 2946
213 552
1453 1872
6317 6739
2227 2636
4153 4806
4188 4956
2511 2767
5377 5633
4516 4769
4427 4686
7280 8054
1034 1804
451 708
4168 4943
9572 9839
9702 9962
3307 4071
4566 4826
3421 3664
6647 6905
6625 6894
5433 5673
9639 9911
8254 9006
80 833
8499 8738
9701 9975
1211 1966
3411 3654
9650 9892
2421 2669
6405 6684
3120 3882
1243 1984
5157 5950
7496 7766
9589 9835
271 528
8201 8982
6268 7004
2461 2748
4462 4687
70 868
2228 2966
1217 2018
5251 6055
1325 1545
1492 1776
142 939
3431 3648
2181 2991
7226 7952
4241 5052
1491 1789
8291 9043
8330 9147
2554 2763
9541 9847
2197 2983
2314 2616
6616 6893
8677 8912
6635 6877
1489 1767
6211 7029
8396 9211
3208 4017
7608 7810
8246 8973
6389 7113
2153 2901
4503 4778
1302 1579
2467 2718
7243 8052
4225 5056
7347 8177
7333 8173
196 908
7468 7781
9527 9853
8217 9045
7366 8074
8518 8714
5440 5646
6445 6755
8359 9193
3101 3922
1103 1823
1070 1918
3091 3906
7564 7901
3432 3642
7322 8136
9520 9826
4587 4799
4499 4807
493 697
3332 3664
6329 7151
5233 5927
4406 4718
1499 1666
8620 8949
1401 1571
1096 1813
5183 5982
1387 1546
149 1015
4120 4986
8287 9020
7445 7793
2272 2948
3506 3796
1424 1783
8582 8929
3248 4056
1068 1856
8200 9061
9581 9731
3283 4003
7470 7775
2518 2727
459 696
7515 7720
4302 5050
8311 8963
8696 8845
8645 8882
2160 2824
2300 2949
5453 5687
503 653
5225 5906
1125 1818
6144 7039
3343 3696
9686 9812
187 825
2112 3011
1434 1566
4453 4833
1080 1981
7442 7831
2114 3012
2362 2748
2091 2988
2149 3055
2398 2772
4388 4783
4506 4630
145 796
7373 8003
8516 8907
270 671
1385 1784
6407 6805
1528 1642
8250 9129
9614 9754
1448 1598
4526 4664
5288 5951
7179 8081
7364 8026
8375 8982
5299 5905
153 829
2185 2861
295 642
9657 9756
7407 8010
2159 3017
2286 2888
9601 9769
26 946
2145 3016
2198 2879
1298 1720
3456 3626
6159 7075
7572 7737
282 692
8236 9091
441 534
1030 1974
4118 5028
4337 4930
91 1000
2328 2732
9665 9846
6206 7046
4372 4780
3424 3801
1471 1542
5449 5875
3257 3843
1163 1840
4106 5046
157 800
3455 3777
1173 1835
6506 6868
6440 6806
2552 2617
5258 5961
1394 1718
9551 9867
6421 6864
89 927
4504 4702
7593 7777
5505 5705
6360 6930
5187 6024
8566 8890
1410 1614
299 741
4500 4699
7372 7965
7171 8145
4190 5002
7629 7704
6478 6808
8636 8811
2272 2872
9517 9972
4471 4781
3430 3772
3202 3928
2186 2897
3258 3942
5158 6136
5268 5962
2535 2616
1446 1604
4152 5083
2487 2644
6170 7166
3154 4022
9658 9811
6256 7066
4274 4952
6181 7118
3356 3825
1206 1881
4475 4746
6155 7162
8387 9009
1138 1920
5192 6075
2099 3014
5470 5800
9501 9957
4365 4852
4570 4640
8654 8757
8521 8882
7320 8035
2266 2854
8418 8991
5270 5992
9498 9956
86 937
2049 3072
4917 5942
8740 9767
2752 3781
4778 5804
6494 7513
6824 7841
4493 5511
3038 4052
6391 7418
2938 3959
2226 3260
2342 3369
2075 3083
4700 5709
6758 7796
8917 9921
109 1144
6281 7327
449 1495
8794 9805
157 1162
6997 8002
8349 9348
8979 9994
2502 3548
4971 6006
901 1944
6395 7396
70 1124
8434 9424
8871 9859
19 1079
2059 3119
5001 6060
6503 7488
2998 3985
4535 5520
6296 7344
4576 5577
6653 7638
155 1205
4736 5807
2249 3302
4563 5628
5086 6126
6192 7169
2575 3641
5051 6028
6608 7655
2052 3132
2525 3557
6745 7776
4238 5301
4912 5899
6199 7176
8896 9856
2082 3170
6605 7565
4287 5373
8771 9735
4650 5740
6752 7720
587 1539
2106 3186
4204 5156
8906 9859
2891 3847
2499 3470
8223 9297
2678 3640
4950 5894
295 1398
2716 3790
2661 3639
4259 5360
6251 7224
2454 3522
7129 8076
7050 8156
6945 8055
8811 9788
249 1198
472 1408
7152 8104
6220 7189
4122 5187
2292 3245
4856 5793
2214 3324
453 1438
8248 9316
2409 3381
8361 9461
991 1921
4584 5558
8473 9593
524 1644
4326 5254
4441 5432
6405 7524
5059 6049
2498 3488
245 1174
405 1521
8875 9934
4379 5491
4987 5906
6766 7684
7101 8151
6602 7585
2155 3079
6661 7784
6618 7604
8783 9761
4638 5742
2793 3737
2856 3930
4393 5469
6728 7740
2125 3128
3053 3995
8677 9619
394 1522
380 1284
197 1213
8510 9543
6362 7329
6742 7725
8883 9935
4508 5602
3 1148
807 1959
6968 8121
8379 9273
4555 5454
8419 9318
2514 3415
4171 5324
8458 9602
4199 5356
5006 5893
2995 3903
164 1064
8321 9228
2863 4001
2838 3992
2417 3556
6598 7507
759 1633
366 1529
419 1337
200 1107
316 1440
788 1929
4652 5811
870 2041
4129 5310
7016 8136
5052 5916
593 1776
4989 6111
6455 7571
6740 7921
4471 5584
2820 4014
377 1490
7128 8051
2306 3497
6482 7679
505 1364
4128 5262
8312 9430
2465 3345
5090 5971
4582 5460
6424 7596
987 1901
4919 6016
4119 5280
8318 9414
7158 8015
8444 9287
4729 5826
6844 7680
2248 3190
5045 5898
599 1687
4786 5747
8878 9834
6332 7289
2090 3311
430 1384
794 2013
6840 7793
2951 3917
6519 7612
823 2044
7008 8107
8515 9608
2235 3191
60 1267
6386 7229
2148 3253
2966 3911
4695 5765
5097 5947
4893 6094
8841 9818
8726 9925
8258 9367
2190 3163
8303 9401
6471 7568
761 1569
8445 9255
6221 7319
6842 7776
4676 5790
2428 3494
341 1417
64 1181
6469 7578
685 1650
6387 7186
332 1454
6974 8156
6973 8158
9185 9986
4448 5507
6179 7365
8913 9783
618 1666
6432 7625
772 2030
3057 3866
6145 7404
7156 7961
245 1051
8215 9465
2850 4045
487 1301
6448 7622
2649 3745
2612 3789
2293 3086
4253 5216
2294 3080
6865 8145
263 1031
7088 7858
8619 9390
8578 9348
5048 5823
690 1979
4590 5348
2927 3684
2266 3537
633 1911
4459 5243
4964 5751
4588 5375
2692 3984
6200 7469
4719 6010
4107 5406
810 1596
8494 9272
193 1494
4156 5412
8429 9717
5004 5781
6492 7238
6987 7760
2056 3347
6503 7292
6700 7984
51 1325
6971 7716
5088 5825
6561 7299
8627 9364
452 1260
361 1091
2578 3896
4127 5427
2536 3269
2898 3709
8657 9470
2571 3876
87 1383
8641 9457
2201 3497
2072 3370
2843 3624
6347 7672
6850 8183
665 1953
156 1444
8511 9222
2521 3299
478 1252
923 1702
6476 7281
2975 3746
4942 5744
2490 3205
6600 7415
2985 3819
6712 8058
5039 5867
4470 5171
3000 3838
4907 5731
2713 4048
4481 5320
6179 7529
2305 3146
6830 8162
9034 9732
4674 5900
5058 5773
291 1139
264 1112
7006 7694
54 1383
4796 6125
6426 7240
6994 7686
4596 5281
6582 7406
2598 3966
4416 5145
6327 7662
4760 6082
6538 7377
9102 9941
6234 7430
6573 7408
632 1829
87 1289
4730 5925
2750 4065
2974 3837
6595 7328
4420 5154
2901 3634
2134 3391
9104 9979
7141 7817
4384 5196
8665 9397
41 1348
6263 7449
734 1968
240 1408
4469 5125
2617 3912
2249 3512
8248 9549
5016 5869
5109 5763
7012 7698
4 1395
8817 9993
4128 5469
6944 7773
6738 8144
416 1058
612 2023
2994 3633
4187 5599
4328 5484
2200 3357
8462 9355
6725 8131
4838 5999
8381 9524
4316 5462
4938 5824
2155 3552
8974 9858
4959 5843
809 1701
5018 5652
4809 5958
4147 5537
660 1792
6554 7182
2690 3863
3024 3653
6403 7317
8490 9405
406 1036
4214 5613
6879 8004
6588 7207
6656 8092
8265 9685
2845 3715
6644 7274
7102 7712
2719 3841
2158 3568
8263 9703
669 1852
8686 9292
708 1894
7133 7801
7111 7779
8568 9437
912 1591
891 1746
8276 9725
4770 5902
4656 6044
242 1375
8471 9402
2548 3161
6517 7387
4184 5622
8522 9466
359 1238
6931 7847
8512 9461
204 1402
6868 8034
480 1110
2560 4022
2822 3774
970 1651
4360 5297
4223 5572
8236 9623
7154 7759
4395 5268
4248 5415
4209 5582
137 1334
4794 6010
1002 1578
676 1893
6885 7972
322 1152
2953 3659
8500 9463
6342 7427
6304 7525
418 1127
1016 1598
2967 3665
954 1660
125 1467
2581 4060
964 1549
637 1975
246 1340
520 1987
8316 9649
171 1382
8367 9569
4105 5574
2116 3478
8542 9356
4783 6012
5119 5676
818 1761
6284 7512
6810 8012
2195 3397
6202 7660
4556 5147
934 1649
7098 7778
2501 3100
4158 5605
6742 8077
2861 3825
2986 3703
8245 9707
4942 5777
664 1863
6986 7850
6699 8139
8393 9512
8509 9439
980 1590
6162 7665
848 1716
2642 4023
2236 3417
6628 7171
6379 7436
4967 5775
8567 9375
6472 7329
2453 3199
4802 5928
812 1730
8535 9383
2505 3129
4299 5434
2500 3127
9100 9855
8546 9366
4261 5456
622 1947
4597 5120
995 1557
429 1114
500 1033
2862 3793
6184 7721
2963 3474
3061 3574
2802 3318
8788 9296
4348 5881
4359 5890
6839 7345
2396 3930
318 1849
4557 6090
4258 5800
56 1586
4099 5640
4624 5147
2798 3301
6526 8050
8275 9823
6213 7755
2657 3183
4735 5231
9080 9577
2335 3854
4951 5444
9202 9697
2982 3507
4504 6031
2695 3231
372 1901
2862 3383
2438 3996
6365 7879
2760 3282
2638 3154
8328 9877
8283 9798
4978 5487
9120 9663
6292 7860
2142 3708
765 1246
2246 3813
6763 7247
2758 3299
78 1641
6473 8046
2128 3704
2247 3821
2707 3256
9026 9582
3065 3541
2196 3769
7093 7579
234 1732
8480 9999
5003 5563
5066 5626
2541 4060
6507 8024
2326 3874
9213 9673
8913 9444
26 1580
4618 5180
4927 5385
241 1734
6597 8178
2056 3633
4906 5395
2186 3760
2612 3087
4412 5895
518 1083
735 1250
476 2019
8259 9730
143 1741
2579 3152
6912 7491
66 1542
4934 5378
4244 5841
614 1071
178 1787
2903 3358
9031 9483
4191 5651
791 1370
5083 5525
6371 7853
6238 7697
2968 3543
6209 7697
168 1786
8297 9786
5075 5510
2161 3620
6275 7893
2253 3732
4192 5689
581 1048
8390 9883
8781 9234
4154 5722
6698 7242
116 1559
2916 3329
608 1029
722 1210
2281 3713
4966 5390
8708 9327
490 1927
6242 7695
8258 9772
492 1923
9189 9610
4489 6137
2516 4007
2830 3453
586 1081
7129 7594
6178 7770
2565 3196
185 1728
2677 3082
854 1494
8802 9443
240 1649
8338 9745
2620 3263
8820 9456
8227 9894
2783 3161
6515 8180
9127 9519
6677 7325
2712 3090
3023 3395
6366 7762
6575 7970
6449 8127
5037 5411
4840 5223
9172 9541
695 1062
8893 9256
2730 3135
8866 9271
2559 3946
384 1816
4793 5152
4167 5854
158 1540
6295 7693
4547 5977
3013 3422
2472 3891
7128 7493
4938 5589
5094 5446
6350 7790
375 2006
2385 4080
2588 3262
7007 7677
804 1414
8438 9813
929 1282
5030 5381
2735 3083
6753 7367
6178 7812
2136 3838
3006 3353
4781 5126
960 1388
6478 8163
6991 7650
4149 5767
244 1600
4599 5955
4931 5623
5039 5403
2061 3771
315 1933
8818 9412
2281 3666
7054 7477
2570 3254
2169 3783
6300 7714
4200 5846
2 1725
836 1413
2279 3619
5059 5387
6574 8039
5119 5429
2380 3968
8243 9980
2685 3250
8279 9880
8730 9419
2359 4070
2471 3954
6485 8066
2449 3910
6246 7871
233 1587
6381 7734
2523 3845
2381 3986
9094 9574
2722 3139
2086 3780
4602 5912
2324 4086
6940 7679
9155 9504
681 1098
2585 3322
4922 5596
83 1716
4320 5642
8956 9238
4114 5881
530 1278
2546 3871
856 1463
6818 7245
2296 3592
2392 4009
4201 5784
6545 8034
4728 5261
4383 6119
6736 7337
2352 4042
2092 3798
6419 8169
564 1231
2432 3964
5012 5481
5101 5392
684 1106
8357 9819
5079 5335
9114 9370
947 1200
318 1597
506 1791
2787 3558
8836 9614
4644 5422
4253 6038
5094 5355
793 1047
9025 9295
980 1243
533 1306
4322 6125
6808 7561
6324 8102
543 1292
217 1994
714 1502
9141 9379
4857 5614
8584 9873
2436 3736
4239 6035
4303 6098
6369 8188
4226 6047
789 1035
4444 5699
6698 7434
5101 5325
8634 9886
88 1916
6316 8074
4314 6130
4707 5448
2289 4058
6762 7494
938 1158
8771 9583
2191 4000
4377 5673
8890 9610
2979 3222
477 1768
2378 3708
208 2022
6822 7569
6841 7566
6198 7948
6302 8100
8621 9878
4947 5230
638 1341
7149 7337
2088 3949
9149 9467
8800 9511
6290 8149
3043 3243
682 1507
6986 7168
9174 9373
6186 8033
167 2027
6338 8078
4592 5820
7028 7226
7022 7230
2557 3759
4594 5798
207 1946
6446 7800
7027 7204
2864 3175
407 1743
890 1057
6805 7630
5106 5289
2663 3387
2736 3566
4977 5137
2852 3142
2662 3333
2257 4021
8623 9931
2600 3406
6854 7584
5097 5249
4361 5729
5108 5277
719 1445
497 1690
2143 3892
2974 3315
165 1992
8977 9343
4641 5455
269 1635
597 1338
5027 5324
6462 7761
2347 3674
2129 3872
123 1800
4561 5797
119 1793
5076 5282
8763 9549
4130 5973
6745 7456
9065 9237
4270 6099
4654 5459
140 2033
4221 5891
4980 5130
7112 7351
551 1368
4951 5160
250 1915
8545 9955
2848 3235
3045 3170
2460 3611
6531 7691
999 1134
6367 8022
4387 5802
4105 6019
2329 3731
4548 5711
2261 3929
540 1425
239 1889
159 1809
8958 9585
8566 9958
6440 7864
9169 9287
2529 3702
4830 5449
8976 9351
144 1799
6764 7669
2705 3336
7160 7265
9204 9326
9175 9293
6337 8027
4239 5907
150 1802
484 1656
8479 9858
2230 3883
4714 5621
8550 9977
6859 7508
647 1319
8360 9992
8572 9948
120 2009
6265 8152
1003 1098
4843 5448
809 1167
8915 9588
459 1634
2730 3334
826 1174
4440 5864
9100 9276
2111 3983
7034 7371
4546 5744
556 1438
14 1981
5029 5142
5084 5224
6994 7399
4130 6036
820 1154
8760 9600
6790 7487
110 2004
6664 7602
25 1957
4254 5920
8871 9497
2715 3364
632 1464
2948 3141
7037 7356
2449 3667
8 1995
23 2002
6722 7556
6177 8173
6403 7887
4648 5605
6431 7890
4133 6120
804 1258
2962 3165
6882 7469
6792 7512
4255 5965
4206 6077
4954 5262
2400 3765
4956 5257
4995 5205
2939 3244
322 1691
9204 9262
259 1753
2458 3649
558 1525
2672 3500
682 1399
4170 6039
2971 3141
710 1304
2559 3616
6222 8110
6835 7507
6257 8083
309 1751
4353 5860
464 1590
2863 3273
2275 3845
4790 5457
6602 7714
4414 5847
2658 3467
6945 7368
8539 9905
8848 9596
2633 3492
687 1345
6725 7594
4758 5478
6296 8041
2270 3887
2629 3511
6892 7454
8736 9683
2084 4055
985 1066
4131 6096
8675 9751
8973 9464
4651 5597
6273 8055
8819 9604
195 1851
7071 7271
6493 7845
3064 3074
2959 3187
2171 3975
4753 5485
99 1950
6299 8038
5096 5143
1908 3957
2046 4085
4726 6778
5368 7413
5076 7130
4976 7008
5686 7719
618 2680
5639 7701
4990 7021
6004 8039
5757 7790
4810 6878
5991 8051
1412 3473
4896 6966
1498 3533
5085 7109
878 2935
1343 3366
609 2683
4683 6736
1627 3655
4888 6919
5014 7094
4354 6435
627 2641
1317 3329
4746 6828
5696 7782
1758 3832
6006 8030
2031 4039
43 2049
90 2167
5801 7812
188 2194
1977 3990
653 2749
5806 7839
4656 6658
4283 6286
5683 7685
333 2427
2011 4077
5755 7747
5255 7359
4742 6847
5659 7713
4870 6973
11 2096
5607 7642
4720 6733
1568 3681
5832 7820
1681 3798
5785 7891
4116 6239
1516 3489
1990 3976
4961 6958
286 2385
290 2413
4694 6663
4861 6828
4549 6548
6035 8129
5184 7187
209 2178
436 2528
6084 8080
1883 3852
966 2961
132 2259
5583 7575
569 2657
5413 7545
4809 6804
1363 3342
5648 7757
1111 3082
5026 7164
301 2419
1668 3802
1774 3761
1838 3918
376 2331
1245 3262
5867 7816
5552 7636
627 2582
401 2548
5738 7692
257 2406
4272 6361
5905 8059
863 2866
6081 8115
5682 7745
1405 3342
5135 7291
5368 7308
945 3013
5986 7957
220 2213
1828 3929
551 2649
1344 3390
1006 2924
4815 6732
6053 7974
5554 7478
4784 6708
1133 3305
2020 3936
1888 4069
4158 6329
1069 3237
620 2788
1916 4085
4895 7061
4123 6289
1819 3985
1151 3316
5663 7828
4673 6861
6069 7992
550 2728
4757 6682
5576 7495
4222 6383
1094 3287
5035 6969
5317 7254
4744 6684
1108 3267
525 2714
5365 7266
1591 3759
1485 3413
5374 7270
2024 3952
5524 7438
5437 7591
1248 3194
847 3025
4974 7153
4432 6641
354 2497
5481 7629
5774 7722
1457 3350
2002 3967
5743 7872
6018 7981
5953 8176
4869 7095
5932 8094
5040 6914
5900 8122
775 3005
89 2274
5532 7456
4234 6218
5499 7608
1662 3773
1615 3723
1215 3195
4140 6377
5702 7811
4257 6247
1266 3124
1505 3367
1955 3947
4627 6875
261 2511
4296 6147
1027 3272
1043 3288
692 2680
5245 7344
4914 7167
4273 6268
1859 3987
4879 7135
221 2062
5926 8181
4881 7113
6020 8031
311 2540
4170 6295
4391 6650
5476 7609
1730 3613
5886 7711
4740 6757
5208 7354
5872 7699
1132 3209
5679 7881
1638 3712
5129 7407
5716 7858
5021 7034
5322 7202
4682 6819
1025 3304
1584 3803
139 2150
177 2113
1684 3685
4861 6668
1451 3417
4246 6244
1513 3354
1962 3934
5338 7212
1948 3946
5283 7252
842 2994
4621 6901
128 2169
4183 6318
1648 3721
5423 7636
6033 8042
5760 7805
4273 6223
822 3017
839 3000
1127 3224
1204 3508
4837 7142
802 2598
546 2855
5687 7998
5927 7726
1538 3848
4680 6978
4696 6995
4368 6171
5227 7520
4139 6437
756 3067
5134 7425
992 2800
5221 7543
4315 6601
1780 4071
5417 7230
4657 6952
1154 3481
4392 6196
1054 3331
1637 3960
4234 6571
5698 8037
5123 7467
4161 6507
570 2832
1153 3498
5601 7373
772 2602
5100 6850
4370 6205
5303 7559
5947 7688
4197 6486
1775 4058
1236 3553
695 2944
5351 7632
1727 3974
879 2645
4327 6620
1684 4015
200 2547
5450 7287
1269 3531
4794 7044
494 2222
5406 7262
4560 6289
138 2505
4463 6187
5135 7498
5388 7241
559 2921
788 2643
4291 6539
5131 7489
1149 3377
1703 4075
1259 3494
1113 3351
6030 7872
6094 7809
1966 3809
5629 7343
5774 8154
1308 3144
4138 6526
5390 7252
573 2918
974 2706
4908 6768
1842 3695
754 2988
1997 3730
5578 7317
4873 6761
5211 7482
5128 7534
1618 3893
231 2445
7 2411
5212 7473
1811 3710
5203 7485
1777 3999
1815 3686
768 2673
5291 7647
5332 7584
4692 6947
5215 7644
577 3012
1278 3451
4645 7075
4737 6921
1698 3882
102 2542
5950 7862
5306 7474
1839 3748
5999 7908
107 2535
6003 7932
609 3056
949 2599
4412 6313
1752 3919
2047 3687
1396 3308
1213 3365
112 2539
5305 7460
4689 7119
4477 6370
4217 6617
5630 7263
1013 2646
5896 7851
474 2174
810 2701
613 3021
5496 7379
5572 7272
302 2179
1039 3490
5148 7603
5181 7570
4834 6989
5238 7622
313 2184
951 2565
6113 7763
5862 8020
5667 8081
5384 7355
4428 6392
838 2802
5220 7634
237 2389
222 2407
1607 4093
4650 7057
1629 4064
4467 6348
5244 7612
4898 6882
4505 6232
1571 4065
1983 3707
623 2981
5529 7250
858 2708
292 2295
527 3036
1572 4080
5997 7864
6021 7763
5044 6754
1291 3283
5559 7279
5299 7530
1616 3979
1820 3778
4784 7022
598 2952
1719 3927
349 2236
1221 3366
4247 6515
275 2299
1057 3531
5574 7210
887 2714
861 2738
1560 4087
816 2753
5149 7662
5150 7658
5787 8046
5637 8179
1791 3849
1146 3468
636 2955
186 2370
1262 3351
1773 3860
1845 3785
734 2851
756 2826
1541 4091
6105 7719
6001 7823
6071 7607
4108 6669
5120 7681
4453 7015
5474 8038
4983 6514
482 3044
1830 3360
4965 6498
4134 6689
1965 3493
4143 6694
619 2146
4181 6751
5453 8007
81 2651
414 2965
4314 6870
5672 7206
5000 6535
5538 8112
4955 6479
5792 7348
880 2404
6104 7628
6026 7583
1360 3910
6049 7606
5586 8138
5342 7878
5214 7751
841 2384
5991 7549
129 2717
1192 3764
1693 3201
4867 6429
220 2754
5711 7279
5641 7210
135 2723
5258 7855
4235 6829
1126 3649
5656 7217
1796 3368
4489 7076
4257 6799
1530 4052
1458 3996
5739 7236
196 2795
769 2352
1725 3212
5645 7228
1820 3368
1011 2503
5451 8063
4815 6394
4774 6291
987 2540
537 2094
1427 4011
1948 3492
1349 3964
4567 7149
1238 3820
5734 7256
173 2706
4096 6719
843 2314
5796 7392
343 2835
4494 7115
119 2610
604 2073
1306 3920
5780 7390
97 2603
4189 6678
57 2674
1904 3389
4908 6524
1019 2475
678 2295
1865 3354
5775 7387
1202 3814
533 2112
5615 8119
59 2656
4443 6912
96 2620
5882 7334
4135 6779
748 2224
5450 7957
1505 3969
1745 3249
5203 7730
126 2591
1221 3744
982 2481
5373 7834
5923 7499
4164 6701
4922 6483
604 2103
889 2322
5634 7278
700 2257
683 2245
4803 6317
4152 6730
4255 6893
5464 7978
1155 3824
5843 7338
5821 7361
4952 6438
1322 4010
1647 3311
4237 6668
143 2573
774 2435
4219 6909
6133 7538
4393 7073
1750 3166
976 2393
1579 3233
787 2457
4407 7100
4767 6162
59 2731
4168 6872
4827 6222
5080 6477
1853 3498
4800 6231
861 2501
386 2842
5943 7598
5534 7940
845 2519
840 2514
1358 4050
4948 6601
5411 8124
343 3063
735 2175
4601 7000
5174 7831
170 2568
1772 3151
2006 3443
4699 6397
4246 6705
670 2105
345 3056
1256 3650
209 2682
447 2836
428 2816
786 2492
5038 6430
4280 6665
5265 7712
4667 6281
1687 3109
44 2719
4101 6838
4531 6917
4540 6923
552 2192
4277 6669
1340 3973
1971 3336
1283 4024
4150 6793
5978 7579
344 2969
1533 3900
4212 6839
1913 3514
1286 4044
5970 7576
4836 6191
348 2961
4598 6968
1619 3229
514 2258
728 2059
5115 6447
5318 7699
4198 6835
2014 3337
4186 6787
560 2283
42 2806
4550 6938
228 2619
931 2371
630 2199
5573 7975
4580 6914
1518 3849
5266 7802
5907 7675
4981 6556
82 2751
341 3003
1082 3797
5149 7922
1625 3241
4523 7002
1114 3755
5561 8015
923 2403
1534 3846
1754 3106
93 2725
5420 8148
1116 3751
1186 3679
1232 3630
4606 6910
821 2101
1078 3895
1234 4051
4935 6214
5874 7665
350 2653
5925 7206
101 2913
5416 7724
1304 3612
4715 6510
893 2170
1208 4019
749 2534
744 2532
39 2858
111 2913
1195 4005
4609 6415
669 2450
5866 7674
4335 7165
1089 3922
972 2271
5830 7634
5238 8035
5404 7690
710 2512
1184 4023
1942 3213
6005 7273
4317 7106
4311 7159
1023 2271
1549 3375
360 2634
5590 7925
1604 3424
5075 6390
5842 7668
4741 6562
4888 6194
5020 6327
1103 3937
4988 6226
952 2198
270 2621
5278 8106
5655 7459
5848 7661
4680 6527
6122 7379
5998 7255
5263 8117
4387 6681
1008 2251
5972 7274
4893 6236
1904 3121
6036 7383
5020 6367
1807 3147
1985 3204
5051 6398
4262 7139
1665 3526
198 2956
5793 7658
11 2880
5161 8037
6053 7401
5297 8189
5680 7548
6052 7401
5958 7190
20 2884
5709 7453
4127 6989
1312 3698
394 2777
675 2544
1235 3975
1231 3995
4880 6213
4530 6887
5271 8128
1752 3460
4463 6706
5934 7280
4823 6537
1061 3962
1633 3328
1361 3638
5248 8172
1233 4028
5143 8057
1814 3193
915 2300
5580 7843
1445 3796
4820 6565
4899 6231
4361 6780
1093 3901
293 2654
5384 7796
406 2792
709 2373
1612 3533
6095 7244
1321 3756
4766 6427
4628 6547
4117 7058
4163 7114
364 2789
4466 6911
4941 6336
4487 6665
783 2176
1664 3343
1623 3527
5077 6212
1946 3081
4917 6305
1883 3278
4514 6711
5856 7546
4826 6470
1905 3310
1701 3386
34 2946
4791 6420
5032 6156
230 2883
4665 6559
1028 4012
936 2048
5154 8075
688 2330
243 2904
5486 7875
4563 6781
4771 6412
5210 8170
4415 6798
532 2469
5121 8115
1973 3079
445 2574
1718 3331
994 2139
5089 6235
1448 3604
5025 6173
193 2940
958 2051
4268 7020
4460 6831
4772 6509
5166 8167
897 2123
98 2990
5618 7743
835 2189
4385 6895
5386 7877
1638 3510
1165 3934
4407 6884
1891 3255
5138 8135
4423 6801
973 2075
1626 3468
4249 6990
1463 3695
988 2053
5723 7553
591 2451
1461 3691
1353 3734
4958 6334
1045 4084
1978 3163
330 2731
5033 6218
752 2323
5044 6224
5984 7300
239 2824
797 2298
38 3022
4897 6344
4321 6924
6123 7194
2026 3096
4137 7133
1209 3917
5353 7964
5643 7676
4371 6884
1543 3568
1899 3218
4642 6619
1792 3322
227 2841
486 2587
534 2539
4851 6413
1018 2053
1513 3606
1685 2709
1711 2734
5549 6575
5713 6738
5495 6516
5472 6499
1020 4089
519 3586
874 3938
4502 7583
5272 6294
5912 6920
4146 7200
5001 8092
1069 2106
5811 6827
2015 3015
4252 7301
5080 8133
1602 2652
4679 7769
1885 2882
5759 6749
4810 7912
252 3295
4208 7257
715 3808
1375 2419
100 3144
4501 7609
691 3742
5036 8065
4946 8060
5772 6818
5423 6429
1741 2815
5009 8099
115 3137
5889 6965
1693 2729
35 3092
409 3489
85 3182
6143 7107
1582 2579
4668 7683
4633 7768
4465 7477
5968 6934
4467 7476
6096 7064
4228 7375
1973 3070
112 3131
1164 2240
1967 3042
5111 8122
1350 2312
1331 2403
4953 7945
5093 8116
872 3898
1836 2943
1422 2522
1300 2368
4900 8050
1734 2705
4761 7873
4833 7865
470 3471
5178 6241
919 4043
940 4081
1688 2758
265 3415
864 3903
1967 3023
1615 2607
952 4056
6029 7150
5495 6419
611 3590
4403 7514
5778 6907
4363 7520
4868 8042
447 3536
1827 2899
5387 6522
5492 6400
489 3484
4413 7496
4305 7335
1955 3029
73 3134
1694 2793
6016 7161
4252 7397
1036 2165
4348 7302
1678 2805
50 3145
4694 7722
5996 6928
5439 6466
129 3327
4508 7650
367 3567
1996 2892
5552 6452
5979 7134
1046 2206
5140 6301
5015 7965
1610 2752
4643 7855
4672 7884
6123 7014
374 3577
5669 6837
1878 3010
370 3558
1878 3008
2020 2930
328 3551
254 3174
4709 7933
1315 2488
4791 7723
1260 2161
5967 7121
5363 6252
29 3263
4558 7530
5033 7951
352 3526
1824 2950
5508 6446
153 3122
165 3086
1153 2092
405 3386
262 3510
1930 2874
4653 7838
4539 7438
5005 7992
1923 2869
4286 7177
1599 2694
793 4002
5975 7148
4693 7913
5031 7963
4610 7869
1650 2739
1224 2060
1564 2778
5987 7077
562 3829
5886 6711
6107 6930
567 3836
5677 6886
5865 6693
5112 7989
2000 2846
1083 2284
589 3738
5461 6541
5220 6333
5684 6894
563 3817
462 3349
795 4038
6106 6919
5013 8008
4454 7558
6073 7001
1695 2686
1712 2642
641 3685
5215 6328
1006 3842
1589 2776
750 3587
4689 7870
1336 2504
4555 7482
452 3383
5023 8041
1431 2401
5875 6666
4762 7779
4103 7421
5543 6492
4964 8095
5684 6856
1731 3010
342 3157
141 3464
1743 3018
5835 7105
643 3981
5595 6357
4574 7374
4709 8052
1255 2549
4610 7958
5704 7004
4902 7731
6055 6834
4201 7548
583 3932
5389 6161
1980 2721
1621 2891
4787 8108
5192 6487
2037 2794
634 3941
5835 7146
4226 7587
4726 8016
5055 7832
745 4046
212 3582
1362 2174
5167 6401
940 3714
1261 2498
5077 7930
5612 6364
4862 8142
4760 8105
5899 6713
1101 2431
1141 2374
4970 7775
4665 7948
664 4013
301 3098
5650 6949
238 3543
1071 2325
6117 6873
1982 2691
1680 2990
5503 6207
5472 6177
1266 2481
711 3972
1512 2220
560 3958
4573 7323
4114 7514
4483 7371
1367 2077
213 3487
5035 7905
146 3550
4846 8098
1798 2632
420 3306
57 3447
629 3898
4211 7458
22 3396
4632 8011
4927 7788
6027 6872
1274 2478
4904 7804
6022 6867
1746 2949
1147 2348
1763 3003
1173 2508
5206 6412
6108 6785
5396 6217
1876 2569
4260 7674
4560 7345
5649 7024
1610 2857
4216 7452
4282 7647
4110 7525
892 3601
1574 2889
68 3380
4816 8100
4747 8189
278 3169
5750 6925
4279 7625
6100 6741
1759 2909
1085 2488
67 3525
1775 2919
5244 6645
838 3791
4329 7522
4496 7196
5604 6260
176 3361
5155 6577
5490 6369
488 3196
227 3445
865 3830
898 3610
931 3642
6051 6719
4390 7355
4722 8175
5988 6905
4249 7428
1667 2845
5877 6999
4587 7240
1240 2427
587 4077
1903 2761
1420 2091
262 3233
438 3103
4868 7854
4609 8109
1898 2759
1597 2960
42 3461
249 3401
611 4053
4875 7859
4125 7590
473 3174
4174 7567
5505 6208
4706 8096
1552 3027
4529 7282
467 3095
5894 6851
5977 6812
4835 7973
1665 2887
5140 6610
906 3660
1926 2624
1556 3027
1887 2712
5292 6500
4802 7947
5199 6533
5207 6555
483 3119
4859 7990
1021 3635
5414 6377
4288 7439
5790 6990
1097 2456
5383 6356
758 3875
1922 2651
780 3794
242 3372
5099 7733
311 3304
951 3671
4623 8172
155 3448
4593 7189
2041 2589
607 4027
4129 7620
4399 7369
5521 6265
1975 2652
5308 6481
4422 7336
99 3469
258 3309
4864 7919
5296 6465
2004 2597
990 3628
5692 7114
6120 6686
5000 7807
5753 7043
1230 2354
4182 7593
458 3125
5592 6183
4478 7297
426 3157
1342 2878
4157 7741
4991 7550
5 3588
716 3278
80 3666
198 3779
737 3303
5845 6355
706 3273
454 4042
6140 6640
483 4076
1949 2450
4613 7188
4642 7217
1247 2764
358 3953
1823 2311
4569 8129
1581 2100
5092 7678
1199 2740
1866 2390
5163 6710
5311 6815
1193 2696
4697 7288
4854 7380
491 4040
5671 6148
412 4024
1748 2288
5200 6773
5658 6204
1858 2411
5840 6395
171 3719
1822 2354
876 3393
1198 2691
1898 2372
1382 2902
596 3173
726 3301
4928 7540
4640 7190
902 3504
981 3567
5307 6785
279 3884
1768 2259
4754 7376
1832 2400
5303 6911
880 3384
4842 7331
4533 8191
346 3860
460 3970
705 3214
5501 6957
4528 8161
4188 7695
4776 7419
1484 2975
779 3423
4682 7187
921 3523
4690 7177
1362 2830
5669 6267
877 3379
5577 7083
133 3814
1121 2562
329 3884
1 3684
194 3749
6127 6535
191 3799
5447 6959
5817 6352
4647 7246
1257 2688
1902 2308
5194 6689
5635 6255
4162 7724
5797 6346
4930 7475
4818 7328
1554 2144
466 4001
5762 6390
5172 6723
5721 6176
1491 2986
1771 2193
4759 7404
4278 7882
4882 7535
4247 7703
1682 2069
6138 6512
5127 6795
4242 7711
5917 6547
1515 2916
4671 7343
642 3091
4357 8086
44 3775
1849 2474
4367 8091
698 3118
865 3572
4534 7971
4880 7558
120 3823
4867 7578
6031 6421
555 3254
1812 2441
5571 7006
858 3578
4659 7313
751 3148
1880 2555
1824 2437
1938 2359
1396 3025
5682 6299
1357 3069
4731 7370
408 3881
5426 7040
4678 7413
5913 6572
1862 2547
4902 7582
415 3876
1043 2734
1653 2251
1371 3044
4409 8070
4347 7748
746 3115
1524 2870
5085 7455
5892 6599
1482 2825
5567 7036
5588 6929
5313 6663
292 4067
5206 6801
648 3151
4996 7491
105 3744
548 3309
1963 2401
4101 7886
5863 6188
4512 8044
512 3276
5876 6200
5780 6233
1288 3032
4308 7685
860 3470
5230 6844
5445 7062
4644 7415
900 3408
5160 6910
1253 2611
5105 7462
1077 2797
5058 7451
4356 8158
1972 2414
105 3763
840 3474
448 3868
1960 2422
4684 7314
5362 6700
657 3150
5214 6846
1655 2199
538 3323
1506 2817
4380 8184
1130 2703
1030 2787
1532 2843
689 3160
5638 6376
5422 7104
5560 6984
1471 2895
1925 2420
5252 6775
584 3260
5878 6146
1446 2896
4122 7906
134 3706
1837 2089
4490 7822
1836 2088
1556 2320
1900 2154
5435 6716
4333 8165
1705 2465
4983 7294
1861 2126
5672 6436
4706 7532
888 3177
170 4025
4683 7519
4681 7516
785 3078
6002 6245
972 3284
515 3359
5626 6886
373 3689
5315 7134
6066 6316
5550 6832
4242 8114
5157 6913
4464 7764
5494 6739
5535 6841
6081 6374
5405 6714
530 3381
1855 2071
321 3688
4532 7838
4568 7924
5040 7326
4647 7432
207 4095
4473 7755
5583 6908
764 3528
4732 7497
5401 6702
1506 2773
631 3407
1230 3062
13 3895
4919 7181
5443 6777
5431 6667
1226 3060
1543 2360
5554 6898
4291 8065
5504 6851
674 3556
1886 2073
6037 6354
504 3761
469 3740
882 3134
5108 7352
5736 6437
4284 8177
1958 2280
326 3593
4150 8057
5619 6817
2001 2181
2025 2225
5393 6731
1076 2927
4099 8028
1285 2650
1450 2766
1789 2456
1355 2605
1426 2805
1992 2208
1386 2561
6141 6288
5608 6789
1784 2441
4240 8161
5822 6604
1087 2893
4186 7976
5943 6212
4692 7458
555 3409
21 3950
4116 8040
5293 7122
5892 6276
4823 7509
254 3962
1295 2699
1793 2182
4892 7316
79 4037
1222 2892
4375 7837
1692 2327
5610 6759
894 3313
5204 7109
867 3314
6139 6249
617 3581
5733 6643
5928 6335
5162 7091
1526 2668
1921 2077
6032 6157
4990 7390
5532 6716
913 3123
5691 6559
228 3904
1821 2232
1399 2769
1714 2324
5071 7269
770 3240
4681 7651
1760 2379
5659 6576
5298 6942
1764 2388
1365 2791
88 4074
5179 7055
1190 2834
1119 3050
5766 6448
4452 7891
6000 6343
4901 7324
5336 7009
5542 6683
1194 2839
173 3858
1405 2744
1953 2151
871 3232
4695 7582
324 3726
5911 6364
1008 3132
1945 2121
4294 7956
1420 2655
4271 8059
623 3513
392 3678
1428 2637
727 3341
5922 6393
5990 6286
427 3648
5836 6439
4705 7564
410 3700
4524 7746
1439 2671
4871 7410
1668 2417
5049 7247
661 3437
294 3807
4909 7376
5114 7172
3523 7619
1361 5456
3551 7645
1251 5345
2867 6967
1974 6066
2572 6660
2763 6848
3733 7835
3338 7428
792 4887
1299 5404
998 5111
2672 6755
3300 7410
417 4535
3861 7949
3491 7610
3147 7248
75 4182
3725 7827
3033 7161
2446 6574
599 4727
4057 8188
1675 5795
485 4556
816 4889
2786 6859
1859 5993
1142 5213
2943 6996
673 4750
339 4476
629 4698
1112 5224
3140 7285
2021 6100
900 5046
2444 6591
502 4546
1374 5482
2496 6645
1940 6058
2050 6204
1609 5750
1517 5586
2928 6961
177 4336
1483 5513
3348 7506
871 4897
148 4307
765 4788
3588 7764
214 4231
172 4344
862 4874
3951 7995
1692 5833
326 4368
3178 7218
3061 7084
3932 7941
3257 7395
847 4884
640 4828
3986 8140
2618 6756
2344 6473
308 4434
2664 6670
324 4396
3123 7258
2647 6718
2930 6936
3673 7734
1544 5752
789 4967
3735 7909
647 4851
2634 6718
1702 5840
3657 7742
2566 6783
2433 6648
2052 6269
1690 5859
3349 7532
3028 7081
2718 6687
39 4262
2310 6532
857 5082
3645 7867
1337 5553
3605 7836
1885 6102
531 4765
3405 7619
1021 4979
3549 7500
2373 6615
3654 7893
3037 6985
1510 5489
327 4572
3693 7926
721 4685
1826 6076
1523 5458
1897 6088
2189 6191
2153 6346
1416 5419
8 4271
825 5008
1586 5787
1557 5816
1982 5904
1376 5584
3834 7752
2519 6499
2721 6681
2520 6497
3195 7362
649 4659
3587 7871
1316 5531
1148 5315
1261 5202
881 5041
2398 6558
2433 6464
3909 8068
2463 6494
1406 5564
1074 5361
1335 5619
317 4600
274 4565
152 4176
3716 7759
1397 5561
2673 6845
480 4397
431 4449
781 5086
3359 7627
3482 7502
3245 7291
3515 7533
1753 5647
605 4747
1978 5985
571 4832
2783 6659
3858 8140
3505 7505
1961 5960
421 4417
2933 7056
1156 5218
3591 7904
2279 6158
1003 4865
908 4966
1046 5372
3317 7198
96 4235
3004 6999
3928 8118
3292 7219
2912 7057
2248 6202
1523 5376
256 4596
866 5017
2303 6147
2280 6165
1994 5940
811 4651
3913 7753
3927 7766
1794 5635
2785 7138
1315 5159
1965 5803
3718 8079
329 4165
2741 7096
3828 8186
3095 7431
3236 7606
814 4664
777 4626
3520 7388
236 4594
2360 6183
3192 7527
1204 5525
1197 5516
74 4459
1339 5151
1911 5714
1497 5374
1795 5668
5 4405
2351 6174
746 5087
2791 7120
1094 5502
962 4856
3618 7960
3699 8009
2800 7116
997 4824
3681 7969
1828 5732
2 4425
1379 5167
1472 5260
3670 7960
25 4438
1388 5155
2018 5810
617 4921
1519 5311
1773 6079
348 4110
3993 7885
2577 6981
1809 5700
1717 6114
3785 8085
2014 5762
1867 5675
1291 5225
3457 7399
3258 7644
2759 7072
729 5054
3159 7483
672 5069
2716 7154
2426 6153
1254 5522
1037 5497
2418 6150
423 4306
2729 7132
2263 6560
2304 6264
3389 7236
1580 5975
1191 5596
2799 7059
189 4547
104 4375
337 4305
3573 7283
1038 5513
986 4690
4041 7744
1861 5838
3179 7648
3851 7814
3729 7967
443 4148
1646 6142
933 4663
2244 6486
2250 6495
918 4611
3971 7702
1358 5336
2303 6502
7 4510
3034 6721
308 4266
1842 5805
3914 7914
850 4850
3277 7533
81 4592
1123 5569
1938 5680
1781 5974
1756 6015
2473 6154
755 4944
2912 6853
903 4641
2788 6978
2560 7078
225 4422
2298 6493
82 4597
535 5053
1831 5773
2550 6234
1487 5219
294 4232
3926 7929
4038 7794
549 5008
1740 6011
391 4159
1864 5873
3663 8182
1840 5769
781 4790
3434 7382
1033 5557
1895 5848
1814 5847
1769 5930
679 4963
860 4761
929 4710
2615 7152
3863 7903
432 4218
2192 6490
2911 6804
3011 6671
1568 6124
3878 7915
331 4229
3507 7293
2962 6749
961 4622
479 4111
2821 6871
2415 6331
3401 7324
1722 5996
1351 5278
2273 6459
3265 7450
317 4326
1330 5358
2141 6528
2232 6501
659 4941
3754 8008
548 5062
2377 6314
3622 8133
2660 7047
2102 6613
3014 6690
2094 6603
3117 7624
2448 6262
859 4797
948 4691
2977 6726
2194 6520
1912 5781
3076 7659
2460 6252
1642 6042
1191 5463
3330 7411
3133 7628
3561 7197
2007 5666
1472 5177
3578 7169
1537 6140
384 4222
3977 7798
610 5021
2879 6848
163 4771
1123 5729
712 4300
2604 6185
697 4284
2839 6418
3371 7981
3485 8084
2689 6283
945 4538
1007 4579
899 4494
390 5003
3800 7381
805 4392
2384 6976
3529 8152
2819 6416
3788 7384
2394 6991
764 4324
38 4670
2493 7078
1233 5837
337 4940
2890 6487
4055 7626
17 4623
3016 6615
1669 5281
1877 5488
3931 7550
3807 7418
625 4180
248 4829
554 4109
3370 7949
2031 5576
1625 5233
140 4775
3853 7457
3317 7896
812 4381
3816 7385
668 4270
2947 6576
380 4936
2803 6340
3444 8012
1723 5250
1424 6058
397 5047
1958 5533
1390 5971
2287 6866
3084 7731
1456 6128
1988 5511
333 4875
58 4732
3294 7833
3827 7354
3112 7777
3462 8141
3603 7256
404 5087
2894 6402
1679 5314
1474 6028
2133 6683
2887 6422
3228 7885
1847 5477
2122 6680
3907 7441
658 4289
285 4939
2580 6210
2093 6779
1762 5301
3557 8124
1670 5341
758 4266
1032 5716
3794 7311
2531 7102
2984 6646
3165 7683
1067 5748
3865 7544
1185 5827
4094 7581
2022 5506
2139 6717
3679 7222
24 4721
1707 5313
779 4448
957 4566
879 4355
1104 5693
3897 7510
2681 6153
465 5025
2408 6942
1055 5737
2599 6225
1389 5914
3967 7431
1296 5994
3171 7704
305 4943
2068 6763
646 4345
3069 6525
1125 5861
1583 5295
4004 7462
1810 5521
3580 8056
3769 7228
2665 6380
2774 6224
3608 7327
2152 6881
2660 6381
1344 6092
673 4140
48 4797
3002 6452
472 4950
1312 6062
3621 7338
1739 5210
3330 8080
1870 5594
3960 7649
2413 7156
1486 5972
852 4559
356 5112
2442 6935
1500 5954
3941 7621
471 4982
1644 5326
1468 5918
2595 6272
3276 7785
904 4399
2817 6568
2171 6865
1356 6112
842 4582
3803 7285
704 4206
3001 6423
211 4733
3053 6467
4041 7526
2319 7103
1146 5834
2180 6709
3137 7920
1547 5304
2015 5482
4036 7551
1460 5903
3840 7615
1841 5617
3394 8066
2853 6629
688 4210
1214 5756
2778 6168
2829 6606
30 4827
1023 4408
2639 6280
1509 5922
3427 8106
2364 7157
1599 5366
3215 7750
2397 7060
920 4435
136 4676
1890 5550
759 4155
1352 6022
1171 5724
1093 5770
1436 5964
578 4243
2747 6253
6 4816
1661 5287
878 4532
3490 8056
1161 5717
3388 8160
3773 7265
3532 7953
553 4343
2187 6741
2775 6152
2937 6553
30 4862
1815 5621
3655 7332
2099 6870
1366 6065
2868 6621
1508 5902
2832 6651
3206 7798
4039 7479
1196 5725
918 4450
811 4574
3945 7580
2866 6599
3503 8025
1671 5247
950 4431
2675 6282
1812 5614
3535 7987
3573 7944
1264 6128
1115 5978
3047 6373
2695 6532
1005 4331
3418 7772
22 4894
1492 5852
3517 7863
2387 6744
62 4914
1455 5794
867 4205
2572 6428
1964 5310
2707 6529
2625 6484
909 4248
749 4599
962 4312
2050 6937
2315 6679
3051 6391
2302 7139
849 4172
2110 6943
3518 7837
643 4516
526 4390
3040 6345
639 4437
1175 6076
3267 8174
1875 5245
1015 4295
1246 6127
2696 6585
2919 6230
919 4261
498 4806
3527 7920
219 5091
3602 7471
2771 6637
2066 6956
2255 7153
1159 6072
3018 6283
3643 7544
834 4102
2871 6259
1143 5938
2741 6642
4017 7417
166 5102
906 4290
265 4672
3822 7588
1411 5832
1584 5501
1546 5466
827 4202
3833 7595
2160 6948
896 4309
460 4763
2098 7016
2586 6464
3983 7378
3921 7183
2740 6634
1209 6118
4069 7300
2689 6629
3476 7923
323 4649
1686 5628
1305 5749
3805 7601
1410 5870
3487 7922
2204 7155
3031 6311
1207 6086
592 4386
1254 6037
1136 5893
134 5118
2114 6971
1183 6116
3559 7836
869 4121
798 4195
422 4824
776 4215
3674 7642
287 4766
1535 5758
873 4331
1052 6046
3102 8090
1919 5370
2007 5202
1589 5555
3486 7705
2095 7079
2135 7131
1985 5198
1206 5924
821 4263
229 4977
557 4537
399 4634
184 4909
1356 5850
2278 7038
1984 5209
3874 7358
1073 6060
1409 5663
782 4240
1691 5380
1026 6048
2032 5205
1873 5364
3452 7898
1670 5409
742 4431
3060 6237
2597 6540
1525 5721
1047 6074
3926 7416
1755 5492
1024 6063
874 4293
2931 6339
1511 5718
1280 5810
2036 5190
846 4349
2907 6383
3175 8147
1017 4175
2227 6921
3286 8045
3377 7821
431 4627
1051 6052
2976 6175
1561 5542
3472 7727
553 4585
1001 4139
1782 5426
2726 6496
4030 7289
738 4394
2676 6589
799 4309
4033 7178
3909 7310
1240 5910
2366 6896
2944 6225
403 4673
1418 5726
281 4813
2337 6903
3070 6185
2493 6757
2484 6767
3345 7882
1805 5330
2057 7145
1631 5566
4032 7202
2811 6431
3058 6164
1168 6008
3976 7264
174 4935
2391 6845
687 4419
3784 7463
1605 5557
589 4540
3724 7551
700 4424
3844 7411
2952 6271
1303 5871
1421 5749
296 4818
2757 6456
1988 5060
1251 4323
1469 4541
824 5945
2040 5113
569 5690
3607 6675
2357 7472
2034 5109
2609 7738
2608 7739
957 6070
2105 7220
2319 7424
2846 7953
2439 7560
1404 4461
1969 5027
137 5275
1050 4104
3106 6198
648 5788
1431 4483
897 6039
162 5300
1980 5034
928 6071
3288 6351
3518 6566
901 6045
3948 7031
2358 7466
3516 6562
963 6108
3727 6800
3402 6505
3646 6682
558 5640
2080 7174
268 5418
2626 7786
733 5879
1705 4738
3629 6662
468 5604
2807 7875
2544 7620
536 5678
2654 7780
3997 7073
1536 4669
2815 7874
1924 5050
2855 7961
1930 5067
1976 5114
1139 4145
3298 6304
2609 7794
1299 4439
1639 4655
430 5606
2506 7555
210 5273
748 5799
101 5161
3264 6284
3595 6727
4074 7096
2537 7611
3216 6339
2745 7917
2551 7586
1510 4543
1787 4774
3678 6659
3886 7024
3096 6215
3160 6151
2120 7208
4084 7061
1993 5032
1038 4203
2633 7727
1750 4785
2466 7621
3844 7021
370 5403
1180 4341
2332 7542
732 5808
1229 4256
2847 8048
801 5969
319 5454
2828 8061
3208 6394
4003 7120
3463 6644
2254 7357
1426 4580
2907 7980
442 5570
1856 4920
2710 7916
391 5627
1354 4406
2093 7249
1664 4860
539 5734
934 6104
1575 4697
2291 7283
1435 4378
1281 4480
2058 7307
4008 6957
510 5499
2339 7588
2647 7888
795 6032
3107 6319
1882 5078
3073 6285
1736 4677
1314 4524
309 5562
3875 7084
1998 4958
3350 6534
2538 7546
75 5343
2648 7884
4053 6979
1522 4458
2040 4961
1320 4531
2142 7363
1562 4743
3896 7077
2491 7461
298 5556
3596 6803
2681 7897
3809 6720
1442 4355
2769 7797
2203 7229
1896 5056
3634 6811
3159 6398
2698 7715
336 5625
667 5681
3380 6552
108 5312
1912 5064
2216 7193
3052 8031
2922 8153
69 5362
868 6110
2545 7498
635 5831
3414 6632
3833 6726
3008 7936
2859 8171
4088 6972
738 5670
2980 8033
3907 7044
3259 6258
2475 7521
973 5895
1378 4520
300 5607
2970 8017
863 6033
3687 6824
438 5497
3856 7104
3143 6293
72 5274
2841 8138
663 5697
1729 4635
2078 7364
586 5782
2775 7690
2831 8144
273 5617
3709 6812
2677 7830
214 5171
3113 6348
2658 7819
1860 5037
303 5571
3454 6546
3238 6216
364 5506
3694 6814
1565 4844
2851 8151
3158 6307
3015 7985
439 5455
1827 5081
3804 6695
4083 6920
672 5725
3007 8000
2338 7645
3426 6242
1393 4210
3835 7167
2230 7602
2159 7529
1636 4972
3881 6688
2408 7269
3229 6544
3419 6229
1931 4741
1391 4192
3265 6609
3818 7166
3698 7013
3327 6630
2418 7275
3585 6941
1226 4586
282 5179
3266 6624
1380 4166
2801 8147
3992 6842
1290 4137
260 5159
752 6101
3777 7140
283 5182
1 5415
3203 6564
58 5392
114 5465
1777 5082
3901 6673
3741 7089
183 5530
729 6135
1728 5103
1413 4276
94 5487
2854 7700
3156 6496
2697 8127
1745 5095
2065 7464
32 5402
3539 6376
218 5606
2389 7272
3223 6570
2495 7298
1326 4112
1592 4984
1099 4363
2486 7414
433 5365
1707 5100
1805 4677
111 5414
624 5946
3579 6320
884 5695
3743 7124
1301 4185
3407 6145
3002 7912
3619 7025
1661 4910
741 6070
1227 4511
3623 7026
3422 6155
2107 7534
206 5528
3392 6167
3067 7852
2334 7238
1305 4162
4092 6816
4094 6819
830 5728
3565 6322
3089 6513
182 5590
3776 7074
2910 7741
3899 6748
2917 7693
1054 4470
3466 6368
607 5941
513 5994
3298 6540
511 5264
2666 7963
3766 7108
3222 6624
2878 7752
1077 4418
1372 4133
3270 6589
1063 4441
3855 6769
1223 4536
2268 7587
2072 7576
203 5451
2054 7554
762 6015
2399 7386
2294 7536
1782 4976
3850 6797
202 5442
395 5122
2095 7589
907 5639
1514 4198
2970 7703
955 5686
773 5770
1830 4777
935 5685
3062 7780
50 5537
2239 7468
986 5710
2016 4725
1763 4980
2464 7225
393 5136
935 5694
362 5363
984 5698
2631 8157
1528 4194
944 5674
3193 6626
2757 8030
601 6087
1393 4334
2992 7696
2576 8112
3957 6869
3859 6833
690 5904
2933 7894
2464 7172
377 5340
1970 4631
3718 6958
2455 7231
2429 7381
3191 6621
774 5804
3965 6864
1757 4979
2812 8019
3168 6607
512 6064
1843 4738
3346 6310
1737 4988
217 5484
276 5282
2739 7941
917 5677
1567 5031
2594 8095
3499 6165
3615 7072
3376 6287
3813 6948
3646 7164
990 5661
476 5144
4032 6660
675 5990
4079 6695
1323 4321
3867 6869
1626 5002
763 5931
328 5273
1037 4575
3688 7099
2286 7485
3539 6144
124 5546
2827 7901
1222 4369
3660 7067
461 5146
2552 7200
3135 6630
1869 4756
2550 7215
2717 8006
2983 7803
313 5349
1706 4982
1968 4717
3021 7725
250 5400
3346 6388
777 5871
2554 7197
622 6023
2795 7938
3963 6800
1182 4469
2963 7806
602 6056
2144 7570
1467 4175
385 5236
2509 7221
4047 6710
136 5489
3701 7054
2686 8067
645 6011
564 6091
1048 4633
519 5125
2193 7833
1044 4637
1335 4924
2331 7959
485 6121
3873 6444
2457 8075
654 5276
2042 4585
1166 4765
1767 4340
1281 4885
3961 6510
436 6061
3553 7160
1879 4428
489 6130
1712 4269
3465 7060
808 5430
2306 7970
1870 4461
1751 4337
2353 7962
2101 7705
3899 6422
3892 6425
2847 7474
3600 6206
546 5133
2684 7251
520 5177
2671 7259
2035 4549
3315 6852
2823 7486
235 5841
1891 4447
2483 8077
898 5568
3114 6761
1102 4616
1065 4704
1183 4819
824 5493
4019 6654
3094 6747
115 5693
2102 7800
1004 5539
3965 6445
1100 4636
2895 7454
1803 4442
116 5671
363 5951
2134 7682
2989 7672
2380 7962
1451 5116
133 5853
1748 4236
2038 4527
3420 6917
2679 7213
1585 4205
4048 6541
1754 4231
1014 5544
2570 7253
1025 4704
2803 7313
222 5819
723 5302
511 6041
2755 7339
2141 7732
4034 6569
2510 8126
4049 6561
2605 7260
403 6118
2979 7637
3333 7037
565 5196
981 5551
3937 6427
3313 6795
91 5664
2929 7437
3115 6743
905 5622
3404 6963
1654 4343
694 5175
2819 7552
1577 4268
477 5976
1468 4923
2562 7301
595 5332
2107 7868
1514 4962
3888 6587
3859 6557
1469 4915
582 5321
3735 6168
2097 7841
999 5491
428 5944
205 5722
1020 5475
306 6061
2601 7304
107 5834
2214 7687
3577 7003
3842 6567
1016 5471
873 5582
224 5704
3873 6538
290 6025
3598 6306
4030 6417
1201 4638
3923 6626
1331 4993
46 5786
2684 7368
3717 6205
699 5123
3582 6983
1131 4817
3700 6350
2914 7646
1490 4973
3244 6675
3602 6354
3064 7484
1659 4285
100 5794
18 5844
2166 7856
2529 7977
2173 7861
4046 6404
2674 7353
3433 7076
2932 7610
3988 6491
1983 4464
2915 7600
1138 4775
2640 7302
1907 4517
3408 7046
3226 6733
2265 7681
1518 4916
3290 6657
3493 7032
2799 7216
409 6009
3495 6983
263 6115
2533 7936
1956 4417
3177 6799
1900 4491
2080 7880
2233 7761
693 5212
1594 4304
31 5876
1778 4121
1925 4457
401 6013
1721 4180
2697 7268
284 6131
3703 6278
3546 6952
2790 7188
432 5956
2485 8000
2525 7976
2746 7244
1352 5054
3297 6678
4026 6477
1551 4342
3968 6522
803 5593
1052 4839
801 5597
2079 7906
2440 8054
1371 5028
3387 7108
2820 7675
856 5209
2149 8036
3865 6173
1832 4143
925 5274
1990 4300
1032 4866
1480 4803
2435 7826
1613 4444
1402 4712
95 5964
1219 5072
1263 5113
1027 4885
2969 7310
3150 6998
1429 4750
991 5316
15 5908
3942 6266
2881 7260
3048 7414
1466 4762
429 5772
2470 7823
3692 6466
181 6043
2704 7614
2687 7505
3591 6455
2833 7203
2131 8032
2466 7825
691 5509
3242 7059
1655 4429
568 5381
2183 8120
2166 8009
2109 8062
1210 5117
556 5483
583 5391
2083 8047
2179 8141
1253 5034
1632 4402
152 6092
547 5493
1452 4859
3511 6880
2920 7216
3452 6692
506 5795
379 5665
616 5427
1171 5071
3978 6358
3369 6772
3641 6502
2264 8071
1864 4136
3284 7092
271 5742
3867 6266
210 6064
1466 4825
1548 4457
537 5500
3139 6949
3465 6895
3104 6985
754 5531
3052 7303
3699 6424
3216 7165
1157 5099
465 5823
258 5741
3378 6723
2447 7934
3970 6385
255 6026
2208 8149
2557 7818
36 5983
1600 4411
449 5818
2042 4230
2629 7480
572 5441
3883 6230
2527 7842
3547 6821
1747 4525
3598 6542
484 5732
1963 4138
850 5329
3722 6414
3441 6900
3999 6170
2893 7367
953 5173
571 5559
1189 4905
285 5776
2131 8157
2489 7735
3857 6303
4036 6219
1013 5242
2640 7616
1219 4947
3669 6596
1381 4854
1061 5041
3438 6906
2130 8134
1810 4228
2902 7361
1235 4932
3248 6951
575 5543
3425 6904
3312 7018
1826 4281
381 5857
410 5638
1708 4401
2931 7406
2726 7480
790 5302
2430 7899
2415 7881
3268 7010
1681 4415
524 5565
886 5316
2355 7809
2972 7215
3776 6516
2157 8155
1535 4679
905 5168
3969 6203
3817 6483
162 5919
469 5739
839 5255
2613 7671
3005 7294
783 5323
1868 4233
2167 8126
467 5657
1929 4163
1709 4455
1855 4341
2743 7549
272 5851
342 5789
1476 4617
244 5946
3767 6521
1781 4410
813 5346
989 5138
993 5166
2619 7656
1089 5015
2644 7554
1673 4446
2968 7232
959 5218
1936 4174
2956 7251
224 5888
2001 4149
118 6034
1391 4745
3826 6426
344 5808
2147 8072
3786 6433
544 5581
1056 5069
3994 6263
357 5768
169 5959
2982 7254
191 5967
3697 6528
423 5717
497 5634
891 5256
767 5388
2108 8143
1689 4460
1247 4905
360 5791
644 5498
2987 7253
1207 4937
3138 7101
3040 7199
3367 5412
717 6857
2438 4480
562 6715
3111 5165
2526 4564
6 6154
179 6334
4040 6085
1545 7686
920 7063
1941 8068
3902 5935
904 7065
1951 8076
3363 5424
2361 4396
113 6247
3716 5778
1329 7465
3503 5558
650 6803
2383 4436
3048 5107
4072 6132
1290 7446
1049 7173
654 6802
1678 7824
2258 4301
3307 5364
2204 4227
3839 5855
3753 5769
2622 4639
1553 7728
2534 4551
3871 5948
1158 7330
435 6550
2085 4109
1909 8029
2282 4290
744 6849
2343 4366
3705 5715
1187 7304
813 6918
1160 7332
3274 5350
3548 5618
2412 4418
151 6311
2365 4364
1085 7180
3030 5093
2811 4808
3190 5189
507 6607
127 6217
276 6444
1658 7747
2211 4250
127 6214
2402 4440
3224 5283
836 7032
2267 4325
3321 5305
2732 4846
3214 5325
3745 5861
2316 4424
780 6984
2437 4544
2472 4589
1999 8073
3624 5743
671 6871
1501 7575
2564 4687
1907 7996
2467 4588
3870 5966
275 6467
1850 8043
3752 5884
1065 7295
195 6298
2645 4620
1733 7832
2375 4376
2801 4753
2985 5066
4014 6093
2084 4160
3593 5740
212 6321
126 6166
1107 7227
1602 7723
386 6635
3720 5857
223 6325
2239 4307
3409 5436
4070 6027
455 6569
3118 5185
2127 4159
628 6662
351 6443
1292 7545
3130 5197
2175 4104
2140 4132
1871 7990
1738 7856
462 6578
2009 8103
1447 7641
3563 5524
1740 7756
238 6253
2078 4251
3393 5575
3454 5624
773 7053
147 6171
2981 4911
886 7163
369 6652
503 6520
1717 7716
1005 7036
605 6860
686 6714
17 6277
2393 4557
1708 7738
1499 7501
1987 8021
2468 4403
3931 6083
2703 4628
733 6721
261 6552
1652 7915
2947 4898
3423 5629
2197 4145
3230 5176
3136 5350
2347 4482
678 6671
3394 5611
1645 7879
4002 5897
1435 7472
2241 4202
197 6251
944 6943
2345 4507
1415 7476
36 6288
996 6993
3006 4872
3940 6099
3586 5818
2201 4131
942 6933
2921 5079
3445 5579
674 6685
1218 7170
3453 5565
1552 7888
3752 5737
2462 4443
1216 7175
3994 5981
3662 5767
1652 7869
3583 5428
2973 4945
1837 8163
2423 4537
662 6744
2849 5102
1989 7946
3515 5483
110 6335
1443 7537
2016 7987
3352 5579
320 6548
3854 6107
1519 7481
1771 7729
147 6216
2070 4301
3130 5345
1857 8093
482 6463
3373 5581
2867 5078
3924 6067
1715 7771
2445 4452
3303 5134
1414 7535
2538 4352
338 6584
3430 5512
2738 4701
3 6380
1695 7792
1117 7340
2364 4552
3149 5304
64 6325
3972 6001
3153 5293
666 7066
2823 4614
3746 6051
2322 4112
2909 4703
3597 5897
353 6244
2524 4313
2241 4551
3192 5502
2528 4327
2804 5118
1738 8135
516 6922
323 6227
1583 7997
175 6587
3447 5219
1203 7590
1118 7499
2543 4346
3597 5915
1176 7566
122 6509
76 6484
2713 4992
3484 5253
1636 8061
3974 5788
3071 4836
4013 5809
4091 5862
3696 5997
2033 7889
1464 7321
852 6769
529 6964
2083 4358
1086 7451
2183 4513
2158 4420
3364 5128
65 6508
2881 4718
1801 7736
2925 4700
641 7091
1697 8082
798 6694
378 6211
124 6471
2822 4666
2567 4923
1317 7195
3032 4839
277 6228
3668 5909
2744 5116
255 6585
2773 5010
161 6633
486 6319
2776 5009
504 6322
175 6627
74 6406
794 6731
2479 4350
1285 7255
881 6690
2030 7866
368 6180
3321 5549
3837 6059
882 6692
3747 6133
393 6366
2484 4333
1566 8005
655 7123
3042 4798
3207 5594
1609 7959
1817 7751
1802 7786
2591 4989
481 6274
1696 8131
995 6791
3959 5650
3589 5984
490 6274
1682 8184
2896 4666
499 6297
2234 4561
457 6309
1186 7631
3631 5983
2307 4211
1778 8064
1631 7978
2926 4632
3599 6009
927 6888
334 6201
1080 7489
1220 7613
922 6880
1321 7250
2219 4565
1606 7993
610 6941
1068 7596
54 6580
2558 4220
1288 7307
2600 5024
2061 4485
501 6270
2690 4873
3756 5920
1539 8078
1423 7168
1129 7654
1611 8155
3217 5376
2220 4414
938 6712
3406 5339
3870 5771
2641 5065
4063 5700
1935 7696
3365 5306
1808 7857
2104 4505
532 7088
316 6297
2516 4221
3110 5519
2661 5064
720 7039
1314 7309
3740 5939
223 6511
2542 4190
806 6806
106 6619
1640 8153
540 7086
892 6857
2318 4283
3575 5185
640 6967
2323 4267
2995 4619
1109 7663
2387 4328
3449 5317
2586 5029
2702 4913
3682 6109
3116 5613
766 6975
3426 5280
1818 7897
862 6813
2326 4306
2761 4878
1242 7443
211 6425
787 6873
2421 4287
3885 5859
711 6935
2090 4603
3374 5375
404 6208
1613 8088
253 6442
1128 7601
3733 5966
2345 4340
4049 5644
450 6172
3275 5397
4006 5752
592 7055
1922 7773
887 6807
2392 4280
912 6768
3780 5921
2440 4207
1333 7389
2490 4178
3378 5338
740 6926
702 6996
2060 4583
2021 7689
872 6788
3358 5361
1899 7835
2170 4490
2125 4541
1097 7611
4068 5649
4086 5633
1534 7174
1234 7467
4010 5712
445 6215
2223 4433
3764 5963
3108 5668
33 6691
2626 4161
818 6449
2067 4631
4029 5562
3458 6021
1574 7214
2317 4869
2639 4167
2237 4789
3103 5654
2971 4498
1339 7984
2297 4852
1724 7346
3404 5955
529 6174
625 6241
3862 5383
3114 5694
1504 8180
3911 5458
3435 6014
2422 4960
3319 5868
3988 5512
1766 7419
3172 5753
500 7147
2596 4155
3463 6054
2146 4675
2382 4972
12 6702
1799 7460
1735 7394
1216 7910
3084 5675
2318 4903
844 6501
2580 4157
3868 5430
376 6995
712 6372
1559 7227
2374 4969
1376 8018
2973 4527
2168 4686
3763 5259
2834 4394
3105 5656
1786 7360
833 6525
383 6977
2110 4608
984 6553
3694 5164
3180 5679
293 7014
903 6592
3998 5591
1397 7999
584 6146
1140 7736
3466 6086
206 6786
636 6193
696 6389
2491 5110
1064 7781
2187 4805
914 6594
1960 7673
2290 4773
1268 7852
2293 4780
3843 5464
1588 7273
2452 5065
528 6221
1606 7204
3162 5692
2622 4185
869 6402
2728 4288
2428 4884
1676 7397
1180 7926
1179 7927
942 6595
1135 7682
3629 5186
820 6468
575 6220
3819 5272
297 7002
3728 5347
3939 5398
4068 5523
978 6570
97 6680
517 6264
2670 4113
3729 5139
1430 7955
2470 4896
3637 5298
3637 5309
3462 5903
349 7127
2404 5096
3246 5667
3410 6083
3297 5746
578 6356
707 6228
930 6458
1211 7715
1932 7445
256 7065
3355 6018
441 6946
2978 4413
3802 5189
3877 5509
2497 4960
2506 4975
1906 7639
1726 7192
1672 7201
2725 4111
2067 4792
1360 8187
3711 5331
2942 4558
3788 5246
3869 5551
49 6791
1628 7402
539 6306
2797 4183
2934 4552
1029 7866
606 6302
1370 8091
736 6181
1808 7640
2178 4684
3949 5567
3621 5367
2269 4617
2991 4473
1307 8128
1137 7853
190 6752
2577 4302
2667 4276
2756 4134
2922 4488
2996 4439
2751 4187
3251 5723
3432 6017
2606 4295
3824 5146
2836 4607
1867 7591
1053 7921
1947 7542
1440 8013
851 6590
4062 5425
1508 7956
1177 7785
49 6852
2000 7463
2853 4573
3519 5957
411 7015
974 6451
446 6979
526 6384
762 6149
3109 5926
731 6622
3632 5429
1917 7290
549 6434
356 6764
3614 5398
725 6617
2355 4669
1897 7271
1996 7391
400 6789
1379 7797
199 7121
24 6927
3419 5699
3049 4339
3414 5706
3436 5745
2507 4822
3755 5556
1483 7914
2976 4225
851 6261
76 7019
2494 4758
946 6298
2910 4214
797 6199
1136 8027
219 7158
2226 5023
2312 4645
849 6240
1634 7504
1018 6344
1896 7259
2337 4629
2010 7405
3252 6019
167 7069
970 6384
2765 4593
69 7033
2008 7320
2341 4708
960 6273
1441 7907
1259 8105
481 6821
1779 7605
4090 5309
1201 8182
158 7126
3534 5766
723 6555
1618 7448
1149 7991
2390 4636
579 6415
3412 5636
1279 8111
3280 6017
2828 4191
357 6705
3172 5936
2628 4369
1624 7439
3767 5615
4016 5352
2336 4729
2233 5088
3391 5733
1225 8086
2447 4847
2496 4769
2812 4509
1126 7940
2391 4661
3741 5630
1250 8069
40 6976
3571 5786
231 7052
10 7009
3078 5995
3576 5768
1342 7756
435 6855
926 6379
662 6638
2276 5022
1022 6276
1502 7844
3185 5901
190 7107
3944 5141
635 6406
693 6603
77 6962
721 6482
2200 4891
621 6638
1942 7186
1293 7819
2242 4933
2578 4501
2874 4275
1295 7813
2062 4997
3043 4200
1659 7670
3295 5970
3093 6043
725 6469
2132 5061
354 6899
4007 5169
601 6592
2768 4426
585 6611
559 6580
3199 6116
832 6368
1629 7677
1847 7318
888 6362
1318 7810
2563 4519
1608 7660
1845 7312
3625 5518
161 6918
1530 7767
1790 7502
803 6291
2760 4472
3547 5738
347 6889
3864 5290
3477 5670
3810 5463
883 6341
2184 4926
704 6519
2601 4497
2173 5060
3050 4176
2849 4250
884 6351
684 6416
493 6737
2029 7249
413 6688
716 6514
3690 5544
1762 7457
3570 5681
1141 8113
2005 7184
1271 7986
837 6275
1217 7943
3178 6050
3371 5858
1744 7450
3954 5308
118 7097
474 6667
822 6372
2999 4195
3289 5901
346 6796
163 7028
1755 7427
1132 8116
2035 7208
2003 7176
94 7042
1622 7563
93 7040
3581 5666
1115 8123
399 6767
685 6476
1296 7923
1357 7848
1952 7237
3227 6012
3725 5479
3438 5764
3904 5291
3228 6007
4008 5188
1199 8003
1014 6169
3089 6113
2659 4499
545 6608
2700 4478
3933 5294
2530 4630
2321 4837
719 6456
3131 6082
681 6485
1336 7877
2032 7181
1300 7913
243 6924
2065 5137
2688 5761
1404 6527
521 7692
3692 4714
1872 7000
3797 4828
84 7261
1313 6447
2019 7155
1560 6666
3285 4294
1170 6278
3337 4380
2137 5199
841 8017
2362 5408
3561 4595
958 8101
1137 6250
1621 6734
1838 6963
216 7365
408 7557
2750 5792
1720 6823
1380 6523
619 7754
1932 7087
425 7562
3428 4416
2402 5447
1249 6342
3066 6109
296 7424
453 7663
941 8067
1976 7048
3093 4132
1447 6550
1825 6932
2957 6075
1330 6411
280 7459
3334 4410
1551 6707
2937 5956
536 7717
747 7892
314 7547
3571 4530
2722 5856
2256 5267
2412 5417
179 7412
1159 6336
750 7849
1194 6371
2224 5369
3478 4572
3325 4278
3617 4716
947 8190
2590 5713
689 7934
3572 4518
1917 6959
1914 6953
572 7791
2890 5919
2936 5933
883 7979
351 7430
3241 4336
2592 5755
937 8178
932 8191
576 7709
3085 4179
668 7932
457 7595
3675 4668
2340 5443
2471 5568
3712 4841
579 7721
3536 4538
2953 6115
2216 5314
1176 6386
3236 4297
3434 4356
2742 5849
28 7278
3603 4705
2692 5879
3956 4866
2829 6005
1079 6223
776 8048
4089 4992
182 7375
2796 5783
753 7818
2487 5580
303 7508
160 7388
3482 4379
1766 6759
3887 5036
2545 5490
396 7433
2151 5344
911 7939
3117 4256
1654 6904
1742 6751
51 7330
2123 5337
19 7297
2045 7023
855 8132
2555 5480
1090 6363
1558 6796
545 7867
2997 5931
154 7173
3795 4722
2670 5830
1839 7045
4035 4969
21 7358
2026 6982
229 7241
366 7618
2242 5228
1035 6330
3939 5074
1419 6458
3800 4713
372 7623
2595 5776
1605 6902
1785 6735
3682 4820
3806 4710
1040 6312
148 7212
2736 5641
3281 4203
315 7553
2536 5460
1066 6292
1593 6790
997 8026
855 8085
994 7968
1168 6227
1726 6781
1635 6816
646 7746
2468 5473
510 7483
1257 6188
3758 4712
1225 6158
680 7791
3605 4829
1190 6254
3919 4998
4073 4903
1430 6489
3672 4744
3475 4419
2342 5620
3626 4857
1515 6463
2348 5624
2260 5121
1274 6189
3325 4135
1334 6634
3287 4107
1481 6420
3935 4994
1081 6375
3987 4940
3362 4605
2650 5819
603 7865
2261 5170
3212 4196
2066 5371
1184 6219
3680 4748
3105 4303
4018 4957
14 7422
2522 5419
2675 5761
121 7306
1134 6301
1117 6313
1727 6730
1680 6758
420 7506
2108 5322
2792 5662
95 7335
3455 4487
3984 4968
1561 6881
2190 5239
1478 6460
853 8110
3476 4456
3203 4482
1347 6209
1232 6610
969 7883
3047 5860
3810 5095
1540 6915
885 7807
3537 4315
680 8099
1848 6708
2564 5896
3722 4999
1000 7928
1177 6537
517 7958
3961 4717
78 7515
1630 6987
1087 6441
1072 6438
3186 4458
1392 6250
2900 5710
2978 5763
2406 5191
1369 6267
2715 6073
121 7517
385 7333
3255 4497
2945 5801
3448 4179
1412 6312
2157 5440
1262 6593
1155 6572
2325 5158
3804 5098
3319 4545
2344 5151
4078 4821
603 8032
2727 6044
3647 4865
4025 4743
3778 4994
3081 4427
2453 5334
1905 6706
2135 5395
1895 6691
3286 4496
2513 5270
264 7233
3306 4512
2526 5269
4028 4855
4006 4842
1133 6433
2162 5439
3908 4618
658 8130
1941 6853
4054 4742
2327 5191
1433 6345
1669 7124
1970 6883
1918 6703
1328 6243
731 8079
985 7821
2905 5645
3247 4601
437 7405
594 7946
2818 5720
1443 6399
634 7972
1532 6307
1197 6605
651 8171
145 7664
1928 6891
374 7184
1275 6557
602 7997
1287 6240
502 7326
1888 6664
3677 4916
2784 6025
843 7713
703 8146
679 8137
2999 5849
3035 5812
2524 5292
1533 6287
971 7870
1437 6378
3240 4575
828 7748
3219 4591
2365 5184
1263 6545
3775 5057
3472 4113
1224 6474
2120 5578
2068 5527
3138 4545
3989 4625
3658 5070
365 7400
1364 6353
3651 5067
3683 5098
3656 5057
1390 6375
509 7286
2977 5674
2880 5836
1297 6300
3606 5016
1507 6258
492 7295
3126 4517
1714 6950
1732 6992
2814 5995
2860 5817
895 7911
1474 6235
241 7531
66 7640
1991 6748
1461 6186
2202 5435
248 7516
633 8159
2667 6093
2269 5498
253 7509
3316 4445
2477 5124
33 7560
2875 5777
3956 4831
2353 5277
657 7996
1943 6713
3947 4805
3220 4411
3953 4800
4000 4626
1308 6318
1903 6877
3640 5004
1656 7116
335 7417
1349 6387
3289 4449
2252 5494
1570 7070
3707 5062
1465 6148
3653 5115
466 7277
2993 5745
3357 4318
141 7497
2209 5480
3792 4890
2414 5284
1128 6563
3886 4834
3182 4515
2126 5534
3411 4224
456 7199
150 7503
3608 5061
46 7667
1627 7045
2424 5286
3436 4238
1657 7069
252 7449
3372 4298
3237 4429
1286 6382
677 8013
3611 5104
747 7942
1497 6196
2810 5908
1995 6715
1498 6190
2070 5603
2573 6138
3239 4447
287 7398
1092 6590
2737 5965
2941 5760
2770 5935
1073 6606
387 7292
3528 4151
949 7605
3232 4768
251 7930
977 7635
2779 5342
1795 6404
338 8024
2510 6085
964 7626
3818 4324
1914 6517
1101 6722
2253 5826
1193 6822
269 7938
1009 7649
2704 5249
68 7765
615 7284
3544 5070
1575 6192
2048 5655
2265 5824
3916 4432
3318 4843
3209 4759
2746 5285
1055 6656
1309 6972
2537 6088
426 8073
2164 5719
581 7267
661 7356
1203 6809
471 8187
2483 6047
355 8014
3711 4178
3020 5601
2627 5229
2237 5779
43 7707
1761 6353
2885 5488
3100 4649
3009 5620
281 7983
2733 5275
2386 5989
3347 4906
1854 6407
1166 6834
2571 5174
1601 6270
2850 5405
915 7635
3279 4751
3770 4345
2221 5865
2085 5728
3340 4937
2150 5665
889 7486
1012 7613
2117 5644
1086 6775
3039 5526
2888 5380
2288 5820
3136 4621
2277 5813
3125 4708
2459 6089
565 7270
1853 6505
1212 6888
3639 4194
2185 5852
1220 6802
2698 5330
3058 5545
3900 4455
1427 7119
3855 4434
3935 4353
1242 6788
434 8146
3451 4891
3181 4620
2914 5379
3362 4931
1078 6740
727 7349
382 7964
1294 7020
3625 4173
3210 4847
3077 4707
3250 4821
3205 4845
3398 4911
478 8117
1178 6897
1520 7068
740 7306
814 7488
3880 4423
1067 6746
1385 6939
3728 4325
2583 5217
595 7211
2376 5937
2877 5444
1910 6413
488 8083
373 7950
3442 4879
2588 5217
3636 4171
2038 6518
3440 5104
1865 6600
739 7264
2378 6089
3861 4502
2508 5962
286 8088
3609 4254
3320 4720
86 7902
3916 4550
3579 4970
1736 6233
799 7565
778 7577
2844 5519
52 7840
34 7863
3360 5045
2569 5276
2810 5228
2254 5718
2213 5695
4021 4398
2495 5924
3243 4661
1215 6687
3656 4329
3590 4263
3251 4625
3545 4986
1417 6954
2096 5779
3628 4232
1889 6597
3388 5017
948 7443
1377 7112
2875 5522
2604 5254
2668 5318
3702 4317
2635 5348
2463 5936
3189 4804
2884 5623
2262 5730
832 7668
983 7522
448 8053
1332 7043
730 7266
1239 6765
29 7847
3562 4945
1529 6981
1400 7110
845 7666
3341 5068
757 7220
755 7223
103 7843
1195 6766
2747 5235
2064 5850
496 7994
2304 6090
3889 4605
3019 5382
1429 7003
4087 4409
1770 6180
389 8010
135 7767
1797 6614
154 7758
1576 6397
1338 7148
1293 7131
2583 5327
3519 4965
3491 4985
3618 4350
1722 6246
588 7315
1244 6717
3915 4521
732 7231
3831 4115
1920 6500
1060 6849
437 8019
3418 5053
3128 4831
495 7943
233 7680
563 7386
1512 6915
1874 6591
1267 6686
3552 4878
53 7899
916 7524
1688 6249
770 7664
1298 7143
3748 4177
1105 6820
2701 5240
3659 4286
418 8023
2785 5142
4066 4378
3269 4671
1320 7122
786 7657
800 7643
508 7937
187 7750
427 8021
1993 6454
1326 6703
1848 6207
2206 6041
3828 4604
1311 6679
925 7318
1874 6236
2546 5885
2964 5252
90 8011
216 8137
1167 7070
2936 5226
3636 4391
4009 4285
743 7667
3830 4579
4029 4267
1521 6887
928 7351
1437 6794
2813 5610
2782 5575
55 7979
2115 5980
3811 4604
3546 4858
977 7408
3850 4136
1972 6294
2924 5195
4033 4330
2774 5627
259 7726
3945 4166
67 8049
1449 6810
644 7607
1121 6998
3449 4674
2243 6143
1991 6392
3893 4213
2424 5688
2211 6114
1269 7089
1279 7095
3094 4959
2256 6042
62 8053
3630 4450
2482 5887
425 7908
522 7495
2779 5526
2334 5712
3099 4949
3522 4749
3891 4220
3742 4559
1511 6838
831 7276
3152 4872
2212 6142
495 7860
3973 4313
2017 6332
1202 7151
3576 4773
2252 6034
1531 6811
397 7917
3560 4748
1986 6314
2964 5372
3879 4173
1462 6876
1951 6385
2451 5884
3848 4217
2576 5477
1757 6568
3908 4147
1258 7058
2584 5473
2476 5846
3925 4142
3963 4096
612 7448
1829 6232
1607 6457
1488 6831
307 7859
3099 5018
2593 5536
2865 5296
2426 5880
3413 4817
1643 6637
1170 6939
3133 5042
3878 4265
3555 4723
1637 6647
479 7757
993 7282
3739 4366
3584 4503
1252 7027
1205 6956
2602 5553
246 8043
576 7651
1679 6439
1365 6908
3145 5090
1303 6840
2543 5696
2289 5982
2585 5545
3226 4907
218 8040
2381 5883
1806 6328
3832 4430
567 7567
3223 4910
3620 4511
2998 5133
3450 4807
525 7603
3812 4442
2655 5600
724 7444
1470 6782
1130 7082
3088 5073
3405 4751
1200 7026
2958 5194
3020 5129
1095 7041
1333 6898
2127 6024
1343 6903
730 7442
3271 4877
2335 5845
1667 6472
1277 6966
1169 7005
954 7286
407 7770
1554 6620
3314 4925
2147 6067
3029 5124
594 7555
1042 7105
4078 4154
1310 6858
321 7828
1620 6530
2905 5248
817 7402
2152 6068
3736 4421
976 7182
3344 4814
1359 6827
2996 5200
531 7670
3184 5013
1843 6358
395 7789
2225 5974
3822 4358
620 7557
961 7211
1351 6825
2238 5968
1833 6343
302 7902
1788 6414
2039 6149
760 7434
3559 4629
2188 6008
3658 4542
2255 5944
1567 6631
3204 4991
2749 5446
2023 6172
2010 6182
1160 7030
3668 4522
1648 6543
367 8553
273 8471
992 9197
226 8428
566 8743
1129 9339
1189 9398
194 8409
1817 9989
1628 9793
778 8980
760 8922
114 8276
1436 9649
1150 9296
542 8751
1547 9791
667 8876
844 9074
440 8583
1041 9297
831 9083
1493 9616
331 8460
1470 9721
79 8197
1444 9710
1729 9879
702 8931
717 8851
766 8864
1479 9625
106 8203
1731 9894
319 8535
499 8602
1245 9399
802 9036
475 8629
1241 9389
1116 9257
382 8454
1236 9388
230 8351
544 8794
1572 9817
201 8372
1481 9655
71 8249
312 8519
1672 9736
455 8513
205 8266
1723 9778
392 8449
1169 9220
383 8681
1307 9612
402 8496
963 9066
1647 9921
1749 9850
650 8762
922 9003
966 9079
909 9012
347 8679
1212 9217
656 8784
45 8423
1677 9795
1028 9418
1022 9009
1009 8992
978 8961
1439 9546
202 8220
27 8387
168 8306
1526 9515
232 8202
580 8864
1322 9667
149 8316
819 9158
433 8518
102 8350
621 8855
1735 9785
713 9161
1416 9353
1407 9340
1264 9715
683 9134
714 9167
899 8843
535 8990
1145 9577
722 9159
156 8585
1156 9628
1122 9592
289 8252
890 8807
1118 9536
726 9160
1553 9998
251 8676
936 8844
1496 9469
28 8507
1401 9310
835 8810
1341 9232
834 8818
1459 9351
35 8470
1256 9694
1273 9678
557 8986
278 8239
1228 9717
606 9058
2024 9899
446 8442
815 8807
1421 9413
2011 9879
655 9153
2012 9875
1241 9609
742 9143
1890 9779
1223 9620
353 8249
56 8547
1624 9988
1924 9944
933 8901
1956 9925
1182 9722
600 9002
1249 9621
830 8776
911 8951
310 8269
1163 9481
1181 9496
956 8762
9 8591
1857 9929
1954 9771
108 8678
355 8438
186 8482
739 9086
998 8775
61 8607
320 8434
2043 9804
1419 9267
1244 9573
590 9200
450 8196
381 8371
709 8979
1875 9867
204 8468
1415 9311
1400 9378
616 9138
1910 9898
1516 9264
1954 9852
538 9156
1276 9502
577 9122
1363 9399
819 8919
128 8549
1531 9245
1800 9966
1395 9375
707 9011
784 8929
701 9039
1780 9984
1862 9907
864 8854
1844 9933
1873 9896
27 8731
1620 9303
968 8652
1150 9851
1124 9837
1143 9853
1287 9997
277 8985
550 8234
1058 9775
588 8286
1059 9787
521 8213
706 8413
283 9019
132 8868
1059 9728
365 9034
1265 9947
1737 9445
1641 9286
498 9152
443 9096
53 8705
2005 9711
975 8691
371 9037
902 8647
1639 9251
1272 9916
580 8201
40 8825
1653 9254
982 8578
1959 9713
1102 9752
699 8422
1694 9408
130 8934
340 9022
792 8562
1765 9359
375 8985
1697 9422
516 8310
1806 9596
1394 9992
637 8198
411 9184
1733 9402
1846 9654
1998 9551
757 8304
361 9196
508 9082
924 8468
2039 9598
1770 9313
724 8281
272 9088
1979 9514
1603 9425
1877 9665
2034 9580
305 9135
1248 9794
1933 9518
1760 9284
1082 9884
1969 9495
1711 9223
989 8565
1614 9447
846 8673
1074 9885
300 9116
2043 9546
47 8860
1131 9944
895 8647
1858 9601
600 8340
52 8953
289 9199
1214 9836
1804 9690
103 8892
1630 9346
1178 9798
113 8878
424 9035
1825 9672
1868 9638
971 8504
2025 9488
225 8728
1852 9671
138 8820
268 8717
159 9110
823 8238
1373 9799
523 8464
501 8939
1622 9544
848 8270
753 8686
1010 8400
1689 9659
1887 9341
1651 9567
1935 9379
1779 9694
805 8222
1908 9290
1450 9877
1939 9427
1524 9909
988 8350
1783 9648
1700 9708
1108 9989
1788 9637
917 8396
1578 9584
1536 9568
1122 9985
1765 9603
608 8465
1423 9970
1749 9552
613 8672
1373 9941
785 8349
468 8775
388 8723
416 8761
656 8460
15 9107
585 8660
1674 9514
1790 9563
1657 9695
1422 9768
1185 9991
1573 9602
85 9215
745 8517
1495 9848
523 8635
527 8637
591 8699
914 8228
932 8221
676 8472
208 9070
2045 9282
398 8782
389 8772
266 8898
1289 9923
1316 9961
84 9113
1696 9584
1685 9542
547 8695
983 8207
2046 9253
826 8410
566 8662
1612 9645
1500 9785
574 8663
288 8908
649 8571
358 8861
1218 8386
279 9488
1441 8618
400 9628
421 9642
1151 8303
515 9745
561 9763
1283 8475
1850 8995
1196 8368
1484 8656
1425 8591
1563 8767
1119 8313
1228 8427
1686 8891
1109 8315
1384 8536
736 9938
1623 8804
1452 8600
48 9224
1324 8469
743 9949
652 9911
541 9761
487 9689
1744 8852
1869 8971
1411 8650
1603 8716
1070 8289
1075 8291
1854 9071
32 9333
1876 8962
1040 8306
1893 8975
2003 9151
1318 8532
514 9841
306 9547
314 9537
1434 8673
1928 9203
715 9904
1275 8307
1403 8684
1045 8333
83 9419
226 9342
2047 9054
352 9668
63 9369
45 9345
1537 8876
387 9522
1964 8984
596 9964
542 9891
37 9368
1147 8383
630 9917
513 9935
1428 8539
368 9663
65 9363
507 9512
1157 8272
1255 8240
631 9897
350 9662
1871 9125
92 9392
444 9554
267 9701
398 9590
1092 8382
1866 9137
1140 8330
92 9566
955 9919
1496 8414
771 9743
47 9534
1377 8309
20 9474
363 9329
362 9328
784 9738
1841 8746
1272 8675
1509 8446
866 9854
1332 8232
1110 8520
1555 9010
1949 8895
509 9438
1493 8433
1819 8765
18 9528
1442 8332
1611 9060
1024 8503
1270 8652
325 9342
1715 9203
1573 9056
336 9238
247 9659
379 9258
1284 8279
1075 8550
1007 9912
1660 8998
215 9612
1721 9177
1906 8723
1706 9164
335 9255
1632 8969
877 9759
104 9500
859 9774
1517 8300
979 9808
1062 8622
1105 8667
131 9487
422 9270
1406 8417
298 9354
371 9426
1645 9166
463 9324
1724 8986
310 9372
1475 8301
1831 8855
1346 8435
694 9988
247 9545
1643 9129
192 9475
73 9613
1937 8789
943 9835
1863 8833
1674 9026
178 9597
151 9543
1934 8798
775 9939
1012 9762
2012 8714
325 9362
969 9758
1378 8377
180 9578
967 9752
1807 8933
1977 8777
1986 8763
1940 8814
1488 8234
1844 8911
299 9424
1541 9211
614 9319
677 9376
1188 8866
1880 8530
1348 9033
72 9817
1282 8977
1091 8795
144 9864
1886 8575
1798 8483
761 9438
1585 8219
1473 9194
1943 8633
201 9959
1324 8963
2036 8645
181 9862
1683 8358
1759 8426
2017 8664
1594 8195
1617 8299
1486 9096
60 9840
979 9630
1273 8886
1369 8969
176 9953
16 9796
1432 9165
1587 8298
1501 9090
1120 8704
1936 8690
1172 8956
1374 9008
1096 8764
232 9874
651 9462
910 9715
1699 8227
570 9404
941 9535
1999 8541
1019 9576
853 9666
1456 8999
1601 8411
1175 8712
713 9325
790 9660
1934 8484
1527 9051
926 9523
1060 8853
916 9511
1270 8769
125 9927
876 9646
1801 8651
1879 8597
598 9360
1957 8557
628 9404
626 9403
192 9737
1739 8193
2027 8486
1280 9166
1794 8660
1671 8285
1646 8370
23 9930
1576 8439
496 10000
130 9827
1892 8577
561 9432
782 9703
1455 9024
907 9599
939 9566
1764 8211
1152 8825
1034 8970
1084 9020
1323 8745
666 9631
1229 9160
402 9882
718 9688
304 9767
1939 8371
417 9861
267 9774
1834 8194
1050 9008
924 9393
975 9442
1595 8459
1673 8632
769 9266
522 9529
1944 8367
1881 8290
582 9592
334 9841
412 9949
896 9411
703 9719
1354 8707
1327 8805
340 9734
1011 9387
415 9927
1473 8856
857 9279
1699 8644
1952 8391
1894 8193
1503 8874
1902 8216
1142 8972
1548 8588
1017 9337
1095 9158
1772 8559
875 9446
1392 8957
615 9705
1478 8777
266 9883
1372 8906
1476 8787
1676 8469
330 9937
396 9751
1179 8960
1550 8594
1026 9119
458 9815
837 9446
1192 8971
1359 8930
638 9677
965 9334
1709 8478
1076 9088
1821 8357
434 9739
475 9830
1458 8821
1503 8725
1834 8422
1663 8626
1617 8579
2013 8206
307 9963
505 9760
1700 8570
1294 8941
1569 8649
1658 8599
590 9635
1544 8678
921 9323
1713 8514
1106 9126
815 9432
1487 8756
1049 9188
2871 9019
3028 9159
2918 9075
2221 8378
2648 8772
3041 9215
3720 9878
2813 8931
3024 9201
2711 8885
2772 8946
3009 9193
3184 9306
3310 9413
2873 8978
3570 9693
2405 8528
2558 8648
2624 8823
2724 8857
3727 9906
2614 8817
2610 8827
3753 9959
3155 9244
3650 9747
2367 8556
3829 9889
3004 9194
3120 9319
3429 9532
2315 8555
3525 9634
2581 8829
2842 9073
3690 9734
3001 9175
3270 9384
3623 9800
2358 8537
2229 8389
3374 9561
3291 9376
2234 8251
2218 8239
3221 9235
3164 9428
3485 9492
3189 9468
2423 8699
3730 9731
3072 9361
2264 8266
2831 9116
2733 8761
3068 9057
3171 9415
3697 9942
3786 9830
3592 9916
2625 8950
2960 9001
4018 9997
3274 9227
2350 8685
2055 8388
2992 9079
3505 9594
2164 8356
2993 9059
2827 9176
2997 9062
3564 9530
2494 8553
2808 8737
3456 9561
3285 9231
4059 9985
3479 9591
3320 9243
2635 8879
3616 9926
2309 8674
3197 9352
2876 9163
2309 8702
2723 8792
4031 9919
2064 8465
2512 8404
3439 9317
3441 9312
3080 9501
3045 8947
2724 9138
2950 8862
2388 8269
3059 8943
2678 9064
2379 8297
2397 8319
2386 8305
3348 9278
2430 8277
3266 9711
2283 8646
3880 9733
2869 8731
2942 8778
2821 8753
2984 8863
4016 9865
3540 9455
3111 9499
3483 9382
2553 8390
2804 9140
3560 9385
2063 8525
2951 8897
2807 9136
3459 9418
3521 9354
2425 8244
3569 9377
3400 9242
2965 8903
3242 9714
3943 9784
3555 9346
3924 9777
3877 9792
3535 9386
3305 9607
4095 9870
2530 8345
3385 9407
2434 8208
2603 9150
2356 8355
3168 9726
2781 9085
2531 8260
3990 9790
2708 9021
2051 8616
2614 9117
2076 8631
3847 9899
3562 9284
4079 9822
3046 8791
2653 9199
3051 8792
2267 8558
2518 8302
3913 9971
2720 8987
4044 9741
3420 9371
3384 9460
2806 9016
2436 8267
3275 9503
4054 9741
3382 9449
3480 9336
3951 9869
2338 8384
2217 8513
3046 8718
3888 9945
3940 9870
3090 9720
3501 9281
3373 9411
2191 8544
2165 8602
4088 9740
3517 9289
3978 9855
3221 9582
2762 9014
2284 8940
2349 9004
2291 8945
4031 9652
3277 9948
2341 9014
2262 8896
3253 9891
2097 8742
3293 9924
2103 8748
2176 8859
2876 8480
3734 9396
3112 9742
3766 9372
2679 8282
3057 8640
2250 8952
2972 8622
2081 8725
2137 8814
2474 9117
3379 9995
2872 8449
3166 9824
3129 9848
3726 9423
2574 8268
2486 9205
3140 9743
2207 8916
3713 9421
3066 8630
3234 9971
2502 9108
3651 9233
3238 9970
2320 9033
2859 8560
4067 9661
2894 8494
3201 9954
2172 8729
2229 8925
2443 9187
3645 9302
3757 9408
3054 8606
2592 8273
2416 8964
2709 8416
4043 9661
3739 9442
3925 9513
3092 9832
3162 9765
3781 9281
2079 8859
2443 8962
3026 8540
2503 9032
3256 9783
2416 9185
2840 8586
2285 8831
3921 9666
2328 9101
2361 9121
3710 9447
4026 9502
2940 8666
3918 9699
3943 9683
2296 8780
3821 9305
4037 9586
2399 9192
2941 8644
3936 9691
2130 8941
3966 9660
2711 8277
2541 9003
2317 9157
3198 9910
3661 9350
3291 9744
2133 8856
4090 9513
3146 9886
2121 8860
2915 8639
2228 8809
2818 8669
2582 8439
3279 9770
3281 9786
2222 8768
3792 9250
2346 9177
2292 8716
2882 8634
2396 9124
3031 8407
2852 8230
3450 9842
2143 9045
3506 9913
3689 9573
2755 8653
3758 9633
2240 9170
3583 9964
3554 9972
2081 9015
3427 9849
2357 8744
3971 9378
3749 9603
2771 8692
3989 9407
2507 8955
2205 9133
3885 9244
3509 9871
3663 9589
2767 8688
3662 9486
3955 9265
3065 8368
2835 8282
3540 9887
2566 8522
2299 9132
2765 8599
3638 9579
2148 9018
2290 9132
3894 9301
3477 9982
2980 8404
2786 8594
3719 9718
4066 9367
2478 8918
2782 8613
2076 9056
3815 9626
2520 8869
3723 9481
3784 9547
3613 9626
2682 8701
2958 8197
3715 9486
3617 9646
2856 8359
3425 9968
3677 9676
2367 8877
2482 8737
2768 8527
3589 9636
2789 8519
2885 8416
4011 9219
2742 8479
2864 8346
4081 9306
4020 9247
4027 9239
2504 8824
3977 9277
3496 9757
2954 8252
2923 8400
2955 8267
3980 9294
2124 9097
4035 9220
2425 8894
2205 9050
2666 8612
2098 9186
2480 8803
3795 9483
2444 8789
2561 8664
2837 8392
3584 9696
2071 9207
2316 8936
2321 8958
2243 9010
2954 8317
2870 8399
4082 9228
2420 8842
3806 8926
3542 8659
3156 8284
3210 8322
3514 8627
3920 9030
3155 8260
3246 8375
3762 8872
3264 8415
3098 8251
2754 9952
3538 8693
2117 9314
2113 9322
3486 8624
2339 9484
3215 8383
2790 9943
3473 8611
2646 9829
3862 9007
3206 8380
2369 9595
3812 8927
3856 9005
3153 8209
3615 8799
4063 9118
2549 9654
2553 9658
3869 9047
2596 9832
3376 8573
2278 9385
2814 9903
2517 9607
3676 8718
3509 8683
3410 8500
2780 9908
2203 9458
3774 8910
2363 9545
3661 8753
3188 8202
3751 8921
2796 9836
2177 9216
3914 9161
2500 9539
2115 9417
3227 8214
3187 8445
2219 9279
2632 9951
2215 9264
3714 8730
3442 8680
2452 9480
3107 8320
3955 9168
2663 9923
2086 9345
3754 8707
2119 9454
3622 8847
3352 8629
2589 9900
2410 9682
3296 8230
3607 8921
3397 8596
3998 9039
2172 9391
3326 8235
2371 9621
2260 9218
3834 8749
2055 9437
2458 9542
2333 9664
3073 8417
2122 9386
2476 9550
2563 9958
2480 9564
2089 9435
4083 8960
2454 9570
2223 9304
3701 8834
2567 9983
3104 8411
3564 8464
3905 9148
2313 9719
3290 8229
3793 9173
3647 9017
2370 9290
3866 8724
2332 9235
2218 9656
2054 9503
3247 8628
3382 8215
2302 9688
3991 8880
3213 8615
4015 8836
2551 9435
3312 8671
3439 8286
3768 9098
2395 9325
2938 9804
2442 9394
2275 9690
2276 9695
3041 9946
3782 9210
3176 8533
2118 9593
3019 9866
3030 9876
2346 9315
2268 9616
2349 9312
3431 8246
3068 9902
3846 8785
2156 9531
3550 8329
2145 9526
2517 9357
2188 9686
2499 9369
3173 8505
3770 9191
2405 9275
2485 9429
3757 9165
3512 8409
3981 8932
4082 8861
2833 9824
2163 9482
3890 8781
3183 8687
3938 8928
3483 8223
3101 8603
3102 8595
2925 9977
4057 8780
3271 8529
4061 8768
3631 9101
3339 8366
2307 9387
2469 9229
3149 8679
3958 8925
3991 8743
3363 8343
3643 9102
3950 8920
2245 9587
2207 9508
3750 9062
3944 8875
3609 9183
2285 9510
3339 8384
2375 9356
3034 9750
2889 9860
2459 9302
3554 8237
3446 8353
3496 8310
4093 8734
3853 8937
2446 9321
2074 9714
3071 9750
2515 9272
3894 8920
2356 9434
3385 8406
3737 9064
2929 9863
2215 9553
2865 9928
2210 9888
3657 8257
2119 9805
2784 9450
3502 9125
3435 9060
3851 8475
3545 9163
2168 9838
3743 8328
3481 9093
3282 8944
3982 8618
3198 8793
2594 9226
2128 9850
3433 9027
3524 9195
2906 9579
2156 9808
2737 9357
3671 8296
2837 9557
3530 9099
3600 8275
2764 9344
2611 9341
3440 8993
3826 8352
3335 9044
2780 9349
3673 8195
3765 8430
2904 9476
3200 8924
3524 9115
3097 8774
3721 8427
3332 9063
3429 8961
3549 9141
2087 9806
3063 9605
3836 8335
3632 8264
3563 9106
3480 9188
3980 8690
2247 9799
2735 9260
3771 8241
2857 9637
2606 9406
2575 9374
3461 8983
2082 9912
2753 9307
2607 9392
3361 9092
2202 9782
3457 9012
3200 8759
3890 8587
2637 9460
3335 9150
3915 8694
3801 8295
2900 9706
3110 8935
3644 8440
2623 9465
3261 8816
3416 9109
2057 9926
3293 8719
4059 8457
3035 9474
4062 8452
3982 8559
3390 9180
2630 9377
3302 8712
3691 8325
3500 9053
2556 9999
3670 8362
3116 8912
3467 8842
3783 8646
2523 9946
3565 8942
2439 9868
2350 9763
3249 9148
3760 8638
2809 9706
2333 9737
2669 9594
3421 8773
2330 9729
2383 9810
2329 9735
3905 8287
3054 9422
2794 9674
3395 8801
2926 9292
3857 8245
2911 9338
2693 9632
3499 8846
2702 9633
3036 9453
2923 9308
2477 9882
2848 9242
2920 9256
3502 8942
3815 8613
2917 9248
3933 8216
2492 9979
3601 8543
3234 9196
2461 9934
3508 8928
2906 9231
3218 9157
3328 8793
2366 9828
3542 8845
3108 9087
2521 9862
3604 8523
2372 9755
3652 8485
3839 8604
3338 8826
3521 8880
3595 8568
2163 9991
2515 9895
3124 9025
2336 9820
3469 8709
3471 8710
3672 8658
3225 8981
2351 9890
3835 8554
4073 8315
2932 9441
3059 9316
3827 8555
3185 9192
3444 8937
3049 9332
2662 9723
3437 8944
3326 9054
3750 8454
2615 9617
4072 8271
2762 9571
3188 9183
2305 9901
3300 9041
3443 8905
2311 9924
2627 9605
3179 9133
3923 8348
3906 8338
3516 8813
2770 9478
3121 9191
3026 9221
3340 8923
2840 9409
4047 8213
3375 8948
2959 9298
3544 8711
2781 9525
2685 9620
3296 8970
2308 9960
3087 9186
3768 8533
3202 9068
3705 8598
2868 9415
3039 9252
2766 9522
4711 8804
4484 8576
4813 8904
5814 9904
5204 9310
5872 9978
5771 9863
5019 9111
4688 8797
4360 8453
5812 9914
5599 9680
4894 8972
4298 8408
4858 8943
5754 9826
4949 9038
4193 8261
4319 8440
5197 9322
5948 10000
4578 8653
4606 8638
5726 9753
5632 9802
5346 9391
4160 8206
5465 9494
4397 8572
4320 8370
4223 8226
5660 9854
4600 8605
5201 9274
5043 9182
5547 9670
5541 9675
5822 9937
5541 9684
4948 8997
5320 9403
4204 8219
4184 8224
5564 9670
4474 8697
4886 9106
4731 8959
4554 8526
4554 8517
4814 8798
5382 9623
5366 9314
5813 9769
4479 8674
4767 8704
5690 9880
5838 9837
4830 8829
4763 8752
5326 9315
4583 8520
5470 9708
5181 9353
4724 8909
5370 9280
5685 9871
5234 9420
5030 8984
4215 8392
4853 8752
4853 8754
4108 8388
5131 9410
4243 8280
5540 9583
5486 9634
5012 9049
5731 9905
4364 8671
6110 9990
5864 9776
5354 9267
5514 9555
5727 9857
5661 9976
4652 8900
4237 8293
5708 9893
5344 9225
4835 8713
4282 8278
4196 8342
5523 9569
5585 9509
4335 8214
5612 9493
5038 9042
4322 8672
5287 9645
4405 8254
5333 9689
4536 8374
5173 9530
4981 8800
4568 8397
4332 8698
4752 9094
4855 9197
4957 8774
5515 9366
5321 9684
4590 8398
4954 8824
4126 8507
5468 9337
4216 8529
4848 9180
4259 8603
6137 9920
4382 8231
5084 8933
4724 9038
5516 9398
4886 8787
4841 9134
4199 8495
4426 8196
6129 9918
5539 9452
5963 9755
4792 9198
4840 9136
4772 9214
5136 9548
5377 9309
5289 9716
5413 9293
5496 9234
4311 8636
5631 9361
4985 8713
4495 8447
5127 9588
4384 8280
4528 8393
5476 9246
6134 9866
5410 9381
4777 8993
4376 8343
4372 8347
4584 8312
4338 8546
4370 8321
4332 8575
5132 9625
4514 8244
5985 9974
4385 8381
6111 9794
5611 9332
4660 9131
5047 8727
5092 8773
6077 9753
4876 8873
5339 9590
5467 9451
5006 8760
4118 8620
5616 9291
4764 8994
5517 9266
6119 9764
5942 9973
5259 9539
4615 9167
4117 8669
5945 9974
4339 8508
5603 9260
4693 9093
4660 9198
4913 8914
6078 9821
4662 9171
4468 8337
4996 8812
4757 9081
4653 9178
5934 9942
4493 8307
4844 8978
4782 9041
5331 9516
5890 9981
4465 9072
4485 9095
4734 8314
4451 9065
4115 8735
4229 8841
5048 8628
4798 8360
5789 9349
5980 9537
5642 9236
6091 9685
4974 8526
6079 9630
5222 9797
4297 8940
5300 9884
5705 9313
4619 8225
5152 9739
5949 9477
5825 9470
4445 8987
5976 9489
4433 8989
4264 8952
5657 9288
4241 8899
5072 8625
4739 8425
4571 9137
6087 9640
4265 8902
4277 8903
5288 9939
5091 8600
5917 9574
5873 9329
4735 8447
4260 8741
5089 8548
4098 8837
5828 9283
5651 9370
4296 8770
4591 9061
5909 9624
4462 9187
5269 9754
4509 8974
4756 8192
4749 8218
4181 8911
6080 9576
5055 8450
4233 8756
4156 8950
5068 8455
5156 9967
4678 8331
4932 8598
4518 9077
6095 9496
5183 9956
5307 9831
4845 8243
4404 9195
6124 9485
5294 9807
4275 8791
4881 8692
4603 8988
6059 9538
4882 8696
4799 8273
5141 9978
4486 9078
4877 8702
5162 9950
6029 9587
4310 8745
4098 8957
5573 9922
4646 8481
4495 8838
5653 9497
5914 9226
4895 8204
5625 9966
4921 8225
5022 8324
5391 9749
5518 9874
5457 9842
4539 8863
4581 8899
5073 8441
4510 8887
5107 8410
5806 9604
5389 9766
5683 9473
5654 9509
5647 9527
5600 9945
5735 9564
4323 9123
5730 9504
4887 8285
5858 9640
4968 8229
5939 9317
4570 8834
5782 9679
4713 8496
4120 9029
5889 9311
5829 9627
5394 9843
4801 8608
5957 9250
4764 8689
4696 8488
4999 8435
4124 9067
5809 9674
4151 9036
4890 8294
6050 9436
4577 8862
4975 8431
5436 9917
5007 8204
5424 9910
4526 8738
6102 9285
5837 9557
4454 8954
6139 9304
6103 9330
4451 8902
4929 8426
5815 9499
4141 9118
5741 9691
4525 8724
4189 9190
4193 9122
5312 9987
4578 8747
4388 8938
4646 8691
4863 8487
5973 9352
5548 9843
5759 9629
4562 8757
4993 8296
5081 8240
4456 8835
6129 9219
4389 8924
5397 9967
4404 8905
4737 9857
5441 8516
5831 8898
6014 9080
5660 8727
5791 8839
4398 9521
6063 9099
5409 8455
4534 9631
4446 9586
4736 9903
4475 9556
4595 9692
5702 8828
4616 9780
4733 9789
5866 8874
4939 9993
5359 8365
5998 8996
5286 8429
4779 9952
5471 8466
4437 9479
4715 9789
5402 8525
4727 9760
5267 8394
4946 9995
5916 9031
4850 9900
5703 8742
4663 9813
4484 9697
5328 8373
5153 8268
5165 8256
4293 9384
5468 8497
4500 9698
5503 8457
4725 9730
4602 9606
5279 8418
4667 9915
5853 8799
5369 8305
5783 8734
4613 9865
5367 8313
5940 9146
5400 8586
4408 9647
6134 9069
4562 9548
5122 8354
4481 9507
4169 9455
5266 8250
4564 9597
4598 9562
5546 8452
5438 8589
5256 8253
4318 9321
4103 9412
6105 8988
5323 8194
5736 8867
5880 8758
5593 8456
4100 9431
4548 9490
4400 9704
5180 8421
5868 8759
4245 9289
5148 8385
6080 8994
4734 9875
5271 8295
6084 9016
5799 8795
5295 8619
5150 8472
5589 8403
5110 9969
4571 9427
5043 9913
4289 9676
4207 9568
5153 8503
4963 9845
5399 8205
6004 8815
5570 8414
5421 8242
5910 8758
5891 8739
4373 9268
4973 9803
5359 8648
5208 8561
5878 9181
5688 8968
5337 8680
5829 9201
4971 9810
4425 9328
5500 8263
5616 8397
5507 8380
5421 8301
5658 9051
4529 9459
4567 9373
5598 8341
5517 8385
6056 8932
4272 9724
5485 8253
5598 8335
5764 9174
4492 9425
5803 9206
5839 9105
5355 8587
5328 8626
6141 8852
5290 8643
5231 8451
5805 9172
6057 8917
5591 8361
4915 9907
6078 8766
4371 9362
4374 9364
6057 8747
4330 9580
4344 9598
4312 9556
5466 8395
4281 9515
5163 8632
5182 8621
5353 8573
4755 9990
4400 9383
5074 9847
4543 9237
4523 9216
5237 8666
5407 8364
4124 9641
5399 8353
5239 8651
5882 9029
5508 8262
5689 9202
5186 8595
5063 9747
4918 9953
5232 8616
5798 9085
4506 9340
5241 8607
4279 9567
5757 9109
5232 8601
4926 9940
6023 8808
5357 8477
5007 9849
5130 8700
4581 9241
5929 8918
5145 8728
4351 9981
5242 8830
5874 8443
5959 8524
5221 8808
4655 9248
5251 8851
5953 8534
5263 8879
5529 9147
5588 9206
4685 9326
4863 9436
4691 9335
6068 8593
6002 8537
5833 8420
4786 9347
5915 8488
6122 8658
5701 8317
5279 8870
4936 9585
5869 8365
6000 8498
4953 9500
4944 9494
4789 9458
5952 8456
5701 8207
5360 8893
5172 8826
4100 9803
4125 9801
4097 9818
5839 8339
5408 9084
6121 8590
5357 8837
5941 8541
4662 9308
5327 8867
4721 9245
4997 9705
4251 9955
4106 9840
6106 8614
5765 8443
6045 8477
5785 8218
5703 8399
6126 8549
5178 8881
4925 9641
5555 8997
5992 8649
5434 9112
5514 9006
5911 8639
4701 9463
5011 9529
5979 8694
5510 9011
4889 9635
6040 8483
5602 9055
5585 9071
5986 8614
5334 8722
5952 8581
5213 8858
4752 9305
4698 9363
5842 8222
5431 9209
5535 9037
4144 9957
4146 9963
4172 9902
4635 9464
4208 9876
6072 8540
4812 9259
5528 9087
5631 8981
4236 9825
5246 8849
5467 9131
4142 9951
5352 8732
5257 8831
4657 9416
5432 9155
4310 9773
4811 9269
5260 8819
5538 9053
5019 9371
5854 8667
5024 9389
6098 8415
5236 9082
4389 9771
4421 9814
4770 9655
4359 9746
4533 9890
5452 8788
5223 9086
4367 9749
5937 8237
4675 9565
6065 8366
4402 9746
4723 9554
6048 8327
5250 9128
5754 8534
5653 8505
4373 9784
5420 8705
4365 9791
5540 8848
5724 8548
5930 8210
5870 8659
4745 9673
5445 8710
5341 9113
5401 8796
5520 8923
5678 8565
5261 9168
5592 8839
4615 9560
5821 8668
5347 9089
4498 9969
5648 8564
4918 9299
5011 9462
5608 8847
5932 8261
5356 9095
5410 8783
5646 8574
5887 8589
4643 9559
6112 8344
5748 8463
4569 9816
5720 8657
5478 8938
4978 9468
4955 9428
6013 8428
5418 8888
6117 8311
4871 9374
4702 9725
5234 9173
6101 8318
4648 9606
5240 9164
5229 9176
5437 8843
5378 8889
6103 8299
6007 8373
5632 8642
5349 9007
4728 9651
4614 9681
5898 8406
5751 8617
5103 9230
5988 8332
5333 9022
4819 9505
5987 8347
4430 9908
4904 9426
5587 8744
4822 9517
6340 8389
6732 8782
7342 9388
7826 9873
7707 9759
6649 8703
6833 8887
7213 9253
6946 9005
6604 8668
7321 9347
7653 9727
7717 9790
7652 9722
6457 8473
7030 9047
7589 9615
7019 9030
7086 9114
7814 9906
7825 9895
6588 8580
7846 9885
6454 8459
7487 9473
7706 9821
6874 8850
7698 9819
7887 9861
7312 9439
7275 9252
8018 9986
7163 9130
7552 9687
6315 8433
6315 8432
6382 8334
7848 9932
7718 9795
6488 8497
6780 8722
6578 8641
7904 9881
7927 9869
6909 8833
7080 9002
6773 8945
6409 8582
6167 8323
6163 8326
7845 9776
7246 9433
6899 8812
7500 9710
7432 9632
6190 8327
7130 9072
6409 8610
6787 8755
7429 9650
6490 8685
7652 9560
7599 9490
7624 9591
7880 9742
7844 9827
7145 8995
6794 8769
7201 9452
6182 8424
6861 8733
7127 8966
7541 9639
6151 8402
6653 8490
7615 9575
7018 9139
7341 9331
7372 9262
7420 9240
6699 8908
6655 8466
6430 8688
6724 8885
6566 8532
7518 9643
6616 8493
7394 9239
7466 9692
7671 9472
6581 8524
6661 8953
7892 9770
6506 8298
6609 8408
6536 8326
6771 9059
7521 9333
6951 8755
6293 8576
7162 8935
6696 9015
6623 8442
7342 9611
6783 9049
6331 8604
6982 8801
6762 9024
7537 9307
7633 9469
6195 8478
7420 9682
7393 9678
7357 9615
7178 9533
7323 9644
7281 9550
7141 8870
6169 8543
6658 9028
6160 8538
6809 9171
6586 8432
6495 8211
6860 9089
7352 9718
6518 8231
6829 9212
7111 8854
6583 8403
7951 9834
7988 9809
7573 9456
7117 8872
6352 8630
6855 9121
7490 9258
6255 8453
8113 9950
7788 9987
6696 9050
6929 8805
6735 9018
8125 9928
7232 9525
7490 9271
7299 9723
6697 9040
6434 8283
6786 9208
7799 9996
7085 8749
7097 8765
7504 9430
6782 9209
7465 9382
6622 8270
7592 9274
7444 9350
7638 9283
7945 9887
6792 8991
7053 8746
6673 9142
8181 9797
6704 9090
7643 9327
7319 9506
7461 9360
6988 8955
7350 9487
7268 9693
7475 9358
8119 9736
7531 9390
6890 9004
6551 8284
6269 8625
6308 8552
7369 9478
7599 9343
7316 9538
6992 8844
6479 8336
6475 8363
7425 9445
8104 9806
7315 9595
7973 9932
7245 9636
6937 8946
7648 9229
7393 9491
7185 9698
6625 8212
6373 8476
6341 8511
6793 9076
7137 8683
7209 9787
7991 9508
6475 9043
8118 9647
7771 9280
7263 9796
6546 9097
6175 8706
6435 9021
7290 9823
7331 9868
6257 8770
6374 8914
8166 9681
7144 8656
7325 9892
7296 9920
7834 9434
6508 9001
6521 9023
6396 8886
6529 9162
8132 9609
7067 8661
7846 9459
6960 8551
8134 9638
8121 9687
6504 8989
7257 9764
6770 8205
6863 8271
8069 9477
7827 9232
7005 8670
6614 9040
6728 8386
6628 9078
8016 9667
6826 8255
6579 8996
7082 8499
6932 8584
8097 9472
6523 9178
6418 9140
7988 9619
6640 9055
6889 8281
7298 9778
7737 9355
6836 8199
6897 8262
7918 9298
8186 9540
7090 8563
6357 8721
8148 9489
7944 9679
7339 9852
8165 9533
7995 9702
7353 9828
7052 8531
7383 9781
6636 8966
7242 9914
6947 8662
6927 8697
6964 8642
7396 9756
7861 9295
6674 8424
6543 9074
8014 9648
6765 8556
7142 8420
6442 8750
7539 9844
6349 9162
7702 9523
6582 8849
6988 8292
7868 9622
7653 9929
7633 9980
7492 9845
7011 8272
7925 9677
6674 8491
6896 8624
8058 9275
7778 9505
7436 9800
7999 9338
6461 8827
7099 8444
7876 9608
7900 9617
6150 9046
6436 8821
7094 8421
8002 9233
6746 8462
6337 9112
6305 9212
6836 8682
6807 8695
6309 9156
6159 9069
6388 9119
7267 9998
6524 8721
7117 8355
7898 9653
7730 9565
7063 8431
6363 9123
7140 8344
6774 8693
7571 9758
7765 9669
7035 8419
7994 9381
7447 9909
7811 9510
8170 9282
6672 8610
7909 9558
6428 8868
7787 9680
7604 9846
7051 8264
7950 9416
8098 9320
7157 8255
8162 9257
8150 9240
6410 8900
6262 9126
7630 9757
7071 8265
8164 9276
6980 8351
7592 9844
6727 8601
7657 9729
7050 8288
7977 9414
6586 8779
7453 9960
8004 9400
7421 9984
7526 8551
7239 8257
7309 8325
6443 9506
6913 9994
6754 9839
6189 9251
7646 8655
8176 9189
7568 8585
7824 8881
7433 8495
7221 8221
7598 8583
7523 8521
7903 8948
6512 9563
6623 9716
6867 9982
6883 9936
7440 8485
7314 8362
7435 8502
7733 8715
8164 9179
8007 8967
7538 8498
8101 9190
7484 8570
6504 9519
7768 8735
7527 8492
7225 8309
6323 9471
6843 9962
8174 9145
7655 8637
6370 9406
7473 8558
6197 9300
7691 8815
6450 9559
8049 8983
7510 8508
6360 9397
6195 9309
7600 8640
6349 9405
7631 8635
7262 8232
6830 9938
6697 9812
7935 8832
6549 9495
6166 9365
7597 8481
7400 8293
6642 9599
7395 8300
8139 9028
7423 8304
7334 8247
6612 9536
7849 8766
6539 9491
6650 9570
6774 9965
8084 8968
7561 8489
7894 8822
7710 8891
7385 8319
7305 8238
7340 8192
7890 8830
6152 9380
7805 8915
6760 9947
8070 9013
7398 8274
7464 8606
8001 9208
7850 8720
7205 8345
6237 9440
8063 9152
6184 9450
7774 8857
6558 9558
7416 8242
7669 8510
7895 8729
6627 9516
7782 8894
7359 8289
6670 9965
7743 8919
7803 8850
6277 9324
6359 9277
6423 9724
6488 9651
7911 8715
7815 8822
6365 9263
6193 9417
7749 8892
6393 9726
7288 8560
7580 8341
7839 9108
6955 9765
7110 9943
8142 8927
6641 9449
6326 9644
7090 9901
6618 9466
7308 8617
7572 8369
6465 9320
7234 8552
6563 9359
6260 9562
7795 9052
6453 9217
6954 9744
7025 9777
7235 8448
6513 9268
7118 9860
7115 9856
7886 9091
8185 8884
7012 9782
7916 9145
7614 8425
7194 8512
6321 9707
7347 8687
6611 9394
7528 8203
7175 8545
7543 8209
7224 8542
7106 9893
6470 9249
7100 9936
6489 9269
7062 9976
6248 9498
6194 9544
7349 8655
8111 8751
7618 8259
6955 9897
7654 8302
6936 9872
6461 9396
6256 9721
7556 8200
7774 9170
6323 9532
7409 8574
7223 8612
7479 8354
7017 9983
7983 8888
7284 8684
7336 8501
7511 8437
7047 9762
7974 8832
6977 9961
6474 9443
7547 8401
7348 8474
7435 8379
7694 9151
8089 8750
7937 8889
7001 9954
6441 9365
6338 9479
7772 9110
6401 9421
7248 8605
7350 8569
7952 8897
7143 9781
7391 8461
8123 8809
8064 8786
7784 9149
7147 9779
7954 8910
6201 9700
7205 8698
6612 9270
7277 8590
7540 8337
6408 9441
6530 9323
6651 9224
8168 8733
6261 9600
7813 9075
7758 9144
8023 8865
7493 8377
6969 9528
7998 8509
6226 9809
8062 8563
7878 8395
7783 8308
6676 9223
7144 9727
6272 9881
7918 8436
7851 8369
6290 9864
6950 9484
7191 8764
8047 8515
7080 9627
8097 8597
7966 8486
6279 9918
6798 9395
7494 8965
7081 9709
7033 9535
6907 9395
6468 9996
7303 8909
7207 8813
7735 8290
6778 9261
6677 9294
7380 8840
7125 9611
7503 8998
6693 9291
7235 8748
7971 8531
7293 8717
6814 9451
7857 8391
8130 8633
7222 8778
7276 8720
7038 9475
6925 9613
7389 8797
6970 9656
7481 9146
6772 9457
7492 9154
6928 9622
7729 8376
7403 8806
7762 8412
6858 9285
7816 8217
7074 9521
6890 9330
7083 9520
7760 8398
7296 8739
6310 9728
8025 8703
7947 8609
7478 9092
7673 9035
7123 9578
6876 9318
7031 9675
8125 8448
7437 9139
8154 8474
7422 8767
6901 9265
6953 9696
7744 8331
6282 9793
7706 8405
6160 9922
8102 8562
6879 9227
7183 8922
7787 8382
7539 9130
7501 9105
8108 8561
7562 9066
7146 9480
7196 8954
7574 9073
6892 9222
8185 8467
6770 9368
7536 9115
6176 9933
7739 8394
7159 9476
8094 8557
6245 9872
7513 9135
7378 8741
6980 9657
7732 8501
6938 9246
7627 8901
8022 8256
7910 8689
7769 8514
6875 9671
7563 8877
7842 8580
7243 9068
7854 8577
7366 9207
6598 9975
6655 9930
6411 9788
7830 8609
8005 8199
7239 8965
6417 9815
7384 9104
7708 8528
7042 9423
6498 9772
7311 9181
7452 8776
6944 9339
7929 8615
8071 8423
6743 9524
7218 9044
6815 9720
7374 9127
7233 9000
8160 8334
7905 8593
6534 9973
8107 8413
7191 9067
7700 8554
7639 8873
7041 9218
6636 9833
7017 9454
7982 8352
7749 8661
7573 8708
6701 9652
6756 9668
6632 9801
6573 9740
7931 8536
7808 8489
7806 8663
6709 9624
7092 9243
7440 8895
7822 8506
7623 8816
6777 9664
7193 9120
7007 9444
6926 9393
7989 8436
7132 9247
7363 8975
7799 8611
7801 8608
7346 9070
6856 9493
7192 9210
6916 9440
6874 9534
7392 8967
7447 8959
7924 8476
6750 9653
7150 9221
6564 9814
6862 9531
6823 9552
7873 8504
