100 100
8 9
84 85
65 67
53 55
82 86
66 70
90 94
16 23
22 30
37 45
64 74
19 25
69 79
69 78
49 58
17 28
52 57
51 62
2 12
34 50
10 26
74 89
70 85
38 50
8 29
35 54
44 59
43 60
3 26
33 56
14 20
71 93
3 24
78 83
15 47
6 36
18 55
24 61
16 59
76 99
79 96
30 49
17 33
9 57
84 100
28 40
15 56
7 62
27 32
18 41
27 39
1 61
23 42
20 42
21 43
31 32
2 66
19 81
34 97
13 73
4 65
12 75
31 88
5 77
1 77
5 72
22 88
48 98
4 80
11 95
14 91
25 76
11 93
58 96
13 86
63 100
29 64
21 75
38 71
51 80
7 99
6 98
63 90
46 73
54 94
53 92
10 97
47 68
36 72
52 91
35 83
37 87
45 95
48 68
46 89
40 82
39 92
44 81
41 87
60 67
