1000 1000
692 693
485 487
721 723
988 991
504 508
680 684
763 766
432 437
368 375
615 622
549 559
180 190
983 988
591 607
557 572
486 503
72 89
102 116
682 696
554 568
621 639
231 244
649 669
130 148
3 21
836 850
517 543
111 117
518 541
77 86
961 989
962 990
42 54
870 888
139 171
328 361
832 866
75 104
407 436
785 818
466 502
594 630
210 246
732 760
396 427
852 892
768 809
199 237
909 934
276 319
68 111
645 681
90 118
404 440
598 634
909 928
913 959
286 302
213 229
718 767
709 756
7 53
404 423
265 314
729 748
85 96
724 738
665 687
208 230
136 177
534 556
903 955
462 499
857 871
641 702
21 86
667 735
157 217
425 492
304 373
289 359
656 727
526 580
1 74
273 346
791 859
150 219
421 490
648 711
258 338
158 204
303 380
420 503
566 613
816 868
694 736
651 733
384 471
775 863
131 217
277 335
570 609
30 66
915 974
156 254
313 347
656 754
48 82
165 198
657 754
677 707
138 236
432 471
544 583
813 837
187 209
954 976
175 195
552 580
574 595
410 501
424 472
561 576
938 987
535 613
37 87
433 452
803 853
689 711
60 75
279 366
955 967
180 200
168 213
525 626
63 191
516 646
29 153
278 402
518 643
788 913
53 176
363 492
593 726
35 164
80 216
537 657
633 752
878 996
56 178
863 980
809 933
776 901
342 473
833 977
564 676
49 160
797 911
273 387
267 409
342 453
800 948
846 986
339 455
532 640
637 745
586 735
66 215
301 437
106 242
105 241
375 495
781 916
272 394
601 707
617 755
296 393
79 234
371 469
257 423
608 714
349 498
357 469
300 413
820 902
582 756
127 205
63 140
519 691
895 968
68 243
780 949
331 497
256 442
4 186
568 762
588 654
531 720
779 975
605 664
329 399
345 414
584 640
636 695
94 146
791 986
284 466
860 914
814 992
562 765
844 924
520 728
369 416
88 137
841 920
300 510
604 654
91 143
792 973
18 197
783 982
268 470
107 183
293 505
32 253
72 151
635 676
353 446
858 901
540 764
112 145
558 719
806 964
579 672
291 448
542 765
840 940
344 444
264 493
318 475
851 950
38 195
628 658
119 145
565 733
95 182
577 685
80 189
825 969
367 412
303 474
838 944
355 405
372 397
352 409
5 255
631 653
58 198
263 507
49 204
358 411
618 874
126 383
59 313
607 861
634 889
691 951
128 389
750 1000
41 302
624 887
69 332
719 963
22 280
644 906
99 365
625 894
523 794
583 854
755 994
565 807
133 401
546 822
599 834
16 262
516 787
170 445
199 478
167 446
244 494
555 817
698 929
99 376
527 788
674 959
148 394
655 912
251 484
57 280
133 420
32 257
190 415
57 283
624 850
222 509
206 493
96 325
709 994
90 370
621 837
158 439
47 262
745 960
118 348
89 370
564 799
255 464
18 317
95 366
252 461
74 377
101 336
744 989
720 998
659 939
223 487
620 853
120 321
38 285
123 315
233 429
15 330
723 918
28 341
149 476
715 897
109 295
141 455
67 265
81 287
232 422
83 284
185 489
647 982
243 418
166 498
214 386
618 831
729 908
113 292
593 772
94 267
225 436
157 458
9 337
121 288
668 965
228 445
67 281
517 859
532 843
70 281
750 910
717 940
114 275
550 839
218 441
570 862
2 358
237 392
619 781
20 380
537 881
638 790
135 495
46 327
226 392
605 823
31 372
614 776
107 282
725 935
170 472
762 905
697 970
679 979
23 355
725 941
202 434
254 391
731 930
666 993
62 322
536 868
55 330
553 855
672 991
670 798
585 968
560 945
645 774
671 796
553 941
743 867
741 864
6 387
749 872
201 335
25 414
548 931
147 282
110 485
515 910
712 857
650 795
763 874
695 806
670 780
557 953
132 272
764 873
14 408
73 465
753 872
572 934
514 920
119 491
693 808
193 348
592 975
747 884
535 950
523 937
581 999
758 851
713 876
154 316
688 790
207 357
664 818
4 431
17 444
749 832
209 382
50 413
59 395
125 461
227 336
715 894
117 448
240 326
65 504
211 362
194 383
701 771
177 271
626 972
682 789
34 483
10 457
669 856
178 375
751 805
102 429
114 447
623 929
612 948
115 416
174 378
73 412
153 334
683 883
161 377
227 312
159 324
250 295
202 279
577 927
630 937
609 958
58 474
84 438
713 810
551 973
176 346
610 904
39 460
17 506
544 971
56 467
218 311
70 427
744 774
561 961
216 297
224 274
44 479
547 983
636 905
167 338
77 443
207 312
534 993
242 261
647 895
652 885
666 867
629 911
705 827
738 792
668 864
98 415
26 538
61 573
88 602
333 847
45 558
438 949
147 663
194 710
253 761
187 701
290 804
91 604
403 923
385 907
181 697
398 898
457 965
356 873
435 957
410 917
269 770
441 936
368 865
304 802
450 977
100 631
496 996
206 730
389 912
184 686
285 778
60 548
315 802
43 567
406 906
405 904
120 615
506 987
214 759
339 880
200 747
382 856
1 551
241 727
309 787
379 860
235 716
462 999
11 546
113 600
356 846
259 808
196 746
390 936
76 632
426 926
229 721
166 659
250 717
76 628
274 811
179 649
236 726
212 751
260 824
343 875
185 644
323 893
142 718
486 930
162 743
28 603
25 606
93 533
36 622
467 921
340 799
353 810
369 828
215 665
308 891
406 966
433 995
435 992
360 828
239 699
359 819
31 586
172 761
403 971
482 952
354 825
27 582
16 590
19 589
169 758
2 610
115 529
309 849
329 813
129 740
362 770
219 690
344 817
426 963
173 705
500 923
371 771
184 712
376 777
221 686
211 678
292 849
203 702
79 569
374 782
34 602
163 731
431 981
489 914
175 724
156 736
299 855
191 706
378 775
196 698
108 531
193 576
256 899
224 614
168 559
10 642
347 978
71 716
294 938
488 871
478 847
328 985
509 879
311 932
150 515
137 540
245 611
288 951
271 919
350 967
246 620
475 838
171 566
27 646
188 545
220 578
483 835
291 899
127 734
189 543
398 812
135 549
388 807
400 820
181 528
456 877
400 822
134 545
481 843
149 575
317 918
477 881
417 783
35 653
456 889
451 880
263 947
308 896
61 650
129 569
169 528
476 869
121 706
192 635
510 834
240 588
494 848
3 700
42 661
33 737
52 757
48 753
350 924
473 794
98 673
103 675
484 801
78 648
299 995
46 742
447 887
162 619
144 601
50 766
276 984
205 513
212 538
208 542
278 985
419 883
8 730
54 740
361 954
458 793
252 552
269 984
470 768
434 869
402 841
226 574
220 512
443 870
482 831
268 979
321 926
354 957
83 690
408 890
125 671
65 674
6 741
430 842
174 584
159 633
450 805
39 704
428 836
20 767
192 556
460 801
40 710
511 785
430 862
428 861
7 757
283 1000
464 803
248 524
332 953
397 888
307 970
201 560
318 964
92 678
449 829
69 696
491 746
453 708
480 737
55 821
152 922
22 786
422 675
132 897
130 900
124 891
182 958
103 878
5 782
439 699
8 773
71 842
258 525
172 956
323 595
108 893
43 824
343 579
30 778
374 611
333 600
143 922
163 952
270 533
36 826
248 998
340 587
183 919
289 512
320 612
293 513
452 739
11 812
277 562
44 772
463 742
154 947
144 956
341 632
13 800
417 652
440 662
203 997
233 966
390 681
352 591
78 892
499 704
14 826
306 519
270 571
52 769
87 865
325 639
395 694
82 876
310 520
221 925
92 796
502 692
459 655
123 819
110 804
364 550
360 547
345 521
351 526
245 935
26 840
40 890
100 823
37 886
327 530
104 829
134 976
234 946
331 530
188 997
97 827
136 980
320 541
9 852
275 590
365 563
425 759
459 660
251 932
97 830
179 978
266 616
33 835
247 917
363 521
310 596
468 688
85 816
230 896
122 797
235 908
29 885
47 839
51 858
511 661
173 962
259 627
101 789
298 603
247 902
488 667
367 539
424 734
287 616
264 625
507 642
238 916
305 589
222 928
12 882
301 684
481 608
442 571
51 945
316 703
239 875
13 907
298 685
232 879
477 597
197 845
138 769
146 798
15 898
454 587
296 677
384 527
407 536
164 811
260 660
128 786
210 833
93 974
419 567
451 599
399 539
297 700
141 795
84 972
324 732
490 627
307 680
337 714
140 784
364 752
381 739
463 592
19 946
290 641
160 773
24 944
449 617
151 830
468 637
261 687
225 845
41 900
62 915
505 596
418 524
465 638
294 663
385 563
351 748
165 784
393 575
286 679
306 651
495 598
501 585
139 821
326 760
106 939
109 942
24 990
223 793
421 623
105 931
349 662
228 815
12 960
266 708
379 683
396 606
401 581
373 673
391 594
508 554
249 815
386 597
249 814
411 578
116 943
64 925
480 573
479 514
142 848
23 969
122 933
496 529
131 866
238 779
124 921
314 722
305 728
152 882
186 854
454 555
161 844
319 722
231 777
64 942
112 927
155 884
388 629
155 877
45 981
126 903
497 522
322 703
81 943
381 643
500 522
334 689
