100 100
1 2
48 52
65 70
8 15
54 60
19 25
83 89
16 28
34 46
67 78
3 19
9 25
43 59
79 94
3 17
44 62
13 31
69 86
32 52
72 93
47 56
71 80
77 85
40 49
35 57
40 50
66 88
33 58
5 30
74 81
65 92
12 18
4 27
26 58
23 55
24 56
9 43
1 34
64 100
71 99
29 53
27 48
11 38
76 98
11 37
8 39
10 59
84 98
86 96
2 53
17 41
7 63
10 51
7 61
12 55
30 32
18 44
21 87
20 92
4 77
2 73
6 75
26 85
5 87
16 67
28 72
23 79
20 76
6 95
31 69
29 64
15 82
21 75
14 80
63 97
13 82
38 68
57 93
47 73
45 74
42 66
54 90
51 94
39 73
14 96
45 89
49 68
36 81
46 91
22 99
41 95
35 84
22 97
62 70
42 83
33 90
50 78
24 100
37 88
36 91
