10000 10000
8729 8731
4881 4882
2897 2898
1531 1535
9816 9821
9977 9983
1354 1357
1168 1175
1284 1292
5793 5801
6567 6571
8038 8043
4802 4815
6286 6302
9665 9681
5411 5426
9730 9744
8166 8179
174 184
7936 7959
3853 3860
3041 3067
4901 4926
4610 4639
2855 2874
5542 5563
362 375
3981 3986
7365 7397
2266 2298
6659 6689
2242 2273
9934 9963
7962 7999
3530 3567
6103 6128
2845 2869
6080 6121
4228 4270
3600 3643
9373 9393
5317 5352
3137 3180
1677 1699
5919 5937
7241 7270
9740 9788
6606 6655
9927 9971
2909 2920
8726 8739
7903 7914
9495 9505
8287 8296
9294 9334
90 99
8324 8382
3670 3690
8220 8225
4866 4927
1566 1568
2309 2362
901 965
4387 4450
7697 7760
5040 5106
9746 9808
9120 9188
3459 3526
272 344
9857 9929
9601 9673
7193 7251
418 489
9253 9320
7868 7922
6804 6875
3337 3398
647 727
4122 4168
7050 7129
6413 6489
7696 7748
1408 1495
5164 5236
663 718
5041 5096
4762 4800
2097 2155
1318 1404
5695 5731
6969 7012
1957 2040
257 348
7698 7759
8329 8407
956 990
6562 6592
3768 3802
7832 7930
9728 9828
2693 2787
4781 4810
1809 1914
300 321
4232 4325
5811 5853
7430 7529
8492 8515
1308 1389
4780 4829
9523 9543
5543 5587
6426 6511
1589 1600
6191 6232
7843 7898
7441 7535
432 463
3161 3290
8811 8943
4895 5019
1285 1411
90 220
6691 6821
5708 5834
5666 5797
6696 6817
7269 7404
9783 9917
4882 5017
275 408
9020 9136
6509 6625
608 749
5970 6109
9334 9447
4100 4245
295 437
6151 6292
281 396
111 250
9598 9705
8558 8697
2935 3040
626 744
1864 2003
2069 2185
5645 5776
847 976
9552 9712
9589 9687
1897 1995
2576 2741
1622 1777
1565 1722
9518 9609
1914 2002
125 213
8024 8180
9551 9698
3448 3541
799 943
6728 6905
3337 3517
616 733
3610 3759
4981 5056
9472 9654
4472 4558
9016 9103
5168 5256
6949 7069
7474 7562
7001 7136
9011 9097
4410 4480
4923 4992
6756 6879
5967 6131
6186 6293
2882 2946
5705 5769
636 701
1145 1213
1843 2039
6706 6903
9248 9445
886 944
3618 3813
2093 2282
3443 3508
9575 9647
7514 7571
7268 7342
8006 8076
3170 3241
9533 9718
8532 8600
1550 1731
53 248
1035 1221
6437 6635
5145 5320
545 755
1578 1785
5468 5512
1608 1693
5660 5835
855 896
4900 5107
7510 7567
104 179
5703 5787
8461 8657
3110 3320
2603 2804
5441 5537
3338 3562
4653 4812
8514 8608
8053 8086
3609 3837
1547 1775
9765 9921
7688 7916
3193 3229
7208 7373
5973 6064
3183 3209
9536 9640
1307 1523
1295 1510
1060 1229
1815 2045
1660 1687
1298 1529
7965 8179
3373 3522
7516 7596
8474 8682
8508 8652
9824 9873
5127 5363
5495 5506
7690 7932
3446 3471
6468 6590
6451 6601
7437 7671
1059 1247
2940 2944
2401 2460
547 734
6749 6819
6211 6333
5851 6107
6352 6608
8391 8645
571 825
1204 1463
3669 3921
3205 3457
7244 7496
6685 6936
691 948
8789 9053
6774 7036
2257 2523
5368 5619
9401 9652
1163 1414
7387 7636
4617 4870
2766 3038
2216 2488
9278 9514
628 866
2234 2466
2270 2502
5281 5560
7923 8169
3171 3448
7422 7650
9742 10000
638 862
5315 5603
30 318
7314 7603
6176 6401
6881 7107
6671 6955
2656 2884
7172 7457
5881 6111
1588 1811
5777 6070
8239 8455
7311 7591
5176 5392
4157 4372
7201 7435
6757 6985
161 396
7778 8015
5825 6127
1677 1955
3733 4026
1137 1374
7799 8006
3325 3528
8797 9067
6321 6536
6722 7032
8271 8565
4734 4932
4199 4441
2142 2401
5857 6110
3135 3454
8321 8640
5249 5570
2801 2997
8819 9013
1751 1937
40 353
3092 3421
4855 5053
3289 3474
8781 8966
5140 5464
5297 5630
3214 3550
8288 8496
7933 8108
3151 3356
79 284
573 873
9344 9686
6219 6418
7205 7548
5752 5923
8260 8479
4200 4403
7890 8078
1218 1439
152 454
5660 5955
9468 9628
7780 7940
6246 6403
4289 4519
6823 7118
2137 2352
3177 3328
6315 6594
7876 8109
9382 9676
2134 2364
2259 2495
5725 5936
9449 9606
5280 5583
9300 9508
4101 4469
6695 6998
2223 2526
4618 4984
7375 7610
5875 6022
9393 9671
163 468
191 455
2798 2967
2143 2339
2253 2480
9279 9537
762 891
224 355
4196 4576
148 275
5697 6088
7328 7466
199 333
4763 4880
3664 4061
3671 4058
117 504
1725 1836
7378 7488
5228 5631
7293 7662
4214 4579
702 806
4764 4868
621 1013
1253 1404
5843 5960
6252 6647
5351 5499
3159 3531
2099 2478
7407 7538
2680 3032
6154 6570
3653 4071
5750 6101
3198 3549
1224 1387
8917 9078
7740 8088
2726 2819
5375 5466
4695 5104
2753 2921
3795 3967
3295 3442
101 456
7201 7564
3788 3939
8784 9185
1058 1424
4102 4533
6892 7001
6235 6637
3677 4074
3819 3922
2597 2975
4672 5114
3307 3408
1210 1286
3744 3869
2297 2375
5290 5397
1779 1868
3080 3529
1704 1898
8354 8544
5162 5609
7337 7530
9338 9662
6741 7059
5642 6082
6375 6446
1251 1322
4258 4459
8794 9104
5740 6054
7317 7519
3146 3456
4720 5050
4709 5033
574 1010
1782 1851
9305 9623
1144 1462
3604 4036
3259 3434
3273 3355
7723 8189
7933 7979
2276 2355
8843 9043
4278 4460
4290 4383
7189 7669
6816 6979
2141 2491
3091 3573
7254 7615
4302 4391
3174 3468
8831 9109
6148 6632
7902 7987
5790 6000
1667 1907
161 336
6845 6988
6843 6986
8432 8449
6189 6623
6318 6493
5866 5918
2640 2981
8224 8661
4724 4994
3754 3933
1144 1423
1756 1828
5656 6113
8413 8484
8427 8464
4623 5108
6829 6994
4235 4747
415 926
7239 7749
2164 2678
6399 6908
4216 4731
6619 7128
1471 1980
5136 5651
4275 4790
2230 2736
1457 1974
74 578
6355 6874
6390 6911
1209 1712
9384 9890
3533 4038
326 842
8455 8971
6481 7004
5555 6076
6519 7032
5329 5854
9376 9903
4435 4956
7285 7783
3435 3961
4606 5101
5492 5991
427 957
2134 2624
480 1016
8699 9187
7429 7967
3226 3712
4336 4843
3128 3619
1028 1567
2437 2974
8568 9061
3185 3665
5197 5741
4581 5060
9365 9908
7409 7891
5516 6063
9405 9880
3204 3746
1441 1927
7291 7763
191 661
7367 7914
8429 8896
7452 7985
1051 1589
2215 2697
7233 7791
4512 5007
8622 9089
1100 1661
445 911
9370 9897
1239 1764
4129 4629
5444 6001
1342 1803
3538 4068
1069 1563
8418 8923
5529 6051
7171 7737
6183 6685
100 607
2443 2998
3499 3989
9263 9745
3282 3820
25 550
8632 9095
100 548
5195 5640
466 913
6155 6735
6618 7068
9354 9933
1409 1990
4553 5006
7331 7915
1333 1912
3350 3931
7448 8008
1476 1941
4311 4740
3348 3904
1287 1875
9224 9820
2335 2888
7453 8005
1353 1813
6504 6965
2308 2906
2340 2938
4309 4746
4207 4622
7380 7861
7220 7766
1499 1976
6586 7134
4185 4669
1351 1827
1159 1762
5125 5731
194 682
6644 7068
3096 3697
7205 7759
5419 5952
7374 7842
8254 8787
4540 5075
7456 8015
3093 3706
323 819
5185 5680
390 1015
8592 9186
9 635
2256 2722
5383 6003
6166 6755
9597 9995
5528 6126
9277 9802
2143 2600
1317 1885
7187 7787
8636 9158
2163 2574
6521 6916
3252 3786
2157 2579
4550 4934
9 648
2474 2857
7194 7838
5396 6033
7544 8191
6511 7144
1305 1950
6435 7076
4517 4909
4226 4618
8501 9149
4449 5097
8601 8976
7316 7709
8406 8799
7419 7794
8489 9125
7306 7686
5600 5997
5509 5896
2462 2835
8674 9071
5506 5900
8195 8845
2137 2774
2194 2589
5381 6037
5483 6137
6257 6882
8604 8969
4417 5079
6313 6719
6147 6805
3578 3948
3527 3935
9272 9889
5275 5634
420 830
6251 6903
1409 1820
8374 8744
6185 6792
6501 7111
3370 3976
231 578
6582 6928
1369 2046
7365 7789
2335 2999
4115 4793
2349 2950
2402 3017
1372 2034
5189 5877
209 609
6412 7102
8473 9133
8646 9075
6160 6822
6463 7047
3166 3815
4207 4818
1124 1753
8624 8974
247 585
1445 1893
7299 7747
3082 3787
6624 6946
487 803
198 515
2427 3005
4365 5061
6192 6904
4329 4641
5471 6037
3199 3764
259 968
5407 6100
4399 5119
5597 5901
296 1017
4592 4897
4242 4672
2322 3008
2313 3034
6640 6948
7266 7862
331 925
7428 8146
2350 3062
6337 6681
6377 6704
9468 9765
2450 2895
7280 7853
6174 6848
1326 2032
7330 7746
4220 4765
7398 7687
1121 1664
3198 3739
8351 8824
4596 4893
4173 4775
6553 7029
7541 8088
402 895
7508 8122
9278 9936
4583 4887
2098 2752
2160 2691
5244 5768
4586 4895
367 921
9261 9943
320 955
5574 5946
2409 2965
8259 8894
5245 6012
6177 6944
1408 1668
7634 7895
6402 6661
3111 3887
488 736
5627 5875
7426 7691
4362 4608
7467 7713
4391 4653
9217 9997
1070 1826
9557 9819
2496 2767
5354 6138
66 854
297 572
1167 1946
102 880
78 856
4549 4818
8481 8758
6221 6996
282 513
8518 8795
8384 9182
3468 3730
7554 7836
5165 5938
3318 4055
3390 3612
4448 4675
7206 7938
9474 9766
1063 1795
7408 8149
1477 1763
185 927
4300 5093
3220 4029
7593 7811
7226 7953
1238 2041
281 552
1396 1606
3277 4094
5424 5638
5136 5926
4268 5018
2066 2856
2522 2784
193 1020
4580 4826
8199 9016
1478 1785
3215 4016
8517 8709
8664 8858
4524 4840
1047 1874
1516 1706
3465 3791
8568 8767
8482 8805
1082 1906
8617 8931
87 793
8602 8917
246 934
9694 9871
6585 6888
6621 6796
9689 9867
4102 4946
2065 2887
4415 4712
345 526
7327 8134
1205 2031
172 1014
4247 5068
6164 6984
3241 4084
2472 2806
8198 9062
1129 1801
4282 5083
164 966
2502 2722
9562 9791
2363 2653
4534 4817
6367 7095
7335 8143
5567 5847
8510 8788
6650 6801
7168 8044
3180 3840
7223 8026
2177 3052
8311 8985
2124 2850
5210 5941
8470 8806
1171 2023
331 575
9610 9983
8528 8745
6347 7090
3326 3972
5482 5649
7444 7784
7677 7808
6364 7005
6485 6870
4400 4790
1331 1717
7643 7773
4435 4821
7655 7776
6152 7055
4457 4833
108 996
7414 8062
6329 6960
6360 6993
6608 6746
82 990
3551 3667
6214 7115
6525 6899
7281 8161
6382 7039
4169 5083
1055 1933
5186 6097
8420 9079
5434 5801
6484 6849
4187 5070
195 853
5238 6124
1245 1862
8430 9077
1204 1832
6586 6682
9541 9957
2356 2709
7282 8147
4368 4787
127 988
3559 3649
7238 8160
8419 9028
9494 9918
4343 4959
3496 3584
3402 3811
7377 8056
5577 5730
6383 6980
4178 5116
3346 3772
1368 1783
503 583
8494 8859
5132 6074
8306 9156
2412 2779
2129 3049
3530 3698
326 767
3187 4042
2165 3022
7626 7793
5399 5804
9715 9807
8265 9204
3277 3954
7216 8177
2265 2843
7355 8063
1227 1806
2206 2905
6561 6761
6395 6963
6550 6748
8642 8718
7366 7947
5414 5864
8314 9140
2536 2599
3272 3847
479 525
6263 7075
6642 6695
8364 9082
1174 1857
4530 4709
2516 2572
6559 6727
6486 6797
321 669
6321 7020
2537 2612
4183 5002
7277 8077
5267 6002
3444 3734
2413 2703
8376 9050
5272 6011
5341 5950
4507 4735
359 643
314 732
4497 4729
2147 2955
1079 2014
8277 9148
4313 4914
6261 7065
5239 6043
1107 1982
5598 5683
206 801
4100 5108
6361 6954
8408 9004
6477 6843
1428 1635
1147 1923
5452 5813
3323 3841
3379 3784
4529 4686
8820 9844
6328 7352
6294 7319
4954 5976
3002 4025
4510 5530
3035 4062
4350 5371
6357 7378
6169 7185
2563 3595
7030 8060
483 1512
8614 9645
961 1997
2219 3238
8268 9282
2592 3631
2792 3832
3044 4085
2372 3414
837 1873
4756 5761
418 1460
72 1119
2276 3326
2946 3992
4708 5758
4924 5927
2977 4029
2852 3896
6305 7356
2508 3537
2570 3607
3019 4053
4765 5821
2422 3414
716 1773
8658 9715
4099 5153
230 1221
4250 5311
8559 9545
4399 5380
4242 5305
2447 3492
8843 9888
8676 9673
8244 9243
4445 5490
73 1145
6645 7623
4902 5906
7070 8106
8842 9919
4647 5650
6500 7505
2341 3346
6250 7250
104 1105
2261 3308
4265 5269
813 1808
6506 7511
4259 5277
2704 3793
297 1389
8261 9216
6859 7820
150 1244
648 1730
2844 3920
2868 3962
8663 9607
6335 7407
99 1074
8223 9293
4286 5357
2290 3233
6656 7765
5072 6022
8585 9681
4601 5539
2617 3685
8657 9613
2418 3375
2856 3957
6589 7651
6487 7432
7124 8117
390 1504
4900 5964
6871 7870
8234 9280
84 1086
8704 9839
7005 7986
2465 3536
4135 5206
4436 5414
4310 5284
6920 8059
6989 7998
8432 9347
2198 3298
4132 5200
8733 9832
8350 9451
2446 3576
5088 6039
4326 5265
2758 3761
814 1878
462 1462
4449 5401
3062 3978
4538 5575
4748 5873
4397 5459
2110 3136
8284 9250
4588 5484
4119 5270
4607 5502
693 1591
8567 9716
6458 7609
6860 7752
6868 7760
8433 9332
5034 5932
872 2016
3030 3935
4885 6040
84 1241
652 1539
2084 3252
7167 8045
8338 9216
5003 5913
6690 7862
8721 9863
2981 3901
6496 7673
985 1856
6503 7678
4171 5329
4675 5849
6630 7549
8770 9945
558 1712
7160 8039
647 1560
2871 3991
8829 9949
735 1663
8808 9929
4792 5658
2149 3270
580 1760
5023 5946
8193 9380
4545 5479
2853 3971
4401 5529
4423 5614
6407 7597
8530 9720
8457 9635
6210 7401
758 1629
4999 5931
638 1747
4532 5402
2491 3349
4150 5273
4339 5212
6314 7173
6891 7748
8441 9289
6195 7298
8737 9872
2587 3752
2503 3443
4640 5784
4155 5250
6931 8104
105 1237
4767 5666
6938 8103
812 1938
4831 5728
106 1195
256 1475
912 1875
6418 7633
4753 5717
2879 4091
7140 7968
185 1149
4342 5171
8479 9688
8562 9658
2749 3703
2286 3109
4722 5822
6885 7721
772 1994
139 1093
4476 5554
4221 5298
195 1043
2131 3203
4407 5606
4643 5872
8583 9556
8216 9420
4915 6116
4958 6025
4305 5129
2761 3601
6378 7216
592 1675
6549 7497
663 1610
6667 7894
788 1994
4952 6073
4114 5360
8937 9743
4857 5662
786 2037
8305 9371
6501 7566
2536 3332
34 1230
2228 3161
4792 5718
8343 9336
187 1108
7140 7947
4333 5150
2512 3363
5022 5993
4412 5573
6217 7344
2658 3737
2769 3626
4401 5578
8456 9716
4125 5347
585 1719
5110 5896
2312 3082
2337 3107
6576 7347
4794 6073
2432 3203
6565 7328
2106 3391
8563 9339
2829 3589
22 1311
8631 9406
9163 9922
6692 7983
9025 9805
2902 3675
4518 5291
6975 7729
2355 3132
7 1288
4482 5261
202 1477
2942 3694
183 1447
4749 6045
7114 7898
946 1702
2661 3952
4120 5390
979 1732
157 1412
8612 9406
143 1428
7058 7823
6771 8046
2935 3688
8291 9539
889 1624
2073 3387
6526 7261
3070 3802
606 1915
2174 3416
9120 9863
8685 9412
6863 8166
8628 9368
6296 7604
2171 3415
8447 9682
6841 8087
8255 9486
6189 7454
9080 9803
2294 3522
365 1113
4812 6137
6791 8126
4372 5167
316 1031
2657 3930
906 1717
6344 7671
5109 5812
2103 3445
7122 7824
2277 3489
6175 7515
9012 9841
8612 9442
932 1763
643 1995
4477 5175
421 1262
4245 5593
6243 7471
4 1352
9073 9788
2356 3194
2850 3693
2159 3391
521 1880
8572 9261
6878 8076
6292 7623
4446 5133
584 1820
6490 7182
358 1075
571 1901
2127 3353
4354 5205
605 1802
6756 7987
9132 9973
6533 7385
397 1233
6713 8038
2967 3831
46 1359
8290 9478
5050 5855
2786 3978
2096 3419
435 1240
2867 3679
2237 3537
4872 5734
23 1401
8648 9382
2827 3684
7042 7920
4140 5464
642 2039
366 1048
2864 3654
134 1520
2838 3681
2764 4027
2357 3148
2763 4018
6252 7446
6366 7588
2848 3675
8209 9578
655 2036
5091 5790
2609 3916
7088 7887
2883 3779
4226 5378
8700 9340
844 1742
8589 9231
4113 5526
2313 3201
2791 3951
8683 9313
180 1342
2980 3624
2110 3506
2601 4025
7003 7883
6921 7832
2983 3637
8249 9643
6178 7600
2282 3449
6541 7198
4964 5872
604 1992
1007 1657
177 1323
4850 5992
4288 5467
8985 9861
649 1813
2123 3543
737 1916
2489 3108
186 1319
437 1067
8392 9576
3006 3614
8452 9381
5114 5723
9141 9748
933 1540
6237 7676
8641 9315
3023 3692
9209 9818
4897 5765
2197 3379
2930 3800
8347 9520
6705 8093
6861 8035
9164 9826
8327 9512
9084 9932
8253 9615
2854 3732
6952 7834
5016 5675
2453 3110
4122 5550
6734 8187
883 1732
4973 5844
4547 5241
2451 3113
2144 3548
6732 8178
9135 9839
4879 5836
8492 9448
27 1503
6262 7602
4447 5274
7024 7861
299 1249
6675 8159
5094 5686
2821 3797
6308 7540
616 1977
9023 9966
6833 8034
4523 5247
222 1290
8437 9504
656 1862
704 1816
3070 3622
6778 8099
2271 3334
9107 9801
605 1926
2877 3805
6807 8055
2855 3781
9124 9799
8977 9973
8463 9451
627 1943
4419 5287
4309 5427
2964 3698
5049 5713
4451 5257
2714 3953
568 2004
8478 9456
4726 6023
752 1793
2961 3683
2360 3276
128 1398
8303 9625
2156 3476
240 1291
225 1761
689 1200
780 1295
1004 1512
2725 3232
7065 7580
7137 7652
5036 5546
6493 8026
4389 5922
2770 3290
4634 5142
4968 5477
6327 7847
4265 5817
6572 8124
9163 9690
1010 1505
9098 9630
6981 7517
4485 6046
8241 9773
4540 6049
7 1561
641 1182
2233 3750
9092 9627
6630 8134
2540 4044
2652 3196
2705 3248
6512 8018
2548 4054
4677 5223
8928 9411
791 1330
6890 7372
4458 5965
6186 7693
8890 9366
6824 7301
4902 5384
6203 7701
885 1370
2564 3115
4392 5915
2462 4013
6735 7291
872 1375
6372 7900
8856 9377
4561 6122
232 1749
2510 4081
4367 5965
2873 3451
6374 7844
219 1694
2452 4049
6972 7547
6694 7265
755 1215
4826 5271
8443 9909
125 1587
2177 3790
6620 8077
2556 4014
8893 9455
7106 7575
2391 3842
443 2028
7115 7580
751 1208
4590 6068
15 1621
2832 3404
4127 5699
6947 7550
479 1921
661 1269
9195 9610
6809 7416
4905 5451
2716 3320
2469 4032
2178 3812
8866 9418
863 1334
7040 7658
4131 5711
6241 7693
4922 5463
7023 7425
2616 3158
4719 5121
2454 4089
4942 5436
7141 7574
6346 7865
4227 5879
2858 3422
6862 7355
4682 5183
2309 3952
808 1375
4289 5817
2225 3784
8857 9442
7072 7644
8308 9737
2115 3646
6510 7952
4476 6140
5054 5439
6749 7391
8754 9392
4175 5837
6643 8055
8934 9313
2304 3975
253 1658
8292 9955
9119 9493
6528 7948
6988 7616
8918 9307
4274 5692
2267 3668
2553 3958
8922 9290
2473 3899
2243 3664
4713 5373
8318 9962
2754 3162
1008 1385
6812 7173
4337 5739
4209 5867
625 1259
2245 3678
4299 5712
2384 4043
641 1052
724 1097
678 1081
4378 6074
8707 9379
2567 3237
7011 7617
2367 3996
4645 5254
707 1120
630 1234
6463 8091
8884 9233
198 1632
821 1427
6720 7399
4519 5888
4249 5681
2374 4078
6182 7823
2816 3497
2360 3986
2972 3383
7026 7641
5012 5433
5019 5430
4648 5253
510 1872
4248 5687
8345 9782
6622 8049
63 1680
8814 9438
2706 3104
2937 3531
4638 5293
2098 3716
6715 7308
4718 5337
8901 9341
4978 5579
4430 6135
4994 5432
4794 5127
62 1664
2814 3136
815 1424
2980 3428
151 1620
7102 7547
39 1761
7049 7502
4347 5692
685 1130
4176 5785
6845 7286
8953 9269
6343 7689
6414 8129
8867 9330
9119 9549
2069 3777
311 2019
2359 4066
843 1438
780 1499
2058 3795
7163 7458
9156 9501
6804 7247
8708 9432
6490 8070
4515 5954
3015 3366
56 1753
8709 9447
4284 5726
6777 7322
2674 3217
17 1778
9174 9522
382 1947
4263 5698
4728 5278
4429 6058
6146 7909
4671 5335
757 1054
61 1745
2620 3280
298 1988
6954 7620
6601 7975
935 1367
8335 9854
6441 8152
8778 9400
137 1659
6354 7712
4112 5860
8816 9348
6331 7758
8992 9686
6740 7331
6404 8188
8758 9422
8920 9249
261 2047
9013 9679
2996 3406
2975 3427
4114 5870
6209 7869
3036 3360
6374 7706
517 1272
8924 9249
2881 3519
8199 9976
2114 3773
2907 3492
4937 5193
2878 3132
29 1823
6393 8186
9000 9260
4238 6027
4377 5662
2066 3861
4947 5204
6795 7554
4703 5461
575 1332
8539 9815
6506 7782
6282 8069
6333 8114
6428 7699
3003 3242
907 1176
6187 7999
599 1355
2473 3764
6623 7873
9155 9437
370 1645
2535 3783
8794 9594
8683 9931
6363 8185
407 1716
6383 8139
2604 3336
330 1647
107 1870
6929 7223
503 1745
2301 4058
4097 5929
2400 3656
4187 6002
3063 3293
4962 5193
3059 3295
2490 3735
436 1690
2281 4039
363 1604
109 1884
3053 3292
6171 7978
794 1065
9211 9416
2463 3755
9041 9317
4358 5682
6700 7451
4759 5536
2456 3744
4594 5834
2332 3620
6677 7470
6157 7990
6763 7511
211 2030
6356 8170
5071 5361
6306 8092
2586 3365
2715 3547
5013 5332
4834 5539
471 1686
8453 9796
644 1478
6542 7884
6694 7524
4736 5571
9106 9425
6882 7585
261 1603
6381 8107
5016 5343
8782 9481
7019 7203
5117 5300
2860 3174
26 1872
4273 6139
6852 7563
2616 3447
6867 7552
6234 7945
6739 7424
4482 5846
6711 7523
8804 9520
8633 9965
6221 7963
6159 8022
2055 3933
6364 8070
4252 6087
2921 3122
8540 9735
8608 9981
2216 4087
7094 7382
2641 3376
4852 5527
6172 8056
4240 6133
8587 9966
2924 3081
3022 3238
4692 5437
4693 5438
4899 5192
2977 3274
8301 9984
7146 7300
258 1644
9118 9454
6551 7910
2999 3270
4951 5157
4569 5805
20 1889
145 2023
2398 3625
4349 6021
2490 3779
7079 7389
2329 3682
6945 7258
6603 7863
472 1701
6550 7915
6544 7918
4438 5846
436 1591
6224 8147
944 1076
234 1903
581 1475
6505 7918
2354 3765
622 1509
6991 7364
6772 7672
4459 5862
4806 5460
523 1439
998 1138
5111 5218
8991 9353
4893 5259
2213 3890
4296 5968
2106 4002
9115 9219
2547 3691
6552 7681
2457 3586
262 1693
2596 3512
393 1557
4348 5985
4477 5856
7039 7392
4779 5428
6218 8171
6287 7981
2603 3465
6350 8041
8591 9768
9164 9316
2369 3816
2816 3245
2771 3453
6613 7803
2880 3311
8819 9692
6918 7350
2760 3449
8370 9987
6925 7359
4699 5615
158 1835
6964 7298
8374 9985
6834 7434
237 1877
8697 9792
6227 8168
4467 5832
2949 3129
6612 7785
8812 9682
470 1640
31 1952
166 1894
8520 9866
569 1531
9009 9458
2485 3696
274 1754
70 1934
2078 4052
6671 7619
2992 3196
4737 5452
6581 7803
7086 7293
2077 4041
488 1584
924 1092
8862 9542
4491 5714
2795 3376
2578 3535
6598 7704
438 1640
4873 5334
4853 5418
2559 3615
6389 7956
8925 9532
8858 9595
957 1119
8732 9720
3046 3072
6188 8139
4503 5744
4461 5765
493 1540
8713 9696
2113 4017
4156 6094
2782 3372
346 1711
3069 3077
520 1522
466 1577
2252 3895
2184 3955
8444 9991
777 1270
529 2576
4335 6380
5091 7143
1695 3738
1688 3742
1050 3090
1854 3895
2035 4089
5491 7545
4939 6977
5407 7445
5651 7711
1020 3057
5125 7176
1187 3246
259 2318
4441 6486
4717 6778
5208 7247
4392 6448
938 2995
1827 3896
5439 7460
4304 6384
1682 3762
1822 3902
1251 3265
601 2682
1513 3533
5395 7479
554 2573
377 2387
4586 6592
242 2264
536 2611
1611 3687
2021 4041
4274 6300
5033 7064
767 2765
4715 6745
1569 3603
5555 7552
1312 3348
740 2768
4478 6475
2 2100
1264 3271
5264 7335
223 2279
131 2235
1154 3259
3 2105
1084 3078
89 2146
4683 6768
4445 6497
1250 3294
861 2912
4509 6563
4324 6362
557 2578
5617 7630
4648 6679
6041 8153
1594 3706
5047 7158
926 3039
5031 7139
5442 7431
5789 7896
5646 7751
5195 7169
5649 7771
1172 3288
1469 3568
5515 7622
1696 3821
79 2050
4598 6584
860 2828
4137 6264
4191 6158
910 3036
6038 8132
92 2056
4896 7028
320 2325
5911 8002
440 2542
1114 3085
4506 6594
5964 7958
88 2051
4421 6425
5545 7669
371 2350
121 2087
5732 7738
6024 8151
1044 3147
4128 6208
800 2881
896 3042
4611 6753
862 2875
4188 6201
681 2753
2029 3972
545 2632
1017 2963
4383 6516
19 2172
5934 8030
1169 3296
4367 6518
4566 6575
1296 3437
909 3059
4186 6181
1246 3165
915 2832
849 3026
1621 3798
987 2910
851 3030
4204 6378
5928 8110
410 2333
4295 6208
1361 3545
2044 3956
5301 7228
5406 7575
1729 3659
612 2799
5986 8172
5314 7245
5647 7808
1384 3576
4494 6431
911 2846
2042 3947
1048 3211
4545 6482
5229 7417
310 2467
4423 6609
1615 3801
481 2423
5508 7442
1832 4031
1011 2916
1878 4047
4537 6432
1725 3623
1953 3899
5752 7907
5760 7708
1341 3488
683 2614
4717 6899
1468 3363
5105 6992
5668 7813
4602 6494
1877 4080
542 2743
25 2227
5500 7638
608 2762
1976 3859
5331 7288
5362 7262
1713 3612
343 2552
2009 3945
5371 7240
705 2679
590 2808
1321 3486
822 2945
1161 3134
1481 3441
1866 4082
339 2539
6117 8024
562 2803
1021 2876
5912 8154
4380 6617
170 2159
478 2328
4346 6205
5324 7179
4607 6453
1773 3622
491 2342
130 2127
969 2823
4254 6222
4862 6702
1515 3385
1417 3418
140 2133
5479 7614
1179 3143
4870 7131
438 2408
4914 7149
5361 7185
4766 6783
1347 3489
5385 7659
77 2217
482 2310
5595 7486
1802 4079
800 3014
588 2731
850 2997
1362 3515
4117 6396
433 2392
1180 3191
1733 3630
1140 3224
1226 3130
5461 7589
5024 6995
5629 7432
515 2805
4147 6340
848 2986
206 2100
4340 6153
5813 7754
4891 6683
5702 8007
5111 6898
162 2474
1197 3493
484 2286
724 3038
4489 6274
176 2492
1024 3340
746 3047
6118 7912
2024 3834
6120 7930
5902 7705
5894 7697
5737 8048
1445 3262
4769 7098
4931 6751
4236 6546
5202 7500
4656 6958
5027 6844
865 2686
1506 3266
5847 8182
5623 7381
1123 3393
5463 7284
5469 7289
5187 7527
5285 7553
1479 3298
4177 6516
6097 7927
1747 4084
1286 3105
5374 7639
1622 3964
5057 6890
5276 7600
6104 7925
5883 8148
1770 4059
451 2288
83 2400
5531 7343
4875 6717
4997 6835
201 2558
5958 7804
1518 3285
422 2205
5648 7980
367 2131
778 2615
5489 7244
5172 7435
4389 6245
4231 6596
4296 6539
1843 3696
5599 7321
5059 6794
1262 3495
4266 6624
4440 6165
1533 3251
5954 7692
5743 7968
264 2138
1883 3599
1552 3909
1839 3702
894 2599
4219 6434
461 2196
4974 6708
4496 6346
631 2861
4632 6983
5671 8007
5292 7628
2024 3720
4483 6370
5215 7484
5385 7276
1743 4009
53 2386
5694 8023
1087 3413
1532 3222
4825 7095
5751 7961
4838 7062
516 2932
4366 6268
5562 7369
818 2630
4167 6451
4570 6316
546 2901
4158 6473
4303 6584
308 2125
1292 3190
5327 7605
640 3066
771 2689
1025 3459
4806 6981
1022 2685
473 2141
4617 7052
4778 6959
13 2442
272 2199
544 2983
1638 4078
852 2776
1612 4033
4652 7074
1651 4093
984 2647
808 2746
4491 6168
5518 7197
4836 7024
6065 7719
4498 6149
5182 7590
4679 7135
773 2713
200 2389
5149 7555
1432 3078
5341 7490
4179 6640
770 2721
5956 7911
4238 6440
317 2202
848 2807
5893 7842
4514 6149
5075 6776
5141 7614
1177 3382
1650 4034
1859 3827
4865 6832
4733 7116
700 2830
4908 6808
4298 6527
5436 7305
1203 3339
5252 7485
1429 3119
6128 7755
766 2877
1908 3767
4 2503
4302 6411
6064 7798
1250 3364
6083 7691
4832 6952
6050 7786
5308 7541
864 2729
5455 7302
5143 7643
6031 7746
4340 6457
1830 3817
222 2318
5886 7983
6017 7762
1303 3266
4813 6939
5335 7439
5400 7360
1028 3549
5488 7339
1952 3708
5319 7450
4397 6387
1350 3225
1217 3358
4227 6498
33 2499
946 2641
4287 6491
1214 3418
1556 4082
696 2896
5743 8071
4464 6297
5910 7932
680 2883
4196 6543
1497 3124
4644 7113
854 2744
55 2520
1756 3891
923 2666
1435 3178
5956 7857
5003 6782
4307 6443
4701 7077
1240 3360
6143 7685
2029 3606
1949 3686
388 2175
839 2747
5512 7285
1754 3876
5179 7739
1415 3975
971 2504
4294 6850
6067 7611
1758 3283
5231 7776
5842 7389
471 3015
4764 6284
4121 6664
5975 7501
5076 6607
5630 8163
1338 3867
1199 3724
1130 3662
1220 3808
4772 6273
4354 6951
4777 6287
1720 3231
1244 3828
5020 6580
856 2416
6098 7674
943 2433
477 3058
5159 7703
1737 3321
175 2718
5517 8126
5774 7354
887 2371
5921 7447
4963 6485
1795 3381
5234 7749
1750 3297
4744 6320
5025 6555
304 2826
1939 3496
1959 3482
423 2968
5232 7728
4473 6968
4596 7090
178 2810
1868 3333
4549 7054
5809 7420
959 2543
5982 7438
1369 3848
6041 7627
4802 6294
1479 3985
937 2544
659 2250
5237 7726
1021 2465
1849 3431
4674 6173
1257 3766
5940 7531
1534 3998
4695 6199
1554 3184
1064 3658
1267 3728
1405 3865
4546 7077
190 2775
5948 7504
5615 8066
309 2904
5346 7821
317 2892
504 2953
531 2145
203 2745
1951 3562
4107 6780
4473 6913
252 2692
4793 6338
4341 6798
5440 7997
5417 8023
4132 6747
4646 6233
5984 7648
1823 3481
565 2226
4867 6532
5770 7170
5225 7904
4697 6357
546 2223
4150 6841
4727 6392
360 3047
6016 7440
1219 3666
4837 6263
5624 8044
4338 6759
5223 7921
918 2319
4813 6225
1549 3218
5722 7418
270 2991
273 2992
1285 4007
1559 3253
741 2119
4319 6781
91 2815
5192 7917
5593 8060
1157 3619
6091 7521
4194 6862
5333 7800
4432 7137
1679 3134
1202 3585
134 2613
5027 6423
4804 6257
5173 7811
160 2583
1363 4073
4314 6753
586 2293
5891 7619
5242 7864
5080 6428
4643 6373
672 2151
276 3037
664 2133
5224 7865
5608 7996
1977 3439
4748 6235
1582 3321
4155 6892
49 2790
5502 8105
5691 7395
6013 7591
4407 7148
4738 6238
59 2791
5005 6480
572 2275
5729 7296
380 2973
1595 3289
5388 8175
1111 3763
1975 3411
5486 8074
4188 6842
5754 7324
5254 7790
1901 3461
4334 6660
5480 8067
4393 7106
5036 6471
447 2898
4104 6886
1058 3794
1746 3105
5059 6455
381 2952
5978 7596
5175 7873
113 2695
639 2184
5252 7795
4511 7014
5213 7844
5294 7767
5243 7809
1691 3169
5756 7302
879 2450
5942 7625
5451 8116
1161 3976
153 2971
933 2209
5089 6372
1471 3768
1961 3232
521 2307
4411 6710
5674 7463
5520 7837
4608 6414
1455 3745
2000 3294
5005 6274
1789 3570
849 2112
5567 7854
697 2475
1899 3192
44 2879
5079 6339
5538 7860
785 2054
18 2827
1307 3584
4146 6959
460 2770
4160 7007
527 2351
4662 6420
80 2931
1410 3751
5021 6328
5283 8068
4560 6906
798 2101
1678 3490
5418 7686
978 2303
1098 3963
4152 6922
5819 7560
5644 7487
830 2058
4916 6145
4370 6698
5759 7491
4136 6934
5603 7901
4456 6743
5592 7911
1962 3306
5599 7839
5162 8043
5349 8100
5462 7701
6051 7399
442 2814
2038 3249
1676 3524
5898 7235
63 2933
4526 6885
5372 8119
4388 6761
1429 3803
5258 8132
146 3010
5753 7465
5289 8184
4240 7105
815 2174
928 2289
4154 7016
1538 3409
995 2224
1696 3575
5446 7710
512 2392
4684 6423
1648 3372
779 2135
1351 3610
1426 3791
1134 3889
5967 7213
4534 6869
4323 7040
4181 6966
335 2602
4113 7035
4589 6791
4807 6573
441 2773
4655 6467
4578 6799
194 2989
5583 7840
1961 3288
5316 8114
4522 6864
4394 6736
5120 8058
5655 7533
159 3045
1529 3714
753 2445
1867 3127
4659 6479
1675 3573
1152 4095
5988 7398
5942 7348
1132 4072
678 2338
4564 6738
5941 7346
5307 7996
365 2789
846 2246
1217 3912
240 2937
1654 3581
118 3065
5403 7828
4301 6978
4971 6395
4809 6492
5582 7766
59 2979
932 2109
1160 3857
4218 7136
4590 6773
1896 3315
1925 3097
5944 7334
5523 7731
225 2880
1599 3485
1485 3695
4693 6641
4246 6960
1653 3538
384 2601
5534 7735
5312 8042
6099 7288
1363 3832
5010 6204
870 2262
171 2842
1535 3661
4116 7078
916 2086
977 2149
1155 3893
710 2430
4848 6475
307 2696
1180 3872
4740 6456
791 2218
1006 2128
5053 6269
4619 6600
1270 3888
5635 7620
6116 7214
5663 7637
1184 3946
4989 6326
5379 7891
5286 8054
1323 3835
5084 6156
1457 3685
6038 7234
1122 4020
876 2235
694 2414
5177 8163
1845 3305
5014 6219
98 2947
940 2126
4471 6803
5796 7489
5951 7386
4455 6798
430 2628
5259 8033
6141 7186
1655 3463
505 2568
992 2065
5706 7608
5100 6168
1585 3524
1891 3221
5604 7698
1601 3510
1166 3958
653 2421
5303 8014
1814 3308
5983 7333
6115 7192
1242 3878
5709 7601
5139 8173
4369 6894
811 2260
667 2404
5559 6581
1331 2359
1218 2248
1074 2108
595 3650
1656 2665
1900 2943
64 3157
4734 7785
929 4024
197 3292
85 3151
47 3123
6 3098
1780 2793
5618 6637
1671 2727
804 3845
1606 2663
5498 6492
4536 7583
1269 2269
537 3635
4508 7607
5235 6232
285 3377
1467 2442
1895 2902
1778 2752
4925 7951
427 3487
1392 2372
6040 7087
1913 2894
5109 8143
149 3246
905 4021
4972 8018
5142 6184
5769 6838
5106 8115
1422 2508
4688 7699
4951 7955
1264 2229
921 4060
1129 2095
1876 2835
439 3583
4365 7495
806 3949
1071 2147
5095 8107
2041 2996
1170 2268
797 3923
5094 8118
983 3973
662 3780
4174 7196
245 3239
1742 2714
1304 2381
4554 7570
1316 2429
5138 6216
5924 7038
4758 7885
16 3148
361 3383
101 3131
1597 2659
5251 6371
1741 2735
5403 6520
1689 2815
255 3223
2022 2959
4261 7372
1315 2377
395 3553
805 3913
954 4054
5214 6195
4130 7251
5621 6532
1300 2406
805 3920
4364 7546
5573 6578
4824 7855
352 3352
475 3490
649 3824
1891 2841
5608 6546
685 3793
6012 6912
1822 2915
4412 7491
5325 6217
1880 3037
5386 6543
4306 7252
1674 2573
4921 8112
4342 7290
1456 2366
4325 7275
5087 8017
5042 7970
4181 7364
5503 6634
940 3897
4558 7513
5202 6344
192 3164
5989 7163
4215 7400
1299 2482
5929 7050
5288 6156
4510 7483
6067 6939
5415 6538
5930 7044
5273 6198
5653 6821
1684 2598
1147 2248
5566 6406
5754 6850
5908 7085
961 3960
4835 7769
4375 7595
4468 7624
1851 2950
971 3957
6055 6937
4833 7713
654 3663
152 3165
829 4088
1743 2569
1722 2684
5466 6557
5799 6767
981 3868
4579 7465
4841 7716
162 3181
5073 7966
5517 6495
5689 6891
4253 7241
473 3343
1168 2119
5791 6726
1038 2258
1887 2947
1683 2637
4778 7797
5925 7110
379 3480
826 4050
1703 2638
5237 6303
5572 6446
246 3101
4921 8146
4665 7895
4535 7512
4925 8141
4944 8098
4127 7405
274 3558
4884 8162
5882 6668
1547 2812
4898 8155
1964 2897
4153 7481
6086 6852
667 3993
783 3597
1474 2241
664 3996
4319 7641
668 3995
1272 2545
795 3602
1604 2893
1142 2426
1496 2261
4234 7556
5277 6540
592 3905
4377 7181
1527 2275
5372 6632
5978 6721
4712 8051
4232 7572
5390 6163
1141 2411
334 3152
1073 2321
183 3478
525 3884
37 3335
1892 2631
1155 2471
1054 2363
4546 7396
5183 6424
5274 6578
5844 7165
841 3683
5734 6987
1131 2395
5233 6466
141 3518
1915 2632
5151 6442
4967 7774
1534 2244
4667 7943
148 3498
4147 7436
1037 2381
4567 7318
6105 6810
1518 2221
4126 7514
5339 6558
5124 6477
1352 2050
4142 7525
5818 7158
6105 6806
4364 7260
1192 2553
5103 7870
4962 7728
5645 7006
5169 6498
941 3833
435 3302
988 3721
5601 6327
1998 2710
5156 6525
729 3968
4854 8108
4949 7694
126 3365
393 3282
2006 2701
4402 7279
132 3545
1562 2938
1698 3011
823 3669
629 3863
4279 7636
5987 6656
4283 7640
5181 6491
1511 2191
4943 7717
4298 7590
1399 2072
1057 2385
4750 8190
382 3084
4356 7287
4791 8131
1912 2560
1052 2405
4757 8174
928 3803
5099 7786
465 3156
4594 7287
1593 2993
1162 2307
5798 6956
4912 7867
951 3642
4615 8073
4112 7582
4488 7192
4853 8036
389 3092
739 3953
2030 2682
4768 7989
707 3926
1049 2444
5758 7145
4936 7889
4663 8110
4266 7478
1671 2842
5943 6825
1744 2928
6123 6730
5342 6524
5359 6476
5533 6201
4968 7886
567 3984
4668 8091
4257 7434
4353 7341
2047 2642
1647 3010
4394 7300
1783 2905
726 3961
1041 2467
6129 6724
1148 2505
1451 2078
1371 2285
1399 2240
5949 6789
784 3757
1193 2324
1070 2451
1644 2990
67 3456
5816 7035
4499 7254
738 3876
5879 6961
635 4028
1133 2468
1626 2961
5065 7682
4718 8101
5793 7018
1760 2859
2009 2580
1178 2391
4211 7587
840 3739
5169 6631
76 3479
745 3890
5314 6430
4642 8188
5770 6996
5574 6182
4531 7249
1329 2259
5992 6794
5838 6956
5092 7687
1139 2455
4418 7334
4518 7234
5648 7157
290 3271
374 3216
5806 6982
1059 2505
1123 2441
760 3861
444 3153
1107 2494
1344 2222
5302 6488
904 3687
4167 7607
556 4060
859 3753
5056 7730
4526 7261
474 3113
1536 3060
1798 2803
541 4075
1776 2823
87 3501
1215 2373
4385 7386
6054 6747
1108 2644
1191 2726
542 3103
1545 2059
4649 7210
1959 2479
1060 2605
1931 2459
351 3919
5564 7084
313 3880
4166 7767
684 3256
1266 2790
5113 7660
1071 2618
412 3974
5358 6901
4614 7194
4281 7845
108 3697
5674 6196
5581 7123
226 3837
1490 3021
5279 6784
4282 7835
1012 3541
1120 2625
4409 7965
1805 2347
5781 6335
4257 7819
6039 6588
5698 6249
5789 6326
1431 3003
322 3951
1137 2655
4411 7956
4320 7888
36 3605
1981 2447
1171 2720
1362 2913
5508 7088
224 3798
1968 2438
1627 2156
5103 7639
1135 2645
645 3258
5679 6254
1979 2554
583 3077
1613 2062
1335 2931
1542 2115
4827 7315
5233 6712
5899 6466
5435 7026
5196 6663
1056 2672
5915 6478
1024 2645
962 3476
4511 8136
458 3997
1501 2949
924 3525
970 3472
4667 7271
110 3634
1026 2655
6045 6654
1178 2809
787 3440
1213 2779
5139 6772
1899 2305
1219 2734
4577 8079
4616 7271
5420 6979
4763 7403
5528 7145
254 3720
5612 7067
5981 6442
4422 7995
1464 3014
1985 2494
4333 7788
5306 6712
4371 8081
5362 6775
969 3406
878 3559
4490 7936
5222 6893
1707 2080
5777 6170
1985 2378
1166 2560
5209 6871
5657 6295
4414 8112
4190 7889
5827 6220
1201 2593
1062 2742
1277 2668
6117 6519
804 3504
1377 3061
2018 2422
963 3413
5592 6990
5115 7532
5026 7477
1417 2846
49 3753
4730 7395
117 3823
5832 6227
4574 8063
4284 7710
2006 2420
1991 2404
4528 7955
1249 2629
4206 7881
5310 6681
5945 6544
24 3761
4131 7818
1533 2903
1195 2561
4233 7718
5246 6861
1989 2417
4635 7343
411 3886
5839 6265
378 4045
765 3146
5168 6793
432 3850
4484 7998
1186 2585
4403 8072
4690 7406
2043 2373
5584 7023
5453 7154
731 3099
763 3131
4757 7253
1885 2460
5268 6742
1537 2243
4845 7214
581 3206
1167 2636
4755 7255
5620 6963
613 3244
4846 7204
5505 6986
236 3617
5498 7093
1229 2562
4478 8113
1688 2122
228 3638
477 3855
267 4063
5448 7069
4911 7674
1963 2419
1280 3032
1781 2092
4691 7306
4661 7400
5416 7113
5432 7130
1938 2417
5916 6655
4751 7274
173 3656
4264 7757
175 3657
4308 7740
288 4040
4223 7831
2017 2312
1271 2590
4781 7239
5180 6870
5854 6194
4321 7692
5895 6633
301 4035
4783 7232
5552 6976
539 3307
4337 7680
715 3130
1804 2557
1023 3339
5345 6676
5143 6881
1278 2566
251 3587
4430 8117
4216 7815
1571 2339
4356 7684
623 3437
5532 6815
4880 7188
1660 2425
5015 7314
1967 2217
1103 2888
787 3098
1036 2822
909 3200
96 3950
1182 2956
5820 6574
5559 6820
4541 7849
285 3592
453 3792
1039 2839
5800 6577
1936 2186
4159 7973
5340 7104
1774 2546
1023 3296
4916 7190
1886 2170
5998 6216
6034 6324
1382 2625
4582 7887
1438 2741
894 3155
1548 2337
4532 7833
5275 7093
2000 2302
5787 6580
5170 6941
286 3628
4816 7650
982 3300
1866 2175
4592 7879
5560 6785
1532 2757
1005 3287
1008 3275
5962 6262
1873 2157
1853 2048
5308 7043
5776 6575
4859 7611
6139 6330
5833 6540
4631 7506
694 3571
4149 8051
544 3430
4197 7971
730 3484
1077 2941
809 3168
4877 7236
5972 6175
4936 7172
4935 7179
898 3279
5977 6167
1465 2807
947 3299
5544 6906
1519 2748
1141 2849
1917 2089
4237 8152
5123 6997
241 4008
1320 2674
5348 7103
5826 6556
1380 2618
843 3093
1329 2670
123 3866
5199 6957
1374 2620
6001 6162
5873 6548
52 3923
4339 8090
451 3754
1289 2656
1525 2719
5935 6213
1570 2377
1847 2139
4985 7189
1765 2440
2034 2204
5511 6889
898 3309
1576 2393
1704 2521
5481 6680
5890 6259
701 3532
4148 8001
1318 2643
1019 3213
6 3966
543 3431
4327 8094
5072 7337
596 3373
1170 3048
6004 6158
1368 2594
917 3310
977 3242
4708 7455
1344 2621
750 3472
5907 6291
1476 2630
970 3144
1283 2688
74 4047
5434 6847
591 3528
611 3566
4905 7332
4213 8186
1393 2785
156 3853
1118 3021
5704 6620
4151 8098
5701 6621
5373 7015
4550 7772
4361 7829
879 3314
4352 7837
1555 2445
5868 6515
5370 7002
302 3727
4874 7336
4220 8158
6090 6248
383 3804
1194 2829
1575 2444
5869 6465
408 3636
5997 6339
1210 2837
48 3969
4945 7397
1334 2690
742 3411
967 3185
4551 7793
1876 2285
766 3397
4359 7866
5863 6439
1966 2158
5845 6421
1313 2787
5646 6604
5030 7269
5913 6365
4470 7859
790 3283
4892 7387
526 3529
4416 7818
5797 6505
5326 6914
4369 7900
5883 6452
4872 7384
4995 7248
1884 2185
242 3879
1157 2909
1324 2804
1234 2824
165 3966
1003 3126
1706 2420
4311 7944
5869 6450
632 3480
4396 7885
5558 6736
5472 6793
2020 2062
4376 7925
5078 7227
1164 2914
5575 6710
1327 2781
6053 6231
5728 6548
5572 6704
989 3112
974 3129
6077 6215
4303 7988
2001 2095
6142 6144
5200 7087
5144 7143
6036 6251
3640 7736
947 5043
4016 8113
959 5052
2483 6587
2368 6472
1669 5772
2314 6400
1339 5429
1674 5786
2982 7092
354 4465
1276 5352
1508 5617
1419 5533
3358 7430
2658 6779
3943 8061
114 4205
2256 6351
448 4581
2475 6542
315 4381
196 4332
4028 8085
3423 7542
925 5046
796 4913
133 4267
1223 5367
3094 7207
1319 5397
3808 7892
1759 5866
3864 7982
2085 6162
2485 6530
3088 7207
3599 7735
2272 6360
1829 5917
624 4681
1430 5551
3369 7440
1483 5616
4005 8089
2412 6481
1515 5588
3069 7101
3501 7660
3741 7897
598 4627
899 5061
114 4149
1615 5640
1678 5833
260 4419
1188 5357
516 4685
2644 6687
1755 5781
1890 5933
1617 5633
1419 5594
4077 8127
984 4993
3498 7665
796 4930
847 4881
1815 5961
2733 6898
2651 6715
3224 7417
1739 5802
3598 7788
1831 5957
130 4320
3644 7774
682 4809
2262 6325
963 5029
2052 6242
387 4580
1971 6100
1360 5431
566 4702
373 4380
1794 5998
1136 5148
509 4496
2188 6370
3765 7899
1970 6108
857 4918
522 4730
2063 6270
2436 6646
3601 7779
1992 6075
1350 5424
3680 7702
3305 7327
1253 5266
2952 7152
3970 8185
4022 8138
3475 7663
1175 5355
1441 5596
131 4349
3901 8002
3344 7569
559 4782
291 4514
3479 7444
3767 7732
4034 8004
3419 7635
3355 7571
2529 6513
675 4658
300 4542
2649 6859
1064 5307
2591 6796
3846 8083
3374 7608
2761 6751
265 4497
2293 6255
2959 6933
1158 5149
3571 7528
3145 7381
1356 5584
245 4203
901 4890
530 4787
3083 7338
3574 7508
3742 7741
2687 6873
956 4884
2612 6812
57 4241
1629 5876
3941 8140
986 4979
799 5045
514 4776
1257 5191
4023 7961
1466 5387
2007 5986
1451 5406
2955 6972
1288 5552
1811 6059
3219 7210
3842 8123
3023 7029
208 4203
987 4960
3937 8159
164 4123
3907 8066
2771 6674
2194 6230
1068 5353
3883 8174
2099 6389
3390 7670
2489 6512
1043 5337
2547 6457
2250 6145
3771 7799
3834 7734
1333 5626
229 4138
2890 7067
1767 5686
2224 6241
339 4481
1454 5501
557 4856
692 4705
3868 8137
1142 5294
3596 7893
158 4164
590 4754
3604 7881
3457 7519
2891 7061
166 4217
3674 7866
2750 6750
3521 7459
1724 5720
1571 5830
3661 7851
1870 6057
3074 7403
3713 7784
702 4692
1757 5681
3387 7638
1758 5683
1136 5278
3941 8081
1782 5632
1309 5611
2663 6800
1382 5535
2354 6603
3519 7493
1359 5556
3504 7501
3654 7867
211 4141
2756 6714
2386 6226
86 4436
2324 6166
1117 5470
2732 7082
214 4574
2695 7051
2564 6921
1666 6031
2867 6717
919 4743
124 4461
623 4989
1607 5972
653 5022
2798 7162
2639 7002
2384 6213
2238 6571
1975 5792
3120 7464
3639 7981
1793 5658
2283 6645
1239 5577
55 4393
2595 6915
1775 6093
14 4396
2864 6674
1526 5330
3507 7318
3889 7700
2082 6404
1652 5971
3409 7286
2672 7000
2378 6242
2749 7063
603 4982
386 4268
2027 5828
182 4505
2315 6180
376 4168
3974 7858
568 4877
835 4726
2172 6469
52 4366
243 4552
673 5023
3064 6854
719 5104
1407 5184
1913 5689
3575 7349
1705 6123
1337 5244
1659 5948
1034 5443
2409 6179
1524 5310
3054 6820
2416 6203
2418 6206
306 4221
1530 5290
1855 5742
2886 6672
3177 7487
3491 7419
159 4548
1546 5975
1865 5652
3255 7637
305 4178
3809 8069
3068 6810
2958 6888
1347 5156
1252 5507
828 4694
1614 5925
3608 8052
1053 5491
42 4421
1702 6102
3033 6827
1 4466
464 4259
2844 6760
3285 7584
3052 6809
3539 7333
3091 7524
85 4398
2045 5761
2878 6723
2810 7045
3616 8031
40 4521
3670 8151
1315 5282
3518 7231
491 4201
406 4116
816 4786
1789 6008
2591 7066
2582 7057
829 4789
301 4260
580 5069
657 4891
2290 6520
519 5004
2348 6305
2679 7161
1639 6120
4031 7727
2338 6322
1553 6016
789 4743
3717 7953
3227 7439
3557 7283
893 4842
1564 6027
1904 5867
1472 5214
2150 6648
2390 6345
2979 6716
2683 7131
3964 7903
1774 5962
1220 5475
2117 6636
1117 5623
2708 6974
903 4650
3250 7455
1738 6010
3810 8019
4090 7752
2053 6582
1566 6061
2311 6323
776 4798
3534 7289
3230 7463
1496 5217
3719 7997
3690 8144
995 4697
853 4846
419 4194
2452 6229
138 4425
3377 7413
2543 6187
4067 7716
439 4222
1641 6048
867 4776
2056 6596
1198 5474
2557 6192
768 4814
1436 5203
613 5045
2793 6970
1114 5519
652 4953
2606 7160
490 4157
2022 5694
2353 6377
1735 5918
366 4277
3150 7573
2775 6923
3051 6708
1903 5772
1393 5269
1942 5745
1484 5163
3072 7656
1078 5598
875 4737
2936 6803
2179 6509
1790 5903
3581 7183
1461 5184
1271 5376
3342 7414
2116 6589
4070 7711
3760 8011
332 4279
591 5044
4017 7754
3469 7281
2002 5679
2176 6526
2340 6362
532 5098
3466 7284
254 4863
2123 6730
3917 7499
1072 5687
37 4642
2170 6770
1869 5447
3629 7206
1036 5639
3638 7226
860 4433
3007 6577
2836 6407
864 4467
833 4434
126 4714
26 4623
2534 7153
621 4212
3147 7761
2316 6935
2186 6806
3885 7473
269 4883
3188 7787
3731 7347
3371 7946
1061 5636
2365 6943
838 4450
3906 7527
3999 7609
1153 5800
1583 5124
3930 7537
1600 5228
1469 6033
3200 7853
441 5001
3149 7805
3029 6628
1744 5345
328 4986
1483 6136
723 4327
3351 7970
337 4967
197 4850
2629 6269
58 4611
2328 6946
902 4541
1983 5504
3291 7908
1403 5945
2349 7022
238 4779
3836 7354
2584 6225
899 4552
3722 7366
720 4253
2461 7120
2907 6422
1437 6096
1259 5798
535 4184
867 4400
414 5064
2376 6943
809 4466
1633 5178
1127 5691
633 4133
314 4964
3354 8058
1440 6083
424 5067
3088 7795
759 4244
91 4664
4071 7555
619 4111
1135 5643
386 5096
1085 5718
2507 7072
256 4972
3401 7973
3327 7827
3826 7326
2796 6272
315 4950
2203 6900
882 4355
2526 7081
1772 5268
930 4570
3045 6557
3902 7492
2053 6777
2890 6454
289 4959
600 4134
414 4894
1681 5137
1066 5803
499 4976
3959 7679
1190 5678
2321 7066
1051 5782
3097 7830
2811 6260
1455 5920
910 4353
2341 7092
1026 5779
3539 8001
1415 5906
147 4613
3361 8120
1426 5903
2849 6591
1596 5282
2927 6605
1863 5605
3117 7822
1492 6007
213 4720
2403 7109
1297 6070
2266 6770
4019 7450
3199 7894
1165 5670
2481 6938
1799 5548
2588 6320
1818 5556
3673 7415
3445 8154
2606 6273
3520 8047
1097 5881
4046 7551
1587 5253
110 4822
786 4523
1639 5340
444 4866
3788 7282
1468 5891
4000 7523
3595 7368
2483 7031
1996 5384
3743 7256
2650 6301
450 4869
551 4335
832 4489
2076 6869
2643 6298
2737 6267
1841 5628
2096 6910
3362 8176
1346 6032
3213 7775
2154 6846
1268 5664
1275 5678
509 4906
2178 6741
86 4750
1458 5994
3055 6452
2597 6398
2610 6382
3349 8137
2577 6351
4009 7542
3948 7565
3936 7553
3567 7949
1942 5492
3785 7211
1192 5707
3949 7563
497 4888
457 4898
3076 7913
2025 5382
1708 5187
3781 7222
2193 6754
3405 8121
3086 7928
171 4700
2647 6318
417 4952
2413 7057
2488 6982
4010 7339
3002 6334
3831 7665
403 4756
2316 6667
419 4783
602 4439
3833 7670
1005 4350
2013 5323
1951 5255
1887 5190
178 5032
472 4803
95 4932
3620 7480
1597 5409
3934 7235
2370 6748
828 4124
73 4971
1185 6018
803 4103
3137 8036
1766 5568
1634 5450
1882 5235
1055 5939
2180 7080
2394 6775
3158 8059
3875 7180
1833 5144
474 4840
1800 5179
3287 8164
3523 7926
4001 7316
3388 7689
3057 6342
3074 7994
2267 7138
3502 7826
50 4876
3260 8067
2273 7134
1806 5198
3628 7533
19 4945
3593 7498
2962 6358
2251 7055
2646 6417
2988 6379
2011 5266
1727 5621
2020 5295
1965 5347
4044 7325
1830 5234
530 4420
1343 5736
3894 7279
2466 6907
3114 8049
2824 6228
3384 7781
1755 5509
4014 7409
1465 5862
1968 5328
1550 5485
45 4942
2385 6709
2854 6210
340 4657
1079 5968
3994 7408
2260 7096
2345 6725
1565 5489
703 4563
3018 6311
1905 5148
720 4543
2853 6229
3653 7476
1432 5865
3293 8111
3678 7469
950 4290
554 4446
1098 5949
3993 7393
2242 7096
4048 7340
2428 6657
271 4721
1231 6065
348 4828
3805 7516
3617 7584
3500 7725
1446 5668
2711 6421
2731 6440
897 4098
2211 6951
1101 6088
3921 7382
2477 6693
671 4375
372 4860
2954 6144
358 4844
4019 7224
2607 6563
3263 7985
3799 7495
676 4406
3980 7199
1027 6032
3688 7675
391 4624
2446 6677
1314 5823
1151 6114
3323 8037
1416 5672
1452 5644
30 5054
1516 5709
865 4291
1412 5670
2498 6758
270 4777
434 4638
3939 7374
768 4271
3301 8020
709 4468
1890 5339
1336 5763
2118 7162
2984 6165
3318 8008
2368 6787
2633 6541
1203 6005
4064 7209
2910 6293
617 4516
2891 6278
2457 6742
954 4202
1275 5930
2382 6815
443 4713
3945 7357
1716 5473
2808 6445
2834 6341
3217 8009
3467 7763
3729 7497
1809 5320
589 4500
460 4630
523 4567
2239 7011
931 4222
2088 7116
2626 6564
312 4830
422 4673
399 4710
1033 6112
356 4744
1665 5487
3395 7852
3666 7613
3797 7461
522 4603
3312 7939
497 4615
3611 7661
43 5085
71 5040
3763 7499
347 4770
2794 6416
1749 5423
3937 7323
2561 6652
715 4405
3367 6438
790 5911
1569 4640
518 5639
2859 7977
1898 4975
3160 6237
1728 4808
2734 7846
374 5500
2549 7679
3315 6392
1879 4933
3051 8184
3226 6281
818 5927
3089 6151
1049 4111
666 5763
3075 6169
1148 4198
1582 4660
1488 4555
2227 7336
2428 7520
3460 6552
1047 4106
1833 4918
2778 7877
2708 7819
2652 7806
2548 7632
2571 7725
609 5703
2711 7856
3783 6894
3410 6527
2818 7980
1242 4331
846 6015
3499 6558
3718 6832
266 5437
2986 8082
2383 7543
1925 5052
1573 4639
3940 7006
3487 6565
817 5898
586 5748
2323 7469
2464 7582
2987 8084
540 5667
426 5525
3236 6373
769 5959
744 5792
4037 7052
812 5990
398 5570
1794 4941
2352 7551
1396 4388
2319 7518
934 6135
3918 6940
486 5557
142 5336
1666 4820
3665 6665
3591 6750
2724 7935
3464 6612
1282 4447
3450 6439
3736 6855
1989 5028
3596 6766
2218 7373
1094 4143
3076 6254
3299 6280
628 5656
3703 6682
2018 5004
2439 7656
1579 4698
1395 4352
1255 4243
2678 7683
502 5519
1420 4599
3750 6874
1726 4800
138 5364
1623 4649
2541 7570
2231 7368
2868 8116
3774 6719
1908 5105
278 5520
3402 6605
1881 5086
1685 4636
1691 4624
3713 6666
2953 7941
1310 4499
2334 7568
731 5716
3027 8003
237 5245
2994 7971
914 5888
1377 4595
3770 6697
2617 7850
1752 4684
2585 7821
1641 4863
1751 4673
1836 5044
914 5899
1125 4351
3176 6386
2926 8181
1986 4958
485 5496
1858 5084
2566 7833
514 5795
385 5408
1480 4457
1881 5112
446 5404
3302 6212
3223 6197
3262 6173
3104 6277
3424 6597
3887 7049
2609 7830
2587 7868
560 5783
3967 7127
1287 4527
4004 6925
708 5742
1460 4376
633 5845
1991 4970
1222 4214
3317 6212
1235 4193
3095 6308
2723 7702
3031 8033
2492 7428
3182 6358
2939 8130
1103 4341
2423 7628
3588 6840
3900 7164
1932 4941
3908 7041
2164 7345
972 5897
603 5788
3871 7126
3139 6281
3925 7070
388 5455
449 5388
384 5454
2061 7363
642 5708
3561 6438
401 5442
3102 6349
866 6069
3221 6220
1825 5112
249 5154
2800 7724
3721 6740
83 5262
271 5585
3191 6312
1552 4849
2059 7402
3140 6310
3357 6649
3427 6534
1414 4451
2449 7540
179 5210
2083 7369
1687 4731
3969 7021
3728 6780
3417 6583
1728 4654
1306 4597
4002 6992
2936 8075
3452 6537
1066 4316
3122 6341
1407 4487
2608 7882
3546 6432
2180 7294
2135 7340
50 5321
1624 4771
1860 5048
3087 6387
1658 4742
2007 4906
2688 7807
1327 4560
1948 4766
3820 7150
2732 8111
2291 7664
2969 7834
3936 6755
3825 7157
2951 7809
3494 6304
3898 6716
2393 7262
452 5325
3984 6811
1990 4808
4095 6896
1430 4230
683 6075
3258 6569
718 6104
2660 8050
3543 6337
2773 8130
3473 6280
1105 4426
1274 4583
1584 4909
442 5287
629 5995
2334 7228
2906 7801
2213 7558
2554 7390
706 6119
385 5284
2683 8029
2514 7418
883 5723
1473 4330
2057 7458
4068 6858
1986 4844
4018 6784
453 5366
1838 4637
2472 7324
602 5999
3286 6625
3582 6342
3893 6670
1444 4255
186 5505
679 6043
1502 4322
1883 4710
2077 7456
1558 4904
2173 7485
2094 7534
2061 7493
2872 7792
1752 5009
1212 4599
1492 4255
1839 4707
2289 7612
3624 7013
913 5825
610 5938
1520 4256
3086 6495
2987 7929
3815 7091
2875 7789
221 5515
429 5365
57 5473
1517 4278
3118 6514
2838 7798
761 6047
169 5571
3228 6646
1596 4946
290 5197
916 5860
75 5435
1290 4219
495 5276
3756 7130
3150 6456
1910 4609
2117 7474
3068 7810
3814 7014
3503 6191
1980 4669
920 5659
421 5158
492 5224
3210 6413
2942 7924
563 6072
4015 6690
952 5685
463 5185
1498 4180
1909 4859
1466 4138
1920 4625
1365 4292
3662 7132
1919 4843
553 6066
1109 4553
1246 4417
527 6063
814 5773
1672 4907
1748 4979
359 5326
3998 6709
1771 4935
511 5201
601 6134
2087 7560
2550 7238
313 5263
1224 4479
2689 7995
763 5953
874 5841
3463 6202
147 5421
3613 7074
1035 4555
2826 7883
3848 6858
3944 6828
2648 8094
485 5154
2279 7470
1867 4742
3159 6554
1321 4345
1954 4723
770 5840
3477 6209
276 5313
3417 6284
467 5131
979 5641
2068 7631
407 5196
1609 5013
106 5558
3189 6569
1918 4768
4015 6733
902 5732
3908 6823
4085 6678
1787 4894
3407 6313
288 5322
456 5155
582 6058
2862 7874
1116 4529
884 5785
2120 7589
2725 8011
401 5247
3819 6917
1228 4413
3701 7046
462 5181
1733 4913
2232 7502
3513 6223
3236 6483
4011 6737
168 5458
2990 7764
3903 6851
3988 6762
3883 6868
1698 4957
1006 5614
3255 6838
1339 4920
1724 4281
1102 4680
4051 6618
124 5749
3787 6343
1715 4287
3108 6697
764 5363
1205 4773
2769 7363
1632 4211
2941 7534
737 5364
2265 7884
2136 7758
1301 4867
993 5622
4023 6574
128 5786
1720 4258
1829 4414
4030 6562
1697 4285
193 5852
2246 7899
3709 6239
1645 4175
3977 6570
2287 7882
200 5857
2200 7860
725 5369
370 5982
1254 4811
2269 7923
1112 4727
2320 7972
1871 4474
2568 7229
294 5907
1340 4875
850 5482
2739 7304
1679 4276
387 6077
688 5263
3850 6472
982 5524
3882 6510
2984 7661
3079 6731
227 5807
3618 6255
1258 4772
774 5448
835 5389
2621 7276
1527 5029
3350 6980
1626 4105
2343 8052
35 5744
3495 7155
2090 7806
48 5733
3370 7037
1661 4135
2715 7360
3071 7587
1649 4140
2169 7705
1106 4659
2900 7472
2520 8124
1140 4625
1485 5035
842 5421
617 5134
431 6087
2628 7213
1045 4732
2183 7916
3910 6445
2801 7325
1088 4655
2993 7646
3914 6462
1154 4855
96 5654
4040 6591
1338 4930
1840 4427
3790 6322
3715 6397
282 5988
2699 7177
1748 4182
2535 8035
1831 4515
2583 7315
188 5688
3938 6628
893 5627
2710 7199
450 5963
3497 6947
904 5378
3371 7073
3118 6819
2604 7329
2507 8027
3973 6420
665 5128
3436 7166
587 5343
868 5616
3940 6641
3929 6606
3460 6940
1268 4719
506 5979
2365 8092
1846 4503
1158 4645
2765 7272
2948 7457
728 5246
2555 8028
4008 6415
1348 5100
1729 4200
1065 4739
531 5304
779 5542
824 5527
1978 4373
2940 7629
3557 6999
1388 5080
2263 7777
2327 8096
3458 6965
3680 6361
732 5222
3139 6905
3225 6693
336 6124
3005 7424
4062 6496
851 5613
1481 4982
2802 7245
1858 4483
1463 4980
1957 4454
3026 7446
2003 4374
3013 7427
373 6066
3507 7034
1709 4199
941 5478
2239 7796
1216 4622
2258 7708
4079 6433
2738 7264
215 5637
955 5480
3001 7530
3000 7532
2998 7522
3440 7076
2784 7221
3322 6701
1086 4834
588 5267
1700 4165
2136 7871
3061 7442
1177 4721
3836 6164
3780 6184
3163 6836
29 5868
4020 6470
2230 7744
662 5217
3623 6367
3999 6502
1850 4544
532 5358
1283 5119
2589 7393
3570 6927
51 5838
1945 4248
1853 4156
1038 4876
1528 4858
3587 6401
2718 7581
3822 6635
2533 7907
113 6007
529 5399
1939 4249
4092 6390
892 5239
743 5612
1281 4621
3525 6857
327 5706
1863 4182
3313 7138
3971 6288
711 5587
2480 7845
2152 8048
1501 4805
476 5828
448 5850
3514 6816
2662 7548
3106 6969
1810 4109
748 5576
1791 4569
3927 6256
1854 4121
1305 4657
1715 4506
3716 6573
1248 5066
1296 4668
4010 6277
1385 4699
3433 6746
2549 7878
1769 4575
858 5229
3324 7108
2680 7490
3505 6797
771 5182
1356 4722
1929 4297
3433 6696
2928 7218
28 5977
2146 7972
692 5628
2825 7233
184 6130
2214 8170
2326 7768
836 5130
1790 4528
922 5333
1710 4606
2344 7801
3117 7036
2499 7825
1279 5037
1096 4892
216 6028
2015 4234
428 5882
3511 6880
3879 6271
3598 6487
2456 7875
891 5152
1838 4213
2183 8155
1316 4728
811 5238
2754 7583
3125 7016
3631 6513
1241 4998
2348 7756
1397 4628
747 5513
1390 4620
1187 5057
116 5904
576 5412
3138 6950
1598 4442
2624 7461
2830 7272
3043 7301
368 5655
886 5137
2690 7659
2027 4225
263 5741
4069 6286
2382 7714
1159 5098
994 5260
1972 4315
919 5368
2886 7222
3991 6375
2813 7566
2197 8160
1971 4293
3275 7100
2760 7615
3681 6429
2064 8045
644 5626
1784 4472
2493 7743
939 5160
2148 8161
810 5295
3229 6936
292 5795
469 5724
2635 7618
496 5753
1494 4698
2988 7202
951 5177
747 5476
1799 4247
2181 7959
3178 7166
1489 4676
2675 7653
3020 7259
3111 7100
3657 6610
2187 7958
2813 7517
1056 4993
2697 7467
4091 6239
1062 4995
3066 7260
3149 7146
1012 5203
389 5677
1191 4878
3510 6687
3269 7017
3838 6482
2819 7342
2686 7635
1955 4110
4090 6228
3400 6887
1423 4671
31 6062
2763 7546
3116 7071
3674 6638
70 6130
2696 7484
676 5392
908 5178
1387 4829
1470 4612
1402 4801
2212 7963
167 5991
857 5272
1461 4724
3926 6295
2220 8041
1865 4236
2438 7744
775 5312
885 5309
2677 7613
1964 4192
618 5541
188 5996
1091 5010
426 5755
2613 7652
1936 4162
666 5449
144 5957
942 5240
1623 4493
2916 7359
371 5807
1972 4202
3300 6970
3303 6968
2840 7367
416 5696
2028 4108
1110 5046
1115 5051
3138 7075
350 5818
3633 6615
869 5261
3796 6460
2300 7957
3264 6955
1418 4705
626 5534
2322 7935
150 6008
3171 7053
3006 7248
1173 4986
677 5450
584 5562
1379 4752
3563 6680
559 5596
564 5569
2911 7338
3863 6369
341 5794
1330 4810
3526 6718
244 5901
420 5727
558 5589
3264 6973
176 5966
903 5241
1690 4452
3776 6462
3453 5501
2435 4481
429 6568
2593 4647
991 7128
674 6825
205 6336
452 6602
3260 5299
1184 7345
2236 4269
2353 4386
1042 7174
3063 5088
1400 7525
34 6204
16 6193
2843 4922
4035 6113
3568 5586
3771 5788
3878 5889
1646 7750
2292 4312
1092 7273
722 6909
2642 4706
2458 4520
1422 7612
1314 7441
3025 5090
1317 7443
3676 5739
4081 6086
2865 4873
3782 5887
881 6984
2092 4118
573 6663
1225 7410
3759 5780
412 6567
2509 4598
511 6587
231 6304
352 6441
1947 8145
3682 5672
3202 5321
1869 7942
1945 8148
258 6479
3818 5796
3455 5425
2232 4328
2130 4099
2610 4704
1909 7974
2510 4504
2865 4969
520 6739
650 6865
4083 6061
2255 4270
1602 7715
3946 5897
2196 4343
3018 5038
3652 5665
3214 5353
1306 7536
3396 5422
107 6150
501 6533
892 6924
1882 7976
3843 6000
3873 5970
725 6817
2995 5062
1152 7416
1322 7507
3644 5701
751 6805
2541 4462
555 6831
2129 4308
852 7122
3483 5394
3672 5843
2008 8019
735 6738
2305 4495
671 6670
3410 5568
1563 7817
2111 4267
1343 7594
741 6768
2320 4486
1373 7627
2780 4677
2847 4996
782 7061
1919 8162
163 6206
994 6978
3569 5457
455 6503
2357 4500
2 6307
1448 7433
493 6478
1539 7840
3660 5864
319 6555
3470 5417
777 7086
3959 6096
3133 5271
3450 5591
3911 6131
983 7010
2208 4119
45 6289
309 6536
3655 5880
1541 7877
690 6771
2524 4382
868 7085
2374 4492
1514 7462
570 6900
3441 5566
845 7042
945 7009
33 6384
24 6348
1974 8047
3432 5553
1721 7779
392 6483
2976 4988
3267 5151
3227 5190
2464 4479
945 6993
714 6699
2925 5007
762 6686
2192 4212
3400 5548
1225 7203
708 6703
2633 4770
884 7045
1924 8054
2713 4715
3607 5861
833 7091
278 6626
105 6301
1497 7468
3081 5375
3626 5853
1861 8125
3888 6089
3865 6112
3218 5225
593 6830
587 6987
1189 7588
1406 7292
3645 5951
3284 5591
2707 5015
241 6647
1361 7257
2168 4465
3186 5499
1699 8105
2833 4634
618 7009
1740 8128
1293 7168
3632 5950
1598 7984
1298 7197
2874 4650
996 6901
15 6430
3309 5631
831 6700
3904 5716
2163 4455
28 6410
3659 5981
2700 5018
2264 4559
1910 7791
2097 4395
218 6593
1 6426
3918 5717
395 6288
975 6866
3101 5376
3368 5174
3714 6044
3481 5255
2985 4745
1740 8173
2837 4662
283 6200
2511 4330
1494 7411
2405 4160
3345 5172
2424 4191
553 6913
1594 7954
1834 7683
3182 5447
449 6379
1692 8118
2611 4889
2035 7901
20 6459
2934 4678
1718 8071
1081 7437
3142 5488
2540 4314
820 6659
1987 7931
1592 7937
3913 5747
404 6314
2398 4192
858 6757
2500 4224
1557 8017
3065 4796
119 6450
749 7080
939 6893
677 7139
3 6468
2234 4605
4066 5802
3359 5206
3794 6018
380 6190
2755 5008
657 7109
942 6907
2497 4244
3332 5212
1987 7835
81 6409
115 6443
1656 7969
3207 5597
1354 7184
61 6497
2968 4804
498 6319
3244 5618
3473 5327
1819 7802
2917 4612
3329 5216
620 6922
181 6611
1574 8000
1433 7411
2008 7858
1973 7902
577 6957
622 6914
781 6752
3577 5270
3395 5164
2426 4106
2742 5063
2501 4276
3028 4774
415 6380
859 6702
1340 7243
428 6359
2315 4215
1997 7856
1265 7567
2042 7813
2687 5117
2660 5095
3843 5767
534 7058
2788 4960
3778 5959
2960 4629
1112 7645
3748 5923
3943 5871
3327 5493
1726 7989
1164 7431
3272 5444
174 6434
3095 5531
4073 5735
3844 5771
832 6864
3447 5351
4045 5726
659 6912
1484 7256
3204 5393
1514 7295
726 6977
3579 5218
2103 4525
337 6347
1766 8061
1410 7193
180 6447
1131 7664
2758 4966
1620 8181
2569 5025
2619 5009
3343 5280
1904 7872
112 6593
3041 4688
1207 7429
650 6974
1713 7945
3769 5892
2908 4835
210 6419
2140 4502
1186 7535
3009 4626
723 6919
2014 7690
1349 7313
1311 7370
582 7056
3435 5303
2531 4158
2743 4969
1113 7559
2542 4145
1542 8153
2139 4539
3987 5746
3351 5366
2094 4559
3748 5958
2989 4687
318 6365
3094 5619
3020 4651
2403 4228
695 7007
47 6599
1413 7278
1500 7217
2664 4997
1759 7986
38 6600
2705 4991
3210 5477
3356 5356
498 6147
1700 8021
3099 5609
4038 5684
1089 7603
3187 5510
2274 4379
758 6924
1730 7992
1922 7800
425 6231
1196 7506
937 6743
1711 7341
3208 5771
3613 5150
205 6851
255 6895
1016 6633
3827 5350
2406 4988
32 6714
712 6355
2504 5076
2396 4928
3073 5661
2208 4797
1944 7557
2627 4189
75 6763
4083 5585
3912 5484
3852 5416
3008 4585
533 6207
596 6271
827 6422
538 6196
3212 5794
3412 6011
1040 7743
2918 4438
2358 4864
3840 5431
3891 5386
2487 5006
144 6826
1450 8080
2371 4985
1126 7773
1776 7371
1256 7849
3167 5661
3341 5961
160 6884
1223 7810
2207 4822
2973 4564
2860 4453
3691 5153
1636 7215
364 6944
3859 5470
4039 5514
1731 7309
2252 4738
3386 5995
1828 7537
2572 4186
306 7012
3240 5887
2126 4630
1473 8090
3838 5285
332 6928
3634 5231
1088 7709
3892 5460
717 6316
1089 7715
2299 4761
1106 7732
3128 5727
524 6244
931 6604
413 7154
1090 7730
1902 7452
60 6728
966 6576
3950 5400
1567 7270
1574 7263
2870 4428
3983 5620
2951 4603
2173 4609
3743 5346
3162 5848
3311 5740
2957 4361
425 6949
789 6554
2151 4854
2602 4280
142 6683
43 6846
391 6929
4063 5446
2774 4172
3378 6056
3731 5134
2425 5092
364 7153
3854 5523
3168 5886
2112 4832
69 6884
4030 5404
1967 7436
713 6253
1537 7332
80 6902
2433 4903
3756 5131
3982 5413
1788 7255
3977 5413
513 6319
1948 7475
1646 7390
1673 7224
3880 5530
3049 4443
2806 4164
3278 5756
1326 8093
3989 5408
356 7121
2501 4976
3735 5166
36 6813
1581 7313
3392 6142
2917 4571
2476 4883
3649 5249
985 6425
2236 4733
1033 7880
1888 7586
1762 7200
1236 7703
2728 4204
2310 5058
3968 5445
3386 6143
938 6508
619 6317
3189 5810
3746 5221
4004 5475
3208 5696
2188 4676
3544 5905
3399 6030
3173 5804
3164 5782
2140 4758
3980 5468
540 6348
3799 5126
2291 4641
3053 4409
1001 6460
2673 4260
1984 7445
112 6824
476 6917
2851 4600
2443 4944
1593 7394
3114 5878
1770 7220
3261 5724
2375 5028
1631 7353
1032 7919
1930 7522
1232 7736
980 6461
1662 7319
2899 4537
1801 7655
598 6329
2954 4453
293 7114
2932 4484
2614 4292
93 6831
2108 4815
141 6782
490 6931
410 7015
1911 7562
3109 5851
3060 4362
1568 7391
964 6459
1030 7942
2919 4198
1564 7453
3860 5141
3179 5999
1425 7828
2199 5008
2958 4233
2962 4250
3594 5382
3141 5960
1248 8175
3642 5429
2828 4125
2031 7422
400 6785
2809 4584
2255 5082
1394 7780
827 6188
3384 5665
1261 8183
2222 5042
1212 8097
1663 7521
2767 4561
32 6975
154 7098
1954 7299
548 6406
3256 6042
1002 6350
1651 7510
3778 5610
338 6779
2376 4706
2358 4636
1254 8141
935 6282
35 6926
1111 8057
1299 7714
1935 7357
357 6737
1061 7952
716 6650
2431 4680
2351 4632
1482 7924
1190 8089
22 6998
1779 7602
2820 4163
3990 5342
165 7149
1274 8115
2419 4665
2476 4838
2915 4137
1546 7494
1927 7371
3388 5745
1034 8004
556 6499
1150 7982
236 7101
1126 7991
3477 5830
2702 4573
2145 4917
874 6207
1893 7219
409 6863
2189 5082
2280 5055
3231 6085
369 6701
404 6856
2369 4637
1491 7822
2903 4104
1864 7208
2461 4861
637 6431
1421 7913
878 6154
3268 6060
668 6644
2015 7351
3195 5910
2965 4346
1528 7816
3269 6068
576 6449
3699 5377
266 6776
1491 7841
1156 8177
2796 4507
143 7159
698 6595
681 6610
773 6265
1920 7421
2118 4923
2577 4460
3928 5157
1768 7528
930 6178
329 6857
519 6535
482 6754
3563 5736
795 6300
2712 4368
2038 7294
1921 7178
3403 5831
1608 7621
1727 7473
3676 5580
3874 5298
742 6517
1705 7482
1549 7577
2390 4803
2691 4374
1237 8000
2622 4521
1871 7384
1741 7509
3119 6071
3172 6140
3580 5733
2089 5043
3994 5126
845 6353
1427 7695
3686 5625
2974 4097
2284 4943
376 6877
3393 5865
311 6814
65 7147
203 7008
1826 7310
3446 5848
3154 6141
3909 5365
2518 4711
2922 4315
1336 7817
2407 4821
3024 4195
2676 4544
1380 7888
2414 4827
1840 7307
3491 5663
953 6150
533 6613
717 6412
2060 5071
1110 8082
1446 7778
3752 5485
440 6783
2244 4878
3740 5458
1718 7526
3201 5971
3800 5387
264 6876
3261 5993
1243 7951
2991 4218
2515 4614
3121 6119
3163 6029
1543 7647
729 6400
2010 7171
3211 5974
528 6643
594 6583
3627 5582
1472 7718
1349 7852
3554 5643
992 6153
1165 8039
3740 5494
351 6837
1676 7526
3192 6035
2153 4998
338 6818
2105 5064
844 6334
3823 5405
734 6444
2016 7188
2043 7182
1703 7505
192 6967
1211 8012
1821 7402
1627 7586
1381 7836
3942 5279
2707 4456
1585 7626
3927 5289
1202 8012
3469 5746
2972 6044
1999 7118
2870 5943
1930 7048
3142 4163
2076 5145
3906 4938
507 7666
1372 6480
2345 5415
999 8169
1796 6923
1554 6658
3333 4373
1536 6673
3929 4938
3870 4874
1618 6727
1188 6323
1526 6636
217 7362
3116 4144
2782 5824
3157 4170
3079 4120
1261 6386
686 7820
2575 5676
3353 4413
1134 6218
2215 5248
1572 6669
2654 5748
3801 4851
3075 4143
157 7346
1680 6847
3812 4820
3274 4344
2397 5486
1655 6721
2885 6013
1273 6336
2665 5714
2191 5300
3960 4933
489 7592
2295 5302
3593 4683
2648 5659
3704 4670
2533 5538
1695 6872
2254 5257
1842 7034
1707 6883
2668 5669
3866 4947
1384 6433
1956 7150
398 7621
2717 5840
2780 5778
1256 6311
2675 5667
1814 6983
3846 4948
3855 4956
1962 7165
4049 5000
2594 5755
4027 5090
51 7273
458 7569
3789 4752
3934 4864
2918 5895
3107 4161
2101 5207
1201 6354
1611 6703
1138 6167
2551 5522
508 7579
875 7948
4046 5030
3650 4651
2362 5457
1924 7144
1181 6385
2517 5561
1004 8064
94 7219
2527 5553
1982 7119
2862 5980
3304 4251
900 8176
3364 4432
1228 6325
1803 7025
239 7317
1099 6193
1667 6910
3992 5093
2032 7053
120 7175
2182 5369
3699 4851
1635 6883
2892 6093
3034 5976
776 8075
2132 5328
730 7775
226 7268
3640 4799
1559 6814
2527 5462
2750 5684
4005 4904
1944 6934
807 8104
3420 4556
721 7753
3710 4836
4056 4931
3483 4359
268 7568
3268 4185
1260 6258
920 7943
146 7218
813 8079
792 8122
1668 6688
2631 5871
1697 6665
2717 5685
287 7606
2783 5750
2538 5440
1792 7082
2664 5826
788 8120
1358 6627
1694 6707
2081 5262
656 7712
3684 4819
543 7846
2415 5589
2304 5563
785 8109
212 7275
1310 6561
3671 4759
447 7549
922 8025
486 7459
3466 4431
3625 4847
2634 5773
3031 5919
3366 4591
325 7564
4086 4924
1916 7094
721 7707
4043 4865
3663 4739
262 7624
1459 6499
305 7651
3903 5101
1573 6902
3403 4504
2085 5360
2109 5355
3421 4490
1115 6275
273 7629
1121 6332
2908 6017
3858 5068
2919 6072
3979 4970
3328 4578
2924 6030
368 7572
1436 6517
325 7599
1011 7960
405 7544
2297 5140
3115 4294
251 7190
3616 4814
1312 6607
1588 6875
2202 5226
13 7420
1855 7117
624 7812
672 7764
2430 5513
3345 4585
1940 7022
377 7557
761 7685
3375 4562
3039 5920
1507 6371
1750 7126
1434 6298
4070 4839
3215 4493
3462 4229
2331 5138
2298 5622
3442 4223
2565 5908
964 7893
202 7640
562 7969
1810 6662
574 7979
2193 5511
863 7751
2158 5494
3064 5856
1216 6617
2082 5433
2207 5507
2904 5702
154 7556
2411 5194
2730 6024
760 8156
1649 6997
2342 5123
3184 4439
2933 5725
1211 6545
167 7565
3016 5861
3582 4304
3055 5852
3190 4418
2121 5503
2694 6079
209 7658
1577 6933
3359 4129
2889 5751
1630 6942
1025 6464
353 7209
3464 4288
3560 4256
3432 4128
695 8190
3809 5032
3741 5078
3219 4573
1425 6366
2019 6828
3636 4965
78 7448
3154 4357
3924 4620
1581 7028
2214 5629
1057 6522
4001 4861
1470 6369
2667 5940
1181 6653
2388 5173
312 7258
1777 7060
4021 4816
1437 6394
3633 4950
3478 4351
1562 7027
3461 4332
2736 6109
2346 5188
156 7667
569 8009
1284 6260
2650 5931
2394 5160
3033 5803
1040 6500
690 8135
3839 5001
2863 5721
3090 4458
887 7695
1613 6967
3814 5021
1517 6289
1886 6879
1309 6303
2518 5204
3408 4307
2523 5208
1792 6788
841 7886
1260 6507
3378 4280
2448 5147
1116 6609
3897 4788
3121 4513
3334 4246
3839 4974
2759 5974
1902 6911
826 7848
1998 6744
3230 4360
2287 5497
1911 6895
1940 6669
3627 5047
3621 5049
2552 5221
3331 4252
3574 4183
95 7676
1618 7156
2453 5171
3083 4524
2153 5569
3186 4571
589 8167
464 7292
1791 6995
3516 4115
2706 5922
1208 6409
446 7183
2336 5265
2132 5605
1590 7044
3169 4562
1685 6945
1302 6307
2777 5996
782 7864
2681 6080
2640 6121
2676 6094
3947 4823
3786 4980
1128 6615
2792 5928
424 7274
2833 5842
1132 6568
277 7376
3303 4384
3455 4277
1206 6524
323 7305
1521 6202
3555 4136
136 7492
3434 4262
2081 5613
1800 6853
284 7379
4069 4660
890 7848
3313 4386
2209 5490
2161 5545
2728 6005
3438 4273
1988 6692
3312 4370
3955 4753
1586 7125
243 7449
3336 4322
2060 5600
3145 4516
510 7187
44 7645
3354 4331
595 8097
71 7604
2241 5428
594 8100
1538 7156
139 7539
3422 4262
740 7967
2673 6029
2399 5283
3700 5000
423 8103
2817 5379
3645 4153
1648 6261
2125 5707
1710 6310
4065 4587
1386 7008
4077 4582
3462 5002
1932 6529
3144 4696
3405 4957
1383 7030
250 7912
2923 5497
1636 6256
838 7507
496 8165
2408 6014
3263 4775
640 7320
634 7267
3470 5012
2575 5163
2783 5370
123 7772
2634 5219
4012 4485
3881 4355
324 8040
2709 5305
2192 5820
97 7757
234 7879
1440 7054
3747 4237
2546 6108
2677 5211
3725 4285
1609 6266
1416 7099
3583 5066
3106 4631
1453 7064
54 7681
1643 6236
697 7297
3173 4700
3073 4664
2857 5394
1355 7031
2506 6134
627 7246
223 7905
3776 4230
3646 4217
1082 6781
1543 6223
906 7616
122 7729
1769 6309
967 7561
2789 5291
1861 6410
1101 6684
620 7230
2797 5311
3347 4929
1276 6826
3807 4231
819 7531
340 7949
2558 6052
1662 6181
431 8180
1819 6469
362 7988
2619 5220
1325 6989
3558 4996
3757 4297
2772 5296
3830 4243
3179 4621
2251 5805
2887 5409
1983 6616
3330 4965
3513 5086
693 7385
4032 4525
2532 6026
593 7230
958 7633
3454 4879
4050 4512
877 7454
2306 6006
820 7488
3123 4678
1083 6734
3729 4324
181 7872
1966 6616
1087 6729
2168 5632
3247 4823
539 7266
1612 6197
1631 6179
3329 4991
3637 4170
2380 6092
1449 6953
2913 5602
76 7880
700 7225
2528 5989
3050 5487
3747 4134
669 7195
3279 4679
3374 5031
2449 5917
614 7401
3898 4533
801 7601
3314 4707
2086 5812
888 7663
537 7296
470 8013
3067 5467
2800 5201
2281 5704
1601 6368
2219 5641
877 7631
2075 5816
1784 6236
3467 4910
88 7922
1917 6614
3589 4264
1821 6579
1467 6932
4056 4471
1973 6405
3689 4312
1413 6964
2189 5695
1850 6537
3704 4299
3420 5097
2165 5827
1328 7046
745 7263
1007 7513
1263 6744
1390 7129
2364 6020
1014 7503
1402 7104
68 7928
4006 4379
1848 6534
3087 4785
2288 5711
2812 5180
2471 5990
1824 6626
3509 4983
3882 4584
3938 4513
2437 5953
3849 4557
1420 6985
3222 4691
1255 6689
679 7277
3500 4966
2863 5602
244 7737
2693 5194
3112 4857
2702 5215
2495 5994
3523 4890
2206 5700
2463 5955
1398 7083
1701 6267
4033 4385
728 7225
1509 6916
217 7739
303 8140
3733 4208
3990 4464
1780 6163
2901 5565
541 7412
1808 6649
3673 4272
1797 6639
3770 4177
3822 4101
459 7975
727 7227
204 7733
501 7950
210 7721
3535 4915
733 7200
1281 7167
577 7358
3515 4795
1231 7119
1918 6266
287 7704
3369 4654
2083 5924
3580 4852
750 7654
1837 6180
2107 5937
2866 5176
3286 5085
2441 5762
1734 6602
2211 6060
1734 6614
1772 6653
4074 4347
2306 5653
2766 5590
1683 6538
1160 7059
3176 4981
3521 4831
1764 6651
895 7264
3828 4565
2671 5453
2831 5165
564 7447
1302 6707
3726 4520
342 7792
2571 5410
2820 5166
3877 4110
764 7632
1095 7019
1999 6368
753 7618
2866 5121
3715 4535
1849 6157
2277 6099
2333 5675
3724 4539
2698 5565
2580 5420
1665 6585
3956 4173
3335 4666
1080 6918
4080 4272
3621 4454
2858 5230
1928 6349
2013 6299
1434 6877
381 7733
308 7805
821 7295
3056 5309
1301 6725
82 7937
2519 5762
1418 6866
3602 4427
2187 6098
2270 6020
3813 4542
3234 5113
3774 4577
1328 6767
2805 5521
2605 5449
2944 5348
1207 7121
2203 6129
2532 5775
1421 6880
2323 5730
960 7348
1230 7099
1551 6521
1050 7010
307 7755
993 7320
1245 7079
2506 5814
2776 5540
1341 6720
253 8064
1294 6769
2544 5775
538 7578
518 7558
302 7855
630 7668
3821 4463
1857 6338
1076 7089
615 7649
783 7303
3050 5219
3982 4103
2524 5719
870 7405
772 7304
2481 5693
3382 4795
3542 4696
3424 4847
1895 6391
817 7329
3536 4674
2811 5481
2190 5916
2169 6122
98 8183
409 7694
1837 6330
1498 6722
3153 5065
3249 4907
2487 5677
3301 4984
2046 6240
3553 4735
494 7756
1519 6733
189 7966
2090 6025
1572 6529
889 7388
4013 4107
3043 5188
280 7871
3438 4807
4007 4108
3648 4588
3167 5107
998 7243
1933 6176
3202 4908
207 8032
1320 6808
4087 4165
2530 5712
2011 6248
1555 6566
1846 6275
1185 6935
655 7481
2529 5720
103 8157
46 8084
3710 4548
798 7330
136 7991
2496 5634
3471 4685
1490 6678
651 7500
2122 6019
2528 5673
299 7906
66 8073
3009 5130
986 7191
871 7350
322 7827
2166 6052
1874 6272
2841 5322
551 7667
980 7169
1960 6270
637 7594
1391 6839
3915 4241
579 7576
1507 6718
2448 5710
3166 4992
1506 6658
3700 4501
802 7361
2037 6161
2515 5690
383 7829
1002 7174
1619 6590
1018 7191
1860 6324
2142 6062
1263 6942
3773 4425
2799 5402
392 7807
2851 5332
3505 4681
265 7921
712 7472
3954 4235
599 7597
3183 5011
1085 7105
2111 6081
3228 4963
1083 7108
2698 5493
3565 4626
1378 9570
212 8405
1558 9746
1657 9854
329 8512
89 8274
709 8910
1504 9708
1442 9644
1146 9333
1266 9469
295 8488
1345 9552
1371 9545
1464 9633
719 8916
1194 9355
18 8246
39 8192
1548 9767
344 8554
111 8281
965 9210
1723 9982
1189 9440
363 8493
1037 9287
1592 9843
1746 9881
319 8560
233 8377
1541 9809
481 8631
869 8961
555 8783
831 9046
1031 9325
38 8266
1238 9403
411 8692
257 8561
227 8338
972 9150
1072 9283
1258 9375
973 9147
115 8196
1127 9247
1029 9340
1670 9979
397 8691
1156 9467
94 8413
355 8678
467 8543
5 8329
199 8267
1068 9378
316 8626
230 8309
1358 9693
289 8626
535 8834
8 8336
1551 9879
1511 9598
1206 9258
631 8938
699 8741
129 8222
1143 9427
549 8846
379 8660
566 8839
687 8730
1442 9574
597 8860
127 8371
433 8545
121 8360
897 9043
978 8964
1084 9445
565 8937
1163 9302
170 8266
837 9122
1617 9912
1337 9680
823 9159
950 9031
1495 9510
1091 9399
454 8511
1174 9324
1544 9970
876 9105
1045 9488
402 8346
500 8445
1357 9281
1383 9322
403 8349
1197 9634
502 8423
561 8995
834 8791
1521 9446
492 8443
1183 9603
1454 9394
1834 9781
1247 9727
116 8534
1313 9218
182 8595
1146 9554
475 8439
2033 9948
2005 9952
651 9148
836 8830
1844 9743
705 9210
465 8426
1946 9894
1046 9558
1798 9799
343 8211
2033 9908
484 8355
1934 9926
1403 9271
784 8798
1835 9853
645 9180
1963 9969
92 8451
781 8814
10 8553
416 8391
579 8996
991 8885
1335 9280
756 9091
604 8998
1325 9388
41 8621
1232 9559
1364 9427
962 8778
1395 9464
607 9171
534 9094
606 9166
1227 9567
1069 9658
873 8945
1856 9946
65 8666
238 8527
1804 9892
917 8764
549 9102
1308 9392
1879 9978
882 8924
172 8468
1513 9296
1522 9293
1444 9318
1143 9648
413 8282
1289 9409
714 8960
1388 9376
1433 9303
698 9066
746 9018
794 8911
461 8219
1179 9539
1487 9236
561 9171
825 8913
1888 9865
1379 9353
1278 9489
1523 9219
1173 9572
1332 9418
689 8368
948 8630
600 8284
797 8471
807 8500
2017 9714
765 8425
905 8606
1602 9307
743 8442
880 8537
1686 9407
684 8326
298 8961
499 9183
686 8321
149 8871
1128 9818
1094 9845
1172 9902
1125 9823
736 8414
1907 9548
267 9036
675 8425
1670 9419
1993 9631
936 8702
93 8708
56 8806
21 8820
1788 9371
1067 9795
400 9212
1544 9317
1894 9495
357 8983
2044 9611
54 8776
360 9194
294 9128
1841 9634
42 8895
169 8752
636 8421
1816 9657
347 9214
1625 9470
816 8600
528 8380
670 8238
1009 8515
10 8889
1765 9298
1689 9250
77 8946
1818 9688
1852 9721
660 8275
232 8739
487 9004
834 8594
1493 9988
292 9200
1093 9887
754 8233
1943 9547
646 8283
41 8951
1590 9448
1580 9438
375 9089
738 8213
118 8842
929 8540
1003 8470
1616 9390
1889 9631
1376 9824
1435 9883
997 8420
646 8578
1280 9733
688 8636
173 9122
1723 9643
1844 9254
1489 9923
2012 9423
1797 9238
999 8434
21 8972
1958 9405
810 8247
12 8979
769 8225
1370 9850
1366 9840
1787 9693
1474 9956
696 8592
1605 9576
190 9104
1397 9798
1367 9827
207 9209
406 8878
912 8360
792 8224
189 9213
1293 9806
508 8890
12 9054
506 8873
1721 9711
855 8206
69 8990
612 8504
102 9017
72 8983
1022 8353
478 8886
1926 9453
1122 9998
132 9193
103 8970
524 8575
824 8269
1556 9583
1965 9425
109 8977
394 8949
890 8442
1719 9524
1450 9775
1586 9659
1812 9373
1000 8290
1406 9971
269 8861
135 8982
704 8533
14 9115
953 8239
1018 8292
345 8953
552 8586
1682 9521
900 8231
1637 9677
2036 9310
1996 9319
1453 9729
229 9032
1524 9819
1757 9581
67 9090
1709 9579
235 9005
327 8833
354 8876
140 9052
1000 8248
973 8222
129 9044
1599 9702
1969 9320
495 8756
457 8744
249 8987
1892 9351
168 9036
1736 9517
196 8993
1560 9726
975 8230
1575 9678
1684 9573
58 9160
547 8667
1859 9402
1530 9731
570 8645
277 9488
1386 8547
293 9515
1493 8647
177 9383
350 9543
1737 8915
1929 9108
665 9860
1652 8811
1456 8623
349 9538
1162 8363
1767 8902
1030 8229
2012 9207
1786 8907
1714 8833
405 9641
1345 8573
550 9755
713 9972
691 9868
1960 9193
507 9663
480 9646
1628 8715
1625 8765
1817 9084
752 9882
1978 9175
1949 9202
1324 8542
204 9407
1561 8813
1267 8325
1029 8306
1448 8656
328 9527
1149 8194
235 9321
1502 8541
610 9959
296 9636
417 9519
927 9999
1852 9135
283 9603
248 9314
560 9898
1265 8273
1505 8512
1226 8302
625 9941
611 9925
378 9692
1039 8357
1931 9019
122 9417
722 9831
187 9229
1183 8231
1906 9167
1222 8197
1392 8627
1373 8602
81 9369
291 9704
1411 8533
145 9286
1200 8297
2004 8973
505 9509
1381 8635
97 9347
1104 8376
133 9326
1786 8724
1603 8876
1896 9117
1486 8505
286 9703
279 9709
1153 8315
1046 8427
2040 8965
1642 9065
5 9478
17 9502
494 9462
1480 8400
1452 8373
949 9902
201 9684
155 9659
1378 8259
1922 8864
137 9642
1897 8781
23 9532
1739 9208
1041 8485
304 9329
151 9683
1109 8476
1400 8245
1970 8957
1654 8997
1279 8620
1214 8681
1243 8588
324 9247
936 9930
1669 9191
881 9752
1642 8960
341 9252
774 9844
802 9812
1941 8940
1545 9072
1848 8771
1928 8947
1366 8234
330 9270
1100 8497
949 9782
1053 8606
64 9670
1486 8264
1019 9853
793 9875
268 9350
135 9485
1001 9826
346 9430
1042 8607
394 9220
155 9493
775 9876
1235 8517
239 9590
369 9452
1346 8412
1768 9078
8 9623
1984 8801
958 9757
1482 8301
260 9388
62 9620
1708 8962
1616 9215
1075 8577
1401 8397
208 9577
218 9568
1900 8912
976 9838
1610 9204
310 9463
1405 8380
1570 9184
1294 8394
1953 8809
1935 8774
1714 9085
1209 8553
1348 8344
1015 9770
214 9522
1233 8502
11 9699
1812 8952
1353 8381
361 9366
1525 9206
960 9674
1576 8251
660 9357
1958 8639
119 9837
759 9453
2005 8651
2001 8690
680 9356
216 9980
247 9950
1447 9101
60 9744
1637 8267
2021 8650
1291 9018
1304 9003
1578 8221
1063 8720
536 9248
1805 8500
1044 8749
918 9644
221 9953
1488 9198
27 9822
11 9805
1692 8404
1176 8915
1458 9186
989 9615
1807 8538
1993 8607
1825 8572
634 9253
219 9913
1391 8967
1027 8815
1607 8247
1032 8827
1199 8922
703 9416
1096 8752
1273 8832
1905 8461
1009 9612
711 9401
756 9332
908 9486
968 9547
1297 9109
1553 8340
215 9808
639 9457
915 9474
1950 8458
252 9830
1673 8210
706 9312
1643 8387
1771 8258
1653 8409
748 9301
1595 8320
120 9924
952 9477
1738 8203
1583 8429
1981 8569
861 9620
68 9870
1650 8382
1510 9002
1969 8573
1628 8337
228 9780
1376 9137
1236 8711
1090 8854
1633 8379
233 9779
888 9635
997 9529
468 9993
1487 9001
1979 8541
1735 8236
220 9776
1736 8230
1630 8365
1937 8551
153 9825
1605 8377
1150 8832
754 9713
1634 8551
1073 9014
434 9915
615 9580
1151 9071
907 9370
1824 8241
1364 8773
335 9821
1681 8578
1503 8898
739 9664
632 9563
654 9642
614 9549
687 9604
839 9323
1118 9072
1847 8216
757 9669
2025 8411
1672 8637
1459 8841
699 9606
974 9457
1807 8270
430 9958
483 9899
2026 8355
2010 8339
1923 8396
1842 8293
1956 8446
1252 9145
1781 8618
1579 8521
597 9527
923 9471
670 9723
1394 8724
871 9229
674 9672
517 9582
1365 8762
280 9834
500 9862
1193 9179
822 9295
1169 9195
567 9548
279 9834
1104 9005
1080 9146
445 9791
469 9814
1500 8792
1277 9076
1360 8921
1102 9153
981 9285
1077 9127
563 9641
1614 8660
673 9530
1139 9192
333 9938
303 9869
1449 8718
658 9531
263 9899
840 9464
1443 8723
1196 8991
1099 9213
1133 9172
459 9841
399 9781
1638 8666
1431 8746
1124 9179
1443 8807
658 9556
334 9860
349 9879
512 9678
1796 8395
1300 8896
1508 8753
1580 8695
1845 8426
1198 9037
1817 8435
1013 9246
1078 9181
2026 8198
342 9915
1282 8941
710 9525
778 9470
1619 8615
372 9856
1303 8930
1095 9144
3643 9787
3181 9327
2521 8669
3641 9789
3135 9274
2257 8408
2926 9063
3206 9356
2176 8331
3058 9214
3012 9161
2848 9006
2899 9027
3712 9872
2930 9059
2681 8802
3399 9562
2537 8694
3632 9775
2144 8256
3730 9907
3102 9276
3011 9185
2121 8300
2233 8342
3579 9675
3160 9322
3725 9909
3080 9265
2434 8638
2627 8831
2049 8254
2454 8662
2410 8480
3758 9956
2399 8467
3347 9565
2292 8358
2160 8228
2653 8712
3084 9299
2299 8356
2802 8851
2896 9010
3707 9753
3156 9264
2929 8981
3658 9774
2556 8603
2336 8519
3551 9651
3532 9656
3368 9555
2067 8296
2064 8302
2563 8828
2971 9188
2570 8821
2268 8285
3775 9785
3550 9561
2497 8527
3319 9337
3555 9587
3381 9645
2622 8868
3007 8989
2387 8694
2840 9149
2314 8620
3517 9499
3416 9717
3806 9840
3693 9950
2723 8725
2513 8552
2249 8307
2945 9021
2818 9158
2719 8795
3590 9932
2712 8788
3552 9516
2889 9092
2581 8920
2150 8371
2895 9113
2179 8277
3701 9890
4055 9999
2720 8827
3071 8996
2051 8414
2074 8440
3488 9544
3717 9836
3577 9490
2120 8381
2957 9076
3565 9489
3552 9502
2893 8780
2730 9134
3429 9312
4051 9940
3560 9444
3340 9244
3297 9712
2284 8699
2772 9165
3544 9411
3194 9569
3040 8955
3426 9286
2777 9212
3254 9617
2922 8768
4048 9982
2283 8644
3100 9516
4086 9924
2067 8487
3647 9990
3267 9721
3253 9609
4006 9883
2592 9061
2976 8936
2522 8337
3482 9429
2247 8595
3240 9727
2845 8772
4003 9977
3484 9409
3197 9507
2817 8800
2238 8671
3216 9717
3922 9784
2978 8911
3085 9571
2701 9187
2637 9022
3392 9267
2788 9105
2729 9169
3540 9300
3892 9911
3140 9666
2911 8921
2534 8289
2582 9116
3170 9710
2317 8320
3520 9295
3852 9859
3542 9284
2102 8613
2884 8914
3205 9501
2052 8605
2439 8221
2063 8596
2821 8862
2579 9100
2825 8872
2303 8542
2978 8711
2296 8543
2484 8220
2667 9154
2786 9033
2469 8200
3120 9629
3103 9650
2396 8435
2638 9201
2538 8233
2071 8659
2231 8563
3914 9868
2684 9140
2104 8688
2138 8593
2317 8386
2247 8469
3851 9949
3884 9975
2482 8303
3035 8763
2596 9152
3875 9926
3281 9528
2327 8445
2934 8856
3046 8726
2565 9207
2079 8684
3193 9600
3916 9906
3001 8775
3732 9365
3609 9242
2148 8813
3719 9358
2079 8725
2389 9049
3829 9467
4088 9719
2436 9099
2740 8357
3970 9619
3769 9386
2080 8757
2511 9176
3316 9960
2768 8397
4061 9667
2590 8193
3772 9372
2727 8327
2195 8882
2072 8761
3826 9434
3785 9444
3811 9420
2458 9131
2966 8610
3775 9351
2361 8962
3143 9849
3737 9431
2432 9167
2084 8821
2746 8424
3647 9325
3125 9831
3708 9263
2869 8546
3254 9964
2271 8836
2562 8291
3004 8671
2477 9159
3924 9534
2190 8932
2478 9157
2550 9114
2757 8361
2666 8196
3915 9528
3694 9242
3029 8619
2093 8787
2397 9175
2440 8967
2427 9194
2598 8370
3100 9867
4065 9596
2737 8210
2704 8245
3248 9751
2410 9153
3835 9303
2415 9155
3243 9752
3195 9928
2923 8670
2671 8405
2431 9151
4059 9496
2421 9136
2332 9177
3807 9241
2831 8648
3677 9363
3792 9217
2294 8736
2626 8346
3886 9714
3651 9372
3726 9326
2595 8386
2484 9046
2900 8630
2551 8980
3755 9294
2221 8776
3810 9226
2228 8799
2380 9145
2733 8280
2873 8640
2539 8978
3276 9777
3629 9426
3591 9479
3854 9226
3652 9537
2479 8873
3439 9833
2326 8728
3962 9323
2716 8589
3572 9952
3870 9227
3361 9780
2966 8323
2195 9093
2167 9056
3925 9290
3668 9585
3016 8431
2744 8593
2155 9026
3824 9668
2272 9173
2586 8493
2748 8583
4011 9367
2486 8950
3556 9895
3877 9314
2263 9116
3397 9737
4003 9459
2057 9055
2130 8964
3452 9771
2201 9152
3605 9550
2068 9032
3692 9482
2861 8262
2161 8988
2402 8717
2692 8688
2407 8723
3385 9804
3641 9540
2330 8807
3907 9408
3428 9953
2836 8348
2847 8343
3965 9460
3873 9386
3806 9554
3867 9364
3485 9741
3475 9731
3856 9346
3516 9769
2240 9049
2361 8867
2296 9059
2739 8494
2745 8487
2636 8685
2070 9141
3830 9557
3380 9874
2500 8803
3429 9935
3760 9472
2514 8803
2512 8804
3758 9498
3707 9667
2939 8384
2330 8870
2685 8643
3436 9938
2654 8673
2070 9174
3578 9790
2091 9198
2703 8522
4036 9228
3000 8307
2912 8364
3734 9560
2914 8368
2517 8710
3548 9733
2969 8258
2929 8362
2429 8870
2970 8261
3444 9876
2559 8735
2759 8485
2785 8450
2071 9200
2171 9106
3603 9722
3590 9711
2662 8588
2925 8322
2513 8737
3919 9404
2220 9048
3042 8214
3766 9536
3430 9886
2669 8597
3474 9836
3718 8838
4022 9146
2607 9761
3257 8362
2379 9566
2329 9487
2435 9626
3554 8696
2300 9443
2600 9736
2470 9614
3281 8444
2091 9221
2075 9257
3547 8680
3844 9011
3362 8475
2049 9274
2700 9904
3723 8905
3862 9045
3796 8850
3512 8703
3592 8771
2615 9851
3841 9039
3782 8855
3594 8798
3509 8672
2073 9292
2116 9235
3357 8518
2182 9435
3900 9058
4094 9118
2366 9564
2278 9346
3711 8730
2114 9259
2074 9331
3197 8212
2751 9935
3404 8510
4067 9111
2124 9268
3534 8629
2797 9837
4064 9062
3736 8721
2531 9577
2948 9994
4052 9028
3235 8242
2764 9822
3514 8489
3273 8285
2623 9897
3988 8963
2581 9858
2367 9636
3600 8845
2226 9260
3398 8664
2229 9258
3250 8237
4026 8987
3871 9150
2210 9221
2152 9413
3352 8617
3155 8417
2166 9408
3503 8472
2088 9360
3816 8784
4037 9087
3705 8899
2721 9759
3917 9099
3709 8891
2755 9732
2054 9421
3983 9027
3278 8195
3152 8351
2388 9605
3247 8315
3825 8742
2280 9264
2210 9336
3284 8207
2608 9967
2245 9252
3789 8751
2201 9339
3979 9064
3344 8692
2167 9369
3597 8931
3818 8728
2555 9487
2699 9855
3804 8740
2181 9341
4057 8995
2943 9848
2154 9581
3234 8616
3048 9959
3054 9980
3561 8447
3862 8716
2278 9723
3304 8695
3749 9093
3932 8829
3389 8219
3564 8389
3004 9877
3415 8316
4000 8846
3394 8304
2225 9602
2370 9329
3511 8322
2347 9245
3310 8658
2325 9256
2493 9344
3322 8634
2852 9830
3965 8763
2498 9348
2331 9299
3817 9121
3611 9042
2212 9705
2107 9588
3606 9038
3342 8278
3172 8508
3705 8992
2205 9668
2162 9491
2894 9772
2128 9525
3585 9060
3325 8597
3317 8605
4024 8906
3738 9192
2963 9965
2204 9503
3615 9114
3932 8900
3911 8926
4076 8823
3367 8378
2424 9432
3257 8472
2383 9454
2735 9996
2822 9891
3588 9131
3847 8886
3508 8197
3394 8433
2302 9542
3651 9208
3997 8796
3426 8352
3864 8923
3572 8240
3942 8879
3207 8524
2519 9244
3412 8324
3667 9088
3874 8951
3486 8260
3324 8480
3319 8490
3220 8523
2048 9698
3845 8935
2253 9519
3330 8416
2530 9222
4042 8748
2970 9852
3316 8467
2486 9306
3209 8548
2455 9319
3239 8535
3458 8311
2876 9931
3635 9162
3243 8534
4092 8707
3212 8836
3291 8909
2198 9866
2104 9767
3869 8509
3245 8844
3648 8294
3423 9080
3280 8952
2055 9774
3905 8562
3931 8547
3396 9087
3494 9112
3127 8822
2795 9385
3306 8865
2956 9664
3928 8468
4093 8627
4075 8634
3331 9041
3944 8506
3389 9070
2254 9878
2200 9921
4057 8633
3235 8900
3727 8422
2982 9676
3849 8549
3341 9056
3851 8570
3425 8984
3546 9126
2274 9884
2249 9801
3527 9029
3096 8860
2834 9621
3175 8942
2301 9846
4012 8483
2102 9892
2885 9695
2162 9961
3380 9129
3540 9079
3679 8437
3745 8209
3013 9588
3639 8332
2113 9981
2747 9222
2778 9240
2635 9352
2574 9421
3608 8412
3856 8665
2584 9428
3019 9499
2237 9829
2882 9630
3963 8614
3614 8387
3237 8773
3089 8949
2751 9306
2588 9465
2639 9383
3044 9484
3857 8696
3722 8289
2295 9754
3056 9482
2872 9669
3564 8940
2756 9672
3723 8603
2670 9597
3660 8536
3233 9144
3012 9437
2964 9352
3124 9002
3885 8242
3028 9459
3872 8204
2346 9734
3777 8689
2459 9889
3894 8205
2694 9661
2669 9517
2567 9540
3689 8495
2651 9500
3502 8935
3995 8407
3749 8682
3566 8894
2649 9481
3133 9068
2434 9939
3141 8982
3188 8993
3338 8796
2470 9976
3017 9384
3025 9395
2623 9564
3126 9051
3910 8235
2994 9410
2468 9937
2395 9766
2724 9690
2927 9232
2960 9235
3711 8700
2657 9700
2920 9455
3451 8947
2762 9538
2545 9851
3985 8192
2740 9510
3024 9285
2343 9905
3425 8955
3881 8375
2525 9794
2661 9722
2794 9546
3751 8448
3672 8703
3407 8934
3506 8731
2738 9475
3829 8525
4072 8276
2311 9912
3569 8782
3702 8628
2344 9962
3655 8581
2871 9460
4053 8214
3858 8401
3027 9239
2839 9435
2985 9316
3175 9129
3630 8673
3556 8757
3981 8286
4076 8248
2308 9948
3401 8852
2516 9738
2659 9600
2379 9896
3987 8308
2646 9649
3251 9054
3695 8576
3265 9010
3493 8790
3586 8698
3762 8526
2525 9760
2781 9506
2509 9778
4784 8880
5316 9415
4760 8850
4161 8269
5811 9917
5806 9918
5759 9838
5383 9492
4174 8282
4176 8265
5410 9529
4371 8456
5146 9223
4463 8561
4448 8575
5921 9995
5035 9088
5230 9310
4475 8525
5749 9806
5405 9505
4345 8388
5607 9689
4360 8521
5133 9292
4410 8567
4321 8369
4536 8681
4575 8580
4703 8704
5483 9483
5380 9574
4440 8497
4842 8835
5161 9283
4133 8270
5858 9875
4554 8624
4509 8672
5719 9942
4378 8601
4495 8458
5766 9728
5607 9583
5780 9758
4635 8848
4888 9111
4741 8714
5115 9067
5760 9750
4404 8611
4656 8875
5338 9343
5554 9498
5799 9741
4326 8264
5476 9684
4469 8647
5637 9904
5652 9891
5398 9647
4424 8689
6069 9992
5323 9333
5549 9490
5682 9869
4426 8584
5664 9955
4919 9203
4961 9128
4848 8736
5855 9742
5715 9861
4098 8416
5697 9893
4317 8250
5174 9436
5118 8980
4424 8611
5393 9725
4937 9126
4566 8486
5809 9798
4597 8450
4531 8520
4470 8584
5426 9677
4171 8539
4791 9124
5625 9452
4480 8341
5281 9652
4538 8365
6059 9907
5041 8879
5657 9990
5425 9233
5077 8946
5014 8881
4686 9086
6125 9951
6114 9943
4780 9110
4318 8676
4716 9042
4839 9127
5288 9707
4977 8759
5900 9796
5610 9381
5391 9309
5063 8851
5933 9848
5199 9497
5318 9626
4323 8637
4940 8751
5120 9572
4837 9096
4824 9142
5011 8943
4595 8335
4940 8754
5543 9255
5465 9433
4723 9205
4433 8406
5359 9575
6090 9794
4358 8334
4828 9040
4402 8383
5024 8750
5122 9619
4694 9157
5979 9934
4254 8459
5039 8760
5966 9942
5944 9894
5580 9324
5038 8719
4229 8481
5350 9555
5344 9558
4124 8619
6026 9779
4899 8861
4522 8299
4142 8679
5391 9413
4422 8330
4286 8560
4416 8334
5159 9719
5590 9270
5412 9412
5250 9569
4179 8629
4774 9047
6125 9756
5077 8738
4210 8591
5983 9560
6133 9725
4224 8853
4144 8743
5814 9390
5226 9800
4725 8279
5729 9282
5324 9967
5067 8687
4646 8205
4751 8353
4869 8490
5242 9803
5738 9298
5885 9415
5669 9243
5330 9964
4576 9130
4886 8536
4600 9143
5671 9335
4239 8927
4605 9132
6079 9707
4166 8735
4741 8415
4797 8417
4825 8378
4690 8251
4444 9014
4616 8293
4762 8439
5039 8642
5318 9896
4917 8516
4604 9098
4334 8852
4437 9006
5829 9400
5236 9739
4786 8243
5074 8528
4487 8963
4295 8770
4293 8783
4788 8255
4714 8423
5841 9311
6057 9533
4689 8393
5808 9259
6106 9599
5074 8565
4845 8257
4123 8887
4663 8347
4145 8863
6050 9491
4652 8345
4189 8936
5914 9638
4736 8253
4682 8436
5890 9666
4990 8635
5161 9958
5248 9807
4502 9030
5831 9237
5909 9665
4858 8227
5070 8471
5767 9309
5969 9611
6009 9639
5849 9275
5963 9632
5304 9800
5636 9456
5884 9225
4591 8986
5135 9975
4300 8753
5055 8513
5858 9699
5757 9599
4172 9039
4444 8793
4961 8295
4556 8902
6078 9396
5537 9900
4841 8701
5877 9696
4633 8449
4604 8930
4860 8670
5892 9255
5535 9913
4868 8227
4505 8880
5836 9703
5051 8336
5947 9230
5947 9218
4896 8218
6107 9368
4563 8848
4587 8877
4747 8653
4767 8662
4547 8840
5936 9343
5081 8333
4404 8812
4271 9203
4805 8613
4109 9068
5835 9646
5768 9700
5561 9928
5445 9783
5232 9988
4716 8474
4184 8994
4239 9205
4687 8496
4146 9139
5710 9675
4911 8361
5522 9753
5576 9797
4796 8498
4955 8395
4395 8895
5546 9778
4117 9103
6082 9318
4442 8958
4269 8968
4745 8495
4885 8383
5595 9846
6023 9257
5110 8280
5579 9850
5715 9697
4799 8460
5635 9648
4557 8830
4661 8579
6095 9231
4729 8632
4856 8511
5638 9685
4953 8333
6081 9256
4225 9069
4201 9112
4431 8892
5764 9586
4862 8454
5624 9730
4338 8969
6021 9342
6047 9117
4761 9884
4889 10000
5581 8668
4725 9828
5747 8810
5926 9023
5209 8313
5642 8747
4565 9718
6076 9113
5381 8483
5859 8907
5912 9009
4543 9621
5286 8330
5344 8399
5884 8905
5419 8477
4209 9289
4195 9308
4105 9288
4406 9586
4928 9989
4390 9568
6084 9091
5578 8580
5456 8448
4169 9241
4732 9772
4568 9614
5654 8769
6101 9101
5301 8428
4610 9817
4955 9984
5984 9019
4746 9963
5815 8918
5738 8712
5650 8822
4517 9679
5894 9066
4782 9922
4313 9387
5220 8215
5456 8486
5315 8372
5764 8956
5774 8948
5398 8554
4452 9497
5969 9169
4785 9776
5874 8816
4344 9328
5296 8249
6106 9040
4613 9864
4162 9426
4527 9535
6046 8975
5017 9994
5932 9151
4811 9816
4769 9787
5737 8950
4261 9223
4830 9852
4572 9592
4689 9974
4251 9265
4701 9974
5784 8756
5722 8928
4363 9655
5557 8564
5338 8223
6084 8973
4817 9756
5516 8514
5128 8390
4771 9842
6132 8998
4628 9927
4148 9441
4428 9625
4363 9683
5292 8310
4348 9251
5815 8808
4328 9225
4206 9359
4208 9367
5705 8878
5423 8646
5306 8272
4498 9593
4475 9622
5713 8892
5601 8465
5885 8717
4670 9933
5459 8615
6132 8968
4568 9509
4798 9792
4666 9925
5904 9199
4443 9304
4589 9449
4096 9479
5544 8358
4601 9463
5778 9090
4398 9272
6102 8897
4602 9446
5893 8741
4205 9551
5541 8323
6111 8948
6127 8897
5504 8366
6115 8909
4317 9710
5521 8354
5441 8309
5987 8790
5822 9095
5213 8545
5935 8722
5260 8653
6028 8904
6034 8919
4494 9419
5524 8410
5205 8454
5766 9173
4973 9785
4329 9660
5673 9073
5186 8473
4141 9585
4987 9754
5839 9134
4593 9360
4180 9526
5909 8823
4429 9262
4977 9749
4927 9813
5135 8549
4486 9450
5317 8616
5258 8677
4210 9473
4130 9559
5824 9143
4263 9695
6089 8883
6078 8901
4987 9735
5207 8491
4551 9403
5540 8411
4357 9338
4159 9661
5349 8544
5240 8702
4408 9394
4530 9273
5510 8200
4760 9992
5680 9121
6019 8727
5251 8469
6053 8765
4910 9910
5081 9849
5604 8263
4990 9944
4096 9639
5547 8218
6009 8908
5586 8300
5198 8590
5170 8691
4572 9240
5155 8679
5227 8621
4118 9694
6085 8716
4197 9640
4193 9649
4154 9708
5430 8424
5934 8945
4912 9936
5564 8286
4275 9567
5334 8506
4310 9531
4593 9246
5808 9025
5676 9181
6006 8847
4301 9524
5779 9064
5823 9026
5227 8596
5293 8530
5087 9760
4336 9968
5939 8499
4283 9914
5791 8349
4983 9584
4305 9947
5216 8817
5471 9037
5191 8785
5146 8706
5474 9081
5313 8925
6103 8651
5878 8402
5525 9139
4711 9291
5495 9050
5102 9691
4644 9234
4949 9580
4871 9530
4139 9750
4408 9989
6010 8516
5819 8441
4773 9440
5863 8352
4318 9878
6014 8502
4619 9281
5443 8974
5550 9184
4434 9987
5690 8297
4901 9596
5336 8835
5367 8874
6056 8693
5810 8428
5297 8913
5469 9020
5905 8564
5354 8834
5167 8772
5048 9685
4291 9900
5985 8462
6049 8654
5331 8865
4871 9587
5299 8903
4999 9476
5465 9178
5356 8810
4929 9671
4702 9431
5147 8854
5611 9083
5069 9565
5116 9579
5062 9553
5699 8410
5721 8389
5526 8970
5496 9189
4190 9920
4801 9321
5902 8609
4755 9276
5377 9137
4151 9862
5073 9571
5514 9022
5026 9492
4152 9871
5454 9206
5152 8859
5037 9494
5058 9593
5129 8887
5122 8899
5735 8367
4919 9724
5518 9024
4139 9979
5914 8649
5850 8204
4754 9284
4819 9227
5870 8246
5647 8403
5606 9017
5588 8971
5034 9589
5757 8340
4306 9784
6138 8465
5821 8274
6136 8460
5880 8207
4627 9450
4934 9663
5422 9172
4316 9763
4384 9763
4749 9608
5189 9024
4948 9297
5549 8874
5547 8864
4920 9268
4381 9747
5389 8706
4126 9998
6003 8298
5374 9191
5551 8847
6095 8430
6004 8273
5633 8488
5132 8999
4492 9888
5118 9424
6110 8431
4903 9236
5401 8749
5532 8869
4474 9793
4387 9827
5264 9168
5411 8802
4789 9713
5973 8208
5102 9387
4390 9845
5829 8598
5395 8768
4978 9254
5020 9417
6091 8366
6126 8328
4405 9823
4437 9790
5783 8675
5889 8310
4501 9954
4887 9327
4658 9550
5837 8625
5594 8871
5472 8929
5089 9315
5980 8415
6048 8229
5688 8625
6055 8236
5874 8550
5478 8944
5876 8557
5536 8762
5396 8882
5952 8422
5256 9007
4420 9960
4415 9873
5060 9335
4886 9391
4784 9485
4926 9345
5859 8482
6092 8201
5700 8579
6036 8287
4954 9364
4849 9534
4508 9811
6042 8271
5211 9100
5099 9266
4488 9835
4462 9865
5243 9107
4704 9608
6118 8206
5438 8919
5427 8926
5693 8656
4382 9968
6071 8281
5319 9000
4975 9374
4633 9706
6035 8295
5158 9183
6015 8325
4939 9397
7878 9923
7768 9809
6833 8888
6976 9038
7783 9847
7020 9086
6522 8556
6435 8507
6724 8797
7120 9165
7240 9301
6488 8570
7184 9266
6190 8202
7127 9215
6437 8457
7606 9605
7675 9662
7904 9895
6160 8279
6424 8531
7297 9422
6657 8789
6551 8654
6394 8356
6705 8785
7084 9166
6668 8815
6599 8609
7252 9279
6200 8276
6764 8732
7814 9972
6253 8208
6146 8319
7647 9632
7890 9811
6672 8853
7592 9504
7815 9740
6309 8232
6800 8734
6872 8777
6185 8375
6494 8641
7060 9012
6518 8663
6611 8571
7605 9476
6769 8903
7561 9521
6729 8944
6726 8837
7308 9288
6359 8211
7642 9503
7212 9441
7847 9832
6941 9170
7433 9680
6961 9197
6427 8644
6448 8687
7003 9147
6973 9176
7048 9058
6919 9196
6290 8313
6855 8747
7700 9978
6897 8705
6651 8459
6403 8690
7176 9465
6830 8792
6408 8693
6285 8590
7310 9613
6291 8599
7578 9375
6397 8698
8046 9833
6417 8217
6840 9138
8095 9874
6713 9001
6504 8312
6363 8650
6886 9202
6904 9197
8127 9898
7941 9747
7267 9595
6340 8667
6639 8398
7723 9993
6396 8665
7180 9508
6545 8379
7257 9591
7576 9399
7236 9590
8057 9802
7625 9469
7013 8786
6547 8363
6474 8305
6352 8684
6233 8548
7509 9239
7476 9328
7753 9986
6958 8805
7634 9374
6484 8217
6502 8243
7421 9637
8099 9920
7423 9624
6464 8232
6276 8686
7112 8866
8125 9939
7164 8840
7678 9355
7471 9305
7322 9709
6664 9074
7406 9618
8167 9882
7246 9523
8101 9762
6244 8675
7326 9484
6849 9047
6415 8339
6264 8677
8157 9795
6622 8257
7581 9277
7133 8828
6759 9154
7646 9337
6999 8959
6539 8226
7443 9402
7512 9462
6723 9196
8010 9957
7303 9512
6676 9125
7004 8942
6915 8885
7211 9617
6811 8999
6889 9044
6214 8581
7198 9691
6930 8916
6528 8262
7237 9602
7033 8883
7089 8826
6234 8599
6878 8972
6465 8341
7662 9273
6638 8201
6829 9029
7352 9553
6706 9180
7221 9670
6790 9075
6523 8332
6813 9060
7215 9771
7038 8566
7358 9911
7859 9378
7863 9379
8106 9660
6553 9102
7361 9945
7954 9483
6259 8809
7123 8655
8182 9706
7195 9734
7742 9251
8087 9654
6436 8965
6279 8869
6345 8929
7934 9430
7910 9423
7841 9354
6675 8252
7155 8668
6662 8244
6258 8779
6897 8396
6279 8889
8085 9687
8145 9622
7494 9996
7376 9885
6795 8388
7984 9573
6376 8881
6245 8710
7278 9736
7242 9762
6391 8857
6470 9008
6507 8989
6473 9161
6629 9057
7938 9607
6171 8849
6177 8875
7790 9443
6238 8912
7311 9758
6198 8868
6317 8760
6148 8849
8083 9477
6453 9133
8021 9674
6199 8855
7142 8519
7353 9755
6764 8399
7132 8569
7977 9612
7595 9986
7761 9466
6247 8906
7843 9228
6523 9162
8078 9535
6356 8800
7041 8501
7905 9302
7312 9770
7394 9820
7824 9296
7051 8524
6991 8582
6853 8213
7151 8509
7745 9363
8014 9627
6844 8299
6530 9051
7125 8462
6296 8774
6699 8398
8129 9513
6398 8727
7017 8576
6807 8317
8025 9655
7107 8499
6549 9063
7673 9997
7290 9858
6848 8250
6762 8342
7802 9594
8029 9308
6444 8750
6927 8203
8135 9410
6588 8884
6211 9034
7622 9941
7599 9916
8102 9395
8016 9287
6302 9094
7062 8331
6731 8552
6514 8791
6896 8661
7133 8436
8030 9330
7684 9515
6760 8537
7451 9769
7550 9804
6376 9178
6865 8680
7648 9947
7944 9267
6455 8713
8121 9466
7579 9951
6161 9053
6268 9008
7161 8372
7719 9578
8156 9349
6276 9182
7797 9514
6224 9015
7483 9810
8187 9362
8131 9389
6226 9021
6283 9211
6926 8314
6436 8786
7142 8350
6679 8559
7475 9910
7598 9768
7850 9507
7018 8419
6205 9138
6786 8466
7734 9638
6331 9007
6285 8986
7037 8421
7724 9653
6827 8498
7964 9349
7875 9561
6629 8826
7653 9797
7135 8318
7816 9513
6948 8326
7950 9385
6467 8939
6476 8933
6388 9048
7642 9847
6399 9035
7159 8256
7083 8212
7097 8312
7515 9881
7762 9616
6786 8513
6408 8898
6834 8574
6471 8841
7804 9651
6595 8722
7027 8359
6564 8818
7722 9724
7466 9970
7672 9761
7649 9786
6839 8555
6566 8775
7769 9656
7110 8226
6556 8825
7931 9500
6449 8927
6937 8438
8062 9359
7974 9439
6278 9350
7654 8678
7731 8755
6385 9461
7742 8759
6799 9859
7283 8319
6405 9480
7388 8401
7375 8385
7920 8958
6802 9856
6247 9331
7720 8764
8165 9201
6835 9901
6950 9991
8171 9160
7874 8932
6547 9633
7574 8618
8020 9065
8031 8990
6758 9764
6766 9773
7413 8369
8034 9003
6732 9757
7170 8272
7677 8622
7593 8701
8128 9108
7204 8316
6854 9887
7518 8452
6867 9864
6774 9745
6792 9954
7831 8954
6887 9877
7427 8566
7344 8390
8102 9177
6183 9380
6765 9961
7741 8888
7349 8240
8149 9052
7717 8872
6698 9906
6579 9518
7217 8367
6172 9404
7078 9985
6174 9398
6660 9901
6909 9812
7392 8275
6249 9434
7750 8959
7425 8643
7909 8743
6290 9297
8150 8978
7259 8348
8095 9045
7536 8639
7412 8228
6666 9946
6627 9526
6873 9729
6673 9930
7520 8638
6789 9829
7688 8938
7668 8466
6634 9473
7908 8719
6515 9629
7869 8777
7794 8838
6908 9732
6250 9362
6474 9650
7307 8304
8068 9082
8136 8908
6246 9582
7851 9123
6312 9637
7482 8237
7825 9097
8144 8910
7202 8451
6648 9433
7081 9870
7362 8686
7906 9170
6458 9224
7321 8623
7940 8755
6306 9624
6631 9436
7212 8464
7726 8976
7617 8446
7682 9034
7994 8818
7186 8538
7021 9764
8119 8956
6155 9541
8005 8714
6990 9759
6531 9429
7630 8344
6489 9230
7573 8392
6642 9389
8158 8893
7745 8997
7486 8278
7934 9110
8040 8705
6598 9398
7738 9033
6283 9726
7478 8268
7838 9189
6419 9361
6531 9220
7071 9751
8027 8914
7237 8652
7939 8844
7666 8288
7610 8238
7043 9749
7383 8526
8168 8817
6429 9345
6416 9357
8096 8766
7396 8571
7926 9055
6962 9880
8072 8738
6930 9919
7097 9748
7141 9810
6652 9291
7177 8649
7423 8503
6654 9271
7990 8957
7426 8402
7462 8438
6297 9544
8172 8767
7839 9035
6215 9618
8133 8733
6597 9245
6353 9480
7529 8373
6393 9511
7857 9070
7962 8954
7309 8557
7765 9142
7265 8587
7415 8453
8142 8761
7464 8400
6953 9937
8164 8734
8022 8877
7919 8979
7707 9190
7978 8491
7477 9015
7727 8235
7796 8317
7196 8720
7468 8994
6684 9234
7047 9616
7957 8463
8013 8535
8050 8558
7480 8984
7460 8966
7992 8475
7892 8434
7181 8742
6842 9361
7929 8393
6315 9885
7498 9085
6971 9475
7073 9697
6222 9738
7479 9074
6836 9458
6745 9232
7178 8769
7960 8532
7117 9628
6765 9275
7404 8891
6240 9786
6152 9835
6194 9813
6332 9940
8191 8598
7232 8745
7147 9601
7545 8981
6801 9471
7152 9604
7249 8740
7175 8839
7657 9057
8086 8478
7124 9566
7814 8202
7380 8793
7964 8594
6790 9238
7148 9592
7876 8283
6381 9842
8138 8555
7770 8440
6388 9815
7438 9130
6802 9269
7543 9168
7657 9030
8142 8574
6170 9893
6661 9414
8178 8507
8189 8503
7253 8863
7379 8729
8065 8522
7063 9563
6243 9903
7706 8404
7539 9123
8065 8529
7585 9077
7323 8780
6962 9701
6822 9342
7946 8659
6787 9304
7383 8715
6856 9237
6966 9704
7111 9506
7370 8748
6299 9843
8053 8604
6230 9916
6920 9701
8080 8546
6691 9424
6688 9428
7993 8655
7377 8746
6159 9969
8074 8328
8150 8403
7777 8550
8032 8298
7538 8824
7103 9396
6994 9311
7696 8504
7598 8837
7854 8577
7496 8825
7280 9031
6411 9777
7897 8674
6535 9914
7056 9391
6773 9546
7250 9069
6427 9817
7231 9081
7976 8294
8042 8252
7812 8669
7747 8477
6788 9702
7720 8523
6876 9653
7680 8556
7504 8766
6686 9584
7577 8939
6560 9944
6752 9496
6447 9814
7410 9096
7896 8610
7782 8476
7722 8529
6461 9793
7112 9397
7993 8263
8003 8385
8028 8409
8037 8418
7503 8904
7312 8988
6711 9657
6837 9511
7644 8779
6932 9358
8016 8394
6560 9739
7489 8941
7242 9190
7000 9461
6402 9905
7826 8484
6454 9857
7351 8975
8123 8194
6860 9591
7917 8531
7033 9414
6818 9570
7151 9262
7356 9083
7927 8505
7770 8586
7025 9377
8133 8215
7229 9199
6572 9855
7771 8582
6971 9439
6619 9789
7559 8801
7781 8585
8010 8359
6508 9886
7449 8933
6559 9825
