1000 1001
6 7
60 61
226 227
420 422
281 283
624 626
340 343
753 754
657 658
985 986
677 678
480 484
419 423
945 948
328 334
811 813
944 950
835 836
113 120
948 957
400 410
705 715
692 702
580 590
695 700
98 110
483 494
192 205
821 824
822 827
161 175
737 750
919 920
819 828
1 17
237 253
900 916
807 823
771 787
234 251
363 377
174 189
740 759
231 243
838 850
686 698
34 55
291 310
201 220
261 272
685 696
516 529
200 222
717 731
418 437
237 250
327 350
40 50
164 190
749 759
230 253
228 248
364 368
103 122
782 784
232 247
547 572
747 756
320 352
402 432
403 433
587 617
539 568
607 636
919 947
899 934
706 743
530 567
81 118
797 826
718 745
25 48
668 693
204 230
159 180
69 105
66 111
331 358
284 305
646 683
391 425
710 744
409 438
11 36
287 304
156 179
789 826
270 318
587 634
778 827
779 824
543 555
927 939
529 549
519 563
347 366
332 377
92 105
644 689
593 615
591 633
3 52
452 499
522 573
602 621
146 170
199 255
646 702
397 436
65 123
265 306
916 943
260 312
901 952
531 558
649 694
837 890
26 90
655 719
27 90
264 330
263 325
180 246
924 991
18 86
831 891
308 369
528 597
571 638
161 231
517 579
280 351
651 716
56 112
170 227
815 870
271 324
21 89
300 352
393 453
178 254
546 622
4 73
153 212
802 876
429 482
393 454
191 239
133 213
14 94
924 973
665 712
5 87
136 218
2 86
684 760
806 882
415 458
652 729
662 704
535 576
643 724
949 994
923 972
263 351
798 838
525 596
444 487
574 613
803 888
386 478
641 733
769 861
801 892
141 211
22 72
429 499
776 855
8 104
772 869
777 872
136 234
145 242
789 886
521 618
151 242
316 345
548 578
774 864
39 64
946 981
943 967
941 965
777 865
788 893
809 832
686 708
438 477
11 96
933 974
30 114
389 489
545 589
953 980
59 85
829 851
398 481
773 874
679 727
532 612
145 224
818 835
776 889
181 199
18 97
545 594
166 210
315 335
785 869
784 868
512 629
292 338
183 192
949 962
561 582
279 367
270 375
169 210
404 495
286 354
409 485
298 342
33 95
318 320
540 610
148 235
68 196
862 990
572 700
63 190
100 229
856 985
536 667
13 137
69 193
75 207
805 929
781 907
41 174
808 928
328 449
265 384
19 154
628 767
622 741
594 734
278 411
836 969
589 704
269 386
781 898
566 697
878 993
268 412
339 451
588 732
319 430
95 206
74 219
19 130
552 697
848 962
348 463
285 398
329 474
579 720
780 927
125 233
301 440
601 719
637 746
559 695
828 932
276 397
70 223
54 175
606 711
345 450
295 444
259 414
30 128
367 497
624 750
841 983
809 950
369 465
630 726
882 976
52 144
266 431
599 754
5 163
537 703
84 243
527 680
378 466
121 208
804 910
518 684
585 739
289 394
267 416
41 130
335 483
588 736
524 673
772 938
891 981
830 912
32 143
322 498
787 931
33 144
353 464
513 688
67 241
515 689
368 451
311 387
816 900
792 940
884 960
782 954
631 707
59 142
575 650
65 247
279 431
538 674
124 197
537 672
799 930
100 218
373 459
894 960
566 648
308 395
12 204
800 992
591 655
848 913
68 134
293 486
91 152
630 690
567 755
609 676
593 660
513 708
575 761
106 173
616 687
541 730
557 746
803 996
551 751
127 182
285 468
264 449
894 951
123 176
294 493
323 399
378 439
785 988
357 427
269 477
628 676
834 914
53 228
314 488
842 920
584 666
77 158
859 904
547 752
312 492
874 959
258 468
58 236
795 973
75 156
775 976
23 207
365 436
362 435
611 698
889 931
361 434
283 448
632 675
858 897
598 653
117 171
839 921
106 181
266 469
792 967
116 149
604 701
118 148
323 417
843 937
108 143
88 187
111 139
45 201
93 184
48 213
823 978
37 195
773 995
595 692
881 918
110 132
380 406
336 442
564 734
348 432
365 385
107 135
109 129
371 415
535 763
625 669
38 200
617 647
528 766
88 183
297 454
576 687
817 990
604 691
852 955
639 656
359 407
890 906
565 709
290 467
286 495
544 721
309 455
865 915
339 416
561 706
527 763
71 178
797 1000
303 473
334 440
580 690
315 460
14 249
316 452
91 162
337 424
849 936
356 414
36 223
307 456
102 157
634 641
42 214
363 407
278 491
20 233
355 413
555 725
115 140
97 158
556 723
43 299
738 994
107 362
126 383
119 374
737 992
642 896
729 986
644 903
678 933
186 446
217 476
43 302
727 977
185 446
131 388
78 329
600 863
24 273
598 863
216 466
522 768
536 786
662 925
643 904
661 926
128 396
661 921
169 420
715 966
682 935
619 870
688 957
72 326
45 291
167 425
570 820
671 913
728 982
116 379
623 864
699 939
573 813
620 892
632 873
76 350
610 880
556 830
62 301
254 493
732 975
172 441
109 376
542 779
514 791
177 423
47 313
202 476
240 487
619 883
103 382
8 273
762 995
73 338
670 901
733 961
658 910
160 445
651 917
126 353
212 500
618 842
607 895
196 485
245 471
60 287
248 475
81 370
182 402
620 840
53 272
94 379
35 260
129 422
255 472
151 447
185 401
17 313
748 964
603 883
189 404
738 971
515 810
191 405
51 281
57 275
744 963
104 324
683 902
141 419
44 259
523 804
172 412
550 790
6 309
725 998
249 461
586 895
675 917
47 280
568 783
682 925
10 306
99 346
120 321
40 274
214 492
216 482
23 300
608 859
549 798
166 410
119 330
758 968
157 418
79 271
250 442
168 489
648 969
741 932
38 356
635 825
531 849
2 321
526 845
752 947
557 873
559 875
240 437
756 945
83 277
140 458
672 998
596 786
203 396
93 282
138 450
631 831
757 956
203 385
225 427
558 868
639 821
546 872
76 256
717 897
533 857
560 893
217 406
765 941
63 366
80 257
735 909
70 277
560 867
1 341
57 364
645 979
600 770
554 881
538 833
552 884
740 952
34 383
521 852
636 802
723 909
601 774
114 274
206 430
171 459
674 963
611 770
224 387
101 262
77 297
519 867
188 473
186 479
62 347
25 380
565 851
599 816
550 833
28 372
85 319
55 349
225 394
78 290
597 825
163 462
165 456
160 461
539 886
609 780
238 384
198 424
512 880
767 911
10 376
20 358
540 878
226 401
578 817
694 965
615 788
553 860
718 955
606 811
71 305
150 481
9 382
92 299
571 844
232 400
730 930
677 989
668 996
551 862
252 390
39 349
113 267
629 783
722 936
736 923
168 470
245 395
724 938
711 953
595 812
755 908
673 801
4 389
209 336
614 999
235 361
12 399
681 810
31 411
61 441
84 464
553 940
21 403
177 311
162 292
714 845
526 905
653 778
80 472
520 896
221 343
669 790
592 987
239 354
542 915
574 944
215 344
705 846
649 793
584 984
742 887
135 276
681 829
208 325
554 959
707 854
627 997
121 494
220 331
569 942
238 374
188 293
184 289
67 474
534 911
577 984
654 791
712 850
735 837
82 457
155 256
764 871
153 261
586 982
592 972
543 898
132 282
753 879
524 914
7 408
64 479
244 340
127 478
663 822
146 304
74 488
133 295
215 373
701 799
581 999
15 428
251 344
657 818
514 929
194 357
229 333
134 303
680 769
747 834
222 372
532 958
152 307
35 392
54 413
710 875
563 926
691 796
28 428
205 381
766 846
621 989
124 462
154 296
137 317
167 275
685 793
638 970
764 840
149 288
117 448
122 460
193 375
49 391
534 928
633 975
202 370
44 405
562 907
748 853
626 971
616 978
518 956
739 856
13 433
22 426
29 417
89 484
187 262
743 858
195 381
613 987
520 951
714 885
742 857
666 805
42 490
9 457
131 322
49 496
544 993
749 812
757 820
51 496
670 861
517 961
659 855
173 360
16 469
582 899
758 819
147 341
659 853
164 355
198 257
112 439
16 471
608 935
525 970
115 443
96 426
56 498
721 795
612 942
603 912
246 314
652 832
667 854
577 908
194 268
645 843
722 796
699 885
640 847
99 435
150 326
703 879
671 847
211 258
241 288
564 997
581 918
713 794
516 983
142 346
523 991
83 390
252 298
82 388
726 768
101 434
176 360
159 327
125 421
660 844
656 841
139 337
627 937
102 445
244 296
614 954
530 974
26 455
602 903
147 332
760 807
761 806
762 794
635 922
713 808
3 480
108 392
623 906
87 447
751 775
15 486
570 979
654 871
79 421
709 815
24 500
29 497
716 800
219 310
665 887
642 877
663 888
27 491
236 284
569 968
165 342
562 966
637 905
31 490
664 877
731 814
583 946
32 470
728 814
197 317
548 988
66 443
138 371
583 958
98 408
664 866
221 294
679 860
605 934
155 359
50 463
46 467
37 475
179 333
765 771
46 465
209 302
58 453
504 1000
506 980
510 977
508 964
509 922
504 902
505 876
510 866
288 901
503 839
501 745
509 720
507 693
502 696
507 647
502 650
511 640
511 625
506 605
501 590
503 585
508 541
505 533
