10000 10001
4628 4629
9192 9193
1624 1626
4397 4399
7240 7242
5296 5298
1081 1082
4309 4310
2136 2139
6461 6462
4667 4671
9488 9492
8649 8653
4122 4127
3193 3198
6466 6469
9314 9322
5589 5597
8659 8667
2001 2008
3558 3564
8625 8635
7379 7385
3748 3752
8197 8201
5447 5451
5767 5770
2165 2171
3284 3290
8464 8478
5559 5560
7370 7386
5734 5750
1800 1817
4935 4950
5794 5811
4298 4312
2115 2129
1870 1884
421 438
558 573
7467 7480
9220 9232
7008 7029
4064 4086
1222 1232
5955 5973
3947 3964
8623 8632
5152 5175
7936 7959
4258 4282
4429 4436
7526 7551
7970 7995
7879 7902
6245 6271
8711 8732
5699 5720
6624 6651
517 537
8847 8851
5449 5461
812 818
425 439
1350 1368
1096 1111
3911 3928
737 766
2823 2840
8170 8181
9224 9256
4490 4523
2382 2415
7490 7523
1092 1126
5656 5690
9929 9963
6403 6433
4170 4201
5642 5673
192 228
3394 3430
2177 2212
4679 4705
1883 1917
7956 7986
7242 7276
4555 4579
89 113
8846 8870
8144 8185
5342 5364
7557 7599
9797 9839
1869 1894
8793 8818
3677 3697
282 310
514 556
2945 2991
1409 1457
4546 4592
2374 2420
3222 3236
8338 8352
9371 9385
3656 3707
2333 2350
1306 1326
2628 2672
4174 4218
3461 3504
265 319
3423 3433
8155 8173
580 627
5648 5672
7191 7215
6026 6066
4435 4458
8194 8251
8859 8866
9298 9320
8723 8745
2120 2163
2122 2161
3805 3809
8013 8049
650 695
6286 6323
9101 9136
2250 2292
4232 4296
8091 8155
6430 6494
6660 6725
6553 6619
392 459
3598 3661
2612 2679
7869 7928
3754 3820
9119 9177
8850 8916
7579 7645
33 102
6710 6769
8358 8417
1840 1912
2570 2627
6920 6977
5438 5492
3988 4063
55 124
2954 3014
8342 8410
9479 9546
4662 4728
2062 2113
5171 5244
7345 7422
9116 9171
4228 4308
4892 4940
790 838
673 753
406 454
1575 1655
4521 4601
7051 7131
6692 6772
4360 4441
4621 4700
5777 5824
5540 5622
8960 9042
6173 6223
5258 5336
3753 3834
3106 3185
928 1011
9234 9286
3901 3944
7952 8006
5402 5452
403 452
53 98
5280 5367
2838 2894
1212 1252
3876 3965
2360 2401
2998 3055
6964 7021
938 1008
7479 7533
9110 9165
2572 2640
2715 2759
8457 8533
9126 9208
2612 2644
272 368
8124 8156
5289 5321
8733 8829
188 221
826 859
9349 9444
9264 9297
6298 6393
2097 2133
2235 2269
4130 4164
3237 3266
2434 2533
6028 6123
4396 4420
906 994
6325 6365
9650 9691
7597 7620
5166 5191
2989 3015
7829 7935
6532 6638
387 488
273 381
8881 8925
2 111
7738 7764
4392 4423
4543 4560
8216 8311
8348 8435
1961 2009
5181 5197
4257 4304
7831 7910
8096 8145
5559 5574
3844 3959
1712 1732
5176 5196
3080 3197
4637 4712
512 629
3594 3711
9111 9186
5763 5878
524 634
4795 4813
2973 3050
7301 7410
6941 7018
9732 9843
789 877
1596 1604
7326 7398
816 841
5785 5856
9012 9037
7061 7151
2562 2681
7097 7106
1153 1277
1975 1995
5769 5877
6049 6109
3846 3963
3641 3652
3519 3521
4487 4601
5254 5368
8713 8823
8882 8909
6466 6595
9339 9466
6780 6910
1834 1961
2856 2987
773 902
1573 1697
5469 5593
4445 4568
261 384
2680 2814
6255 6375
4717 4839
3145 3267
7263 7381
9831 9965
5463 5596
5668 5807
6523 6647
6940 7056
312 437
5903 6018
1909 2042
1147 1268
2079 2191
790 903
2910 3020
5679 5821
8811 8953
3153 3266
3394 3537
2906 3022
2389 2497
1850 1967
121 236
9330 9444
7279 7416
5481 5630
6981 7122
2137 2240
3614 3719
7182 7319
2076 2183
5971 6088
5233 5357
4472 4581
6994 7119
3673 3783
2353 2479
9848 9958
6913 7071
4214 4329
1905 2030
8024 8135
7727 7823
5733 5829
6187 6283
1562 1723
3444 3541
6777 6872
9299 9458
4454 4549
8814 8909
1067 1167
4730 4831
318 411
8022 8179
1135 1225
9278 9368
8828 8923
6498 6597
6773 6877
9508 9612
7951 8103
6152 6304
7972 8077
7501 7652
5899 6049
8261 8431
6527 6613
1372 1527
7697 7866
9337 9429
6492 6640
4651 4741
9574 9672
7504 7678
7734 7832
8979 9149
5986 6092
2654 2801
2832 2977
6157 6332
8798 8943
3342 3516
1810 1953
891 968
5675 5784
9063 9172
4401 4485
4137 4252
9498 9647
2340 2450
8980 9122
2144 2263
1637 1746
4682 4850
8013 8181
9752 9888
7263 7398
7954 8104
7549 7623
5741 5846
2344 2452
2354 2446
3378 3471
7454 7584
4389 4506
5417 5526
9250 9373
9820 9955
4413 4605
3451 3515
2391 2455
7019 7083
120 185
4209 4275
3150 3212
7448 7642
4187 4248
2669 2734
9315 9383
2129 2196
8568 8637
3341 3531
8297 8366
8225 8422
5742 5798
2146 2219
6757 6828
5196 5253
4681 4739
7983 8165
9530 9712
7260 7319
5442 5513
6961 7162
1099 1159
1652 1720
3658 3719
2664 2726
8527 8576
2872 3048
1378 1458
289 496
5680 5857
6661 6868
1867 1945
4634 4809
6511 6588
6722 6801
2048 2260
1849 2028
68 145
1068 1273
6983 7058
6463 6634
6521 6572
1656 1710
4471 4512
6737 6790
9253 9458
3918 3990
543 710
116 173
9812 9869
9525 9711
7455 7621
6221 6295
4692 4751
3163 3207
7718 7930
8469 8649
7495 7579
5485 5552
5243 5286
3354 3524
4609 4830
4959 4992
9041 9102
6150 6361
3704 3736
1345 1440
2158 2191
7800 7833
7749 7844
6465 6563
6513 6547
8966 9188
6218 6312
4392 4555
347 447
7964 8184
5186 5286
793 1020
3631 3784
3853 4069
4446 4535
2130 2232
5415 5581
9260 9414
4144 4315
3366 3530
1579 1735
9766 9931
8303 8321
9290 9380
9829 9877
1536 1777
4109 4351
4686 4796
1117 1193
2077 2280
1549 1784
4614 4851
6423 6626
8008 8126
8034 8085
8047 8088
8043 8083
6503 6559
1114 1187
3098 3299
514 763
5963 6066
8228 8413
5498 5507
7502 7604
1365 1454
8060 8064
1110 1192
61 195
7269 7323
7698 7917
2751 3007
7291 7547
7225 7481
2689 2944
8361 8616
6715 6970
6273 6528
3708 3966
3819 4073
9220 9478
2740 2992
1155 1414
9378 9636
9276 9530
1727 1976
3597 3845
3175 3439
1648 1913
630 895
521 768
8726 8991
3838 4084
4664 4915
1703 1964
4106 4359
2648 2901
6256 6526
5789 6035
2050 2322
658 898
3210 3483
6329 6568
8401 8643
1043 1280
4649 4922
6385 6626
8446 8682
8940 9208
7268 7536
3262 3499
520 797
4173 4440
8346 8591
8834 9111
9274 9519
2192 2438
3640 3886
4622 4889
1219 1499
2239 2471
1611 1874
1697 1978
246 493
1185 1469
1782 2026
6790 7066
5883 6119
7695 7954
2253 2514
8416 8703
8820 9067
6149 6426
1124 1348
1734 2022
9218 9506
1151 1374
1636 1862
5167 5389
5783 6068
8430 8653
3223 3506
2117 2413
3120 3352
7685 7981
7315 7611
552 769
8861 9140
2701 2982
6719 6932
3299 3535
5818 6038
2293 2520
597 891
7844 8074
2806 3033
6877 7154
8933 9173
6195 6403
7184 7457
8363 8602
2736 2946
2753 3059
1760 2003
5786 6057
5349 5590
734 1002
4345 4557
7710 7978
9241 9517
1215 1417
1203 1413
6781 6987
45 282
153 417
1236 1516
1589 1805
2086 2334
2272 2521
2255 2550
2602 2833
3093 3368
3820 4012
2273 2465
6386 6579
3155 3345
601 795
8859 9177
6218 6408
7237 7430
1693 2009
1730 1926
6683 7007
1211 1534
116 305
9331 9526
1058 1380
5227 5421
5181 5499
8773 8962
1603 1803
8253 8565
6351 6535
9291 9474
4693 4895
1086 1396
4316 4502
8305 8507
7299 7624
6851 7048
6688 7019
2682 2870
5221 5417
5148 5456
4182 4379
683 997
4227 4556
5239 5432
4148 4452
512 848
7235 7443
1195 1530
7333 7668
2049 2386
1540 1879
4140 4472
2274 2486
751 955
7292 7464
5150 5450
4721 4900
1126 1328
7817 8159
8284 8458
1175 1472
9450 9661
5717 5901
8240 8552
8904 9104
7364 7580
1704 2033
5773 6100
5827 6041
7919 8117
3664 3852
4727 4907
1635 1855
160 508
5316 5528
8315 8487
5205 5384
6833 7148
2190 2512
7340 7666
7878 8089
6230 6454
561 848
565 855
2291 2449
598 821
3792 4020
5192 5420
5880 6044
128 486
714 941
8259 8491
5682 5978
2622 2903
1627 1841
114 280
2195 2553
9307 9520
3164 3376
7730 8031
3660 3874
8846 9184
8886 9176
6318 6593
3314 3458
9369 9705
5640 6008
4254 4591
734 943
2710 3047
2581 2916
1654 1796
696 970
1033 1403
2237 2510
2130 2337
8302 8474
1758 1960
2275 2453
5650 5988
6376 6558
4287 4552
2172 2315
7686 8049
560 840
4689 4904
6208 6457
8706 9083
1122 1304
4284 4550
6260 6415
6823 7132
4225 4605
7330 7647
8214 8552
3800 4007
1700 1828
8705 9089
3254 3383
5641 6027
7298 7425
2775 2898
6890 7023
7912 8045
4323 4453
673 807
7688 8078
6853 6979
3099 3484
5318 5441
6865 6998
1242 1362
2173 2549
8217 8592
2610 3000
9402 9521
3702 4090
2591 2963
6787 6927
2149 2536
1712 1853
8420 8553
8330 8452
3834 3957
5767 5896
6681 7062
4823 4935
9449 9593
3128 3497
633 1000
2749 2862
6241 6642
586 990
4317 4425
2728 2876
8854 8963
1 407
8195 8597
8942 9080
6808 6926
3757 3898
1263 1400
3324 3428
6246 6654
9418 9555
4172 4566
3217 3338
3249 3370
3258 3361
5246 5605
9356 9488
6840 6948
5731 6142
8432 8557
2755 2909
3183 3568
6245 6650
7252 7668
1650 2003
253 348
4115 4529
8704 9122
4159 4508
5749 6102
8921 9085
1114 1535
9287 9698
615 961
3132 3482
6684 7098
627 980
1631 2040
8739 9092
1198 1286
4312 4465
8758 9119
7336 7425
226 328
7295 7636
8390 8554
8725 9147
5728 6094
1267 1372
8948 9051
8314 8661
1217 1393
9312 9680
2198 2343
7234 7667
6850 7024
4817 4965
1036 1464
8756 9089
4175 4599
5173 5517
2776 2913
9231 9654
2574 2996
5726 6117
6706 7049
595 1007
1088 1532
243 335
1773 1872
6674 7087
2060 2483
1551 1999
1275 1337
3180 3502
9320 9643
6172 6623
1246 1306
2157 2473
2799 2859
3269 3329
84 400
2687 3002
1608 1933
5716 6033
2584 3038
4329 4385
2290 2363
8388 8461
9252 9709
2805 2879
57 499
8307 8633
7924 7998
4845 4902
9361 9562
88 404
1610 1926
9445 9512
7850 8039
1547 1989
6216 6534
2643 2972
3604 4036
7213 7677
592 897
6871 6918
19 449
2211 2417
9398 9572
551 1012
4793 4973
9300 9600
1699 1910
5838 5915
1044 1475
3658 3997
8941 9018
2287 2359
2092 2548
5179 5603
1570 2043
5685 6124
5306 5472
5745 6059
750 821
8897 8986
2563 3039
1658 1958
7719 8187
1689 1860
117 427
5322 5396
4332 4403
165 325
1641 1929
3207 3431
4812 4909
9262 9679
7329 7488
6313 6472
1213 1375
8373 8535
4336 4371
7874 7969
3654 4002
1593 2013
548 961
6270 6555
9470 9499
8917 9011
8944 8983
7875 7979
6677 7165
705 808
7866 8019
3133 3543
3627 4033
3140 3503
4226 4457
9336 9619
6855 6956
4239 4451
5259 5477
9390 9536
7265 7567
115 412
8258 8626
609 912
3177 3480
2112 2482
3167 3501
9310 9644
7896 7979
5810 5953
566 962
8887 9027
2083 2518
6721 7092
7813 8048
3274 3388
6742 7073
3599 4087
3771 3907
2252 2356
3172 3484
6362 6434
3209 3440
7282 7563
5375 5382
3650 4024
7170 7672
5147 5600
8197 8702
9457 9482
7929 7938
5803 5968
8761 9157
5209 5541
4272 4430
6763 7061
7432 7944
3465 3976
2467 2978
415 926
6651 7161
6338 6848
4273 4786
8522 9033
5256 5771
6230 6741
1404 1912
198 707
8531 9046
5262 5768
3559 4078
8256 8777
2310 2828
2413 2919
6184 6690
5450 5952
1460 1983
5610 6113
8628 9151
5277 5782
3517 4017
8192 8716
9464 9972
4260 4778
2365 2867
1140 1658
9308 9810
3319 3832
2149 2666
316 819
156 652
3108 3636
6631 7159
6302 6798
253 748
2319 2846
6640 7137
4322 4848
437 935
8305 8803
8575 9069
7355 7848
418 950
8677 9201
4499 4998
6365 6858
2143 2631
8589 9109
1130 1651
474 960
6583 7085
3114 3633
4176 4683
2081 2621
2375 2907
5241 5733
5586 6094
2556 3041
389 920
7603 8109
1342 1825
1089 1630
4185 4678
1490 2034
3327 3807
3441 3921
5234 5714
9306 9850
6156 6701
7451 7994
6479 7021
2496 3044
7247 7787
2261 2800
1352 1901
8467 9014
6470 7022
347 882
8548 9037
7193 7728
6609 7163
5242 5712
7332 7822
1188 1679
8539 9072
2217 2693
9227 9767
5140 5688
1465 1943
13 547
3348 3899
8615 9096
6369 6862
288 784
2355 2818
5352 5849
1263 1757
3315 3776
6249 6746
482 983
2551 3010
2443 3004
2169 2625
3391 3846
2094 2583
3399 3966
7542 8015
2162 2638
2329 2853
6203 6663
7204 7704
2066 2607
2433 3004
6366 6883
7544 8006
4306 4845
3371 3860
3549 3997
7544 7992
6508 6956
9299 9747
8538 8987
8450 9024
4168 4619
343 788
2147 2592
5478 5925
41 621
5631 6074
5226 5679
8579 9158
8396 8841
1485 1931
3264 3718
5480 5935
38 622
9341 9780
5123 5706
1199 1765
1060 1646
1437 2006
5466 5905
1229 1665
1491 1951
6616 7060
3468 4033
2093 2656
82 540
1369 1801
8245 8804
6199 6758
4206 4668
5282 5872
2495 3052
6238 6666
8499 9063
6649 7085
497 932
8560 8997
6356 6785
2225 2791
1333 1890
507 940
480 951
1037 1621
3148 3605
172 757
1364 1806
1492 1934
1076 1647
1120 1595
2347 2928
2233 2789
111 563
5549 6129
9425 9868
9367 9930
1254 1720
7657 8119
6520 6950
3268 3739
9368 9927
8202 8810
8587 9195
6342 6822
7216 7760
3550 4031
3320 3738
3078 3684
4245 4855
52 599
1451 1992
9411 9888
66 550
145 756
1069 1608
7490 7975
3313 3734
2107 2652
4431 4903
5579 6051
2140 2613
8222 8823
6437 6991
8495 9028
9281 9773
3074 3695
9447 9866
15 609
2408 2822
5158 5704
8257 8751
2296 2711
1307 1908
7217 7745
6604 7100
119 518
5261 5884
509 911
4155 4680
2072 2667
7372 7871
5255 5876
5426 5953
24 621
1042 1639
272 869
7365 7856
5571 6070
8326 8945
1053 1637
5219 5659
8661 9132
199 701
3 633
1286 1916
7486 8004
1230 1717
7500 7984
9216 9852
5329 5805
5535 6114
6461 6976
7574 8171
32 606
2432 3070
9390 9936
8396 8882
9407 9920
9322 9962
2071 2710
354 995
248 634
4224 4611
7276 7919
3336 3980
6496 7140
2180 2561
5271 5649
9237 9875
9614 9990
7564 7940
6605 6981
2291 2682
4533 4927
9434 9808
5386 6017
8375 8764
7360 7756
3526 3915
4327 4714
6577 6972
1468 1842
5574 5960
1433 1814
7226 7861
8377 8758
3300 3700
4567 4931
2147 2807
1292 1944
3344 3972
8473 9100
8348 8713
317 939
3432 4095
414 777
6179 6836
7423 7784
3296 3705
6 671
7591 7998
6635 7026
2534 2940
3244 3638
6145 6811
5604 6014
1487 1875
223 579
9450 9847
1459 1836
2183 2599
7339 7691
6654 7006
5146 5819
7588 7943
190 538
1480 1901
9269 9872
5372 5721
9348 9762
2465 2822
261 930
5408 6023
7578 7997
5394 6074
5403 6067
6376 6720
3182 3783
1508 1869
5125 5804
5129 5795
7633 8058
2387 3071
324 1000
5612 5952
5444 6120
6323 6686
2525 2931
6432 7054
2210 2578
1528 1864
4520 4889
5460 6118
7472 8067
7262 7917
8431 8796
1082 1678
1157 1585
1355 2047
9283 9974
5151 5802
2228 2562
4163 4852
7572 7971
8545 9174
9276 9867
4101 4797
6261 6861
5508 5948
5361 5704
230 605
2211 2584
451 888
9412 9855
4161 4860
1375 2018
5438 6016
8582 9017
2451 2899
1457 1905
6590 7038
5558 6007
3121 3827
8321 8771
7367 7684
7399 7716
2478 2922
3442 4022
1229 1544
7512 8093
8674 8999
8558 9131
1447 1889
8329 8783
2190 2633
501 818
3427 4004
6292 6739
9362 9818
5573 5900
8687 8998
1385 1955
3126 3836
146 600
7607 8061
4279 4732
4301 4609
3302 3626
6550 7002
6606 6914
4333 4643
6496 7086
3123 3836
3313 3646
4509 4946
9248 9967
375 935
3255 3687
9688 9992
6155 6874
2118 2708
458 792
1129 1723
3091 3777
1083 1769
6431 7117
9464 9770
4208 4771
8563 9120
8372 8807
5129 5850
9239 9924
3440 4005
3509 3936
6622 6923
3344 4038
1492 1795
508 811
1377 1974
365 954
4171 4764
5409 6134
297 1009
5240 5792
5356 5684
2368 2969
5498 6051
2282 2608
2346 3056
278 972
7675 7968
1358 1938
5523 5967
6614 6923
7178 7895
3391 4065
3506 3948
5320 5654
7459 8189
3513 3929
8671 9023
7232 7840
5470 6078
7530 8074
3497 3912
4339 4625
1042 1776
9699 9985
2189 2670
9312 9859
8380 8799
3372 4040
3521 3877
2143 2746
2083 2758
9414 9763
4584 4878
4567 4913
9253 9922
1080 1744
5223 5775
330 931
2258 2619
3265 3627
4239 4709
9466 9744
5567 5973
9230 9956
2528 2827
7525 8078
7494 8109
7450 8177
1511 1803
1037 1761
8582 9066
4152 4821
1444 1866
6144 6894
9219 9965
8324 8811
444 844
363 923
5278 5742
2196 2661
4285 4684
5533 5999
393 893
8600 9068
8393 8765
5366 5634
1309 2024
75 702
5490 6023
2441 2943
1266 1540
8523 9149
2187 2684
1366 1966
8575 9095
6346 6707
5608 5905
5570 5947
4550 4922
2425 2948
2502 2875
6284 6769
5164 5841
6414 7155
3157 3755
9470 9728
6276 6778
3281 3630
3116 3795
1247 1568
8621 9042
1502 1758
6424 6682
7195 7961
6331 7096
5337 6106
9683 9941
1373 1626
3151 3912
4402 4661
5287 6048
4354 4618
1066 1826
5389 5637
2145 2923
2207 2965
5149 5911
4493 4737
3522 3791
7368 8133
7555 7822
205 963
6561 6831
2157 2914
3160 3913
6537 6808
30 780
352 628
6441 6717
1476 1745
5369 6124
3483 3725
1065 1854
4359 4639
1444 1724
3166 3908
1284 1566
7509 7759
6354 7113
3436 3696
2103 2858
4559 4818
4180 4938
2277 3067
5607 5881
5462 5705
8462 8721
460 748
1072 1808
6222 7022
8456 8746
7258 8056
8446 9180
7244 8046
1314 1537
3359 3643
5313 6117
7227 7967
8537 8829
7462 7682
4467 4694
1165 1960
1274 2012
1163 1965
7287 8017
7674 7900
2141 2938
6578 6805
402 698
412 693
6254 6983
7664 7897
6380 7110
3340 3623
3194 3921
306 542
5299 6047
1220 2025
2113 2924
4496 4797
7663 7874
3170 3916
7651 7885
7411 8156
7318 8121
3466 3770
105 856
255 974
466 736
3575 3781
6487 6757
416 659
4470 4677
5142 5925
4559 4859
1215 1930
3291 4078
429 664
5244 5962
5373 6085
1301 1580
9526 9743
8479 8741
56 771
1245 2017
112 844
5149 5921
2096 2829
5137 5932
5510 5819
55 776
8491 8724
7640 7911
4554 4746
8223 9055
9289 9993
4223 4926
35 866
5601 5792
334 524
4371 4689
7261 7961
7221 8048
8 846
1477 1666
2088 2927
7195 8028
1421 1733
7248 7960
5427 5755
5337 6033
164 1005
5215 5910
9660 9975
5261 6086
6588 6896
9505 9837
6211 6925
5467 5653
3531 3716
8603 8916
1517 1725
4210 4899
490 699
4494 4828
8345 9163
5123 5969
1239 1924
9513 9850
3275 3999
5327 6043
6409 6749
4408 4718
3426 3636
5253 6098
1522 1706
1344 1560
7361 8089
8497 8809
5621 5805
269 593
7510 7690
3569 3756
6620 6786
3354 3653
2075 2884
6239 6975
8199 9062
229 903
262 610
4201 4877
5239 5907
6296 7165
5557 5843
5415 5711
5629 5780
2415 2565
7275 7937
2431 2580
9602 9961
7250 7993
3437 3585
2481 2781
5383 5739
9548 9760
7205 8009
1315 1614
386 751
8230 9035
6497 6668
8640 8877
5136 6013
5407 5746
3173 3851
3570 3740
6309 7114
1259 1947
2551 2694
3424 3601
5431 5702
6422 6759
4340 4998
9622 9956
428 729
2345 2652
4575 4777
1413 1779
8327 9200
2346 2642
298 594
7173 8061
3156 3885
279 622
3251 4041
4589 4759
5282 6104
3293 4006
5494 5645
3490 3806
6209 6973
336 557
408 741
5494 5641
7649 7838
2202 2843
3290 3931
8448 8833
5163 6058
3396 3782
2175 3069
4594 4720
3129 4026
1292 1679
5198 6093
9545 9933
2171 3069
3337 3727
1035 1932
7316 7955
3073 3977
6205 7093
4463 4838
4358 4751
2502 2636
1046 1948
5304 5938
2225 2874
6177 7082
6599 6731
8664 8788
6383 7009
6355 7005
2087 2984
287 655
8425 9081
9620 9733
295 693
1461 1575
2476 2616
4305 4933
1278 1898
4409 4781
8238 9146
3226 3855
1142 2019
7408 8039
7222 8097
1273 1889
8534 8910
1138 2027
5491 5866
7226 8096
7297 7963
4409 4770
5482 5873
2498 2654
2495 2592
26 901
6257 7150
6436 6843
2530 2626
8328 9000
2332 2749
2071 2998
5485 5836
7219 8081
8516 8934
1179 1848
8569 8922
6269 7134
2305 2726
8583 8736
1261 1861
5157 6029
3185 4056
2055 2989
3362 3721
3297 3914
47 900
8401 9082
2082 2958
3429 3785
7386 8054
7272 8132
7404 8001
2303 2897
3566 3649
9625 9782
4333 4957
3477 3621
7605 7685
436 517
8679 8790
1057 1939
397 575
8425 9051
1493 1638
4243 4896
2201 2861
6639 6745
8257 9207
8279 9185
2218 2834
6325 6924
3374 3732
2475 2577
362 721
5602 5721
3526 3706
6517 6857
5580 5744
2156 3025
9698 9823
4255 4897
2135 3049
7320 7974
158 801
9570 9949
3476 3668
9627 9819
3255 3958
7223 8182
8452 8902
8447 9021
4300 4879
484 544
3462 3651
7354 8063
5294 5995
8211 9172
8546 8869
2354 2810
46 998
7366 7950
8578 8778
7457 7915
5530 5712
8494 8932
3374 3813
5508 5711
6566 6765
284 720
1149 1969
3307 3879
9476 9928
249 820
5490 5823
8609 8812
5134 6080
4283 4980
377 694
1249 1838
7211 8187
6459 6891
8340 9030
9713 9763
5476 5814
7577 7755
6464 6803
8549 8886
5575 5651
1317 1779
7190 8128
5435 5869
9673 9759
371 676
6586 6765
5200 6024
3351 3789
6359 6925
7269 8127
6399 6947
9709 9777
1352 1685
6210 7071
6394 6951
4486 4696
7412 7978
8510 8928
69 922
3549 3586
5453 5778
8276 9099
7459 7932
9687 9782
6440 6857
2336 2754
8206 9197
5311 5980
6485 6833
7187 8183
166 835
5281 5956
9651 9813
188 852
2065 3064
50 987
99 905
5471 5813
6394 6928
1227 1824
6645 6686
7679 7700
6148 7144
379 662
359 649
7 1001
7280 8094
3129 4054
7573 7802
7344 8031
8527 8864
1272 1800
3288 3881
1408 1649
8461 8956
8405 8996
59 969
122 904
6502 6804
7646 7724
4439 4772
2475 2655
1520 1541
8207 9210
6648 6656
6543 6775
21 1004
5347 5914
1210 1856
6481 6827
42 977
3332 3839
5288 5971
8688 8715
5184 6075
6255 7059
2135 2986
3356 3809
196 825
6615 6698
8355 9054
5141 6120
7582 7776
1116 1955
7445 7914
3025 4049
2791 3815
141 1164
110 1132
8567 9589
6988 8014
8320 9346
503 1524
8434 9457
8593 9621
631 1650
396 1418
6678 7696
8703 9721
320 1351
2559 3576
2558 3577
8964 9987
5064 6080
159 1174
6971 7985
8926 9940
8959 9973
19 1048
2927 3939
2961 3996
6949 7976
6659 7694
5052 6065
2074 3092
2061 3075
8787 9821
64 1103
8358 9398
6503 7543
2200 3209
2434 3475
2185 3227
8251 9257
5062 6100
46 1085
7015 8052
233 1277
567 1571
7133 8137
2200 3215
490 1533
3014 4063
2506 3539
774 1823
8498 9515
6780 7782
6825 7859
579 1624
2423 3436
820 1839
831 1827
2634 3670
8295 9338
8920 9925
3027 4045
2186 3221
2267 3268
5003 6036
8514 9565
6388 7403
8742 9734
6685 7741
726 1783
998 1991
6994 8051
558 1548
6919 7973
2098 3089
716 1775
6181 7169
6898 7894
2319 3369
6187 7180
2915 3915
2126 3174
6514 7514
1010 2011
2759 3822
6499 7497
742 1741
5032 6019
86 1146
553 1541
8947 9951
981 2040
8651 9702
441 1431
2390 3449
7111 8168
1012 1988
2994 3970
2324 3364
2462 3498
6285 7353
2355 3334
8445 9416
2416 3398
8682 9693
2869 3853
6976 8056
2972 4005
8843 9906
6326 7311
2463 3493
3002 3975
6644 7625
2640 3694
8256 9342
810 1813
2585 3622
6598 7673
6303 7328
8892 9859
314 1402
5063 6022
726 1684
100 1062
3017 3979
6716 7806
8308 9271
7069 8153
914 2007
6324 7410
313 1406
6227 7194
6632 7585
6358 7327
7045 8140
2959 4037
8663 9629
534 1629
6816 7915
8754 9849
358 1322
6895 7843
6390 7354
699 1782
2598 3691
6180 7273
6711 7801
6788 7882
8210 9309
2819 3922
2259 3202
803 1906
5013 6084
5031 6133
2364 3439
2356 3425
6819 7925
583 1552
8819 9764
6307 7419
6695 7807
5077 6029
899 2010
2349 3444
2881 3864
6248 7217
2900 3854
204 1168
8317 9249
6416 7500
6530 7647
8622 9715
5091 6077
2735 3824
8957 9890
2557 3485
907 2025
2552 3482
6696 7754
737 1669
2959 4074
311 1362
8486 9537
583 1583
6818 7882
2328 3441
6344 7329
6411 7521
8640 9642
6750 7732
6267 7191
128 1261
6587 7638
2352 3422
6615 7609
6751 7729
6506 7428
7134 8112
8590 9697
6587 7636
6436 7508
8923 9897
6862 7868
6254 7197
6212 7223
234 1183
374 1283
2635 3645
2667 3613
3058 3972
8820 9730
2379 3379
6548 7660
2289 3208
2227 3273
2386 3368
6464 7482
6867 7849
2351 3412
8924 9895
8914 9897
783 1907
668 1761
6547 7662
7028 7945
8684 9617
926 2016
2943 3840
6431 7520
2582 3734
8708 9860
8849 9745
522 1672
8538 9688
8927 9821
2501 3398
2517 3414
8514 9665
2102 3251
7145 8044
2492 3386
6730 7884
8247 9393
2627 3787
5075 5977
2677 3833
8198 9355
2690 3597
6271 7407
142 1055
3043 3954
6540 7453
7067 7946
8679 9588
2823 3987
8291 9463
6343 7251
2075 3214
8549 9712
2092 3258
6235 7373
8584 9502
7160 8046
2428 3563
2812 3691
6957 8122
6259 7396
2869 4013
8244 9388
6383 7286
8664 9537
6460 7589
2990 3892
2569 3731
2671 3829
382 1506
6866 7758
2283 3190
2150 3321
2511 3408
6951 8120
2184 3112
2427 3547
3063 3926
2490 3355
2252 3181
652 1582
3038 3964
8303 9421
672 1539
2364 3487
6188 7311
2905 4093
2539 3406
6225 7414
739 1611
193 1129
2510 3431
2305 3496
985 1904
2758 3695
6469 7660
764 1623
6729 7906
8216 9395
796 1968
8381 9233
6675 7870
535 1721
8460 9634
320 1521
1003 1882
8953 9800
2468 3350
6708 7814
741 1622
537 1709
8836 9776
8803 9943
6276 7216
8406 9315
2936 4046
2938 4044
5024 5910
127 1224
6997 8162
8884 9731
2379 3570
6419 7594
6551 7470
6556 7456
2049 3263
6959 8080
999 1831
6421 7637
907 1866
7156 7989
656 1618
8913 9746
2724 3680
2848 4068
8411 9247
8629 9584
8919 9746
85 1171
2438 3393
2863 4071
1019 1842
2484 3453
754 1592
964 1807
804 2031
118 1213
2590 3794
6354 7198
2279 3114
6941 8144
341 1435
6463 7665
7034 8117
6884 7723
2773 3589
851 1923
7000 8073
2904 3978
5070 5917
6647 7460
3066 3885
362 1469
308 1507
6691 7930
6250 7347
8831 9893
2764 3607
6444 7671
829 2016
813 2035
8702 9504
6434 7618
48 1233
2544 3345
246 1047
2222 3151
705 1571
638 1692
6465 7587
8579 9575
6643 7447
8504 9692
2960 3957
678 1600
6331 7261
301 1482
6370 7173
8766 9945
6177 7369
8638 9559
6795 7783
2597 3784
446 1363
475 1333
203 1061
8933 9739
2878 4049
6897 7710
6497 7566
2089 3289
2180 3189
8409 9256
256 1522
2541 3359
7025 8067
879 1946
2426 3471
331 1470
8357 9296
506 1293
2357 3522
3034 3874
917 1900
6691 7898
6873 7712
8296 9362
5046 5965
6201 7362
2351 3539
6524 7554
2968 3943
218 1061
969 1737
431 1199
2680 3961
333 1100
883 1649
793 1563
9052 9822
342 1109
8391 9668
8607 9372
943 1707
2731 4015
505 1276
6709 7987
304 1079
2697 3982
8332 9611
184 1456
6476 7236
281 1040
7084 7845
6582 7356
6239 7509
9060 9838
6839 8125
8385 9675
6266 7537
535 1819
6390 7674
701 1968
2994 3775
972 1731
6970 7733
7044 7819
8373 9637
6310 7606
6380 7678
6338 7632
2766 4059
5094 5875
5028 5809
8988 9738
6500 7282
6261 7523
2630 3934
6448 7209
8606 9351
8298 9587
6405 7199
6950 7741
2296 3556
6774 8042
6307 7615
6700 7984
513 1820
8529 9292
6416 7181
2150 3448
607 1857
839 1625
313 1062
8304 9583
569 1817
2297 3545
9205 9941
2744 3993
8196 9509
7053 7852
5069 5871
6985 7786
6473 7277
2164 3409
170 1420
9093 9891
2826 3629
2567 3887
9200 9944
8496 9240
2825 3616
653 1956
494 1223
636 1878
872 1602
387 1192
5048 5779
6552 7347
2995 3743
9107 9919
6306 7567
7099 7830
6288 7584
7043 7858
8589 9404
9201 9923
6939 7720
390 1202
2383 3195
2935 3650
454 1265
8633 9358
2647 3950
8212 9518
2490 3201
2281 3538
983 1771
6202 7430
2663 3930
2887 3704
2508 3315
2566 3910
2858 3689
2204 3551
6777 7994
2298 3519
6552 7389
2404 3106
7088 7926
2526 3225
8685 9386
5083 5788
2390 3102
873 1569
9169 9881
975 1670
2674 3896
9001 9827
8240 9594
8383 9714
148 1498
6566 7400
7004 7699
9 1368
6525 7212
2732 4094
698 2024
6600 7322
2745 4074
290 1137
2419 3104
423 1267
2557 3241
8306 9510
2744 4077
436 1249
9091 9942
471 1153
2280 3518
451 1173
6406 7248
8336 9670
2227 3556
2061 3418
9178 9858
2700 4053
2378 3088
2763 3985
6748 7942
6213 7454
6860 8087
7127 7820
2835 3663
6487 7179
8222 9538
223 1410
3064 3750
6697 8055
224 1471
6243 7484
2239 3551
2148 3333
2349 3148
90 1339
8632 9433
9011 9810
6963 7762
9187 9857
2199 3572
6934 7797
394 1262
2837 3697
492 1160
8992 9796
446 1243
6580 7377
2312 3182
2348 3146
6516 7186
6784 8166
7107 7845
6859 8108
8563 9243
6972 7764
6864 8121
8438 9628
6728 7970
941 1734
6362 7601
933 1737
3059 3743
9003 9799
276 1145
2444 3298
949 1755
716 1980
6233 7465
7006 7727
6375 7572
704 1972
9198 9883
9109 9952
8498 9284
6744 7982
2842 3693
7062 7905
6894 8086
5055 5831
3051 3730
886 1551
6267 7426
144 1515
2787 3992
584 1843
7108 7871
6402 7289
5116 5760
700 1986
8394 9653
9006 9809
670 1823
8327 9477
6762 8169
5076 5719
8646 9285
2091 3503
8844 9992
6987 7887
2425 3324
2090 3500
1021 1659
786 1685
755 1915
7166 7798
2979 3626
836 1741
220 1366
2655 4052
219 1360
6634 7270
341 1240
2174 3571
7114 7748
8574 9456
11 1412
2936 3817
73 1496
5093 5748
103 1524
2833 3714
2911 3788
6164 7559
6998 7877
6637 7289
504 1133
8654 9307
724 1858
6232 7630
843 1756
6467 7380
3017 3665
2755 3931
9075 9963
2940 3813
2159 3573
138 1297
6355 7496
2552 3172
169 1332
8217 9604
7144 7797
3031 3657
9194 9844
6657 8095
6274 7453
2911 3839
59 1434
2472 3081
6159 7598
6244 7622
8619 9231
2057 3500
8312 9693
708 1890
2139 3581
8398 9576
2846 3769
6718 8086
3063 3678
2116 3565
6209 7656
8676 9293
2366 3220
6703 8069
8374 9501
9190 9805
2369 3309
6183 7563
9064 9924
2579 4030
8421 9544
2635 4069
175 1280
2369 3310
6597 7274
2446 3134
2689 3889
6186 7578
3054 3679
722 1891
7009 7890
9209 9802
663 1827
8643 9335
2681 4044
641 1844
947 1542
9212 9801
2521 3183
2633 4094
2399 3304
8611 9236
717 1909
214 1390
6918 7870
9170 9834
6770 8138
6414 7351
9032 9970
7018 7888
344 1251
2985 3602
9152 9851
7094 7693
6903 8011
2300 3393
3037 3682
298 1259
611 1952
6817 8034
6978 7814
8982 9936
8564 9394
7053 7754
6846 8054
9102 9796
509 1073
8684 9249
86 1432
2737 3967
8998 9960
335 1152
167 1384
7010 7853
6163 7644
311 1255
2409 3257
7031 7846
8237 9727
8634 9321
1 1494
686 1910
325 1180
2481 3179
8320 9562
2053 3550
3 1503
2575 4050
8218 9671
928 1662
7125 7733
9045 9909
9214 9758
8489 9416
785 1778
426 1102
8655 9259
92 1465
8382 9563
6556 7290
2854 3777
2289 3353
6340 7468
3042 3592
8335 9573
8588 9319
8963 9960
326 1194
7091 7775
8313 9621
356 1161
2953 3684
2193 3452
489 1028
8212 9722
6421 7418
762 1802
6813 8044
2690 3953
6259 7552
2538 3103
2375 3250
893 1675
2841 3822
5082 5666
472 1057
6953 7891
291 1240
817 1738
2898 3758
248 1285
2484 3145
9137 9804
616 1942
2645 4010
2348 3283
8710 9222
871 1382
8442 9979
889 1402
22 1557
8288 9827
2677 3187
901 1411
638 1144
410 1938
2733 3237
830 1334
9065 9569
8989 9493
830 1335
2288 3835
207 1732
6395 7920
2984 3492
7029 7547
6621 8147
2789 3306
8868 9396
2730 3259
6581 8102
957 1449
216 1740
6478 8026
6478 8025
8720 9223
8311 9839
8973 9493
3003 3489
1010 1512
2395 3911
817 1324
2712 3206
189 1698
2845 3389
8434 9939
42 1544
2853 3335
2566 3109
6921 7466
8267 9832
2831 3370
6930 7476
6921 7471
7135 7672
6491 8060
8816 9304
824 1298
491 1990
762 1239
2931 3421
2540 4034
9129 9607
140 1699
886 1350
8935 9431
2410 3928
169 1690
58 1550
6677 7201
675 1174
615 1106
6294 7843
6787 7350
6388 7873
2340 3858
585 1151
2320 3878
9038 9592
523 1084
2970 3501
9009 9478
8946 9413
8840 9392
988 1509
2499 4089
6756 7262
531 1064
6176 7707
792 1316
6859 7413
6493 8035
6148 7738
260 1851
216 1767
8214 9769
2836 3413
8819 9265
8704 9284
8411 9887
539 1118
2803 3253
2298 3772
224 1702
6413 8011
6622 8088
6754 7204
2294 3761
6519 7999
8732 9300
132 1742
323 1801
6333 7927
2939 3376
700 1271
8440 9907
8281 9749
6764 7200
6801 7389
8310 9784
6162 7773
2793 3257
7068 7629
883 1313
6575 8189
435 2023
8537 9996
6911 7337
6318 7928
7059 7621
2327 3904
6175 7752
8904 9360
732 1158
9203 9641
76 1559
2957 3536
2301 3744
2058 3671
394 2004
6575 8177
6991 7441
803 1347
2496 4000
8364 9932
2247 3750
3029 3508
2645 3124
2714 3323
302 1868
5025 5571
6449 8020
9012 9564
8991 9591
2613 3164
529 1144
8731 9329
6906 7312
2104 3667
6372 7823
8844 9447
7 1643
6979 7471
6288 7933
131 1773
5008 5630
2692 3307
956 1491
8354 9933
2179 3827
270 1919
754 1155
2861 3420
9117 9708
8770 9267
2603 3161
902 1525
25 1645
146 1766
6195 7751
6449 8005
288 1877
2418 3847
473 1964
510 1931
9056 9494
183 1743
984 1440
729 1184
8387 9914
6417 8043
6882 7321
2899 3375
9073 9485
8880 9421
2326 3945
8919 9384
2152 3816
6196 7862
2734 3117
8377 9786
2547 3959
6314 7726
2176 3589
2402 4071
9189 9568
6175 7834
843 1484
2840 3487
3071 3446
6652 8053
6903 7293
2325 3998
8234 9889
9160 9539
191 1587
2055 3723
6962 7613
7050 7429
534 1158
607 1230
9017 9643
2069 3718
2498 3926
5033 5437
9161 9567
2064 3720
133 1565
2073 3713
724 1101
5086 5447
2569 3219
6847 7205
2199 3595
126 1762
525 1169
93 1729
2342 4027
2248 3670
8993 9662
894 1502
2181 3620
6215 7910
809 1419
6913 7587
6475 8169
2632 3308
5030 5378
3037 3448
511 1881
3048 3406
808 1423
744 1088
6895 7239
8386 9835
2111 3733
2059 3745
759 1117
80 1786
6570 7936
2691 3112
2650 3318
647 1067
8896 9324
678 1035
2270 3699
839 1513
6860 7266
2662 3273
8714 9381
7068 7468
6945 7568
8637 9999
433 1794
9181 9582
190 1547
960 1398
559 1177
2308 4019
2802 3141
2133 3821
96 1752
2254 3703
6965 7564
6484 8174
8439 9805
2407 4060
6208 7931
6538 7991
8232 9878
8968 9655
7126 7529
6831 7278
6807 7254
8762 9465
6680 7387
857 1437
8193 9925
5022 5467
291 2021
6945 7654
140 1604
635 1203
8415 9751
8876 9316
398 1863
102 1711
476 1814
1004 1318
2603 3297
769 1483
182 1661
2392 3988
348 1936
424 1893
2595 3309
4 1739
2606 3326
666 1098
8389 9749
2779 3082
6747 7306
8835 9297
8842 9305
2950 3410
6854 7186
6933 7617
959 1386
312 2029
2934 3488
8268 9882
6799 7257
2388 3971
76 1684
318 2022
6714 7394
8894 9319
200 1554
2248 3604
2907 3463
6807 7243
2068 3785
635 1190
6308 7801
6481 8076
8390 9755
422 1913
177 1617
8284 9916
6561 8000
8802 9347
6444 8141
8722 9456
228 1543
6888 7179
2843 3583
357 1921
2619 3295
2249 3628
628 1170
8873 9295
7039 7577
8721 9462
2902 3518
2522 3890
618 1154
469 1852
2691 3177
2533 3855
603 1200
6741 7353
2813 3091
806 1480
8207 9953
7032 7574
2824 3559
712 1063
8759 9432
7089 7518
8438 9735
2126 3772
8694 9987
653 1147
2295 3585
502 1806
6599 7999
2385 4008
6446 8148
8227 9945
6269 7815
2631 3260
2216 3667
2559 3843
6949 7641
5040 5452
8781 9393
6993 7596
881 1423
8851 9325
8936 9238
6189 7890
6773 7306
8790 9556
2695 3459
8954 9726
6589 7865
6705 7477
8476 9753
8459 9741
515 1290
5055 5302
2276 4072
485 1769
6162 7966
6815 7570
8656 9949
6232 8021
950 1208
2794 3557
8458 9733
6540 7836
6585 7849
8470 9734
283 1546
2796 3583
9070 9341
647 1427
2278 4083
8542 9803
7113 7388
853 1091
952 1198
6544 7816
2996 3246
9003 9265
7105 7387
2246 4059
2576 3342
5014 5256
6389 8171
6580 7851
6284 8083
2114 3939
2101 3860
2821 3108
6515 7762
9188 9415
136 1965
2798 3528
78 1896
8738 9477
8946 9685
9210 9426
2489 3728
469 1791
6712 7442
9076 9311
7128 7412
3001 3220
2630 3435
141 1952
8481 9740
6751 7537
6207 7953
307 1564
8550 9801
8561 9793
2845 3116
6401 7728
238 2012
187 1928
8893 9614
143 1979
6802 7590
6533 7857
405 1696
2195 4006
8455 9778
6404 7730
6771 7492
2186 4018
9194 9426
6809 7585
31 1830
339 1642
8914 9707
6653 7879
910 1205
2535 3804
637 1345
8641 9981
57 1799
9076 9290
69 1797
323 1539
738 1442
8905 9610
3060 3248
842 1038
9169 9365
6696 7533
7107 7302
5090 5284
3051 3235
8908 9604
2988 3301
2411 3617
202 1921
6411 7744
6876 7575
8875 9703
9082 9270
7155 7359
2891 3078
2847 3154
9001 9316
8454 9803
6872 7573
680 1510
6368 8110
6627 7853
6844 7666
9030 9225
6617 7830
687 1535
994 1202
6612 7812
9039 9246
2376 3610
428 1791
2110 3949
2257 3973
2251 3998
6824 7677
2470 3825
6246 7985
2831 3158
6387 8105
2783 3460
738 1470
8802 9534
2159 3890
8784 9485
604 1283
794 1146
8843 9707
6840 7640
3016 3242
501 1686
2698 3561
44 1871
7020 7183
511 1691
34 1862
435 1751
867 1030
8972 9321
9008 9301
6989 7208
2992 3286
2102 3920
8475 9853
2131 3899
7024 7192
503 1694
3042 3211
8997 9292
672 1482
6407 7789
2302 3989
8543 9780
6154 8038
739 1422
3005 3280
8291 9998
6578 7903
2588 3442
2429 3603
8622 9920
6600 7847
416 1744
9125 9428
2788 3478
2246 4021
704 1459
6568 7899
876 1048
574 1354
247 1922
749 1432
2768 3493
2198 4067
6761 7455
7106 7348
2384 3623
8596 9955
346 1570
2286 3991
584 1329
7057 7400
8605 9959
6257 7949
152 2021
2121 3895
8786 9516
2709 3349
2957 3084
732 1374
8712 9611
2414 3818
2924 3304
800 1190
2934 3312
2391 3807
8912 9560
8767 9654
6885 7535
6996 7390
767 1396
991 1108
6836 7487
9047 9435
6295 7962
340 1755
8571 9972
6531 7699
8852 9476
499 1633
6938 7304
456 1627
852 1223
231 1908
7109 7254
7091 7207
2893 3288
2790 3443
6814 7435
5018 5135
2929 3305
6969 7328
2756 3423
6824 7475
5108 5231
2956 3088
2880 3292
2531 3711
862 1219
787 1165
6474 7892
2245 3941
7001 7417
2516 3701
590 1516
934 1028
956 1054
8685 9807
18 1974
8912 9588
6815 7482
6928 7349
2686 3544
8938 9548
2393 3838
2674 3541
6671 7592
5038 5126
6999 7423
9168 9337
7160 7249
6812 7477
6783 7638
752 1370
314 1680
5051 5137
6574 7684
6605 7783
688 1308
2287 3907
8509 9873
5094 5195
5104 5214
884 1220
2642 3554
6594 7794
6602 7802
162 1811
6591 7694
719 1405
154 1832
8957 9551
6384 8002
162 1809
6886 7506
8450 9911
6300 7977
6468 7922
317 1674
6968 7296
9103 9270
6957 7316
6247 8158
6237 8166
6713 7554
9010 9358
8566 9931
2358 3720
8788 9706
7166 7232
6618 7780
6649 7750
212 1813
6698 7659
6158 8143
807 1253
8962 9408
9073 9395
8670 9757
6734 7565
2230 3952
614 1441
6774 7601
498 1594
9179 9235
3011 3082
576 1418
6794 7489
6672 7643
8572 9904
2488 3701
2466 3692
381 1715
9212 9266
8531 9884
5105 5182
644 1364
9151 9326
8791 9606
912 1090
7133 7183
2257 3842
899 1111
2141 3979
8723 9669
6912 7382
2964 3150
970 1046
6766 7602
8903 9498
2134 3976
7056 7246
2187 3924
819 1260
6893 7474
6739 7602
588 1454
129 1891
2243 3873
6727 7589
982 1077
2138 4025
8511 9948
6810 7545
6204 8152
608 1416
3036 3124
6539 7777
8477 9969
3024 3133
6933 7416
2709 3450
9092 9323
2282 3866
2820 3316
2593 3537
6317 8029
2327 3814
8782 9663
65 1970
2396 3759
6384 7940
6783 7560
39 2015
6658 7675
857 1187
723 1321
2056 4082
6303 8037
8540 9894
978 1065
773 1278
2107 4032
108 1936
2477 3664
2091 4054
2094 4048
6781 7555
8757 9674
5034 5205
834 2883
629 2676
5130 7176
5614 7658
5918 7963
1614 3656
5588 7634
260 2307
6096 8153
423 2477
925 2967
5599 7637
1434 3473
5132 7175
736 2796
1416 3461
711 2762
5488 7549
1330 3388
54 2104
763 2795
303 2367
1675 3739
5546 7610
5605 7669
5026 7090
51 2082
287 2316
530 2564
1708 3771
1521 3561
1125 3196
6050 8123
2001 4043
5101 7153
896 2973
513 2588
309 2344
5405 7424
1681 3727
936 2999
5266 7309
599 2678
1003 3018
5346 7360
1531 3544
11 2088
6131 8151
1567 3642
302 2315
5764 7842
5109 7123
929 2950
5990 8001
5440 7527
1474 3562
1346 3435
5753 7760
1128 3138
5067 7141
1066 3077
36 2059
9 2086
5408 7440
1271 3269
1016 3019
1977 3981
5909 7969
665 2732
1118 3176
5921 7958
5348 7379
5392 7465
1833 3859
5231 7253
2014 4066
5534 7586
364 2385
5855 7906
5930 7956
1825 3870
1687 3752
1736 3831
1207 3318
5650 7763
713 2699
5160 7275
1799 3906
916 3026
43 2145
5661 7766
5049 7159
5255 7368
1419 3547
5144 7240
5708 7709
1320 3451
679 2803
6039 8131
1557 3648
2018 4023
5951 8041
6040 8142
5307 7405
79 2072
1049 3136
1848 3938
5310 7397
125 2081
5072 7052
97 2108
1511 3514
1677 3821
1807 3951
1605 3621
1665 3810
5308 7391
5393 7541
5330 7351
1919 3865
5019 7164
1245 3253
1715 3803
5897 8033
5052 7124
5096 7041
2028 3974
5406 7538
585 2596
1653 3611
1980 4051
2020 3989
6127 8094
483 2448
5310 7373
795 2925
743 2705
1896 3871
847 2871
119 2063
5556 7628
677 2780
1317 3420
5446 7487
6025 8176
5815 7885
837 2873
1925 4089
148 2281
1481 3510
5312 7359
563 2739
1768 3688
85 2261
1940 3861
564 2741
1733 3655
300 2472
758 2675
5555 7478
6057 7983
5119 7033
1450 3362
1455 3366
5309 7220
5928 8097
1750 3677
5267 7192
978 2910
367 2529
1089 3281
1976 3880
1367 3527
1439 3343
5007 6943
714 2651
5868 7805
855 3013
1424 3330
1988 3920
911 2842
1676 3609
168 2096
5264 7177
267 2454
1336 3495
927 2816
180 2070
434 2320
600 2811
1517 3401
570 2718
5544 7436
353 2503
2041 3934
6079 7960
5656 7856
1231 3174
5441 7659
1645 3782
5848 7795
1880 4084
2005 3961
438 2330
582 2795
776 2981
5005 6944
5464 7669
657 2623
2045 3923
1777 3649
1792 4016
1899 4058
1074 3200
1745 3685
5287 7187
464 2406
1428 3363
1189 3101
2014 3942
1718 3599
1514 3411
5371 7234
47 2197
1710 3605
5416 7571
419 2335
1238 3179
532 2730
691 2573
1196 3090
5003 6964
191 2175
775 3015
1063 3302
5917 8159
134 2117
5807 7788
6130 7989
619 2723
5090 6952
1861 3982
587 2688
1162 3143
217 2068
1026 3279
2029 3875
5793 7793
996 2870
661 2624
1735 3602
759 2594
467 2309
476 2308
5509 7517
5174 7404
1041 3276
5233 7340
5606 7483
5741 7859
1172 3189
6077 8028
5265 7280
838 2980
1182 3197
963 2855
770 3045
571 2780
6024 8032
992 2825
1893 3980
5010 7035
1584 3802
591 2725
5352 7172
5966 8098
742 2571
5506 7532
1536 3823
2041 3862
6099 7971
5577 7480
1298 3552
1053 3311
825 3019
5801 7771
5732 7831
5216 7315
1303 3555
521 2812
5773 7800
5981 8104
244 2051
5945 8129
23 2286
41 2256
5071 6966
1592 3778
5157 7385
405 2408
1661 3715
453 2362
28 2275
5114 6917
5681 7886
2042 3832
1526 3314
5401 7196
5423 7210
706 3013
1287 3072
6016 7817
411 2193
816 2618
5945 7731
1927 3724
254 2546
308 2105
5424 7229
1177 3479
376 2167
281 2070
5817 8118
5826 8146
460 2269
1708 4030
827 2601
5718 8004
577 2901
264 2077
183 2466
5327 7642
865 2679
781 2586
5341 7626
979 2763
5595 7363
1667 3993
582 2908
1754 4032
756 3055
5210 7489
728 3012
137 2453
5139 7439
5915 7687
574 2849
344 2168
976 2800
1667 4002
87 2422
5444 7271
168 2445
1448 3213
695 2961
1016 2782
5339 7667
1052 3381
1188 3469
722 3067
6034 7867
5087 6902
5301 7583
5687 7965
5930 7681
1991 3819
477 2288
872 2629
692 2971
1828 3595
1295 3104
179 2435
5821 8077
5604 7381
1906 3648
1308 3119
5193 7546
1616 3940
376 2124
937 2717
444 2185
898 2743
1349 3184
383 2122
1523 3275
6138 7875
5810 8075
296 2066
949 2703
326 2170
5838 8179
5988 7770
1105 3438
868 2596
307 2163
1357 3084
640 3011
370 2103
5217 7460
492 2218
946 2805
1094 3329
453 2178
1916 3643
5073 6806
240 2489
40 2401
1338 3187
1865 3587
1045 3422
5674 8033
5207 7452
5263 7620
6099 7837
5290 7652
5976 7702
651 3033
5833 8093
2002 3717
257 2137
372 2095
549 2937
1595 3942
913 2764
5009 6863
976 2703
187 2532
5715 7948
5692 8035
5465 7174
5774 8174
5519 7406
540 2942
70 2338
823 2643
1014 2704
474 2236
1476 3234
270 2148
6000 7706
5396 7294
5585 7357
5080 6838
1358 3135
1394 3075
921 2794
5798 8149
5520 7395
6031 7932
239 2459
1631 3883
539 2926
5532 7402
796 2660
1510 3230
573 2884
122 2304
5655 8045
480 2203
1992 3763
5078 6829
268 2160
236 2448
5471 7203
876 2577
1635 3869
548 2906
5068 6835
578 3010
5536 7200
40 2473
1225 3403
1812 3735
1501 3161
527 2954
5034 6701
1959 3631
822 2750
1097 3520
649 2816
1138 3579
1235 3417
1644 4066
5184 7630
1560 3991
5275 7444
104 2553
5540 7221
5290 7483
1588 4007
5275 7432
1664 3861
147 2310
5105 6756
5537 7220
985 2639
5436 7338
5535 7176
5573 7260
6136 7779
29 2433
1663 4067
135 2331
767 2914
5043 6702
5750 8150
5648 8113
1006 2636
6140 7774
5431 7317
890 2782
5934 7818
74 2543
280 2238
1756 3962
1241 3455
5168 7575
34 2442
833 2792
5937 7832
1666 3880
557 2951
2020 3662
1361 3323
1150 3538
1134 3523
5443 7406
5966 7907
5587 7294
1641 4039
1269 3418
5200 7679
396 2109
5354 7513
5724 8175
614 3026
1171 3367
5428 7296
1030 3507
31 2474
5237 7616
1288 3262
176 2311
274 2213
1407 3271
5334 7534
968 2673
626 3016
1193 3347
6125 7767
1218 3454
1377 3293
5936 7821
1705 3863
1099 3572
663 2903
1904 3760
1763 3875
719 2829
789 2774
1630 3994
625 2997
432 2165
925 2648
63 2554
1347 3204
1900 3755
5289 7534
1996 3588
5671 8173
1127 3499
1558 4058
5068 6656
5727 8082
5088 6702
5927 7913
550 3049
419 2156
5696 8079
909 2653
5021 6732
5709 8095
5041 6755
1532 3119
519 3028
1894 3765
1564 4047
5328 7428
1059 3574
5782 8003
5404 7369
5881 7980
1314 3322
5661 8133
1472 3097
6121 7731
1251 3384
20 2506
569 3034
1092 3488
345 2236
5021 6776
363 2189
5738 8076
350 2233
378 2205
5381 7394
5098 6669
1316 3276
213 2365
5069 6693
5335 7486
5530 7283
1244 3382
708 2862
463 2085
5913 7923
1887 3764
1342 3282
81 2493
1495 3131
1148 3472
1495 3130
1265 3356
2036 3609
1152 3438
1312 3279
1886 3758
5156 7639
5113 6668
1559 4065
1935 3705
5119 6665
5252 7538
5552 7238
1323 3292
5057 6710
687 2902
1606 4031
258 2299
1731 3897
1484 3120
5245 7553
5475 7325
5668 8154
894 2430
5937 7473
5207 7766
1634 3168
5462 8020
2047 3580
484 3047
1139 3696
681 2221
6063 7595
413 2968
5392 7957
5491 8058
1083 3632
809 2341
5894 7434
758 2299
837 2378
5672 7207
269 2844
5639 7190
5527 8070
5422 7996
5341 7881
1084 3625
1441 4022
689 2214
712 2271
5643 7196
1055 3591
1895 3454
5624 8163
1682 3214
5375 7907
175 2738
349 2880
5747 7278
421 3003
166 2745
832 2399
5989 7493
53 2583
1391 3917
1113 3709
5876 7376
5195 7791
536 2110
5121 7719
645 2220
1609 3168
1937 3512
5633 7208
157 2743
5983 7541
5220 7758
1499 4080
1449 3970
5606 8141
5576 8164
791 2361
249 2775
149 2746
1289 3878
5893 7466
80 2656
151 2724
1616 3171
924 2479
197 2801
1237 3808
1995 3582
680 2206
1566 3113
725 2285
5285 7837
5155 7707
1591 3086
1897 3411
1191 3741
5640 7219
5210 7782
1257 3798
959 2432
1309 3933
5848 7320
1682 3283
329 2824
5981 7452
1567 3165
5183 7805
1798 3397
5172 7799
1711 3306
361 2849
953 2544
1821 3412
5745 7224
654 2242
5995 7463
440 3061
6142 7600
1872 3328
1855 3437
5570 8081
1297 3909
5601 8116
304 2918
6115 7605
1274 3757
5403 8012
5483 7996
5481 7987
5542 8188
555 2167
5688 7268
132 2777
1430 4043
1462 4075
2008 3462
1622 3081
5983 7424
1576 3144
787 2418
5659 7290
1558 3188
1847 3413
5298 7888
993 2436
849 2359
5204 7740
1577 3136
20 2685
445 3031
5942 7517
5154 7753
931 2511
5367 7835
5079 6584
5503 7952
496 2944
715 2234
1898 3352
1115 3630
1727 3274
917 2528
5434 8015
794 2403
407 3054
93 2598
777 2421
1376 3869
36 2649
5214 7713
5525 8170
5285 7717
1262 3692
565 2226
1668 3085
706 2123
697 2099
457 2885
5833 7237
1565 3216
5382 8075
5109 6520
5096 6502
5356 7778
1668 3092
5832 7257
6118 7540
1840 3491
1136 3812
735 2123
6093 7513
814 2491
957 2347
1098 3804
5065 6495
5772 7188
5719 7375
5722 7363
5882 7267
1453 3894
1094 3805
5931 7600
1911 3563
1325 3981
5725 7421
56 2713
529 2224
1135 3790
1488 3954
1646 3277
617 2253
164 2560
5682 7318
1958 3331
1040 3765
502 2896
1868 3562
5115 6492
1356 4068
5449 8161
1554 3259
1816 3509
1473 3948
6069 7448
6068 7449
500 2886
1257 3674
6047 7467
549 2192
1659 3278
5281 7703
6065 7431
1528 3919
5092 6483
5564 7947
1288 4016
491 2897
170 2576
1446 3867
5985 7644
5583 8050
740 2138
5 2757
1019 2361
1049 3803
5072 6420
667 2142
5418 8175
310 3070
5479 8111
5026 6506
1681 3160
5537 8040
5551 8038
1504 3882
5321 7683
5260 7744
6004 7608
2036 3385
369 3007
5816 7286
1863 3464
5395 8131
5992 7608
1256 3641
810 2555
1346 3987
613 2231
130 2646
6083 7446
1269 3619
35 2810
5521 8008
1859 3481
5568 7962
5726 7358
939 2377
541 2302
1107 3766
201 2604
5237 7824
5793 7239
5317 7725
350 2999
5172 7901
5331 7737
5985 7562
5697 7341
5546 8007
5644 7393
1305 4087
1714 3165
16 2815
791 2534
391 2933
827 2505
1717 3143
958 2380
631 2179
5291 7775
5544 8030
5785 7279
6001 7561
5791 7271
5174 7887
1176 3682
1359 4021
1450 3925
596 2219
1949 3229
193 3009
661 2452
1214 4028
5977 7259
5545 7851
279 2580
1989 3270
372 2672
1137 3956
1248 4070
243 3061
97 2919
5929 7215
497 2806
5251 8068
5044 6332
5474 7786
1605 3404
1451 3746
5757 7540
6128 7419
1845 3128
1106 3935
1175 3992
888 2152
730 2507
1354 3675
5333 8132
651 2457
271 2589
5497 7787
1997 3294
91 2894
536 2317
774 2067
1935 3225
1776 3560
5015 6287
1706 3507
1508 3837
598 2380
5770 7568
1707 3504
1838 3125
5951 7203
5135 7955
5964 7249
360 2678
1325 3635
174 2993
1075 3884
5690 7461
6103 7415
5932 7182
5683 7440
5738 7497
1161 4013
1087 3867
221 3065
1400 3676
1719 3474
1881 3199
1678 3492
1385 3651
275 2617
5479 7757
2005 3321
1546 3367
5047 6298
5219 8014
5970 7292
5406 7729
1196 3999
160 2963
5106 6337
5418 7705
5271 8098
866 2132
137 3006
1542 3390
6072 7298
944 2188
770 2111
1830 3096
5502 7743
1875 3089
515 2368
1393 3634
6012 7231
1281 3653
5678 7531
1009 2231
1677 3525
5962 7170
5695 7543
561 2424
5428 7806
234 2982
32 2925
1525 3768
1311 3666
235 2980
553 2406
5636 7508
177 3043
278 2629
1279 4011
327 2578
153 3020
455 2704
5067 6289
6087 7324
594 2318
1475 3742
6058 7415
1764 3514
639 2337
5053 6371
1672 3543
1505 3713
1125 3845
37 2885
185 3032
1945 3322
207 2985
5084 6330
1077 3922
5073 6326
1204 4062
967 2221
1394 3608
612 2318
5529 7923
1446 3789
1163 4064
5121 8042
467 2750
5625 7828
1305 3689
746 2458
345 2600
1490 3747
1348 3637
5299 8130
1405 3593
1915 3087
252 2952
5872 7556
1747 3494
1821 3176
392 2814
1680 3558
5226 7964
285 2666
538 2402
414 2788
930 2264
1993 3250
1445 3801
5374 8066
6092 7346
1136 4080
1844 3252
1021 2173
343 2774
6032 7185
1073 4020
1583 3498
256 2694
660 2323
5362 8053
6061 7210
5941 7346
98 3050
1599 3511
1793 3208
5397 7836
764 2422
120 3058
417 2602
1623 3548
542 2450
475 2646
73 3012
5505 7692
1142 4088
1568 3502
1771 3428
12 2947
5753 7670
5884 7532
1195 3898
782 2207
1774 3455
1315 3761
1927 3093
101 3062
5677 7614
1014 2144
5865 7551
5958 7391
5059 6234
1487 3669
1655 3564
5706 7633
5924 7352
1197 3888
1725 3360
5752 7653
6090 7253
1326 3726
5556 7701
172 2830
6005 7383
203 2920
1221 3937
5111 6227
6064 7189
1331 3733
143 2857
1816 3263
875 2241
1850 3216
5276 7990
5500 7889
27 2997
1724 3346
1293 3746
922 2090
157 2860
870 2260
572 2447
1031 4019
1367 3811
6110 7274
5454 7931
5153 8084
289 2712
5048 6145
5419 7826
100 3039
5047 6155
110 3027
1258 3924
802 2204
1166 3888
349 2787
1780 3402
5566 7680
450 2685
1804 3277
5350 7975
5455 7820
5391 7883
5794 7524
528 2519
285 2773
668 2388
5160 8160
5342 7958
1270 3903
1674 3392
5332 7966
1243 3856
5555 7807
5326 7939
5987 7342
6015 7344
402 2626
1601 3473
5806 7550
1924 3157
1625 3467
552 2554
5982 7308
462 2589
551 2547
5230 8122
5273 8012
361 2751
5831 7441
22 3022
1888 3256
1047 4046
1029 4060
1079 4077
5729 7611
5698 7576
915 2120
5572 7711
5732 7615
1726 3427
373 2728
456 2582
5992 7350
5723 7556
5384 7913
398 2668
766 2333
5795 7488
366 2698
2034 3094
6021 7267
845 2215
916 2174
5419 7872
1435 3703
1422 3683
2037 3099
5505 7790
523 2555
5828 7476
1359 3774
171 2905
5510 7796
5058 6192
5430 7876
6073 7245
964 2097
5198 8123
1633 3478
1216 3896
1340 3780
95 2983
370 2699
210 2856
5870 7445
1399 3723
1589 3529
252 2818
5446 7864
315 2756
5562 7749
1415 2439
1701 2727
1299 2321
1397 2423
241 3317
5664 6693
5333 6352
337 3415
5012 8092
5180 6196
5385 6401
864 3945
1179 2194
5260 6277
354 3433
5124 6153
5458 6493
1689 2697
677 3764
391 3477
5343 6349
973 4062
5536 6579
1186 2230
1772 2808
5541 6576
617 3710
1538 2587
204 3282
1798 2854
1407 2398
112 3153
255 3294
5170 6160
198 3298
5693 6680
5504 6565
5866 6863
5388 6442
5015 8113
1792 2855
5208 6256
5222 6220
5512 6562
945 3994
5274 6321
251 3287
606 3698
887 3930
442 3479
854 3960
5886 6864
1258 2245
958 3985
612 3668
1373 2412
5627 6602
5363 6336
1703 2707
1786 2767
5885 6856
259 3387
5766 6846
434 3467
5857 6875
5103 8149
630 3659
1519 2514
5702 6779
6082 7042
6114 7075
5957 6916
5194 6152
1638 2597
527 3659
1529 2493
5165 6249
5189 6147
6009 6975
5611 6573
1344 2312
5402 6482
74 3072
1323 2400
971 3974
1696 2797
6020 7115
1447 2550
1574 2676
427 3576
5387 6488
5886 6826
824 3949
208 3205
1307 2381
1331 2404
8 3167
1722 2797
1443 2548
321 3353
697 3811
1319 2429
5863 6845
5518 6610
823 3946
1247 2178
5189 6171
5996 6962
5828 6810
45 3186
1781 2711
554 3657
351 3387
1804 2921
1671 2785
215 3248
5324 6315
5689 6736
5023 8182
295 3404
1780 2719
6130 7065
620 3586
5182 6224
5610 6554
5979 6952
604 3624
1387 2335
1205 2240
182 3267
1395 2309
37 3154
1128 2079
5861 6802
6048 7127
5710 6713
864 3865
1463 2509
5563 6593
6022 7164
1619 2600
506 3457
1846 2890
5032 8148
5199 6193
863 3872
1191 2264
5949 6978
6037 6932
5238 6391
999 3941
626 3824
5890 7040
5811 6704
644 3584
5469 6617
854 4051
1110 2259
5774 6667
161 3111
1266 2164
1166 2054
1726 2614
1618 2779
130 3080
1581 2727
1704 2594
61 3254
1300 2456
5326 6210
1512 2405
1226 2116
636 3826
993 3950
6002 7138
337 3523
681 3644
5138 6279
707 3669
136 3103
798 3977
433 3369
5039 7990
201 3155
640 3610
192 3162
1143 2285
1664 2587
5885 6753
237 3184
5820 6689
5926 7099
455 3417
971 3925
1194 2100
457 3414
316 3491
760 3687
1856 3040
1500 2428
1810 2993
799 4028
406 3378
5272 6205
5858 6727
213 3198
5161 6274
5435 6544
1008 3933
49 3231
860 4076
5089 8017
489 3416
485 3415
5265 6179
5407 6572
63 3211
5959 7154
5203 6374
1329 2439
5651 6821
1168 2087
555 3731
5947 7043
5686 6799
1410 2360
5128 6322
180 3087
65 3325
5049 7941
5584 6508
1797 3000
29 3235
1858 3068
1034 2229
5509 6468
1351 2437
5215 6301
530 3793
5228 6319
6125 6958
870 4003
6027 6990
181 3186
232 3105
1210 2160
5553 6523
1518 2341
5146 6353
879 4003
526 3778
5762 6734
103 3242
718 3587
1582 2785
1343 2543
1584 2786
1579 2809
725 3590
507 3375
5380 6608
90 3212
5506 6484
5453 6549
161 3195
6089 6931
443 3424
408 3395
163 3192
94 3202
5626 6439
1027 2268
828 4061
5972 7094
5459 6577
127 3227
75 3247
682 3662
1468 2393
1232 2101
263 3553
703 3673
189 3156
1095 2222
1845 3036
1334 2524
5066 7968
5440 6570
1141 2206
1363 2488
862 4018
861 4017
487 3337
5476 6539
5657 6888
5677 6879
5507 6512
292 3536
5387 6655
721 3620
1353 2492
1167 2168
5765 6770
1874 2986
1467 2371
1767 2591
528 3816
5411 6619
1379 2457
1835 3024
5386 6641
5132 6391
1590 2762
1998 2866
1574 2778
1634 2718
206 3123
1940 2923
131 3196
589 3762
1380 2151
1683 2960
564 3895
1041 2325
319 3131
5199 6475
5259 6541
5835 7117
283 3100
5241 6526
1093 2381
975 3779
1597 2865
1985 2765
5472 6252
1287 2058
5380 6153
744 4070
1164 2460
702 4015
1486 2271
6091 6873
91 3405
703 4009
5589 6339
237 3578
322 3162
263 3102
1729 3032
5553 6312
461 3287
1060 2366
892 3686
365 3191
5102 7922
5856 7167
250 3545
592 3956
327 3169
5517 6315
942 3721
1478 2273
5846 7153
1445 2188
2000 2809
5944 6673
669 4023
1100 2407
1349 2153
5730 6990
6052 6792
586 3943
1095 2410
250 3540
1121 2382
1549 2850
5737 7001
933 3732
5543 6293
5171 6406
5133 6456
962 3828
5369 6607
5197 6522
1578 2835
747 4050
858 3683
1371 2146
5600 6361
1478 2300
836 3710
277 3113
798 3679
717 3983
240 3508
1426 2263
1388 2089
919 3794
5092 7841
5030 7904
5338 6557
468 3228
5125 6477
623 3877
142 3524
352 3115
2007 2716
632 3892
850 3612
882 3644
5874 7100
67 3340
5398 6214
1212 2541
5005 7900
1789 2991
324 3095
6128 6819
5902 6749
908 3801
276 3137
840 3613
2032 2725
5344 6582
273 3142
5083 7811
1156 2525
6095 6806
197 3486
395 3280
5324 6551
1276 2464
1632 2877
572 3937
5079 7818
5070 7827
1018 3749
1479 2214
1923 2786
1477 2209
1150 2330
1201 2517
1036 2409
442 3295
1338 2140
123 3357
5346 6532
2044 2715
1401 2065
1384 2048
927 3830
5477 6156
1097 2339
1415 2284
5943 6747
5766 7146
465 3260
992 3725
2032 2717
478 3249
1590 2886
99 3347
1268 2437
752 3969
368 3074
5916 6766
1569 2900
6137 6796
5424 6214
5295 6614
5869 7063
1934 2802
646 4091
5520 6381
377 3079
5781 7147
5724 6946
1994 2741
1981 2621
1885 2781
5057 7745
733 3932
1216 2370
684 3886
5628 6264
1466 2108
5377 6279
5616 6262
1781 2930
1695 2839
1824 2729
5495 6398
608 4075
5186 6601
301 3233
1837 2720
624 4093
1070 2467
5940 6841
525 3971
5227 6629
1942 2585
5674 7077
5185 6606
6122 6776
5961 6874
1946 2574
483 3191
811 3773
6143 6761
5377 6294
1841 2729
5836 6996
366 3319
1972 2605
5027 7742
1408 2078
5576 6231
5845 6986
5989 6906
1029 2469
5847 7030
5957 6887
6025 6699
643 3879
5897 6829
5319 6499
482 3140
1985 2663
1713 2838
5595 6258
1728 2922
671 3893
5516 6183
5316 6504
1533 2131
225 3407
1027 2483
178 3331
5235 6594
675 3856
1039 2491
70 3571
338 3300
1577 2974
1612 3060
1739 2930
1899 2769
577 4091
853 3817
5577 6263
5551 6160
518 4038
940 3693
889 3768
765 3903
1990 2565
71 3460
382 3261
5044 7799
1389 2217
1116 2458
481 3111
5235 6581
5390 6345
6 3534
96 3496
5584 6169
95 3476
77 3456
6030 6720
1244 2316
5050 7784
655 3932
5549 6264
1613 2965
21 3533
1324 2293
952 3681
5173 6633
5624 6182
1022 3617
5759 7072
1553 3057
470 3127
5834 6955
5812 6997
1970 2641
1962 2638
13 3560
5598 6200
5379 6373
562 4053
126 3481
26 3581
1602 2981
5586 6197
239 3335
761 3857
6115 6667
5967 6823
5998 6791
5700 7086
486 3085
5818 6999
674 3916
38 3528
591 4001
152 3434
1206 2372
1887 2733
779 3833
5539 6231
910 3707
768 3829
1124 2451
1241 2350
575 4039
1159 2431
1068 2518
51 3535
5134 6642
464 3118
134 3449
5455 6320
731 3291
5822 6334
5147 6682
5457 6992
5411 6946
156 3742
1023 3580
676 3232
1403 2941
6039 6545
5225 6767
1822 2329
5788 6299
5941 6450
658 3226
546 3115
5120 6666
5615 7141
5710 6212
5548 7079
1628 2128
5414 6954
6044 6546
219 3787
1387 2939
5851 6347
5495 7015
14 3615
1123 2673
921 3466
800 3379
977 3525
860 3400
1242 2766
1181 2696
664 3213
6010 6511
430 4024
1485 3035
1805 2331
616 3199
1954 2485
1015 3567
692 3244
1902 2421
210 3791
5837 6352
1361 2895
6085 6629
5754 6234
5323 6891
5980 6524
2000 2545
58 3608
5117 7646
730 3326
194 3814
694 3218
5909 6451
5283 6789
5 3618
441 3984
5274 6835
932 3470
1312 2827
5652 6207
1774 2242
5254 6826
5036 7552
274 3900
5074 7676
1829 2314
238 3806
727 3303
5864 6360
5958 6519
1226 2808
5825 6387
5563 7048
420 3984
1227 2815
1497 3053
5847 6370
1096 2686
5608 7121
6071 6542
779 3377
380 3910
43 3600
602 3169
1907 2383
5787 6311
1859 2430
682 3223
772 3385
1119 2657
5496 6982
6086 6648
1721 2182
1379 2908
1414 3001
1425 2990
5714 6253
5906 6445
5084 7651
5414 6937
1392 2864
580 3076
1386 2859
861 3358
5095 7588
5718 6165
332 3849
5703 6146
5776 6358
6061 6635
206 3716
1176 2772
988 3474
666 3284
196 3722
5087 7569
531 3139
1555 2115
5735 6198
364 3902
1790 2220
5889 6483
1148 2607
2019 2486
1076 2658
1248 2742
982 3456
425 4095
399 4055
5607 7103
5997 6454
1877 2313
1260 2736
1506 3006
5940 6504
5990 6459
2045 2461
1787 2202
1728 2209
1264 2705
919 3573
923 3577
92 3647
5754 6174
1518 2955
755 3222
1973 2515
5263 6889
211 3770
1112 2610
200 3747
951 3548
1513 2946
5669 6222
1483 2983
1294 2912
1235 2748
728 3240
5620 7044
1489 2976
6015 6413
571 3144
208 3748
439 4035
5249 6900
5566 7115
689 3271
778 3452
5489 6919
1698 2266
1598 2119
5991 6430
305 3914
284 3936
1436 3041
5405 7008
5888 6525
2002 2476
1998 2480
1501 2979
6136 6535
5332 6740
5736 6378
5075 7504
5906 6545
2044 2424
293 4001
5859 6247
28 3737
5860 6252
125 3831
154 3601
934 3373
5117 7542
1808 2460
6063 6435
1673 2052
6037 6427
5547 6948
567 3239
5882 6250
997 3446
1071 2747
1231 2651
393 3868
834 3540
5035 7485
108 3835
1119 2760
5696 6359
5142 6794
1453 2864
955 3365
5779 6157
5376 7070
566 3241
1189 2564
1676 2093
5432 7065
556 3215
1023 3419
1652 2256
5631 7003
5771 6191
81 3828
874 3532
1143 2769
747 3139
1888 2504
5647 6310
5112 7505
432 3866
1971 2328
1686 2106
118 3802
257 4012
786 3516
1024 2735
547 3219
5660 6316
5707 6395
6116 6486
788 3495
1300 2976
1233 2660
133 3635
5097 7519
5746 6341
5527 6959
247 3660
1320 2964
2013 2400
174 3600
5802 6251
1762 2080
904 3402
1474 2817
5279 6748
5868 6185
332 3978
623 3240
5676 6379
245 3645
5422 7142
1024 2761
229 3628
1217 2568
5686 6396
5923 6632
731 3095
1895 2474
2015 2321
473 3862
6002 6589
5480 7079
481 3889
5208 6793
5040 7522
1783 2084
286 4042
948 3425
5276 6729
479 3849
1369 2958
632 3247
5155 6900
5898 6621
104 3760
5565 7012
5759 6309
1343 3044
258 4057
5778 6217
5212 6784
5830 6170
646 3163
5338 6663
458 3882
1979 2395
1556 2294
5908 6646
242 3607
1601 2212
5169 6868
1087 2777
5439 7129
478 3897
5764 6243
6132 6419
991 3383
5295 6724
1102 2722
745 3076
846 3489
5924 6612
5350 6678
5211 6825
5593 6955
5592 6954
401 3940
1981 2376
1383 2962
815 3546
543 3305
5693 6347
1854 2505
5993 6558
1335 3021
5144 6882
546 3289
1399 2956
5126 6909
1687 2155
6088 6452
49 3788
1285 3066
2038 2313
1295 3056
1740 2099
294 3622
5913 6169
5768 6537
5797 6564
1341 2623
718 3532
1131 2921
5082 7384
890 3193
5734 6501
1170 2966
1178 2975
4 3841
5950 6203
1753 2527
1860 2125
5093 7407
1963 2208
878 3173
1918 2162
83 3935
5272 7060
472 3797
1025 2828
913 3228
1139 2942
202 4056
1109 2887
1784 2540
645 3472
1255 3057
1339 2605
5862 6641
30 3847
5889 6168
5486 6775
400 3722
1401 2658
1398 2669
813 3126
1439 2692
5594 6849
6096 6348
1234 3023
1951 2177
1819 2052
828 3100
5066 7402
5638 6439
89 3965
590 3432
1986 2276
887 3152
715 3555
6013 6229
1903 2118
275 3642
1481 2784
1751 2558
815 3077
783 3109
589 3430
5713 6522
418 3726
1523 2783
6098 6397
294 3606
1496 2792
5054 7310
1930 2235
5896 6201
374 3652
560 3330
1788 2504
639 3403
390 3763
5525 6816
1328 2567
466 3818
445 3717
150 4014
900 3261
2 3902
1479 2811
1545 2357
225 4061
520 3380
733 3552
867 3166
1596 2306
1920 2238
5623 6856
1846 2166
5487 6703
251 4026
986 3224
1947 2265
1660 2367
1294 2637
422 3810
144 4052
850 3094
5758 6458
1987 2182
965 3200
541 3416
5283 7142
5344 7078
1702 2529
1790 2487
1580 2405
6021 6351
5104 7355
62 3955
447 3825
1885 2067
384 3790
1688 2519
1069 2941
5017 7371
670 3533
5542 6901
123 3887
5815 6627
1234 2951
576 3350
5691 6509
1462 2798
1839 2166
1586 2414
5370 7078
5430 6762
1628 2306
2030 2224
5429 6743
5060 7334
684 3530
624 3351
772 3180
17 3960
1950 2292
5225 6915
5514 6881
5465 6706
667 3575
340 3640
5474 6671
6132 6297
877 3101
849 3105
1606 2358
829 3149
1563 2411
5737 6427
1939 2279
5002 7420
68 3891
832 3127
5617 6793
1104 2857
5262 7156
2043 2176
885 3086
1954 2265
5904 6251
292 3672
5526 6890
710 3515
5302 7112
5922 6237
1452 2604
388 3588
5658 6555
1561 2459
1692 2334
107 4072
5582 6730
5879 6515
1620 2513
1424 2581
5780 6417
5515 6670
359 3808
1228 2891
1750 2398
2035 2170
5974 6367
195 3913
386 3592
1341 2742
5946 6321
268 3712
587 3527
5483 6886
380 3826
1204 2852
1748 2372
328 3800
1662 2542
1436 2573
299 3774
159 3850
5390 6811
544 3510
1090 3029
1091 3028
448 3671
23 3983
1730 2394
5993 6385
1880 2241
1597 2468
5305 6944
5268 6926
315 3744
5761 6428
5727 6592
5666 6530
5888 6304
1941 2100
1793 2208
5114 7259
746 3400
403 3633
1822 2237
5133 7083
1460 2579
1172 2867
1391 2760
826 3218
1615 2535
1772 2373
5007 7206
603 3568
5122 7081
5359 6980
1336 2708
5086 7283
1705 2311
1607 2536
686 3358
1411 2611
1011 3138
5946 6280
353 3796
1963 2078
1071 2970
648 3389
1355 2813
6046 6184
215 3951
1882 2274
5613 6743
5929 6291
1639 2524
5622 6733
5863 6490
5312 7037
5654 6569
5538 6755
322 3712
1612 2447
5307 7032
5293 7017
5343 6937
799 3286
5891 6346
1526 2620
5314 6920
6043 6225
1920 2124
5340 6929
230 3881
1390 2721
5942 6393
245 3876
895 3246
329 3736
5588 6661
945 3171
914 3142
244 3872
5944 6382
5434 6893
1519 2615
5340 6916
155 3904
139 3927
1433 2628
995 3134
1714 2412
1948 2114
967 3096
1621 2442
5616 6674
167 3908
1120 2948
1884 2232
5397 6897
1632 2440
1515 2563
915 3194
5061 7212
1837 2247
1610 2464
6134 6172
6053 6223
929 3146
232 3844
5308 6992
241 3841
954 3147
578 3505
1133 2974
735 3371
1013 3073
1382 2706
5120 7157
339 3749
5148 7140
1581 2516
205 3894
654 3445
845 4940
847 4928
841 4952
440 4524
554 4656
72 4181
665 4740
121 4198
290 4356
303 4382
602 4712
346 4463
785 4905
395 4531
727 4847
510 4545
611 4700
595 4625
613 4642
360 4388
545 4717
859 4873
44 4219
814 4942
16 4210
105 4107
71 4131
388 4577
448 4519
66 4139
679 4811
212 4283
222 4263
868 4893
650 4849
107 4117
209 4270
431 4398
117 4342
1005 4971
60 4278
657 4639
532 4762
637 4850
477 4428
620 4856
625 4846
176 4114
545 4739
371 4561
293 4486
443 4383
233 4161
149 4158
944 4893
711 4713
397 4386
648 4669
214 4192
938 4882
150 4142
12 4277
178 4104
357 4568
15 4300
462 4361
723 4633
385 4431
18 4316
94 4235
138 4179
471 4365
597 4744
610 4796
605 4799
568 4831
24 4336
488 4357
383 4498
690 4674
115 4230
184 4173
286 4580
685 4694
568 4807
487 4326
452 4294
54 4400
259 4100
806 4654
920 4758
918 4761
1017 4843
906 4761
14 4376
385 4248
781 4627
782 4650
1022 4824
78 4450
87 4455
946 4736
516 4914
375 4175
426 4243
409 4262
842 4617
562 4981
479 4241
1007 4799
267 4191
410 4303
909 4827
1006 4791
231 4542
358 4156
875 4619
334 4135
211 4537
106 4353
618 4870
989 4787
356 4116
321 4151
924 4842
674 4897
833 4805
17 4500
355 4328
878 4837
494 4194
369 4348
683 4920
420 4145
333 4311
450 4191
869 4858
974 4716
980 4720
897 4647
33 4491
262 4266
220 4467
62 4497
151 4390
209 4450
688 4875
996 4696
948 4725
778 4815
669 4952
124 4538
415 4180
459 4103
973 4608
771 4813
179 4455
60 4587
601 4995
757 4911
336 4236
409 4167
113 4526
1017 4646
181 4436
505 4125
165 4418
463 4132
186 4427
989 4654
429 4190
194 4405
306 4296
271 4341
139 4470
266 4340
25 4638
559 4132
588 4162
77 4703
570 4136
378 4969
83 4677
760 4321
659 4238
812 4364
27 4671
48 4632
265 4896
966 4585
533 4133
937 4507
171 4760
1018 4553
330 4979
863 4381
114 4668
10 4698
50 4707
64 4630
641 4311
299 4978
749 4278
519 4188
1001 4530
905 4562
533 4169
851 4408
338 4927
965 4522
990 4526
775 4468
643 4343
222 4777
173 4816
401 4881
1020 4478
217 4701
642 4108
802 4524
709 4183
966 4440
740 4167
947 4375
101 4803
72 4832
593 4347
642 4143
67 4844
158 4652
155 4655
984 4449
1002 4433
780 4530
227 4643
135 4674
500 4915
449 4872
871 4521
199 4631
163 4723
805 4596
470 4865
227 4667
858 4482
399 4947
709 4121
79 4755
39 4857
835 4517
355 5000
942 4419
656 4195
468 4906
516 4363
801 4154
367 4722
379 4708
804 4101
581 4461
713 4579
495 4805
424 4738
52 4895
822 4123
495 4802
856 4215
373 4673
690 4484
874 4182
936 4244
986 4250
880 4146
1013 4285
461 4743
765 4528
881 4158
979 4252
981 4231
908 4313
296 4721
277 4687
109 4913
10 4948
109 4876
430 4800
82 4898
88 4908
84 4898
896 4346
106 4886
880 4110
226 4963
264 4748
685 4391
266 4742
297 4798
619 4604
300 4789
660 4400
235 4928
696 4374
885 4289
805 4242
892 4299
743 4443
218 4890
351 4766
720 4370
254 4924
342 4757
147 4951
493 4651
596 4499
662 4446
526 4551
831 4339
884 4280
918 4184
750 4415
691 4449
953 4202
129 4950
389 4701
522 4560
465 4618
987 4096
753 4368
498 4624
309 4822
873 4234
865 4229
784 4342
242 4884
331 4780
413 4724
1015 4123
761 4361
404 4706
745 4369
581 4541
797 4324
186 4929
504 4613
1917 4988
1461 4534
1279 4347
1107 4187
1376 4457
1182 4238
1914 4970
1701 4788
1636 4726
1425 4489
1178 4230
1085 4129
1319 4411
1572 4665
1207 4265
1561 4614
1389 4428
1201 4245
1237 4348
1505 4554
1157 4267
1802 4901
1763 4819
1586 4608
1867 4984
1669 4790
1452 4504
1629 4713
1397 4416
1826 4885
1690 4781
1371 4451
1050 4130
1455 4501
1132 4178
1281 4417
1749 4757
1115 4126
1764 4769
1038 4171
1759 4760
1488 4507
1700 4848
1718 4832
1795 4954
1383 4412
1562 4730
1340 4444
1406 4380
1818 4990
1140 4112
1032 4206
1313 4422
1302 4473
1843 4956
1290 4474
1550 4734
1236 4268
1527 4492
1644 4631
1464 4547
1486 4531
1033 4212
1353 4553
1943 4880
1588 4773
1788 4718
1072 4258
1256 4223
1660 4836
2011 4929
1302 4490
1937 4877
1112 4295
1959 4868
1121 4295
1778 4693
1603 4836
1113 4337
1671 4655
1716 4637
1330 4504
2023 4939
1197 4124
1427 4384
1975 4867
1996 4985
1409 4407
1127 4317
1282 4543
1238 4119
1381 4513
1585 4854
1789 4660
1683 4697
2010 4887
1134 4259
1421 4416
1494 4358
1045 4288
1656 4782
1200 4199
1131 4273
1922 4953
1103 4244
1617 4749
1214 4193
1787 4634
1321 4552
1552 4851
1545 4844
1429 4479
1253 4110
2038 4891
1613 4798
1693 4715
1250 4127
1080 4294
1977 4792
1180 4511
1591 4916
1993 4825
1573 4918
1412 4247
1429 4237
1264 4588
1902 4684
1311 4150
1064 4355
1156 4527
1438 4274
1663 4946
1101 4448
1357 4214
1428 4264
1162 4535
1607 4871
1651 4918
1184 4583
1186 4586
1443 4330
1738 4999
1530 4276
1911 4641
1458 4325
1879 4623
1044 4429
1897 4659
1925 4826
1169 4593
1471 4319
1252 4487
1050 4479
1849 4688
1971 4828
1034 4478
1648 4878
2004 4779
1130 4587
1145 4604
1025 4491
1531 4209
1507 4200
1892 4842
1043 4482
1052 4493
1108 4551
1768 4988
1873 4804
1493 4168
1918 4835
2006 4680
1395 4307
1932 4653
1381 4291
1051 4541
1254 4430
1056 4489
1969 4635
1430 4154
1878 4858
2046 4687
1709 4894
1228 4474
1818 4768
1514 4142
1078 4595
1870 4745
1834 4835
1209 4466
1691 4951
1754 4886
1332 4344
1987 4622
1365 4251
1770 4901
1489 4099
2039 4640
1442 4218
1105 4488
1815 4853
1746 4912
1876 4791
1973 4691
1327 4291
1322 4292
1275 4362
1851 4815
1448 4189
1304 4334
1997 4660
1794 4856
1438 4194
1883 4774
1426 4204
1719 4275
1578 4143
1058 4645
1270 4862
1310 4887
1770 4320
1360 4955
1250 4841
1853 4402
1075 4647
1982 4523
1224 4829
1619 4165
1609 4190
1556 4108
1160 4753
1657 4196
1572 4103
1173 4787
1647 4166
1835 4354
1378 4936
1548 4131
1752 4331
2027 4574
2039 4558
1039 4659
1831 4376
1388 4947
1594 4216
1620 4118
1811 4432
1654 4144
1599 4217
1327 4967
1978 4598
1857 4369
1051 4683
1914 4393
1743 4251
2033 4519
1208 4833
1054 4676
1291 4949
1031 4711
1356 4910
1765 4233
1967 4565
1716 4149
1957 4390
1104 4826
1640 4323
1670 4116
1122 4859
1456 4909
1074 4752
1999 4460
1500 4977
2037 4421
1759 4204
1903 4571
2031 4443
1657 4288
1211 4728
1504 4903
2026 4384
1026 4808
1994 4368
1123 4792
1222 4635
1949 4418
1713 4181
1984 4388
1600 4260
1598 4314
1736 4141
1766 4118
1392 4993
1221 4656
1928 4464
1966 4439
1246 4644
1956 4447
1141 4750
1929 4469
1640 4246
1957 4442
1206 4681
1962 4267
1760 4578
1291 4617
1303 4627
1543 4352
1953 4264
1695 4501
1337 4661
1643 4453
1149 4966
1078 4906
1950 4227
1576 4360
1829 4102
1555 4405
1796 4141
1081 4875
1944 4269
1431 4768
1318 4636
1753 4578
1498 4838
1809 4177
1056 4961
1747 4503
1749 4496
1537 4423
1847 4208
1534 4793
1296 4695
1070 4969
2046 4281
1310 4695
1832 4195
1983 4338
1059 4978
1282 4688
1420 4821
1984 4256
1722 4570
1892 4098
1497 4784
1093 4904
1982 4303
1463 4803
1820 4202
1296 4711
1785 4480
1473 4795
1289 4723
1876 4138
1032 4982
1642 4589
1299 4763
1538 4492
1301 4763
1181 4882
1748 4420
1185 4916
1529 4719
1154 4885
1370 4802
1812 4235
1941 4149
1183 4926
1688 4410
1864 4331
1673 4398
1503 4725
1466 4630
1520 4672
1218 4983
1694 4391
1086 4996
1775 4437
1272 4932
1587 4495
1404 4801
1553 4561
1209 4986
1865 4236
1593 4595
1757 4375
1615 4509
1509 4664
1871 4271
1653 4503
1785 4380
1467 4702
2017 4106
1417 4708
1742 4414
1284 4855
1933 4222
1852 4292
1833 4305
1886 4262
1836 4309
1873 4271
1815 4328
2509 4557
2904 4954
2387 4432
2702 4743
2512 4571
2752 4811
2546 4577
2205 4229
2975 4997
2169 4198
2449 4494
2738 4756
2151 4172
2278 4298
2339 4367
2767 4834
2874 4884
2332 4396
2537 4570
2593 4626
2223 4250
2105 4111
2883 4991
2851 4963
2929 4914
2560 4675
2530 4518
2830 4938
2757 4736
2778 4767
2615 4734
2549 4542
2688 4816
2935 4900
2890 4894
2670 4666
2290 4261
2896 4872
2494 4582
2616 4705
2687 4645
2295 4246
2127 4137
2109 4186
2918 4876
2852 4943
2501 4533
2197 4320
2714 4847
2878 4934
2527 4518
2155 4114
2637 4663
2771 4783
2832 4972
2417 4592
2753 4672
2342 4514
2537 4461
2255 4164
2324 4506
2531 4460
3040 4981
3068 4970
2771 4682
2215 4155
2454 4363
2995 4883
2487 4372
2416 4574
2866 4994
2625 4852
2696 4658
2675 4808
2085 4325
2622 4860
2076 4318
2132 4253
2201 4179
3021 4865
2323 4573
2892 4995
2632 4762
2128 4233
2776 4610
2074 4289
2317 4591
2575 4839
2561 4841
2659 4744
2272 4107
2702 4724
2647 4776
2371 4160
2962 4756
2441 4231
2427 4213
2226 4515
2868 4646
2634 4959
2184 4511
2683 4972
2851 4670
2373 4196
2947 4775
2545 4308
2826 4642
2352 4120
2223 4485
2522 4337
2053 4394
2945 4788
2969 4783
2920 4702
2664 4945
3045 4830
2478 4240
2971 4772
2844 4697
3046 4771
2234 4607
2268 4500
2250 4481
2644 4888
2125 4382
2194 4545
2172 4395
2158 4407
2542 4234
2570 4962
2614 4956
2515 4287
3065 4758
2244 4532
2955 4861
2471 4304
2618 4941
2216 4566
2210 4386
2761 4930
3018 4678
2949 4616
2988 4670
2817 4754
2244 4434
2063 4505
2716 4869
2370 4313
2731 4912
2499 4184
2462 4098
2084 4539
2445 4140
2392 4351
2228 4352
2374 4349
2203 4389
2456 4134
2865 4750
2463 4185
2721 4973
2917 4779
2804 4923
2772 4868
2793 4921
2837 4807
2987 4735
2134 4480
2051 4564
2720 4984
2073 4544
2860 4853
2752 4892
2480 4205
2161 4505
2926 4738
2661 5000
2284 4353
2740 4955
2127 4512
2693 4983
2500 4145
2539 4125
2526 4135
2850 4825
2136 4516
2913 4765
3030 4564
2301 4862
2362 4919
2754 4306
2641 4162
2916 4471
2064 4613
2888 4434
2820 4377
2966 4488
2251 4820
2283 4810
2056 4649
2243 4834
2871 4372
2153 4685
2836 4412
2069 4669
2912 4427
2881 4462
3009 4594
2229 4749
2888 4362
2967 4563
2267 4767
2326 4958
2937 4404
2882 4365
2799 4280
2706 4302
2154 4663
2659 4157
2595 4221
2266 4741
2653 4147
2322 4967
2336 4957
2571 4213
2747 4153
2503 4930
2599 4268
2953 4357
2917 4584
2928 4576
2062 4766
2112 4820
2863 4536
2154 4861
2057 4752
2532 4985
2586 4282
2722 4096
2338 4993
2050 4774
2469 4864
2765 4203
3008 4458
2345 4994
2297 4690
2249 4732
2507 4989
2353 4999
2494 4866
2821 4538
2500 4869
2572 4297
2277 4640
2877 4602
2620 4341
2303 4658
2784 4146
2142 4746
2119 4754
2513 4871
2819 4575
2841 4600
2262 4657
2590 4338
3008 4399
2254 4665
2804 4099
2455 4960
2876 4548
2556 4870
2106 4806
2839 4586
2080 4899
2403 4710
2847 4122
2895 4170
2343 4641
2713 4497
3053 4321
2396 4690
2098 4925
2121 4934
2611 4387
2095 4921
2892 4186
2834 4100
2314 4636
2949 4242
2054 4881
2060 4891
3005 4261
2807 4590
2665 4466
2889 4178
2650 4422
2523 4806
2665 4425
2397 4733
2617 4379
2952 4266
2377 4704
2671 4421
2770 4606
2977 4237
3161 6004
2739 4483
2568 4410
2397 4709
2606 4373
2700 4529
2624 4477
2649 4452
2893 4211
2443 4789
2695 4536
3052 4270
2915 4128
2848 4199
2363 4722
2609 4476
2873 4203
2436 4823
2657 4411
2389 4623
2497 4765
2668 4401
2719 4607
2307 4706
2538 4747
2882 4128
2770 4534
2790 4483
2684 4378
2707 4597
2420 4626
2508 4773
2609 4447
2384 4648
3035 4259
2426 4615
2435 4615
2683 4599
2768 4417
2701 4373
3023 4183
3030 4174
2461 4610
2523 4729
2440 4653
2520 4733
2933 4307
2304 4776
2482 4632
2978 4105
2932 4293
2485 4612
2394 4840
2213 4883
2270 4961
2879 4350
2419 4785
2608 4596
3046 4138
2748 4465
3062 4134
2639 4510
2601 4603
2181 4944
2662 4537
2258 4919
2444 4715
2932 4254
2909 4272
2262 4923
2737 4444
2889 4281
2872 4299
2868 4301
2875 4290
2470 4703
2723 4441
3311 4335
3955 4977
3135 4156
3634 4657
3786 4814
3780 4801
3303 4330
3534 4544
3529 4569
3469 4510
3107 4151
3083 4126
3386 4397
3781 4829
3582 4582
3792 4810
3264 4319
3953 4944
3278 4332
3265 4322
3090 4150
3408 4469
3272 4335
3737 4780
3339 4413
3596 4666
3663 4727
3728 4778
3654 4729
3130 4219
3674 4633
3201 4290
3967 4924
3079 4160
3245 4326
3320 4279
3741 4814
3447 4385
3906 4888
3661 4624
3590 4699
3569 4527
3706 4638
3513 4572
3812 4748
3203 4334
3729 4863
3767 4804
3170 4121
3699 4620
3159 4136
3401 4556
3973 4866
4090 4979
4037 4943
3390 4532
3851 4992
3554 4462
4042 4933
3190 4327
4048 4931
3485 4366
3480 4364
3206 4112
3557 4476
3702 4818
3751 4621
3675 4854
3426 4562
3285 4197
3312 4163
3745 4629
3793 4710
3348 4515
3395 4603
4057 4960
3975 4925
3823 4652
3363 4581
3700 4786
3767 4731
3542 4377
3434 4539
3776 4628
3632 4840
3611 4800
3694 4785
3392 4516
4085 4880
3517 4442
3567 4355
3203 4207
3708 4755
3181 4253
3285 4129
3364 4563
3618 4910
3848 4612
3450 4215
3681 4975
3511 4263
3676 4941
4009 4794
3923 4676
3152 4424
3229 4481
3365 4111
4025 4759
3864 4648
3224 4522
3468 4286
3097 4395
3686 4948
3870 4650
3296 4565
3929 4704
3256 4484
3457 4284
4081 4812
3230 4513
3639 4980
3919 4620
3125 4464
3596 4937
3098 4433
3458 4302
3327 4525
3615 4932
3843 4707
3520 4257
3410 4147
3594 4971
3372 4169
3591 4974
4085 4740
3204 4597
3334 4212
3584 4989
3232 4573
3399 4152
3815 4966
3475 4113
3859 4753
3419 4318
3799 4945
3236 4387
3445 4324
3730 4864
4079 4731
3178 4606
3175 4593
3762 4911
3857 4784
3316 4438
3147 4585
3616 4996
3231 4404
3308 4445
3149 4600
3766 4879
3336 4297
3868 4819
3110 4598
3883 4857
3494 4220
3301 4415
3990 4685
3797 4917
3490 4166
3396 4256
3447 4255
3724 4964
3453 4247
3234 4424
3798 4920
3421 4274
3238 4438
3470 4217
3678 4188
3243 4770
3842 4370
3598 4124
3405 4953
3443 4965
3735 4225
3349 4867
4082 4580
3958 4448
3753 4286
3685 4221
3233 4794
3709 4193
3317 4817
3245 4747
3871 4406
3606 4157
3968 4525
4014 4508
3672 4207
3612 4139
3243 4764
3688 4176
3769 4224
3944 4437
3338 4917
3646 4097
4004 4588
3637 4220
3666 4120
3647 4211
3397 4873
3382 4987
3272 4742
4055 4495
4083 4520
3373 4982
3796 4232
3947 4406
3854 4435
4047 4498
3893 4459
3332 4968
3698 4097
3625 4177
3107 4699
3205 4863
3333 4990
3346 4974
4000 4572
3122 4686
3850 4468
3252 4662
4088 4477
3665 4315
3619 4269
3986 4367
3188 4843
3918 4590
3360 4997
4011 4366
3740 4148
3852 4517
3946 4547
4036 4456
4040 4454
3465 4902
3996 4403
3751 4104
3690 4314
3830 4165
3786 4222
3863 4514
3132 4745
4008 4383
4035 4475
3714 4153
3848 4548
4092 4393
4029 4459
3512 4975
3178 4790
3775 4192
4086 4374
3579 4890
3141 4775
3083 4846
4081 4381
3486 4976
3110 4809
3578 4874
3546 4908
3159 4949
3969 4226
3795 4569
3409 4673
3593 4378
3574 4833
3158 4942
3680 4473
3121 4907
3873 4159
4073 4343
3759 4528
3361 4611
3779 4583
3917 4200
3891 4117
3341 4644
3137 4968
3901 4115
3995 4277
3192 4936
3638 4356
3837 4558
4045 4345
3927 4205
4010 4241
4034 4350
4079 4265
3381 4735
3995 4310
4041 4249
3614 4426
3986 4293
3117 4986
3603 4426
3357 4675
3463 4837
3905 4133
3118 4937
3624 4419
3799 4540
3938 4105
3328 4716
3962 4119
3355 4714
3952 4102
3122 4939
3738 4576
3773 4546
3464 4616
3840 4228
3325 4987
3310 4964
3542 4698
3553 4719
3377 4769
3754 4414
4076 4216
3565 4726
4092 4189
3339 4782
3566 4679
4029 4113
3238 4874
3429 4822
4027 4109
3909 4349
3270 4991
3729 4394
3221 4905
3884 4240
3900 4344
3239 4962
3384 4849
3407 4737
3963 4276
3217 4958
3655 4502
3690 4540
3629 4602
3756 4475
3459 4692
3343 4824
3905 4249
3505 4691
3968 4197
3858 4346
3715 4456
3380 4827
3639 4549
3210 4976
5629 9725
5496 9594
5063 9157
5649 9748
5127 9216
5801 9902
5187 9288
5725 9814
5875 9976
5229 9318
5461 9541
5445 9557
5694 9775
5695 9770
5531 9601
5399 9480
5009 9137
5554 9619
5642 9771
5001 9131
5236 9302
5572 9703
5335 9460
5267 9399
5617 9686
5920 9991
5113 9182
5652 9788
5138 9275
5744 9820
5357 9409
5548 9629
5379 9531
5305 9349
5583 9714
5088 9121
5664 9825
5772 9929
5042 9184
5076 9094
5620 9639
5234 9255
5448 9502
5025 9207
5364 9391
5230 9266
5257 9428
5099 9099
5036 9165
5216 9217
5844 9911
5867 9871
5539 9670
5697 9769
5740 9729
5372 9361
5713 9790
5503 9486
5632 9842
5561 9674
5348 9363
5611 9618
5854 9891
5839 9904
5248 9217
5360 9330
5101 9070
5124 9345
5221 9443
5791 9752
5790 9751
5580 9542
5683 9912
5016 8979
5106 9087
5761 9743
5425 9633
5193 9433
5309 9260
5853 9807
5665 9906
5110 9058
5613 9592
5400 9613
5852 9795
5673 9910
5085 9081
5203 9461
5002 8994
5578 9570
5399 9657
5636 9898
5318 9334
5825 9841
5278 9261
5809 9732
5368 9294
5328 9318
5224 9425
5835 9842
5168 9354
6079 9988
5150 9376
5080 9062
5211 9374
5808 9848
5212 9364
5228 9382
5033 9058
5634 9934
5023 9040
5118 9006
5646 9948
5723 9865
5058 8981
5655 9935
5139 9417
5812 9838
5012 9032
5623 9494
5523 9585
5232 9367
5638 9964
5796 9806
6135 9990
5646 9980
5669 9942
5728 9876
5837 9785
5081 9004
5730 9882
5775 9844
5296 9291
5381 9720
5834 9781
5246 9595
5591 9424
5091 8938
5190 9549
5204 9561
5156 9524
6003 9826
5190 9552
5895 9759
5191 9566
5618 9454
5054 8865
5292 9609
5416 9230
6050 9866
5597 9460
5280 9610
5961 9826
5454 9339
5366 9664
5569 9471
5229 9555
6059 9877
6081 9856
5478 9250
5303 9727
6111 9879
5257 9667
5103 8889
5163 9596
5739 9994
5920 9795
5493 9233
5175 9553
5060 8876
5564 9430
6141 9878
5270 9722
5170 9566
5108 8858
5177 9558
5974 9785
5100 8860
5194 9535
5591 9377
5519 9463
5427 9288
5331 9647
5890 9860
6139 9840
5001 8709
6104 9815
5095 8817
5513 9247
5901 9879
5433 9379
5460 9419
5912 9863
5325 9554
6105 9849
5466 9468
5143 9659
5141 9656
5183 9615
5081 8808
5064 8826
5598 9325
6056 9757
5046 8717
6036 9775
5322 9585
6011 9915
5445 9345
5545 9327
5955 9864
5950 9971
6062 9854
5220 9652
5292 9597
5994 9912
5514 9298
5218 9658
5383 9437
6081 9761
6131 9747
5151 9719
5458 9403
5330 9528
5062 8749
5919 9970
5599 9263
5029 8785
5018 8815
5250 9593
5619 9229
5521 9326
5751 9333
5201 9814
5891 9487
5832 9413
5813 9381
6082 9682
5008 8577
5347 9973
5676 9274
5315 9947
5756 9317
5401 9988
5213 9794
5102 8652
5232 9812
5949 9497
5188 9837
5004 8609
5098 8666
5675 9242
5982 9578
5127 9779
5085 8680
5223 9808
6101 9708
5931 9489
5306 9979
5975 9489
5776 9432
5870 9407
6073 9704
5011 8641
5700 9239
6006 9507
6070 9697
5297 9961
5317 9893
5717 9268
6113 9603
5077 8624
5933 9543
5334 9917
5670 9293
6097 9660
5320 9894
5116 8595
5502 9995
5854 9387
6019 9723
5919 9574
5006 8695
5671 9308
5816 9272
6046 9503
5162 9902
5999 9700
5968 9692
5959 9672
5632 9365
5089 8572
5895 9626
5637 9382
6078 9499
5939 9625
5056 8555
6110 9587
5268 9765
5039 8465
5166 9966
5987 9638
5643 9420
5131 9947
5269 9797
6111 9473
6097 9523
5740 9352
5107 8451
5258 9852
5206 9898
5185 9918
6035 9370
5790 9616
5020 8335
6041 9357
5657 9479
5934 9225
5645 9510
5979 9335
5518 9890
6138 9431
5547 9880
6105 9455
5748 9538
5797 9627
5783 9641
5787 9694
6055 9442
5602 9899
6143 9397
5628 9910
6139 9399
5378 9804
5192 9991
5041 8417
5038 8441
5892 9309
6112 9402
6075 9440
5516 9938
6129 9391
5904 9328
5880 9626
5484 9736
6122 9347
5531 9974
6090 9405
6135 9353
5708 9676
5565 9787
5522 9754
5014 8221
5592 9811
5421 9917
5699 9684
6031 9240
5071 8279
5413 9916
5437 9895
6003 9448
5842 9549
5582 9834
5914 9406
5927 9366
5635 9649
5543 9748
5858 9557
5398 9899
5684 9716
5803 9579
5873 9522
5814 9586
5627 9789
5763 9541
5851 9500
6140 9269
5463 9885
5561 9845
6121 9252
5667 9716
5762 9563
5489 9875
5451 9903
5355 9997
5061 8236
6101 9279
5022 8292
5918 9442
5111 8200
5351 8421
6020 9090
5948 9015
5515 8581
5159 8246
5394 8454
5493 8546
5587 8650
5169 8235
5557 8616
5619 8686
5511 8614
6137 9176
6018 9127
5122 8231
5844 8959
5224 8260
5716 8824
5997 9048
5313 8440
6102 9199
5752 8770
5393 8492
5996 9005
5351 8352
5245 8241
5475 8493
5765 8906
6123 9146
5412 8562
5217 8247
5161 8304
6083 9112
5644 8791
5939 9071
5662 8768
5575 8601
5715 8755
5152 8258
5404 8568
5500 8474
6087 9120
6133 9106
5522 8698
6038 9215
5899 9061
5425 8542
5423 8512
5681 8769
5736 8733
5984 8981
5850 8867
5991 8990
5512 8690
5304 8389
5140 8299
5202 8403
5691 8889
5560 8509
5345 8295
5436 8628
5354 8288
5400 8594
6042 8976
5578 8512
5729 8941
5303 8250
5786 8725
6030 8961
5594 8522
5722 8910
5879 8812
5986 9209
6054 8964
5603 8519
5178 8351
5202 8436
6109 9083
6060 8961
6107 9065
5826 8817
6126 9053
5663 8871
5625 8513
5301 8204
5162 8342
5689 8838
5954 9091
5975 9105
5242 8380
5264 8286
5456 8607
5755 8879
5883 8750
5329 8199
5731 8891
5391 8662
5130 8406
5960 9108
6095 9007
5300 8277
5376 8678
5468 8635
6060 9025
5900 9213
5110 9989
6071 9027
5849 8740
6017 8832
5692 9021
5363 8689
5701 9036
5862 9195
5050 9908
5013 9861
5928 8764
5153 8502
5413 8253
5252 8605
5019 9862
5353 8695
5799 9144
5633 8990
5800 9088
5579 8419
5538 8331
5621 8414
5179 8471
5323 8678
5499 8276
6069 8837
6008 8776
5830 9206
5569 8432
5964 8831
5355 8669
6000 8775
5887 9159
5319 8701
5894 8774
5284 8672
6052 8931
5492 8252
5006 9926
6108 8853
6010 8752
5865 9145
5936 8801
6045 8911
5658 9038
5004 9944
5585 8368
5908 8816
5145 8573
5769 9196
5486 8203
5112 9886
5609 8334
5374 8599
6062 8899
5294 8669
5709 9016
5532 8426
5618 8324
5249 8697
5470 8228
5016 9954
5864 9107
5464 8231
5685 9143
5839 9036
5433 8381
5053 9784
5473 8422
5164 8612
6126 8806
5240 8692
5976 8918
5550 8248
6032 8711
5213 8647
5360 8556
6056 8712
5484 8392
5325 8553
5568 8294
5051 9756
5078 9853
6072 8726
5037 9758
5935 8860
5829 9074
5757 9156
5448 8433
6012 8898
5345 8481
5385 8393
5749 9139
5504 8263
5877 9023
5963 8839
5524 8283
5705 9113
5362 8483
5892 8913
5922 8951
5799 9072
5270 8513
6091 8724
5266 8562
5238 8599
5045 9809
5680 9175
5159 8655
5609 8198
5201 8612
5488 8326
5097 9745
5442 8376
5687 9160
5045 9653
5800 8365
5118 9720
6045 8603
5852 8404
5843 8384
5218 8822
5178 8751
5806 8379
5956 8536
5277 8835
6116 8645
6053 8580
5743 8266
5550 9096
5855 8437
5165 8710
6106 8693
5534 9134
5056 9718
5028 9618
5827 8436
6064 8586
5867 8400
5031 9704
5758 8239
6089 8604
5984 8501
6107 8588
5639 8287
5035 9715
5429 9068
5365 8878
6103 8631
6084 8613
5820 8408
5443 8996
5887 8339
6004 8472
5361 8863
5236 8709
5248 8945
5024 9682
6040 8687
5954 8505
5206 8744
5065 9551
5859 8293
5273 8734
6006 8700
5100 9569
5501 9193
5670 8371
6076 8486
5841 8269
5893 8601
5011 9484
5339 8827
5626 9050
5042 9491
5457 9202
5853 8318
5614 9035
5222 8899
5459 9204
5694 8341
5781 8248
5410 9100
5410 9104
5359 8787
5315 8830
5288 8809
5468 9118
5822 8317
5860 8226
5743 8357
5482 9121
5439 9203
5029 9576
6034 8515
5878 8229
5473 9141
5010 9550
5902 8659
6119 8505
5926 8697
5747 8338
5562 9048
5409 9154
5978 8627
5842 8254
5612 8960
6141 8467
5861 8202
5647 8447
5187 8891
5291 8789
5511 9080
5145 8934
5923 8229
5017 9374
5358 9189
5243 9079
5840 8670
5817 8630
5698 8528
5358 9213
5943 8226
5314 9173
5167 9015
5751 8559
5180 8992
5370 9191
5349 9155
6009 8272
5154 8971
5059 9455
5907 8254
5938 8220
5373 9166
5420 8729
5279 9130
5970 8292
6014 8265
5388 8757
5707 8561
6007 8265
5662 8480
6005 8267
5558 8947
5247 9016
5426 8825
5311 9204
5667 8559
5903 8287
5933 8316
5796 8693
5250 9175
5635 8539
5269 9161
5128 9045
5871 8626
5615 8881
5581 8877
5027 9410
5487 8717
5760 8675
5789 8699
5209 9022
5365 9117
5911 8319
5660 8556
6112 8336
5703 8502
5998 8220
5965 8249
5497 8705
5969 8233
5528 8930
5824 8634
5840 8618
5115 9344
5735 8473
5037 9261
5177 9144
5293 9007
5823 8507
5188 9167
5143 9112
5784 8456
6076 8237
5596 8782
5756 8686
5804 8510
6127 8316
6028 8219
5043 9259
5136 9097
5176 9123
5395 8847
5590 8779
5567 8734
5808 8468
6011 8413
6042 8241
5501 8918
5107 9310
5300 8985
5336 9078
5524 8737
5554 8714
5158 9114
5653 8617
5665 8604
5994 8405
5533 8797
6026 8271
6067 8309
5251 9029
6055 8300
5529 8778
5777 8517
5131 9182
5845 8462
6001 8337
5020 9338
5972 8370
5412 8908
5701 8620
6108 8246
5247 9105
5099 9221
5898 8420
6054 8278
5916 8428
5353 8989
5678 8665
5720 8608
5371 8967
5074 9262
5874 8463
5297 9039
5663 8672
5912 8423
7229 9277
6486 8532
7336 9387
6273 8325
6726 8771
7553 9606
6986 9026
6371 8426
6585 8627
6543 8581
6233 8277
7016 9060
6708 8763
7965 9997
6281 8344
6782 8815
6167 8196
7598 9659
7277 9332
7773 9798
6322 8366
7967 9985
7310 9360
6397 8419
6838 8872
6489 8518
7265 9342
6206 8225
7152 9168
6194 8211
6412 8493
6392 8409
7076 9095
7330 9350
6803 8885
7027 9044
7716 9731
7695 9767
7516 9591
7576 9652
6442 8453
7715 9740
6993 9086
6772 8772
7069 9135
6995 9061
7485 9482
6490 8547
7840 9881
6418 8488
6724 8824
7372 9357
6974 9084
7720 9836
7510 9490
7308 9417
6832 8949
6866 8855
7175 9281
7396 9379
6471 8463
7303 9423
7661 9639
7691 9799
6425 8520
7163 9128
6253 8245
7893 9868
6681 8768
6174 8263
6314 8433
6161 8269
7921 9901
7405 9392
6841 8935
6576 8656
7683 9828
6418 8565
7711 9845
7803 9744
6443 8519
6797 8929
7080 9156
6965 9049
7461 9547
7829 9957
6652 8590
7401 9370
6407 8564
6848 8883
6940 9064
7238 9264
7323 9453
7740 9802
7300 9469
7322 9440
7073 9181
6968 9029
6379 8341
7120 9134
6501 8677
7092 9008
7816 9741
6268 8442
7230 9400
7126 9040
6301 8218
6679 8848
7526 9711
7581 9492
7026 9211
6817 8747
6193 8379
7662 9573
6567 8490
7791 9954
6938 9098
7408 9313
7781 9975
7458 9648
7475 9632
7074 9009
7618 9559
6943 9097
6939 9101
6753 8952
7539 9706
6870 8780
7881 9833
7341 9229
6510 8654
7769 9977
6305 8192
6293 8244
7352 9242
6707 8853
7137 9031
7735 9872
6879 8821
7698 9913
6429 8625
7841 9742
6870 8805
6934 9125
6709 8845
7052 9013
6887 8798
6778 8902
8126 9984
7899 9829
7725 9874
7656 9514
6425 8666
6199 8435
6170 8414
6190 8427
6745 8863
7776 9896
7429 9677
6363 8210
7825 9816
8137 9989
6744 8852
7811 9806
7514 9623
7365 9227
6238 8337
7420 9267
6335 8302
6268 8365
7233 9363
7313 9282
6265 8362
7520 9651
6884 8759
7273 9404
6907 8736
6842 8807
7189 9419
7120 8974
6328 8281
6165 8439
7527 9605
6392 8221
6285 8299
6732 8868
6611 8506
7439 9701
6785 8813
7057 9084
6467 8620
6715 8907
7162 8971
6219 8383
6498 8598
7333 9296
6266 8322
7893 9772
6229 8360
7025 9103
6750 8864
7635 9516
7599 9388
6947 8743
6560 8356
7118 8907
7687 9986
6611 8404
8107 9900
7093 8893
8152 9937
7218 9528
7313 9628
6306 8623
6878 9171
6283 8580
6505 8312
6350 8668
7202 9525
6420 8195
6728 9055
6328 8608
7548 9317
6182 8508
6960 8747
7228 9504
6167 8457
7982 9777
8055 9815
7431 9254
6402 8224
7528 9282
7976 9735
7081 8857
7421 9677
6714 8968
6429 8234
7011 8794
6311 8606
7027 8777
6381 8663
7613 9350
7603 9352
6922 8753
6262 8520
6912 8767
7123 8855
6657 9034
7012 8745
6189 8547
7088 8958
6299 8651
6158 8543
6905 9133
6725 8976
6366 8587
6455 8289
6423 8264
7785 9995
7559 9445
7104 8867
8162 9857
6792 9198
6718 9046
6356 8636
7383 9661
7023 8707
6596 8360
6858 9126
8163 9870
7281 9473
6969 8779
7095 8900
7312 9700
7972 9823
6844 9153
8016 9774
6290 8464
8150 9813
6687 9116
6673 9108
7331 9509
7063 8720
6278 8449
6752 9192
6518 8445
7256 9684
6327 8487
7417 9577
6219 8665
6287 8475
6915 8854
7064 8718
8040 9983
7042 8730
7241 9681
7184 9612
6583 8235
8157 9793
8027 9927
7338 9527
7366 9560
8168 9846
6738 9205
6374 8526
7255 9723
7335 9483
7169 9645
6150 8619
6754 9164
6658 9138
8080 9760
7331 9491
6527 8399
8003 9969
6935 8869
6818 8977
7222 9605
6457 8332
6967 8833
7046 8753
6441 8350
7649 9305
6438 8351
7664 9289
6830 8978
6296 8484
6630 8282
6485 8424
7074 8735
6360 8551
8161 9761
7288 9656
7231 9726
7178 9675
6904 9018
7150 8746
7228 9721
7364 9475
8118 9854
7121 8728
8029 9876
7507 9375
6752 9133
6248 8614
6509 8355
6560 8306
6144 8658
8115 9825
7251 9607
6408 8412
7435 9437
7288 9646
8191 9768
6867 8975
7307 9577
7628 9258
6973 8917
7058 8827
6812 9077
6161 8698
6260 8600
7515 9397
6796 9059
6655 8205
7300 9590
6569 8282
6922 8958
7499 9405
6164 8674
7409 9484
7145 8681
6631 9190
6154 8715
7082 8617
6607 9164
7974 9507
7014 8544
7693 9221
8100 9645
6180 8744
7361 9932
8130 9679
6610 9183
7047 8585
6272 8849
8120 9642
7304 9883
6512 9059
6316 8888
6240 8821
7864 9389
8019 9546
6364 8901
7935 9446
6343 8924
7293 9830
6479 9041
6850 8412
7792 9327
6550 9142
8005 9572
8190 9695
8172 9678
7392 9923
8024 9597
7046 8611
6760 8270
6989 8554
7815 9376
6559 9143
7842 9355
6549 9150
7739 9232
7948 9511
6415 8995
6782 8274
7342 9858
7682 9263
6320 8861
6924 8482
7686 9257
6733 8290
7855 9375
6788 8372
7918 9439
6236 8813
7750 9329
7036 8523
6181 8722
6536 9138
7681 9275
6335 8836
6697 8213
8191 9667
7035 8517
6592 9215
7122 8595
6542 9167
6531 9152
6450 9079
7285 9778
6643 9140
7112 8576
6742 8219
7143 8618
6282 8900
7826 9410
7886 9372
6292 8896
7235 9750
6510 9019
8027 9486
6878 8331
6786 8407
8114 9701
6586 9185
7896 9348
7501 10000
7180 9836
6553 9211
7736 9306
6317 8911
8134 9637
6226 8763
6875 8374
7005 8496
7264 9742
6216 8760
8071 9719
6995 8480
7374 9914
6495 9002
7848 9424
6907 8322
7772 9254
6404 9087
6277 8955
6191 8784
6966 8521
6349 8783
6804 8215
7139 8548
6911 8307
7034 8694
6334 8755
7798 9467
6676 8347
6930 8578
8079 9500
7991 9634
7125 8515
6460 9124
8183 9579
6917 8602
8139 9556
7747 9443
6173 8892
8180 9558
7947 9640
6853 8294
6440 9088
6596 9069
7863 9245
6186 8838
7013 8648
6300 8754
6684 8371
6676 8356
6664 8376
7688 9400
6291 8739
8157 9581
7096 8460
7403 9822
8072 9535
7038 8644
8136 9586
6694 8349
7197 9889
7607 9994
7722 9364
7284 9909
8147 9490
7812 9286
7172 9921
7010 8615
6192 8949
7157 8499
6716 8443
8101 9583
7715 9448
7629 9984
7414 9766
7051 8529
6206 8932
6909 8230
7392 9787
7796 9384
8112 9580
7388 9729
8000 9631
6736 8369
7909 9223
8143 9517
6834 8273
6217 8874
7857 9301
7937 9705
6344 8738
6931 8696
7743 9427
7143 8459
6236 8880
7981 9690
7214 9943
7356 9792
7199 9952
6241 9056
6571 8874
6679 8470
7756 9540
6200 9010
6665 8455
7883 9668
6235 9034
8186 9454
6731 8541
6650 8940
6242 9077
7007 8264
6474 8786
7593 9905
6832 8621
6488 8774
6659 8477
7097 8359
7808 9630
6814 8638
6849 8673
6471 8805
7680 9506
7732 9495
7102 8346
8037 9280
8111 9353
7708 9524
7569 9915
6985 8290
6854 8681
7777 9553
6759 8534
6591 8845
7765 9575
6902 8642
6852 8688
6480 8806
6633 8927
6699 8476
7895 9710
6584 8834
8167 9436
7000 8293
8041 9303
7623 9977
7136 8415
6396 9155
7804 9532
6491 8729
7803 9529
7076 8423
7631 9864
6822 8673
6717 8570
6272 9163
6342 9110
6881 8629
7884 9624
7949 9304
6389 9123
7438 9817
6669 8533
6936 8259
7522 9790
6662 8550
6892 8584
7447 9843
8115 9430
6513 8727
7037 8213
7653 9869
7536 9753
7609 9938
6472 8742
7670 9862
7047 8437
8136 9403
7631 9913
6336 9145
8135 9406
8167 9373
7028 8200
8009 9271
7824 9710
8057 9465
7858 9523
7050 8205
8085 9244
6456 8883
7739 9655
7511 9946
6719 8624
6880 8560
8138 9311
7072 8252
7004 8444
7918 9550
7456 9856
7124 8308
6616 8826
7087 8203
6865 8567
6357 9074
6565 8706
7595 9730
6213 9196
7690 9635
7717 9609
6290 9020
6447 8832
7671 9816
6424 8875
6372 9047
7854 9501
7039 8395
7451 9901
7792 9671
8186 9283
6764 8662
8036 9439
7055 8243
8105 9237
7469 9873
6275 9022
6364 9057
7813 9531
8129 9343
7753 9718
6548 8789
8106 9314
6339 8969
7689 9666
7933 9521
7108 8201
6967 8441
8057 9385
6166 9159
6910 8488
6590 8808
6880 8503
7464 9968
7772 9601
7505 9871
7002 8325
7135 8255
8032 9346
7151 8204
6270 9114
6982 8354
7696 9717
6942 8443
7892 9522
7993 9438
7049 8289
7938 9451
7722 9665
7418 9993
7726 9690
6363 9005
7033 8334
6563 8794
7860 9544
7581 9824
6554 9624
6204 9272
7939 8967
7838 8858
6281 9359
7436 8453
7916 8929
6398 9459
6185 9255
6723 9811
7657 8696
7790 8828
7891 8897
7723 8761
7463 8501
7529 8570
7299 8343
7705 8719
8127 9128
7305 8350
6536 9616
6265 9313
8101 9148
7616 8667
7737 8743
7592 8630
7502 8528
7624 8680
7297 8353
7438 8494
6625 9664
6171 9273
7746 8800
6791 9892
7997 8985
7825 8884
7904 8901
6704 9750
7427 8485
6571 9603
7499 8551
6974 10000
6340 9451
6843 9867
6368 9427
6412 9527
7706 8795
6202 9336
6333 9471
6620 9630
7374 8333
6598 9602
6636 9640
6313 9452
6348 9354
6855 9870
8178 9150
6337 9356
7912 8871
6211 9228
7503 8478
7847 8950
6297 9418
8087 9154
6329 9452
7768 8718
7478 8557
7491 8479
6432 9596
7245 8208
6664 9833
7944 9066
8100 9158
6618 9657
7583 8699
6636 9608
6601 9646
7339 8387
6447 9543
7708 8822
6514 9496
7384 8361
7201 8272
7258 8232
8036 8982
7521 8468
8010 9020
6675 9828
6163 9323
7878 8895
6852 9918
7661 8593
6529 9724
6861 9907
6305 9438
6623 9567
7247 8398
7444 8592
7702 8850
7252 8400
7980 9130
6760 9967
6507 9696
8139 9024
7426 8585
8064 8972
6573 9505
7171 8333
6166 9369
6194 9377
7181 8345
7995 9135
6842 9772
6470 9681
7206 8369
6779 9964
7873 8792
7171 8349
7957 9098
6178 9344
7927 8785
6521 9695
7911 8769
7610 8466
7785 8898
7185 8378
7376 8315
6820 9736
6489 9717
8176 9053
8103 8969
7810 8749
7632 8544
6151 9396
6705 9861
7650 8535
8007 9202
6763 9950
7528 8660
6692 9880
7755 8950
6712 9863
7390 8223
6889 9771
7492 8583
7198 8408
6689 9959
6517 9650
7953 9174
8084 9052
6422 9694
6453 9724
6188 9446
6458 9713
7876 8719
6737 9885
8068 9033
7752 8839
6178 9453
6662 9940
6672 9922
6892 9791
7128 9998
7512 8591
7535 8631
7591 8574
7713 8954
7519 8577
8022 9142
7434 8683
7635 8497
6883 9728
6637 9481
6453 9680
7645 8504
6604 9514
7778 8840
6226 9401
7951 9187
7828 8825
7759 8866
7921 8735
7863 8792
7202 8402
7546 8586
7689 8956
6529 9590
6690 9946
6382 9238
6685 9957
6608 9513
6197 9423
7941 9214
7747 8895
8018 9132
8106 8878
7511 8275
7110 9921
7663 8424
7771 9043
6302 9623
7422 8692
6971 9783
8180 8952
6242 9581
8021 8772
7929 9197
7371 8671
7614 8362
7132 9930
7188 8451
7734 9004
7852 9136
6228 9545
7264 8573
7561 8343
7721 9014
7736 8984
6480 9328
6443 9226
7496 8298
8140 8943
6942 9786
8108 8842
7013 9794
7648 8391
8146 8955
6410 9248
6240 9547
7721 8965
7152 9951
6914 9773
7362 8691
7309 8639
8134 8948
6280 9658
6438 9236
7270 8532
6324 9600
7606 8323
7367 8689
6574 9366
7285 8524
6644 9422
6386 9673
7604 8329
6628 9435
6473 9334
7109 9978
7545 8262
6428 9251
7437 8242
7030 9783
7380 8597
7469 8300
8082 8915
8052 8752
6377 9632
8145 8856
7761 8987
7284 8511
7724 9057
7479 8314
7903 9106
7266 8492
6603 9371
7003 9738
7550 8236
6176 9589
7327 8650
7531 8242
6330 9696
7834 9153
7314 8652
6146 9564
7926 9129
7897 9094
6630 9351
6958 9800
7560 8430
7041 9958
7861 9170
7597 8394
7481 8286
6228 9533
6516 9246
7746 9000
7493 8233
6980 9768
6426 9333
6977 9776
7714 9043
7101 9935
7321 8683
7525 8209
7111 9905
7055 9976
7243 8508
7089 9926
6151 9599
7650 8344
7530 8208
7244 8503
7703 9067
6224 9518
6646 9332
7839 8986
6327 9520
8062 8951
7291 8690
8184 8818
6960 9919
8059 8939
7332 8500
6319 9534
7518 8399
7303 8469
7246 8668
7770 9166
7914 9086
6258 9702
7779 9206
7908 9075
7709 9093
6159 9620
7378 8521
7256 8644
6935 9865
7872 9054
6961 9903
7566 8209
6624 9343
7804 9180
7016 9928
6353 9584
6147 9633
7833 9019
8091 8760
7357 8472
6149 9635
7377 8569
6984 9953
8160 8780
7648 8271
7054 9791
6244 9685
7130 9835
8002 8944
7241 8700
7101 9739
7102 9737
6541 9268
6534 9279
8188 8775
7704 9124
7343 8466
7411 8525
6507 9386
6462 9468
7835 9049
7658 8238
7673 8255
6263 9663
8164 8748
7149 9765
6595 9226
7627 8194
7565 8262
6400 9420
6341 9480
6446 9441
8066 8781
7149 9789
7484 8429
7218 8675
7194 8648
6399 9515
7524 8368
8072 8797
7236 8594
7916 9013
6451 9449
7992 8931
6518 9389
7474 8428
6378 9481
7612 8280
7942 8928
7491 8363
7986 8922
7869 9044
6282 9568
6500 9359
7516 8375
6638 9218
6286 9571
6452 9434
6929 9983
6275 9580
7020 9884
6357 9508
7317 8545
8026 8879
6653 9224
7017 9886
7748 9148
7375 8500
7136 9756
7902 8994
6899 9996
7920 8975
7370 8905
6168 9755
6899 9467
7427 8970
6220 9792
6746 9303
7862 8359
7898 8392
7334 8885
8023 8516
7349 8865
7066 9615
8025 8524
8119 8610
7437 8984
7473 8999
7959 8449
6345 9950
7409 8937
7214 8756
6373 9982
7718 8249
7860 8340
7148 9678
6221 9832
7458 8970
7064 9648
7692 8224
7768 8309
7213 8707
7819 8378
7209 8731
6278 9908
7821 8382
6670 9277
7894 8418
7014 9554
7934 8395
7901 8427
7781 8275
6813 9383
7757 8310
6308 9887
6215 9851
6898 9422
6723 9219
7399 8870
8092 8660
8158 8596
6953 9571
7558 9162
6476 9986
7158 9638
7946 8540
6809 9409
7174 8799
7225 8800
8010 8465
8073 8658
7827 8397
7302 8920
6695 9287
6700 9294
7665 9113
6800 9469
7301 8939
8018 8482
7077 9687
6839 9411
6735 9273
6936 9582
7700 8301
7867 8384
7794 8206
7855 8402
7622 9031
8107 8495
7168 8837
6738 9429
7070 9497
6988 9669
8102 8490
7905 8301
7570 8988
7045 9483
6735 9408
6984 9691
6758 9459
7233 8921
7494 9183
6688 9401
6869 9295
7562 8977
7495 9179
7131 9542
7571 8974
7230 8856
7158 9552
7224 8862
6367 9847
6908 9302
7877 8297
7761 8444
6927 9662
7433 9147
7378 8801
7084 9496
7011 9686
7641 9071
6821 9235
7909 8285
6350 9846
7272 8915
7763 8429
7098 9595
7167 9529
7810 8260
8125 8571
7326 8793
7654 8993
6198 9980
7116 9474
7626 8965
7287 8888
6369 9774
7307 8795
6828 9340
6805 9285
7850 8319
6687 9415
7129 9472
7345 8810
7031 9644
7095 9578
7168 8926
6609 9999
7557 9050
7593 9078
6377 9737
7580 9085
6289 9840
6694 9412
7925 8215
6876 9278
7780 8323
7539 9118
7413 8728
7105 9519
7193 8937
7397 8727
8016 8610
8110 8541
7765 8353
6795 9340
6901 9228
8124 8518
7103 9539
6800 9324
6190 9939
8154 8485
7498 9141
7934 8193
6645 9968
6885 9699
6722 9540
8047 8296
7462 8737
7211 8995
6482 9818
7314 9115
7619 8906
7586 8872
7401 9186
7305 9090
6845 9649
7433 8708
7735 8506
8151 8410
7988 8250
7337 9127
6445 9762
6827 9636
6767 9598
7973 8243
6538 9874
7767 8526
7742 8484
8114 8367
7442 8716
6400 9764
7582 8890
7358 9115
6528 9896
8190 8407
8142 8418
7119 9441
7324 9139
8062 8270
7924 8645
6628 9937
7507 8804
7147 9436
8050 8261
6660 9532
7697 8489
7880 8691
7793 8525
6721 9599
7250 8978
7470 8814
7596 8942
7594 8936
6798 9676
7090 9462
7450 8796
8071 8385
7854 8676
6740 9503
8065 8397
6567 9962
7177 9028
6797 9666
6448 9824
7643 8841
7950 8285
7348 9191
6771 9512
7161 9378
6851 9631
6789 9689
7774 8448
7625 8873
7590 8903
8178 8339
7515 8762
6726 9511
7036 9245
8099 8386
7839 8701
7503 8748
6435 9798
7446 8830
7116 9380
6837 9689
6908 9617
7889 8639
6455 9817
6603 9892
7945 8313
6904 9608
7627 8890
8185 8328
7104 9394
7295 8973
6505 9754
7619 8887
7472 8773
7655 8848
7846 8483
7617 8776
7443 8857
7908 8558
8099 8239
6768 9725
6683 9622
7506 8925
6639 9855
7880 8536
8128 8273
6564 9781
7809 8471
7751 8657
7382 9025
7612 8741
7977 8370
7040 9244
7548 8930
8063 8416
8051 8403
6557 9788
7335 8966
7395 9026
7558 8740
6768 9683
7139 9280
6477 9966
6494 9978
7075 9222
8070 8227
7449 8894
7943 8367
6896 9561
6405 9900
6820 9487
6830 9475
7988 8347
7789 8642
7701 8613
6613 9831
7080 9243
7325 9002
7255 9199
6711 9613
8172 8278
7343 8980
7281 9162
8165 8280
7788 8657
8059 8388
8090 8283
6963 9461
6409 9934
7138 9258
8069 8268
6546 9819
6837 9598
7795 8636
7769 8598
8090 8266
6625 9779
6562 9841
7498 8862
6869 9472
6437 9981
7655 8765
7118 9234
8023 8330
6433 9982
7227 9178
6847 9565
6533 9830
7714 8646
8116 8274
7676 8730
7712 8647
7067 9331
7639 8766
6871 9533
7865 8530
7808 8555
7868 8530
6905 9495
8030 8364
6834 9536
7146 9241
7393 8983
7809 8566
6410 9971
7130 9251
7634 8750
8065 8318
