10000 10000
6086 6087
668 670
5952 5955
3016 3019
3033 3034
6059 6063
3569 3572
6418 6423
5339 5342
8667 8669
3304 3310
6432 6438
5579 5581
7443 7444
162 165
4601 4606
1125 1135
8850 8856
1890 1896
4033 4043
4950 4956
9777 9786
1556 1560
3040 3052
1207 1211
3383 3386
5002 5016
3790 3805
1099 1119
611 628
8395 8403
7374 7383
8163 8185
2180 2206
2048 2075
3630 3637
418 446
2690 2719
6918 6939
1250 1276
6914 6941
6549 6581
5638 5670
1048 1081
4618 4651
2579 2609
3534 3562
5143 5168
6337 6374
7322 7357
8903 8942
9224 9250
3162 3184
5957 5999
6876 6903
909 929
7817 7845
2516 2553
647 682
8155 8181
7962 7988
2121 2151
8275 8290
6929 6944
5646 5692
268 318
1792 1845
8458 8509
4993 5049
3422 3431
8525 8566
2948 3000
3100 3104
1944 1957
4623 4658
6232 6246
3423 3424
5277 5341
8598 8662
5285 5348
4271 4333
6826 6895
9509 9568
930 996
1332 1394
1454 1513
4910 4967
9648 9722
699 752
1449 1509
7314 7366
7612 7657
5567 5608
6936 6977
897 984
14 85
7299 7391
9273 9317
143 211
8102 8186
7449 7492
3249 3311
6952 6984
9361 9456
1808 1905
7223 7251
829 856
9003 9027
802 843
2331 2416
9532 9559
6033 6138
5651 5752
9127 9162
3349 3451
7698 7778
8320 8432
1080 1096
1679 1791
1848 1866
149 230
9637 9686
7055 7163
5009 5093
9614 9723
3628 3673
6186 6236
9269 9283
4154 4173
8220 8299
3722 3827
9275 9287
9737 9845
5948 5953
6818 6879
7050 7156
3592 3703
3901 4028
5239 5362
2160 2293
7944 8077
6474 6605
5158 5295
2876 2999
6944 7086
1325 1442
5731 5868
103 247
9025 9168
4903 5046
5958 6101
2605 2750
9778 9894
7438 7579
4872 5022
6745 6863
1915 2028
5723 5824
2135 2251
8569 8676
8772 8921
5758 5859
5404 5506
9825 9983
6172 6275
3874 4029
101 197
3954 4050
8801 8896
5126 5287
6951 7045
1904 2002
378 473
4634 4793
7985 8082
55 146
2125 2283
1099 1251
9814 9982
5458 5626
2562 2729
8540 8688
1863 2026
2165 2264
8202 8356
1385 1479
8530 8674
7457 7571
8049 8131
4611 4790
3160 3309
5677 5784
9026 9204
6508 6618
5468 5607
3150 3317
1568 1692
6979 7166
8756 8841
272 430
7702 7849
2883 3068
7247 7310
1599 1789
8518 8581
3953 4023
6209 6281
4175 4230
1040 1242
5126 5325
1305 1492
6472 6533
2086 2281
7514 7562
9072 9122
5493 5537
5696 5783
3901 4074
3403 3484
6763 6835
4695 4751
1807 2005
9519 9717
6149 6361
8568 8612
9530 9702
6484 6539
2106 2266
8014 8108
560 722
5458 5553
3957 3990
1065 1229
2402 2438
8489 8655
5908 6131
4472 4511
4360 4591
9256 9408
3364 3532
2832 3066
8196 8430
3941 3976
8772 8884
6764 6813
1036 1277
1089 1200
2578 2787
4420 4533
8963 9201
375 387
7968 8148
3148 3257
9235 9446
7711 7912
580 701
3669 3756
9055 9125
7962 8160
4636 4835
6381 6636
7842 8096
5245 5503
239 492
759 1008
5122 5381
9278 9529
7696 7960
8360 8608
5223 5486
2295 2558
4161 4427
199 461
4198 4461
3796 4057
4614 4872
4690 4956
7822 8094
3263 3502
1103 1373
8250 8488
6371 6640
9359 9627
5689 5933
8434 8679
6791 7058
3196 3433
8868 9137
9322 9596
6690 6970
4703 4931
1563 1799
6348 6609
4129 4414
7921 8174
2249 2539
7205 7431
4810 5097
5853 6136
7707 7997
3641 3857
2790 3022
8852 9149
1273 1488
6787 7081
5200 5498
5213 5494
8295 8523
8923 9207
1157 1449
1202 1436
6847 7057
4763 5034
9781 9988
1214 1423
6158 6461
5755 5967
2576 2853
115 325
4702 4968
2179 2485
5647 5944
5214 5478
2625 2937
8238 8470
6897 7112
8886 9098
3816 4053
5800 6038
8720 9007
6266 6469
8832 9152
5205 5396
229 423
8366 8685
7214 7530
5865 6063
7875 8068
35 363
4857 5041
7808 8137
5187 5384
2123 2311
2177 2510
6243 6451
3221 3527
4298 4504
5271 5573
557 894
65 278
2067 2377
1734 1949
36 383
9445 9659
3117 3442
2668 2867
3708 3868
7783 7941
9333 9494
5255 5602
3156 3378
2677 2835
1724 2011
4324 4492
2618 2898
7284 7453
6269 6423
8289 8459
3694 3842
9236 9593
4850 5020
3244 3522
7217 7518
91 298
4795 5070
6259 6406
180 462
3092 3438
6231 6442
141 499
7895 8105
2257 2479
3776 4030
3102 3425
31 415
7857 7984
1622 2007
7910 8039
2056 2443
7871 7995
5153 5541
7774 8154
7274 7662
8272 8661
5735 6114
84 465
81 468
2569 2959
8443 8572
6303 6424
9328 9720
4170 4546
5822 5943
3732 3870
4756 4894
1737 1858
1221 1353
6772 7160
8795 9173
7812 7956
9414 9556
8321 8469
4827 4942
9238 9603
8914 9034
1782 1903
6287 6421
140 278
2124 2518
8818 9192
5708 6096
8363 8502
4706 5116
9261 9612
4807 4961
4684 5099
7793 8153
5308 5397
3139 3562
7252 7677
8420 8520
8921 9077
1580 1921
7855 7937
614 980
4721 5058
8706 9137
3228 3368
8322 8502
5335 5474
7833 7980
9341 9672
2700 2874
5333 5475
8307 8645
5826 6005
1190 1297
6848 7032
725 879
3301 3422
5250 5439
7720 8085
4324 4441
6731 7157
7751 8185
6828 6931
3819 3883
3616 4064
2578 3027
3169 3491
1184 1379
1643 1966
3836 3897
8837 9027
4625 5078
6798 6985
8286 8601
5125 5577
6781 7089
1055 1489
1741 1795
2624 2958
3800 3863
1245 1293
7827 8002
4622 5084
1623 1925
3189 3495
5813 5996
3180 3510
8851 9032
729 773
5762 5980
5864 5942
639 928
532 971
6177 6593
3691 3978
7220 7638
7343 7501
8264 8619
599 946
8752 9174
8203 8684
4643 5065
2694 2920
47 448
9420 9532
1658 1930
3817 3864
1063 1492
8337 8546
5737 6045
9246 9707
6744 7086
2069 2530
599 928
6715 7116
7337 7518
9336 9600
7291 7555
8315 8577
582 956
7331 7513
9408 9531
6291 6511
3750 3928
1094 1465
141 653
1461 1973
7295 7807
1254 1767
1408 1922
6233 6749
4164 4674
4124 4635
1253 1772
9464 9970
7416 7924
289 813
5472 5997
4500 5018
2375 2888
2519 3032
1437 1933
6645 7141
8594 9091
114 608
289 818
1161 1692
4403 4901
1264 1767
7256 7745
5152 5689
5393 5898
9292 9815
392 916
2235 2727
6255 6770
3208 3733
6619 7163
3199 3678
8333 8876
5377 5920
5266 5809
8396 8936
3410 3957
3134 3606
51 538
5221 5711
324 878
1219 1773
6297 6838
4521 4998
8394 8933
7503 8063
2309 2871
8419 8913
8576 9140
7512 8045
2236 2697
7233 7799
179 645
6386 6853
5136 5672
6437 6941
9261 9748
9309 9828
4397 4886
1217 1786
8553 9045
6527 6978
8258 8828
1029 1595
5327 5773
7245 7695
5303 5876
1397 1841
4370 4950
109 555
2544 2998
2341 2924
7555 8138
1382 1839
5369 5810
7481 8053
8434 8892
7414 7864
173 738
3376 3937
2460 3022
7363 7828
9385 9969
455 925
4291 4761
8663 9100
8284 8711
4600 5027
6357 6798
7174 7770
452 922
485 955
5591 6071
6360 6841
2289 2707
2453 3063
7304 7915
4212 4631
6598 7077
8497 9045
7529 7949
8681 9103
2347 2892
8486 9038
346 819
7415 7838
7257 7731
5427 5977
3218 3833
1287 1899
7665 8093
8327 8938
9323 9734
7367 7849
8572 8973
1456 1988
207 698
6341 6832
1035 1661
5502 5897
1090 1589
219 684
7346 7882
8480 9048
8549 8989
7326 7911
5608 6038
9406 9921
5320 5815
1137 1776
2155 2794
447 828
5315 5702
3485 3861
3293 3665
8673 9069
2230 2618
6471 7114
5265 5660
7320 7701
7289 7926
7631 8031
4216 4845
3252 3618
5407 6025
9259 9916
8508 9131
6456 7073
3493 3903
2093 2742
6611 6990
8278 8904
7628 8018
2098 2732
4186 4804
4208 4846
9278 9888
8 681
171 520
4187 4863
6441 7053
1195 1549
4412 5019
5292 5638
9311 9972
2278 2635
9281 9964
8334 8736
2256 2686
5238 5830
2341 2966
5436 6024
2079 2729
6570 6940
4411 4995
3429 4061
9260 9872
1167 1615
8204 8908
1407 1982
4163 4737
4493 4937
6401 7110
1212 1659
5619 5947
9471 9783
4214 4797
8408 8724
9379 9838
6457 7158
8262 8841
4423 5000
8336 8768
372 933
7617 7952
4131 4848
391 850
7534 8123
4590 4921
8477 9157
7655 7998
5536 6013
1345 1948
4399 5106
2229 2664
1156 1626
2351 3056
3451 3994
5510 5991
1232 1586
3234 3648
8292 8838
3227 3711
3515 3934
49 727
9348 9826
10 738
6191 6854
8628 9053
2288 2585
2366 3028
4306 4664
1086 1747
7426 8172
7304 7782
7560 8038
8305 8832
6169 6890
2137 2730
1213 1608
7356 7755
4276 4675
86 673
4136 4817
8526 9141
9445 9758
208 556
2221 2641
2217 2647
2263 2600
2364 2620
2116 2885
7620 7878
1343 1597
3240 4011
3156 3921
5431 5680
3087 3848
2362 2610
7679 7927
4281 5041
4471 4733
2156 2919
8593 8858
1490 1758
1405 1651
2535 2807
4127 4879
3438 3710
1268 2020
2509 2783
4192 4979
1248 2035
1111 1859
5388 5657
5 786
3390 3623
6532 6814
9516 9782
4132 4927
2053 2846
5584 5836
5329 6093
8565 8810
1511 1733
1071 1804
8606 8890
5506 5799
6216 7022
1342 1561
167 911
5264 6073
8635 8849
7543 7772
8703 8916
4322 5070
6646 6872
4221 4947
1515 1733
8498 8732
481 721
6483 6755
8654 8959
7572 7847
3338 3646
4260 5008
1486 1787
408 685
6552 6830
6407 6717
8398 9205
9673 9972
3239 3993
3370 3605
2484 2699
7409 8112
5509 5831
1334 1652
7399 8100
5403 5720
9494 9813
6480 6676
3399 3585
435 756
6220 6923
3527 3727
6173 6997
1382 1582
6445 6756
3403 3586
6286 7108
6470 6668
3189 3903
2521 2708
8288 9006
3533 3715
3550 3729
483 690
8687 8893
1151 1837
325 534
5592 5760
9654 9967
3295 3974
7669 7855
3277 3985
2154 2870
6532 6874
3384 3687
8238 9038
6173 7036
281 632
3528 3754
7262 7996
8448 8803
9653 9937
2081 2889
3095 3967
8425 9090
8483 8776
2083 2895
2338 2636
3229 4083
8651 8868
83 828
57 841
79 830
3252 4038
5562 5832
5197 5950
8317 8974
2132 2849
6548 6882
2054 2929
422 732
4464 4618
4368 4716
4260 5080
1313 1629
2319 2673
4344 4985
9563 9946
103 997
8250 9148
1326 1705
4560 4696
5261 5893
6299 6929
2287 2916
1177 1800
4469 4839
3383 3748
6302 6925
7448 7821
3575 3681
6273 6935
6146 7066
8435 9066
5398 5772
2 920
6157 7057
3273 3925
7241 8148
1079 1961
3354 3716
3492 3643
6367 7039
8243 9106
6208 7137
2276 2886
8304 9171
3472 3635
4318 4986
1039 1963
4247 4914
1304 1712
2436 2606
3291 3952
379 726
8659 8830
9481 9892
6194 7068
4325 4939
1092 2039
1351 1779
2378 2814
4139 5023
399 571
9726 9803
266 703
1049 1967
6453 6786
459 627
4506 4642
4139 5010
8431 9044
4117 5033
9672 9844
3337 3764
2068 2987
368 719
6329 7033
129 832
9553 9874
7342 8042
7598 7786
82 918
4348 4920
1346 1671
3093 4048
5498 5821
376 688
9676 9734
5407 5844
2297 2869
1381 1705
7376 7966
2181 2891
8493 8930
280 712
5358 5951
7279 8126
3330 3793
43 1016
8270 9114
4353 4821
8666 8719
317 740
2260 2831
5240 6051
1498 1540
5454 5776
2463 2624
2279 2820
8631 8786
1424 1653
2193 2935
9637 9795
5420 5835
4438 4798
8478 8951
8215 9214
1296 1787
6340 6953
4295 4905
8431 8960
5469 5805
4100 5109
5203 6049
9578 9880
2456 2667
2467 2647
3476 3680
1048 2031
6619 6700
356 659
94 934
5544 5712
1301 1774
9456 9995
4507 4711
7663 7699
6348 6961
8496 8909
2058 3060
138 884
4273 4943
2276 3301
914 1936
2110 3132
4875 5896
4418 5446
6800 7831
2860 3883
4589 5610
4364 5380
6591 7606
6192 7227
2958 3971
6954 7972
4880 5918
5081 6102
6447 7456
6886 7926
6670 7708
8207 9245
4907 5945
4521 5563
405 1414
7076 8119
1001 2045
978 1991
8401 9415
4330 5373
347 1356
2927 3960
4889 5902
2628 3676
6370 7419
6876 7877
3071 4068
4724 5743
265 1298
218 1217
2748 3744
2692 3737
6524 7522
2799 3824
6633 7625
790 1847
2417 3411
2403 3392
4704 5700
2273 3268
2941 3928
159 1210
4651 5645
4604 5595
4556 5604
4734 5718
7088 8089
8529 9594
724 1786
3054 4062
2966 4007
159 1197
4634 5676
209 1255
6626 7642
2171 3139
2773 3821
8934 9950
4356 5437
2882 3963
8461 9524
8476 9509
4125 5159
4472 5443
8247 9227
8713 9780
6736 7696
690 1778
744 1706
8519 9475
2219 3311
2564 3651
2136 3088
4236 5317
6937 8016
8629 9727
2481 3578
6639 7588
4767 5844
6538 7622
8596 9689
6736 7710
2909 3858
8695 9639
6413 7516
2711 3782
361 1338
577 1554
6712 7787
528 1604
112 1060
2588 3656
8628 9696
8495 9594
5071 6041
6590 7656
8854 9934
755 1707
6205 7270
2928 3885
919 1993
6604 7596
5077 6068
889 1816
6162 7286
4275 5334
2973 4087
8922 9904
4490 5606
295 1355
215 1211
6429 7536
6751 7729
2360 3401
7042 8179
4233 5368
620 1566
4149 5191
8221 9321
4171 5183
2856 3933
4450 5396
4730 5644
4212 5122
2390 3361
4166 5169
2183 3327
5103 6039
2915 3867
2737 3784
6836 7885
6616 7585
8510 9538
6476 7473
8342 9449
8447 9344
6963 8012
6694 7846
6885 7781
8871 9765
5001 5899
6277 7181
8692 9596
424 1314
4999 5901
4405 5566
2754 3662
6754 7918
29 1169
3009 3919
296 1464
8583 9495
6801 7682
6415 7580
6362 7247
927 1799
6893 7796
4614 5791
2780 3653
4680 5842
977 1866
6825 7733
6215 7387
8780 9937
3031 3912
2599 3718
2206 3132
4761 5693
4631 5811
783 1962
6326 7185
427 1292
8954 9821
6999 8176
4165 5357
5108 5981
8353 9224
603 1777
4945 6139
6913 8106
2814 3666
4371 5567
4501 5432
8636 9490
8486 9608
5066 6010
8459 9658
6958 8092
488 1371
8752 9859
2468 3345
919 1825
2521 3439
6544 7465
555 1680
4421 5624
4375 5545
4262 5145
4682 5877
2762 3594
6628 7460
2743 3701
4181 5271
4351 5180
4196 5281
8498 9719
4234 5199
2368 3462
213 1043
3050 3872
6336 7180
4599 5414
2150 3253
6919 8147
789 1985
2541 3385
4693 5763
4297 5137
6620 7429
4611 5849
13 1239
2241 3098
9179 9984
937 1909
731 1543
2864 4078
431 1392
7031 8104
8701 9500
4690 5808
92 1208
7161 7965
6900 7709
4098 5352
8402 9272
6262 7325
6673 7930
6354 7225
183 1115
701 1617
4137 5316
4749 5731
4591 5376
2837 4069
4202 5272
486 1299
4216 5261
2511 3384
322 1461
2234 3136
6198 7370
670 1635
4368 5613
6301 7267
6189 7378
8494 9263
4933 5700
279 1044
4783 6059
6907 8190
9051 9822
6545 7319
2524 3291
2923 3683
9037 9798
328 1091
4292 5576
5043 5823
172 1440
809 1575
343 1113
2972 3725
275 1025
2177 3474
2441 3229
7160 7916
90 1358
4321 5622
4127 5382
777 1552
524 1813
6266 7521
6370 7678
4197 5497
227 1534
6875 8132
7023 7759
807 1539
420 1155
105 1345
6766 8006
6780 8021
2511 3302
2318 3108
9050 9846
8615 9354
2886 3688
533 1850
2374 3191
6847 8078
9200 9922
6268 7502
2389 3174
6243 7504
4840 6109
6525 7243
547 1812
6460 7173
178 1422
6816 8094
369 1073
4644 5990
4979 5681
940 1775
2818 3654
6351 7561
6293 7634
6248 7471
6526 7222
518 1868
5006 5828
6918 7754
8524 9217
6961 7804
8583 9418
751 1953
4313 5513
830 1647
8580 9430
9112 9930
4 1360
2827 3679
9187 9909
9098 9948
4177 5387
6328 7650
2601 3955
565 1902
6238 7426
2960 3788
8463 9298
6536 7382
4602 5284
4267 5579
4239 5614
9155 9890
193 1443
2533 3207
4555 5288
4413 5209
7091 7895
693 2003
128 1513
6987 7713
646 2028
2547 3224
557 1862
9059 9743
7033 7703
214 1465
4700 5932
4584 5272
8225 9552
798 1644
7027 7681
8363 9689
135 1524
2642 3878
6317 7640
4959 5671
431 1238
383 1030
6513 7178
234 1430
501 1160
4524 5164
6794 7948
693 1843
6392 7551
514 1925
4339 5499
8196 9613
8311 9724
962 1614
2933 3833
8699 9332
955 1588
6562 7213
6697 8121
8623 9279
7155 7777
2953 3611
4678 6101
4573 5193
2778 3918
7063 7683
2887 3795
6894 8059
4915 5797
18 1412
6494 7369
6431 7302
6519 7405
6582 7210
2255 3411
2684 4064
3002 3622
2815 3938
6883 8062
6973 7840
6306 7484
5023 5632
8472 9401
6394 7512
2152 3530
7154 7767
4144 5526
6750 8182
4620 6052
607 2039
2095 3463
8579 9258
2222 3332
4508 5175
2232 3348
7047 7722
5014 5688
4536 5142
2747 3849
6862 8060
4566 5217
476 1131
6557 7205
508 1092
6574 7188
6840 7939
6948 7832
562 1932
309 1163
798 1696
6903 8008
4199 5543
38 1510
2546 3122
4606 5183
188 1405
462 1036
7012 7847
6610 7195
273 1242
4678 6027
8535 9370
4160 5518
2446 3136
9015 9959
5079 5637
4963 5809
7026 7844
4991 5795
2486 3178
4623 6099
4274 5487
8582 9305
7084 7756
6808 8057
6824 8010
6560 7234
7148 7694
2586 4088
2432 3171
2077 3577
782 1770
8206 9704
6968 7902
4441 5310
699 1874
868 1678
2376 3235
2678 3997
3048 3588
8392 9508
8471 9467
6504 7302
2494 3153
4731 6027
4996 5749
2892 3774
274 1248
6650 7182
7004 7848
4938 5823
117 1408
885 1664
8637 9291
8952 9998
4978 5765
9169 9766
803 1748
4928 5815
370 1162
2223 3414
811 1746
4294 5437
6616 7206
6834 8013
330 1205
440 1976
3030 3540
4445 5982
8823 9331
858 1372
591 1096
6144 7688
7164 7669
4766 5268
6590 8117
4294 5837
4097 5642
5052 5553
2956 3458
53 1595
2513 4033
2992 3492
2833 3333
4487 6034
2514 4039
4132 5682
8364 9908
8247 9773
4759 5260
2507 4048
2509 4054
663 1164
6364 7879
8784 9293
6253 7795
6302 7809
4423 5976
265 1833
6951 7431
8358 9862
8349 9919
390 1956
2804 3286
7040 7587
2594 3073
4282 5785
6305 7813
373 1873
2303 3801
4380 5946
6785 7335
2634 3168
8751 9219
2598 3082
2478 3970
2150 3658
2972 3505
7154 7619
2290 3779
6788 7350
8922 9454
4655 5146
2797 3290
654 1206
2638 3186
6541 8113
6382 7891
6834 7308
8878 9360
6502 8025
9033 9483
5059 5504
4696 5149
8401 9881
801 1384
237 1702
2501 3982
4828 5264
4598 6074
665 1237
2081 3692
4698 5140
6853 7306
4197 5674
2803 3235
9157 9621
6477 7965
4773 5364
7136 7601
4436 5895
9215 9644
8811 9272
6988 7448
3051 3519
6840 7404
2531 4021
972 1434
8912 9350
6976 7450
6713 7266
986 1414
2768 3213
750 1203
2155 3638
2717 3266
6815 7360
7148 7603
6719 7263
8853 9460
922 1531
4525 6095
9120 9668
6658 7268
4575 6072
946 1499
4901 5452
7034 7443
2203 3825
4238 5861
4411 5975
4544 6060
4801 5293
396 2040
2602 3167
8965 9597
4157 5701
4912 5449
2534 3996
5068 5558
4946 5423
6265 7687
4444 6108
6766 7406
8322 9731
4454 6116
2385 4050
78 1738
9113 9501
8241 9909
8389 9792
2581 3219
7149 7531
4758 5137
9201 9592
4215 5885
9040 9691
6440 8099
4934 5577
9108 9499
2557 3951
592 1218
8919 9285
412 1807
9035 9683
9071 9719
757 1132
6415 8083
2154 3830
4647 5306
8811 9461
7072 7427
6598 8037
8210 9905
411 1855
8900 9314
7155 7508
6165 7869
2060 3751
2987 3335
4187 5878
4228 5673
2520 3958
6493 8178
715 1147
292 1940
2230 3590
4520 5914
4118 5797
6833 7170
347 2024
2851 3472
6705 7298
6543 7996
814 1435
2469 3858
6506 8146
8317 9925
591 1269
9120 9500
8278 9960
7165 7491
2703 3120
8800 9376
5075 5394
249 1592
216 1561
6197 7927
6808 7259
619 1199
6465 8069
621 1192
89 1695
5004 5445
271 1990
2690 3144
847 1412
2669 3232
9063 9640
1007 1312
472 1803
638 1197
302 2042
6512 8100
8438 9760
7114 7442
197 1564
4329 5683
8313 9891
4749 5201
2125 3729
4284 5729
943 1393
8350 9854
6920 7657
6401 8162
6530 8042
9114 9586
2103 3802
6775 7321
4105 5862
7095 7493
2778 3113
8229 9942
1023 1290
423 1873
112 1671
8866 9301
6713 7361
6522 8066
404 1900
6147 7931
6693 7391
2523 3879
6865 7215
6867 7212
9012 9268
2612 3381
8865 9635
6983 7237
688 1459
2950 3203
7076 7330
4238 6022
4855 5630
1003 1250
4965 5230
8939 9696
456 1732
2608 3389
6705 7487
4099 5900
691 1468
7080 7352
6535 7830
2490 3755
7034 7275
2161 3938
8711 9492
2227 4007
221 1994
649 1438
4741 5533
4624 5384
590 1364
471 1739
4669 5408
4726 5462
8239 9996
4935 5220
6239 8056
3007 3223
841 1123
8879 9603
9064 9284
6202 7959
59 1803
4929 5233
4455 5714
4740 5555
116 1868
2862 3094
6385 8136
2862 3092
5068 5367
4341 6089
2137 3940
768 1085
8512 9854
8246 9992
5085 5346
5105 5326
2488 3719
4553 5769
137 1995
6734 7437
5035 5359
4107 5966
4167 5889
2654 3352
609 1319
6220 7947
8967 9280
169 2030
8857 9685
2338 3694
4811 5511
7043 7373
4274 6140
4791 5625
2639 3328
9180 9363
2308 3668
8884 9701
2411 3642
8516 9751
8822 9506
7074 7412
804 1139
582 1297
8855 9678
7024 7209
2117 3871
2655 3330
5029 5368
457 1687
7036 7203
2713 3579
709 1441
4568 5820
254 1947
787 1147
8985 9328
4505 5872
2302 3991
2474 3779
2789 3471
4515 5832
8291 9992
2161 3869
2560 3437
6679 7545
4991 5136
893 1042
2720 3535
6534 7913
2349 3677
9182 9391
7010 7187
4580 5782
2960 3298
477 1711
8482 9808
8817 9475
616 1307
9019 9288
4710 5392
6888 7571
4172 5936
2587 3430
6199 8009
8855 9704
254 1918
2706 3346
4525 5676
5031 5157
4195 6113
969 1098
6788 7424
915 1047
8733 9625
1015 1138
2174 4091
2059 3981
4262 5920
864 1257
2382 3780
4637 5527
4295 5964
6753 7661
2367 3760
4114 6045
4485 5642
2399 3792
671 1295
9075 9441
7118 7261
7003 7368
6161 8068
4343 5984
2872 3247
6280 7953
2195 3850
2967 3085
17 1933
7038 7390
8643 9827
333 1775
292 1664
400 1589
326 1760
150 1841
8698 9810
5012 5180
6398 8020
756 1368
2079 4018
387 1581
947 1053
4440 5879
2507 3706
2986 3099
2975 3114
7153 7236
5072 5222
694 1281
97 2009
4401 5769
8789 9708
4259 5919
9030 9467
9126 9241
800 1183
8600 9767
8901 9477
4108 6092
4374 5846
2402 3747
6594 7683
2114 3968
8781 9615
998 1057
8625 9846
2893 3210
6469 7810
2636 3461
20 2014
9026 9352
185 1909
2590 3536
5003 5188
2091 4091
6911 7468
18 1990
441 1644
838 1168
6815 7495
2255 3862
297 1781
6854 7451
4425 5783
8770 9629
634 1435
2555 3610
307 1751
6347 7982
2396 3769
4738 5476
2160 3992
264 1762
4287 5972
9052 9392
5003 5223
2262 3899
2619 3542
536 1527
9163 9274
4748 5501
9118 9327
6325 8007
8833 9589
9092 9330
4305 5926
6295 8032
4688 5544
6739 7594
7017 7315
6783 7556
2312 3828
8843 9591
6228 8104
6924 7408
2212 3929
9194 9239
120 1926
6213 8122
1815 3863
5977 8025
5560 7609
1373 3420
5705 7752
176 2226
4288 6339
230 2275
1621 3664
4983 7025
4289 6343
1663 3704
6025 8065
4248 6288
4395 6433
992 3051
1573 3625
2004 4036
5808 7840
1024 3089
6021 8084
4458 6521
4194 6257
1740 3807
559 2619
5163 7231
1191 3248
4612 6685
1801 3861
4640 6656
5013 7094
23 2099
4174 6251
6000 8022
1216 3302
5318 7392
4673 6761
1481 3557
5753 7765
2000 4093
515 2606
447 2449
4539 6548
4388 6411
1757 3821
359 2390
1292 3389
1734 3831
4951 7012
6049 8085
749 2779
154 2220
5323 7420
1730 3834
4543 6534
5741 7766
5338 7393
6110 8165
4439 6508
334 2418
5387 7479
1883 3941
1700 3739
6048 8161
5871 7854
984 2969
759 2741
4655 6762
1974 4095
941 3047
432 2554
4772 6894
4479 6452
4381 6481
1532 3505
5036 7139
450 2451
1670 3799
778 2907
682 2808
537 2634
1411 3543
420 2544
5485 7480
1781 3744
5750 7715
5590 7566
1067 3186
381 2337
1969 4077
5106 7084
1216 3231
6084 8091
4426 6442
5273 7416
249 2203
5525 7670
799 2940
2 2145
1322 3406
5565 7641
5812 7890
1634 3592
4594 6558
6057 8132
5431 7495
11 2170
1097 3131
552 2650
4120 6252
5497 7439
1822 3942
4195 6170
4456 6419
788 2927
31 2147
5871 7826
4268 6355
1959 4056
6032 7954
1134 3308
393 2317
507 2430
92 2266
4717 6885
5150 7319
1357 3526
349 2518
357 2537
857 3028
4205 6368
1460 3387
12 2202
1143 3297
5436 7588
468 2380
988 2884
4362 6544
4270 6194
1233 3149
300 2482
1387 3531
562 2707
5585 7539
667 2616
1288 3499
1179 3135
520 2732
4717 6857
4660 6812
217 2163
867 3016
5591 7546
406 2363
5337 7286
5341 7277
1725 3596
1348 3573
1858 4083
4376 6571
5732 7888
5482 7647
4927 7048
4111 6327
5807 7703
5877 7758
5743 7891
200 2164
5500 7617
4445 6626
5297 7280
117 2231
1975 3954
4509 6491
4232 6223
403 2388
410 2397
1470 3446
4301 6148
4302 6151
822 3067
4560 6430
5373 7219
1754 3592
5461 7558
766 2603
5159 7408
5347 7226
5805 7798
102 2237
1037 3281
6103 7989
4676 6822
5534 7546
517 2785
1519 3335
1999 3878
1473 3375
5613 7452
5297 7235
1970 3904
142 2173
5780 7783
1441 3413
4661 6861
5163 7379
4697 6817
380 2172
1906 3699
4462 6250
1198 3496
5767 8065
244 2556
5477 7277
5347 7658
58 2352
5858 8169
4540 6321
4926 6704
4252 6540
44 2365
4818 7104
238 2557
1974 3746
5941 7714
71 2398
1751 4045
382 2146
4613 6939
2037 3818
5443 7267
736 3008
1635 3906
329 2152
495 2250
5770 8111
282 2108
5470 7288
5303 7568
66 2405
998 2766
5718 8062
5399 7229
741 3023
5545 7301
4434 6242
1451 3225
5399 7204
1331 3072
1880 3691
5578 7410
970 2802
5868 8150
1100 3447
1679 4019
460 2291
5988 7717
1323 3177
336 2066
5425 7282
5442 7169
4344 6589
1553 3926
1037 3396
242 2489
4734 6960
4699 6932
4228 6612
900 2774
323 2065
5269 7616
433 2279
934 2801
5575 7312
5178 7533
758 2990
5164 7540
332 2070
2038 3757
5546 7409
4735 6947
345 2053
484 2233
4232 6614
1327 3151
107 2315
118 2327
1243 3514
1844 3670
4801 7077
5196 7466
1364 3122
4871 6765
4621 7009
1447 3274
5924 7753
4536 6358
994 2701
5006 6908
75 2360
4354 6262
4309 6574
4380 6240
1735 4027
1891 3614
209 2476
4819 7085
4281 6599
4488 6152
1191 3366
4098 6531
4854 7028
5880 8058
935 2596
288 2214
6120 7791
187 2355
1894 3823
1352 3266
5318 7500
5965 7878
5148 7575
1963 3616
4638 7058
5433 7336
4447 6349
951 2595
1942 3598
4955 6850
5748 8173
1375 3267
612 3065
4409 6308
1569 4031
1266 3436
1150 3552
1087 3488
1656 4071
4282 6437
122 2522
5243 7643
4935 6887
4401 6288
5910 7860
5429 7313
129 2340
819 2709
4868 6819
353 2246
1232 3448
4706 7112
340 2303
4483 6190
5788 7985
393 2086
177 2334
5280 7441
4732 7119
4596 6210
4654 7064
5154 7572
1572 3987
4785 6921
696 2817
1409 3131
1381 3295
931 2584
689 2831
5174 7560
960 2686
4376 6363
5254 7491
1256 3373
4337 6455
5086 6680
5702 8064
1627 3997
4179 6554
540 3029
72 2434
1231 3331
4219 6583
1174 3419
311 2296
4529 6241
4836 6965
5917 7884
5077 6663
1570 4081
4473 6316
2036 3619
958 2665
4210 6570
6114 7737
5559 7276
500 2089
537 3012
4746 7016
1503 3128
4121 6654
5582 7209
4141 6597
5281 7499
623 2949
1206 3418
829 2771
39 2504
5179 7627
5795 8017
4265 6490
5649 8164
1686 3939
1150 3462
189 2369
2021 3608
1114 3674
5298 7866
1996 3524
4531 7099
475 3025
4635 6167
1334 3896
1761 3313
4570 7115
4739 6295
5385 7964
5360 7909
939 2493
783 2322
806 2363
4387 6972
1612 3180
2047 3548
4973 6473
260 2849
192 2791
4947 6522
4412 6933
1572 3086
5654 7228
388 2984
5609 8133
4937 6500
1847 3354
1508 4042
5192 7800
556 2076
5776 7328
1629 3181
4372 6950
1185 3731
5829 7415
1135 3675
1256 3804
4646 6163
4708 6226
4755 6308
1121 3670
4486 7102
1063 3613
5312 7930
4106 6704
4852 6350
4586 7124
1159 3783
4884 6485
1805 3407
4222 6714
4873 6479
999 2465
264 2880
4691 6171
760 2225
51 2681
989 2455
848 2330
5257 7874
1949 3538
1035 3675
5248 7888
5775 7388
5886 7338
4512 7156
1493 3969
859 2319
5747 7206
4418 6932
5541 8189
470 2959
5323 7824
5922 7551
6042 7623
1023 2466
4549 7067
5551 8177
4404 6996
100 2566
4240 6899
4974 6413
4158 6746
1857 3365
4806 6307
2023 3457
6012 7450
1518 3976
1129 3598
4406 7006
357 2829
1675 3298
1623 3130
6047 7666
5475 7950
5127 7785
6026 7652
4307 6844
1895 3351
375 2823
4489 7161
360 2840
5580 8124
4667 6218
24 2667
217 2733
4990 6409
932 2515
4230 6910
4785 6345
474 2978
527 2167
5969 7464
4510 7140
5641 7282
1856 3388
4993 6652
1677 3315
5378 8060
4249 6887
4895 6496
541 2146
1910 3570
4573 7000
1455 3881
5096 6510
1277 3706
379 3059
4860 6261
5630 8053
1451 3872
5542 7981
4140 6819
304 2976
4202 6906
598 2247
1112 3786
2020 3447
5883 7279
4244 6658
5263 7705
607 2248
4242 6670
723 2127
5629 8034
748 2124
797 2492
5550 7951
4752 6195
1898 3529
1882 3582
5793 7172
909 2344
5242 7903
2009 3455
4844 6219
4311 6783
1235 3707
4729 6355
1824 3467
353 3018
1233 3709
1711 3074
1429 3896
5890 7596
5841 7294
4685 6397
4180 6886
1174 3619
4234 6719
480 2902
1007 2392
5143 7853
285 2982
5944 7556
77 2800
315 2948
2012 3356
1452 3949
4921 6648
1943 3413
544 2278
5937 7673
139 2627
5985 7594
5020 6487
5235 7871
5930 7653
5631 7983
1117 3724
5956 7575
4551 6931
5639 7378
1068 3834
1919 3497
419 2932
2037 3375
1559 3277
4428 7062
707 2072
1543 3290
5852 7170
5178 7908
1694 3198
2046 3358
4133 6855
5709 7343
4658 6353
4694 6323
1121 3719
1672 3169
1220 3629
1448 3906
724 2111
1110 3770
1908 3480
880 2462
311 3013
726 2085
333 3000
1526 3843
1941 3427
4399 7127
1690 3174
5827 7618
4279 7093
4620 6414
39 2852
4235 7048
1419 3727
5051 6333
1052 3867
5717 7517
5847 7645
200 3011
250 3062
673 2477
846 2112
5367 8184
4783 6591
5326 8159
15 2844
4410 6702
1902 3195
977 2246
1871 3157
543 2309
4112 6922
1770 3574
1460 3753
161 3006
1593 3353
5931 7178
5390 7727
5415 7685
5522 7856
6083 7393
1316 3590
5761 7586
259 2598
187 2974
4386 6660
4849 6615
794 2109
1850 3091
4689 6523
232 3010
4143 6916
920 2228
5959 7272
820 2075
714 2533
6071 7303
5508 7860
1283 3634
483 2773
2015 3305
5861 7644
5816 7557
502 2763
106 2903
4446 6752
5026 6300
4286 7041
4211 6962
1518 3752
4858 6589
5664 7528
5413 7789
4581 6829
1732 3468
5666 7528
5040 6394
1438 3796
5519 7876
4323 7087
1814 3163
2006 3224
5726 7437
882 2087
4653 6520
5262 8152
1650 3364
4321 7094
6137 7333
4788 6635
77 2861
438 2772
397 2793
509 2712
5833 7599
1173 4082
1346 3621
5715 7483
881 2072
6121 7299
1000 2178
5103 6276
840 2084
1855 3152
1391 3584
4958 6193
1234 4029
5171 8002
4122 7019
1715 3522
5491 7680
1371 3631
4870 6258
5536 7894
4716 6426
5152 8024
5628 7812
5197 7990
4382 6757
470 2731
284 2657
1865 3126
5934 7340
1661 3577
213 2897
5294 7978
1525 3697
214 2899
4948 6353
695 2353
158 2841
4912 6331
4794 6449
706 2380
1562 3476
1862 3273
1480 3674
1940 3078
5114 6249
1992 3164
5495 7906
5514 7709
4732 6629
1755 3393
5589 7758
12 2962
5583 7760
5414 7814
6087 7271
5697 7648
746 2376
4293 7015
1870 3309
192 2917
5452 7915
5950 7318
5554 7707
1919 3281
1813 3259
50 2973
4520 6680
324 2804
581 2545
4156 7049
5892 7346
5896 7358
86 3041
4540 6667
203 2930
1508 3677
5587 7791
1716 3336
5395 7853
4827 6500
5757 7612
676 2405
5149 8152
1911 3249
5030 6255
805 2284
1636 3501
1171 3935
4179 7070
1278 3889
1621 3482
1828 3316
5403 7883
771 2258
6117 7220
1030 4052
4342 6949
4769 6517
5335 7937
1633 3513
6079 7268
5053 6240
1605 3480
1243 3846
818 2285
1392 3728
228 2822
785 2291
5685 7639
1556 3575
4708 6535
1376 3715
5248 8036
5590 7731
675 2373
730 2364
737 2313
1432 3696
1448 3651
1190 3917
754 2334
1874 3262
1821 3315
5873 7424
5581 7740
5980 7341
5768 7547
5253 8048
1519 3609
4552 6718
382 2696
5709 7610
1444 3667
218 2850
4657 6603
415 2660
568 2500
4563 6701
1104 4014
349 2723
4392 6871
5653 6678
5882 6905
1266 2294
5683 6711
1258 2286
5067 8142
50 3127
4378 7455
1636 2658
1032 2063
5875 6900
4736 7821
4574 7635
1894 2920
4683 7748
1652 2661
4303 7389
4480 7570
1430 2435
4133 7216
4705 7798
1061 2109
4674 7768
88 3138
1185 2235
5007 8084
567 3627
762 3814
4725 7784
846 3950
719 3823
4900 7943
1667 2725
5236 6226
546 3589
4728 7775
4178 7290
5534 6580
5361 6338
148 3239
1305 2346
5259 6328
1124 2135
4130 7190
4154 7183
5600 6613
398 3512
4898 7956
5055 8073
551 3615
4319 7399
1234 2283
5863 6875
5620 6601
5847 6889
1921 3006
1730 2813
1885 2844
4586 7595
5488 6449
1262 2220
4535 7667
5486 6443
1095 2050
4902 8032
2043 3004
5662 6745
5121 6217
4660 7805
227 3241
4346 7344
4590 7589
5087 8083
5570 6543
5139 6236
5206 6146
5761 6871
5990 6975
2003 2954
587 3607
924 4032
1263 2226
199 3225
5929 7030
1038 2159
5679 6734
4903 8004
185 3294
5792 6856
660 3837
287 3445
8 3172
1466 2519
4667 7764
5565 6610
745 3718
5177 6217
952 4041
1728 2738
1247 2221
5334 6309
816 3908
4460 7451
1686 2785
4241 7401
4437 7468
5518 6644
306 3400
1929 3061
6078 7107
4968 7958
5146 6244
61 3261
6069 6964
1045 2199
4815 7753
4430 7622
4362 7552
4369 7578
6132 7032
1798 2955
5516 6403
4244 7172
4516 7477
1019 3945
1574 2740
735 3659
6090 7007
5141 6275
559 3768
1021 3946
1160 2064
489 3440
4190 7367
4672 7897
1389 2546
5129 6312
4633 7867
44 3215
155 3133
5928 7055
504 3423
4578 7498
416 3337
5252 6185
598 3832
5062 8040
5479 6600
5015 7992
4663 7814
1044 2213
5782 6692
1793 2995
1596 2703
4713 7902
1440 2327
5605 6495
479 3429
1303 2475
4206 7379
5648 6831
642 3650
4252 7261
5058 7936
6029 6991
1303 2516
4891 8159
4331 7214
5759 6841
1476 2307
136 3151
978 3866
1336 2545
1996 2821
4305 7197
48 3325
1986 2828
4941 8066
386 3405
1911 2983
1127 2229
941 3961
1765 2611
5734 6833
4505 7489
1520 2350
4545 7455
1546 2795
1144 2204
261 3553
5300 6224
5891 7140
5170 6362
5728 6793
5129 6371
5241 6290
764 3600
902 3946
5816 6742
5927 7125
79 3260
5424 6595
535 3810
1238 2080
1061 2268
5327 6196
63 3267
1584 2764
5975 7082
2044 2818
4640 7903
5495 6536
5884 6659
5358 6638
1956 2725
4556 7369
5201 6489
155 3475
6002 6776
4585 7396
5411 6188
1941 2692
5451 6234
1059 2353
1718 2981
1563 2824
28 3338
1329 2089
348 3140
6016 6809
130 3483
49 3371
4908 7734
4781 8119
1317 2104
4115 7436
319 3103
5993 6729
5360 6608
4850 8144
5735 6980
4615 7971
4572 7417
4645 7939
4159 7449
318 3097
1226 2528
822 3612
1056 2316
4288 7664
1923 2736
5973 6753
1958 2706
1009 3782
2001 2793
293 3097
64 3454
976 3822
5583 6384
4811 8180
5837 7053
927 3807
246 3511
19 3409
5699 6913
2036 2736
5777 7125
5005 7881
389 3265
5460 6160
730 3998
1482 2191
4347 7603
4887 7771
5985 6700
124 3377
5796 7145
298 3175
672 4078
4854 8120
5487 6176
1325 2173
4317 7565
4502 7365
1146 2350
4615 8019
1236 2433
5417 6271
883 3621
5778 7109
60 3435
6067 6888
1819 2631
1128 2356
5978 6662
374 3112
6036 6859
4143 7503
1979 2776
5742 6925
5682 7003
4691 7992
4125 7542
1215 2514
1701 3018
4283 7636
1835 2651
4988 7692
211 3491
5284 6612
5525 6372
659 4066
705 4016
5430 6212
1471 2252
589 3902
196 3504
668 4073
1155 2548
21 3426
5593 6318
1505 2201
5532 6373
674 4056
4853 8078
669 3869
5733 7141
321 3264
1291 2191
5582 6216
4400 7353
5467 6354
4116 7583
5120 6539
4782 7973
1889 2799
480 3182
652 3843
1493 2117
37 3508
479 3150
4603 7278
5078 7744
1244 2379
708 3932
4686 8151
1047 2445
5187 6617
5035 7732
2017 2627
1006 3661
5359 6475
4277 7440
133 3363
380 3285
2001 2683
5752 7122
246 3421
645 3881
5085 7792
56 3477
1864 2790
1225 2406
514 4017
107 3544
4594 7238
1262 2395
5336 6496
352 3288
5314 6523
5661 7078
1530 2113
6064 6668
5080 7780
1170 2386
1568 3041
4394 7400
5329 6420
6006 6845
6001 6842
1252 2345
4349 7475
210 3357
899 3665
5596 6158
123 3503
6040 6733
5002 7772
1656 2991
1533 2090
4712 8127
4663 8175
1365 2188
5789 6983
1790 2852
1935 2645
96 3514
30 3523
4616 8149
1013 3626
4671 8160
1203 2386
5650 7152
1788 2847
1494 2101
868 3712
606 4027
1224 2349
1707 2893
1020 3604
4934 7852
1544 3043
737 3850
5411 6349
422 3145
521 4070
5740 7068
5255 6518
4636 8173
4821 7975
1529 2061
5704 7101
5488 6279
4201 7569
1697 2905
4117 7660
5997 6807
4916 7880
1204 2378
896 3459
4340 7920
1645 2153
205 3785
401 3989
1311 2841
5092 7650
303 3880
425 4001
7 3597
5032 7586
274 3864
1924 2440
512 3086
865 3441
1445 2997
5244 6765
5885 6383
5874 6369
5640 6174
4776 7348
1395 2926
1731 2269
5728 6270
4874 7444
951 3496
5970 6514
5176 6685
251 3806
5175 6672
1356 2916
4180 7804
4191 7787
4181 7779
680 3216
235 3794
5635 6201
178 3720
5044 7567
5238 6730
1199 2705
1244 2716
5275 6874
474 3995
5364 6839
1836 2415
5696 6148
1018 3519
907 3534
5135 6727
534 3164
326 3853
1424 3036
4110 7747
1831 2409
566 3193
493 4002
1434 3019
1223 2710
6076 6638
4383 8010
4254 7881
5601 7097
5864 6321
2035 2479
544 3199
580 3099
222 3774
1531 2968
1790 2205
1687 2292
4175 7723
4168 7726
4099 7780
550 3137
5030 7630
4220 7700
4256 7880
4191 7735
1073 2648
4826 7347
5470 6967
433 4059
5733 6159
4161 7722
896 3564
4769 7372
469 4024
5169 6721
5008 7654
644 3314
4162 7733
139 3836
4767 7397
339 3880
1280 2942
568 3256
5371 6779
1148 2812
4365 8076
5875 6257
4665 7357
6030 6411
5911 6545
1022 3448
5165 6826
1330 3002
1491 2904
4654 7330
1323 2982
913 3359
4203 7909
1140 2789
421 3888
6124 6521
1806 2456
5395 7044
748 3190
6110 6467
5554 6959
2034 2412
5115 7524
5165 6797
871 3526
1618 2294
4404 8082
1660 2267
1641 2241
4468 8156
377 4051
5450 7137
885 3550
4141 7809
1571 2190
1397 3032
4762 7208
1389 3039
4245 7718
662 3105
4407 8077
5418 7062
1669 2104
4551 8058
4584 8022
687 3182
5658 6360
6131 6448
362 4009
686 3178
837 3458
4136 7904
1370 2963
4641 7400
5751 6334
1685 2140
4358 8140
1540 2260
1485 2845
791 3524
1984 2323
4800 7188
5774 6235
5182 6891
241 3623
1051 2755
745 3121
4753 7245
1619 2190
381 4000
4192 7870
5829 6181
4415 8158
4883 7664
621 3214
1466 2910
1831 2497
1184 2630
5047 7505
739 3083
5819 6227
4419 8106
360 3970
5515 7008
4377 8178
4681 7332
5154 6860
225 3601
780 3580
6056 6488
237 3609
5612 6936
4361 8190
1912 2447
248 3584
5746 6283
4224 7803
5061 7480
1341 2621
6100 6356
260 3591
174 4010
5039 7338
5669 6435
1742 2505
889 3185
5749 6524
1321 2595
1951 2197
558 3362
5989 6263
4379 7689
4478 7786
706 3540
5678 6456
5939 6180
1937 2185
488 3826
4823 7624
4357 7706
5198 7022
831 3101
1142 2896
990 3321
2015 2293
663 3517
1971 2200
700 3479
5502 6739
1514 2759
4858 7637
965 3306
4278 8089
24 3895
2033 2243
1628 2410
5771 6579
291 3610
1010 3275
1151 2885
633 3394
631 3404
765 3521
6035 6318
6020 6331
53 3956
5186 6912
5796 6624
1536 2372
1209 3069
5237 6960
575 3449
4223 7989
5219 6959
4670 7538
182 4090
1722 2551
5282 7151
429 3811
5556 6907
1638 2345
1891 2092
4389 7796
4639 7494
653 3542
1189 3070
1066 2934
6083 6301
5625 6823
6127 6320
455 3751
4365 7788
5886 6556
800 3138
1731 2469
5789 6644
5215 6964
4392 7747
186 4049
992 3212
605 3379
4310 8103
1827 2128
1542 2421
5744 6404
1187 3030
5777 6630
6141 6276
592 3370
36 3934
6128 6282
4861 7558
933 3294
4273 8141
1487 2639
294 3748
821 3254
4512 7715
5814 6450
4786 7479
1877 2256
4220 8186
4657 7606
5770 6402
5540 6703
4919 7355
108 4092
1108 3013
1495 2630
5512 6682
130 3862
605 3530
4868 7324
942 3126
512 3481
1148 3045
609 3579
808 3251
4679 7644
4107 8087
5155 7102
5212 7106
1511 2680
5274 6971
1313 2691
1488 2674
1177 2877
1815 2227
4428 7912
1011 3158
4608 7592
4802 7530
671 3381
1390 2757
959 3090
1535 2635
573 3465
4951 7394
4833 7511
4156 8074
1152 2870
4621 7611
1447 2576
1784 2383
1484 2676
4258 7963
5831 6525
1179 2848
4952 7395
5332 7016
5249 6974
5482 6827
1736 2314
6136 6203
1889 2212
1060 3043
4982 7356
1817 2259
1857 2187
236 3879
1823 2259
1245 2833
5893 6344
4844 7458
4547 7693
5623 6712
5751 6566
5664 6643
4980 7328
1374 2699
1848 2286
1207 2912
6008 6305
1642 2483
5850 6400
648 3410
1230 2835
4890 7364
4924 7394
4172 8110
553 3533
5308 7001
576 3493
4335 7945
4196 8072
1431 2683
370 3742
1417 2660
1087 3025
407 3705
5296 7007
1229 2876
5132 7166
1783 2305
1072 3015
4426 7862
270 3826
1668 2425
2073 6169
3947 8043
2396 6492
648 4744
3776 7872
2365 6460
510 4607
3936 8035
2071 6164
3797 7894
3927 8019
639 4728
1954 6058
335 4422
2304 6410
3759 7841
905 4998
628 4709
2052 6165
2735 6845
20 4102
2988 7096
182 4257
1603 5723
2418 6504
3732 7817
1468 5537
2762 6868
1600 5727
361 4425
2739 6802
2877 6943
104 4170
912 5044
3106 7174
1318 5379
1913 5983
3188 7250
1977 6046
3187 7252
3409 7544
1509 5580
2406 6477
206 4322
216 4342
3567 7647
3417 7529
3201 7349
3980 8121
3868 7978
3905 8055
2450 6569
3615 7775
109 4140
1576 5739
2695 6849
54 4208
1655 5680
2613 6780
3443 7482
2140 6166
90 4112
2882 6927
1959 6135
3998 8141
3369 7548
3576 7584
2722 6906
2377 6417
1844 5999
1521 5549
73 4119
2453 6602
3805 7810
4055 8118
497 4496
579 4642
2575 6759
2832 7035
487 4491
2107 6230
2529 6540
810 4933
914 5090
3464 7672
3950 7967
3377 7488
3960 7945
929 5074
971 5055
3307 7315
4043 8114
2253 6327
2561 6778
68 4159
3098 7271
583 4666
3745 7900
1945 6119
1403 5381
1818 6043
472 4442
1987 5959
1703 5667
3303 7278
554 4768
661 4638
765 4720
932 4916
2282 6264
2080 6323
3363 7600
563 4775
127 4331
1282 5526
2175 6379
2650 6862
995 4982
831 5031
837 5084
2900 7118
3379 7599
1709 5681
3844 8088
3331 7581
355 4605
1270 5224
3282 7283
3959 8146
2168 6365
2801 6743
439 4383
3709 7893
4049 8056
793 5047
453 4469
3920 8161
1736 5754
3538 7526
97 4308
1101 5370
3292 7269
4095 8005
1188 5144
1218 5245
522 4809
3319 7219
267 4558
1883 6044
4008 8033
3854 8133
82 4254
1637 5800
2437 6475
1375 5520
2897 7041
809 5112
602 4747
1887 6029
1133 5311
1491 5382
1722 5740
2979 7035
3236 7293
3289 7168
1496 5377
2524 6405
372 4526
2891 7056
525 4816
3794 7692
1914 6052
793 5062
1210 5210
233 4104
4071 7941
2387 6577
2250 6184
656 4722
2248 6187
3360 7625
867 5001
186 4176
1867 6048
1834 6081
3546 7477
2054 6377
4022 8007
3342 7679
2632 6842
2859 7135
2249 6207
1196 5205
3838 7684
1632 5787
895 4995
3687 7835
3518 7358
3192 7545
1302 5138
2016 5863
696 5042
2823 6666
3133 7472
2737 7103
359 4213
2231 6562
2994 6821
3323 7660
3374 7223
2196 6541
1611 5969
872 4723
76 4433
1497 5319
1154 5532
1469 5283
3910 7769
3217 7601
1437 5309
3746 8067
640 5026
2828 6698
4030 7833
3845 7725
3644 7957
1915 5713
1068 5383
2092 6407
4075 7872
2045 5841
1104 5473
1161 5563
1865 5756
1555 5925
4079 7897
516 4924
1315 5144
1744 6123
2589 6945
459 4340
2325 6186
3682 7970
3690 7979
3424 7204
2258 6551
904 4813
1126 5408
251 4531
170 4576
432 4349
108 4385
1127 5416
3075 7500
3079 7511
3454 7215
1548 5981
1386 5179
3671 7938
403 4292
1738 6034
428 4341
3923 7688
3344 7244
2637 6928
594 4879
624 4909
812 4684
2838 6774
2473 6345
3898 7770
2836 6773
3366 7239
1715 6098
3115 7498
2264 6586
3167 7485
3763 8145
968 4779
3566 7309
2965 6896
1917 5659
892 4628
2296 6546
2129 6459
70 4396
3487 7411
3886 7774
666 5099
898 4848
1467 5320
995 4759
2604 7001
1113 5422
392 4336
4046 7863
923 4834
4086 7820
1106 5422
3021 6835
665 4889
3146 7627
1920 5635
3023 6732
4010 7724
314 4285
925 4629
629 5117
1811 5787
2678 7164
898 4622
716 4928
3324 7537
145 4382
2265 6473
2644 7110
1498 5192
1667 5904
290 4276
2306 6293
1613 6106
3955 7914
1749 5967
1500 5191
284 4285
3212 7470
1501 5247
1477 5222
1453 5128
1138 5594
1630 6134
15 4518
1505 5194
236 4416
3809 8014
2752 7026
1688 5931
2629 7158
1105 5605
1608 6141
2691 6966
3102 7592
4051 7781
586 5117
2569 7089
2961 6698
3192 7620
3063 6729
2275 6435
114 4530
16 4562
3088 7635
1663 6075
2274 6436
2216 6510
1251 5412
2495 6261
1246 5397
2784 6956
75 4487
3037 6672
1274 5428
1095 5527
3640 8168
1585 6113
790 4807
2653 7052
2887 6804
2901 6785
1215 5483
1875 5766
2428 6313
2297 6444
575 5097
84 4482
1961 5745
773 4829
1013 4652
2649 7045
1398 5290
1810 5839
3925 7816
2792 6967
409 4219
3596 8175
3767 8020
1624 6076
1928 5741
3689 8079
408 4222
4065 7686
1934 5734
2608 7131
2750 6992
813 4802
1403 5259
376 4233
2281 6429
3074 7671
152 4462
3632 8135
2442 6258
426 4182
1903 5779
1982 5699
3820 7955
1601 6078
3681 7264
1458 6065
4023 7604
280 4895
3144 7744
495 5093
2805 6399
1708 5287
3195 7799
320 4941
835 4435
3720 7321
3840 7441
142 4763
3714 7317
854 4468
4021 7568
729 4348
3773 7323
2437 7087
3390 7952
1878 5496
538 4149
2757 6378
2208 6799
334 4990
1802 5435
3471 8124
3964 7496
602 4204
2337 6935
158 4777
1444 6035
1370 5986
2728 6289
1131 5714
1443 6041
1616 5227
1153 5818
3283 7919
1341 5888
229 4824
3081 7732
2981 6554
4080 7631
1475 6018
1886 5405
1697 5349
1550 5195
2996 6641
4088 7613
727 4255
861 4373
1627 5139
970 4483
4022 7674
1106 5663
2769 6272
1240 5772
636 4137
622 4155
3047 6577
2027 5564
1605 5138
4070 7614
2928 6441
1202 5867
1402 5921
821 4457
1567 5184
1809 5489
1332 5973
1350 5927
2902 6452
3958 7445
2357 6994
2267 6844
647 4335
3293 7863
1567 5236
2102 6747
1976 5589
3333 8040
1469 6096
1347 5933
2457 7159
2033 5505
1780 5253
715 4280
277 4962
3502 8153
530 4203
3756 7381
3419 7969
3603 7273
3362 8024
3394 7993
833 4415
1853 5561
1311 6043
2130 6870
1176 5661
938 4397
2687 6392
286 5014
1058 5803
1257 5730
100 4847
3460 7944
2210 6703
9 4740
1415 5898
3822 7264
888 4599
2738 6178
641 4113
3351 8070
3761 7207
2713 6159
348 5060
1800 5522
3137 7899
1897 5618
626 4334
1617 5325
3477 7947
1318 6072
2251 6740
2527 6976
1986 5474
26 4792
374 5076
476 4984
3405 8169
2817 6564
3558 8001
3391 8087
1462 5919
3465 7971
1166 5669
2447 6946
1178 5684
519 4278
1181 5673
2560 6325
1579 5278
1562 5293
3486 7974
2442 6963
3724 7222
1879 5611
2211 6687
3804 7265
454 4871
1801 5578
3964 7615
2795 6184
3050 6446
1992 5389
1728 5125
1110 5790
3285 7685
1379 6066
3961 7595
585 4251
594 4225
2756 6167
2192 6723
2071 6851
3658 7327
2656 6326
1093 5778
2839 6606
3988 7501
473 4866
1474 5918
1286 6104
1691 5189
1609 5289
3761 7248
1271 5652
2384 7091
770 4582
339 5046
2480 6997
509 4891
2925 6533
2951 6509
3809 7183
437 4955
611 4236
1695 5232
2351 7135
2002 5410
2186 6779
1028 5878
269 5119
3274 7742
3079 7923
276 5100
2970 6499
1802 5616
843 4535
3152 8017
74 4936
2588 6431
2123 6989
2424 6768
882 4218
2025 5345
2816 6155
463 4803
1258 6118
584 4420
2116 6984
3839 7666
782 4096
1083 5940
2356 6715
1252 6132
1876 5189
2605 6457
638 4458
60 4906
2806 6636
577 4447
531 4402
243 5073
2305 6693
1050 5948
3437 7749
113 4957
3124 7961
2932 6234
3908 7275
180 4996
3588 7476
2744 6537
2270 7151
3080 7994
3494 7827
1999 5370
240 5063
3633 7430
2571 6451
3876 7196
3211 8113
1507 5855
2731 6550
3699 7502
2894 6259
4037 7418
3242 8171
3541 7825
704 4484
574 4474
63 4985
3109 8045
600 4372
4025 7413
750 4515
2388 6682
3791 7583
522 4443
2055 6998
2129 6914
1590 5477
344 4619
3499 7935
3585 7508
2326 6720
22 4942
3784 7569
2355 6762
2895 6166
3962 7201
1967 5363
3317 8105
16 4976
949 4309
3891 7248
3810 7553
2594 6470
2580 6513
3593 7532
69 4909
1899 5121
1931 5345
3517 7889
3251 8158
3711 7442
1937 5375
3463 7913
1193 6107
76 4926
1235 6055
1274 6030
2724 6608
134 5107
523 4476
779 4210
2375 6717
3157 7982
1969 5322
466 4782
754 4495
189 5059
3682 7651
1272 6011
222 4957
747 4460
3611 7580
3143 8143
742 4461
1027 6024
566 4538
852 4312
764 4464
1279 6001
2458 6676
1502 5713
62 5039
2451 6657
2847 6285
2644 6593
2103 7074
1283 5781
3341 7834
3721 7454
3 5019
4014 7221
1340 5793
4042 7255
2115 7133
3986 7180
918 4104
121 5094
712 4456
2040 5208
1614 5615
3171 8129
3977 7211
603 4607
1261 5960
617 4559
2829 6315
2465 6662
3299 8011
253 4948
417 4616
3368 7811
1861 5353
4009 7173
3414 7928
4018 7196
330 4837
1552 5538
3927 7397
1132 6111
674 4374
3148 8187
2577 6569
2431 6855
3070 6210
3622 7578
1762 5469
949 4106
2088 7144
378 4795
2473 6763
763 4408
610 4513
1175 5971
906 4174
1481 5644
2830 6344
1798 5313
1997 5130
1417 5710
2022 5166
2764 6405
2749 6516
860 4245
3679 7573
416 4714
1380 5807
1327 5858
1524 5691
111 5024
3656 7576
299 4856
3754 7550
1693 5448
2007 5134
3039 6150
3824 7466
3984 7242
3649 7581
1168 5964
172 4977
3106 8188
2391 6792
2439 6759
3749 7493
3816 7433
658 4470
2684 6552
207 4906
1805 5355
3932 7355
3220 8051
3279 7975
309 4825
464 4668
484 4617
2872 6359
4052 7227
1717 5447
3591 7667
3329 7924
3589 7676
2088 7121
1033 6133
753 4364
2924 6289
3999 7266
950 4168
3208 8054
1696 4768
441 5561
2601 7721
2688 7808
3636 6709
437 5552
672 5798
834 5962
1729 4808
1735 4814
3238 6319
4066 7144
848 5978
144 5274
3033 8149
2988 8098
1593 4648
2486 7591
4034 7123
966 6100
2884 8023
2742 7843
491 5629
3444 6498
2369 7510
1532 4582
1721 4770
2379 7510
3574 6632
3061 8170
2202 7354
119 5207
2787 7873
2566 7714
1699 4741
1527 4561
2538 7629
887 5968
2272 7368
1416 4514
304 5406
1587 4637
1998 5118
1750 4838
1017 6090
650 5817
3485 6568
56 5133
165 5267
3922 7013
1409 4537
3808 6873
3713 6843
3053 8144
3951 6994
3296 6365
52 5131
1145 4152
262 5444
23 5202
836 5889
3118 6248
3012 8067
397 5573
95 5142
820 6014
1952 5098
3347 6488
560 5757
2623 7793
573 5746
2809 7851
2990 8188
2741 7905
2652 7689
3768 6880
308 5484
2952 8145
3256 6372
1200 4332
944 6124
2242 7326
3787 6806
2964 8138
616 5686
2162 7184
3170 6145
3897 7005
3680 6661
3166 6201
2122 7201
811 5979
3655 6709
2076 7272
3652 6706
987 6061
2734 7892
446 5572
513 5755
3504 6604
3439 6418
3913 6966
3036 8029
812 6062
1476 4429
3996 6934
183 5181
1401 4595
95 5332
2574 7811
2049 7310
890 6122
3815 6768
3875 7099
635 5859
1660 4838
451 5471
2855 8123
3873 7100
4077 7024
327 5607
506 5464
2968 7995
498 5462
1173 4146
3771 6675
316 5524
1768 4673
615 5836
2214 7176
1484 4451
2010 4970
279 5540
247 5188
945 5894
3886 7065
1912 5057
1763 4697
578 5881
2126 7410
40 5268
836 6137
1827 5021
2314 7604
3200 6206
351 5600
2510 7439
13 5321
358 5538
1308 4570
1542 4814
3945 7072
2052 7375
3918 7042
1377 4527
2438 7496
945 5987
697 5738
72 5277
2449 7492
1814 5056
891 6061
807 6143
3841 7129
1830 5118
3620 6909
3835 6688
1361 4493
2097 7381
1965 4936
1474 4391
3583 6425
11 5356
2837 8191
1026 4332
711 5672
3931 7081
3671 6821
3334 6642
796 6121
2412 7579
3329 6649
2082 7386
1674 4720
35 5343
3359 6175
1971 4787
2189 7565
2561 7936
1503 4318
134 5508
707 6081
2397 7262
122 5503
3704 7037
2245 7619
1698 5028
212 5597
3067 7922
2963 7832
3360 6188
2925 7777
962 5839
3181 6499
3770 7082
2985 7865
3745 7088
3109 6455
67 5457
1706 5048
588 5976
1797 4626
1560 4864
2685 8037
913 5768
3791 7126
2620 7973
146 5512
1196 4534
2216 7605
3498 6324
2930 7789
2271 7616
2436 7332
2854 7687
3544 6393
3205 6567
893 5726
2393 7293
3894 6674
2964 7857
2680 8030
2779 8179
1792 4648
1366 4223
3121 6424
3815 7117
62 5394
781 5665
1685 5050
2236 7564
1901 4701
937 5785
2676 8005
3920 6754
3304 6618
395 5311
2539 7390
1015 5826
2642 8039
1268 4546
1993 4849
851 5737
1291 4145
720 6123
1585 4977
1557 4949
870 5668
1249 4514
125 5438
1714 5110
692 6129
606 5915
2940 7737
1000 5806
2134 7453
3555 6312
293 5225
2751 8177
1400 4138
1676 5086
1910 4645
3859 6727
2943 7719
499 5288
2682 7974
3355 6215
3120 6509
1076 4459
3466 6376
564 5974
1221 4518
997 5766
2552 7323
2873 7773
1837 4677
1817 4723
2119 7469
1583 4932
1794 4719
439 5338
2421 7194
669 6125
3787 7098
1950 4847
1261 4504
1794 4724
3247 6617
739 6036
2997 7884
3573 6286
1446 4314
2317 7280
1987 4796
2913 7710
2228 7476
2714 7960
1720 4922
2721 7970
3909 6849
3427 6375
1674 4878
2194 7447
1158 4366
1977 4659
684 5926
2026 4705
784 5790
2163 7676
290 5298
1867 4826
826 5801
1779 4960
2078 7563
1522 4199
504 5230
2367 7336
454 5214
842 5843
2452 7181
1846 4780
310 5292
1726 4900
3734 6924
2121 7638
4061 6722
3412 6389
1393 4307
2765 8041
3738 6974
787 5814
2233 7452
683 5900
1126 4559
1573 5007
3096 6579
2528 7243
3408 6395
3020 7776
1432 4150
2126 7649
2461 7218
283 5291
104 5592
160 5393
3847 6837
2808 8012
875 5840
1316 4248
1934 4656
1464 4103
4016 6769
356 5286
1487 4105
1591 5104
1377 4265
57 5617
2270 7446
1709 4964
3035 7697
1653 5049
3168 6573
3644 7153
2851 7916
3983 6720
1172 4421
166 5492
1978 4712
618 6079
1716 4961
3261 6507
3442 6309
975 5655
571 6115
1227 4370
1006 5684
2499 7192
2766 7954
2504 7190
3349 6346
3076 6625
3397 6306
511 5141
2095 7621
3916 6823
3479 6268
294 5321
3428 6292
3659 7103
2824 7932
2194 7527
1480 4157
2277 7440
3326 6408
761 5903
2542 7192
3817 6942
3552 6168
1565 5092
3300 6430
2788 7966
533 6127
664 5987
530 6126
3571 6157
1819 4836
3726 7025
3803 6363
2826 7435
1609 4171
979 5585
3721 6284
3924 6482
1273 4862
991 5587
223 5842
1260 4833
451 6093
1755 4297
1619 4167
876 5496
2563 7189
2348 7988
3286 6861
1059 4664
354 6014
2826 7447
3398 7000
4085 6635
1071 4656
879 5455
908 5548
1282 4896
3640 6170
3893 6422
2426 8029
2908 7541
2374 8044
3839 6357
2408 8003
1535 5075
508 6099
3506 7043
1554 4135
3781 6387
3900 6410
2911 7525
4085 6606
2051 7736
3605 6185
2497 8191
140 5811
40 5655
3520 7167
300 5998
710 5252
1129 4653
2169 7729
3418 6930
1340 4981
1981 4596
2863 7526
2936 7474
3042 7593
1064 4707
1944 4564
1565 4177
640 5324
3695 6178
2472 8165
1450 5095
3040 7598
2014 4494
3765 6373
3466 7130
1395 4898
3270 6803
2597 7292
2980 7672
366 5936
3372 6988
4015 6607
3494 7109
33 5701
3254 6878
3645 6229
1512 4992
2184 7905
1349 4908
3234 6857
151 5884
2008 4533
3985 6655
518 5225
1300 4965
1913 4363
3207 6901
2816 7538
2717 7403
2508 8118
2775 7340
4067 6559
3995 6631
338 5932
507 6021
2543 8081
231 5784
3851 6516
3885 6572
1856 4545
2612 7350
2139 7896
1109 4822
1130 4846
3974 6403
1418 4876
1446 4910
1640 4320
3204 6669
2657 7402
3341 7040
2274 7788
3948 6652
744 5240
2643 7362
855 5572
1149 4840
1970 4388
335 6104
506 5986
2694 7198
2394 8134
71 5851
430 5938
528 5262
1230 4689
921 5432
502 5972
983 5491
1746 4214
1421 4904
3176 6848
2005 4477
1637 4300
2811 7249
2225 7706
1020 5456
2917 7626
3907 6641
2481 7938
714 5246
4086 6464
1745 4198
3614 6313
1997 4471
2705 7210
3478 6955
2931 7602
46 5866
2582 7376
2313 8143
916 5459
2362 8189
3340 7105
2210 7794
3743 6218
3200 6741
584 5279
467 5899
55 5869
2547 7977
1995 4375
3840 6621
3147 6827
154 5754
3077 6884
224 5634
1378 4992
3003 7519
974 5419
1830 4547
3551 6965
201 5666
2025 4357
2285 7680
3516 6995
4003 6487
1689 4204
3548 6955
2863 7640
1302 5089
3631 6359
1922 4475
904 5490
2586 7392
1564 4327
1428 4975
1192 4692
1009 5388
390 6008
4002 6307
256 5634
1546 4360
2101 7991
3450 6782
3982 6278
4008 6304
1473 4808
3626 6433
3759 6560
490 5882
201 6109
1415 4755
2073 7948
2944 7317
972 5339
1404 4715
1752 4544
1591 4398
2712 7553
1840 4138
808 5172
1838 4146
1818 4102
664 5510
3402 6741
87 6005
1796 4134
747 5576
2693 7585
3647 6426
1863 4193
3250 7060
3762 6549
646 5551
2407 7757
345 5747
2343 7691
3900 6156
3263 7054
2032 4289
2583 7459
2571 7486
4072 6352
3044 7389
942 5269
54 5901
30 5922
3134 6915
939 5270
1888 4189
964 5369
1574 4377
2048 8000
3556 6820
1749 4501
1931 4299
4035 6274
2880 7175
2271 8086
409 5843
2933 7224
1914 4151
1312 4718
2215 8168
2321 7745
34 6000
713 5530
817 5218
827 5231
1014 5283
1763 4532
2596 7548
1753 4481
1271 5038
3777 6555
873 5171
494 5812
1553 4429
3125 7017
70 5912
2261 8116
2568 7531
3734 6645
2648 7485
168 6094
3453 6683
2984 7375
1078 4945
1029 4975
990 5300
1186 5064
1838 4165
1183 5108
1740 4519
3545 6837
1457 4828
177 6108
3738 6647
1388 4610
2144 7951
1154 5101
752 5535
3165 6957
565 5444
3629 6494
3907 6199
2926 7195
2955 7420
1601 4406
2796 7573
204 6070
1117 4902
1422 4853
1167 5105
3141 6971
1968 4144
3268 6981
1137 5109
1224 4940
3166 7130
3094 7059
3001 7230
1212 4917
3551 6742
4035 6223
660 5400
3232 6956
1756 4432
1383 4843
2182 7946
3163 7124
3155 7107
1247 4943
767 5485
2848 7347
3661 6622
2130 8135
2669 7675
2937 7406
239 6007
2704 7432
3769 6432
861 5312
2912 7422
2111 8097
685 5427
2234 7963
532 5557
2587 7610
527 5548
3802 6527
2463 7738
3241 6926
579 5604
3902 6294
1406 4822
2127 8167
3049 7234
2879 7314
1606 4598
651 5434
1220 4983
2873 7311
3597 6583
3325 6982
1120 5083
3284 7018
541 5539
581 5509
3272 6920
3395 6786
1690 4443
37 6116
1482 4619
1077 5111
4068 6177
1845 4338
354 5802
1538 4554
511 5687
2593 7656
1317 4841
1012 5176
2239 8050
3599 6594
1766 4393
677 5493
982 5123
1550 4568
3571 6699
3005 7269
863 5254
526 5588
174 6002
1368 4793
4039 6182
3123 7121
2875 7384
895 5275
1785 4381
3116 7113
2196 8049
301 5828
2502 7727
3214 7015
2156 8070
1544 4579
3159 7100
1407 4754
198 5928
3104 7119
3602 6627
2143 8110
3143 7093
2868 7366
4006 6228
3391 6859
3580 6664
675 5463
2585 7663
3608 6639
2445 7797
3771 6467
1275 4866
644 5501
1500 4646
2567 7675
1676 4467
2530 4579
1335 7478
1622 7767
2696 4745
2513 4564
1594 7730
540 6678
2404 4463
3194 5226
4031 6062
1750 7879
617 6778
3378 5415
1175 7297
2681 4719
1223 7377
3269 5330
3725 5786
1348 7517
1404 7525
1253 7423
728 6852
956 7073
2575 4625
1842 7981
113 6225
2237 4255
2484 4503
1584 7700
2565 4643
1320 7438
263 6447
4054 6140
3712 5804
458 6631
1712 7839
2142 4209
2784 4817
435 6528
3559 5586
38 6174
1463 7566
3895 5902
256 6458
2740 4750
2743 4746
3007 4994
862 7008
3197 5186
3082 5195
1978 8187
3968 6082
3233 5348
1537 7751
2058 4173
849 6934
1820 8021
3871 5974
485 6575
844 6912
184 6388
1828 8041
3966 5937
263 6472
2082 4205
2752 4752
194 6290
3702 5670
1119 7182
1632 7735
3747 5883
2029 8116
3653 5657
996 7097
1054 7235
2866 4973
1353 7465
3436 5391
1682 7921
3942 5890
1343 7515
2767 4778
3482 5631
478 6584
3877 5954
3280 5304
396 6628
3420 5424
4093 6032
1649 7708
845 6946
2240 4272
3326 5263
853 6950
3882 5982
1975 8130
3278 5304
3578 5517
3703 5646
3034 5024
493 6550
2372 4548
788 7060
651 6671
32 6311
2059 4227
164 6190
2538 4448
3209 5124
2553 4470
4034 5965
1169 7169
449 6483
3979 5913
3736 5643
1521 7524
722 6725
1701 7740
3142 5340
297 6580
1778 7763
136 6187
1094 7395
1478 7520
1526 7504
601 6910
385 6438
1647 7875
1201 7197
654 6690
1426 7484
448 6511
497 6465
2018 8018
1338 7563
1630 7919
46 6298
1654 7874
131 6198
733 6760
291 6555
2985 4881
1703 7711
1485 7540
2735 4629
2704 4650
2957 4918
4024 5892
3798 5738
2205 4129
3736 5668
3473 5421
487 6489
2616 4743
3110 5350
3194 5307
3220 5206
2498 4356
1339 7677
796 7131
1586 7925
418 6506
2537 4385
66 6282
2087 4334
1631 7829
2134 4253
2118 4237
233 6181
1809 8157
1657 7861
2670 4771
1776 7742
3358 5584
426 6501
1631 7823
4025 5993
2013 7949
2617 4843
2611 4839
61 6376
3080 5343
212 6156
2581 4813
908 6996
1789 7717
1714 7784
1309 7623
368 6572
3090 5324
3045 4869
2708 4727
2805 4627
3129 5328
1227 7202
3731 5753
3380 5599
757 6681
2909 5040
4081 5916
3253 5208
2781 4659
4092 5906
1634 7824
3595 5881
2894 5050
2802 4612
3474 5480
2813 4608
844 6735
2181 4486
1369 7249
1329 7226
1093 7497
2572 4865
827 6710
2385 4188
948 6820
281 6152
613 7031
815 6716
3536 5316
1041 7428
3322 5612
2335 4103
597 6985
173 6576
1720 8088
2097 4369
2141 4478
3710 5979
2996 4753
708 7138
3829 6098
1043 7483
4084 5848
148 6586
2977 4751
535 6968
3874 5650
2419 4162
3425 5202
340 6247
1616 8036
3103 5419
3071 4810
2400 4182
884 6732
1923 7866
2710 5037
80 6416
987 6811
2027 7850
2336 4194
2755 4999
1678 8139
1459 7414
1625 7967
2277 4524
3283 5528
3518 5365
3017 4738
623 6947
542 6992
87 6425
1472 7311
2604 4989
967 6806
2055 4437
3211 5593
3076 5463
2444 4312
960 6804
1326 7291
1547 8028
950 6895
1082 7523
1423 7380
3203 5598
2629 4888
149 6600
369 6191
179 6637
1810 7794
1038 7535
519 7014
3837 6046
2656 4867
389 6374
1683 8183
1328 7253
463 6314
3556 5251
3586 5995
267 6241
1530 7312
2466 4296
2329 4213
168 6597
2861 4672
1688 8182
3899 5716
2687 4880
126 6417
2359 4166
2041 7818
749 7065
48 6468
2292 4480
1501 7339
2788 5011
2770 5034
1039 7541
2761 5042
2265 4516
2610 4940
1895 7704
367 6160
1140 7668
1916 7933
1193 7464
2435 4097
1639 8164
3617 6053
1700 7968
3216 5398
2408 4323
1957 7720
1598 8115
4020 5690
2043 7797
3546 5204
128 6414
2953 4632
94 6605
2051 4503
413 6154
517 7069
1123 7673
1002 6774
2993 4652
3114 5559
2200 4358
1088 7646
3956 5867
2128 4592
3649 6112
1756 8061
1769 8008
3009 4704
991 6781
41 6538
1947 7743
766 7002
478 6267
2061 4523
4073 5711
1239 7536
3173 5570
2167 4575
3146 5603
1849 7826
3021 4710
494 6238
3416 5352
1394 7363
3866 5806
786 6822
3532 5241
3849 5820
1170 7463
3035 4718
2864 4743
2527 4200
3321 5441
1953 7704
3750 5916
743 7005
2551 4169
3572 5172
398 6222
2368 4226
1872 7828
3777 5895
425 6254
2938 4797
731 6930
2094 4583
2858 4832
2339 4328
1611 8071
42 6630
2840 4820
3529 5124
65 6542
1276 7475
1506 7218
525 7132
3582 5167
2758 4887
3855 5851
3387 5357
2939 4781
3111 5627
1851 7911
851 6797
2855 4857
2361 4326
709 6938
1988 7716
1896 7818
1293 7407
2688 4966
1643 8076
417 6214
986 6707
650 7009
969 6692
3255 5466
3919 5794
567 7129
1825 7886
2382 4287
4013 5724
3922 5792
1946 7778
2646 5038
3926 5804
4044 5686
3087 5621
4032 5694
1726 8001
2207 4448
2728 4266
2017 7654
2491 5043
327 6991
3685 5228
4000 5547
859 6480
2780 4304
3917 5441
1357 8000
503 7143
1098 7769
1263 7932
2760 4316
823 6434
3555 6134
1429 8064
2186 4765
3058 4587
1739 7380
1966 7567
2760 4329
3678 5244
3988 5558
162 6790
2169 4700
852 6515
1085 7701
2499 5098
877 6471
258 6958
3404 5984
1710 7297
195 6892
2839 4408
2029 7645
2695 4279
1753 7401
2613 4100
1551 7229
1396 8006
2770 4326
3831 5314
166 6800
3683 5211
2812 4293
2744 4226
2459 5025
273 6954
2661 4185
1144 7750
1189 7834
761 6342
2640 4207
1180 7843
2383 4878
3245 5865
833 6408
410 7120
2324 4952
762 6324
3722 5317
1201 7904
1288 8026
10 6750
677 6385
1307 8015
2727 4338
1795 7509
3558 6065
1783 7342
1254 7868
2320 4939
2084 4729
2919 4359
2980 4549
1648 7187
1494 8114
963 6566
2866 4439
2209 4806
3165 5685
3226 5873
2329 4981
2811 4247
1378 7950
2475 5060
784 6497
163 6865
1005 6553
2939 4367
1506 8086
2204 4841
539 6253
2534 5009
3758 5337
1717 7362
2049 4733
1870 7472
1699 7388
835 6595
3255 5687
902 6406
3059 4466
3842 5505
1851 7608
2921 4589
3398 6080
2120 4815
1490 8026
2999 4414
3483 5905
482 7021
3065 4459
234 6776
2617 4269
1337 8108
1067 7870
2850 4532
2697 4126
3105 5817
301 7092
936 6450
2057 4754
3204 5656
1698 7230
310 7083
2946 4387
2943 4574
1646 7372
964 6502
656 6197
3506 5908
1936 7478
1152 7718
1091 7908
1289 8097
366 7111
2843 4529
1026 7854
3119 5763
1055 7858
2298 4695
133 6699
3191 5848
561 6273
891 6603
3775 5132
3478 5925
2975 4395
1153 7734
4003 5401
2834 4526
465 7020
1001 6486
443 6916
3452 6077
679 6246
2091 4842
510 6973
193 6663
2653 4251
1607 7296
3911 5519
1723 7283
220 6677
926 6484
4065 5420
1839 7648
1881 7561
2646 4231
2247 4628
2520 4875
3520 5907
2834 4550
2455 4931
2322 5061
2114 4757
2632 4243
2218 4726
1075 7917
3943 5511
4060 5438
1433 8059
1410 8033
1427 8055
601 6332
1582 7371
3374 6089
2709 4221
2485 4958
110 6787
27 6902
1396 8069
2565 4337
1139 7815
1108 7841
3870 5611
3230 5736
1727 7241
2496 4919
371 7051
153 6755
3697 5258
1854 7618
4094 5378
2147 4766
365 7059
225 6687
2724 4186
2512 4911
1367 7766
1901 7276
449 6851
742 6627
1905 7287
2983 4257
1354 7746
2290 5115
235 7136
3027 4316
1579 7460
1650 7522
874 6267
840 6235
3893 5158
3741 5513
1102 8027
3495 5810
2718 4488
3227 6028
1064 7999
622 6518
1852 7200
144 7052
1354 7764
3026 4301
3004 4259
3537 5872
3762 5521
28 6969
3825 5588
42 6927
2666 4419
3541 5887
1833 7171
194 7145
2483 4760
350 6771
911 6335
657 6563
1604 7543
83 7014
2415 4698
1330 7684
2042 7373
1180 8107
1694 7590
799 6183
3780 5628
860 6245
3913 5234
687 6547
3803 5530
1070 8047
328 6665
2991 4333
2622 4476
1402 7736
2044 7353
953 6396
1784 7613
1158 8142
3344 5722
3604 5464
1641 7461
1566 7506
1547 7494
3057 4286
2021 7349
3336 5720
2107 4970
3663 5404
2540 4799
2488 4845
1515 7869
2599 4475
1578 7542
456 6805
3547 5764
3948 5133
772 6245
3262 6106
1881 7228
1983 7385
3507 5845
1101 7979
2211 5066
2019 7305
1927 7403
2261 5048
452 6836
3587 5490
1811 7265
238 7069
3292 6056
924 6377
126 6921
3975 5374
921 6368
1935 7413
3278 6069
999 6300
2357 4681
2584 4453
817 6222
3967 5120
1359 7886
1416 7690
3085 6031
755 6512
2858 4270
593 6613
1577 7597
2454 4627
3276 5961
2149 5101
4057 5203
1928 7171
1869 7360
1998 7233
3257 5942
3625 5560
2986 4155
3240 5946
1523 7776
2526 4682
1255 8051
1054 8075
1082 8111
2525 4683
1602 7636
4067 5243
886 6383
3467 5649
2332 4742
869 6398
394 6679
3172 6138
1351 7896
25 7046
445 6684
2675 4562
627 6614
4076 5194
223 7030
2078 5045
2577 4541
4045 5219
1625 7670
1743 7520
252 6995
2771 4449
910 6205
3549 5742
947 6151
1399 7887
3635 5514
268 6838
3630 5524
1823 7329
438 6664
67 7047
2067 5079
2651 4509
1684 7516
2280 4896
2867 4345
2777 4371
320 6795
394 6726
471 6683
2300 4914
4055 5127
4069 5173
3723 5466
957 6252
2962 4160
1004 6207
3353 5834
119 7075
2404 4784
3222 5955
1594 7649
105 7090
2638 4499
3312 5904
3206 5998
2458 4722
1860 7341
3284 5951
600 6581
863 6322
2347 4805
3692 5507
3568 5633
2672 4481
1455 7773
2923 4249
2655 4522
3361 5849
1306 7906
68 7101
3959 5260
3909 5305
395 6775
1680 7535
25 7193
880 8050
3944 4971
2148 5216
1267 6391
2645 5712
2272 5350
2978 6053
3226 4242
2400 5480
2031 7142
2589 5652
2422 5500
1419 6528
2508 5571
2843 5897
3707 4713
2819 5909
3660 4699
516 7699
3535 4567
3891 4905
132 7320
2555 5606
2583 5641
3432 4427
2798 5835
2614 5662
563 7705
2992 6042
649 7845
3844 4904
2842 5940
1032 6183
1300 6436
2756 5879
1662 6733
3789 4862
1879 7011
3408 4452
3701 4675
157 7339
2865 5894
1439 6567
3124 4109
2133 5228
1713 6795
2623 5637
948 8079
3772 4737
2783 5857
3269 4229
3407 4366
2172 5177
1497 6559
3003 6130
1538 6731
1516 6565
414 7637
2857 5989
2011 7061
2224 5375
2429 5421
2806 5799
2215 5366
3187 4128
312 7532
3024 6023
585 7697
963 8090
1090 6168
550 7801
2859 5963
2094 5199
529 7795
3972 5095
3717 4832
3507 4565
1578 6723
1145 6163
19 7289
1074 6232
1136 6171
2311 5484
1598 6738
2896 5949
2420 5402
3581 4498
1031 6260
1164 6393
2487 5569
1462 6607
2407 5405
2900 5934
1298 6505
3799 4780
1477 6585
2722 5854
751 7825
635 7931
1624 6873
1418 6409
1859 7111
2899 6103
2726 5678
3162 4306
753 7800
854 8157
625 7933
1719 6695
536 7819
1097 6366
695 7712
2110 5289
3795 4676
926 7940
331 7632
1968 6957
2159 5361
2115 5346
3432 4554
2607 5773
3450 4569
2739 5654
2328 5556
2914 6094
2333 5552
720 7805
43 7301
2254 5246
1114 6378
3223 4134
2748 5647
1958 6933
3396 4593
3445 4558
413 7462
2554 5445
160 7199
1074 6386
3984 4944
4004 4964
776 8137
3740 4703
2441 5453
1076 6384
3808 4649
1835 7143
873 8103
1980 7020
3243 4218
3672 4747
74 7324
3912 5022
2336 5624
1309 6596
2099 5353
2922 6064
1321 6642
461 7446
3202 4185
1877 7049
3020 5905
7 7384
3490 4477
3149 4269
4001 4930
3142 4258
3511 4434
3994 4989
1539 6891
1226 6179
1718 6751
1454 6468
743 7693
1427 6520
711 7723
3469 4449
3983 4963
1 7404
1362 6588
3128 4311
1489 6462
3594 4859
1369 6573
391 7539
3347 4583
2550 5379
322 7607
596 7842
303 7641
3638 4800
323 7605
3775 4680
1820 7147
652 7803
1559 6893
3393 4538
2209 5215
138 7284
849 7760
3008 5825
47 7469
1178 6553
3005 5822
1886 6746
3627 4911
3743 5016
305 7225
2153 5472
1279 6646
1861 6735
3160 4435
1049 6422
1362 6237
2289 5601
2663 6006
3766 5028
2529 5362
3662 4954
2189 5531
816 7721
3688 4980
1946 6789
3372 4147
1058 6402
548 7943
2977 5767
2726 6017
2809 6097
2914 5707
2698 6051
2474 5251
3806 5111
3581 4310
3728 5052
597 8057
1278 6611
2654 6003
2199 5562
2476 5249
244 7642
3643 4885
2769 6142
3185 4417
98 7507
3979 4799
2573 5947
444 7300
3873 4633
588 8052
4004 4764
2747 6016
2890 5745
1759 7138
2414 5200
4087 4809
2679 5960
1004 7852
2178 5571
2301 5564
1960 6889
1502 6303
779 7754
352 7202
2392 5147
3525 4225
1122 6439
2490 5372
3250 4597
1673 7105
3441 4152
847 7686
2898 5656
2422 5181
2574 5957
2559 5299
282 7255
3963 4661
2558 5295
3726 5087
1950 6863
1195 6649
3684 4918
1171 6592
2429 5161
1860 6673
259 7253
1299 6219
321 7193
3847 4702
2070 5455
2244 5533
1359 6164
190 7653
277 7240
3773 5090
2664 5943
1115 6459
1892 6661
959 7900
3399 4131
1333 6224
2794 6031
2370 5156
1021 7835
2157 5386
858 7730
1571 6986
824 7761
3176 4355
3357 4209
1760 7054
1952 6864
1541 7029
2165 5383
1413 6390
1791 7051
1363 6182
2715 6126
3369 4188
3258 4557
3698 4869
2777 6050
252 7559
1713 7116
3845 4731
2113 5568
2526 5213
1083 6578
4063 4694
3184 4602
419 7213
220 7507
14 7582
853 7876
614 8181
547 8112
3470 4123
3 7574
3433 4351
3248 4391
2568 6047
3636 5037
2171 5602
167 7481
903 7719
569 8090
464 7285
2312 5294
624 8151
3785 4960
661 7998
2398 5363
890 7892
3641 5015
3717 4917
2580 6054
306 7296
3753 4890
3865 4778
2410 5342
923 7726
1102 6648
4013 4630
1892 6879
3539 4207
475 7270
892 7873
3537 4113
3305 4393
2133 5521
2158 5546
666 8028
9 7630
45 7658
1832 6880
1983 6773
2503 5131
899 7757
202 7428
2427 5301
1314 6381
505 7208
1208 6507
3430 4277
3749 4976
123 7597
2198 5440
4079 4665
2716 5963
531 8139
3990 4686
3645 5088
341 7307
3141 4506
2945 5729
1948 6782
769 7907
198 7461
3010 5665
1826 6852
181 7506
2562 6117
3078 4577
3355 4339
3620 5069
3639 5083
3101 4592
2921 5764
3563 4101
342 7334
3373 4317
876 7838
2860 5845
2300 5376
3244 4432
2879 5825
1842 6860
717 7987
3855 4367
2782 5340
545 7203
371 8048
1822 6427
524 7177
2010 6620
3459 4997
1107 6740
2532 6115
3981 4484
2023 6633
1615 6208
4084 4580
3939 4467
2176 5780
3875 4407
503 8162
2358 5923
1471 7080
1662 6249
2162 5739
2881 5467
1301 6926
825 7458
676 7359
2836 5385
3452 4962
1428 7092
2122 5736
2208 5762
2359 5906
2915 5451
1019 7634
1053 6711
1398 7004
2105 5651
2625 5229
3915 4454
2478 6019
2098 5660
2995 5507
59 7690
612 7254
346 8046
2148 5715
578 7290
3046 5599
3069 5574
3924 4463
637 7238
175 7917
2395 5913
1639 6180
2671 5162
2288 5813
931 7659
2878 5494
3846 4430
1125 6702
3612 4176
2361 6007
3971 4561
2591 5196
3243 4855
3072 4701
365 7984
3723 4308
271 8047
45 7759
3549 5054
2434 6118
2223 5834
3778 4263
1367 6975
4037 4527
736 7308
3044 5515
2946 5618
3700 4101
2753 5302
2559 6020
655 7412
3628 4178
2786 5218
3545 4954
3923 4566
3730 4119
3324 4730
2471 5935
857 7632
2457 5907
3835 4215
3929 4565
3765 4153
691 7231
2567 5256
2482 5949
2459 5903
1269 6752
3345 5000
2063 5781
2633 5331
2131 5833
2929 5610
2908 5575
1900 6640
723 7246
1069 6796
3119 4750
1385 7115
1816 6587
3554 4929
1499 7039
1467 6942
405 7986
815 7559
2498 5992
1324 7046
2947 5423
367 8130
3613 4275
2423 6105
1166 6689
4015 4352
1107 6908
3856 4543
777 7609
245 7749
1551 6334
3947 4569
2254 5756
2907 5609
121 7882
3237 4626
1654 6351
1558 6316
1880 6629
943 7534
3778 4096
2689 5193
2491 6003
2106 5874
2749 5237
3095 4831
2198 5727
2761 5123
1259 6695
871 7593
825 7671
1888 6575
3910 4500
2414 6077
1031 6868
2416 6054
1846 6624
3892 4578
1832 6655
2803 5156
1028 6877
215 7691
2119 5786
3319 4649
1645 6285
1308 7167
2008 6461
3068 5402
3700 4243
3993 4465
613 7309
2715 5234
3576 4885
1495 6969
2440 6009
3158 4772
2631 5299
539 7407
1458 6980
1176 6767
806 7633
746 7186
1659 6274
1390 7063
3190 4748
3038 5413
974 7474
515 7421
3001 5447
1105 6993
3813 4581
907 7306
1205 7095
156 8095
1693 6558
3320 5116
903 7298
2310 5632
2065 5912
1050 6928
2487 5821
2316 5639
1079 6972
2243 6095
2541 5857
2918 5226
3046 5355
1365 6725
2358 5671
3489 4784
1929 6298
935 7348
630 7523
2854 5182
331 7763
4017 4264
3056 5354
316 7712
771 7198
2164 5994
150 8073
3838 4577
775 7207
1927 6310
2493 5791
1522 6870
2085 5888
3965 4184
489 7887
3763 4507
968 7396
5 7976
2077 5939
619 7514
2820 5174
3503 4764
3654 4466
4019 4231
1452 6810
2904 5216
421 7837
153 8096
1512 6866
906 7351
3457 4798
163 8171
3684 4396
1337 6771
3513 4851
276 7771
1516 6846
2381 5663
1710 6653
2213 6129
976 7300
2330 5708
245 8099
2112 5911
2083 6004
632 7471
3793 4489
1764 6588
785 7240
3371 4721
3323 5025
930 7423
1260 7090
1339 6757
1062 6982
3084 4972
586 7467
1456 6866
96 7942
2693 5603
1821 6263
3986 4350
240 8092
1520 6814
181 8155
1885 6195
2348 5698
3965 4114
4005 4298
3177 4870
2342 5719
2219 6105
3473 4834
458 7865
91 7976
407 7907
780 7288
1376 6677
1537 6519
551 7519
3397 4668
2471 5852
993 7327
3376 4687
3259 4922
1080 7098
2935 5365
3607 4498
1388 6890
2446 5640
3316 4988
1219 6986
4011 4135
337 7901
3205 4873
3560 4711
1864 6343
1157 6922
3140 5076
1507 6770
1078 7079
3048 5242
1387 6904
1670 6421
2506 5721
513 7570
2494 5674
2268 5962
3648 4567
1328 6825
3969 4120
3702 4588
1335 6829
2454 5645
776 7316
1610 6615
3933 4290
826 7333
243 8044
412 7741
3352 4794
3672 4603
1118 7162
1285 6816
543 7608
2993 5145
3876 4237
1324 6790
3606 4541
2901 5374
3973 4142
2105 6037
2719 5426
231 8009
2702 5409
2179 5938
2989 5148
901 7217
2603 5535
1523 6726
1796 6322
3624 4497
1450 6675
3343 4789
1005 7254
3646 4482
886 7370
33 8093
1267 6989
329 7816
1583 6637
4046 4109
850 7316
1069 7146
2184 5952
1051 7123
789 7385
3154 5021
658 7490
2411 5818
428 7806
2698 5465
3624 4604
2068 6080
443 7790
2064 6086
1290 6867
3882 4336
1433 6722
2139 6023
3276 4882
3343 4816
1284 6884
2668 5516
3130 5082
994 7168
3547 4671
2245 5921
3788 4389
313 7890
3856 4347
3014 5162
3443 4736
1294 6909
3308 4888
2531 5659
2074 6112
2257 5930
2197 5995
491 8682
196 8387
1463 9662
993 9196
41 8248
171 8377
897 9109
1320 9533
1478 9695
966 9183
388 8607
1648 9835
1602 9823
1214 9369
1159 9391
985 9203
1287 9513
734 8944
98 8269
866 9042
120 8268
1721 9869
1017 9156
595 8722
1599 9853
725 8848
427 8684
364 8480
1607 9749
1510 9648
1426 9676
954 9188
492 8588
1355 9515
1358 9518
558 8783
477 8639
1646 9736
1890 9988
526 8808
774 9056
593 8758
1640 9743
839 9004
145 8421
734 8875
1062 9296
657 8936
442 8644
643 8707
965 9024
983 9041
869 9186
308 8627
1033 9349
4 8340
576 8912
1046 9347
875 9212
1124 9468
912 8972
1665 9757
99 8446
1011 9043
27 8378
1754 9852
548 8835
226 8271
1651 9950
1228 9315
1486 9590
823 9102
248 8263
975 8974
1442 9574
587 8846
954 9087
554 8930
1016 9008
1719 9855
1620 9885
1344 9611
358 8618
170 8292
973 8962
758 8742
414 8527
1649 9901
314 8678
917 9076
1008 8977
1534 9496
6 8417
1182 9326
295 8657
1372 9636
1081 9411
877 9110
1638 9885
351 8284
253 8702
570 9021
1869 9822
814 8760
1871 9817
469 8396
1264 9707
283 8197
1436 9347
1955 9857
457 8427
703 9117
1525 9430
434 8346
1797 9775
774 8757
655 9146
288 8213
242 8650
1904 9801
625 9037
81 8557
135 8645
1336 9339
262 8261
131 8646
1284 9282
795 8796
1084 9591
874 8743
803 8812
337 8222
1887 9740
564 9058
864 8763
718 9109
917 8907
1517 9395
147 8688
1989 9901
887 8735
636 8983
401 8444
99 8462
1642 9989
888 8715
188 8648
1528 9358
1285 9331
973 8890
1072 9543
767 9089
111 8685
595 9175
285 8345
1504 9318
834 8901
127 8693
1989 9807
1425 9242
678 9014
1018 8815
1918 9960
698 8995
1793 9896
1939 9785
686 8964
1165 9510
542 9138
255 8527
1122 9682
1917 9932
733 9064
377 8386
132 8506
961 8830
545 9184
299 8425
862 8859
1496 9245
604 9105
364 8381
1352 9374
1116 9610
152 8514
221 8455
176 8528
791 8947
1281 9446
312 8405
1089 9647
1347 9393
1834 9949
1057 9688
34 8664
1249 9954
982 8661
870 8555
258 8979
1024 9753
224 8954
2032 9708
64 8802
740 8391
496 9174
1747 9460
938 8582
1681 9405
261 9002
1084 9740
191 8846
317 8968
88 8815
824 8449
1681 9425
1046 9812
241 8885
343 8987
1545 9286
741 8369
717 8347
865 8507
1112 9730
73 8725
362 9013
883 8466
713 8352
1270 9887
161 8914
384 9204
1588 9281
1704 9438
1882 9504
1075 9807
6 8826
1724 9410
1182 9756
1587 9399
1413 9993
1620 9433
905 8454
1236 9793
2006 9536
1907 9706
549 8380
2046 9566
313 9115
399 8999
1782 9311
1979 9488
52 8857
1672 9253
641 8240
1991 9589
1246 9830
1275 9794
440 8966
102 8870
307 9203
445 9072
1142 9895
1231 9748
272 9163
1181 9795
572 8404
667 8305
797 8694
980 8511
1545 9442
940 8541
1222 9780
1973 9537
721 8228
1045 9963
901 8324
805 8224
257 8714
1517 9953
1965 9376
1689 9623
2022 9449
1296 9732
702 8614
989 8388
1898 9332
2034 9452
957 8355
1745 9678
1289 9764
590 8544
1319 9737
1761 9681
404 8869
1612 9595
1322 9746
710 8590
269 8774
967 8330
1757 9616
1806 9283
1884 9235
872 8249
1391 9786
93 8971
1930 9437
1824 9338
466 8847
618 8500
2018 9404
232 9143
2024 9359
89 9012
1849 9303
1306 9834
1725 9669
1136 9994
679 8664
184 9159
700 8508
255 9082
363 8941
151 8987
1400 9974
1772 9584
574 8605
1769 9548
589 8683
1926 9263
610 8651
1187 9997
1570 9618
1421 9790
1331 9863
1984 9335
442 8704
1445 9753
1665 9534
210 8979
631 8625
110 9126
402 8771
1771 9535
80 9096
794 8384
460 8727
228 9016
1399 9899
569 8665
900 8294
705 8483
1808 9461
125 9112
275 8949
1908 9363
1657 9620
1361 9918
319 8911
1729 9523
881 8323
257 8950
1014 8200
500 9713
1826 8999
1985 9161
305 9529
1380 8559
1606 8778
496 9726
69 9290
1111 8263
1344 8530
164 9351
583 9826
1766 8899
1172 8380
1040 8251
802 9998
694 9882
203 9444
1420 8611
523 9787
1549 8766
101 9306
1475 8700
718 9869
341 9501
1840 9082
1241 8339
552 9827
1773 8865
411 9685
1109 8218
1666 8913
629 9763
373 9507
1613 8725
1130 8246
21 9290
250 9374
521 9837
137 9442
1603 8749
1420 8674
1141 8219
406 9721
1893 8981
124 9231
697 9932
1673 8945
1529 8579
85 9262
175 9426
402 9488
620 9962
1027 8338
596 9920
296 9660
384 9493
1143 8418
270 9625
1165 8237
760 9819
32 9351
1951 9009
692 9733
1077 8324
704 9843
2019 9040
958 9994
29 9386
561 9866
549 9880
17 9426
219 9246
1677 8768
1265 8254
505 9513
1576 8956
630 9902
1764 8706
643 9829
1310 8696
266 9702
350 9649
1188 8277
2038 8967
604 9903
436 9536
400 9576
1386 8597
93 9557
157 9620
501 9444
1541 8982
1052 8463
1875 8774
302 9273
424 9394
450 9433
1374 8261
1618 9078
1003 9935
1658 9054
1342 8218
1945 8887
336 9316
1942 8867
1675 9148
1981 8955
444 9463
1528 8373
1066 8570
204 9628
58 9579
1012 9895
498 9380
1655 8992
1536 9050
1198 8689
1708 9160
1504 8329
190 9687
953 9939
832 9776
1086 8525
22 9573
1041 8550
1590 9036
1228 8526
1955 8737
1758 9052
910 9741
1479 8259
988 9805
1962 8760
436 9248
1128 8703
429 9268
1349 8414
1194 8501
678 9990
1765 9031
804 9858
1 9638
681 9987
434 9241
486 9289
1514 8280
1410 8241
169 9498
985 9836
1592 9088
1237 8558
1628 9185
386 9276
1577 9193
1742 8968
342 9372
195 9487
1315 8433
1186 8560
1768 9023
732 9990
2012 8705
1558 9206
1920 8803
1777 8978
768 9957
1884 8889
855 9916
226 9486
490 9220
202 9534
1633 9108
1555 9189
1453 8279
106 9622
775 9478
1209 8888
115 9850
792 9489
1406 9079
642 9353
770 9484
1022 9713
1960 8632
26 9738
1333 8998
936 9661
1146 8800
1626 8257
143 9875
1691 8378
570 9243
147 9904
553 9228
1470 9110
1363 9084
952 9610
1194 8860
1088 8824
1002 9643
1743 8331
981 9617
1759 8344
1683 8404
1304 9042
810 9568
1597 8310
772 9551
2030 8610
1025 8783
1259 8869
845 9474
1669 8400
1771 8369
1854 8548
1812 8562
529 9334
2041 8593
1294 9060
1580 8256
1994 8614
1938 8675
206 9919
1383 8980
856 9517
1785 8321
1411 9208
191 9923
1829 8613
1788 8312
944 9524
961 9541
1924 8450
1780 8306
633 9470
1702 8239
1213 8758
1439 8975
1240 8779
1916 8682
1748 8258
716 9307
781 9621
795 9602
116 9966
842 9706
1295 9133
1225 8810
2000 8564
801 9609
1280 9128
1222 8814
1938 8507
1265 8794
1954 8460
728 9320
1533 9039
156 9770
1581 8346
626 9416
78 9971
1737 8308
894 9664
1366 9119
1431 9053
1893 8623
637 9398
839 9611
769 9679
1872 8578
208 9733
1034 8924
1350 9105
1774 8206
1804 8680
205 9768
1943 8575
981 9533
572 9424
118 9860
1829 8662
1727 8267
546 9428
1042 8939
1666 8316
355 9831
1156 9088
1100 9028
1241 9168
792 9234
1204 9144
680 9638
1939 8320
453 9936
467 9931
1964 8375
866 9343
1972 8336
482 9926
1483 8943
1384 8782
1853 8209
608 9549
1704 8602
1360 8804
1272 9164
286 9767
385 9912
1980 8327
1070 8976
1310 8796
1668 8647
1596 8563
615 9527
1118 8964
1684 8655
1286 8795
1120 9022
2047 8350
915 9457
1141 8982
1972 8412
634 9491
1682 8701
1752 8617
1575 8532
2016 8342
1065 9055
778 9340
735 9636
1557 8552
1876 8405
1897 8426
878 9451
2004 8274
1932 8203
481 9840
1723 8489
1116 9154
702 9502
1744 8561
1472 8805
1600 8677
1103 9213
1010 9280
1163 9016
1610 8697
1149 9162
1034 9149
1964 8212
1457 8712
662 9519
315 9862
344 9957
1134 9169
1569 8675
1162 9032
1836 8424
2013 8219
689 9590
1401 8894
838 9356
1133 9145
1425 8775
287 9924
1907 8367
332 9875
1843 8402
1741 8495
1483 8745
683 9544
338 9910
1852 8409
979 9269
1906 8341
1878 8383
1548 8679
1056 9171
763 9480
3693 9836
3125 9277
3730 9882
2244 8397
3642 9776
3564 9703
2269 8400
2074 8212
2971 9096
3367 9522
3221 9346
2462 8585
2800 8935
3444 9580
3741 9863
2512 8652
2166 8297
2643 8819
3618 9729
2745 8860
2464 8584
3272 9447
2417 8542
3600 9761
2734 8861
2515 8678
3811 9941
3735 9888
3115 9234
2590 8740
2827 9033
3639 9845
3461 9666
2825 9025
3554 9650
3566 9663
2941 9001
2721 8953
3246 9463
2878 9063
3733 9928
3245 9458
3528 9641
3657 9771
2371 8487
2679 8723
3830 9874
2426 8479
3365 9538
2602 8771
2883 9002
2903 9021
3322 9354
3952 9985
2069 8295
3786 9913
3440 9478
3669 9772
3100 9319
2320 8592
2239 8251
3118 9386
2810 8831
2637 8907
2745 8767
3543 9562
2758 8776
3755 9787
2970 8969
3270 9297
2201 8193
2592 8891
3703 9943
3650 9955
2582 8882
2989 8971
2662 8906
2176 8237
3179 9434
3510 9477
2423 8643
4026 9997
3819 9811
3415 9709
3663 9973
2549 8521
2525 8547
3489 9575
2253 8198
2622 8949
3828 9766
2942 9132
2723 8816
2354 8681
2301 8226
3686 9913
2413 8587
3287 9264
2100 8408
2938 9111
3603 9958
3135 9417
2439 8573
3827 9741
2409 8300
2700 9099
2448 8344
2675 9084
2673 9086
2659 9073
3320 9711
3350 9230
2419 8299
3449 9315
3175 9539
3498 9357
3416 9329
3521 9455
3024 8929
3219 9639
3066 8910
3382 9231
2389 8300
3488 9371
3367 9244
2461 8413
3515 9471
3340 9291
2428 8244
3314 9658
2195 8665
3456 9418
2967 8925
2857 8802
3231 9684
3943 9772
3949 9761
3129 9588
2720 9198
2535 8375
2373 8213
4005 9968
2144 8503
2542 8372
3930 9735
3568 9390
3570 9362
3696 10000
3031 8885
4026 9945
2262 8624
2746 9180
4047 9894
3026 8864
3117 9563
3402 9264
2522 8358
2548 8328
3310 9582
3091 9618
2299 8568
2302 8565
2138 8650
3860 9856
2096 8612
2807 9057
2971 8707
3339 9361
2597 9151
3892 9898
3197 9693
2950 8739
2965 8765
2217 8452
3975 9769
2506 8315
3481 9258
2951 8754
3116 9626
4006 9744
4012 9755
3487 9255
2168 8641
3889 9871
2815 9015
3217 9562
3853 9926
2682 9140
2954 8792
4028 9839
3508 9319
2666 9151
2674 9130
3565 9271
3991 9847
2786 8960
2280 8448
3428 9355
2579 9212
2131 8609
3206 9585
3279 9525
2607 9172
2952 8821
2424 8326
2552 9209
4089 9725
3083 9732
3989 9605
2470 9143
3198 9828
3350 9993
3127 9768
3280 9971
2318 9003
3017 8696
2252 8958
3236 9878
4082 9665
3713 9397
2238 8843
4060 9700
2050 8767
2640 8208
3890 9587
3260 9974
2615 8314
4012 9698
2477 9214
2371 8984
2340 9036
2444 9190
3812 9355
2845 8562
3246 9947
3898 9549
2060 8821
2961 8686
3690 9450
2328 9116
2387 9177
2701 8221
2600 8379
3905 9684
3107 9914
3038 8575
3667 9458
4059 9598
2480 8981
3154 9978
3813 9295
4053 9593
2143 8942
2120 8957
2751 8200
2324 9128
2957 8496
3602 9429
2282 8738
3914 9600
2218 8805
3801 9225
2947 8531
2496 8977
3179 9917
3029 8451
2763 8211
3841 9690
2284 8754
3859 9715
3599 9453
4058 9535
4036 9516
3282 9785
3089 9980
2792 8217
2240 8756
2354 9159
3237 9811
2776 8226
3093 9967
2910 8287
2765 8649
3860 9232
2670 8554
2772 8656
2663 8546
3395 9796
2145 9062
3911 9294
2500 8905
2193 9118
3914 9306
3760 9633
2344 8762
3060 8429
2543 8948
3739 9606
2944 8351
2677 8554
2307 8736
2593 8452
3049 8399
2263 9200
3453 9813
3916 9312
3978 9383
2641 8549
2224 9094
3057 8390
3940 9309
2906 8289
2394 8806
2443 8886
2450 8917
2108 9083
2782 8595
3037 8339
4044 9373
2998 8423
2626 8470
2384 8709
3848 9298
2323 8782
2238 9185
4090 9368
2287 9100
2333 8825
3470 9961
3328 9842
3992 9450
2207 9196
3783 9651
2536 8863
2614 8522
3196 9985
3062 8329
2711 8468
2874 8377
2969 8208
3617 9640
2994 8249
2339 8872
3766 9530
2665 8699
3356 9865
3676 9675
2563 8603
2906 8385
3797 9545
3230 9986
2149 9209
2881 8415
2718 8449
2170 9178
2310 8867
3962 9436
2158 9156
3500 9735
2540 8769
2401 8911
3852 9400
3742 9512
2492 8715
2142 9190
2401 8927
2413 8877
3977 9288
3935 9369
2888 8335
2979 8297
2472 8807
3637 9697
3388 9958
4076 9270
3818 9526
3966 9377
3426 9867
2325 8953
3484 9841
2403 8854
3888 9417
2192 9070
3015 8248
3512 8638
3695 8804
2420 9599
2315 9479
3887 9022
3334 8466
2564 9745
2532 9727
3296 8445
2591 9729
4089 9176
2427 9560
2753 9961
2393 9584
3829 8926
3930 9073
2057 9250
2295 9435
3339 8505
3271 8437
2470 9616
2503 9725
2242 9465
2754 9980
2685 9789
2797 9900
3887 9067
2570 9794
3857 9051
2425 9527
3673 8726
3894 9062
3264 8343
2090 9335
3312 8365
2556 9631
3306 8335
3446 8464
3752 8910
2132 9277
3460 8686
3737 8946
3757 8899
2343 9544
2298 9365
3242 8410
2093 9308
3587 8817
2062 9340
3307 8345
2659 9755
3820 8853
2633 9930
3764 8759
2652 9945
2775 9809
2460 9498
2573 9856
3406 8641
3112 8379
2222 9274
3318 8298
4094 9059
3161 8391
3412 8692
2495 9497
3980 8997
2730 9728
3560 8514
2399 9717
3884 9095
3346 8610
2689 9782
2550 9537
2102 9353
3215 8271
3348 8660
3011 9987
3634 8947
2672 9905
3497 8555
3501 8558
3077 8399
2658 9900
2141 9357
3531 8474
2166 9380
3812 8764
3539 8461
2759 9752
3781 8740
3772 8793
2118 9389
3561 8453
3740 8816
2308 9716
3565 8478
3708 8836
2306 9720
2188 9334
3714 8829
3084 8460
3814 9191
3332 8192
3953 8820
2299 9715
2335 9237
3415 8283
3972 8840
3767 9121
3073 8485
2821 9760
2974 9915
2825 9775
2175 9561
2890 9824
2187 9632
3107 8467
3685 9041
2381 9337
2889 9841
2273 9692
2505 9462
2182 9671
3113 8569
2366 9325
3595 9048
3698 8993
3657 8989
3455 8233
3798 9102
3313 8620
2332 9282
2502 9368
2846 9853
3318 8594
2517 9393
3735 9202
3386 8272
3096 8564
3052 9884
3583 8334
3469 8447
2536 9370
2331 9324
3877 8799
3058 9865
3401 8245
3890 8781
2549 9333
3936 8932
2452 9232
3159 8658
4020 8755
2304 9352
2842 9873
2391 9435
2936 9965
3275 8531
3161 8640
4063 8773
3435 8439
2819 9884
3486 8255
2822 9893
3064 9820
3193 8671
3258 8476
3213 8484
3218 8504
2342 9366
3705 9160
3693 9179
3999 8744
3716 9011
2174 9673
3123 8591
2151 9691
3434 8360
2911 9879
3392 8332
2949 9803
3668 9092
3014 9750
3475 8260
2838 9933
2853 9976
3289 8455
3490 8316
2138 9657
3054 9739
2433 9320
3944 8834
2501 9256
2913 9877
3400 8374
3456 8319
4038 8642
3183 8801
3153 8798
2136 9801
2628 9303
4058 8654
3111 8761
3464 9129
3664 8306
3081 8748
3385 8990
3987 8634
3300 8905
2572 9249
2066 9762
2869 9474
3686 8273
2791 9434
3689 8232
3183 8746
3937 8484
2702 9414
2956 9670
2798 9378
3303 8873
3265 8851
3327 8874
3789 8343
3851 8528
2100 9809
2934 9489
2830 9572
3523 9133
2570 9338
3921 8491
2626 9279
3915 8501
2931 9714
3055 9581
3431 9189
2062 9867
2056 9870
2922 9703
3516 9009
2609 9381
3647 8362
2185 9759
3201 8728
3380 9134
3500 9010
2865 9646
2096 9903
2796 9292
2810 9304
3434 9164
2662 9421
3075 8872
3238 8714
3382 9115
2157 9922
3188 8900
2768 9312
2232 9730
2180 9790
3563 9046
3299 8797
3557 8997
2976 9570
3509 9086
3553 9011
3973 8541
3110 8956
3790 8211
3202 8799
3509 9067
2183 9838
3660 8359
3569 8988
3758 8620
2370 9802
4041 8389
2430 9839
2615 9504
3297 9210
2781 9665
3042 9470
3147 9044
3233 9150
3800 8698
2918 9285
3271 9184
3633 8473
2346 9728
3884 8209
3601 8492
3652 8571
3865 8281
2774 9623
3561 8877
3655 8450
2714 9683
3173 9000
3593 8519
2326 9816
4047 8351
4080 8361
4040 8338
2432 9951
2945 9440
3792 8626
2746 9682
2448 9978
3904 8235
2467 9933
2649 9526
2592 9552
3145 9018
3055 9371
2464 9940
3228 9195
3170 8990
2523 9893
3931 8228
4075 8296
3210 8962
3852 8326
3559 8813
2868 9402
3468 8734
2517 9799
4072 8314
2621 9641
2875 9382
3832 8538
3525 8806
3053 9294
2767 9579
2489 9757
3287 9074
3155 9199
3342 8881
3567 8746
2856 9440
3854 8415
4074 8254
3666 8580
2871 9453
4062 8194
3209 9069
2321 9975
3421 8891
2431 9879
2468 9804
2905 9399
2733 9565
3417 8873
3288 9000
4040 8252
3632 8646
2671 9619
3222 9065
2352 9935
3064 9223
4271 8367
5459 9555
5504 9601
5170 9265
4206 8301
4893 8983
5547 9632
4130 8244
5082 9155
4315 8384
4727 8812
5057 9186
4440 8563
4496 8639
4436 8547
4200 8273
4555 8693
5069 9103
5542 9697
5071 9093
4790 8928
4892 9034
4609 8791
4552 8606
5247 9257
4725 8744
5409 9543
5653 9842
5705 9763
4499 8702
5309 9413
4818 8875
5853 9821
4403 8630
4346 8308
5819 9781
4812 8798
4791 8741
5102 9085
4433 8648
5614 9550
5456 9716
5481 9677
4522 8462
5336 9343
5351 9299
5479 9680
4913 9094
4147 8332
5155 9443
4641 8931
4118 8403
5528 9567
5531 9554
5232 9405
4707 8881
5231 9404
4227 8277
5167 9465
5406 9668
4530 8559
5151 9469
5356 9225
5442 9642
5597 9520
5643 9979
4837 8721
4390 8657
4709 8861
5153 9436
5717 9899
5550 9390
4907 8747
4314 8669
4261 8621
4894 8720
4830 9166
4557 8413
5053 8876
4787 9122
4183 8518
5227 9586
5539 9407
4417 8286
4465 8274
5598 9466
4605 8411
6012 9812
4193 8520
4246 8636
5380 9262
4744 9124
5258 9656
5416 9243
4829 9192
4422 8304
4510 8354
4235 8629
5012 8918
4788 9207
4886 8785
5704 9999
4644 9068
4630 9054
4291 8584
4899 8808
6082 9871
5956 9739
5988 9771
4239 8668
4542 8427
5266 9671
5291 9712
4877 8787
6039 9929
4685 9004
5027 8897
5435 9310
5344 9607
6067 9949
5051 8904
4986 8718
5924 9810
6088 9910
4677 9019
4805 9029
5185 9666
5410 9383
6111 9815
4148 8638
5333 9567
5426 9406
4261 8490
4779 8996
4268 8504
5091 8823
6066 9770
5779 9999
6085 9833
4925 8848
5970 9983
5529 9251
4632 9124
5290 9495
5909 9898
5391 9423
5569 9218
4925 8955
4183 8592
4343 8485
4303 8474
5173 9699
4563 8197
4384 8440
4856 8994
4859 8993
4920 8933
4864 8926
4966 8889
5465 9401
5286 9550
4851 8985
4164 8618
5113 8712
6055 9814
4211 8576
6068 9792
4593 8201
5280 9560
4600 8199
4328 8471
5045 8631
5081 8666
4405 9020
5257 9859
5695 9266
4116 8730
5004 8604
4534 9132
5140 9742
5706 9302
4224 8866
4692 8311
5119 8667
4662 8210
4363 8992
4760 8372
5210 9832
6125 9694
4517 9117
4142 8727
6070 9613
5759 9284
4539 9211
5005 8653
4969 8493
4511 9177
4863 8373
4693 8217
4110 8769
4897 8560
5102 8637
4774 8437
5691 9327
5870 9397
4825 8370
6088 9635
5760 9468
4571 9125
4163 8898
4770 8225
4972 8687
4670 8381
4229 8705
5029 8481
4354 9093
5695 9398
5307 9783
4111 8833
4446 9166
4597 9061
4266 8763
4479 9195
4451 9153
4865 8611
5221 9931
4497 8994
5011 8487
6143 9545
6022 9521
5104 8523
5677 9360
4984 8647
4246 8787
5856 9254
5134 9925
4353 9167
4876 8668
4189 8844
6057 9595
4300 8730
4609 8409
4145 8937
4861 8231
4313 8708
5270 9800
4431 9135
4410 9176
4776 8266
4442 9139
4624 8444
5915 9718
4413 9165
4893 8680
4860 8198
5072 8491
5941 9674
4355 8710
5860 9710
5725 9558
5430 9784
5775 9627
5622 9953
4330 9213
5854 9670
4240 9142
6073 9375
4899 8207
4190 9074
5065 8441
5448 9848
5440 9844
6075 9344
5517 9906
6011 9275
4867 8256
5961 9226
6119 9377
5523 9940
4513 8937
5568 9864
4588 8871
4359 8777
4775 8694
5636 9566
5620 9876
5636 9571
5460 9791
5716 9505
4739 8697
6044 9447
5400 9830
4946 8406
5750 9712
5473 9963
5698 9679
4953 8393
5036 8253
4455 8944
4650 8630
5724 9724
4325 9030
4523 8717
5869 9546
6019 9252
4610 8616
5923 9356
4386 8852
4971 8407
6037 9257
4792 8570
5492 9911
4121 9181
5054 8312
4444 8858
5830 9472
4450 8879
4319 8976
6013 9388
5586 9731
5461 9858
4617 8659
6026 9296
4679 8605
4613 8670
5971 9395
5481 9868
4923 8398
5994 9373
5088 8216
4803 8505
5870 9492
5860 8932
4774 9889
5454 8516
4263 9389
5185 8275
5802 8882
5349 8446
5211 8318
4548 9709
4576 9674
5633 8753
4352 9520
5801 8856
5151 8234
4687 9849
5838 8946
4302 9457
4452 9508
5765 8903
5688 8828
4390 9571
4819 9881
4253 9431
5616 8635
4757 9946
5453 8472
4537 9711
4474 9506
5265 8392
4201 9267
4824 9860
4786 9939
5623 8597
6122 9090
4264 9410
5168 8283
5679 8797
5351 8340
5703 8755
4453 9502
4796 9920
5392 8556
5827 8893
5267 8215
4773 9774
4502 9482
4126 9345
4688 9968
4378 9656
4669 9878
6058 8966
5315 8310
4250 9252
5627 8511
4517 9569
4745 9804
5529 8542
5862 8750
4491 9540
6074 9077
4587 9531
5594 8458
4283 9325
5876 8739
4123 9415
5945 9191
4108 9427
4184 9403
6085 8998
4528 9556
4662 9938
4327 9216
4715 9868
5574 8492
5619 8479
4241 9341
5626 8468
4128 9422
5190 8370
4639 9962
6018 9081
4151 9420
5880 8708
5063 9927
5566 8376
6015 8824
5113 9969
4494 9375
4572 9412
4949 9805
5722 9024
5958 8794
4953 9797
5157 8453
6084 8934
5418 8205
5703 9068
4959 9843
4550 9451
5434 8202
4304 9698
6128 8902
4416 9221
5520 8410
4373 9310
5135 8515
4571 9366
4299 9606
4379 9301
5412 8309
5866 9145
5719 8961
6015 8745
5089 9915
4250 9664
5150 8517
4272 9681
4892 9850
4994 9956
4315 9649
6060 8897
4115 9597
4542 9424
5798 9161
6004 8709
5401 8298
5328 8616
5433 8260
5319 8632
5160 8621
5543 8233
4296 9542
5161 8633
5690 9134
5707 9183
5207 8642
4431 9432
4913 9896
4400 9387
5803 9008
4290 9564
5439 8352
4256 9484
4473 9416
4345 9548
5489 8393
4122 9633
4519 9244
6135 8779
5107 9778
4267 9577
5235 8624
5279 8540
6028 8777
5675 9197
4361 9409
5209 8595
5276 8535
5390 8386
4320 9517
4553 9222
5017 9800
5100 9791
6120 8764
4490 9299
5615 8245
5838 8980
5523 8270
5968 8847
4508 9342
5725 9147
5450 8365
5983 8887
5648 9211
5313 8490
4124 9714
5285 8522
5220 8596
6097 8738
4897 9941
5457 8356
5794 9047
4350 9480
5229 8602
6133 8718
4384 9438
5697 9150
5499 9080
4812 9419
6033 8598
4987 9585
5371 8945
4997 9609
5147 8726
5478 9078
5966 8543
4831 9421
6010 8556
5596 9158
6092 8663
4974 9547
5166 8710
5417 8963
5914 8488
5855 8422
4217 9797
5954 8574
4923 9479
5721 8294
4930 9472
6050 8672
5114 9657
5018 9692
4882 9557
5198 8713
5204 8733
4852 9381
5991 8497
5067 9643
5840 8368
5184 8743
4771 9412
4932 9507
4714 9222
5732 8201
5706 8229
4158 9798
6091 8627
4284 9923
5667 8355
4804 9286
5850 8287
4877 9604
5073 9540
4938 9680
4148 9877
5774 8236
4742 9253
5224 8908
4153 9887
6142 8534
5330 8829
4666 9365
5386 9144
5130 8883
5710 8439
5074 9583
4874 9652
5306 8827
5429 9206
5595 8988
4280 9840
5278 8789
4217 9908
5389 9154
5128 8920
5354 8766
5322 8735
5929 8689
4881 9677
5273 8775
5446 9113
5555 9046
5112 9503
4735 9367
4150 9944
4842 9240
4595 9984
4169 9917
5758 8325
5302 9141
4492 9864
6130 8436
5744 8567
5935 8230
5017 9362
6091 8388
5091 9459
5032 9403
4762 9612
6102 8397
4883 9267
5953 8288
5621 8915
5372 9175
5428 8728
5471 8819
5748 8537
5190 9065
4424 9851
5344 9173
5910 8227
5094 9439
4394 9747
5296 9097
4495 9906
4915 9229
5301 9099
5658 8536
5110 9392
4765 9690
5282 9194
5824 8586
4585 9891
4438 9754
5846 8603
6009 8235
4823 9615
4978 9259
6139 8354
5256 9170
5033 9459
6040 8387
4820 9652
5310 9181
4409 9820
5692 8539
4485 9966
5996 8193
5468 8749
5730 8465
5992 8220
4777 9695
5056 9400
5239 8975
5771 8690
4884 9322
5549 8915
4987 9466
6107 8282
5617 8820
4424 9921
5096 9313
4647 9642
5366 9060
5449 8924
5233 9193
4944 9419
5887 8543
5425 8849
5694 8604
5010 9270
5675 8589
5212 9210
5917 8371
5891 8368
4967 9427
5557 8704
5160 9119
5305 8961
5331 9066
4835 9561
5483 8919
4758 9565
4402 9982
4830 9486
4528 9825
5788 8521
4398 9977
4789 9570
5064 9247
5693 8676
5476 8838
4969 9346
5276 9079
6017 8303
5013 9318
4457 9886
4601 9742
5250 9081
5856 8477
4756 9578
7436 9485
6962 9014
6945 8996
7837 9883
7590 9655
6801 8834
7564 9624
7371 9437
7432 9503
7702 9738
6949 9017
6551 8586
6474 8533
7149 9165
7577 9659
6805 8883
6272 8362
7509 9598
6669 8742
7741 9744
6440 8454
7037 9043
6758 8788
6237 8303
6464 8573
7549 9539
6478 8561
6601 8585
7263 9247
7021 9007
6656 8773
6744 8723
7184 9307
6777 8757
7626 9604
7386 9364
6296 8407
7023 9023
7497 9496
7239 9238
6864 8839
6647 8608
6977 8984
7417 9378
7122 9097
6397 8353
7862 9943
7377 9394
7152 9107
7305 9454
7867 9936
6347 8382
6292 8428
7790 9750
6917 9087
7724 9808
6850 8895
6221 8242
6919 9095
7848 9762
6993 9178
6694 8894
7083 9013
7820 9746
7176 9367
6399 8285
7681 9897
6905 8790
7462 9622
6481 8672
7552 9523
7752 9979
7582 9514
7918 9817
6439 8607
6981 9215
6337 8319
6200 8445
6952 9198
7337 9313
7246 9350
6650 8499
7365 9228
6420 8670
7085 9057
7547 9655
7562 9555
7387 9223
6332 8290
6578 8557
6643 8464
6395 8222
6280 8302
7237 9388
6728 8888
7819 9848
6270 8331
6462 8649
6482 8613
7607 9551
6498 8600
7318 9321
7044 9083
7071 9056
6352 8656
7515 9304
6839 9139
8131 9928
7488 9293
6434 8243
7325 9614
6623 8395
7486 9255
7411 9705
7165 8935
7232 9564
7128 8952
7251 9599
7345 9629
6412 8227
6379 8644
6396 8652
8101 9872
7250 9577
8129 9981
6463 8195
6400 8265
7554 9423
6319 8673
6937 8790
7120 8863
6233 8457
6479 8214
6802 9202
6231 8509
6203 8532
6537 8433
7959 9837
6666 9101
6515 8436
6428 8347
7361 9547
8167 9835
7999 9907
7224 9653
7521 9452
7584 9265
7961 9861
6466 8420
7628 9323
8011 9964
6686 9142
6412 8382
8180 9793
8016 9959
7651 9300
7345 9483
7150 8786
6654 8259
6175 8671
7260 9631
6791 9039
6209 8587
8095 9802
7487 9448
6443 8438
6387 8467
6329 8536
6254 8589
6382 8456
7258 9660
7147 8716
6882 8970
7200 9675
7955 9981
7364 9514
7256 9645
6264 8591
8166 9756
6716 9158
7980 9938
7972 9511
7398 9954
6737 8281
6681 8214
6260 8827
7806 9326
6154 8731
7104 8660
6339 8917
7858 9387
8091 9602
6546 9138
7133 8700
6911 8414
7977 9487
6256 8791
7162 8658
8046 9541
6869 8440
6277 8874
6380 8927
6346 8958
7823 9402
6915 8500
6582 9101
6279 8892
6707 8204
6872 8348
8183 9650
6501 9005
7132 8599
6330 8948
6557 9170
6710 8313
7134 8588
6659 8279
6970 8545
6333 8928
6730 8224
6294 8957
7186 9831
7382 9889
7056 8683
6897 8330
6653 9089
8003 9667
8140 9546
6200 8895
6784 8199
6660 8333
7836 9237
6576 9018
7889 9308
6883 8307
7748 9429
8128 9553
6444 9147
6792 8223
7750 9439
7128 8513
8125 9510
6454 9131
7274 9973
7179 9897
7859 9240
7802 9425
6609 9085
7997 9617
6940 8626
6314 8734
8043 9694
6242 8916
7029 8653
6342 8825
6898 8269
7359 9855
7175 9924
6491 9116
6881 8230
8125 9588
7236 9870
7987 9721
6230 8859
6761 8376
6486 9091
6340 8722
8115 9572
6796 8276
6358 8719
7762 9358
6769 8366
7920 9233
7925 9236
7150 8457
6366 8750
6596 9010
6547 9061
6592 9017
6738 8361
6145 8959
6777 8571
7435 9736
8101 9382
6748 8539
8031 9302
7899 9686
6514 8831
6297 9111
7923 9699
7146 8442
7958 9217
6651 8931
6999 8267
6204 8995
7117 8429
6767 8524
6979 8293
7728 9499
6196 8991
6799 8609
6632 8902
7746 9581
7096 8328
7019 8282
8061 9289
7901 9700
6691 8473
6251 9047
6708 8566
7013 8231
7079 8421
6599 8837
6674 8529
6758 8482
6881 8615
7935 9654
6760 8481
6585 8951
6584 8950
6495 8716
7499 9752
7885 9626
6542 8918
7739 9575
7463 9849
6764 8499
8081 9422
7064 8442
7914 9608
7822 9705
6568 8898
6667 8545
6813 8691
7946 9316
6144 9076
8063 9227
7281 9991
7761 9512
6256 8972
7557 9976
7550 9970
6172 9104
6688 8622
6657 8590
7313 9986
7662 9851
6391 9071
6189 9136
7427 9886
7434 9876
6375 9031
7728 9624
7739 9619
6896 8538
6561 8717
7587 9747
6244 9172
6634 8793
6824 8475
6485 8929
7831 9505
7802 9667
6463 8836
7864 9476
6621 8732
6149 9152
6380 9001
6622 8729
7050 8262
6147 9167
7850 9573
6517 8864
6287 9049
7549 9892
6846 8544
7615 9824
7027 8364
6843 8534
6748 8622
7934 9476
6811 8551
6987 8374
6155 9226
7418 8441
7859 8880
6320 9396
6856 9934
6623 9688
6311 9385
7591 8617
7576 8599
8102 9129
6192 9254
7322 8323
7425 8475
7755 8785
6247 9339
6212 9305
6529 9630
6556 9661
7527 8517
7354 8348
6721 9833
7994 8969
6364 9455
7335 8337
6671 9784
7554 8634
6858 9866
6990 9996
7815 8896
6978 9995
6211 9230
6831 9952
6341 9364
8126 9197
7964 9035
8122 9187
6206 9314
6493 9473
7352 8412
7807 8731
6696 9806
7185 8293
6828 9947
6830 9942
6211 9409
7861 8759
7768 8923
6315 9251
6812 9749
7868 8751
6651 9583
6565 9521
7287 8416
6250 9462
8176 9070
6743 9975
6858 9834
6153 9384
6428 9663
6202 9372
7351 8216
6466 9723
8107 8978
6503 9693
6563 9497
6701 9965
7191 8406
6531 9559
6446 9722
6492 9605
8052 9130
7922 8748
6878 9788
6213 9379
8072 9058
7898 8753
6338 9260
7191 8418
6179 9428
6529 9592
6724 9914
7574 8552
8038 8807
7957 8721
7307 8578
6505 9317
7659 8443
8098 8880
6310 9651
7445 8194
7674 8423
7725 8973
6278 9645
7294 8533
7425 8234
8128 8940
7621 8424
8013 8826
6923 9779
6718 9989
8147 8850
7071 9948
6943 9818
7856 9208
7028 9788
7589 8430
7665 8383
7139 9907
7212 8574
6587 9448
7260 8456
7383 8577
6530 9432
7929 9127
8170 8844
8127 8920
7430 8302
7782 8970
7661 8349
7244 8503
6478 9266
7877 9028
7066 9759
7038 9977
6221 9669
7421 8567
6283 9473
7533 8419
8154 8778
8054 8943
6150 9628
8136 8809
6497 9411
6490 9464
7698 9136
8015 8941
6299 9528
7624 8301
8071 8737
6291 9525
6416 9407
7159 9816
7281 8640
6454 9348
7993 8842
6369 9558
7990 8842
7668 8264
7242 8695
7505 8341
8027 8862
6564 9324
8174 8765
6265 9646
7942 8925
7792 9135
7454 8385
7743 9182
6503 9349
7646 8253
6390 9491
6330 9554
7639 8252
7011 9873
7433 8432
7295 8581
7652 8223
7078 9818
6227 9647
6361 9511
7010 9569
6239 9819
8109 8619
7303 8845
6229 9823
7716 8232
7470 9020
6686 9229
6356 9927
7765 8268
7285 8809
6877 9469
7969 8451
6691 9220
6803 9396
6350 9956
7429 9006
6696 9221
7614 9107
7467 8986
7273 8792
7893 8416
7633 9188
7629 9205
7836 8357
6367 9955
7678 9153
7398 8870
7075 9701
6193 9847
7844 8428
7179 8770
6476 9991
7329 8938
7983 8548
6269 9765
7292 8741
7211 8818
6388 9902
6809 9413
6214 9764
6317 9929
6697 9295
6728 9249
7405 8839
7695 8291
6225 9789
7334 8906
7813 8426
7738 8265
7232 8761
6162 9832
8166 8601
7177 8822
6336 9796
6737 9431
7756 8394
7402 8813
6953 9634
6898 9337
7002 9687
6794 9242
7779 8435
6281 9754
7070 9485
6807 9218
6176 9912
6271 9951
6284 9773
7126 9587
6161 9911
7482 9106
7600 8991
6304 9751
7061 9515
7829 8276
6335 9852
7258 8862
7883 8205
8109 8551
7537 9121
7489 9104
6602 10000
7374 8724
7801 8357
6296 9799
6902 9239
8156 8510
6389 9745
6810 9342
6204 9944
6153 9952
7898 8240
6892 9219
6784 9329
6747 9384
7067 9582
8080 8553
6665 9481
8163 8417
8117 8371
8030 8280
6998 9297
7929 8690
6458 9777
7456 8747
6793 9607
8150 8390
7762 8512
7851 8633
7577 8845
6714 9518
8035 8309
7490 8788
6938 9216
7713 8506
7934 8677
7194 8965
8075 8359
6404 9779
8004 8192
7434 8780
7216 9080
6901 9662
6772 9528
6689 9580
7694 8513
8034 8242
6917 9300
6526 9769
6948 9336
8120 8422
7473 8784
6445 9806
7655 8835
7682 8550
7940 8296
6634 9861
7986 8285
6789 9718
6684 9576
7157 9345
7257 9005
7991 8257
6832 9522
6625 9829
7106 9287
8184 8318
6419 9883
7018 9443
6756 9710
7422 9075
7459 8878
6448 9918
7839 8465
6561 9774
6706 9634
8080 8195
7513 8909
7221 9123
7785 8691
6904 9574
7602 8729
6817 9482
7189 9146
7846 8469
6453 9857
7259 9199
6708 9601
6571 9758
7830 8494
6427 9890
7113 9330
7928 8515
7199 9123
7006 9441
7910 8537
6869 9493
8074 8266
6749 9630
7953 8411
7457 8940
8023 8325
8172 8255
7611 8814
6899 9490
7643 8762
7419 8986
7108 9248
6818 9542
7331 9029
6724 9644
7134 9271
7344 9049
8134 8236
7127 9276
7544 8840
7142 9233
