1000 999
93 94
977 978
226 230
720 724
250 254
952 956
475 478
800 805
643 651
320 328
240 248
628 637
357 367
19 24
695 697
435 444
35 51
165 180
386 407
586 604
550 561
673 694
875 883
193 217
487 511
493 500
483 505
481 506
678 698
869 891
288 318
525 530
45 50
193 225
4 36
721 755
85 119
325 355
144 183
391 416
659 699
285 308
657 698
20 59
400 416
710 758
92 111
400 424
261 316
598 623
7 59
534 552
837 890
427 491
304 368
29 92
438 503
540 605
434 496
769 835
306 369
423 482
33 103
662 721
810 877
826 882
142 198
941 999
409 467
528 604
299 356
925 978
793 854
667 715
901 980
280 330
412 463
802 881
909 985
41 125
317 360
17 68
811 892
256 346
692 750
414 453
896 987
15 110
676 711
137 238
55 80
516 622
134 237
434 478
512 621
273 382
522 613
163 211
262 375
566 580
654 763
948 963
293 348
6 127
649 755
782 885
42 86
408 484
23 107
808 853
156 225
789 872
309 331
167 217
956 962
655 752
819 844
790 919
846 972
852 976
48 181
573 699
75 194
806 938
304 444
825 950
338 450
854 966
123 239
522 671
34 180
109 251
47 181
27 135
70 216
280 390
91 196
306 429
335 495
803 897
835 992
871 962
539 701
791 959
74 226
776 928
6 174
800 905
827 913
43 128
549 648
51 157
316 403
326 502
613 725
582 758
378 459
274 419
259 433
347 494
874 988
770 949
122 194
83 235
90 224
629 718
802 921
868 984
594 751
275 430
518 696
535 681
577 767
65 128
52 240
56 253
601 668
568 765
367 425
53 242
55 255
774 975
72 129
545 746
332 384
40 229
5 200
328 389
538 727
544 751
376 439
35 242
769 979
355 432
784 963
296 508
272 452
879 953
58 236
838 912
8 209
607 645
363 433
533 713
262 474
264 489
593 688
297 458
556 714
599 703
830 983
831 981
85 191
265 485
119 155
343 443
11 230
4 233
526 736
98 140
315 468
24 247
121 137
282 489
260 503
788 993
99 149
377 399
371 388
810 989
838 957
260 507
176 432
25 281
696 954
175 429
643 902
1 263
564 819
738 1000
647 908
542 786
556 828
124 366
105 379
102 373
44 319
143 411
519 786
525 794
725 973
516 798
27 256
219 448
563 815
184 420
690 940
81 335
30 257
592 847
100 325
659 946
704 993
526 813
96 323
249 474
41 269
750 969
172 388
656 952
144 441
712 996
183 410
215 506
202 485
189 397
605 878
691 903
169 412
631 834
170 415
121 334
538 803
645 959
18 297
223 483
170 406
670 931
152 422
563 781
76 370
200 394
232 426
726 917
190 509
600 796
37 352
653 971
672 998
575 888
741 930
540 852
195 392
33 364
585 772
608 814
221 402
669 973
136 472
670 970
619 828
574 870
221 389
202 403
748 951
519 860
617 821
760 932
113 302
633 793
166 453
709 929
637 794
693 991
590 804
729 946
551 844
534 890
12 352
599 824
677 970
634 789
182 454
182 455
64 305
553 859
203 447
176 454
569 847
124 267
166 465
171 466
84 301
581 831
189 455
234 401
572 839
551 860
611 799
56 324
624 780
564 840
730 935
594 812
60 322
513 895
589 972
573 958
40 428
118 499
141 267
584 974
145 278
206 327
252 375
3 398
31 401
590 961
597 964
658 771
545 947
589 990
9 410
701 811
219 333
541 901
142 279
125 481
168 308
764 866
542 896
759 872
634 997
76 495
616 971
49 404
21 435
162 266
527 934
523 930
571 912
49 413
569 905
567 903
110 479
557 927
58 392
668 808
16 420
201 381
167 274
255 329
78 504
168 286
572 907
702 774
102 479
63 390
529 939
689 778
559 916
139 311
601 999
245 309
625 945
78 396
48 498
109 430
644 834
39 494
738 809
231 299
726 792
54 505
146 322
91 395
133 340
173 383
640 850
94 397
580 919
28 463
663 833
205 283
723 772
136 336
113 427
640 858
763 807
692 873
728 773
8 471
576 927
178 365
644 864
712 801
79 421
675 841
212 319
239 258
88 437
761 791
558 990
675 851
184 329
615 918
723 801
761 781
610 918
19 486
617 926
111 405
715 817
10 497
112 395
10 502
597 937
588 945
753 780
620 914
687 849
457 969
147 658
103 612
384 899
101 609
473 988
399 906
347 862
305 820
115 629
61 570
164 685
159 661
73 578
205 705
353 876
65 591
174 673
107 635
291 818
298 824
3 529
450 982
203 735
422 944
439 929
277 770
210 709
245 749
296 818
2 537
244 744
417 957
460 977
415 898
77 595
300 782
199 739
157 697
254 730
132 672
127 603
266 814
171 654
173 651
130 677
501 989
354 843
241 731
156 695
89 626
117 606
216 756
232 708
326 886
162 656
295 788
443 904
57 513
324 893
508 965
201 752
81 618
116 591
186 762
212 660
9 586
270 845
101 550
104 557
39 609
34 619
83 536
343 795
90 532
271 833
383 816
252 691
253 685
115 547
318 878
476 909
449 915
11 600
220 648
213 641
270 859
99 565
87 527
471 911
53 621
188 742
198 666
269 848
345 775
491 949
250 664
499 917
21 627
185 734
241 662
349 820
378 784
315 855
14 610
191 722
62 595
445 976
227 653
359 776
70 566
218 682
404 994
402 997
330 829
123 515
312 832
97 536
466 936
12 631
312 836
45 592
106 532
246 649
208 687
283 923
247 630
192 579
104 747
177 562
469 849
298 940
510 888
418 804
307 955
79 711
336 986
44 679
234 614
227 622
385 783
120 745
112 740
63 682
469 832
28 650
332 986
327 991
419 826
511 864
163 515
244 596
313 921
86 757
172 520
462 874
480 836
314 924
135 544
164 524
493 837
418 777
277 953
134 552
237 579
258 941
477 882
133 554
307 899
204 638
114 704
152 555
161 533
449 884
108 729
117 707
498 842
346 995
487 862
214 623
287 933
380 960
50 655
362 980
413 861
333 908
222 541
488 812
186 639
293 995
376 958
292 994
185 638
66 650
96 680
192 521
492 806
468 799
470 797
1 714
459 775
138 583
199 521
441 886
264 967
22 710
377 939
159 585
75 669
350 904
149 578
42 754
286 966
320 922
248 547
155 582
95 642
465 817
213 565
405 884
243 530
398 879
218 571
458 809
7 739
391 867
175 587
381 922
31 760
228 524
411 883
38 719
154 624
292 974
13 737
233 517
26 759
437 858
97 657
67 690
243 514
482 787
321 947
314 975
501 771
289 982
356 915
371 900
145 616
393 880
338 936
362 913
431 851
425 855
228 539
447 702
351 606
448 706
273 531
446 700
354 614
417 676
84 850
294 558
89 848
289 555
374 636
353 618
165 937
374 635
146 924
22 792
214 984
148 923
30 783
393 664
17 768
440 684
158 906
342 576
461 731
160 950
220 965
477 708
462 724
467 719
147 910
387 674
442 667
291 514
368 593
366 588
68 871
311 531
488 717
46 779
300 512
151 954
2 815
464 766
23 825
331 612
349 626
138 933
229 981
73 889
249 968
496 706
106 857
37 785
452 764
223 996
265 562
445 646
426 663
284 546
74 885
365 559
100 807
126 829
372 560
373 561
29 853
54 894
32 873
236 935
472 660
140 960
317 627
480 686
436 740
88 777
431 765
13 857
120 813
46 891
294 625
497 681
197 925
141 983
339 520
195 920
32 892
5 856
504 678
61 866
344 568
428 717
510 671
187 985
43 841
93 830
451 679
26 895
211 948
118 785
339 570
323 554
16 889
436 733
394 737
116 795
313 598
279 615
321 560
473 680
509 652
257 628
71 816
235 914
52 845
358 543
278 620
414 736
151 1000
108 787
190 961
158 798
47 943
310 693
87 979
15 907
451 583
285 665
62 955
284 666
310 689
341 722
340 732
341 733
36 942
268 647
18 926
363 743
379 756
275 642
204 856
382 746
80 964
177 805
114 998
492 633
361 766
208 840
143 790
370 747
303 694
231 893
251 865
507 608
456 596
446 546
131 797
442 548
334 720
69 987
342 713
303 688
337 753
38 902
197 869
421 517
57 920
406 567
14 943
150 823
20 951
148 823
360 716
206 875
210 887
71 992
470 639
98 968
276 703
224 846
302 641
345 745
139 827
380 716
348 749
187 778
132 822
178 768
131 821
222 870
207 887
25 931
460 630
357 734
246 843
207 880
196 773
64 897
161 867
361 683
486 549
290 742
476 537
169 876
129 839
287 727
301 741
438 636
475 528
261 718
359 683
66 911
364 674
457 518
105 934
272 735
464 543
500 548
408 587
490 574
396 602
179 868
290 762
350 646
386 603
209 779
82 910
130 863
95 898
259 732
407 584
387 611
268 748
263 743
372 661
409 632
215 822
188 863
288 707
351 700
154 894
461 553
282 767
276 754
440 607
271 744
150 881
369 665
424 577
358 652
126 916
69 942
281 757
72 932
77 928
484 523
238 796
67 944
153 877
344 686
456 575
82 938
153 865
385 632
179 842
60 967
490 535
337 684
423 602
160 861
122 900
295 728
