100 107
24 26
5 7
25 26
98 100
40 46
50 58
83 91
87 94
86 95
53 63
51 57
52 63
16 29
69 72
5 11
20 27
6 23
12 29
10 27
42 59
79 93
33 50
77 89
46 58
69 81
42 62
35 55
9 31
1 22
35 52
70 94
8 17
36 56
71 90
70 88
65 97
64 97
17 54
68 99
73 96
10 39
4 43
31 48
9 57
23 38
80 98
3 49
28 47
22 37
14 59
30 41
1 56
25 34
16 45
3 61
14 48
19 44
18 82
12 77
33 96
15 76
24 92
7 67
30 91
4 66
18 84
21 83
15 72
2 75
20 89
8 71
44 99
11 68
52 100
13 95
2 84
21 67
19 75
6 92
13 81
28 66
39 70
32 65
55 85
62 91
40 78
50 90
35 74
60 85
32 76
54 88
37 74
52 91
35 83
49 64
61 78
33 82
50 70
43 94
36 83
53 79
45 87
51 73
34 93
47 80
41 86
33 94
