10000 10001
4340 4342
3333 3335
3644 3646
2073 2074
24 27
2001 2004
1307 1310
6768 6773
3456 3462
5462 5470
5777 5785
4231 4238
8737 8744
369 379
786 792
805 815
5461 5471
9889 9900
8752 8765
2388 2394
5719 5721
2385 2398
724 731
3061 3066
8690 8701
2657 2673
6507 6523
1837 1852
5803 5818
6922 6936
7754 7768
8751 8764
8262 8277
2496 2516
1612 1625
1380 1393
2624 2645
1314 1335
7137 7159
6726 6736
7725 7739
6341 6355
4687 4696
4200 4223
6763 6780
7054 7065
7398 7422
7086 7095
2378 2384
8715 8721
3047 3068
2607 2612
3713 3741
7333 7353
9703 9723
8578 8606
9806 9810
6247 6266
42 52
1250 1277
82 114
4 37
9420 9453
4061 4095
6405 6438
517 545
854 882
5788 5816
5269 5297
6980 7009
6034 6071
9351 9378
7519 7542
7808 7850
8272 8314
3859 3896
3598 3621
2903 2939
4737 4781
345 373
2120 2148
3650 3695
4679 4713
3533 3555
2390 2425
5774 5793
5897 5926
1242 1258
68 119
2123 2168
7006 7021
8668 8687
9631 9644
5150 5165
9748 9760
1481 1532
72 125
9358 9403
8655 8698
5399 5410
2505 2559
9043 9061
7449 7471
5276 5290
324 380
3156 3181
1030 1082
2191 2227
2454 2474
3270 3322
9364 9384
1302 1323
921 935
5524 5546
1870 1905
1165 1202
6301 6306
3081 3145
6955 7019
3489 3552
4136 4201
3605 3668
8064 8129
6051 6114
5428 5494
4122 4185
2220 2280
25 93
9097 9165
687 746
9630 9691
4921 4990
5408 5479
683 739
6308 6381
4868 4942
6316 6374
1590 1661
2234 2289
1537 1613
7568 7644
7723 7782
9483 9541
6956 7010
1463 1528
4100 4171
958 1009
6914 6994
829 876
2333 2380
9758 9804
8606 8652
1185 1266
918 965
302 381
3895 3940
5251 5328
7614 7658
7695 7770
8091 8142
9756 9801
9877 9923
2485 2541
4613 4701
4749 4820
3507 3561
7317 7375
818 873
5030 5117
1293 1361
5308 5344
1291 1366
7425 7516
5291 5366
3007 3040
4154 4186
8726 8822
4536 4569
1167 1262
6161 6256
9494 9591
7202 7235
8472 8570
5288 5322
5809 5843
7204 7233
8216 8318
9374 9464
51 84
7600 7642
2566 2669
1411 1512
7431 7532
4374 4474
3584 3692
2824 2916
4658 4702
9117 9201
930 975
690 735
538 631
9642 9671
5790 5875
6053 6091
1973 2010
5 106
8379 8404
1280 1392
9473 9585
5913 5993
7851 7899
5171 5186
2871 2885
5944 5962
6685 6766
6812 6895
7194 7278
5647 5755
8471 8546
6178 6231
7320 7405
4756 4834
816 838
2306 2421
6444 6484
3852 3957
569 579
4864 4986
6044 6118
3990 4077
1576 1619
907 1008
1290 1393
7356 7367
7456 7515
5551 5588
9619 9711
2700 2801
920 998
3122 3148
5166 5200
7182 7280
802 861
4286 4289
309 330
2736 2767
1032 1160
4475 4603
5495 5623
4429 4556
3101 3228
5678 5807
6253 6383
6189 6319
346 473
6474 6601
7724 7848
2567 2690
2416 2550
810 940
2113 2247
3135 3257
5643 5772
4375 4510
7459 7594
2598 2732
2605 2727
6678 6813
2653 2769
4698 4822
6691 6831
7793 7935
5959 6089
7777 7918
4461 4605
6409 6552
5685 5796
8280 8393
9594 9707
7032 7145
2307 2448
1663 1772
3419 3528
34 177
290 438
4619 4767
6727 6866
1597 1707
9822 9928
3897 4014
1354 1501
9258 9405
4674 4826
5705 5841
7791 7927
9847 9967
5484 5621
6669 6807
9325 9463
2399 2500
5982 6085
2609 2733
3353 3460
9059 9214
6958 7091
877 1010
576 735
3407 3536
7549 7650
3088 3248
22 183
2633 2792
9752 9913
5743 5837
6743 6900
266 430
3118 3210
2931 3031
3924 4081
260 417
6776 6877
4122 4284
2832 2999
8295 8384
9540 9699
4669 4756
3622 3727
6259 6362
3647 3733
2621 2711
2908 3062
8218 8368
2583 2748
4217 4309
1132 1216
7963 8119
2147 2254
3865 4023
9804 9954
3653 3818
8800 8912
4393 4504
2933 3012
3960 4041
3357 3503
2594 2704
4398 4508
6734 6908
1588 1671
553 666
5940 6023
8509 8590
3663 3834
2587 2732
3371 3484
3166 3305
5440 5623
5966 6137
261 445
826 898
1060 1181
6473 6640
6662 6844
7466 7568
6945 7069
2337 2460
8499 8590
3907 4093
3692 3794
7698 7852
3358 3489
5485 5586
7219 7308
2128 2192
7940 8132
801 992
1903 1966
6698 6891
9521 9715
7038 7100
7783 7845
5402 5592
8269 8335
6420 6614
2080 2275
9255 9444
2686 2747
27 222
7443 7638
3702 3760
8201 8399
4404 4595
3160 3231
5409 5606
2060 2245
798 983
2165 2236
1813 2015
8548 8622
2134 2205
5226 5281
1341 1521
6988 7040
9492 9688
6012 6066
9292 9347
7181 7389
7197 7373
7976 8184
8968 9177
3435 3513
6970 7144
7007 7053
8561 8611
5655 5829
7246 7324
1564 1736
2687 2731
3442 3495
8778 8863
9312 9397
7788 7865
3954 4004
2676 2722
6424 6606
5487 5561
3925 3970
3079 3295
806 1022
3664 3721
619 689
7213 7414
9522 9705
6922 7126
2086 2299
892 929
4108 4305
5635 5854
7746 7839
5247 5282
7172 7385
7729 7919
1062 1273
6429 6594
6435 6652
7789 7858
8754 8914
6764 6796
6960 7121
9733 9956
8505 8664
6464 6561
3125 3287
6207 6364
9485 9710
2320 2548
3198 3227
7550 7579
7741 7896
3615 3832
1100 1195
8806 8833
6947 7114
3332 3566
8823 8861
3454 3477
9553 9661
1603 1710
7469 7616
1295 1504
8008 8103
8995 9164
9480 9703
4178 4258
8527 8639
6669 6908
5472 5522
1558 1765
9743 9980
4131 4310
6999 7074
75 179
6726 6846
8802 8859
7435 7665
1360 1451
286 485
8536 8611
4150 4298
1129 1173
6468 6584
4622 4851
2389 2475
7014 7064
1806 2033
8816 8847
7547 7556
1043 1299
664 922
5861 6119
9438 9692
5169 5427
4176 4435
8734 8989
4301 4553
8829 9081
5209 5468
8321 8580
9399 9649
9263 9513
1275 1532
4620 4875
1204 1469
7718 7983
4712 4962
2124 2374
5776 6042
1645 1894
8791 9052
6833 7098
221 465
2625 2893
9366 9626
9437 9681
7302 7562
3714 3983
8222 8464
8346 8596
1029 1290
7793 8062
3629 3903
4313 4554
6799 7068
3311 3578
710 979
7744 8021
2618 2860
254 489
3750 4017
1579 1852
8934 9201
5839 6103
7821 8085
8417 8697
8936 9200
5195 5458
8923 9153
9394 9641
8759 9004
1097 1365
1160 1428
5240 5476
715 982
9272 9509
6730 6997
181 405
2050 2338
7397 7621
4654 4879
7176 7465
6687 6974
6697 6923
9428 9718
7418 7640
3641 3866
8222 8509
5707 5992
7320 7611
2682 2909
8212 8499
5733 5954
721 1017
565 797
6762 6978
8785 9081
2159 2373
9316 9550
4668 4887
731 1008
8309 8542
1266 1502
3832 4053
124 337
4224 4526
7689 7975
6903 7128
1033 1336
2768 3042
3275 3577
7770 8040
4614 4917
7870 8077
243 455
1580 1816
7384 7660
8774 9074
727 994
1049 1324
4621 4923
3309 3546
5133 5434
1177 1441
8373 8589
6279 6591
3124 3341
5264 5545
7327 7588
7807 8004
7200 7452
7859 8079
9786 9991
3119 3345
2737 2959
7258 7524
8819 9037
3593 3894
1741 1932
5778 6099
1193 1515
5683 6001
5727 5916
6328 6651
5756 5951
6757 6945
8873 9197
516 833
5333 5520
7791 7977
3095 3408
3171 3371
1710 2022
1704 2017
7191 7518
3670 3869
5161 5477
1214 1523
6847 7154
1557 1883
9356 9666
9216 9550
6827 7141
2135 2328
7719 8055
8344 8649
6677 6983
2243 2448
4250 4553
3137 3346
7413 7590
9308 9482
7202 7541
4337 4521
7309 7636
2586 2880
9369 9667
5770 6097
73 277
3686 3898
4202 4407
1674 2007
4103 4442
36 378
3247 3569
5358 5552
7400 7606
4183 4360
655 976
8773 8986
2150 2310
4657 4944
8300 8461
6190 6479
586 808
2721 3011
8292 8454
1270 1429
4326 4485
711 931
3259 3549
5288 5582
7908 8066
2633 2848
1580 1861
6181 6479
4226 4585
2174 2325
4153 4434
8442 8598
6390 6554
1688 2037
236 385
8422 8587
44 348
1791 1935
3710 3855
2279 2454
3174 3351
8867 9170
8336 8674
2788 2967
5766 6133
8821 8966
7344 7620
5340 5544
102 275
6694 6995
9335 9474
2586 2924
3117 3419
6863 7095
5234 5384
1031 1404
8770 9017
5781 6126
3157 3368
6724 6969
5644 6001
4110 4464
3603 3949
6670 7024
1 382
4810 4938
2784 2912
8869 8997
5844 5972
8945 9073
7922 8051
5782 5911
1212 1342
527 909
169 299
8209 8595
4193 4578
7713 8098
8814 9197
8286 8669
1744 1877
8887 9010
5799 5922
6279 6401
6694 7073
2592 2984
2781 2901
6365 6485
1727 1846
29 404
7312 7449
2593 2987
4300 4422
6818 6952
2746 2865
7738 8113
9284 9672
1730 1871
2696 2821
2713 2836
7194 7575
9275 9654
6661 7051
6795 6916
9317 9706
5201 5598
6734 7135
171 313
7879 8021
7856 7970
3211 3352
4855 4964
4626 4993
1733 1878
2795 2936
7895 8004
2718 2826
122 494
5307 5423
1086 1451
698 815
2662 3056
177 295
5199 5593
3662 4057
2270 2377
1778 1893
2095 2487
5203 5579
4746 4880
3822 3957
6195 6575
154 263
6225 6604
1171 1293
6325 6443
7383 7497
8220 8578
547 956
7683 8092
1624 2040
128 288
3697 4048
3188 3541
2193 2352
5348 5445
3205 3367
607 1021
2 416
1554 1968
4161 4579
6765 7118
9217 9634
9252 9607
3748 3840
4330 4430
2745 2845
1600 2021
3242 3340
1077 1426
7246 7657
8391 8544
3813 3917
5784 5936
8797 9205
1631 2038
2682 3024
3804 3959
8389 8558
73 485
1144 1493
57 404
6159 6562
664 822
4159 4495
6331 6411
3680 4049
5834 6011
8818 9155
8707 9138
3318 3396
3691 4056
5677 6046
6215 6644
77 505
2570 3006
45 409
1197 1304
5373 5451
7301 7475
5272 5422
8864 8985
2769 2922
8345 8486
7800 8120
6197 6645
1214 1407
3655 3974
8778 9096
3812 3879
6258 6577
8809 9130
8210 8657
8791 9108
3254 3442
2104 2556
46 490
2277 2337
7888 7956
9341 9657
5654 6099
8425 8492
3704 4030
9244 9690
2720 2921
101 430
3811 3880
1124 1455
675 872
4108 4551
2293 2361
1115 1431
2636 2945
3739 3926
8316 8625
8258 8591
9363 9566
4838 4904
5680 6143
3241 3449
4220 4524
250 296
4278 4452
539 969
2107 2536
9334 9637
1211 1391
1098 1438
3776 3860
3720 3933
736 821
594 900
9412 9490
36 508
64 408
5716 6028
4344 4385
5218 5563
59 481
7905 7995
3122 3566
6793 6997
7814 8026
3636 4073
155 326
6181 6648
2141 2435
1126 1464
149 330
2638 2961
660 843
6667 7124
1633 1921
238 270
4130 4546
222 319
549 964
4818 4915
3107 3521
7752 8106
6865 6963
1663 1948
5361 5397
3276 3369
7228 7643
6256 6551
7300 7523
3172 3468
4236 4452
9392 9561
1043 1529
5814 5980
2158 2434
2695 2923
2810 2838
3279 3363
6715 7127
2140 2482
4159 4561
7834 8052
2224 2368
7399 7447
5216 5520
9470 9487
2056 2554
3599 4092
2229 2374
7876 7991
8832 9076
1225 1343
6344 6462
6782 7049
5863 5904
9327 9624
1641 1937
5176 5568
7410 7434
7864 8000
3114 3536
6672 7146
5122 5624
4308 4399
3631 4052
7818 8049
1617 1965
5302 5450
5823 5955
1112 1445
5751 6026
3712 3966
2639 2993
4115 4588
8407 8919
4439 4950
6460 6973
1232 1746
2070 2580
8372 8886
9286 9796
3386 3897
3149 3662
3375 3883
6617 7133
5127 5634
7336 7853
7175 7681
7399 7905
3556 4067
5433 5937
8311 8831
2294 2815
3105 3627
4246 4762
6504 7012
8507 9015
4353 4876
9309 9811
4421 4938
6425 6934
6199 6712
3557 4085
7358 7854
8434 8930
1433 1928
392 921
270 799
1244 1742
1337 1835
9317 9847
6515 7008
6154 6681
2423 2915
3404 3928
3164 3659
7310 7830
1478 2012
1421 1943
7233 7771
8436 8942
2462 2949
1363 1871
181 680
1476 2009
2437 2968
5280 5821
8614 9147
7554 8095
6447 6961
2474 2997
467 972
2185 2729
2116 2661
6451 6928
8227 8704
3527 4066
1108 1649
8622 9099
5497 5983
2331 2876
5610 6093
3509 3997
6553 7088
5239 5725
5457 6011
3424 3915
2144 2635
103 588
47 515
4469 4953
5409 5901
4179 4733
7505 8063
293 778
350 881
7220 7684
7625 8185
7659 8155
4271 4766
3549 4076
498 960
7661 8159
2476 2975
8204 8767
8667 9199
7211 7710
1356 1914
7371 7933
1325 1818
3418 3938
5211 5731
306 779
3382 3855
1321 1808
8420 8925
9427 9961
2440 2995
5313 5882
6363 6880
424 917
255 705
6555 7077
8389 8955
3083 3636
1083 1540
8462 9009
1436 2012
3098 3674
7545 7993
7608 8185
4412 4990
1440 2018
8339 8913
2507 2952
1381 1825
8458 9038
4099 4678
34 615
1310 1880
6385 6839
5395 5973
4352 4935
8506 9085
4144 4728
9422 9862
2089 2656
7485 8052
7531 7969
6323 6904
2231 2811
2436 3016
5260 5824
233 678
1439 1999
8592 9152
9305 9737
5606 6071
7248 7682
7484 8047
7671 8100
5518 6109
4216 4652
291 887
4189 4616
4314 4751
8329 8924
5430 5984
5169 5735
6499 6964
7583 8136
9239 9792
2214 2814
5187 5659
1047 1614
4341 4780
5500 5925
98 568
2166 2604
6556 7110
4245 4814
3390 3941
2440 3027
393 978
5235 5672
9343 9764
6431 6979
9325 9776
9226 9815
1076 1642
8504 9063
2111 2655
4239 4847
4447 4925
5591 6069
8233 8779
333 814
1112 1595
2382 2861
363 776
4261 4801
7274 7694
7609 8157
9452 9864
3388 3929
6329 6876
6306 6852
198 673
9302 9777
8448 9063
3244 3780
2476 3013
8452 9069
92 566
5179 5713
5401 6003
1080 1620
9314 9742
217 692
3393 3884
7357 7888
8429 8832
6629 7051
8700 9107
1114 1578
7506 7970
9288 9784
232 665
6599 7094
6461 6988
347 809
3199 3596
477 942
9278 9805
2097 2629
6172 6760
51 582
1107 1574
3277 3768
9274 9807
6180 6737
1120 1558
2524 2986
309 835
7409 7815
8270 8760
2381 2874
8589 9210
5203 5668
6419 7019
5608 6032
5460 5932
3251 3786
4244 4845
8340 8941
8702 9092
470 941
3407 3892
2196 2792
4603 4999
7262 7714
1143 1546
7444 8042
8323 8957
9455 9872
7195 7835
4156 4798
5282 5664
2419 3056
6377 6762
364 1000
7420 7800
9240 9884
60 697
3147 3789
6644 7026
5516 5898
6144 6790
7476 8115
7245 7877
3451 4082
1465 1840
4557 4935
4165 4815
7607 7997
8291 8937
5219 5864
2084 2728
7239 7883
8219 8855
4260 4649
2301 2672
8498 9149
9234 9885
2522 2890
2431 3055
20 645
8202 8859
4213 4839
3155 3777
1423 1820
4348 4719
2445 2846
1480 1884
3256 3629
2052 2706
6211 6869
6422 7040
5196 5850
3348 3971
464 840
4329 4721
2228 2604
156 516
5332 5708
6572 6966
8390 8796
1390 2034
6455 7083
3106 3775
115 750
3285 3656
377 999
7440 8078
6628 7034
3576 3943
5553 5905
7303 7719
6241 6848
331 1001
2269 2687
9339 9945
9296 9970
1119 1787
5405 6073
132 545
6214 6883
2188 2602
1102 1766
8309 8925
7183 7846
8526 9188
8521 9186
8540 9200
1 684
8212 8889
7349 7707
9459 9821
6503 7112
9379 9740
3395 4083
5345 5713
6233 6889
5196 5885
186 520
4233 4667
4402 4998
144 549
7525 8146
4351 4678
9255 9886
8317 8900
2215 2589
2552 2882
4229 4671
5453 6135
1025 1725
6281 6709
8576 9020
8515 9215
2072 2725
8355 8734
1246 1632
4494 4912
8681 9047
1235 1644
5390 6065
5540 5915
5414 6041
9295 9871
4188 4765
1131 1706
8604 9053
5624 5945
1322 2024
8341 8785
9323 9902
6382 6699
1511 1825
7214 7912
1389 1962
8513 9094
48 760
1031 1743
3538 3866
96 680
1291 1986
5129 5824
4534 4988
4268 4710
7670 7996
9470 9780
4152 4851
7294 7861
7511 8092
1055 1747
5511 5963
5426 6143
8257 8844
1041 1729
3219 3651
2248 2584
8302 8894
6433 7153
1514 1851
15 734
5245 5804
9435 9738
3479 3909
4602 4904
5304 5738
2271 2572
9243 9935
4140 4857
7651 7990
390 848
4112 4807
1174 1601
6573 7034
4164 4764
6501 7101
6536 6992
8428 8756
4204 4789
186 611
3177 3763
1435 1856
4280 4708
1444 1912
5619 5933
94 702
6586 7002
6176 6848
6571 6986
2459 2937
8458 9192
3133 3802
8522 9133
7533 8074
8421 8717
5498 6035
1165 1639
8294 8842
7175 7914
5241 5783
9360 9854
2406 2953
5374 5649
7272 7832
4173 4796
124 653
5227 5786
5172 5830
5508 6006
235 542
8282 8879
7402 7708
9309 9899
7336 7774
491 787
112 649
355 922
7536 8073
5391 6134
1235 1577
19 745
5355 5649
5295 5717
7482 8128
7297 7805
70 699
4482 4991
5480 6037
5207 5801
2295 2568
1092 1723
1161 1654
5403 6116
7662 7953
4494 4750
3164 3933
2547 2802
8485 8740
7538 7795
511 765
4112 4882
236 1007
6296 7069
427 685
3329 3591
4481 4742
4403 4660
5127 5888
8406 9169
1257 2017
6477 6725
9700 9965
1377 1643
3146 3904
4448 4714
8405 9183
427 679
8387 9167
6448 6717
1457 1727
9219 9997
1299 1539
6470 6742
402 643
7437 7711
4521 4794
6547 6784
3315 4071
5389 5657
505 748
3345 3588
7489 7764
5383 5650
4523 4797
420 690
3169 3958
5246 5993
6297 7054
6206 6950
2401 2680
5562 5795
3295 4037
3394 3672
1280 1563
2132 2888
3383 3627
1085 1827
3093 3851
5287 6021
9478 9764
3101 3902
131 928
8307 9040
2383 2667
3223 4019
2155 2895
7390 8186
300 523
252 987
8553 8782
6188 6916
1404 1621
5492 5725
4526 4740
1045 1854
6538 6817
6500 6735
1430 1722
8383 9107
5289 6021
1395 1630
5506 5807
7261 8048
2355 2563
7232 8048
5268 6052
7483 7691
1275 1994
8526 8831
7230 7951
3216 4002
6461 6671
5315 6129
1200 1923
3317 4038
9618 9889
6602 6905
4149 4865
2156 2906
8322 9140
2314 2610
7209 7953
4399 4630
180 910
1040 1834
201 1010
272 555
2128 2923
5497 5698
5330 6121
8270 9077
4143 4883
203 1015
6159 6963
3497 3732
7669 7880
6154 6967
257 575
4199 4903
6213 6917
4501 4823
3133 3967
6278 7108
5610 5800
9679 9869
5291 6121
6513 6706
2353 2677
2451 2775
2258 2966
8336 9172
7210 8046
392 717
8257 8964
8584 8909
5162 5999
3291 3997
1027 1861
4549 4739
6580 6898
5272 6110
8614 8928
141 970
6535 6863
8224 9064
1400 1585
5139 5978
6405 6732
2527 2709
5215 5909
3583 3764
6394 7089
9565 9750
8237 9062
273 605
5211 5911
3321 4020
4293 5000
3238 4072
339 541
4576 4782
8254 9072
3339 3652
4366 4702
6400 6736
3568 3745
7307 8153
3413 3590
7615 7916
4490 4830
1151 1835
8626 8934
5605 5809
7606 7906
5210 5903
7455 7753
2237 3050
2067 2884
3564 3764
425 753
2057 2897
7226 8034
5240 5921
8656 8841
5525 5836
5156 6014
1403 1568
333 534
5155 6015
2471 2759
3486 3838
5611 5771
5557 5845
3350 3703
9597 9759
9582 9741
500 656
62 859
7516 7737
5529 5884
352 518
5483 5634
2305 2667
4127 4981
5404 5750
5395 5753
6217 6947
3312 3995
310 602
7180 8032
8678 8842
7300 8168
2319 2658
7196 8049
6193 7004
9722 9879
2449 2815
9315 9996
9614 9982
7474 7746
4522 4827
7250 7971
1362 1568
4505 4843
4360 4731
8582 8949
3218 4070
3204 4081
4516 4817
1449 1756
7464 7775
5565 5834
8273 9001
2096 2889
3351 3693
6409 6771
8480 8794
3318 3978
6252 6928
5166 5970
5294 6098
272 621
4146 4940
8232 9046
1038 1934
6491 6875
5306 5947
8573 8959
58 953
3373 3758
6412 6799
6276 6919
2420 2800
1210 1854
316 697
3234 3876
208 854
9539 9925
4401 4790
6282 6925
7597 7717
2160 3065
4353 4744
1044 1949
8299 9184
1359 1731
1410 1550
8481 8877
1458 1599
1089 1996
5245 6128
6251 7142
8608 8749
9719 9850
2388 2778
1201 1855
5622 5752
2225 2878
4262 4905
6239 7120
1338 1706
6210 7122
5299 5923
8361 9016
8688 8801
7436 7837
2201 2827
3153 4035
1036 1950
3577 3693
2156 3065
8271 9178
1152 1815
6321 6950
7169 8086
2248 2896
2346 2739
2466 2616
5384 5778
7326 7940
1472 1627
246 874
5609 5749
8514 8926
7383 8010
2344 2742
2317 2707
2396 2754
9634 9788
2093 2994
8214 9097
5285 5946
9581 9933
6220 7148
7583 7743
1067 1929
8566 8916
2343 2691
1501 1656
3 933
6237 7162
7198 8121
2494 2582
7426 7850
5214 6134
5180 6037
2176 2858
6418 6840
1163 1831
3571 3679
418 525
1099 2043
1326 1694
2131 3043
9717 9797
1331 1666
5591 5734
6226 7136
9507 9873
5269 5927
1076 1927
5278 5933
6262 7107
263 689
3411 3812
2071 2976
1199 1816
5589 5741
2164 3021
3127 3982
8633 8704
463 629
203 881
480 603
1454 1557
7363 8056
384 572
5631 5699
8629 8713
16 941
2121 3060
5271 5930
9688 9829
7350 7947
1494 1640
7215 8081
1268 1867
5236 6091
7406 7982
5162 6122
3083 4042
3381 3828
6529 6720
5432 5881
5343 5918
4367 4813
7555 7745
224 803
8591 8780
3186 4022
28 984
4559 4619
8583 8771
7510 7826
4347 4925
132 834
335 648
211 795
245 828
4228 4942
7268 8111
5406 5845
2152 2980
5188 6024
2456 2645
1170 1887
5571 5646
7667 7742
3581 3635
7308 8002
7421 7987
6151 7113
8333 9027
443 628
1170 1858
7565 7773
7410 7971
8343 9030
4414 4844
3332 3798
6455 6885
1156 1879
5246 6061
6468 6807
2473 2685
7623 7699
9472 9940
9508 9968
4599 4641
251 813
5448 5790
4225 4950
2359 2799
5544 5744
5531 5699
296 753
9473 9944
6632 6705
8247 9196
294 762
6426 6854
3250 3951
2512 2573
2089 3063
71 935
2245 2853
2488 2648
8703 8735
7184 8176
260 741
4575 4669
386 614
3427 3719
3507 3671
8489 8908
1224 1838
1424 1654
6464 6822
7477 7891
8275 9141
4257 4934
3354 3837
3265 3878
8305 9110
9562 9907
3478 3709
4273 4954
4571 4663
42 966
9534 9938
9668 9768
2336 2765
3521 3630
6219 7076
2075 3051
4347 4874
5398 5863
7518 7855
9633 9808
3565 3615
2310 2804
1287 1780
4249 4970
1274 1801
447 588
6376 6939
7244 8127
9530 9929
8391 9012
5142 6114
4419 4790
1132 1945
5220 6033
9501 9960
5146 6127
3400 3775
301 730
3512 3648
1224 1841
6412 6901
3151 4021
4302 4916
1297 1771
252 774
5120 6138
5146 6112
1133 1942
1285 1790
8577 8826
2192 2924
9558 9898
7358 8003
4592 4623
2427 2692
7234 8125
8798 9822
6651 7675
6597 7623
8554 9576
8403 9425
5041 6066
7126 8149
2734 3754
6350 7370
6497 7525
6994 8022
2623 3642
897 1924
2944 3974
6457 7487
8843 9868
8944 9975
2562 3594
6837 7869
560 1593
2983 4013
2918 3946
2345 3365
808 1828
906 1924
2160 3199
8835 9868
395 1435
2705 3713
2731 3771
6395 7403
6809 7816
8828 9838
279 1284
6673 7682
5058 6097
2934 3939
519 1552
6300 7307
6676 7683
2867 3882
8340 9357
6725 7775
2307 3352
3033 4037
2839 3851
8883 9903
8662 9675
767 1761
2913 3967
8251 9253
8556 9586
7137 8190
3042 4034
8308 9300
7102 8094
8381 9373
6327 7318
2530 3520
8407 9461
232 1227
148 1200
780 1832
7149 8137
6359 7411
241 1236
5104 6101
7115 8174
2088 3086
377 1374
3037 4090
6633 7617
2750 3732
238 1220
2520 3570
8225 9227
8508 9494
325 1385
2130 3198
2750 3731
267 1317
8625 9631
7048 8102
8922 9962
8289 9297
7080 8088
8306 9283
448 1522
592 1634
6658 7728
8711 9780
2088 3100
459 1535
8414 9450
2552 3533
7039 8010
8364 9369
163 1173
6564 7570
2167 3150
8370 9355
6996 8045
7070 8103
8581 9663
6282 7345
6149 7225
6883 7902
158 1184
8203 9269
311 1288
2512 3567
6182 7270
8264 9224
2718 3807
2405 3364
8794 9755
2106 3193
976 1939
273 1365
351 1306
6815 7898
8899 9862
6276 7361
2078 3160
6227 7188
3069 4021
3064 4018
189 1271
937 2019
376 1331
2446 3522
8710 9803
2775 3737
2785 3759
6659 7756
6150 7241
532 1604
2058 3162
6492 7437
6654 7596
8647 9620
152 1228
65 1044
7106 8087
8327 9426
6744 7693
2834 3908
8679 9649
8659 9605
2506 3485
2118 3089
308 1379
492 1460
803 1915
868 1853
53 1135
6367 7298
8350 9408
8348 9410
6808 7879
6873 7814
7143 8071
2059 3178
460 1453
6605 7596
8637 9692
2184 3307
2365 3417
566 1618
405 1520
394 1516
5033 6095
6266 7187
6892 7813
8676 9613
6261 7198
6406 7530
8264 9253
8281 9271
2110 3153
2941 3858
6639 7552
2705 3809
997 1941
2944 4080
6991 7999
2536 3481
2297 3208
7104 8114
408 1516
5012 6112
6958 8026
2671 3610
8394 9404
8478 9577
2776 3744
8418 9370
757 1676
6459 7490
8800 9753
191 1221
6866 7848
744 1683
8677 9630
2265 3236
6322 7375
8618 9684
8480 9567
8501 9546
6472 7479
7007 8159
2271 3166
748 1646
705 1602
8426 9321
5056 5955
6857 7754
3050 3948
8940 9834
340 1491
6968 8127
2149 3309
6187 7331
2560 3721
8547 9704
78 1218
2898 4062
6147 7311
9091 9999
2427 3573
8470 9624
8362 9252
8737 9902
8269 9410
956 1836
8303 9471
2785 3696
783 1950
826 1963
6959 8126
6305 7219
2137 3274
554 1726
276 1408
6683 7823
2274 3191
8455 9618
5028 5938
2656 3831
8824 9952
6758 7934
2713 3584
6309 7228
8751 9910
3022 3924
2545 3434
8573 9702
8285 9414
8325 9246
2928 4076
2955 3863
2714 3591
227 1091
6156 7340
8428 9293
3018 3944
6871 7797
8530 9712
8363 9225
775 1956
8600 9532
223 1146
860 2041
2588 3769
6490 7677
305 1433
8845 9765
8328 9248
312 1425
6915 8106
8812 9926
8268 9446
8584 9506
2139 3312
2757 3694
6254 7365
6706 7838
947 1822
501 1371
2642 3836
3070 3920
2426 3540
7066 7988
2479 3328
2693 3626
3066 3914
8358 9238
583 1782
687 1566
8411 9322
8783 9981
8364 9247
2124 3320
518 1714
7064 7981
2237 3082
6346 7293
2217 3089
659 1579
2116 3326
5007 5941
8722 9897
8228 9375
2772 3688
432 1292
541 1696
503 1352
7028 8139
6723 7932
8952 9799
8718 9934
358 1447
2531 3362
2841 4059
2366 3580
980 1814
789 2006
6912 8131
5112 5948
2064 3285
824 2045
6291 7254
342 1425
428 1387
8720 9943
244 1084
7082 8035
8198 9423
537 1747
2373 3471
6188 7398
2710 3677
6164 7391
950 1914
6656 7884
163 1134
6687 7890
6570 7527
8415 9233
7123 7965
396 1347
2974 3918
8495 9727
8894 9839
7152 7969
8820 9894
8773 9879
2715 3656
6534 7509
2289 3109
178 1126
2422 3490
6702 7930
2171 3246
6168 7374
6403 7637
434 1381
497 1318
587 1692
2424 3488
423 1407
8749 9973
2564 3805
6711 7918
6440 7666
5074 5897
2350 3570
2326 3530
8777 9877
301 1523
2639 3729
462 1296
9181 9987
2196 3188
8262 9382
2757 3620
338 1456
2438 3429
2410 3470
6560 7493
9 1263
964 1826
446 1368
8405 9267
340 1459
8658 9525
2341 3534
8815 9860
8683 9479
6238 7346
2616 3797
972 1826
2544 3359
139 1147
109 1181
934 1878
8549 9621
6432 7632
8598 9572
5065 5947
6210 7345
2948 3952
8665 9517
2103 3266
8823 9858
6360 7215
8531 9636
8939 9745
2250 3121
2647 3756
939 1879
17 1261
6935 8171
6854 7738
8923 9767
575 1730
494 1296
2204 3170
2246 3129
6562 7330
2068 3349
2457 3224
6383 7661
2217 3498
6250 7529
3025 3797
2725 4001
6759 8034
6613 7379
6173 7451
612 1891
47 1320
2962 3738
6667 7939
6285 7557
2187 3457
691 1977
939 1696
2173 3441
609 1900
6657 7948
6280 7557
6357 7642
218 1482
2969 3720
8301 9596
8248 9513
8641 9424
2872 3626
2889 3676
6453 7203
248 1519
8521 9310
8978 9739
9075 9833
7078 7868
8279 9548
8612 9407
8360 9651
679 1979
2198 3466
2122 3415
2463 3201
6213 7515
999 1784
234 1525
6327 7592
2346 3082
9041 9841
8505 9241
598 1911
2069 3383
3044 3782
6492 7295
469 1265
8639 9370
6469 7267
890 1629
8228 9475
2296 3537
8318 9559
6473 7267
107 1344
2764 4071
6825 8066
737 1997
6775 8027
2681 3927
8477 9266
548 1812
6171 7466
6640 7363
7008 7764
2856 3613
711 2047
6846 8070
9025 9849
9196 9941
5070 5879
8688 9417
199 1533
300 1047
2812 4032
2191 3505
661 1963
6546 7340
2876 3587
6843 8068
184 1528
8649 9353
6620 7325
8276 9493
669 2015
2467 3296
9013 9846
8 1356
2711 4050
8443 9662
8313 9535
3000 3839
2770 3989
776 1615
8310 9521
6346 7565
7006 7703
6740 7966
1018 1713
7011 7725
8629 9467
354 1069
2691 4051
600 1801
8550 9268
558 1917
752 1955
374 1058
5020 5833
1002 1724
2183 3537
6583 7393
2538 3261
2241 3481
2995 3819
2748 4068
2551 3244
6960 7787
8402 9609
7086 7922
358 1083
2782 3968
1003 1717
589 1811
8981 9845
2714 4091
9018 9819
772 1638
8192 9570
2372 3111
9022 9821
6668 8040
7057 7925
6857 8108
2640 3894
6970 7772
6364 7610
6226 7476
2061 3434
6287 7656
8699 9372
8272 9527
2870 3678
215 1470
2577 3963
604 1847
916 1786
8337 9727
6750 7984
6543 7393
6480 7230
925 1778
8991 9840
8395 9636
8565 9221
6795 8187
6772 7941
9214 9871
6973 7759
7153 7811
7152 7811
8276 9504
786 1636
2951 3825
966 1712
3023 3769
6242 7444
9023 9801
6576 7367
140 1524
890 1538
2831 3701
3032 3746
590 1844
7057 7915
2985 3794
8999 9820
8354 9695
6965 7755
2569 3958
6484 7382
6543 7179
157 1304
2309 3200
6753 8164
626 2036
154 1308
6268 7674
9132 9771
6482 7381
5031 5679
2981 3628
2108 3509
6588 7221
7067 7698
2674 4088
8397 9542
2370 3278
2855 3753
5020 5650
425 1062
8291 9715
8356 9524
2434 3091
420 1077
2881 3792
5066 5723
7066 7691
8374 9508
2190 3354
2213 3377
2102 3490
9145 9773
6180 7600
9044 9920
551 1970
7074 7735
5096 5757
8314 9708
2708 3843
6898 8037
6779 8172
8197 9629
6338 7514
3038 3655
884 1775
1012 1647
597 1998
8490 9393
534 1930
2741 3881
3015 3675
8997 9913
2522 3143
484 1145
8496 9389
9127 9786
111 1521
7164 7778
9013 9899
688 1839
6407 7335
6146 7585
5082 5753
2892 3816
2461 3129
2686 4059
406 1075
6 1440
2460 3130
506 1117
520 1967
9028 9955
2361 3217
790 1726
2351 3206
7028 7901
943 1541
876 1734
8438 9564
7030 7901
8408 9587
8356 9480
6933 7864
100 1482
834 1772
6613 7291
2363 3209
2194 3360
357 1239
2263 3428
2380 3327
353 1237
827 1679
8289 9685
6766 8152
832 1783
764 1860
303 1175
8403 9579
3049 3667
6556 7206
8604 9254
6304 7450
2394 3297
2486 3085
7090 7694
6531 7231
2672 4045
5010 5676
2272 3423
9133 9746
9144 9735
6145 7614
6430 7329
9024 9856
727 1814
6545 7248
2612 4086
812 1775
8964 9927
8617 9322
244 1328
228 1313
8261 9600
2052 3522
2203 3421
29 1498
6789 8002
218 1298
6772 8124
7005 7829
2082 3563
2865 3835
8653 9223
8310 9661
8535 9371
8494 9440
3034 3605
8981 9946
6814 8017
742 1846
329 1177
2487 3173
8470 9413
2910 3722
8624 9318
2465 3190
6250 7613
53 1517
926 1606
2565 4060
6972 7909
553 2035
6511 7349
60 1511
7150 7733
8517 9368
3063 3624
3001 3686
7085 7794
5067 5652
2726 3910
2939 3737
2730 3912
2773 3889
8455 9443
2048 3557
544 1989
7000 7869
3027 3637
2546 3092
2702 3945
853 1714
5050 5714
1018 1555
2077 3572
7062 7807
9179 9778
9062 9869
6615 7227
8343 9595
2903 3770
9104 9853
6463 7378
2356 3290
2942 3728
8534 9400
6965 7899
6885 7946
2058 3578
994 1554
2548 3076
6666 8184
6216 7610
6690 8144
2199 3427
8998 9938
6819 8023
663 1890
8245 9664
6896 7941
6262 7555
9015 9922
2644 4002
258 1268
156 1386
5072 5670
90 1442
6805 8044
655 1909
8528 9386
2654 4005
2684 3975
8582 9341
785 1773
233 1301
8237 9681
7116 7729
2666 3988
8524 9394
8970 9972
707 1219
502 2038
2884 3396
6742 7254
2697 3208
985 1499
7020 7534
2849 3362
431 1964
10 1550
5054 5562
6480 8020
7032 7548
2209 3751
590 1096
8261 9795
6373 7907
2967 3472
8431 9960
531 1051
8827 9331
2678 3196
644 1166
855 1373
9068 9574
2072 3603
2894 3395
187 1718
8253 9779
6349 7875
113 1662
8991 9488
205 1757
7166 7663
8747 9273
271 1820
8472 9996
7107 7639
2990 3515
6838 7331
6245 7792
6448 7974
8211 9733
8945 9447
6903 7407
6317 7863
6312 7858
9111 9611
5077 5577
2370 3935
784 1294
2606 3120
7097 7591
2505 4054
62 1566
2076 3645
937 1416
2641 3187
787 1329
644 1191
2223 3724
351 1916
8820 9303
2883 3430
2065 3638
8193 9766
8761 9233
2228 3741
962 1512
851 1401
894 1364
3007 3476
6662 7213
2162 3679
8839 9386
757 1243
984 1526
6875 7412
7014 7511
6434 7958
802 1300
6783 7240
9042 9578
8961 9529
906 1459
30 1575
397 1975
2378 3952
312 1794
6559 8101
6384 7882
7160 7619
2186 3766
8410 9958
2215 3738
665 1188
366 1875
8862 9376
231 1752
6874 7397
3041 3488
9021 9596
7050 7627
285 1887
196 1665
9053 9496
9034 9487
2976 3558
6486 7952
6703 7273
2882 3333
450 1925
5046 5617
2665 3104
6614 8095
844 1286
546 1129
8744 9315
7045 7630
8242 9854
9025 9485
707 1166
2945 3535
771 1357
107 1572
2298 3765
6599 8072
88 1544
6832 7392
7084 7676
8713 9304
2401 3893
112 1573
5073 5511
7000 7438
2979 3579
2386 3854
398 2003
6776 7205
8716 9299
2983 3527
6533 8164
2835 3441
6937 7546
8412 9919
2886 3363
6304 7877
8711 9312
143 1766
924 1525
2907 3377
2899 3385
2622 3156
8847 9445
2963 3576
2734 3269
8330 9953
58 1622
5111 5530
2648 3126
910 1505
8727 9336
8951 9368
9108 9723
458 1978
2853 3413
2684 3084
6478 7998
6672 7264
8353 9937
6218 7739
6299 7913
8915 9377
6165 7783
8976 9571
8758 9285
915 1510
6631 8082
8244 9794
625 1030
2816 3448
284 1892
8920 9376
8909 9396
2321 3947
8200 9842
66 1593
2122 3633
2875 3392
2599 3163
2189 3825
2541 3984
8442 9863
2517 4011
285 1890
5102 5521
2131 3795
8872 9256
6578 7986
9024 9665
6356 7765
6565 7972
8246 9908
9030 9668
2369 4034
6152 7820
8244 9905
2351 4009
788 1427
6325 7730
2813 3189
507 1905
9124 9519
2723 3119
2303 3698
2062 3715
8921 9300
8283 9942
8278 9947
2929 3583
662 1048
2823 3465
2623 3248
2424 4087
2890 3525
45 1698
128 1552
167 1591
2389 4036
3026 3393
9198 9597
7167 7531
8762 9390
744 1150
6862 7256
6882 7290
6458 8098
8346 9730
172 1589
2484 3886
6859 7249
8771 9432
2081 3772
2061 3728
8380 9761
542 1152
67 1756
8731 9348
6791 7207
2147 3778
174 1551
6498 8131
2679 3284
9135 9484
5045 5393
80 1781
2857 3468
2580 3249
800 1413
8401 9844
6782 7384
6163 7867
2869 3484
2533 3916
6589 7956
8769 9448
6377 7747
8347 9777
6561 7947
456 1891
180 1560
6526 8145
6201 7817
237 1628
643 1073
6845 7183
6407 8117
6194 7809
349 2025
8865 9237
2649 3308
714 1148
8977 9639
724 1133
344 2018
6459 8065
8377 9731
8444 9792
2561 3260
2352 3981
400 1837
904 1333
6438 8091
2201 3623
2343 3993
8754 9356
6579 7949
6585 7942
9158 9593
2102 3830
6224 7824
9086 9663
31 1757
6343 7685
2385 3986
6324 7799
219 1567
1015 1330
6436 8161
6665 7372
9151 9592
6341 7693
2906 3475
6205 7924
9083 9650
9071 9638
8199 9933
2848 3563
2264 3604
980 1305
9112 9557
6751 7314
6895 7201
923 1364
561 1278
6236 7827
8192 9936
2907 3464
8265 9882
2532 3888
725 1024
674 1140
5022 5449
6769 7337
6998 7567
6850 7192
8217 9923
2391 3980
6248 7859
6382 7730
212 1547
737 1025
6880 7168
7072 7489
7016 7562
952 1371
2202 3705
6679 7412
8767 9436
6712 7388
2100 3793
361 1932
8202 9967
6813 7288
6754 7303
2791 3073
2144 3718
2658 3205
8784 9399
6146 7914
6802 7290
9146 9554
6347 7715
8983 9726
7084 7493
2788 3087
6954 7622
2206 3699
479 1842
793 1527
2311 4072
6816 7247
6235 7860
2663 3222
207 1598
268 2045
548 1238
39 1749
841 1471
6693 7379
5086 5416
865 1430
9193 9502
7156 7427
8731 9442
6989 7604
14 1780
2491 3905
6150 7932
6368 7706
533 1262
6171 7904
8730 9441
7114 7473
6911 7170
6985 7604
2150 3736
6921 7671
104 1687
6971 7226
6387 8178
8644 9926
2707 3479
2509 3785
8603 9887
428 1705
6342 8128
8507 9789
777 1038
3044 3299
2216 4015
926 1175
262 1549
8724 9503
416 1708
6888 7652
2221 4000
9156 9418
450 1741
2984 3256
288 1584
8739 9523
8503 9767
2491 3754
7099 7338
343 1605
2717 3471
6462 7724
6943 7180
7023 7292
6191 7994
6906 7660
8736 9528
7045 7325
2086 3903
2549 3820
2252 4055
212 1999
6337 8154
6203 7968
2259 4046
3022 3280
8907 9685
6246 8057
2828 3116
2655 3453
431 1677
6856 7658
5069 5359
886 1109
8994 9217
8510 9754
8814 9547
594 1396
8666 9980
668 1460
137 1953
2920 3136
8491 9731
298 1536
8492 9734
246 2013
281 1586
2807 3547
2258 4094
176 1949
6886 7627
2381 3683
6348 8162
65 1907
3023 3325
585 1402
6720 7539
2364 3592
9156 9456
356 1617
617 1375
863 1128
1006 1241
9079 9280
2847 3110
7138 7387
8449 9787
2981 3230
136 1972
6821 7577
858 1127
8705 9532
6228 8041
334 1648
6509 7763
2051 3900
9176 9447
8511 9728
8576 9919
6826 7573
2500 3717
6196 8053
5071 5261
914 1233
2503 3716
3033 3229
89 1821
568 1405
2368 3589
819 1142
6422 7763
2610 3444
414 1750
2177 4041
6311 8175
2913 3115
605 1303
448 1674
7109 7304
268 1602
3 1868
6824 7655
2324 3652
9088 9424
2989 3324
627 1313
8465 9795
6446 7804
2218 4089
8501 9830
8910 9626
134 2003
6302 8139
6677 7491
6647 7855
2435 3801
583 1309
495 1716
8684 9911
6738 7433
7102 7394
6469 7705
6165 8009
6927 7251
8868 9721
6781 7456
179 2029
2278 4024
661 1483
959 1248
2909 3074
8719 9552
2765 3501
694 1495
3046 3207
2268 4030
6924 7279
9208 9372
2117 3885
2104 3920
2640 3384
6971 7251
407 1790
8456 9825
6554 7923
2252 4007
7094 7389
7079 7372
2514 3774
6590 7890
6819 7631
159 2033
6373 8075
888 1032
8574 9742
9174 9382
2766 3519
993 1168
6957 7260
918 1252
770 1136
6741 7463
370 1537
949 1222
7 1908
630 1282
692 1472
8863 9707
9023 9290
2292 3970
3011 3253
6428 7786
497 1670
209 1958
2954 3325
6227 7972
6792 7679
6296 8161
8461 9844
760 1410
8473 9827
6301 8167
720 1454
6761 7447
9029 9275
9101 9459
7029 7178
6193 8014
6449 7758
6569 7721
6984 7368
8949 9589
2579 3474
2746 3387
2414 3820
2771 3408
756 1399
8553 9962
2956 3080
9104 9238
8793 9694
8579 9739
2069 3996
2083 4010
2841 3218
410 1553
9073 9466
9049 9429
2535 3690
9060 9449
6482 7903
2200 3848
2578 3459
6394 8043
8985 9352
256 1682
7140 7286
67 2000
2544 3683
8474 9865
931 1079
898 1046
5022 5130
8897 9557
6847 7467
6190 8122
9153 9301
552 1470
2588 3466
8998 9393
2180 3868
954 1059
6657 7576
6575 7734
6313 7987
8740 9662
474 1601
8545 9978
5064 5204
6481 7885
6707 7599
6713 7589
5017 5124
8341 9992
2362 3749
7068 7171
6216 8151
6264 8167
8539 9924
2518 3702
2408 3785
6184 8073
6237 8188
8978 9392
536 1468
684 1289
6366 8059
2224 3862
9069 9419
6635 7747
7017 7360
5088 5195
5089 5194
756 1368
6230 8186
6752 7628
2670 3523
9193 9305
502 1607
95 2030
247 1862
8376 9993
6547 7714
242 1857
9065 9434
9129 9242
635 1485
2171 4045
7156 7234
857 1249
2461 3621
8888 9472
6453 7820
8869 9500
461 1655
6845 7430
8459 9904
2818 3261
2465 3681
6497 7841
9122 9314
6781 7612
2165 4023
8802 9632
836 1159
8729 9690
365 1705
6366 7962
2958 3147
667 1374
141 1864
646 1344
2887 3201
9103 9289
695 1392
2442 3661
6612 7699
8818 9653
6729 7553
6977 7305
8512 9864
866 1192
182 1916
6661 7631
6647 7740
472 1556
2287 3874
446 1649
2620 3571
2919 3240
8516 9867
3018 3098
1017 1065
6403 7891
887 1190
6977 7312
6241 8112
8996 9462
2874 3305
6417 7874
6878 7434
2226 3943
515 1493
2652 3467
2515 3588
178 1898
637 1447
2475 3696
6288 8011
9064 9395
6790 7517
2455 3658
2957 3152
6446 7923
2621 3555
6938 7365
816 1232
5037 5197
6351 7982
2762 3368
3037 3134
8741 9670
2574 3562
6636 7688
6169 8189
8779 9646
8597 9843
8608 9800
2631 3501
8463 9957
5107 5145
8918 9533
2284 3840
728 1332
2318 3810
8519 9898
9019 9429
6280 8039
2231 3911
2819 3315
901 1140
37 2004
629 1412
2067 4066
6867 7458
8673 9744
2456 3690
9011 9409
9002 9432
6450 7872
2103 4036
313 1738
8435 9984
7148 7199
591 1467
6398 7944
2132 4012
716 1332
264 1776
7119 7223
528 1513
9163 9266
6240 8090
6671 7668
3010 3134
6358 7979
2188 3954
830 1216
374 1673
6710 7625
1812 3861
5292 7341
6119 8165
5563 7609
224 2276
1678 3723
5018 7071
5475 7526
653 2699
1993 4032
5519 7558
1990 4044
1303 3357
5697 7757
336 2397
1791 3826
1769 3815
142 2176
763 2805
1130 3173
1885 3922
617 2681
1988 4049
1155 3221
44 2106
683 2749
5534 7560
561 2598
5090 7157
1261 3317
1054 3078
1594 3618
1281 3355
6116 8190
5593 7618
5987 8056
928 3004
1000 3061
5499 7526
307 2348
1777 3822
226 2242
5112 7130
5708 7790
5848 7934
766 2777
5648 7735
5160 7168
1633 3658
1847 3868
1763 3791
1088 3180
5942 7962
5656 7732
852 2917
1074 3075
5231 7262
387 2481
5374 7371
456 2558
912 2982
1506 3540
1779 3780
1035 3123
5110 7118
134 2239
6016 8121
1104 3179
1240 3299
850 2926
5411 7455
5303 7306
318 2304
5052 7042
5629 7618
2026 4011
907 3017
5232 7218
369 2354
1721 3837
1122 3110
5154 7270
5859 7847
818 2932
1987 3979
5867 7842
472 2450
1842 3961
525 2630
5990 7981
1394 3391
550 2664
5052 7154
5424 7551
551 2679
1930 4058
1822 3919
1137 3104
1982 4079
5696 7697
5444 7445
5910 8005
5968 7939
5271 7364
5193 7197
1111 3074
1762 3767
6058 8191
125 2091
1936 4038
5585 7561
995 3002
5224 7217
924 3014
5902 8020
971 2960
5001 7122
5111 7083
5702 7706
882 2863
1983 4065
5763 7907
845 2862
817 2900
1011 2966
1614 3624
5600 7558
5580 7594
221 2234
5217 7174
401 2553
554 2626
527 2662
5126 7279
6084 8109
946 3032
189 2263
6044 8182
5076 7103
5250 7401
1782 3739
1969 4062
5937 8030
1886 3887
1994 4031
2042 3980
1862 3888
1342 3401
5881 7822
87 2095
5669 7772
1063 3165
1740 3766
1104 3116
1372 3361
5752 7685
353 2334
1234 3245
1288 3447
5503 7424
5323 7243
1616 3793
5963 8138
1297 3477
5747 7927
1708 3625
1823 3994
325 2499
5688 7871
796 2964
701 2615
1541 3726
715 2624
5233 7418
5244 7408
476 2387
1749 3653
5618 7522
5424 7584
630 2791
942 2879
1711 3645
1026 3216
5334 7236
1931 3871
5603 7543
5894 8083
1913 4079
5079 6976
1928 3856
1976 3872
6140 8036
838 3039
1302 3469
657 2570
193 2143
2007 3959
6093 8045
5972 8181
6102 8055
266 2472
188 2078
360 2507
165 2048
5738 7887
204 2154
1453 3338
947 2843
5091 6987
251 2130
211 2170
5943 8094
1969 3867
1396 3550
5964 8166
1283 3496
1687 3644
5462 7677
81 2301
5678 7810
1195 3077
88 2295
1093 3306
5306 7189
413 2349
5089 6993
1697 3600
5534 7471
5611 7513
432 2308
5859 7767
1684 3619
1182 3113
2013 3941
5465 7649
6048 7960
660 2606
1217 3194
2027 3927
1255 3162
5579 7541
577 2814
5234 7373
475 2331
616 2729
1503 3356
1659 3768
5493 7601
87 2193
6081 7943
370 2485
153 2142
294 2542
6035 8027
359 2478
1596 3824
1648 3773
1868 3969
589 2690
708 2581
1524 3365
1751 3589
5382 7634
5347 7223
1991 3858
5248 7253
1024 3286
5905 8135
170 2162
5289 7281
1034 3283
5533 7492
1446 3452
755 2601
433 2411
5229 7351
5632 7898
5890 8152
1135 3252
230 2109
5323 7184
5501 7585
1699 3710
98 2178
478 2364
5425 7635
185 2141
323 2471
1408 3428
5247 7323
1944 3965
5793 7748
5581 7464
5113 6940
6069 8019
5062 6944
1610 3757
93 2229
5508 7532
5879 7710
21 2302
1622 3770
1080 3284
1395 3487
1686 3707
5230 7299
5816 7767
598 2726
1571 3795
543 2798
1962 3931
239 2076
322 2481
5900 8191
723 2596
5598 7465
6013 8068
1158 3197
5095 6940
1642 3734
1505 3356
1019 2822
632 2693
413 2400
596 2730
861 2978
811 3028
5423 7632
5318 7225
1190 3492
6130 7920
227 2528
5116 6911
1504 3302
745 3054
310 2097
249 2545
25 2321
846 2630
5638 7950
328 2115
6068 7871
794 2582
5093 6891
1899 3684
733 3021
1618 3904
1760 4083
1590 3877
43 2360
2046 3821
1053 3342
743 3059
559 2875
106 2430
5848 8140
1931 3742
5572 7377
552 2864
424 2226
5682 7976
1872 3659
1478 3290
1709 4016
1876 3657
1034 3348
5822 8096
5684 7978
601 2886
1316 3076
5181 7453
5381 7204
153 2493
5597 7416
1176 3518
455 2272
796 2619
5831 8160
5691 7964
1026 3370
2019 3787
902 2735
322 2152
1341 3094
761 3026
580 2921
1206 3480
1236 3556
5236 7492
5815 8070
479 2284
871 2644
569 2829
6020 7856
5915 7727
867 2646
1490 3300
888 2638
5794 8084
1423 3255
2021 3805
533 2863
974 2802
1208 3460
1037 3376
6051 7838
1731 4093
1128 3414
311 2057
5979 7781
1690 4058
1443 3298
896 2754
5176 7547
5883 8120
517 2881
1972 3824
6054 7906
1595 3965
6079 7929
891 2611
5493 7229
6004 7740
593 2840
938 2787
412 2261
1935 3781
5340 7574
1940 3807
11 2375
5448 7172
884 2617
2009 3735
1909 3643
5732 7978
841 2585
5794 8179
104 2362
1481 3226
5756 7983
571 2927
5726 7944
1725 4074
5267 7620
682 3058
220 2439
5252 7647
1937 3789
6140 7840
159 2497
225 2495
160 2496
1400 3097
5935 7757
5554 7376
192 2467
75 2344
409 2298
5377 7266
118 2322
5618 7318
624 2837
1883 3646
1068 3403
5427 7252
1582 3910
1279 3478
54 2397
1265 3482
524 2919
397 2273
5954 7726
5666 8012
929 2766
5452 7203
1318 3158
259 2163
6113 7825
5135 7551
146 2534
718 3002
5736 7965
388 2290
331 2108
933 2770
6078 7876
1770 3985
5123 7544
5188 7480
870 2790
1720 3896
5861 8037
5137 7571
5431 7348
540 2968
923 2590
441 2110
1901 3818
530 2970
719 2887
302 2214
5682 8123
5535 7189
5132 7559
5042 6718
5139 7582
1702 3880
5923 7853
1888 3823
5893 7818
5691 8107
539 2954
1060 3510
953 2602
1326 3258
5365 7520
470 2112
1123 3573
283 2179
100 2557
799 2694
5906 7819
2041 3682
5846 8013
5949 7846
5776 7948
728 2885
5426 7343
5060 6746
2044 3676
5853 8061
367 2254
256 2209
675 2818
927 2622
5012 6709
676 2822
5872 8018
5977 7935
693 2844
5148 7605
5014 6719
1573 3983
1981 3606
1054 3506
1888 3790
6100 7802
1119 3568
5314 7533
952 2568
811 2715
468 2148
708 2933
269 2236
1251 3409
712 2938
5103 6749
640 2867
1226 3454
1570 3988
5900 7866
1788 3908
743 2910
5354 7507
1028 3518
1673 3891
749 2897
274 2222
579 3069
1045 3499
5152 7649
5026 6752
1735 3844
1850 3833
832 2692
1061 3553
1324 3304
5856 7974
380 2235
5554 7285
474 2066
1121 3498
723 2847
5034 6758
1920 3661
1776 3901
5209 7572
5864 7973
1383 3241
1689 3912
1960 3707
1759 3852
1577 4090
1910 3749
1240 3340
412 2120
5539 7287
5346 7478
607 2953
6136 7726
76 2459
1059 3579
1021 2597
1606 3996
23 2509
5038 6773
732 2817
215 2314
5656 8133
5695 8160
781 2797
5208 7608
399 2158
6123 7690
1719 3925
454 2085
6015 7836
389 2145
5764 8032
1209 3420
5294 7499
61 2523
1311 3319
836 2735
248 2323
1052 3575
768 2796
1555 4095
2028 3586
5720 8119
1358 3262
1110 3494
604 2990
1660 3982
1543 4084
49 2498
586 3001
807 2771
5254 7538
1345 3252
5457 7332
5825 7988
1203 3397
775 2800
973 2613
5128 7664
5080 6689
5321 7472
40 2514
563 3016
706 2873
5274 7521
5309 7494
535 3051
6040 7781
6025 7796
1217 3391
5436 7362
5220 7579
5003 6539
5350 7911
5777 7315
5914 7448
94 2653
1196 3752
5590 8146
457 3020
845 2379
164 2723
5681 7222
1461 4029
1919 3446
652 2182
5125 7695
5437 7991
812 2336
1315 3886
434 3005
1565 3085
371 2912
1094 3666
5447 8019
1717 3232
801 2359
564 2082
5869 7419
388 2973
1260 3829
1564 3077
5043 6570
1319 3900
1889 3453
1226 3798
5512 8084
5097 6645
71 2650
1105 3660
704 2269
6048 7613
5680 7214
5558 8104
444 2972
1650 3155
1828 3335
5266 7857
6005 7510
235 2767
196 2786
20 2611
5041 6550
1785 3281
1739 3298
6107 7666
1263 3781
1718 3229
5576 8163
5293 7808
48 2590
839 2409
5352 7878
1256 3783
21 2618
1012 2523
636 2125
835 2418
1609 3197
5709 7289
5660 7209
5040 6533
5707 7294
5494 8001
2044 3525
5350 7903
5607 8158
1951 3493
1789 3271
1228 3830
5895 7482
5163 7702
5543 8089
1569 3102
641 2241
1496 3992
1517 4013
1667 3266
1101 3599
5645 7247
5083 6553
1933 3534
5268 7895
5719 7187
5142 7762
1719 3314
1052 3673
175 2793
1325 3947
346 2845
1164 3787
1855 3447
5651 7259
1668 3278
867 2345
6082 7560
449 2957
1582 3171
5913 7508
1370 3860
872 2342
5019 6612
6105 7574
5689 7286
1763 3250
1562 3144
1116 3598
5619 8097
596 2055
32 2675
6065 7652
1594 3181
5174 7777
6045 7626
5330 7813
1182 3782
1178 3777
613 2105
5969 7439
649 2281
6023 7655
1583 3150
1145 3608
886 2324
5159 7748
1991 3491
1953 3524
2037 3472
6117 7554
1081 3665
853 2367
5526 8188
5467 7984
1471 4046
1628 3117
5305 7880
1098 3640
6057 7643
5051 6600
1700 3280
1988 3504
5134 7803
5011 6630
400 3048
1904 3336
5184 7736
967 2494
5966 7479
1502 4004
1650 3080
49 2634
5635 7295
6123 7575
5775 7411
639 2050
1019 2437
262 2936
5099 6549
592 2256
5573 8005
702 2111
5645 7310
259 2951
763 2174
1589 3251
167 2593
993 2407
1531 3955
5373 7797
5502 8183
1345 4043
364 3046
1586 3257
5962 7617
6080 7500
5198 7875
264 2950
5813 7227
5466 8148
1351 4040
316 2988
5693 7341
5335 7751
676 2101
5763 7185
315 2991
5741 7417
5517 7961
6068 7457
72 2782
1272 3694
510 2920
5641 7313
5059 6491
5860 7292
1343 4006
5013 6415
97 2810
865 2556
1294 3987
5587 8051
5575 8039
5997 7629
1645 3276
1570 3203
5364 7765
694 2068
5298 7696
5339 7801
5255 7716
837 2529
1751 3187
5036 6408
1279 3674
721 2164
5031 6402
1255 3649
5435 8093
111 2760
1603 3300
1657 3281
5117 6485
1740 3174
1644 3264
1685 3131
5821 7186
1415 3895
5929 7577
1542 3255
1824 3475
2001 3426
1578 3230
5765 7216
6019 7478
1446 3856
5155 7835
6104 7520
258 3003
429 2836
5144 7842
1466 3841
1793 3517
587 2294
5090 6495
321 3071
996 2340
1753 3097
50 2803
1476 3845
5843 7185
5447 8069
5376 8130
1349 3969
5868 7210
135 2637
1483 3841
5267 7769
5331 7705
535 2267
636 2225
1621 3227
69 2698
5404 8147
5506 8018
1895 3510
622 2239
1843 3553
5912 7626
1377 4018
150 2627
778 2525
1657 3246
1627 3203
1530 3875
395 2898
5667 7417
5838 7188
1936 3403
5515 8016
433 2925
1230 3602
6105 7429
1508 3899
1134 3761
878 2444
5867 7182
5956 7586
5952 7595
5053 6483
1247 3632
5101 6402
1531 3849
449 2866
1253 3601
693 2115
627 2187
5665 7386
5228 7824
895 2433
5478 7782
5804 7597
1499 3801
5281 8099
1436 3743
1735 3524
5275 8088
831 2107
5891 7173
210 3035
528 2329
1037 3847
6072 7347
465 2783
529 2335
5950 7216
5852 7635
5851 7636
2027 3323
1339 3625
957 2223
5 2839
38 2869
1611 3416
1832 3132
945 2212
1161 3999
5005 6299
1178 3981
1387 3708
1492 3788
1074 3882
440 2721
1158 3999
5808 7593
5687 7470
6104 7361
5938 7208
6074 7328
920 2179
482 2809
1733 3550
1070 3890
5538 7870
1793 3100
161 3006
6059 7348
33 2821
5552 7828
6007 7250
1270 4048
1485 3819
5327 8169
1247 4088
758 2513
5489 7766
1514 3778
5768 7584
5278 8118
1168 4025
1193 3971
5342 8180
5459 7801
1432 3765
5978 7284
440 2697
1147 3913
5004 6334
5690 7432
490 2777
951 2178
195 3062
1049 3884
6049 7316
5779 7590
166 2960
5560 7822
919 2208
1040 3883
565 2318
5459 7784
1486 3826
5045 6283
5959 7289
1676 3532
406 2774
512 2371
762 2489
1583 3436
6117 7334
5647 7499
170 3055
338 2583
901 2243
1111 3857
1904 3126
5317 8067
5784 7646
531 2395
1827 3178
578 2315
504 2737
1234 3998
870 2090
5018 6358
1977 3316
1473 3724
5944 7285
2025 3239
1957 3307
1455 3809
932 2292
1123 3891
5393 7744
5088 6321
1651 3360
691 2528
332 2591
1917 3115
591 2329
1445 3827
657 2502
421 2813
1660 3364
5496 7712
1759 3462
1058 3960
892 2087
1990 3226
1716 3560
696 2533
1682 3532
1867 3092
122 2842
1919 3099
5597 7865
1986 3239
5498 7711
1417 3823
249 2974
1426 3829
1205 4050
1099 3875
127 2838
988 2230
6003 7193
77 2854
5244 7959
1023 2195
1066 3911
1150 3859
1391 3585
792 2166
5878 7576
5446 7720
1941 3322
804 2123
5831 7592
1085 3917
5333 8101
1970 3267
1955 3282
6043 7402
355 2577
5187 7985
421 2768
1910 3075
103 2834
5132 8058
5206 7968
399 2808
712 2495
5712 7463
5134 8057
5723 7458
1127 3869
5081 6307
5590 7852
1922 3326
1637 3353
5016 6372
1409 3836
5990 7195
5514 7690
1695 3358
1063 4006
5792 7457
1806 3212
1159 3845
2034 3185
436 2608
997 2145
367 2794
1743 3402
2024 3183
857 2257
1312 3752
1943 3103
5274 7954
63 2998
5594 7760
1120 4075
1805 3206
706 2377
5813 7486
1397 3833
1206 3899
911 2049
1815 3224
754 2402
722 2371
253 2927
674 2358
1773 3449
1926 3090
1328 3750
868 2300
5252 7964
5616 7784
1378 3835
6034 7179
5655 7566
5263 7957
6141 7264
1176 3846
1563 3461
5137 8079
1090 4061
1388 3827
860 2300
1786 3418
1050 4027
5914 7355
5696 7651
5451 7912
475 2685
6083 7268
5078 6270
1218 3944
5806 7428
1769 3417
1693 3372
291 2706
5005 6204
5243 8143
1664 3382
6057 7199
5729 7639
318 2695
2032 3145
5748 7629
1196 3862
856 2275
1926 3130
1671 3386
1245 3936
791 2216
57 2950
1873 3217
5300 8054
334 2701
5466 7837
1599 3574
1959 3182
1189 3948
1139 4026
6006 7359
5716 7581
5179 8177
5951 7413
6132 7231
5251 8015
115 3004
5007 6208
422 2678
1724 3436
1712 3425
1610 3483
5492 7845
5443 7826
161 2931
5692 7662
1540 3543
1623 3459
958 2154
265 2780
634 2479
1208 3949
354 2743
5761 7508
5325 7960
5490 7847
1130 4028
5226 8124
5039 6265
5891 7380
5510 7761
610 2490
701 2404
5703 7582
257 2779
5442 7832
500 2600
190 2914
1188 3961
6025 7252
442 2660
1889 3262
6060 7283
5417 7881
626 2451
76 2989
5463 7862
6073 7256
1488 3634
5547 7753
150 2930
555 2510
1704 3405
54 3025
1327 3784
1672 3439
740 2316
5819 7507
1309 3828
726 2367
297 2755
5796 7502
5141 8187
488 2584
5988 7316
5874 7426
6139 7178
5569 7731
1995 3135
1843 3271
462 2619
5968 7333
2014 3112
6049 7255
383 2696
6022 7281
83 2985
239 2835
1278 3842
766 2306
658 2415
5198 8115
833 2238
6024 7287
5871 7440
1428 2452
1413 2439
5637 6663
975 4044
1383 2404
2026 3049
5242 6265
732 3800
1983 3003
5324 6344
1912 2941
5420 6441
63 3128
375 3455
645 3725
5131 6147
1765 2799
6045 7063
1367 2396
5936 6972
5787 6806
5982 6995
1230 2240
1938 2973
6100 7131
1069 2109
633 3688
198 3287
1865 2904
819 3873
5576 6618
5313 6355
556 3640
567 3619
1335 2339
5692 6696
944 4005
5529 6540
1084 2090
5249 6294
396 3476
1753 2753
839 3934
1007 4086
1945 2947
5740 6770
1125 2170
2016 3008
349 3452
1536 2595
651 3759
1432 2492
1623 2674
830 3865
6131 7124
5815 6800
55 3103
1604 2669
1199 2181
981 4089
2 3118
1441 2445
463 3554
240 3293
2032 3039
1804 2851
5437 6413
1272 2250
1437 2473
280 3372
1138 2119
945 3975
5669 6675
5376 6454
1849 2830
703 3719
1172 2221
5817 6784
536 3618
5347 6361
209 3306
5584 6635
647 3771
5013 8105
879 3922
1398 2376
6077 7043
5604 6619
1728 2688
5369 6329
202 3211
1323 2410
6080 7041
5759 6718
96 3108
875 3887
411 3539
758 3774
368 3384
1799 2895
1329 2425
1229 2180
1543 2637
5771 6849
1320 2403
810 3937
777 3906
35 3183
1202 2303
666 3799
5745 6716
5551 6626
5853 6803
39 3176
5024 8175
26 3146
5184 6162
5833 6811
5419 6520
280 3404
1897 2877
23 3139
5441 6421
5981 6921
1450 2557
1958 3057
255 3240
162 3323
5149 6215
991 3972
1149 2080
5857 6844
5892 7001
390 3545
1792 2911
1925 3034
5667 6780
5553 6638
5221 6202
26 3195
896 4065
1707 2761
5820 6879
439 3539
5238 6160
1141 2066
1903 2823
1355 2339
1906 2843
5273 6384
5658 6768
451 3502
1434 2551
5486 6400
5661 6765
913 4064
5814 6855
341 3367
287 3437
216 3242
1466 2504
24 3180
5406 6506
1463 2498
295 3410
1670 2801
5118 8071
880 3850
557 3671
5079 8107
5780 6888
1544 2677
961 4028
5270 6379
1334 2376
1805 2930
6072 7111
5711 6862
171 3113
1108 2256
613 3811
90 3282
1358 2503
1223 2126
5237 6396
1728 2635
1882 3030
1088 2253
1507 2413
1093 2251
795 3989
1029 2197
5011 7937
1809 2946
5957 7120
99 3316
483 3444
5491 6628
6085 7005
426 3379
1762 2683
1475 2393
5206 6348
1565 2689
1952 2877
5032 7989
638 3808
138 3093
719 3695
105 3272
1974 2837
1960 2829
5671 6786
1414 2350
113 3289
368 3544
5047 7966
5732 6861
1014 3932
1452 2311
5673 6786
1055 2227
772 4008
5960 7140
1800 2982
5762 6700
4 3243
415 3376
1406 2510
620 3804
1149 2253
1715 2562
1450 2328
1551 2749
5186 6390
6010 7119
633 3791
5143 6305
5765 6707
1985 2937
290 3482
327 3581
989 3942
5858 6745
5876 6735
669 3617
5407 6563
469 3432
1597 2688
6076 6913
5314 6271
1810 2988
5296 6158
6016 6974
1013 3914
1350 2436
320 3458
86 3220
5436 6654
5580 6414
1946 2905
1321 2538
5057 7938
1624 2716
5223 6307
1347 2438
5320 6157
1157 2114
936 3936
584 3715
599 3740
608 3756
567 3834
372 3514
823 4070
1239 2054
1295 2526
343 3461
1285 2519
1163 2136
398 3421
5934 7165
1857 2965
6060 7033
5232 6310
1284 2515
1754 2573
5086 7945
1653 2733
968 3857
40 3313
5222 6335
1742 2578
118 3243
5782 6731
5277 6208
1337 2521
667 3706
498 3344
133 3169
5343 6203
2020 2817
1745 2614
2016 2825
573 3799
5205 6334
877 3968
1605 2728
1752 2613
486 3339
5683 6878
5697 6828
78 3233
30 3313
5365 6170
864 3984
1164 2172
940 3934
5066 7992
348 3503
529 3810
1252 2065
932 3921
1612 2745
5315 6198
5325 6200
894 3977
1207 2127
1419 2419
948 3916
5730 6810
1653 2700
1340 2502
6047 7013
5460 6574
116 3215
5495 6540
5960 7091
730 3620
1754 2596
846 4016
5560 6331
6074 6841
1004 3816
5826 7110
5481 6253
13 3336
1703 2977
5317 6595
5522 6292
544 3879
5873 7158
5205 6493
903 3726
1885 2647
5060 7886
849 3677
6018 6798
5608 6372
5509 6281
1863 2634
996 3817
5342 6611
5378 6156
92 3411
5199 6495
5094 7926
5396 6148
1373 2121
825 3628
467 3270
81 3399
5566 6312
992 3831
337 3142
2000 2760
773 3612
5438 6183
5887 7142
5287 6590
982 3788
5811 7087
1817 2564
1151 2402
1860 2650
1105 2383
5147 6404
1547 2859
452 3301
1672 2986
1402 2137
1221 2534
5372 6623
5799 7043
1362 2167
1091 2406
6019 6822
874 3660
639 3929
5101 7883
6039 6833
5210 6524
1629 2938
5715 7035
501 3292
1896 2625
5253 6572
1530 2257
317 3094
1695 2996
5095 7882
1113 2423
5202 6525
747 4063
5730 6998
123 3406
1209 2444
194 3575
678 3987
6031 6842
681 3998
168 3487
733 4069
2008 2784
437 3213
13 3380
320 3194
5058 7928
5549 6295
101 3422
5800 7060
951 3722
5679 6930
5156 6425
647 4025
5984 6750
5912 6695
152 3544
1869 2572
5367 6582
74 3330
5857 7081
1866 2563
1811 2649
292 3182
5630 6324
5865 7075
1920 2764
1067 2407
530 3935
547 3950
5017 7892
306 3196
1378 2092
6106 6804
1212 2547
5221 6442
1587 2915
1487 2207
1484 2204
1033 2392
1959 2806
6110 6796
121 3370
5159 6516
5389 6232
5700 6930
532 3907
130 3541
1722 3043
1424 2249
5284 6655
5241 6436
1191 2553
1339 2149
1022 3745
1677 3052
206 3500
5249 6627
426 3273
5921 6722
1322 2126
1048 2429
955 3806
751 3978
391 3297
5904 6774
1186 2501
1439 2296
1561 2928
5391 6246
1830 2636
362 3073
5490 6172
1906 2589
558 3932
1366 2085
1237 2464
709 4019
5548 6363
537 3937
5924 6748
5421 6228
1588 2894
1631 2852
5574 6330
1071 2386
5363 6542
1576 2902
197 3515
5122 6524
1403 2299
1651 3059
231 3430
1864 2763
5886 7037
977 3669
1913 2812
1529 2172
1418 2060
1169 2327
1787 2940
461 3141
5927 6830
513 3979
22 3485
1349 2249
5837 6976
5071 7745
307 3260
909 3586
1737 2905
91 3531
5349 6517
6076 6701
481 3191
314 3245
729 3918
6070 6689
108 3572
641 3864
5939 6826
5775 6933
1688 2819
5989 6910
56 3494
5001 7703
458 3157
5201 6606
585 4073
5908 6836
5387 6315
1652 3029
5555 6160
373 3283
1311 2233
5589 6258
949 3613
950 3614
1874 2811
459 3170
1056 2442
1477 2159
5485 6343
164 3343
228 3400
5665 7053
452 3177
503 3161
5329 6527
1256 2375
471 3192
5382 6313
5890 6829
1668 2868
130 3378
564 3972
1538 2992
321 3314
900 3639
1984 2675
523 4031
5316 6512
1848 2702
5510 6192
5717 7139
5742 7129
967 3711
5003 7731
805 3740
5119 7750
1282 2232
1061 2462
1600 3068
5701 7161
140 3378
1414 2118
1102 2447
5148 6621
5290 6507
287 3293
1169 2387
1096 2443
1215 2428
204 3337
43 3565
5827 6917
1420 2117
5033 7776
904 3650
1522 2105
5158 6637
5468 6295
1572 3060
1089 2449
1348 2197
5908 6853
2043 2601
6098 6656
18 3526
1267 2342
5429 6368
5935 6905
1681 2891
5152 6650
5761 7002
5479 6332
1203 2415
277 3275
739 3901
220 3331
1316 2244
1518 2063
913 3698
5326 6445
709 3873
5421 6345
442 3167
1620 2993
769 3814
5740 7044
5714 7098
135 3438
1691 2935
1799 2795
5482 6278
1886 2739
1592 3030
700 3923
618 3994
84 3493
5136 6625
114 3456
5164 6622
5945 6859
1989 2614
137 3450
5387 6399
5754 7055
5351 6417
1333 2242
5275 6508
827 3779
5182 6598
5144 6624
1039 2549
1509 2079
5666 7128
129 3450
5116 7687
1269 2312
361 3223
5356 6418
229 3813
5877 6389
1417 2952
5805 6316
214 3796
169 3755
5114 7672
5049 7611
261 3846
5257 6794
1185 2724
151 3730
2011 2526
1974 2480
5283 6821
5341 6874
422 4014
5357 6884
1894 2413
960 3531
875 3431
1647 2146
5609 7143
168 3751
809 3366
1372 2899
1498 3029
66 3666
1954 2482
1254 2806
1971 2466
443 4009
473 4043
5613 7167
858 3406
282 3854
562 3111
1808 2309
6056 6589
70 3665
102 3697
5980 6475
5567 7080
1241 2753
5463 6991
1086 2599
5734 6271
1180 2694
5654 6157
5596 7111
538 3078
1192 2741
5039 7602
336 3919
5050 7589
5985 6465
1146 2651
6088 6633
1139 2641
460 4078
1947 2488
2039 2513
381 3931
1137 2646
871 3392
1802 2349
1678 2213
5371 6864
740 3272
6038 6584
1131 2628
1634 2125
524 3107
659 3235
1995 2555
2023 2518
507 4042
378 3915
436 3973
6027 6586
5885 6347
844 3451
80 3687
6027 6588
1081 2560
5907 6441
1858 2430
5896 6452
1873 2412
1254 2779
1106 2671
1245 2787
95 3681
5524 7082
621 3154
1244 2716
1833 2408
5964 6413
5100 7599
595 3095
491 4015
5181 6777
1736 2189
5133 6728
5464 6942
5239 6705
2008 2463
6124 6571
5200 6679
1567 2135
5811 6395
1987 2441
5571 7049
752 3259
5865 6308
5055 7665
790 3398
862 3343
652 3294
1386 2872
1259 2751
5390 7001
1340 2916
1713 2280
704 3225
5507 7130
1587 2153
6017 6619
1911 2348
1307 2880
990 3457
1546 2133
419 4035
5213 6717
5302 6870
2036 2453
5876 6293
1918 2332
6052 6598
955 3551
673 3268
5702 6179
1419 3052
5403 7036
1156 2796
6136 6544
5098 7552
5642 6240
1893 2313
5255 6890
109 3612
1902 2335
5337 6824
5516 7165
1013 3463
1948 2543
365 3870
859 3375
5711 6202
1009 3463
6059 6621
509 3973
543 3175
5920 6488
278 3951
943 3542
99 3609
1106 2607
5829 6328
5805 6352
570 3258
576 3264
1975 2358
18 3731
1836 2477
513 3200
5872 6257
5074 7504
5455 7115
670 3099
352 4069
1421 2824
1005 3429
303 4007
1023 3445
1556 2207
5854 6229
5626 7025
1921 2317
747 3175
2005 2392
662 3096
493 3939
638 3310
899 3346
1662 2285
5131 6808
563 3238
1179 2574
885 3552
5202 6852
5309 6698
5141 6797
5892 6557
734 3140
6096 6474
6012 6631
1797 2457
5828 6233
6108 6466
5559 6953
1744 2127
5728 6399
1738 2155
5121 6816
5417 7048
1100 2798
5304 6682
1973 2326
850 3574
5489 7127
578 3301
5812 6163
895 3543
2011 2418
540 3253
5614 6980
6120 6467
1794 2478
5750 6362
5015 7483
28 3762
1829 2453
7 3767
1065 2712
1183 2605
5676 6303
1838 2458
5312 6775
225 3672
1116 2789
201 3699
5835 6257
5418 7056
5874 6222
1473 2940
1635 2270
1899 2517
5372 6722
360 4055
1520 2864
1103 2703
5394 7123
441 3963
5883 6201
5819 6270
5021 7512
357 4003
1213 2683
5755 6333
476 3867
5536 7015
5789 6234
5855 6167
6056 6496
620 3237
813 3559
1686 2140
1611 2177
963 3337
1559 2268
213 3614
1581 2273
1353 2948
379 4022
1652 2233
5916 6610
5583 6912
394 3930
1204 2661
68 3734
1390 3005
1090 2710
5801 6269
1758 2059
5986 6583
650 3165
1559 2240
640 3159
5454 7065
6055 6512
5735 6320
1549 2261
5380 7132
1985 2330
1542 2266
126 3747
1189 2680
885 3499
1301 3019
5689 6375
200 3607
686 3185
1992 2327
5212 6787
157 3709
1982 2398
1490 2866
5887 6174
5729 6272
1608 2218
1643 2185
671 3195
1947 2431
105 3725
5049 7517
1219 2597
716 3114
581 3234
1388 2955
269 4074
1211 2643
5284 6732
391 3950
1442 2891
5674 6336
1951 2420
1669 2153
12 3808
1659 2199
1768 2053
908 3426
286 4080
5896 6630
314 4053
147 3708
780 3580
2002 2338
250 3595
119 3718
1519 2846
5119 7438
5454 7100
5760 6259
5429 7105
1711 2138
1746 2087
5888 6646
1922 2421
200 3632
5841 6185
5293 6741
1664 2169
495 3861
1497 2851
1845 2506
5046 7497
899 3202
5450 6728
1702 2469
6138 6393
1201 2997
6042 6302
1818 2077
5791 6552
1078 2879
56 3889
5781 6559
695 3516
562 3390
271 3585
1197 2979
242 4092
1553 2305
5285 7093
1184 2994
387 3729
1496 2763
869 3184
893 3179
1079 2849
383 3689
1183 2949
5583 6868
635 3431
5230 7024
202 4075
883 3154
5183 6941
1357 2670
6107 6392
1761 2501
486 3779
5961 6252
5334 7155
82 3956
1771 2508
1276 3028
880 3161
5472 6729
275 3641
1823 2101
1850 2064
5055 7317
971 3296
278 3642
938 3207
282 3639
1267 3038
1693 2483
1101 2914
5547 6788
5542 6793
6008 6231
341 3685
1361 2657
299 3611
1539 2355
5709 6525
1277 3020
5024 7314
1866 2175
281 3631
5025 7319
5266 7076
5615 6872
5862 6623
1162 2992
1369 2659
371 3657
5632 6458
6109 6375
213 4078
6096 6379
5077 7401
6137 6340
5601 6879
1327 2576
632 3399
1764 2469
742 3495
5473 6688
471 3733
5780 6609
5764 6593
672 3558
852 3090
1389 2603
1824 2151
5338 7058
1980 2293
61 3956
1755 2450
5868 6566
5996 6183
5688 6516
1346 2575
1465 2804
1853 2163
1993 2182
5924 6260
297 3704
1431 2758
5125 6996
1626 2312
5481 6715
5008 7362
5704 6426
5254 7125
5536 6900
650 3551
389 3792
5192 6943
5638 6494
5120 7003
362 3638
628 3369
324 3609
1124 2873
5310 7139
5541 6904
5899 6229
123 3876
5739 6452
5208 6968
889 3096
560 3409
1095 2854
6115 6274
5622 6804
5705 6443
1656 2332
1444 2752
410 3839
5224 6925
1072 2902
1796 2146
1896 2062
5321 7087
240 3991
1264 2969
6043 6386
5546 6849
478 3762
5976 6196
499 3742
1954 2255
5418 6727
31 3953
1859 2098
2031 2206
176 4033
6132 6277
5439 6733
5690 6472
5185 6962
5392 6757
6022 6385
580 3388
828 3140
1002 3219
5588 6830
5996 6167
6088 6323
1680 2540
1319 2651
1933 2288
162 4063
5869 6544
5453 6704
1186 3036
1658 2308
754 3469
570 3514
1596 2492
5431 6839
1965 2094
1863 2244
5380 6785
5400 6815
842 3267
1698 2347
1300 2719
6084 6223
848 3292
305 3773
1249 2925
5651 6558
5370 7031
1107 3036
1616 2527
1841 2208
623 3582
219 3913
717 3423
5515 6681
891 3304
767 3435
1213 2856
1314 2743
1781 2403
1675 2333
1359 2776
1171 2820
1422 2585
987 3137
6090 6224
5613 6769
1469 2595
237 3955
969 3159
814 3214
5743 6607
6079 6175
1870 2287
376 3803
1401 2783
1777 2391
866 3269
804 3213
1697 2315
1869 2279
5063 7274
710 3433
6142 6225
5975 6392
5085 7277
191 3853
1526 2628
1456 2565
208 3942
6046 6184
5971 6378
5970 6376
5361 6986
5175 7052
1637 2521
5455 6896
254 3902
979 3091
293 3815
120 4026
831 3324
457 3594
185 3953
5948 6388
5806 6502
2022 2092
883 3263
1223 2827
5076 7192
1800 2246
648 3398
5509 6731
5918 6352
1253 2858
2035 2083
1902 2238
6054 6263
1940 2113
1938 2119
127 4010
5726 6539
720 3338
670 3394
5555 6767
5983 6275
5504 6748
1646 2483
50 4077
1056 3009
5787 6522
5625 6680
726 3380
1312 2755
2006 2098
526 3562
5810 6486
5432 6876
5902 6378
5535 6778
1198 2888
5561 6751
1619 2484
2047 2071
5118 7190
968 3108
1509 2569
5786 6518
821 3288
1701 2379
308 3803
1797 2282
5192 7096
1014 3079
713 3387
5253 7031
646 3445
1489 2594
1348 2736
1376 2708
5810 6471
5331 6948
1692 2405
453 3647
1675 2417
509 3590
1685 2414
5851 6432
5025 7261
1831 2266
1613 2480
1927 2169
10 4085
1153 2942
5785 6502
729 4825
207 4300
403 4503
722 4823
489 4591
698 4787
108 4192
595 4700
52 4155
514 4627
631 4706
514 4628
651 4757
197 4321
445 4506
139 4257
618 4672
247 4315
764 4812
145 4261
342 4451
686 4761
393 4529
806 4895
879 4947
292 4377
468 4499
136 4303
559 4710
437 4604
447 4589
759 4772
172 4341
749 4787
615 4614
610 4608
642 4833
205 4265
284 4473
265 4463
414 4601
464 4536
499 4507
192 4267
519 4723
435 4550
773 4979
769 4983
521 4725
696 4804
557 4691
925 4886
625 4860
738 4717
402 4354
914 4870
654 4629
668 4610
317 4514
493 4430
41 4237
253 4187
961 4967
439 4383
571 4755
187 4113
1016 4947
344 4584
323 4597
466 4453
438 4365
522 4791
339 4590
954 4869
145 4178
637 4792
484 4385
289 4585
988 4876
912 4933
508 4395
129 4184
612 4798
741 4615
718 4653
199 4130
916 4977
89 4273
226 4114
6 4339
614 4753
915 4973
429 4434
33 4387
375 4212
995 4843
936 4768
120 4465
304 4154
820 4664
217 4564
779 4633
600 4940
634 4975
138 4508
889 4704
506 4324
146 4530
415 4284
488 4289
372 4190
807 4631
927 4783
417 4240
990 4840
487 4304
267 4151
35 4382
116 4425
19 4397
148 4565
8 4425
492 4271
59 4472
279 4190
1001 4771
283 4181
16 4446
577 4879
385 4302
160 4593
986 4745
573 4968
327 4113
781 4693
97 4409
419 4346
126 4389
623 4871
616 4868
315 4170
606 4909
873 4639
175 4567
851 4820
356 4332
973 4679
11 4480
86 4568
842 4825
672 4864
173 4364
755 4944
1003 4675
165 4365
143 4391
688 4888
981 4735
944 4634
418 4105
965 4712
359 4311
977 4704
363 4313
435 4103
345 4332
158 4392
983 4719
1011 4686
276 4266
190 4478
738 4898
477 4127
403 4183
382 4281
510 4153
847 4742
1005 4643
234 4408
856 4748
746 4927
946 4709
121 4513
862 4740
908 4689
149 4471
454 4131
83 4532
193 4392
183 4445
131 4456
1006 4613
765 4873
79 4539
751 4885
840 4788
917 4501
919 4497
12 4612
319 4919
774 4366
17 4632
347 4951
526 4125
69 4690
574 4132
864 4416
332 4973
41 4621
794 4413
214 4849
210 4858
155 4791
791 4386
350 4968
793 4440
837 4359
863 4378
677 4322
142 4806
608 4138
663 4317
229 4777
243 4799
855 4377
703 4337
905 4568
289 4980
800 4471
335 4884
117 4651
824 4440
74 4651
902 4580
985 4541
784 4472
245 4764
298 4928
685 4288
182 4824
14 4726
184 4800
989 4519
789 4462
487 4964
991 4444
206 4674
174 4640
782 4510
216 4683
195 4692
974 4432
423 4869
699 4121
700 4123
934 4367
482 4936
574 4239
905 4400
173 4716
654 4170
133 4673
677 4195
1020 4405
329 4994
599 4279
223 4670
511 4893
893 4500
32 4810
714 4135
230 4628
151 4707
606 4263
911 4469
466 4905
658 4204
79 4943
496 4849
770 4102
725 4563
642 4491
85 4932
147 4994
55 4901
411 4744
820 4128
750 4600
768 4119
556 4404
9 4881
582 4447
584 4433
117 4975
46 4912
110 4943
823 4115
736 4548
656 4534
978 4340
64 4970
798 4149
384 4779
453 4841
451 4847
1016 4299
998 4304
110 4952
550 4368
822 4106
959 4224
546 4450
609 4387
603 4381
91 4882
386 4809
847 4099
593 4383
829 4205
682 4605
85 4873
572 4449
825 4187
483 4743
401 4857
496 4760
15 4961
480 4755
521 4474
1020 4232
622 4376
38 4957
897 4349
274 4752
843 4303
624 4602
407 4637
601 4563
713 4421
1004 4194
785 4227
930 4151
671 4357
602 4544
188 4899
957 4126
522 4512
681 4358
581 4596
611 4562
326 4853
788 4256
903 4146
948 4097
144 4902
963 4217
328 4852
849 4243
797 4301
783 4319
869 4276
962 4118
366 4792
761 4398
194 4891
166 4989
241 4906
504 4632
597 4533
986 4157
304 4827
771 4335
782 4320
444 4684
817 4299
970 4145
759 4363
619 4503
512 4606
878 4241
1350 4418
1384 4461
1709 4779
1274 4339
1114 4177
1581 4643
1097 4167
1748 4807
1830 4914
1153 4251
1225 4307
1468 4519
1807 4910
1370 4476
1143 4191
1700 4745
1592 4629
1144 4169
1136 4163
1154 4290
1273 4283
1849 4987
1420 4558
1844 4977
1764 4770
1222 4225
1527 4542
1271 4285
1804 4928
1286 4427
1443 4588
1449 4592
1694 4803
1334 4439
1500 4543
1315 4416
1834 4941
1821 4982
1354 4410
1205 4292
1057 4182
1233 4270
1438 4577
1783 4727
1748 4692
1154 4096
1795 4996
1458 4405
1198 4134
1075 4282
1803 4992
1298 4483
1739 4697
2029 4985
1398 4579
1155 4116
1082 4269
1729 4698
1259 4214
1405 4575
1979 4889
1966 4877
1457 4370
1976 4891
1961 4878
1157 4141
1142 4319
1464 4371
1768 4677
1789 4685
1064 4250
1607 4862
1942 4909
1494 4459
1845 5000
1207 4106
1638 4824
1689 4646
1122 4259
1474 4352
1641 4778
1187 4192
1121 4260
1394 4539
1760 4652
1461 4455
1103 4253
2031 4924
1039 4314
1375 4484
2046 4890
1479 4386
1036 4327
1548 4833
1721 4682
1109 4259
1399 4495
1492 4397
1732 4666
1141 4470
1479 4291
1636 4963
1571 4911
1475 4306
1418 4248
1545 4892
1964 4793
1489 4292
1095 4444
1229 4562
1474 4321
1882 4734
1462 4243
1897 4687
1661 4948
1467 4242
1384 4163
1803 4646
1984 4846
1615 4961
1881 4717
1939 4775
1640 4959
1416 4278
1251 4517
1626 4880
1346 4111
1174 4548
2023 4788
1881 4609
1415 4317
1508 4228
1480 4270
1996 4773
1382 4107
1264 4509
1367 4135
1064 4442
1895 4625
1495 4269
1829 4699
1918 4608
1281 4222
1934 4622
1796 4736
1243 4445
1336 4287
1865 4800
1784 4978
1534 4210
1292 4226
1968 4670
1360 4288
1798 4754
1681 4871
1518 4215
1667 4890
1434 4096
1092 4569
1755 4933
1306 4229
1352 4328
1242 4479
2002 4727
1574 4993
2039 4688
1179 4394
1703 4884
1770 4907
1898 4776
1053 4574
1819 4828
1172 4435
1087 4594
2042 4660
1215 4465
1750 4867
1715 4971
1429 4175
1187 4479
1194 4468
1028 4581
1258 4363
1035 4586
1691 4985
1690 4984
1411 4196
1380 4236
1050 4595
1500 4145
1246 4400
1745 4926
1437 4196
1448 4179
1220 4411
1042 4589
1376 4960
1078 4659
1167 4746
1330 4917
1353 4929
1283 4875
1923 4492
1630 4177
1276 4846
1238 4805
1070 4667
2040 4582
1073 4655
1684 4235
1363 4979
1915 4441
1980 4507
1734 4335
1701 4244
1118 4714
1125 4691
1839 4376
1723 4227
1257 4819
2005 4500
1072 4728
1138 4666
1877 4380
1699 4329
1666 4297
1071 4705
1971 4583
1066 4735
1250 4795
1113 4610
1608 4116
1732 4249
2010 4538
1859 4390
1269 4752
1507 4997
1669 4333
1110 4640
1758 4256
1180 4834
1655 4104
1798 4487
1260 4718
1817 4509
1785 4221
2014 4443
1068 4772
1533 4981
1767 4202
1961 4388
1632 4338
1534 4966
1497 4931
1788 4198
1907 4584
1978 4390
1774 4208
1802 4522
1957 4359
1510 4930
1503 4986
1952 4362
1981 4374
1998 4449
1683 4136
1231 4723
1231 4720
1409 4926
1162 4661
1515 4899
1560 4307
1487 4888
1422 4949
1929 4436
1118 4739
1992 4375
1856 4511
1851 4570
1210 4700
1051 4860
1946 4477
1774 4100
1795 4591
1767 4107
1506 4878
2030 4355
1737 4134
1680 4193
1591 4293
1027 4859
1561 4320
1876 4520
1880 4518
1194 4693
1412 4741
1848 4157
1813 4125
1884 4182
1406 4720
1840 4129
1148 4974
1545 4378
1665 4502
1810 4101
1287 4635
1609 4437
1513 4809
1117 4988
1491 4850
1042 4918
1720 4498
1317 4616
1535 4816
1779 4572
1351 4726
1575 4372
1484 4856
1046 4906
1452 4842
1087 4980
1658 4406
1227 4996
1807 4160
1041 4929
1598 4460
1115 4872
1967 4346
1562 4428
1369 4611
1448 4852
1908 4138
1809 4174
1477 4773
1819 4216
1385 4618
1057 4934
1488 4793
1355 4642
1956 4298
1584 4417
1308 4706
1892 4325
1305 4751
1397 4821
1874 4336
1833 4238
1585 4505
1872 4348
1997 4223
1625 4586
1792 4281
1486 4722
1569 4511
1679 4401
1875 4242
1289 4811
1094 4997
1248 4900
1639 4514
1900 4266
1462 4721
1382 4781
2020 4158
1944 4166
2028 4147
1427 4729
1635 4488
1548 4576
1901 4255
1379 4761
1338 4806
2868 4924
2316 4354
2470 4535
2774 4802
2831 4883
2543 4555
2852 4865
2576 4661
2054 4142
2719 4784
2609 4611
2055 4147
2313 4415
2211 4248
2535 4572
2285 4306
2291 4274
2360 4476
2429 4406
2759 4753
2780 4747
2133 4098
2793 4784
2175 4132
2943 4897
2468 4551
2235 4316
2255 4264
2157 4097
2230 4312
2079 4208
2752 4783
2643 4641
2075 4200
2929 4870
2620 4672
2833 4974
2053 4230
2063 4232
2758 4686
2446 4357
2663 4842
2341 4523
2091 4283
2173 4324
2099 4265
2325 4490
2794 4680
2190 4140
2194 4148
2530 4420
2265 4222
2136 4336
2283 4162
2363 4497
2529 4432
2689 4656
2987 4894
2114 4343
2664 4831
2084 4254
2587 4774
2704 4688
2956 4937
2519 4369
2357 4607
2281 4133
2288 4156
2464 4463
2490 4458
2428 4525
2615 4836
2100 4323
2417 4525
2195 4174
2558 4382
2477 4427
2632 4769
2803 4639
2627 4785
2575 4858
3017 4927
2532 4371
2591 4837
3013 4805
2825 4617
3047 4838
2980 4774
2183 4485
2290 4598
3067 4861
2504 4290
2958 4737
2094 4414
2926 4732
2302 4587
2892 4695
2286 4550
2901 4734
2861 4609
3035 4853
2668 4930
2850 4626
2247 4598
2365 4111
2922 4703
2470 4241
2486 4342
2260 4502
2833 4690
2070 4433
3048 4769
2531 4268
2099 4450
2264 4491
2659 4919
2334 4167
2433 4316
2561 4965
2399 4155
2520 4287
2896 4663
2251 4524
3053 4743
2472 4295
2999 4804
2357 4160
2384 4137
2056 4467
2970 4836
2441 4105
2550 4215
2323 4247
2772 4959
2971 4624
2455 4124
2432 4109
2138 4567
2422 4326
2742 4903
2340 4272
2282 4467
2789 4991
3031 4683
2074 4487
2546 4205
2751 4895
2274 4426
2081 4493
3067 4694
2143 4594
2390 4344
2699 4922
2959 4662
2555 4161
2537 4181
3008 4732
2559 4158
2539 4142
2724 4962
2963 4699
2516 4124
2908 4758
2354 4345
3041 4650
2232 4468
2489 4213
3058 4642
2842 4808
2458 4173
2972 4676
2356 4333
2372 4254
2932 4777
2142 4542
2447 4206
2353 4310
2797 4874
2855 4815
2297 4368
2727 4939
2219 4422
2900 4794
2965 4730
2943 4749
2761 4923
3040 4635
2962 4496
2756 4295
2161 4722
2668 4207
3014 4559
3057 4607
2934 4473
2452 4999
2820 4381
2276 4862
2893 4438
2567 4121
2673 4206
2347 4872
2740 4240
2129 4724
2961 4537
2200 4785
2202 4782
2157 4696
2412 4955
2286 4821
3015 4604
2603 4207
2139 4638
2642 4117
2320 4951
2186 4813
2426 4915
2049 4685
2093 4707
2219 4859
2259 4736
2366 4971
2212 4863
2722 4351
2860 4466
2211 4803
3009 4513
2904 4403
2617 4180
2151 4630
2975 4581
2210 4830
2508 4939
2554 4983
2911 4560
2210 4653
2878 4527
3000 4394
2267 4684
2493 4901
2862 4533
2277 4731
3019 4437
2168 4826
2918 4545
2262 4733
2998 4358
2497 4976
2539 4952
2850 4506
2524 4967
2698 4168
2112 4741
2260 4625
2073 4822
2832 4546
2134 4738
2738 4198
2220 4724
3045 4412
2393 4992
2579 4296
2762 4118
3045 4411
2917 4484
2629 4262
2720 4165
2712 4221
2947 4453
2816 4593
2859 4564
2129 4945
2096 4914
2703 4486
2666 4448
2322 4638
2946 4246
2828 4119
3010 4318
2592 4413
2857 4104
2971 4280
2826 4141
2571 4396
2660 4429
2416 4697
2807 4574
2432 4778
2740 4492
2996 4237
2935 4172
2511 4848
2652 4451
2600 4457
2626 4362
2654 4373
2540 4770
2262 4998
2382 4637
2443 4816
3053 4274
2161 4910
2525 4796
2395 4664
3064 4252
2319 4715
2304 4709
2051 4965
2631 4395
2738 4544
2701 4606
2744 4555
2756 4531
3054 4247
2805 4489
2964 4328
2330 4708
2665 4590
2205 4881
2778 4428
2717 4356
2830 4245
2400 4863
3071 4191
2808 4441
2409 4811
2499 4715
2283 4931
2581 4540
2840 4275
2747 4373
2781 4466
2608 4480
2203 4907
2991 4126
3024 4197
3012 4210
2844 4267
2468 4627
2411 4817
2977 4123
2786 4446
2809 4420
2537 4648
2790 4391
2291 4913
2511 4618
2542 4648
2571 4557
2181 4941
2278 4911
2566 4556
2676 4516
2744 4460
2871 4334
2369 4760
2709 4477
2184 4963
2978 4175
2870 4312
2773 4388
2198 4960
2883 4276
2632 4530
3070 4098
2222 4946
3321 4345
3086 4109
3379 4407
3946 4972
3225 4255
3263 4277
3344 4379
3964 4976
3853 4866
3508 4515
3517 4517
3184 4203
3526 4582
3236 4231
3458 4518
3596 4650
3349 4402
3877 4877
3817 4801
3529 4578
3600 4668
3506 4482
3139 4209
3654 4725
3806 4841
3138 4219
3607 4694
3125 4214
3106 4199
3220 4318
3597 4701
3940 4918
3112 4209
3962 4896
3717 4831
3847 4956
3684 4665
3425 4415
3215 4305
3649 4645
3680 4612
3141 4144
3675 4654
3654 4657
3277 4279
3635 4680
3273 4277
3254 4296
3486 4379
3265 4164
3530 4419
4087 4989
3592 4738
3214 4101
3320 4211
3606 4763
4068 4969
3711 4848
3547 4436
4029 4908
3237 4148
3505 4384
4024 4896
3753 4659
3439 4596
3559 4423
3204 4133
3136 4322
3821 4682
3685 4812
3465 4389
3723 4647
3790 4705
3735 4647
3432 4570
3548 4455
3673 4837
3163 4251
3123 4338
3528 4361
3838 4671
3274 4110
4056 4893
3127 4327
3416 4489
3561 4408
3128 4330
3930 4995
3747 4729
3705 4771
3651 4766
3210 4180
3772 4703
3700 4754
3669 4786
3105 4294
3327 4120
3643 4819
3664 4795
3678 4786
3990 4966
3616 4829
3446 4212
3228 4504
4060 4818
3455 4197
3124 4393
3355 4102
3906 4711
3081 4396
3567 4294
3235 4488
3209 4540
4054 4835
3473 4263
3303 4561
3193 4417
3420 4194
3415 4117
3361 4195
3319 4528
3523 4233
4027 4854
3546 4234
3701 4900
3893 4711
3610 4936
3131 4456
3992 4814
3102 4424
3582 4258
3308 4531
3881 4681
3909 4644
3176 4361
3288 4537
3542 4282
4047 4768
3520 4272
3467 4350
4067 4758
3212 4599
3597 4982
3142 4410
3286 4520
3945 4840
3519 4152
3138 4554
3149 4545
3231 4370
3158 4571
3508 4128
3294 4424
3405 4315
4017 4649
3402 4311
3898 4775
3151 4560
3437 4297
3548 4218
3144 4577
4091 4681
3926 4835
3802 4972
3885 4763
3172 4573
3554 4184
3814 4953
3872 4767
4003 4713
3189 4538
4051 4636
3892 4832
3268 4380
3504 4201
3473 4171
3167 4483
3186 4496
3966 4765
3087 4587
3511 4176
3331 4331
3796 4922
3746 4945
3800 4908
4082 4615
3844 4850
3500 4186
3401 4286
3221 4462
3334 4349
3330 4350
3347 4334
3748 4955
3120 4658
3443 4984
3381 4921
3593 4120
3366 4916
4057 4547
3359 4867
3633 4143
3637 4139
3993 4486
4064 4552
3448 4948
3786 4325
3964 4431
3663 4220
3850 4409
3433 4957
4008 4499
3595 4150
3670 4203
3410 4886
3232 4839
4094 4528
3279 4759
3703 4139
3121 4716
3878 4475
3438 4913
3350 4937
3222 4854
3991 4600
3986 4580
3616 4185
3424 4894
3985 4369
3977 4364
3611 4253
3072 4748
3529 4932
3502 4920
4033 4438
3760 4137
3109 4799
3190 4845
3084 4759
3247 4656
4040 4459
3516 4889
4047 4458
3938 4549
3152 4856
3538 4987
3202 4655
3291 4718
3535 4978
3072 4802
3168 4776
3848 4547
3962 4535
3716 4189
3634 4331
3714 4188
3310 4620
3512 4958
3995 4464
3088 4861
3483 4969
3440 4995
3569 4866
3492 4958
3976 4470
4084 4343
3412 4689
3905 4166
4000 4264
3870 4114
3783 4552
3928 4169
3342 4636
3784 4573
3602 4356
3389 4645
3389 4644
3148 4946
3758 4529
3755 4532
3743 4541
3712 4515
4001 4230
4020 4252
3192 4949
3730 4512
3706 4423
3648 4478
3329 4673
3849 4168
3667 4372
3976 4291
3623 4457
3608 4426
3864 4172
3168 4920
3143 4892
3412 4617
3132 4956
3763 4565
3689 4355
3491 4808
3497 4828
3843 4219
3334 4730
3385 4677
3233 4897
3668 4566
3474 4631
3604 4498
3923 4309
3842 4234
3587 4493
3890 4285
3874 4275
3700 4583
4052 4162
3374 4789
3440 4844
3863 4235
3347 4750
3691 4597
3617 4543
3249 4885
3776 4454
3622 4481
3564 4676
3513 4624
3687 4558
3727 4384
3921 4323
3470 4665
3511 4623
3374 4757
3302 4954
4039 4218
3464 4662
3545 4633
3303 4902
3871 4308
3373 4832
3682 4527
3480 4675
3414 4747
3328 4829
4012 4211
4039 4129
3601 4601
3443 4762
3744 4431
3560 4634
3422 4780
3761 4418
3757 4443
3311 4887
3397 4797
3630 4566
3341 4855
3289 4898
3736 4454
3496 4695
303 9238
5248 9347
5505 9606
5398 9489
5903 9992
5328 9416
5261 9367
5602 9721
5823 9892
5370 9445
5386 9493
5513 9640
5217 9287
5130 9260
5556 9628
5877 9951
5345 9419
5301 9374
5681 9757
5430 9476
5094 9173
5724 9832
5213 9320
5435 9486
5229 9307
5084 9116
5173 9332
5627 9657
5539 9696
5262 9421
5464 9502
5569 9607
5686 9841
5550 9705
5687 9855
5767 9935
5473 9516
5721 9750
5359 9407
5718 9735
5030 9202
5694 9835
5263 9430
5441 9509
5371 9373
5177 9311
5129 9313
5770 9952
5870 9861
5850 9909
5064 9145
5693 9802
5368 9350
5286 9433
5411 9635
5174 9398
5312 9282
5620 9590
5600 9572
5167 9383
6028 9991
5262 9218
5504 9491
6047 9995
5083 9037
5491 9710
5026 8962
5626 9564
5087 9080
5537 9478
5204 9469
5140 9406
5280 9229
5674 9883
5672 9882
5014 8994
5772 9785
5501 9664
5388 9673
5397 9683
5059 8971
5736 9888
5578 9496
5703 9875
5474 9655
5712 9861
5559 9568
5710 9873
5474 9603
5660 9982
5798 9793
5564 9563
5733 9858
5355 9247
5008 8856
5931 9762
6129 9979
5053 8880
5449 9287
5212 9551
5096 8947
5458 9328
5106 8912
5605 9414
5104 8919
5919 9782
5092 8911
5048 8852
6124 9949
5172 9477
5115 8904
5170 9479
5893 9788
5349 9689
5256 9652
5379 9279
6130 9932
6041 9895
5388 9294
5078 8853
5701 9985
5149 9560
5407 9306
5556 9457
5512 9422
5286 9697
5578 9345
5093 8872
5476 9270
5408 9333
5097 8895
5311 9691
5599 9401
5486 9224
5988 9741
5215 9522
5218 9490
5922 9808
5745 9988
6082 9912
6039 9963
5965 9776
5180 9537
5048 8903
5595 9306
5295 9514
5505 9225
6075 9778
5769 9987
5413 9397
5259 9497
5339 9551
5612 9337
6029 9751
5161 9655
5062 8811
5157 9610
5034 8709
6053 9748
5040 8705
5362 9536
5015 8741
5527 9250
5402 9388
5500 9412
5570 9338
5537 9242
6133 9802
5189 9722
5222 9639
5456 9365
5352 9528
5940 9959
5318 9488
6018 9813
5356 9531
5574 9246
5115 8736
5357 9486
5189 9638
5483 9359
5171 9686
5612 9245
5946 9931
5057 8757
5044 8782
6062 9810
5519 9329
5109 8714
5021 8605
5803 9385
5353 9963
5081 8669
5336 9948
5673 9251
5085 8662
5798 9385
5392 9984
5067 8670
5004 8596
5985 9539
5880 9435
5157 9734
6050 9604
5158 9746
5909 9505
5231 9817
5822 9349
5029 8672
5006 8648
5751 9265
5223 9774
5685 9337
5444 9995
5820 9454
5889 9554
5283 9975
5930 9599
5168 9831
6092 9622
5792 9469
5038 8691
5260 9965
5023 8700
5009 8693
5932 9545
5694 9301
5748 9243
6089 9659
6087 9652
5773 9456
5886 9344
5178 9918
5917 9621
5335 9816
5363 9827
5243 9966
5975 9676
5023 8449
5998 9713
5279 9791
5070 8551
5270 9789
5145 9908
5332 9851
5919 9647
6095 9599
5998 9695
6081 9589
5989 9683
6032 9517
5722 9444
5035 8555
5795 9319
5758 9403
5035 8556
5297 9849
5353 9763
5767 9291
6125 9504
6127 9530
5818 9324
5928 9712
6125 9527
5113 8483
5173 9966
5311 9824
5375 9754
6126 9474
5974 9656
5259 9828
5109 8448
5657 9452
5341 9771
5065 8497
6029 9588
5653 9449
5965 9295
5433 9790
5882 9714
5862 9711
5135 9988
5565 9904
5068 8414
5995 9342
5557 9888
5899 9235
5385 9747
5528 9859
5686 9515
5587 9969
5953 9316
6113 9416
5925 9228
5410 9747
5710 9592
6063 9366
5830 9724
5967 9332
5191 9989
6010 9276
5671 9583
5808 9724
5499 9770
5746 9510
6005 9258
6064 9426
5641 9580
5950 9304
6055 9423
5526 9978
5549 9921
5639 9590
5054 8386
6111 9310
5620 9842
5558 9790
5484 9956
6120 9340
5737 9725
5265 9989
5840 9547
5663 9603
5032 8245
5878 9579
5675 9654
5091 8317
5570 9829
5997 9418
5838 9575
5737 9669
5084 8302
5757 9678
6007 9411
5114 8263
5564 9730
5849 9498
5695 9713
5774 9567
5378 9943
6094 9237
5577 9749
6108 9219
5648 9716
5779 9598
5760 9583
5037 8285
5533 9839
5475 9880
5072 8235
5456 9901
5386 9973
5759 8830
5383 8454
5567 8631
5958 9036
5895 8973
5548 8631
5602 8642
5826 8931
6106 9212
5929 8975
5617 8665
5971 9085
5956 9076
5487 8541
5440 8563
5812 8834
5412 8475
5470 8479
5153 8297
5190 8207
5629 8630
5769 8900
5242 8235
6017 9171
6067 9190
6122 9148
5358 8375
6000 9006
5839 8879
5265 8433
6058 9163
5828 8866
5952 9000
5298 8409
5789 8950
5301 8408
5292 8386
5329 8382
5949 9042
5344 8338
5706 8764
5704 8766
5175 8256
5762 8954
5842 8874
5827 8893
5452 8653
5415 8613
5825 8772
5844 8787
5871 8805
5238 8440
5662 8848
5507 8460
6135 9067
5467 8697
5749 8913
5958 9187
5319 8290
5121 8359
5518 8484
5126 8365
5797 8720
5367 8256
5316 8307
5910 9132
5601 8481
6030 9034
5412 8674
6002 9140
5684 8957
5442 8587
5364 8255
5480 8612
6040 9032
6078 9068
5300 8295
5768 8795
5974 9102
5860 8766
5443 8605
5257 8296
5136 8433
5327 8236
5523 8567
5976 9137
5582 8482
6000 9118
6033 9058
5832 8765
5633 8948
5185 8378
5594 8487
5319 8643
5478 8288
6008 8830
5235 8571
5369 8690
6050 8876
6004 8805
5151 8460
5415 8241
5530 8332
6002 8804
5080 9921
5413 8251
6062 8880
5941 8746
5258 8616
5528 8378
5194 8558
5758 9049
5027 9865
5581 8417
5615 8385
5720 9078
5099 9924
5517 8383
5572 8438
5715 9056
5394 8234
5652 9045
5836 9101
5207 8468
6103 8851
5521 8409
6026 8898
5783 9180
5150 8533
5165 8544
5525 8411
6086 8854
6061 8959
5706 8984
5875 9126
5866 9149
5979 8706
5105 9896
5488 8239
5584 8368
5586 8371
5884 9112
5901 8808
5642 9071
5082 9916
6013 8723
5069 9891
5928 8775
5250 8685
5354 8602
5636 9078
5614 8347
5277 8682
6009 8718
5973 8748
5663 9061
6118 8858
5469 8415
5482 8429
5108 9850
5835 9050
5662 9100
5942 8874
5543 8250
5183 8610
6090 8815
5849 9087
5100 9796
5368 8532
5138 8636
5791 9002
5640 9150
5103 9814
5366 8524
6036 8750
5523 8238
5124 8633
5842 8976
6128 8755
5700 9090
5043 9845
5766 9039
5527 8286
5296 8570
5337 8468
5042 9852
5047 9830
5351 8502
5967 8861
5880 9003
5445 8342
5324 8473
6067 8804
5219 8628
5051 9836
5596 8196
5727 9094
5969 8843
5216 8634
5322 8491
5068 9775
5503 8348
5477 8320
5538 8267
5852 9011
5747 9116
5227 8603
5326 8510
5401 8426
5405 8425
5105 9736
5075 9769
6038 8813
5170 8752
6115 8683
5425 9016
5744 8313
5698 8271
5873 8446
5019 9601
6092 8658
5898 8488
5773 8367
5190 8803
6031 8615
5625 9168
5532 9137
5044 9606
5191 8821
5061 9718
5461 9056
5566 9096
5658 8236
5653 8226
5488 9031
5599 9191
5917 8485
6009 8515
5742 8277
5400 8999
5002 9673
5422 9065
5177 8817
5305 8947
5153 8810
5087 9616
5731 8243
5987 8498
5056 9617
6064 8675
5575 9106
6063 8694
5920 8572
5866 8372
5514 9195
5228 8708
5541 9160
5167 8768
5994 8475
5832 8377
5943 8517
5151 8812
5595 9128
5870 8344
5385 9077
5788 8223
5006 9482
5381 9089
5592 9052
5377 9093
5722 8412
6142 8566
5664 8360
5160 8866
5637 8329
5063 9544
5123 8849
5977 8650
5360 8803
5414 9139
5646 8345
5420 9147
6075 8483
5308 8742
5661 8326
5092 9594
5348 8827
5894 8615
5303 8726
6020 8487
5668 8321
5724 8436
5728 8393
5128 8865
5273 8756
5379 9139
6101 8545
5817 8205
5986 8660
5802 8209
6014 8645
5419 9192
5028 9570
5677 8420
5471 9109
5279 8788
5428 9208
5399 9179
5513 9031
6086 8457
5465 9110
5193 8857
6070 8550
5907 8643
5847 8195
5628 9001
5009 9543
5061 9500
5639 8413
5029 9598
5225 8840
5573 9005
5107 9498
5225 8838
5438 9162
5934 8663
5110 9483
5027 9387
5858 8681
6094 8413
5256 9118
5434 8748
5856 8696
6111 8390
5797 8632
5628 8930
5237 9044
5931 8201
5168 8980
5214 9080
5603 8906
5360 9177
5953 8298
5106 9437
5531 8884
5258 9125
5718 8549
5197 9082
5604 8927
5375 9155
5621 8885
5147 9051
5154 9059
6077 8446
5991 8227
5568 8837
5178 9075
5320 9092
6141 8369
5143 9050
5994 8231
5670 8552
5016 9408
6131 8365
6036 8395
5926 8260
5992 8205
5754 8464
5659 8561
5233 8988
5995 8198
5991 8213
5338 9134
5961 8254
5981 8229
5502 8710
5164 9129
5640 8580
5540 8746
5999 8416
5957 8401
5140 9088
5307 8992
6083 8280
5889 8353
5846 8565
5362 9047
5939 8342
5802 8450
5396 8891
5545 8733
5299 8965
5636 8627
5446 8958
5496 8896
5607 8799
5616 8777
5010 9257
5002 9265
5847 8469
5036 9327
5276 9048
5469 8858
5264 9048
5739 8610
5532 8786
5542 8809
5075 9222
5746 8618
5163 9203
5336 8961
5439 8932
5182 9187
5643 8660
5840 8497
6030 8300
5346 8966
5102 9227
5631 8730
5633 8676
5098 9228
5108 9234
5416 8896
5585 8761
5550 8774
6087 8238
5630 8724
5644 8679
5138 9213
5906 8419
6102 8229
6139 8206
5073 9254
5310 9033
5627 8707
5855 8486
5675 8657
6627 8675
6194 8243
6638 8684
6969 9018
7117 9166
6652 8703
7523 9575
6397 8441
7446 9491
7163 9212
6493 8538
7563 9612
7050 9091
7277 9318
6144 8203
6467 8525
6527 8559
6494 8527
6939 8968
6573 8638
7266 9335
6267 8301
7400 9457
6510 8564
6442 8502
7265 9340
7469 9523
6835 8877
6931 9008
6309 8326
7722 9737
7212 9231
6342 8421
6168 8253
7101 9114
7480 9503
6476 8555
6593 8678
6634 8642
7169 9256
6789 8878
7828 9915
6330 8330
7163 9162
6209 8304
6948 8982
7529 9562
7673 9676
7218 9220
7804 9803
7989 9997
6858 8946
6398 8388
7789 9809
6767 8784
6686 8797
7155 9142
7572 9682
6581 8701
7537 9531
7321 9428
6918 9032
6435 8557
6354 8349
7785 9784
6887 8886
7070 9164
6532 8663
6359 8324
7346 9446
7364 9361
6610 8581
6676 8781
6625 8632
6290 8392
6498 8508
7917 9906
6555 8699
7257 9272
6934 9079
6990 9005
7742 9818
6713 8799
6519 8479
7833 9968
7159 9115
6530 8686
6979 9004
6794 8954
6526 8463
6642 8577
6990 9019
6860 8890
7743 9799
6387 8335
6293 8427
6587 8506
6371 8288
7564 9481
6763 8931
7802 9970
6470 8655
6297 8210
7637 9566
7149 9057
6603 8518
7276 9441
7774 9937
6842 8747
6926 9119
6869 8775
6860 8798
7339 9279
6437 8624
7328 9269
7112 9055
6711 8864
6505 8689
6714 8867
7092 9006
7442 9609
7224 9380
7836 9728
7720 9911
6984 9175
7041 8993
6173 8380
7556 9510
7873 9826
6959 9098
6303 8249
6828 8714
6178 8331
7241 9443
6514 8671
6941 9136
6616 8567
7645 9586
6239 8431
6207 8334
6952 9114
6637 8542
6923 9144
7396 9298
6428 8619
7830 9775
6284 8247
7160 9027
7173 9401
7445 9640
7072 8990
7715 9885
6310 8217
8134 9990
7919 9774
7467 9704
6684 8927
7926 9779
6221 8331
6692 8942
7403 9277
6926 9174
7109 8984
7176 9430
7902 9729
6834 8786
6664 8937
6528 8546
7591 9541
7260 9406
7075 9029
6596 8494
6837 8793
6551 8569
7211 9413
7271 9353
7282 9346
6326 8263
6356 8231
7431 9716
7749 9905
7644 9512
7868 9800
7900 9769
6333 8266
7092 9038
7350 9290
7488 9660
7680 9981
7657 9492
6810 8807
6696 9000
7522 9319
6419 8214
6440 8239
6243 8548
6410 8195
7147 8929
6354 8668
7342 9658
6949 8753
7265 9588
6634 8445
6546 8325
6514 8299
6703 9014
6456 8226
7672 9442
6787 9113
7337 9650
6936 8708
6642 8430
6349 8656
7696 9998
6277 8602
6686 9022
7628 9455
7105 8933
6386 8661
6500 8268
7315 9658
7490 9320
6897 9178
6291 8636
6721 9070
8029 9837
7959 9765
6704 8962
6298 8616
6587 8328
7023 8796
8171 9951
7079 8850
7113 8956
8155 9954
6636 8406
6255 8532
6397 8641
6222 8560
6902 9160
7278 9553
7329 9698
7650 9383
6234 8466
8118 9983
6870 9119
8060 9783
6823 9194
7052 8897
6565 8424
7021 8739
7432 9286
6509 8255
6223 8477
6345 8593
8136 9872
6370 8635
6949 8828
8013 9751
6798 9172
6688 9082
7145 8883
8104 9971
6567 8444
7220 9578
6690 9026
7443 9330
6238 8511
7993 9819
6558 8445
6427 8312
7071 8951
7495 9263
8099 9930
6199 8540
7235 9518
7955 9853
8125 9939
7108 8875
6756 8982
7615 9420
6580 8384
8044 9752
7394 9622
6946 8789
7667 9358
6851 9150
6721 9020
7485 9405
7078 8743
6746 9176
7630 9288
7135 8792
6339 8520
7177 9627
6444 8376
6155 8607
7936 9876
8132 9809
7640 9282
6951 8893
8182 9836
7528 9461
6370 8575
6791 8986
6802 8972
8137 9815
7494 9433
6680 9095
6365 8514
7245 9709
7474 9362
7016 8905
6740 9206
7659 9294
6668 9130
6153 8609
7486 9367
8130 9835
6665 9123
7030 8922
6618 8311
6490 8437
7297 9520
7536 9409
7196 9645
8076 9785
7415 9538
7249 9700
6577 8199
6915 8885
8014 9974
7323 9506
6674 9131
7415 9549
7144 8790
6881 9054
6260 8651
7519 9375
6289 8529
7343 9581
7272 9643
6541 8267
6783 9143
7460 9454
6209 8588
6460 8430
6581 8294
7967 9925
6145 8666
8093 9798
7161 8738
6935 8906
8177 9744
7360 9507
6708 9168
7569 9333
6335 8538
8080 9846
7663 9223
6759 9102
8123 9814
7129 8758
7263 9647
7134 8750
6510 8351
7921 9986
6513 8322
8114 9798
7253 9633
7132 8745
7009 8855
8017 9895
6423 8416
6315 8528
8001 9914
7208 9684
7654 9240
8065 9601
6835 8369
7681 9221
6353 8917
8008 9548
6643 9207
6981 8513
6882 8423
6336 8902
7810 9349
8069 9613
7925 9465
7736 9270
8033 9585
8162 9714
6899 8418
7929 9451
7136 8693
6424 8975
7018 8562
6506 9074
6868 8398
7385 9922
6801 8332
6318 8846
6332 8860
6608 9204
8129 9701
7892 9458
7943 9505
8165 9677
7749 9324
7741 9236
7717 9230
7878 9450
6283 8870
6219 8806
6542 9121
7831 9381
6191 8729
7026 8522
8116 9614
8097 9627
6817 8349
7756 9328
7134 8672
7885 9458
7061 8661
8025 9497
7827 9425
7921 9395
6569 9195
7937 9543
6536 9152
7302 9934
7073 8680
7686 9292
7056 8667
8077 9665
6841 8439
8189 9645
8061 9516
6596 9105
7338 9971
7263 9732
7138 8638
6650 9127
6616 9095
7713 9281
7391 9918
7700 9334
7381 9907
6521 8990
7709 9338
8062 9495
6545 9211
6664 8315
7191 9828
7388 9903
6924 8568
7376 9892
6993 8484
7116 8630
7897 9379
8148 9646
6695 8284
6517 8969
6294 8938
6601 9141
8015 9520
6981 8645
6530 8963
6937 8600
7936 9608
7038 8692
8053 9726
7271 9964
6263 8953
7106 8530
6204 8878
6840 8234
7205 9910
6595 9046
8058 9708
6604 9051
7025 8680
6931 8585
7712 9402
7708 9351
6582 9003
7894 9291
7150 8560
8028 9720
6660 8352
7229 9881
7897 9343
6251 8908
6401 9131
6666 8358
6989 8673
6214 8936
7994 9608
6488 9194
7785 9434
7769 9453
6823 8221
6243 8920
6853 8312
6396 8770
7275 9940
7354 9851
6761 8363
6778 8382
7815 9280
7097 8562
6357 8728
7933 9264
7840 9326
8166 9526
6897 8225
7011 8627
6753 8374
7646 9986
6992 8588
7313 9805
6818 8316
6893 8242
6872 8248
6285 8813
6770 8339
7354 9816
6811 8319
7275 9870
6914 8682
7158 8478
7063 8572
7060 8568
6477 9123
6311 8789
6985 8634
6175 8940
6195 8901
7996 9675
7089 8518
8183 9484
6600 9012
7998 9278
7010 8290
6317 9134
7780 9568
7794 9591
6697 8495
6538 8835
7446 9756
6723 8520
6541 8838
6605 8902
7670 9976
6827 8613
7806 9584
7692 9475
7473 9761
6639 8958
8043 9336
6369 9202
6843 8620
6212 9043
6764 8564
6820 8637
6371 9209
7578 9856
6289 9099
6162 8969
7861 9641
6501 8824
6534 8856
6206 8993
6756 8571
6447 8719
7831 9653
6611 8944
7429 9766
6932 8241
7648 9927
7844 9612
6522 8790
7839 9651
8028 9329
6894 8640
7514 9834
6975 8204
6592 8948
7849 9629
7540 9794
7979 9232
7958 9302
7773 9501
8024 9241
7676 9917
8173 9384
6745 8476
7692 9545
7099 8435
7913 9635
6264 9010
7550 9781
6192 9084
6693 8552
7884 9602
6320 9215
6806 8644
6478 8732
8003 9239
6987 8223
8133 9363
6287 9198
6528 8932
8023 9267
6391 9106
6249 8974
6535 8943
6284 9191
6617 8882
7424 9837
7985 9311
7915 9605
6788 8694
6918 8308
7961 9323
6964 8258
7527 9745
6910 8585
6851 8628
6406 8829
7039 8194
6692 8539
6177 9120
6236 9182
7760 9682
7796 9719
8153 9308
7036 8443
6508 8939
7512 9939
6404 8840
7535 9955
7131 8278
6814 8467
6649 8808
7680 9620
8126 9259
6919 8338
6439 8881
7653 9843
7938 9365
6269 9189
7012 8447
6646 8810
6653 8801
7450 9914
7544 9945
7058 8240
7484 9881
6429 8888
8157 9339
7564 9770
6267 9180
6967 8350
7779 9674
7013 8398
7798 9693
6275 9007
8042 9415
7732 9625
6865 8575
7077 8215
7468 9880
6268 9161
6983 8432
8178 9285
7930 9538
6416 8873
6700 8592
6864 8557
7809 9535
6982 8323
6439 8929
7656 9760
7851 9571
6673 8664
6391 9017
7037 8370
7633 9729
6629 8753
7634 9732
8174 9273
7986 9451
8154 9216
7920 9514
8179 9262
6771 8621
7498 9897
8113 9298
6755 8583
6466 8870
6834 8534
7622 9763
7697 9720
7549 9878
7603 9823
6907 8469
7093 8283
6710 8646
7435 9979
6831 8543
7673 9736
8064 9330
7578 9833
7641 9773
8176 9220
6415 8952
6254 9113
6537 8817
6433 8926
6893 8466
6161 9235
7546 8569
8150 9170
6273 9348
8147 9173
7357 8375
7257 8274
7995 9008
7396 8424
7887 8898
7186 8221
6272 9359
7863 8871
7288 8296
7688 8733
8173 9211
8085 9090
7368 8400
6288 9355
6907 9959
8170 9204
6797 9901
6298 9402
7322 8379
6568 9611
6747 9855
7616 8677
6434 9476
7501 8554
7460 8451
6367 9463
7917 8901
7992 8977
6566 9615
7387 8434
6579 9625
7422 8402
6340 9448
6411 9511
6487 9595
7461 8459
6521 9558
6660 9782
7798 8772
7454 8493
6483 9573
6489 9569
7238 8319
6292 9391
7734 8717
6962 9999
6739 9838
6792 9909
6901 9931
7170 8252
8117 9098
6609 9619
7889 8851
6805 9936
7758 8712
6537 9667
6624 9642
7687 8780
6499 9512
6450 9593
6702 9826
6414 9537
6286 9439
6427 9544
6148 9296
6197 9313
7674 8623
6164 9283
7904 8887
7502 8471
7721 8819
8016 8970
7860 8943
7509 8456
7212 8305
7910 8891
7689 8788
6881 9857
6247 9222
7304 8427
7812 8935
7896 8892
7722 8783
7678 8601
7352 8400
7559 8685
7390 8373
6708 9817
6685 9840
7768 8759
8035 8979
6520 9481
6871 9893
7420 8334
7027 9985
7980 9055
6230 9250
6170 9326
8082 9188
6560 9687
7015 10000
6884 9884
7232 8249
6803 9961
6578 9672
7999 9028
6737 9772
6151 9350
7881 8781
6832 9783
6699 9900
6463 9656
6626 9573
6505 9696
6174 9364
8063 9205
6186 9380
8110 8992
6314 9274
7222 8355
8080 8965
7177 8351
7259 8387
6361 9281
7619 8537
6351 9299
6218 9431
7707 8837
6858 9812
7588 8453
7501 8687
7441 8626
6431 9660
7786 8911
8007 9185
6855 9824
8054 9182
6274 9257
7669 8537
6496 9677
7829 8763
7602 8476
8076 8995
6515 9666
6779 9930
7498 8696
7700 8871
7327 8232
7952 9128
7408 8265
6724 9977
6504 9686
6523 9659
7238 8324
6487 9617
7931 8755
7319 8287
6548 9565
7733 8956
6867 9753
6380 9276
6235 9352
6212 9361
6529 9559
7751 8848
6456 9697
6475 9623
8151 8971
7496 8597
6909 9762
7539 8595
6683 9977
6716 9950
6242 9345
6909 9758
6393 9244
6608 9525
7423 8218
7967 9210
6503 9600
6445 9674
8181 8988
8025 9136
6591 9556
6244 9354
7503 8609
7812 8811
7795 8860
7894 8742
7404 8220
7752 8890
8112 9026
6220 9400
6597 9533
6380 9236
8033 9115
6149 9471
8086 9066
7686 8955
7581 8547
7309 8306
8075 8841
7221 8496
7291 8574
7803 9084
7563 8327
7595 8357
7761 9054
6563 9388
7621 8404
7823 9117
7653 8439
7284 8551
6430 9226
7924 9185
7942 8723
8089 8846
8158 8905
7684 8989
7151 9974
7893 9166
7580 8320
6678 9994
7059 9870
6476 9297
7423 8671
8109 8845
7755 9067
7042 9891
7377 8691
7356 8607
6622 9466
6410 9261
7022 9823
6714 9993
7147 9944
7728 8963
6953 9757
6999 9825
7980 8725
8050 8776
7821 9142
6374 9693
6416 9260
7369 8695
7598 8337
6632 9431
7723 9066
7425 8259
6519 9268
7452 8287
6318 9702
7181 8516
7910 9135
7004 9749
7448 8273
6182 9580
8087 8921
7503 8193
6176 9584
7442 8259
6550 9415
6369 9648
8007 8725
6244 9526
6749 9998
7787 9021
7513 8207
6249 9534
8140 8852
7020 9781
7062 9932
8012 8721
7428 8293
7537 8208
7491 8230
7017 9740
7716 9036
7638 8381
7854 9157
6548 9464
6549 9467
6576 9439
6339 9644
6217 9529
6319 9694
7889 9124
8180 8833
6481 9259
7641 8359
7543 8437
7540 8432
7305 8451
7727 9122
8006 8918
7586 8240
7027 9953
6457 9387
7843 9009
7624 8284
7675 8303
6421 9344
7504 8392
6166 9615
6232 9669
8022 8907
6932 9866
7035 9947
7157 9812
7468 8333
7857 8979
7258 8702
7997 8857
6942 9912
8100 8716
7439 8352
7419 8523
7862 8967
7780 9175
8078 8762
6920 9916
6568 9232
7566 8246
6205 9604
7404 8529
7834 8996
7059 9772
6454 9462
6489 9371
7603 8304
6381 9518
7866 9086
6944 9958
7301 8525
7121 9755
7534 8354
6187 9701
7237 8586
7701 9157
8111 8825
7406 8504
7378 8452
6158 9689
8110 8825
8134 8735
8024 8834
7709 9159
7819 9040
8050 8850
7405 8462
7481 8410
6153 9709
7462 8397
6511 9346
7326 8563
6300 9587
6245 9610
7386 8490
7166 9743
8030 8876
6322 9536
7648 8213
7441 8423
7055 9848
6602 9277
7332 8531
8036 8862
7911 8987
7273 8599
7505 8366
7945 8950
6829 9390
7849 8362
7355 8895
7351 8881
7395 8933
7407 8935
7242 8768
6975 9524
6956 9511
7022 9569
7535 9087
6877 9421
7269 8822
7096 9643
7461 9014
7239 8787
8009 8541
6927 9499
7951 8474
7382 8910
6892 9460
6353 9928
7453 8967
8145 8650
7380 8904
6338 9948
6314 9866
8096 8579
6670 9261
6326 9874
6663 9251
7344 8853
6760 9293
7324 8884
6389 9950
7799 8282
6955 9477
7750 8297
6744 9321
6674 9248
7477 8960
7776 8279
7370 8946
6684 9249
6166 9768
7946 8523
8144 8593
7844 8419
8163 8619
7046 9679
7573 9183
7321 8916
7174 8776
7561 9158
7046 9680
6337 9878
6471 10000
7645 9093
6286 9941
6920 9555
7593 9207
6198 9832
8141 8621
7088 9680
7778 8194
8141 8623
7569 9203
7587 9159
6186 9807
6169 9852
8083 8698
8047 8453
6951 9549
6200 9811
7633 9146
7790 8197
7806 8206
7330 8915
8031 8493
7702 8292
7416 8844
8172 8601
8102 8659
6886 9360
6954 9555
7542 8973
8074 8695
6755 9245
7545 9209
7867 8250
6261 9972
8156 8536
6179 9894
7571 8980
7018 9699
6350 9797
7322 8727
7500 9154
7792 8447
7427 9100
7244 8924
7280 8928
8029 8652
8067 8465
7044 9495
7612 9007
6809 9229
7237 8914
8081 8457
7090 9515
6861 9303
7133 9542
7033 9698
8156 8512
7193 8836
6894 9331
8072 8488
6177 9857
7353 8728
7950 8620
6185 9867
7359 8732
7788 8399
7334 8709
7342 8712
7296 8743
6388 9820
7841 8200
7496 9186
6155 9893
7369 8807
7647 9072
7654 9045
7433 9148
6682 9378
7873 8315
6211 9976
7472 9103
8108 8467
6730 9354
7506 9111
7029 9648
7963 8670
6290 9813
6255 9896
6747 9362
7598 9058
7916 8224
7530 9126
7366 8715
7553 9039
7893 8219
7957 8647
7047 9556
8150 8450
6902 9249
7886 8215
6820 9342
6774 9389
7462 9213
7908 8196
7567 9070
7704 8441
7201 8899
7973 8646
7481 9181
8122 8543
6273 9831
6738 9396
7977 8654
6890 9218
7872 8233
6913 9706
6719 9427
6850 9262
7081 9561
6221 9917
7392 8722
7766 8357
8038 8594
6946 9687
6152 9969
7668 8974
8143 8500
6189 9942
8138 8500
7311 8816
6655 9983
7954 8211
6408 9738
8142 8396
7762 8535
6567 9890
7909 8686
8135 8396
7470 8738
6659 9489
7347 9120
8000 8275
7421 9189
6532 9887
7164 9440
7146 9460
7495 8792
6643 9964
6564 9863
7296 9125
7207 8960
7240 9057
6777 9552
8060 8274
7580 8882
7224 8983
6889 9670
7704 8503
8041 8281
6801 9632
7151 9438
7395 9169
7255 9060
7298 9143
8090 8367
7570 8868
7928 8654
7779 8533
6641 9929
7414 9167
6739 9577
7047 9404
6675 9519
6557 9949
6873 9628
7162 9398
8116 8440
6615 9883
6620 9875
8105 8422
7409 9121
7243 8987
7833 8648
7085 9468
8011 8216
6899 9637
7737 8559
6420 9806
7990 8298
7352 9190
6800 9678
7374 9105
7451 8826
6592 9890
7843 8640
7664 8854
6648 9886
7067 9468
6649 9874
7874 8617
6658 9582
7117 9377
6966 9307
6248 9990
6982 9271
7366 9138
6641 9860
7206 9041
6887 9616
7339 9171
8031 8230
7816 8689
7217 9035
7817 8692
7282 8972
6653 9859
8046 8208
6978 9411
6465 9920
7701 8599
7242 9161
6594 9793
6812 9499
7488 8903
6451 9915
6957 9381
7293 9206
6856 9540
8168 8293
7605 8763
6574 9791
7125 9284
6518 9957
7430 8849
7454 8839
6531 9759
7283 9199
6929 9357
6754 9725
8149 8266
6906 9560
6423 9906
8170 8260
7103 9231
6437 9876
7601 8706
6607 9848
7200 9184
7528 8875
7306 9033
7759 8586
7236 9089
7679 8760
7299 9035
7949 8388
7678 8757
7171 9165
7459 8941
8038 8361
7931 8489
7955 8385
6360 9994
7276 9151
6938 9417
7190 9154
8169 8252
6743 9602
8059 8366
7487 8938
7825 8519
7521 8889
7524 8892
6701 9717
6733 9623
6836 9576
7335 9083
7061 9289
7771 8635
7624 8745
7587 8769
6585 9818
6825 9546
6691 9671
7475 8917
6785 9574
6929 9465
7141 9230
6449 9946
7607 8795
6838 9563
6961 9436
7718 8651
7975 8394
7805 8594
6603 9787
7104 9264
7269 9109
7003 9391
8006 8371
7436 8953
7548 8836
7900 8482
