100 101
74 75
17 19
26 31
40 46
59 60
80 88
71 79
32 41
1 8
39 45
86 92
2 14
82 94
16 29
51 62
3 13
20 27
6 9
33 46
84 91
4 20
7 23
69 85
65 81
69 84
11 25
5 17
70 83
73 95
37 50
68 83
79 87
3 26
40 49
15 22
12 21
72 81
77 87
64 90
4 31
12 23
68 95
77 86
70 91
7 24
15 47
66 99
14 44
67 96
11 47
2 36
21 50
10 34
76 100
74 99
10 32
13 38
9 34
6 45
78 98
5 43
30 48
18 35
1 48
27 42
24 42
19 39
16 36
80 100
30 43
25 44
22 33
29 37
8 49
28 38
18 41
89 98
28 35
55 97
58 96
61 97
57 90
54 82
56 93
57 92
51 85
52 94
55 93
53 88
54 89
44 67
62 76
56 75
52 71
59 72
58 78
63 73
53 66
63 67
60 64
61 65
