100 100
40 41
48 49
78 79
41 42
90 95
34 36
80 87
36 46
70 74
20 25
21 24
35 45
64 78
16 31
82 93
67 83
77 92
1 18
15 27
32 54
12 27
76 91
13 21
14 23
3 26
70 92
6 29
64 91
32 60
33 63
10 43
28 61
4 38
3 33
68 96
24 62
12 43
11 35
14 37
4 40
7 42
75 100
2 45
9 56
81 99
83 97
10 57
1 50
7 51
26 44
2 58
13 52
22 47
30 37
17 44
5 69
8 72
23 86
17 85
5 77
25 81
22 95
30 84
18 89
6 74
20 88
15 65
9 71
28 72
8 93
54 97
1 88
19 73
57 98
59 96
11 87
19 76
34 66
56 89
38 69
51 86
62 88
61 85
59 82
60 80
50 94
53 90
46 94
39 84
16 100
55 67
48 68
55 66
49 71
63 73
53 79
58 65
31 98
29 99
52 75
