10000 10001
3260 3261
1030 1031
2973 2975
320 322
600 603
8473 8474
6620 6623
9168 9171
4192 4196
3657 3661
7824 7828
3522 3527
2363 2366
4026 4029
3489 3497
4946 4955
4599 4606
5239 5246
8133 8140
6774 6783
4164 4174
7507 7513
7668 7678
1346 1353
6529 6538
7462 7466
7989 7993
1588 1595
6016 6031
8614 8630
205 220
2048 2065
7435 7450
2248 2266
296 315
9294 9309
8328 8347
4680 4700
303 315
7370 7390
1961 1980
9131 9150
6754 6775
2020 2034
6497 6519
3657 3678
4716 4731
1609 1630
551 574
1258 1267
6639 6645
9484 9494
8649 8658
5157 5182
8524 8528
8265 8277
1863 1882
5731 5758
8582 8603
3555 3581
4230 4248
5577 5591
4845 4850
6731 6740
7182 7214
8073 8105
2077 2108
4425 4456
707 738
7640 7673
8331 8362
4502 4532
4124 4158
1348 1383
5381 5414
3020 3048
1436 1464
786 822
7379 7415
3335 3362
5716 5745
3667 3700
8457 8494
6664 6703
6047 6071
835 874
5722 5747
834 872
2654 2677
2629 2670
2196 2239
3093 3134
16 59
7118 7141
6283 6304
266 294
4609 4653
9754 9783
2000 2046
1499 1525
5965 5987
9922 9964
9182 9200
75 100
3929 3945
7579 7595
7633 7648
4886 4900
6663 6709
5057 5107
5767 5813
8925 8943
2264 2283
7446 7461
6419 6432
2141 2153
1927 1970
9224 9277
5143 5152
3140 3197
4938 4976
2136 2146
6018 6072
135 187
2953 2997
7177 7221
5526 5544
336 367
9620 9643
9752 9816
4772 4838
2192 2258
1049 1115
6450 6512
1807 1868
2315 2376
3382 3445
1031 1090
1040 1110
4245 4307
5779 5845
9605 9667
3389 3450
1028 1091
3097 3166
1417 1486
8872 8928
6059 6115
778 835
8460 8517
4249 4307
1797 1865
9648 9724
3899 3957
9397 9466
5002 5061
1186 1266
7846 7926
8751 8830
5654 5703
2570 2648
7319 7365
9742 9821
2692 2770
1580 1658
8338 8388
8962 9044
4226 4309
3624 3711
3744 3831
7849 7934
5557 5602
4864 4952
2315 2387
3358 3399
8116 8173
9791 9830
3585 3675
3895 3948
9123 9208
4097 4188
2235 2278
7190 7243
6148 6233
2729 2807
6966 7016
8711 8793
5046 5096
7198 7232
9007 9073
5050 5092
4387 4476
3739 3780
2340 2427
7217 7278
8724 8779
1295 1391
1676 1773
8253 8284
9502 9596
3517 3550
4365 4457
2965 3056
7574 7667
7451 7550
8335 8426
3764 3795
6567 6607
9510 9550
1063 1102
176 218
9911 9949
4614 4717
9907 9944
2578 2686
7082 7110
3733 3832
4411 4438
9602 9711
7680 7789
519 617
2724 2762
769 879
4875 4964
2699 2811
7696 7776
5907 5987
314 331
569 584
2743 2758
7042 7152
810 857
2217 2269
3246 3290
2210 2262
8098 8150
6432 6484
4140 4185
6463 6474
3468 3578
1416 1534
5264 5350
4618 4733
1828 1875
3355 3436
4268 4315
7475 7492
5896 6001
4480 4602
1174 1261
388 504
9094 9210
2096 2125
4495 4593
2342 2470
8984 9112
8238 8366
8263 8390
9587 9713
7037 7167
9747 9873
3947 4072
2352 2483
5443 5568
6182 6309
7711 7835
8036 8160
2657 2788
7938 8071
4398 4520
3960 4094
3608 3742
5459 5589
9730 9866
866 1003
8799 8918
4179 4313
7807 7924
3967 4083
9301 9433
8063 8178
2671 2785
53 186
892 1011
8317 8434
2902 3014
2567 2711
5678 5822
9042 9155
3597 3743
8455 8597
2604 2751
3638 3749
2095 2236
5467 5582
8827 8942
6661 6803
7256 7360
2424 2529
7460 7613
263 413
2912 3066
4107 4241
2111 2212
8312 8419
5947 6048
5177 5282
5233 5357
6007 6122
6935 7049
29 130
2562 2717
2630 2790
8454 8614
5138 5298
1097 1256
3596 3757
1400 1498
9081 9179
2087 2180
774 933
3181 3278
3128 3228
3098 3263
1617 1780
8799 8954
6224 6389
7997 8091
7450 7612
5412 5507
864 968
8495 8583
5196 5348
8002 8170
7977 8065
9596 9684
7494 7662
6677 6844
5672 5762
3199 3284
5128 5283
7989 8094
7681 7850
1116 1264
8823 8923
2857 2948
4220 4306
7013 7115
4456 4551
1558 1721
800 912
6690 6802
5648 5792
4424 4601
4414 4495
5146 5291
1322 1432
6782 6860
7285 7367
91 239
3641 3725
9768 9884
8546 8662
1616 1765
2893 3064
9740 9913
5648 5797
5961 6140
3587 3765
8554 8668
313 398
1623 1760
1288 1471
31 168
7464 7583
3918 4086
9316 9437
4356 4542
9087 9157
1313 1434
3848 4020
8027 8167
4471 4554
5430 5515
5145 5284
3615 3745
106 212
8526 8688
45 237
4099 4290
8981 9172
261 455
8818 8880
9079 9141
8046 8109
9068 9135
4120 4316
8293 8352
1350 1422
8458 8642
516 717
1385 1443
4608 4810
57 243
9327 9381
8713 8898
1831 2027
3962 4023
1344 1421
1131 1190
3842 4044
777 967
1361 1439
7734 7928
4610 4818
1537 1744
6926 7133
8470 8645
2629 2705
1582 1787
5490 5541
4702 4742
3595 3795
3629 3829
3194 3234
1026 1243
7472 7657
6947 7161
1808 1995
3074 3289
7688 7891
5682 5865
9502 9669
5481 5554
8318 8354
9549 9617
5426 5615
6212 6297
7940 8153
3879 4088
6772 6827
2574 2798
9478 9702
6262 6294
5241 5273
8202 8424
9550 9643
4218 4252
4114 4340
9009 9175
3944 3983
330 429
5132 5355
4204 4228
5970 6074
7474 7642
86 191
7038 7063
9772 9925
3333 3567
3708 3734
5900 6118
5691 5841
3608 3827
8303 8324
6208 6315
5428 5599
2348 2496
3160 3252
2918 2954
4199 4234
5485 5504
6756 6793
68 170
4117 4347
7198 7408
6443 6596
2865 3009
9583 9631
5393 5601
6990 7102
5653 5860
6708 6854
7180 7423
4612 4848
3373 3545
2121 2236
4380 4585
3875 4054
6486 6563
5915 6126
1034 1276
7436 7674
1305 1518
3603 3818
9026 9147
2655 2725
9743 9973
5989 6047
1849 1986
879 916
2922 2967
6718 6851
6167 6378
8740 8922
2612 2763
4258 4515
4685 4940
4096 4354
6746 7000
1083 1336
9277 9534
6849 7106
2803 3063
4154 4414
2733 2985
6722 6982
221 472
3663 3914
2110 2360
3659 3917
738 997
2173 2421
2813 3061
5320 5568
1236 1501
1043 1305
9443 9705
9389 9633
522 775
6216 6469
4229 4491
3249 3519
1075 1340
8250 8501
2163 2403
7793 8033
8375 8615
22 260
5197 5471
6718 6956
3802 4046
3154 3398
7785 8061
129 404
8809 9084
8833 9110
5120 5399
3256 3488
6877 7108
6713 6944
9339 9570
3309 3575
1073 1323
3112 3378
7358 7588
4701 4934
5679 5940
9325 9590
2669 2929
4232 4500
9466 9702
4652 4914
2810 3045
7411 7660
3746 3970
3149 3436
5300 5525
3587 3873
5640 5931
30 314
7246 7528
8396 8683
5830 6113
5337 5630
6346 6627
5863 6093
7898 8176
3761 3994
8812 9031
4308 4600
81 380
1130 1351
9450 9671
8800 9038
8321 8623
3685 3914
1752 2039
2155 2372
8911 9184
741 981
9223 9527
7852 8092
7932 8140
5719 5991
6232 6505
5278 5551
3269 3575
3813 4055
1035 1337
7713 7955
5733 5975
6747 7016
7291 7503
9293 9593
9455 9690
3635 3845
2638 2937
2200 2479
538 802
2247 2558
3259 3457
7184 7466
6314 6544
1024 1339
3698 3913
8845 9137
8443 8647
6295 6571
3767 3978
7730 7951
4150 4361
7781 8026
8257 8574
4662 4982
1094 1286
2775 2967
1593 1913
7841 8161
3123 3442
3165 3356
8269 8460
3612 3934
2302 2490
5148 5464
8239 8555
3217 3543
6713 7039
6327 6640
2701 3013
4163 4363
2757 2957
7685 8013
6855 7054
744 930
661 991
5828 6030
5843 6041
5352 5538
4667 4976
6194 6521
234 422
7366 7562
3672 3861
9327 9506
6365 6547
7171 7501
1070 1377
4130 4466
2688 3024
8765 9069
9322 9530
5259 5595
2130 2307
1096 1306
9424 9602
7806 7980
8199 8533
5675 6009
56 363
1110 1282
4172 4376
3262 3563
8443 8622
8211 8518
7744 7958
2081 2422
6757 6962
7362 7573
8717 9045
5660 5956
6787 7131
2749 3044
2764 2966
6184 6514
5849 6019
1595 1888
6361 6530
162 510
5722 5894
3630 3955
650 983
7328 7677
6873 7099
9240 9594
4162 4385
8877 9166
223 443
7266 7430
9264 9557
3710 3864
7364 7586
246 401
1126 1281
1638 1793
3181 3338
6308 6595
4216 4368
3304 3456
3727 4071
4625 4985
3075 3434
6390 6559
8367 8646
3320 3474
2576 2938
7807 7957
8249 8531
7300 7662
1540 1903
4692 4927
3223 3580
6197 6494
7292 7447
1783 1947
2640 2877
8374 8667
1156 1515
2289 2462
2169 2326
2739 3011
7378 7586
1709 2012
3141 3380
5221 5396
3127 3396
4 375
3085 3449
1060 1361
5215 5418
5705 5951
2650 2861
8415 8616
6779 6924
7235 7476
1727 1991
3659 3891
5709 5941
6875 7075
7718 8031
7279 7446
2650 2848
6253 6423
8771 9017
5288 5586
1554 1897
5327 5556
8856 9187
1208 1476
8828 8960
34 348
1601 1855
4659 4941
2283 2453
9297 9518
1723 1851
3096 3480
8252 8636
1220 1349
7284 7669
88 474
733 863
696 827
46 429
5714 6097
2684 3064
9294 9674
735 858
3720 3853
3267 3398
222 347
6871 6994
757 883
3736 3870
9402 9532
5305 5439
4275 4411
7338 7458
622 999
3311 3429
3687 4077
2223 2341
5231 5605
8203 8576
8829 9206
9307 9687
2698 2823
5804 5921
2205 2323
2239 2352
6730 7130
1160 1306
6371 6513
1120 1523
8958 9066
8442 8558
8441 8557
8896 9044
4773 4912
155 270
3243 3390
8918 9027
3255 3360
3692 4084
2051 2458
116 494
670 772
2674 3049
6237 6598
7764 8143
6350 6485
4292 4440
4169 4565
5161 5557
9358 9490
6347 6487
3210 3348
1135 1521
5854 5952
1097 1494
8745 9142
1085 1437
1238 1398
4178 4595
5327 5486
5847 6006
8213 8628
2171 2521
7383 7541
2733 2830
5237 5590
4839 4931
5298 5398
8802 9159
6234 6655
3731 3893
2682 3036
600 1022
4137 4494
5867 5964
5768 5935
9890 9989
4129 4489
703 790
8900 9070
7353 7443
2738 2841
2694 2858
734 882
1647 1985
2738 2844
6707 7069
7821 7971
1641 1990
2623 2960
7730 8093
2780 2924
6224 6624
6397 6477
1760 1873
1737 1912
5647 6078
6146 6576
8297 8667
3752 3867
6833 6917
9914 9998
3591 4018
6268 6601
1605 2035
4147 4485
3115 3484
1700 1811
633 974
6764 7131
2265 2401
6812 6948
5216 5592
1245 1380
135 316
173 278
223 356
6193 6541
4828 4961
6709 7048
8341 8488
3681 4063
3080 3511
83 492
1278 1345
8840 9015
7323 7460
595 915
1631 1951
6387 6451
6159 6607
8957 9021
7196 7645
2615 3061
6861 6927
7682 8129
8422 8485
8316 8639
6663 7107
2747 2942
3788 3849
5832 5902
1548 1995
175 360
6170 6621
5877 5938
4793 4977
1257 1313
4835 4906
7769 8080
6774 7101
2188 2368
6184 6628
7734 8186
8222 8659
5768 5957
7231 7665
4808 4871
5348 5419
8263 8584
8742 9193
8764 9196
5292 5500
3262 3439
6728 7065
5773 5980
577 915
2726 2932
5313 5395
5265 5442
8270 8605
1272 1324
2274 2358
4198 4530
5868 5944
6250 6590
3801 3852
2686 2987
9355 9566
9357 9563
1738 1810
3654 3998
4299 4370
6846 7015
2084 2558
8806 9149
1229 1297
9941 9993
2067 2510
660 841
4766 4931
7362 7455
9403 9574
2214 2424
4133 4603
4789 4970
7829 8010
5756 6051
3597 4076
3226 3451
1596 2014
2081 2498
4272 4436
4326 4355
82 439
7389 7480
128 358
9383 9537
60 475
1111 1456
9270 9681
5818 5970
2625 2984
136 353
1200 1371
1188 1359
589 928
571 981
2633 3000
4821 4900
6847 6990
6760 7066
8292 8598
2280 2331
2240 2356
9445 9489
6817 6997
6693 7121
2071 2530
3720 3965
4786 4935
2790 2832
2193 2407
1210 1356
5782 5984
6708 7106
7283 7557
2681 2958
578 949
5125 5618
7881 7998
8738 9178
5743 6039
248 257
25 480
9329 9608
5260 5493
2654 2980
3312 3339
6220 6576
7855 8019
725 808
4156 4546
7207 7641
3142 3513
618 917
6390 6409
3130 3642
131 643
7583 8095
62 575
2215 2726
5222 5735
3346 3856
6278 6788
5169 5683
3325 3838
5267 5776
8386 8897
6392 6907
7419 7935
9371 9887
6420 6929
5400 5917
3094 3600
3329 3847
7298 7812
6375 6881
7671 8177
7548 8059
7371 7884
2549 3068
5220 5741
6144 6665
9284 9806
4246 4765
141 641
7496 8004
7421 7921
6374 6888
3243 3748
2310 2825
7285 7802
7300 7819
1205 1701
9404 9900
1133 1660
402 899
7603 8097
1376 1907
8671 9164
7541 8038
2244 2768
3184 3685
2317 2843
3474 3972
2355 2853
4276 4770
5478 6000
7439 7961
5227 5757
1045 1538
4322 4853
1426 1925
159 648
9319 9840
6373 6898
165 701
5493 5996
5438 5924
6552 7043
8209 8714
72 596
9454 9970
6635 7159
8567 9067
2167 2664
3506 4013
426 949
1522 2029
1481 2006
3560 4087
4141 4658
7352 7847
8595 9100
3454 3932
6294 6836
6638 7116
8329 8874
1173 1713
1517 1993
6320 6804
5307 5790
6271 6745
3133 3610
6427 6972
2350 2822
502 990
3302 3791
3251 3738
1180 1719
1056 1547
9220 9775
3174 3658
6520 6996
6472 7012
4318 4851
2459 2998
2264 2805
6575 7042
9363 9918
2417 2911
3467 4004
5247 5712
1318 1814
1176 1704
7527 8023
6161 6689
7331 7826
8702 9167
5449 6008
2385 2915
7525 8023
5240 5707
9282 9841
2456 2988
2548 3008
8493 8985
7625 8188
7663 8153
2248 2815
2166 2625
7506 8042
134 700
8243 8713
6247 6749
9244 9766
6266 6720
5392 5931
181 649
1065 1557
2310 2874
8483 8991
6599 7161
9375 9889
7169 7742
8561 9038
331 779
5616 6064
7354 7930
6377 6825
5179 5754
170 744
3387 3961
6335 6909
8354 8928
9272 9851
11 591
6495 6939
3501 4072
7410 7863
5390 5963
5188 5635
1214 1780
1274 1712
302 869
1424 2011
431 995
5379 5967
6578 7164
9538 9996
4219 4660
2111 2672
368 831
291 876
9409 9870
6155 6747
4184 4617
5389 5982
2243 2711
4141 4729
7630 8091
7594 8191
9263 9850
485 947
1141 1570
1491 1931
6204 6757
4291 4761
4336 4778
2185 2771
4349 4774
7250 7689
473 901
3315 3759
3139 3613
1515 1973
2406 2873
1346 1826
3532 4012
4428 4908
3337 3944
7284 7701
1368 1850
123 537
456 940
2156 2568
7286 7698
4377 4988
2304 2917
2338 2887
4159 4698
6262 6672
7492 7970
377 785
6524 6932
2448 3066
5205 5695
9354 9952
2353 2906
8315 8720
7543 7963
2303 2706
1477 1960
2372 2857
9336 9749
336 830
55 601
145 767
5197 5667
3367 3927
3161 3625
4119 4710
5276 5870
2162 2566
9282 9782
6285 6905
6463 6985
5524 6114
2086 2641
6548 7139
9359 9976
3353 3937
6567 7135
8237 8789
1239 1710
3433 3859
6445 6999
9319 9755
8598 9194
3565 3984
3523 4030
2316 2931
1161 1782
150 745
2153 2582
8300 8940
4190 4831
475 858
8609 8995
367 1004
7181 7822
1072 1717
98 743
3072 3718
1053 1691
5183 5817
9389 9771
3254 3646
1242 1619
414 791
2083 2730
8627 9018
3395 4041
178 568
2174 2803
9464 9845
174 544
5302 5688
1108 1755
1387 2020
1399 2040
1531 1908
5234 5885
3460 3860
1502 1871
450 848
6303 6669
1387 2040
6244 6903
8348 8719
7254 7877
4180 4800
8425 8829
2422 3040
3524 3922
5567 5929
4529 4902
88 704
1047 1679
1508 1916
1299 1930
6324 6701
418 824
8361 8755
4381 4998
1427 1807
8254 8867
479 894
57 667
4191 4858
8241 8852
2537 2894
4169 4846
5629 5978
1059 1675
70 750
493 837
68 749
8621 8964
3364 3982
6341 6767
9632 9994
254 597
3568 3932
9281 9965
7408 7773
5625 5972
424 774
6477 7139
2475 2820
4596 4955
2263 2663
1311 1967
6441 7065
127 718
5458 6112
8285 8943
6515 7105
316 911
3330 4017
5573 6006
5378 6065
4320 4693
5217 5844
8349 8744
4298 4732
3435 4061
8257 8951
3178 3805
5513 5950
9235 9892
338 1002
443 771
9343 9927
6176 6809
5334 5740
8379 8705
1035 1712
6413 7094
3224 3620
6250 6870
2549 2888
4244 4650
3265 3711
6597 7034
3173 3749
2446 2894
1046 1751
4102 4807
5224 5801
5532 5976
6491 7071
3204 3649
166 611
7280 7861
1242 1564
8345 8798
8469 9170
2435 2891
6357 6685
5130 5827
9458 9787
5436 6133
394 833
1367 1948
3429 4009
7244 7808
9250 9966
240 573
9306 9879
284 978
3383 4089
1188 1642
6422 7128
4134 4841
2219 2683
3248 3680
115 675
6188 6908
4570 4875
2122 2715
1217 1555
8565 9127
8454 9173
1266 1574
3156 3712
5629 5928
1283 2005
1485 1819
9444 9778
8575 9128
4166 4766
3298 3643
3569 3880
5252 5725
6172 6853
6478 7063
7172 7902
80 652
6199 6891
4225 4700
4498 4943
8373 8808
5378 6111
8332 8785
421 891
3375 4081
5514 5973
3257 3673
3200 3680
2225 2641
1312 1984
3143 3751
9470 9759
3396 4006
1112 1724
8478 9210
230 515
7257 7868
8335 8809
8537 9151
4280 4689
4226 4712
1037 1767
2515 2873
4199 4749
3285 3646
9291 9888
9699 9992
321 940
8265 8868
2126 2720
507 789
7568 8062
3526 3881
9419 9764
3504 3904
6151 6902
1428 1894
182 580
3287 3620
2381 3006
1033 1786
196 560
3231 3691
8640 9013
3111 3793
9385 9823
5121 5879
5613 5914
259 1018
8585 9072
289 987
4099 4856
2250 2609
8650 9014
6185 6869
7254 7850
84 681
2233 2628
6602 6967
7427 8189
2457 2712
188 957
4586 4843
5530 5787
5602 5856
8675 8929
6430 6684
2113 2882
5445 5702
9675 9928
8291 9056
8405 9174
1201 1973
8398 9162
7326 8090
7532 7785
5469 5723
2261 3036
5325 6084
51 825
1393 1659
9522 9784
6586 6832
8450 8712
3336 3588
1244 2001
4160 4941
7569 7836
4149 4923
4187 4949
8636 8882
1170 1949
2179 2956
2079 2832
3378 3645
8286 9041
4561 4801
6578 6818
5611 5882
4157 4911
65 851
3198 3947
1522 1767
5358 6139
5308 6057
3543 3776
6482 6730
3446 3695
6450 6699
1412 1694
1525 1775
7666 7912
3172 3967
4373 4622
2313 2578
1051 1792
4528 4780
5492 5736
1327 1586
7206 7995
7237 8027
2545 2798
2287 3023
1467 1690
4486 4775
8441 9176
1147 1881
9618 9905
5331 6128
341 625
3074 3878
6318 7050
2555 2782
8266 9071
5282 6023
117 851
143 936
6634 6861
5213 6010
8701 8922
6377 7105
2308 2606
2259 3065
6280 7075
446 658
2441 2725
2160 2908
9708 9920
312 533
5354 6087
8308 9049
2433 2735
4575 4849
5436 5650
13 802
2158 2881
1178 1962
7286 8006
2499 2802
7617 7923
2144 2899
7189 7974
3402 3710
110 859
8205 9016
2274 3028
1374 1640
9727 9929
2508 2811
3523 3828
310 526
5253 6077
3421 3684
6298 7072
6211 7033
5620 5838
4592 4811
7287 8012
7334 8093
6454 6666
1354 1652
1277 1987
7438 7758
2093 2927
7444 7766
4439 4628
29 862
3095 3924
9621 9942
6621 6814
7282 7990
6454 6771
142 969
7335 8160
8563 8763
6410 6722
138 963
7671 7870
2058 2880
2130 2841
4581 4782
9527 9852
5132 5959
164 1000
1276 1968
320 526
9586 9789
6306 7149
7215 8032
2542 2750
1037 1885
3547 3722
7632 7809
5473 5680
1436 1742
329 539
7602 7904
5256 6106
8339 9152
6562 6897
3509 3809
281 589
3467 3807
4598 4770
488 701
206 920
255 937
2551 2721
6449 6759
5281 6135
5246 5929
2396 2564
3176 3889
1394 1576
2320 2634
8197 9055
4532 4847
3553 3770
2273 3002
6286 7125
8631 8939
3501 3824
1411 1758
9633 9980
1202 2028
333 531
7396 8122
7341 8179
3571 3756
87 776
3159 3848
410 763
8346 9211
4369 4723
3532 3758
1233 1971
6637 6799
4519 4804
7595 7887
8409 9149
6425 6781
21 880
6552 6909
1123 1797
7510 7728
183 976
7608 7903
5564 5845
2431 2581
7265 7947
6639 6789
8572 8726
6513 6683
509 662
2228 3039
3146 3873
6315 7111
3318 3995
8509 8784
8596 8953
7615 7889
8272 9022
1249 1934
8547 8716
1048 1896
1455 1759
2182 3062
9592 9736
2201 3051
7609 7883
1181 2025
6569 6877
9654 9922
6273 7157
1365 1568
9597 9736
4403 4676
9503 9832
9480 9855
2362 2626
5584 5800
2108 2885
211 938
148 1006
190 964
1261 1943
163 984
1083 1863
4168 4916
2362 2631
222 931
3468 3825
8370 9167
4559 4785
7369 8119
5444 5690
2415 2576
9515 9812
3189 4085
3150 4046
2500 2628
1474 1602
7359 7999
7344 7984
5293 5933
269 652
2102 2999
2180 2822
2445 2575
6605 6735
3349 3734
3557 3681
4258 4903
8219 9118
1086 1977
2478 2598
8210 9115
8264 9153
5510 5647
2213 2862
8589 8710
9508 9897
5200 6110
235 868
2398 2766
4284 4910
2342 2741
5511 5651
6424 6796
6408 6813
6589 6698
2199 2831
7513 7875
2128 3019
2513 2639
2516 2634
6252 7154
9555 9932
7628 7788
6197 7061
3518 3615
2412 2766
6216 7146
8206 9132
7201 8067
8578 8736
9650 9744
3347 3760
2505 2669
5509 5665
5451 5871
7653 7744
2391 2801
1335 1681
3418 3837
3261 3866
6444 6795
9376 9991
9703 9792
9535 9879
8620 8708
5371 5971
4298 4963
1073 1944
4449 4811
2083 2953
95 1013
1041 1980
2314 2724
8694 8792
3309 3906
108 963
20 955
7453 7858
201 889
3242 3866
8446 9039
7426 7859
7561 7738
7480 7819
231 850
1057 1940
505 588
8223 9130
3538 3684
7555 7733
7329 7959
8204 9146
3566 3673
4429 4858
1510 1630
6404 6844
5314 6010
5410 5786
4492 4661
399 566
1137 1992
6441 6800
3386 3712
3301 3934
3505 3594
6351 7028
7269 8158
5628 5703
7529 7890
8377 8962
3148 4080
9575 9947
2251 2934
3193 4036
3471 3633
3082 4042
1289 1736
8462 8911
6652 6717
1122 1952
9673 9739
2069 3030
6611 6679
2470 2659
375 690
5486 5803
9644 9833
5265 5972
4526 4712
5347 5925
2377 2702
4513 4710
7558 7745
5286 5998
7539 7867
417 616
9720 9777
4509 4695
4541 4726
4343 4924
5518 5701
2337 2797
5137 6109
6281 6981
8510 8946
5497 5813
4280 4981
9531 9974
6372 6954
6629 6698
3199 4015
350 654
245 805
2103 3046
5285 6004
3190 4004
1427 1600
3495 3699
1131 1983
1513 1596
1052 1994
8586 8796
1218 1813
3297 3894
6600 6687
9438 9993
7346 8037
7660 7732
7230 8166
423 638
6343 6942
1410 1624
4497 4683
6156 7126
8638 8804
7394 7992
3295 3844
7597 7798
2308 2776
3305 3893
8337 9037
3566 3635
2353 2796
3152 3981
3383 3817
4559 4625
3098 4037
3214 3921
2302 2849
103 903
8221 9213
3211 3946
9724 9757
4591 4621
5422 5836
3339 3816
7217 8146
4451 4743
8381 9048
5380 5857
9577 9868
4372 4850
6243 7045
2234 2909
6225 7094
7500 7851
5294 5958
2135 3004
1103 1956
44 960
7245 8096
6613 6712
5578 5671
7296 8045
2491 2645
3145 4007
4470 4760
5531 5749
8461 8931
1451 1626
3475 3682
6456 6857
3155 4001
193 819
8400 8994
1330 1729
7497 7866
74 959
1395 1669
2511 2615
5450 5810
228 797
9618 9835
7218 8139
4309 4911
8306 9096
179 840
6281 7026
3399 3771
8363 9047
1225 1844
2404 2713
9523 9934
388 634
224 798
159 865
4392 4822
2109 3010
559 1583
339 1363
89 1113
2607 3630
5012 6037
404 1430
6782 7804
8416 9442
6503 7524
8697 9725
815 1834
2831 3849
2454 3473
8748 9771
2203 3219
6543 7559
201 1216
632 1649
6657 7688
8407 9436
2688 3724
6637 7649
6901 7929
167 1194
2255 3266
2978 4012
8349 9362
449 1489
2819 3858
2183 3221
2563 3601
8475 9481
3029 4038
8325 9366
8212 9216
8451 9495
1009 2023
2921 3966
6258 7269
6920 7952
8794 9794
6179 7226
817 1835
5026 6073
8308 9321
6935 7945
8606 9662
5004 6060
889 1880
8588 9645
6498 7488
6930 7984
5056 6114
881 1877
636 1625
8419 9414
6696 7693
8589 9642
992 1992
6164 7229
8400 9465
373 1375
2637 3687
556 1543
2718 3765
6219 7264
8996 9999
2839 3898
595 1662
2484 3483
2381 3426
8338 9378
6331 7306
179 1153
923 1961
912 1954
5 1078
2211 3216
2282 3294
6886 7890
66 1143
2241 3319
2653 3690
2410 3410
259 1338
2140 3174
2687 3653
8 1074
2507 3568
8905 9973
806 1819
8615 9626
993 2015
2867 3852
69 1146
8895 9856
6917 7994
2452 3540
6762 7722
737 1696
6760 7721
8923 9881
2516 3479
2577 3668
2053 3136
8584 9677
5007 6090
2834 3925
508 1467
2291 3252
8641 9606
6305 7398
8686 9638
5008 6104
927 2006
3051 4002
2514 3486
2121 3077
6231 7195
780 1859
547 1644
866 1842
158 1230
570 1643
5049 6120
58 1128
6989 7966
540 1608
74 1054
6688 7796
2949 4051
770 1876
6742 7681
6313 7409
8669 9607
6304 7418
6783 7717
7034 7969
3037 3969
2651 3590
6977 7964
422 1528
6813 7874
2210 3266
6673 7793
8244 9300
7098 8155
550 1604
6509 7439
3068 3993
867 1798
217 1215
2159 3081
2991 4041
6812 7930
2959 4070
5071 6054
7053 8166
8216 9331
8827 9744
416 1484
753 1693
6907 7831
363 1286
558 1603
2840 3957
6488 7478
8746 9796
1007 1920
2963 4092
382 1294
2267 3242
6992 7969
8408 9385
3059 3969
6602 7608
6943 8045
2706 3809
325 1334
8291 9232
8356 9424
8847 9979
6296 7404
823 1858
5087 6058
2384 3367
355 1300
1001 1950
5092 6035
8577 9721
2600 3667
958 1989
8269 9270
6991 7988
7166 8066
2508 3505
2900 3881
6356 7337
563 1612
529 1680
2208 3105
3029 3924
8732 9885
6612 7509
8959 9854
6651 7545
6311 7205
8544 9698
6570 7465
3060 3953
209 1108
427 1326
8464 9621
8438 9331
586 1740
8568 9712
3027 3929
2837 3999
2556 3440
6382 7266
6923 8070
6753 7916
6625 7535
6391 7289
756 1659
2585 3721
510 1390
6588 7468
5034 5946
6992 8130
2812 3695
8207 9372
390 1298
970 1884
8368 9255
6848 7768
380 1509
2374 3548
8392 9298
601 1730
460 1367
7108 8031
8903 9820
8219 9344
838 2010
2853 4024
8875 9782
712 1622
818 1964
621 1779
2969 3847
8324 9242
8742 9912
5010 5901
5068 5996
6753 7872
523 1705
2863 3979
2282 3150
6195 7319
8659 9591
5115 5981
898 1829
67 1259
562 1688
8201 9379
6522 7632
8233 9347
244 1113
6697 7812
5009 5948
5016 5941
814 1920
7018 8132
51 1180
2189 3106
5062 5993
2988 3869
645 1588
2582 3751
5102 5983
2909 4078
430 1309
6318 7194
2103 3201
2257 3175
8199 9393
8929 9815
6931 8101
2515 3428
2071 3247
6964 8076
6333 7173
8945 9801
2668 3797
8426 9299
3052 3926
8313 9411
193 1146
2744 3588
8948 9800
139 1076
6749 7837
2408 3497
3065 3896
8767 9982
590 1676
669 1631
306 1521
229 1056
2157 3240
8553 9644
272 1496
258 1483
2477 3430
2499 3343
6476 7553
6895 7714
2594 3821
8749 9954
6233 7318
943 1919
2104 3304
3010 3859
2836 4037
155 1098
6507 7610
8430 9279
2974 3916
664 1610
2554 3368
7008 8114
2961 3906
2718 3661
8549 9654
8499 9703
8786 9862
749 1592
586 1695
8313 9391
2439 3408
2986 3954
6946 8186
6481 7561
702 1639
1018 1824
6914 8152
684 1648
2351 3571
7055 8019
2683 3750
2181 3160
8254 9443
8861 9792
2618 3812
8436 9259
8909 9746
968 1832
2421 3476
924 1917
6692 7878
967 1828
483 1280
2270 3133
6876 7743
8569 9629
682 1615
686 1608
8458 9708
204 1067
6349 7210
8486 9665
8585 9582
8699 9500
2732 3652
1012 1821
2616 3793
659 1657
8653 9511
2299 3088
6186 7361
7023 8068
18 1278
512 1772
308 1497
2178 3180
2417 3459
807 2005
2838 4069
8417 9234
8342 9317
2401 3477
2539 3358
3024 3878
2860 4059
2592 3799
8289 9369
6191 7382
8523 9650
6642 7432
2833 4077
6430 7651
153 1127
620 1682
6243 7325
9099 9867
6758 8038
6970 7738
2055 3334
2243 3521
6350 7629
2275 3556
818 1589
12 1291
6415 7176
6895 8168
2795 4067
257 1033
7083 7843
395 1154
7157 7932
5078 5852
6257 7546
761 2037
8554 9318
672 1965
2889 3652
2097 3388
6218 7495
8240 9534
8660 9435
9160 9927
6504 7271
241 1505
2818 3602
7110 7894
9075 9825
6415 7196
8323 9616
2707 3974
6453 7203
92 1355
496 1256
574 1831
6459 7201
61 1318
2960 3723
6780 8039
2541 3313
942 1714
6389 7656
71 1369
6672 7950
6729 8040
8658 9456
2281 3530
6399 7643
6435 7175
7067 7869
8472 9278
6217 7534
2343 3086
6154 7459
8292 9549
3055 3781
2328 3123
2449 3258
2887 3690
8687 9410
9145 9878
6370 7634
646 1975
6913 7731
6586 7304
747 2008
821 1542
9065 9818
8382 9613
2598 3858
2182 3507
6995 7782
581 1907
5082 5868
6829 8085
661 1964
8604 9381
2868 3598
8445 9671
220 1511
6653 7366
9016 9731
6616 7395
2436 3256
2472 3220
9111 9899
5101 5841
893 1600
396 1201
2105 3332
5020 5793
9029 9848
1008 1743
9089 9918
6975 7680
6159 7503
6328 7672
8282 9499
8309 9524
720 1938
973 1672
6616 7326
7003 7708
2419 3129
2972 3798
463 1157
5035 5857
7019 7713
8691 9401
6683 8017
3026 3737
8578 9417
596 1817
6523 7222
2673 3903
313 1143
2361 3191
6207 7537
8996 9834
699 2036
6277 7626
6235 7435
2442 3291
274 1089
6827 8184
218 1422
606 1803
2459 3277
8797 9995
6326 7648
517 1874
6422 7233
2286 3510
9092 9948
8651 9363
8991 9799
8393 9619
2763 3984
7093 7918
6221 7441
6619 7303
2197 3528
6509 7219
2378 3093
5109 5781
6777 7961
7073 7873
2469 3271
2067 3440
2101 3409
801 1606
8415 9656
6359 7600
102 1294
6823 8143
6274 7659
2630 3884
2559 3220
6903 8092
8581 9449
727 1978
3039 3762
6630 7304
6526 7185
9085 9741
433 1219
481 1171
2994 3782
3013 3761
2962 3814
8700 9352
8403 9639
6628 7313
6285 7672
340 1058
6676 8035
7097 7875
919 1772
2759 4027
6230 7467
2370 3132
2852 3674
2486 3272
6200 7494
249 1401
229 1381
2785 3937
8326 9478
3060 3701
6838 7991
161 1314
7142 7781
7027 7920
6168 7580
2614 4019
8654 9291
2531 3173
2658 4068
6214 7616
499 1140
6414 7305
8530 9429
2919 3823
6925 7815
9101 9735
861 1745
2666 4070
9024 9932
891 1771
6923 7834
6475 7386
607 1997
2926 3834
8529 9413
6679 8066
7071 7689
6773 8163
2513 3142
7124 7747
7123 7748
685 1845
8518 9438
8987 9859
6840 7970
267 1168
8623 9268
6580 7215
5112 5732
702 1827
9082 9959
8304 9710
252 1372
5006 5678
5103 5711
6473 7401
2349 3214
9108 9783
2555 3167
160 1284
2413 3273
8437 9553
530 1975
338 1271
14 1451
6825 7951
2795 3916
6240 7623
8365 9482
2605 3973
918 1598
407 1086
2241 3432
6302 7479
450 1128
2626 4073
7154 7774
2618 3991
9189 9803
134 1321
2905 3830
2536 3143
897 1585
8321 9520
8625 9219
549 1942
6147 7600
6721 8181
6462 7307
8560 9414
8384 9591
2152 3536
5054 5639
6275 7482
7058 7723
6613 7279
8247 9613
6248 7636
6764 8144
2112 3582
937 1559
8673 9311
6383 7505
988 1635
847 1678
7160 7737
2138 3486
6355 7447
6353 7445
6548 7248
148 1362
2912 3750
939 1645
2792 3887
6470 7297
215 1311
6681 8144
9002 9953
9122 9833
9193 9762
8436 9528
6309 7529
6786 8015
9034 9860
2134 3481
2200 3415
8359 9576
8437 9530
2661 4021
6229 7557
620 1981
5078 5636
2580 4032
6275 7511
6938 7886
2737 3940
9004 9979
6971 7916
8563 9387
300 1269
746 1843
1017 1571
6796 8022
70 1434
943 1650
782 1747
2710 3915
853 1672
7030 7851
9134 9840
6253 7603
6886 7992
2547 3116
6748 8067
8362 9589
2249 3369
2143 3519
2512 3120
8294 9606
6649 7193
9138 9810
8572 9373
6497 7299
853 1718
8333 9576
8510 9435
2496 3110
6786 8036
2154 3469
8295 9600
8512 9383
461 1061
347 1203
6376 7425
350 1204
5064 5667
236 1280
8665 9269
236 1281
2964 3705
2882 3759
6583 7258
7012 7817
8397 9504
617 1927
548 1994
287 1265
323 1197
445 1101
2206 3438
97 1424
2565 4086
101 1425
288 1236
919 1632
6256 7559
9207 9728
6954 7901
43 1491
2579 4074
1005 1556
997 1567
2098 3528
966 1597
37 1502
6289 7530
5097 5650
2120 3508
6802 8046
216 1317
2414 3219
605 1955
1019 1541
8552 9366
8351 9569
8972 9971
2596 3108
8336 9872
7167 7679
6912 7424
8761 9273
2102 3639
2815 3325
2209 3747
112 1651
1007 1516
2762 3273
3050 3561
7053 7566
2635 3151
297 1837
6840 7356
6379 7919
6271 7803
6635 8175
8989 9496
7009 7524
587 1101
3067 3580
6384 7927
8347 9884
3057 3577
8456 9984
7101 7605
9165 9669
6893 7397
2782 3287
2800 3321
2537 4064
308 1854
2088 3618
9136 9658
725 1241
6928 7452
7029 7544
2194 3740
252 1778
156 1682
7 1544
796 1299
6843 7348
6721 7246
6544 8064
2261 3783
2599 3125
2322 3841
612 1136
9139 9639
6266 7790
152 1677
2493 4011
3001 3503
6934 7424
6499 8052
3006 3492
2482 4008
656 1164
467 1998
6558 8064
8817 9326
9171 9676
9104 9615
2587 3131
650 1194
8989 9533
5057 5601
5038 5519
2136 3706
7088 7570
2527 4092
2982 3461
7080 7563
734 1274
2208 3717
2480 3989
6267 7773
6308 7820
6347 7906
2545 4059
2748 3222
9126 9612
2280 3779
8895 9364
476 2032
9158 9706
6642 8158
706 1263
72 1637
726 1275
6297 7860
8350 9907
486 1993
8887 9368
619 1115
2281 3800
256 1841
6643 8130
6251 7770
1017 1483
2898 3424
7022 7516
8846 9405
221 1769
8811 9310
6700 7193
2779 3308
2175 3656
6937 7470
8746 9245
7153 7624
8258 9849
623 1107
295 1818
6910 7363
2275 3805
6746 7268
2269 3810
113 1585
99 1571
979 1425
78 1549
5072 5523
2183 3779
8289 9765
253 1720
9172 9617
5088 5542
6471 7936
711 1167
6647 8127
6997 7453
8931 9387
7031 7487
2925 3364
6286 7879
8220 9813
6914 7499
2520 3986
8433 9915
7057 7642
9154 9614
6175 7763
905 1476
491 1958
8722 9311
6993 7425
6974 7534
5047 5606
1003 1465
5032 5626
6375 7860
649 1245
8935 9394
49 1639
9051 9475
6852 7325
6165 7759
732 1159
1020 1447
716 1168
7092 7656
6763 7220
6608 8112
2672 3090
6717 7263
2063 3692
7119 7596
568 1116
960 1444
351 1850
8832 9445
7037 7448
6284 7913
165 1731
553 1102
6148 7779
2850 3400
334 1829
3043 3464
3025 3514
6610 8121
2484 4056
2062 3683
8358 9931
6229 7739
7153 7582
6393 7830
2476 4060
6456 8011
2331 3951
783 1403
2223 3802
2946 3572
416 2007
373 1794
2689 3320
6980 7485
944 1482
7064 7650
2994 3529
207 1716
999 1435
3009 3516
146 1775
2117 3643
8352 9950
6967 7497
954 1477
8850 9453
132 1540
428 1836
6575 7983
6178 7842
8885 9268
6936 7579
819 1463
6373 7779
8328 9743
8217 9886
6921 7552
318 1972
497 1914
6300 7703
2983 3371
8358 9770
684 1057
6320 7741
321 1999
8952 9334
2139 3796
34 1709
2465 3886
8844 9219
6915 7564
551 1207
6630 8055
8947 9313
473 1869
6330 7724
731 1100
244 1635
2660 3315
54 1710
8867 9274
6756 7422
2290 3694
2742 3114
100 1784
6434 8126
890 1511
6820 7225
6929 7566
9082 9701
9214 9566
6386 7762
6892 7247
6387 7760
6388 7767
6214 7909
8226 9857
6179 7814
895 1496
2227 3611
8229 9868
2933 3551
6265 7891
2892 3559
90 1782
9161 9573
2403 4045
5058 5484
2600 3207
440 1815
2875 3476
9163 9572
6738 7395
9104 9505
6887 7253
6461 8079
6933 7591
3003 3336
6763 7384
5056 5491
2826 3518
6766 7386
5077 5485
6332 7684
2253 3700
7040 7481
484 1886
2620 3200
528 1196
3071 3394
969 1399
6834 7180
2165 3786
9152 9599
2620 3324
6951 7655
763 1082
2957 3404
50 1776
9086 9660
8314 9913
5036 5487
665 1117
9151 9594
6748 7322
362 1965
271 1991
463 1799
6822 7278
141 1604
6500 8109
7149 7463
7135 7445
2601 3298
110 1698
2231 3707
747 1061
2260 3611
2864 3583
2245 3605
6241 7857
6649 7977
2872 3561
2156 3773
6537 8024
6646 7975
911 1373
164 1654
6830 7293
2736 3172
2190 3675
8782 9371
2485 3939
2510 3865
277 1986
2133 3725
9063 9663
8949 9261
377 1955
2737 3179
877 1463
6201 7907
503 1836
9113 9538
8428 9776
2205 3648
2095 3826
655 1106
8862 9283
2643 3213
834 1437
2959 3439
7073 7491
8883 9303
6866 7223
145 1654
428 1867
8934 9217
225 1545
5035 5443
6965 7645
766 1047
9188 9486
2799 3076
6836 7256
5038 5442
9058 9615
6883 7181
448 1839
804 1492
6697 7384
6821 7252
205 1599
2609 3267
8356 9814
6878 7212
6310 7764
8739 9425
742 1045
457 1853
6186 7902
8323 9847
2997 3395
8961 9719
6606 7993
9043 9636
769 1531
2829 3569
539 1254
849 1452
2619 3270
9138 9548
8439 9737
723 1068
226 2018
6455 7735
683 1450
2224 4017
6711 7478
103 1893
2233 4027
6605 7887
6549 7831
2351 3628
2854 3109
6937 7197
6662 7426
8714 9486
47 1834
6922 7183
6604 7881
998 1248
941 1195
6331 8125
5059 5317
6647 7920
2184 3968
8707 9483
2945 3208
6566 7853
6448 7739
3031 3291
6523 7798
2385 3679
928 1200
786 1026
2061 3868
6272 8082
3011 3280
8502 9762
2827 3100
6934 7182
6465 7770
412 1664
6417 7693
520 1301
133 1947
713 1494
6330 8101
208 2032
2423 3671
9169 9457
8237 9997
2681 3416
6519 7766
7156 7381
2659 3392
425 1677
2099 3863
2687 3419
9093 9377
2240 4069
8545 9799
483 1732
9011 9236
311 1566
832 1129
762 1488
9190 9420
2258 4089
2856 3076
5058 5358
8790 9595
719 1505
8468 9786
2713 3510
2105 3862
2186 4005
9166 9441
2572 3388
500 1733
983 1253
203 2041
274 1569
210 2022
8893 9609
268 1593
6928 7205
8853 9635
6592 7927
2506 3827
8498 9739
639 1349
52 1800
248 1988
8839 9657
8508 9730
2259 4076
7029 7242
977 1169
1000 1192
2767 3471
6898 7602
2443 3785
6260 7991
2608 3444
2234 4094
3056 3253
8982 9299
8559 9769
8529 9751
35 1892
6241 7974
6648 7871
2701 3525
674 1514
2816 3144
6913 7241
2293 4028
53 1916
624 1337
298 1633
687 1507
2954 3270
345 1556
6973 7280
8531 9758
6891 7590
8618 9959
908 1218
8711 9544
9198 9407
5021 5324
2177 4051
2090 3960
9183 9357
48 1891
2933 3110
9054 9229
6239 7948
2456 3789
6218 7967
5085 5256
9150 9448
8284 9994
687 1527
2783 3463
2883 3099
6166 8014
8548 9788
6521 7712
6195 8041
3002 3297
383 1572
6906 7585
2989 3313
6676 7496
6656 7517
8481 9855
7162 7332
8516 9764
8562 9747
951 1237
6648 7834
9142 9428
105 1802
591 1324
8999 9283
309 1618
2256 4024
1 1897
2651 3377
6337 8107
6527 7699
6557 7923
653 1506
7005 7213
8703 9871
2426 3592
8317 9999
6529 7925
9125 9425
7028 7168
3001 3276
6337 8116
329 1599
6797 7675
6188 8026
902 1265
8461 9850
6505 7697
643 1530
2781 3495
8974 9332
359 1564
215 1963
6603 7863
8810 9494
2277 3992
980 1193
9066 9239
7076 7385
6850 7490
8753 9649
6428 7836
6901 7543
8670 9821
8649 9804
7074 7204
2350 3753
5011 5140
2086 4014
8944 9592
6719 7606
2411 3808
8860 9489
20 1946
8790 9689
2685 3565
108 2044
506 1642
982 1095
508 1646
2502 3668
2920 3322
446 1580
518 1429
6741 7622
5110 5221
8622 9786
9164 9304
671 1290
2203 3854
8724 9601
6191 8121
8625 9767
300 1723
691 1323
2115 4057
392 1555
485 1657
6437 7865
690 1327
9001 9396
6196 8107
8539 9924
2700 3372
9192 9288
5061 5220
6962 7313
6769 7634
317 1689
452 1632
6645 7761
206 1899
2567 3490
2584 3517
9157 9315
9191 9281
9051 9469
381 1748
6442 7808
2743 3356
6152 8099
6970 7318
5023 5171
2131 4093
9075 9437
2639 3552
465 1662
8526 9953
8815 9664
5093 5205
3054 3167
368 1729
2779 3433
2232 3850
5083 5225
295 1684
2495 3596
6951 7316
6571 7704
6624 7763
2449 3621
6841 7437
5111 5186
6644 7746
2746 3341
407 1568
2170 4045
6457 7809
7041 7225
346 1763
104 2001
7120 7273
6162 8104
8662 9836
2218 3857
6157 8118
6597 7801
2138 4071
6675 7598
2413 3757
6594 7682
8823 9655
2195 3922
6163 8146
2716 3422
2114 3968
6618 7704
9030 9348
6615 7700
6538 7753
6525 7870
6565 7777
532 1489
2511 3593
6451 7925
496 1591
776 1216
286 1750
2489 3698
6685 7638
2958 3138
2468 3688
561 1535
8705 9679
6976 7310
575 1520
2632 3463
8664 9751
192 1808
6636 7740
2151 4020
76 1951
6518 7845
13 2009
523 1503
8402 9990
6414 7899
2132 3970
885 1186
8761 9710
948 1132
2078 4038
6541 7765
2187 3921
2849 3323
8738 9720
2369 3738
2624 3484
2518 3594
2212 3961
8670 9731
8463 9938
793 1223
147 1868
618 1461
2794 3381
6585 7782
6274 8029
9005 9421
6542 7790
226 1795
389 1636
8617 9800
682 1352
6227 8113
6743 7605
582 1445
6551 7796
408 1660
6674 7670
9002 9423
8828 9625
6369 7943
2929 3222
6850 7461
917 1149
862 1204
895 1172
2955 3168
7164 7191
52 2009
6795 7526
6712 7638
2778 3381
2173 3980
224 1809
6483 7841
564 1479
6705 7618
740 1296
47 2010
6826 7519
2519 3617
6691 7636
8651 9788
5085 5162
836 1212
944 1096
8666 9760
168 1876
6731 7606
63 2110
1202 3248
5054 7100
609 2661
5356 7400
114 2167
5391 7434
1956 4002
5124 7170
516 2563
5791 7832
846 2886
5697 7752
386 2440
1673 3715
5196 7238
1581 3616
611 2675
1163 3225
5908 7942
790 2821
5911 7940
1719 3746
6061 8123
261 2322
256 2327
5999 8056
5360 7399
1524 3564
6098 8138
666 2691
2024 4082
258 2329
35 2104
5997 8054
1749 3784
708 2777
1430 3464
985 3014
5316 7387
5037 7055
1722 3737
225 2242
657 2741
883 2903
1140 3153
1162 3244
647 2720
5333 7410
6076 8085
5084 7152
1864 3941
5315 7406
267 2341
1141 3163
5755 7765
794 2869
1364 3451
775 2871
1637 3669
5544 7576
5171 7171
730 2793
811 2845
1949 4010
126 2118
5023 7079
996 3038
566 2572
1517 3542
1114 3175
1369 3431
6068 8074
378 2373
5704 7799
5607 7640
639 2623
1751 3733
56 2170
860 2847
961 2946
232 2220
5258 7374
726 2707
6108 8089
988 2964
1934 4039
5839 7811
1874 3871
5250 7375
1219 3213
5274 7381
1024 3153
1449 3576
1913 3883
6086 8084
197 2198
1099 3096
1077 3169
282 2383
1520 3493
5433 7532
578 2587
846 2839
1996 3989
5336 7297
5438 7525
752 2732
5423 7539
1952 4095
673 2814
1393 3344
437 2518
1889 3845
714 2735
1989 4000
877 2824
956 3035
1290 3437
1008 2968
1338 3410
5558 7646
2037 3996
1673 3811
1144 3091
518 2667
5019 7156
5051 7124
498 2434
65 2097
436 2501
562 2624
6016 8178
1770 3743
1014 2947
5737 7711
5824 7862
1694 3817
5214 7209
1357 3380
5522 7659
1468 3526
506 2432
5243 7169
1328 3405
5353 7316
5649 7825
1288 3465
560 2739
1416 3340
572 2745
5269 7187
1193 3118
5475 7658
5529 7440
583 2765
1950 3860
1697 3626
795 2966
6062 7971
542 2704
1805 3971
6002 8162
1758 3663
1539 3729
227 2161
355 2544
1225 3164
626 2791
5351 7281
5883 7788
541 2693
608 2809
5403 7554
6115 8057
1480 3412
5906 8078
1731 3676
5949 8098
1904 4049
5270 7221
903 2851
5332 7281
5271 7216
5142 7345
637 2773
1296 3512
1622 3839
292 2446
6063 7941
1655 3803
1460 3352
161 2060
1411 3374
5855 7794
1500 3443
5382 7593
571 2699
5827 7795
1508 3414
1179 3119
73 2301
1648 3781
5332 7265
5594 7533
354 2522
965 2943
686 2581
1329 3466
1692 3623
1894 4058
1360 3564
5851 7783
1597 3715
6072 7943
5685 7818
99 2211
1038 3279
1046 3284
759 2613
1343 3578
1419 3406
39 2272
5336 7199
151 2143
5326 7174
175 2149
5194 7296
401 2397
6014 8112
291 2540
936 2936
5260 7260
1940 3909
5655 7878
932 2934
1254 3124
5461 7553
1837 4088
855 2945
1138 3236
1559 3776
30 2246
1181 3141
5395 7627
337 2440
1285 3548
5640 7889
5524 7501
5925 8191
5028 7038
6102 7948
800 3067
191 2147
298 2550
5238 7338
1933 3920
2011 3846
115 2221
1175 3144
263 2535
5223 7303
5548 7502
1966 3917
697 2653
1167 3179
119 2194
435 2390
1741 3627
6103 7985
1262 3081
1663 3736
325 2466
5553 7512
469 2367
27 2288
23 2300
5537 7498
1786 3606
5310 7250
1765 3592
803 3021
162 2124
6043 8053
5502 7569
10 2298
1221 3121
745 2589
6088 7996
5199 7351
5738 7827
97 2202
6080 7995
5618 7433
522 2806
5009 7021
941 2896
1460 3401
1409 3455
5537 7519
1004 2835
1651 3954
1104 3411
5418 7209
1974 3762
1666 3975
335 2122
1875 3669
5814 8113
1038 3334
109 2405
5043 6843
5045 6845
1344 3145
1431 3230
212 2525
5600 7401
5356 7655
1702 4010
217 2519
5311 7601
5509 7307
5100 6882
5747 8061
73 2374
5542 7337
5429 7226
5495 7271
2034 3811
5339 7625
5729 8050
1653 3936
64 2389
5881 8172
480 2294
2014 3785
85 2380
5320 7633
5696 8025
5608 7409
1526 3308
5216 7547
1764 4090
6085 7908
1251 3521
1818 3641
797 2617
1032 3373
631 2910
5555 7322
1774 4034
1015 2778
1475 3310
6059 7814
1864 3686
1533 3283
1292 3106
913 2750
6055 7830
1252 3542
302 2076
1498 3305
124 2377
1493 3296
1011 2758
1135 3417
5945 7695
603 2915
757 3023
1572 3870
58 2305
5295 7572
1674 4022
583 2939
1227 3574
6125 7888
5852 8161
1636 3931
5719 8040
1173 3541
5623 7351
6088 7816
825 2682
5212 7455
453 2177
5084 6808
5076 6801
624 2872
535 2910
1199 3558
1192 3554
6048 7914
593 2842
882 2617
5752 7987
301 2145
752 3005
6101 7813
1917 3631
5532 7375
213 2433
1468 3307
5839 8088
679 3071
1099 3346
93 2311
1120 3386
1954 3833
579 2840
5766 8155
5134 7504
1100 3347
104 2313
318 2140
357 2054
1478 3237
1904 3603
326 2085
5851 8120
5126 7523
1428 3314
1613 3883
121 2334
5505 7398
391 2285
867 2568
5800 8131
5492 7192
5099 6789
1398 3097
379 2068
5156 7508
554 2907
5420 7261
1854 3660
5891 7792
5263 7676
5239 7427
875 2590
1587 3910
5514 7423
6075 7886
1283 3189
1713 4039
1565 3946
5781 8173
979 2730
987 2722
6034 7915
5575 7358
1354 3120
626 2824
415 2276
1353 3122
5810 8137
5440 7227
116 2312
525 2931
5430 7240
815 2640
1271 3447
5670 8102
728 2905
5421 7340
5825 8000
6070 7735
945 2611
190 2365
5373 7545
341 2256
5746 8183
5081 6751
160 2343
564 2995
5193 7616
387 2057
5833 8003
1942 3613
1366 3293
614 3050
5880 8053
410 2069
1247 3407
1370 3275
5353 7546
750 2939
1332 3234
1899 3836
420 2099
409 2049
5778 7944
5366 7533
1591 4011
1621 4085
5737 8137
1679 3886
5940 7829
5317 7527
502 2131
512 2982
5728 8134
5521 7223
180 2332
5699 8168
1330 3230
6003 7903
272 2237
1743 3938
530 3007
5096 6725
5168 7581
5369 7508
1816 3766
605 3055
5048 6666
716 2943
992 2644
171 2333
751 2904
5672 8095
5018 6701
592 3048
1070 3478
5838 8054
1012 2638
2045 3654
5783 7980
1860 3833
5884 8001
527 2993
1325 3218
1953 3614
5977 7833
349 2204
5151 7646
5983 7838
5091 6690
5794 8032
1429 3158
5517 7241
371 2230
150 2387
351 2202
5694 8187
478 2072
1118 3481
5530 7261
1891 3755
925 2645
1538 4042
255 2359
5743 8103
364 2214
1977 3699
792 2770
5447 7309
634 2993
45 2529
773 2761
445 2161
1790 3890
1582 4067
1563 4052
1757 3853
902 2646
785 2752
1932 3677
5392 7361
5299 7522
5600 7218
1438 3147
1258 3391
207 2329
365 2235
5136 7622
157 2378
826 2797
5510 7249
5111 6703
5715 8075
1763 3897
5010 6734
5649 8141
1211 3430
5169 7663
1611 3988
1166 3409
5836 7981
173 2382
219 2367
96 2437
6045 7800
1674 3949
1417 3182
5089 6662
17 2553
392 2145
427 2113
157 2423
1546 4064
923 2677
754 2845
5974 7865
1449 3161
630 2950
751 2847
5117 6668
1234 3360
5144 7658
5552 7235
247 2307
2042 3599
861 2731
172 2395
1735 3888
403 2155
5483 7314
827 2753
740 2846
588 2992
5167 7635
1066 3540
5716 8106
5525 7274
2043 3579
1446 4006
2019 3554
5261 7820
2046 3581
1788 3321
1718 3251
424 2990
1150 3702
1 2569
5754 7282
5595 8147
5367 7934
1389 3943
2016 3562
1298 3865
417 2986
1285 3854
505 3058
400 2972
5195 7751
1039 3586
1539 3086
1473 4047
231 2793
623 2144
567 2087
5934 7486
432 2979
5788 7311
5801 7357
5073 6596
5072 6598
5777 7302
5923 7483
5571 8154
41 2611
5180 7719
5235 7784
1629 3137
1687 3211
5144 7686
1688 3207
180 2708
360 2888
1668 3236
2003 3570
5759 7262
2045 3551
1725 3231
1623 3188
5985 7490
6051 7552
5633 7202
1147 3679
262 2848
1307 3900
1827 3332
5914 7474
545 2056
498 3032
916 2494
5588 8190
6050 7560
921 2485
5546 8068
5367 7896
284 2860
1871 3455
1273 3786
610 2129
5835 7416
5415 7956
2043 3535
1547 3135
5751 7234
6102 7651
452 3058
1137 3655
153 2734
1684 3245
1716 3215
715 2288
444 2944
1665 3260
555 2070
5414 7963
6025 7604
6045 7584
1886 3425
5875 7372
1174 3798
975 2447
5936 7536
5533 8157
1213 3839
1726 3322
640 2245
5646 7243
5864 7342
545 2150
5242 7728
5431 8060
6044 7639
216 2709
6066 7679
608 2094
1269 3770
1334 3942
5209 7691
2017 3509
809 2428
5108 6561
5244 7721
281 2881
1374 3846
953 2528
1129 3632
111 2613
1905 3370
5019 6592
5566 8165
838 2330
210 2703
303 2930
1440 4095
1023 2464
971 2475
93 2621
1153 3808
1401 3867
311 2901
5739 7177
1661 3102
5660 7288
120 2589
393 3052
5052 6617
1647 3078
908 2534
214 2748
5119 6549
112 2588
5149 7795
1332 3931
900 2548
5077 6565
5264 7905
859 2345
1825 3411
1740 3263
5840 7332
1063 3666
5060 6577
1431 4065
1151 3593
760 2191
1594 3136
5772 7414
890 2305
319 2884
1943 3563
5731 7197
1542 3193
5619 8076
481 2913
296 2984
1029 3716
5204 7893
1848 3514
5306 7742
5062 6464
1347 4043
1210 3634
86 2783
1607 3277
5372 7799
948 2360
176 2621
1546 3205
1048 3721
876 2557
1043 3713
1618 3264
5107 6503
5526 7937
1689 3073
1249 3704
306 2987
1080 3745
6101 7500
1840 3498
5994 7664
107 2806
703 2082
6099 7502
125 2787
1380 4091
5462 8182
1336 3993
599 2294
251 2649
433 2835
5165 7822
964 2400
675 2055
484 2880
6100 7538
5872 7255
1385 4033
5203 7931
1386 4035
5371 7761
118 2781
397 2854
972 2407
89 2804
1984 3437
384 2862
5599 8049
1985 3442
5793 7186
714 2174
865 2517
5706 7422
18 2727
5201 7911
5454 8184
5435 8077
659 2084
6025 7473
1053 3748
5916 7591
5402 8102
1953 3359
1825 3487
1292 4018
5980 7650
5140 7892
1903 3502
804 2533
864 2465
878 2479
5252 7751
1490 3862
5799 7267
741 2080
1612 3206
6032 7514
6100 7454
398 2885
676 2159
856 2451
1923 3400
5789 7249
5637 7368
1939 3420
5287 7784
975 2335
5145 7880
1887 3465
932 2419
1104 3719
799 2503
1040 3784
5780 7245
1706 3185
1661 3238
5617 7978
1578 3319
753 2092
720 2062
801 2497
5614 7950
37 2759
6065 7507
6084 7462
5160 7882
1579 3272
1686 3186
5820 7259
195 2603
5329 7741
447 2897
1184 3662
796 2546
211 2595
1055 3819
1577 3292
860 2473
5664 7382
1462 3905
5907 7652
6012 7556
139 2674
5243 7810
1621 3247
767 2053
5272 7778
2000 3371
5432 8131
5795 7262
1835 3541
5947 7621
5089 6431
910 2190
1519 3822
1363 3665
602 2392
5234 8048
6064 7347
5920 7204
5127 7937
5720 7518
59 2876
5030 6319
789 2079
344 2642
5411 7720
1158 3976
766 2544
1406 3694
1665 3473
1414 3732
307 2597
1846 3104
1663 3432
5646 7449
1152 3992
411 2690
5820 7589
459 2769
1796 3103
5194 8017
415 2691
6 2842
5765 7577
1418 3732
319 2593
994 2300
5765 7578
5079 6344
1379 3651
75 2923
1816 3129
1815 3126
705 2528
1013 2260
5718 7540
697 2458
1304 3644
5318 8162
408 2749
665 2495
5918 7224
5642 7458
839 2158
1025 3880
6027 7330
1371 3697
1578 3328
531 2361
2004 3327
5597 7926
2038 3290
1620 3448
32 2829
1028 3882
468 2810
1187 3981
1711 3456
213 3045
5727 7535
809 2072
1768 3545
6046 7341
5065 6396
5953 7287
91 2924
524 2356
418 2714
1509 3804
1051 3874
906 2227
1257 4048
5596 7909
1830 3100
1584 3338
1205 3977
5641 7477
2036 3274
1972 3210
1898 3114
1457 3825
5248 8128
1762 3491
1879 3094
1368 3609
557 2415
1179 4056
1252 4001
985 2204
5547 7918
5933 7272
1844 3186
921 2271
462 2696
5390 7753
5858 7589
5606 7854
5280 8169
552 2402
1228 3974
1708 3558
23 2908
5698 7436
1214 4081
5207 7960
5773 7618
1404 3628
1601 3345
38 2932
5795 7665
301 2680
1191 4080
1501 3722
5470 7687
1081 3938
5296 8171
2030 3250
5090 6335
5490 7727
5203 7949
5136 8014
1535 3742
5546 7883
5113 6299
1419 3816
5961 7210
1407 3610
1268 3996
1074 3930
5826 7594
6119 7311
487 2702
6143 7315
5847 7610
1519 3713
2015 3249
954 2251
1418 3835
1481 3768
5159 8021
5748 7431
5275 8175
1513 3740
5146 8047
874 2076
346 2605
5897 7294
629 2317
5626 7810
5918 7270
1939 3306
250 2944
5166 8020
1454 3794
863 2082
1570 3423
409 2788
5456 7726
5228 7954
1379 3612
1315 3676
6 2950
1976 3128
784 2193
1727 3389
1223 3909
1929 3083
1111 4052
5251 7942
5080 6238
122 3069
5301 7986
6123 7267
824 2225
1247 3925
826 2224
1199 3876
950 2106
561 2492
1678 3331
5585 7772
816 2238
5458 7900
1905 3326
1388 3837
1119 4044
1341 3758
5285 7990
1978 3118
1229 3928
996 2162
748 2420
1523 3691
1446 3647
5198 8151
1178 3840
1714 3369
501 2665
5612 7792
5837 7504
5503 7906
457 2647
933 2106
1230 3951
1372 3832
1119 4091
5573 7777
1969 3092
1136 4053
1959 3073
831 2201
585 2543
5172 8083
1833 3201
111 3015
5565 7700
5815 7454
1817 3253
680 2309
1232 3966
1458 3586
282 2731
181 2820
817 2179
342 2789
345 2794
326 2805
5869 7518
6089 7290
441 2573
563 2438
622 2523
387 2614
935 2066
1734 3443
1402 3788
1347 3828
5363 8004
5832 7551
5811 7428
5131 8115
5333 8044
5330 8043
845 2295
762 2368
366 2772
376 2755
1655 3531
5960 7414
5551 7791
5817 7544
1512 3626
1777 3379
307 2801
1785 3387
558 2540
1928 3146
6031 7244
209 2836
709 2304
5755 7614
5335 7954
5386 7884
5764 7491
1764 3372
1606 3470
203 2819
5777 7512
5139 8154
5657 7637
5396 7897
844 2178
906 2116
1861 3221
5742 7614
1019 2090
1852 3310
114 2977
871 2228
1314 3830
1626 3470
546 2551
5899 7390
984 2063
5725 7562
1341 3813
1754 3330
454 2591
6097 7178
339 2703
5520 7756
5474 7871
637 2467
1189 3963
5354 7988
5787 7493
5535 7806
1898 3208
878 2188
1406 3741
471 2612
1475 3616
557 2505
1576 3535
1309 3834
756 2323
5588 7731
5657 7678
5804 7499
77 2981
663 2431
1728 3368
5687 7647
5034 6210
101 2956
264 2787
1328 3803
5887 7442
5978 7348
5005 6242
6142 7185
1002 2074
1796 3316
1589 3524
1669 3447
5831 7477
765 2318
6014 7306
334 2747
137 2940
1121 3991
1500 3627
5919 7397
833 2237
909 2160
1789 3331
5163 8149
1488 2512
199 3271
842 3912
5183 6205
1645 2670
1550 2570
317 3385
1846 2866
5476 6496
1666 2695
5376 6405
698 3772
5711 6728
1982 2998
1603 2635
842 3907
5559 6589
5870 6884
352 3435
24 3091
1301 2334
1260 2279
119 3195
1976 2996
76 3137
914 3997
900 3979
5403 6420
808 3896
5518 6559
1130 2168
5215 6221
1671 2708
813 3902
1839 2876
265 3357
5495 6496
6083 7129
5637 6680
390 3494
499 3539
1415 2471
5397 6452
669 3775
5515 6569
5806 6797
1551 2602
340 3441
5543 6530
5521 6582
1717 2716
743 3790
822 3868
6137 7122
1148 2128
828 3856
5200 6270
647 3752
6011 6987
1282 2355
1768 2777
994 4048
5066 8185
2 3126
5432 6412
1641 2652
1228 2297
1358 2425
1260 2267
5694 6665
1895 2911
613 3677
6000 6984
1320 2321
1144 2114
1364 2414
5717 6766
1440 2461
1979 2948
1432 2471
990 3999
359 3365
5287 6372
5733 6689
971 3982
5368 6334
5270 6366
1122 2091
758 3775
737 3755
1357 2311
5190 6156
5873 6842
467 3485
5103 8127
1998 2975
1776 2721
1793 2896
1832 2938
5053 8174
5137 6212
42 3196
5842 6788
814 3959
5774 6871
280 3394
1925 3038
6036 7112
556 3697
6127 7090
5901 6995
1781 2709
1607 2599
1902 2830
1820 2941
5179 6232
1692 2808
5170 6230
5409 6468
118 3088
576 3622
5408 6470
5848 6847
1728 2728
1077 2141
5236 6172
42 3139
5563 6609
5321 6307
5138 6264
812 3905
1590 2649
6053 7114
5927 6999
5797 6868
5748 6661
477 3503
1860 2870
5693 6735
1358 2365
1032 2171
5543 6609
771 3956
5641 6768
1039 2165
1145 2051
998 3997
1918 2821
5899 7024
6008 6915
44 3152
5099 8087
710 3768
1756 2722
287 3425
5550 6608
929 4062
38 3239
5166 6319
232 3178
966 3908
5325 6223
1966 2861
1560 2715
289 3490
5865 6765
49 3254
5261 6154
5419 6572
5686 6846
5632 6793
9 3203
594 3806
1145 2293
791 3994
5812 6714
1240 2135
1342 2481
5587 6467
1189 2100
1987 2898
1861 3031
2026 2936
5639 6805
1643 2808
5094 8051
1683 2565
1213 2091
1610 2780
26 3212
1342 2472
102 3312
6012 7146
1183 2056
5123 6292
5308 6187
5363 6251
1800 2961
5701 6876
1587 2728
5805 6710
1224 2132
6074 6950
1322 2487
1671 2585
5185 6367
1695 2560
5988 7163
1160 2088
6033 6960
12 3246
947 3857
5441 6627
1931 2856
1928 2859
1957 2817
1453 2312
5302 6163
1890 3012
196 3170
1881 3070
5440 6631
892 4054
5211 6385
402 3385
1866 3041
6034 6969
1435 2359
616 3782
5297 6174
50 3202
128 3121
6043 6952
5999 7132
5148 6312
5098 8028
462 3446
5117 8005
1614 2807
1187 2073
1537 2746
200 3187
5808 6667
1811 2990
5968 7150
1611 2804
920 3928
1060 2278
19 3280
280 3547
765 3640
397 3403
543 3799
1573 2796
5792 6761
5303 6270
5710 6791
1872 2970
1150 2229
922 3926
5426 6654
5954 7054
993 3884
6069 7035
1551 2752
5661 6866
239 3135
5783 6727
5031 8055
154 3147
5158 6391
5387 6617
95 3212
5488 6563
385 3413
5340 6153
6073 7020
1536 2774
5502 6568
925 3911
5684 6894
5713 6794
10 3286
938 3959
1490 2319
1082 2276
5939 7148
1926 2916
1748 2608
2033 2837
722 3639
5944 7133
125 3227
848 4023
312 3538
709 3631
688 3674
5706 6816
1388 2434
5113 7959
5561 6487
507 3348
1459 2396
781 4093
15 3324
5771 6776
5645 6910
19 3303
6128 6916
1506 2327
1320 2526
1959 2897
5937 7111
1267 2052
5570 6458
5540 6492
5338 6178
1340 2501
1945 2917
1407 2435
1480 2357
1176 2150
202 3124
965 3898
5520 6511
5809 7089
1924 2694
1866 2633
5890 6657
405 3216
1759 3033
432 3255
5553 6326
6027 6787
400 3225
5798 7087
1988 2760
5943 6715
1474 2255
297 3111
5666 6956
5708 6979
1080 2346
5579 6367
1901 2680
1088 2389
1279 2538
5886 7147
286 3080
1459 2213
689 4007
1791 3046
92 3397
552 3892
64 3420
5644 6957
6129 6864
5233 6483
926 3773
5992 6732
2016 2757
621 3915
1862 2657
5365 6610
5621 6364
234 3520
5044 7838
1470 2197
5067 7911
5135 6435
1030 2344
1010 3778
706 4083
5044 7813
1220 2550
1670 2996
1466 2185
460 3327
5612 6360
5860 7121
1851 2573
55 3328
482 3285
1902 2647
1029 2364
304 3082
5638 6972
1241 2530
939 3728
5335 6636
1798 2616
264 3127
5494 6217
323 3075
1384 2089
5859 7072
156 3546
1935 2760
113 3384
663 4061
1022 3764
5007 7876
468 3224
1206 2554
5198 6402
1088 2319
5497 6198
735 3983
5653 6981
696 4073
1842 2656
6026 6872
1778 2977
547 3958
641 4057
184 3552
5118 7847
1237 2447
1139 2345
729 3973
873 3637
1634 2879
332 3089
829 3683
17 3406
132 3556
946 3794
644 4068
202 3499
1375 2109
795 3704
692 4049
918 3824
1725 3034
1262 2438
420 3276
1788 2965
1830 2637
149 3576
1093 2344
1849 2646
183 3544
6022 6889
5798 7113
615 3863
5494 6150
1207 2502
1444 2262
474 3241
1020 3727
489 3229
5700 6961
14 3448
5512 6398
189 3530
5761 7158
6067 6859
5614 6292
5307 6593
5842 7086
299 3157
759 3976
2 3453
5181 6466
764 3964
163 3363
2024 2665
1021 3708
1553 2963
438 3125
488 3182
5199 6601
5008 7703
1404 2292
1317 2220
974 3655
852 3806
5663 7061
5861 7023
1510 2154
6132 6776
5846 7003
342 3288
1753 2902
1067 2468
1503 2127
1197 2364
5022 7692
5079 7749
1487 2139
896 3605
5878 7011
5003 7710
121 3567
631 4065
772 3730
1400 2287
1255 2416
243 3428
5150 6537
6053 6716
5383 6301
276 3215
266 3217
1293 2198
186 3354
269 3244
249 3416
894 3807
1544 2985
6135 6741
836 3815
1923 2592
5190 6629
1690 2878
884 3792
1935 2603
513 4005
5304 6428
6015 6873
5736 7104
1121 2504
5664 7050
5950 6804
5856 6986
5533 6199
5728 7115
6052 6671
5669 7048
470 3192
5417 6278
525 4029
1456 2048
1442 2066
6132 6726
5030 7698
5299 6407
233 3423
5821 6922
5713 7144
382 3268
1960 2579
945 3598
1272 2375
464 3183
4 3515
5347 6434
5364 6453
195 3329
5876 6966
1185 2402
327 3202
1308 2266
514 4036
5394 6356
1470 2166
5890 6858
283 3282
6081 6664
5893 6857
666 3927
16 3549
1064 2534
1533 2098
873 3769
6093 6686
5406 6349
6071 6755
788 3777
5373 6443
5383 6353
1227 2332
5271 6479
144 3401
1598 3044
5821 7014
5127 6618
1583 3022
126 3487
5151 6654
5003 7786
5930 6856
33 3525
1158 2400
1534 2073
5013 7794
147 3450
1545 3040
1750 2879
783 3814
1098 2467
1154 2408
1058 2504
520 4066
5759 7060
1300 2296
5323 6439
1619 3005
63 3537
5917 6893
1701 2900
1448 2137
6094 6716
192 3379
391 3188
62 3533
1034 2553
1195 2399
5837 6969
80 3494
5412 6354
1464 2127
1287 2303
755 3851
1755 2851
140 3445
1095 2494
5467 6305
5635 7160
5377 6394
1458 2126
235 3351
5262 6514
1339 2875
1826 2338
1016 3577
888 3449
840 3402
117 3703
689 3250
5656 6171
167 3747
1909 2418
986 3549
5829 6338
5131 6668
5608 7151
635 3187
1472 3016
1079 2622
1066 2595
358 3948
1469 2999
5114 7664
1667 2184
6056 6564
1762 2284
158 3729
138 3717
5714 6210
1217 2771
1325 2878
1914 2409
5407 6924
476 4040
5052 7592
5903 6426
5080 7630
1706 2226
755 3307
1644 2164
381 3943
1389 2935
6112 6651
5905 6412
1929 2455
5604 7162
820 3350
5102 7628
1504 3012
881 3413
5574 7137
1734 2286
828 3349
6028 6566
273 3901
1941 2488
1454 2947
414 4016
642 3245
1649 2142
648 3239
343 3942
2028 2526
1801 2363
5835 6393
361 3930
5558 7045
131 3767
5014 7585
868 3421
6095 6646
383 3907
1420 2992
5565 7041
1403 2884
5906 6445
511 4031
5029 7653
2042 2489
1594 2169
1226 2697
1310 2906
5627 7103
5340 6809
5470 6939
995 3493
887 3377
1497 2974
1823 2392
5876 6323
440 4082
5698 6158
5873 6333
5679 6242
886 3384
5894 6472
5849 6295
1006 3516
1696 2290
1910 2340
33 3701
1552 2116
5248 6868
5330 6790
189 3819
5240 6702
1812 2371
154 3778
5889 6488
1329 2923
84 3599
679 3323
5594 7046
32 3709
1558 2123
1911 2346
613 3130
5425 7022
146 3826
5995 6411
6080 6561
559 3149
237 3726
31 3707
5410 6982
732 3258
1090 2596
441 4062
5887 6296
5213 6714
2044 2452
1161 2784
5807 6342
1027 2664
5417 6978
5528 7155
708 3240
5341 6833
5834 6311
5971 6461
5593 7095
453 4021
1331 2883
537 3177
5370 6794
96 3602
1887 2348
5910 6501
187 3791
5204 6688
1493 2978
1212 2756
238 3735
509 3975
764 3206
6113 6555
519 3196
122 3590
78 3634
1447 3034
412 4066
1526 2952
5794 6364
1752 2215
5909 6506
1055 2719
2025 2409
497 3952
447 3900
1049 2717
538 3229
5477 7138
6049 6438
5819 6194
2031 2405
1703 2092
1810 2463
729 3158
6105 6486
6036 6427
5634 6290
5652 6276
83 3777
6066 6433
2004 2369
5898 6556
1413 2834
5956 6611
5017 7438
1382 3070
632 3296
2013 2375
1156 2591
794 3457
5874 6254
491 3958
722 3151
39 3769
5823 6177
1044 2740
411 3897
654 3117
821 3478
199 3682
5805 6155
5456 7158
739 3140
6038 6449
5428 7059
500 3933
1981 2324
1433 2867
787 3512
1958 2314
5451 7143
1297 3007
152 3638
5516 6946
430 3841
1675 2107
238 3678
5760 6192
5561 6920
1573 2199
5802 6168
5862 6228
667 3112
1634 2263
36 3730
614 3295
638 3269
907 3376
1883 2535
1880 2532
386 3902
742 3162
1857 2557
198 3706
1246 2658
6103 6507
5512 6965
169 3606
1462 2825
668 3164
1071 2799
5074 7442
930 3427
2035 2354
898 3393
6017 6466
777 3533
1820 2521
1650 2229
5466 7069
524 3268
1893 2477
829 3572
495 3877
2027 2336
1870 2437
6083 6408
5015 7516
5753 6322
5133 6849
369 4028
5778 6237
60 3821
1549 2268
1235 2561
1737 2075
1933 2399
5402 7112
1396 2976
888 3500
1175 2627
711 3090
1908 2466
1079 2784
893 3489
250 3622
1575 2298
1378 3004
1699 2172
5174 6889
1408 2913
5583 6958
5125 6887
5235 6801
395 3950
811 3534
1579 2254
1566 2296
166 3649
1858 2474
1705 2112
1036 2789
5930 6595
5828 6189
1208 2642
5775 6245
570 3281
1926 2410
482 3855
94 3763
5109 7448
5992 6533
1105 2751
5892 6644
1805 2559
6127 6429
5982 6572
25 3818
1382 2962
332 4025
437 3913
1270 2571
5846 6187
1906 2444
1518 2833
5175 6856
1656 2425
855 3157
69 3910
1629 2393
5744 6517
352 3686
805 3107
6049 6310
5912 6160
5908 6173
324 3662
1575 2349
15 3843
1553 2333
779 3078
1465 2740
5746 6524
48 3903
1433 2710
1809 2078
1304 2583
5286 7081
228 4084
758 3559
5439 6702
5909 6151
431 3772
5268 7047
1625 2380
277 3584
5457 6724
693 3491
1680 2439
43 3891
721 3531
1906 2152
6011 6247
5989 6264
94 3904
5090 7420
5163 6964
3 3875
1209 2968
5112 7385
1109 2935
5997 6222
693 3472
1722 2460
394 3756
5593 6911
962 3306
1123 2890
370 3672
5388 6694
5429 6681
5507 6829
1698 2445
952 3209
242 4035
6099 6370
5275 7082
1412 2742
1149 2895
5067 7417
6139 6345
1592 2316
1114 2926
105 3935
1853 2059
536 3361
1918 2117
5257 7090
1255 3035
5399 6699
2008 2277
1781 2507
5951 6145
5147 6949
657 3502
1746 2541
5998 6225
5266 7085
246 4022
1865 2057
532 3412
279 3670
1996 2189
5273 7128
651 3529
472 3741
1244 2970
1495 2704
787 3156
5033 7393
5958 6158
5384 6720
6140 6325
1170 3032
46 3940
847 3077
2021 2222
1541 2382
598 3357
5763 6600
1185 3053
1922 2254
870 3115
5182 7027
6141 6323
579 3340
5589 6810
5652 6491
1087 2927
5219 6963
5850 6539
5536 6899
1151 2859
5032 7421
188 4075
956 3300
5404 6724
5631 6822
6069 6380
573 3431
5471 6660
5095 7356
5581 6806
5388 6736
541 3392
240 4015
1125 2874
5170 7021
5028 7419
1081 2907
6079 6365
85 3894
1862 2085
5121 7010
5877 6550
1366 2610
2019 2181
1448 2767
793 3185
389 3820
5562 6867
5569 6824
194 4008
1222 2989
1426 2809
328 3619
5712 6460
1562 2420
5923 6220
1653 2309
5018 7402
1557 2404
260 3696
1766 2451
991 3241
1333 2627
704 3511
1761 2457
1941 2284
1107 2858
5004 7413
5050 7363
5745 6411
5231 6933
6126 6293
1822 2146
1911 2058
922 3303
904 3317
6024 6153
6035 6162
927 3101
576 3522
1747 2384
1801 2186
677 3366
1091 3015
837 3265
1560 2462
279 3728
1184 2855
5382 6798
5406 6806
5784 6416
798 3223
1251 2922
1812 2206
405 3614
384 3595
1240 2899
5447 6860
5864 6499
1093 3017
728 3414
5101 7293
421 3636
5962 6363
5141 7044
5895 6293
642 3345
1450 2622
653 3353
6130 6246
572 3498
5673 6590
850 3274
1172 2828
1492 2636
1025 2969
393 3601
5785 6401
5352 7024
1771 2416
6119 6268
1472 2652
5967 6355
5293 6961
1616 2509
5070 7251
5545 6711
1967 2096
929 3072
5372 7005
413 3647
5683 6545
1307 2744
1609 2538
633 3546
5960 6379
5020 7224
1586 2455
406 3633
976 3191
5027 7179
934 3087
454 3693
5206 7165
1482 2662
1117 3057
67 4078
2029 2115
1527 2648
1658 2517
1640 2520
784 3232
378 3787
1971 2050
5249 6960
1203 2817
5086 7274
486 3664
5173 7043
419 3604
1118 3049
5991 6352
1670 2366
803 3226
5361 6984
5576 6769
1563 2464
5700 6655
5164 7056
6022 6203
1471 2561
1997 2163
6142 6208
6021 6213
22 4055
1847 2292
5732 6560
364 3753
275 3797
748 3370
1620 2450
1715 2427
5253 6988
5362 6968
371 3774
5676 6625
1293 2755
5922 6380
5094 7208
5041 7264
1302 2754
5475 6839
9 4063
5609 6719
6091 6173
5189 7059
5191 7057
5074 7173
1009 3113
1821 2244
1373 2695
549 3582
610 3513
1999 2068
2023 2107
5025 7232
5953 6307
5782 6516
1529 2586
5342 6971
5134 7144
1478 2593
713 3374
5186 7077
1532 2580
328 3744
914 3195
182 3935
5610 6659
1697 2379
1726 2388
1112 2995
1421 2662
1936 2172
6020 6248
477 3632
6015 6290
1715 2370
1882 2219
1883 2217
1023 3084
1413 2673
1085 3016
6062 6235
5329 6953
875 3218
169 3920
5988 6301
245 3855
528 3562
6054 6236
5603 6680
444 3648
5674 6614
1739 2358
5193 7092
434 3660
81 4014
1613 2482
200 4297
517 4614
705 4807
636 4725
177 4285
144 4254
587 4703
668 4741
884 4968
856 4932
540 4610
924 4994
362 4469
268 4371
219 4346
353 4419
79 4203
140 4262
435 4481
678 4757
254 4293
449 4604
629 4661
456 4490
646 4814
580 4622
599 4637
707 4753
285 4424
843 4893
812 4987
357 4413
198 4252
379 4384
90 4103
241 4268
813 4978
852 4912
546 4678
577 4645
555 4686
843 4897
283 4468
370 4353
768 4983
478 4512
544 4771
1005 4969
715 4685
609 4838
294 4527
492 4455
567 4794
304 4514
640 4627
142 4122
495 4474
635 4834
376 4579
736 4673
604 4862
442 4383
466 4469
24 4272
913 4920
79 4324
466 4476
349 4589
61 4236
208 4194
271 4536
543 4775
598 4843
644 4666
607 4832
692 4722
438 4478
333 4486
731 4629
612 4778
335 4511
970 4895
493 4408
655 4695
247 4142
458 4368
904 4972
11 4332
660 4735
942 4928
565 4826
887 4999
305 4545
926 4973
28 4326
585 4787
343 4521
233 4584
324 4170
434 4285
989 4815
962 4821
504 4321
465 4296
109 4468
124 4455
487 4288
839 4719
455 4333
688 4996
548 4881
615 4945
527 4921
451 4350
149 4523
816 4623
174 4587
630 4926
582 4874
305 4197
986 4749
534 4938
54 4459
581 4901
151 4597
365 4104
590 4905
8 4472
780 4728
322 4151
293 4186
760 4986
683 4896
403 4125
909 4611
869 4842
330 4314
951 4643
436 4128
723 4933
185 4398
989 4677
841 4819
536 4998
695 4887
503 4181
672 4867
712 4971
288 4228
354 4295
972 4715
823 4740
21 4525
490 4139
1010 4659
310 4341
82 4500
469 4121
372 4281
651 4952
1021 4648
262 4304
885 4777
292 4344
299 4342
107 4483
464 4153
172 4417
871 4746
627 4994
724 4899
844 4790
177 4794
680 4259
788 4379
849 4446
674 4274
807 4406
935 4531
369 4968
698 4256
123 4705
133 4763
901 4506
953 4505
597 4213
41 4618
27 4668
770 4394
1015 4575
204 4836
278 4927
592 4221
253 4819
106 4676
604 4207
270 4922
628 4163
129 4796
627 4146
854 4370
137 4813
961 4484
251 4796
736 4265
374 4922
658 4317
290 4979
130 4817
691 4331
337 4876
214 4747
820 4457
782 4459
178 4824
907 4580
830 4433
514 4212
880 4358
955 4556
977 4523
66 4669
870 4580
727 4180
724 4184
950 4389
934 4400
896 4378
625 4331
439 4909
406 4874
515 4263
40 4736
662 4157
645 4137
242 4684
458 4981
584 4239
593 4250
143 4674
479 4878
717 4124
952 4463
931 4475
98 4792
857 4484
451 4893
656 4209
554 4297
670 4218
897 4452
426 4930
521 4320
197 4648
470 4920
26 4852
501 4873
521 4340
293 4644
1016 4350
366 4711
127 4980
799 4113
87 4953
459 4804
739 4594
832 4178
7 4883
719 4562
356 4730
628 4437
957 4250
265 4641
694 4508
120 4951
768 4145
327 4724
973 4344
5 4915
374 4684
673 4509
425 4841
685 4588
396 4814
513 4419
550 4450
40 4973
36 4975
28 4942
471 4737
806 4208
399 4824
946 4325
980 4236
664 4548
71 4889
77 4882
746 4533
273 4721
533 4467
344 4670
3 4965
565 4445
671 4598
442 4816
534 4473
285 4722
959 4294
733 4516
899 4345
569 4538
136 4877
910 4107
676 4396
678 4397
982 4189
677 4405
185 4904
423 4671
489 4720
275 4746
553 4530
276 4744
606 4546
754 4463
535 4534
230 4935
619 4553
194 4960
958 4118
810 4224
511 4690
778 4260
773 4277
227 4946
490 4697
854 4332
730 4378
695 4470
1001 4143
494 4646
385 4681
372 4799
448 4619
529 4573
419 4718
290 4844
542 4554
872 4286
905 4191
761 4399
361 4784
348 4737
184 4966
845 4242
1014 4119
309 4823
602 4537
700 4442
978 4155
461 4642
718 4412
694 4418
681 4444
594 4522
792 4321
721 4395
886 4237
710 4410
699 4422
171 4950
781 4339
1333 4404
1602 4672
1377 4450
1530 4601
1331 4400
1484 4552
1259 4335
1495 4563
1370 4446
1234 4314
1773 4832
1730 4812
1806 4865
1263 4348
1054 4106
1833 4918
1171 4275
1614 4719
1226 4328
1878 4990
1584 4636
1824 4883
1577 4629
1159 4293
1700 4834
1442 4586
1196 4327
1769 4773
1289 4421
1879 4888
1397 4389
1351 4374
1295 4443
1536 4692
1326 4473
1044 4211
1785 4756
1443 4557
1308 4461
1845 4937
1441 4386
1528 4466
1724 4662
1990 4939
1302 4504
1310 4496
1702 4649
1405 4590
1699 4660
1948 4868
1092 4312
1499 4475
1348 4583
1124 4289
1209 4113
1191 4110
1983 4885
1617 4861
1392 4573
1756 4721
1182 4144
1565 4780
1979 4879
1779 4678
1605 4860
1685 4652
1087 4227
1567 4830
1190 4195
1777 4669
2021 4907
1408 4430
1757 4626
1359 4510
1633 4786
1027 4310
1084 4330
1783 4653
1554 4809
1221 4120
1790 4638
1246 4159
1316 4551
1275 4118
1624 4790
1982 4943
1177 4206
1912 4993
1378 4504
1362 4526
1627 4772
1291 4110
1315 4133
1453 4256
1239 4549
1804 4632
1543 4895
1550 4882
1944 4741
1319 4103
1124 4421
1356 4205
1268 4572
1840 4633
1076 4383
1183 4529
1799 4663
1233 4577
1165 4536
1042 4391
1922 4788
1231 4599
1461 4238
1198 4497
1512 4264
1303 4181
1735 4997
1273 4542
1843 4724
2002 4762
1974 4863
1932 4806
555 5985
1892 4655
1562 4949
1316 4213
1042 4423
1162 4566
1656 4903
1243 4537
1253 4481
1878 4671
1814 4733
1884 4646
1071 4433
2047 4736
1721 4921
1968 4657
1681 4884
1386 4322
1139 4602
1166 4355
1859 4812
1683 4867
1365 4294
1870 4825
1838 4791
1792 4762
1685 4879
1134 4597
1206 4392
1457 4143
1264 4432
1711 4878
1394 4305
1164 4399
1877 4861
1693 4914
2026 4696
1395 4289
1133 4574
1963 4639
1686 4899
1142 4547
2018 4699
1742 4978
1529 4167
1232 4462
2017 4702
1466 4219
1059 4583
1885 4759
1284 4303
1856 4752
1744 4864
1787 4906
1439 4173
1479 4116
1938 4673
1065 4593
1945 4675
1235 4360
1957 4734
1222 4386
2038 4637
1069 4544
1455 4161
1396 4251
1900 4764
1445 4177
1319 4306
1652 4993
1847 4801
1438 4201
1896 4752
1106 4521
1089 4540
1867 4788
1627 4187
1402 4987
1813 4375
1708 4270
1303 4884
1548 4105
2007 4561
1561 4127
1687 4241
1936 4503
1736 4288
1789 4341
1803 4359
1036 4609
1138 4706
1806 4379
2002 4558
1732 4313
1084 4642
1384 4982
1211 4759
1127 4682
1774 4319
2012 4582
1198 4754
1937 4527
1069 4717
1628 4126
1238 4756
2013 4505
1915 4402
1890 4393
1720 4343
1041 4674
1707 4336
1248 4738
1784 4253
2022 4494
1855 4438
1703 4300
1352 4901
1169 4860
1360 4925
1590 4185
1062 4694
1552 4193
1064 4699
1157 4849
1856 4406
1946 4588
1050 4707
1072 4682
1068 4782
1738 4174
1921 4364
1487 4958
2003 4416
1414 4880
1092 4828
1561 4224
1409 4890
1163 4631
1126 4859
1822 4538
1733 4200
1766 4171
1094 4840
1873 4578
1574 4242
1900 4564
1062 4761
1441 4961
1052 4830
1888 4516
1177 4701
1452 4969
1930 4431
2039 4415
1739 4098
1745 4123
1753 4115
1901 4512
1105 4739
1224 4634
1423 4947
1270 4651
1514 4917
1155 4706
1872 4531
1279 4633
2033 4380
1869 4541
1148 4748
1109 4768
1516 4891
1486 4916
2047 4357
1078 4808
1667 4480
1125 4960
1392 4726
1132 4971
1134 4966
1532 4854
1969 4257
1664 4506
1397 4714
1761 4550
1857 4198
1919 4183
1581 4352
1838 4097
1909 4165
1749 4576
1646 4434
1345 4734
1628 4381
1312 4708
1804 4168
1050 4948
1668 4565
1791 4522
1103 4886
1469 4836
1741 4498
1420 4845
2031 4231
1746 4539
1895 4109
1794 4200
1343 4693
1376 4620
1142 4870
1802 4217
1075 4928
1707 4568
1405 4617
1507 4758
1321 4688
1852 4166
1795 4221
1350 4815
1962 4135
1615 4544
1889 4334
1410 4627
1383 4854
1355 4831
1823 4234
1848 4259
1970 4142
2041 4196
1704 4367
1569 4493
1231 4962
1287 4777
2030 4160
1473 4718
1841 4254
1754 4462
1924 4147
1910 4299
1277 4925
1250 4898
1381 4771
1504 4649
1182 4944
1691 4437
1524 4644
1335 4846
1152 4956
1485 4624
1921 4195
1215 4956
1155 4967
1423 4709
1390 4740
1638 4493
1415 4716
1915 4244
1165 4991
1937 4202
1391 4755
1250 4892
1770 4373
2564 4608
2916 4962
2827 4866
2619 4658
2463 4499
2610 4670
2383 4417
2569 4615
2430 4465
2920 4984
2562 4624
2644 4672
2685 4714
2226 4266
2049 4125
2892 4974
2655 4729
2719 4791
2321 4413
2074 4148
2556 4557
2252 4351
2700 4792
2866 4870
2406 4435
2429 4422
2675 4680
2328 4388
2218 4246
2503 4487
2337 4448
2379 4366
2571 4686
2547 4533
2901 4894
2588 4690
2318 4447
2279 4278
2050 4177
2601 4735
2636 4634
2864 4975
2061 4205
2411 4362
2291 4240
2895 4905
2373 4397
2125 4135
2094 4165
2816 4972
2632 4647
2736 4800
2221 4316
2070 4197
2395 4387
2175 4101
2768 4779
2486 4403
2148 4334
3053 4988
2436 4376
2273 4161
2216 4105
2064 4274
2774 4725
2118 4323
2478 4363
2955 4897
2476 4358
2080 4237
2430 4560
2676 4826
2209 4111
2393 4585
2971 4896
2089 4329
2678 4789
2792 4640
2443 4420
2320 4545
2514 4359
2339 4603
3030 4873
2246 4132
2134 4273
2271 4148
2289 4122
2667 4742
2164 4249
2168 4247
2522 4394
2606 4829
2176 4216
2149 4255
2192 4202
2347 4567
2397 4190
2584 4892
2326 4115
2119 4426
2991 4768
2928 4704
2196 4485
3042 4852
2590 4871
3017 4820
2671 4929
2469 4235
2432 4276
2679 4939
2123 4471
2890 4727
2272 4574
2157 4435
2531 4257
2951 4803
2394 4126
2330 4179
2500 4238
2242 4499
2668 4923
2060 4443
2577 4977
2786 4992
2543 4235
2297 4508
2921 4632
2187 4606
2474 4311
2444 4338
2937 4859
2376 4300
2147 4587
2412 4324
2843 4758
2488 4138
2207 4365
2850 4785
2441 4127
3027 4681
2325 4239
2497 4192
2306 4262
2729 4876
2398 4345
2052 4525
2453 4158
2773 4984
2386 4348
2928 4803
3043 4694
2247 4479
2509 4215
2823 4797
2761 4872
2941 4798
2490 4223
2231 4479
2426 4279
2418 4287
2697 4932
2524 4108
2230 4460
2877 4833
2054 4568
2480 4206
2454 4212
2390 4277
2450 4209
2925 4745
3037 4666
2268 4404
2498 4139
2981 4687
2483 4188
2983 4691
2678 4995
2216 4447
2539 4112
2904 4440
3025 4562
2059 4611
2776 4308
2971 4502
3021 4572
2129 4675
2100 4647
2460 4992
2250 4822
2602 4123
2347 4890
2566 4144
2491 4995
2249 4848
2257 4840
2846 4391
2919 4445
3042 4518
2339 4967
2666 4140
2151 4641
3041 4524
2120 4613
2065 4703
2176 4816
2903 4356
2594 4214
3003 4591
2195 4805
2693 4318
2951 4571
2863 4467
2253 4781
2886 4390
2325 4980
2583 4210
2542 5000
2207 4856
2949 4584
2800 4255
2940 4364
2714 4335
2814 4232
2684 4102
2093 4783
2791 4193
2075 4755
2523 4944
2525 4950
3054 4449
2930 4577
2727 4156
2252 4689
2299 4709
2870 4503
3026 4465
2492 4885
2265 4723
2813 4182
2137 4855
2487 4869
2124 4857
2976 4374
3062 4428
2676 4303
2980 4377
2852 4581
2461 4959
2812 4152
2142 4763
2698 4173
2753 4111
2295 4654
2769 4108
2865 4560
2101 4823
2745 4189
2889 4515
2734 4164
2148 4750
2597 4302
2536 4868
3047 4362
2574 4349
3069 4360
2643 4261
2607 4312
2533 4894
2764 4146
2232 4679
2524 4829
2663 4453
2679 4477
2335 4620
3033 4301
2868 4130
2357 4651
2826 4117
2324 4657
2705 4535
2914 4171
2723 4488
2869 4121
2696 4517
2336 4623
3008 4337
3047 4305
2532 4818
2952 4286
2818 4149
2756 4605
2064 4908
2838 4136
2754 4604
2772 4496
2386 4635
2077 4948
3063 4282
2448 4802
2660 4407
2119 4881
2506 4765
2391 4621
2828 4176
2844 4220
2979 4290
2575 4460
2786 4488
2133 4926
2306 4713
2656 4367
3019 4283
3059 4230
2586 4448
3000 4295
2371 4668
2871 4279
3022 4172
2855 4260
2552 4732
2723 4388
2473 4645
2893 4319
2918 4339
2546 4713
2442 4628
2388 4810
2191 4880
2527 4730
2301 4954
2285 4953
2481 4619
2942 4291
2973 4128
2802 4401
2222 4970
2914 4263
2690 4420
2692 4429
2493 4727
2354 4863
3018 4100
2712 4427
2604 4600
2689 4439
2560 4569
3028 4104
2891 4267
2394 4795
2552 4635
3020 4138
2775 4415
2428 4757
2765 4384
2270 4913
3018 4155
2631 4543
2238 4930
2429 4738
3923 4951
3645 4664
3351 4382
3113 4131
3955 4991
3911 4947
3293 4296
3171 4217
3238 4227
3844 4898
3192 4176
3872 4872
3417 4464
3275 4347
3422 4458
3754 4753
3079 4152
3393 4353
3116 4207
3557 4513
3783 4750
3724 4806
3434 4408
3536 4489
3363 4472
3318 4264
3933 4866
3205 4325
3424 4354
3405 4393
3166 4154
3355 4477
3570 4501
3472 4607
3534 4543
3835 4744
3134 4170
3148 4153
3520 4539
3889 4942
3703 4855
3418 4569
3618 4769
3089 4253
3482 4372
3159 4292
3366 4528
3482 4352
3477 4361
4009 4919
3469 4371
3877 4999
3885 5000
3693 4805
3288 4210
3227 4131
3092 4271
3460 4409
3796 4631
3579 4401
3452 4535
3104 4333
3822 4640
3335 4552
3107 4338
3573 4390
3804 4616
3286 4096
3787 4636
3350 4558
3589 4825
3444 4520
3573 4395
3458 4451
3731 4720
3985 4983
3154 4283
3488 4426
3194 4247
3815 4616
3496 4266
3279 4555
3361 4134
3462 4225
3397 4175
3591 4877
3483 4233
3162 4425
3842 4630
3492 4273
3499 4284
3407 4183
3987 4745
3527 4317
3705 4964
3228 4482
3650 4957
3640 4889
3919 4715
3408 4214
3972 4776
3912 4708
3585 4909
3589 4904
4034 4844
3466 4261
3419 4204
3204 4540
4058 4835
4060 4839
4047 4851
3235 4511
3302 4571
3950 4654
3653 4869
3879 4711
3537 4243
3689 4907
3283 4507
3665 4891
3988 4827
3888 4705
3607 4933
3165 4357
3454 4132
3574 4269
3851 4688
3333 4194
3163 4407
3480 4328
3831 4997
3299 4501
3105 4441
3971 4857
3108 4517
3344 4245
3343 4229
4013 4643
3316 4454
3452 4323
3155 4595
4019 4626
3876 4748
3515 4114
3754 4865
3233 4366
3644 4996
3317 4405
3203 4423
3987 4696
3923 4760
3403 4231
3918 4739
3953 4799
3099 4553
3426 4278
3103 4555
3766 4963
3823 4919
3101 4548
3427 4281
3763 4974
3899 4837
4079 4656
3119 4549
3560 4098
3354 4342
3544 4151
4000 4691
3789 4915
3919 4784
3259 4795
3122 4667
3404 4934
3326 4853
3084 4615
3869 4369
3294 4817
4053 4570
3995 4491
3838 4330
4087 4589
3670 4222
3714 4265
4003 4492
3438 4954
3780 4337
3289 4833
3936 4441
3604 4136
3235 4767
3872 4382
3264 4862
3642 4101
3311 4781
3850 4430
3874 4454
3299 4774
3198 4665
3965 4410
4074 4519
4025 4596
3441 4902
3810 4282
3170 4664
3629 4208
3861 4427
3658 4116
4003 4550
3168 4613
3609 4223
3980 4576
3359 4979
3792 4287
3095 4728
3282 4797
3990 4582
3840 4464
3183 4639
3390 4936
3177 4638
3237 4827
3885 4434
3901 4418
3087 4751
4090 4478
3941 4590
3539 4959
4043 4442
3197 4847
3656 4315
3083 4754
3949 4592
3117 4747
3479 4913
3895 4510
3812 4175
3555 4936
3986 4409
3584 4270
3892 4487
3623 4240
3619 4248
3637 4233
3607 4267
3257 4612
3998 4385
3233 4704
4079 4396
3716 4167
3666 4251
3504 4985
4026 4458
3829 4129
3625 4351
3962 4514
3714 4186
3300 4665
3723 4182
3169 4798
3278 4655
3864 4607
3952 4507
3180 4764
3190 4743
3507 4929
3977 4474
3956 4482
3475 4965
3176 4767
3726 4215
3882 4566
3459 4990
3132 4802
3790 4145
3376 4656
3990 4243
3506 4793
3836 4594
3964 4211
3800 4567
4030 4271
4031 4269
3871 4106
4033 4310
3085 4887
3702 4461
3138 4958
3171 4989
3131 4888
3458 4769
3801 4605
3887 4100
3102 4910
3362 4630
4050 4327
3485 4779
3184 4937
3621 4453
3352 4698
3719 4547
3500 4842
3820 4518
3382 4731
3651 4375
3341 4697
3079 4945
3461 4837
3109 4940
3365 4687
3671 4412
3600 4452
4075 4203
3342 4751
3760 4402
3664 4563
3508 4663
4016 4150
4040 4162
3689 4578
3688 4579
3281 4957
3391 4787
3314 4989
3908 4304
3550 4683
3232 4917
3939 4346
3415 4809
3624 4490
3337 4783
3945 4302
3709 4556
3963 4301
3636 4483
3583 4677
3462 4679
4050 4112
3342 4813
3718 4416
3735 4432
3496 4707
3553 4650
4032 4109
3739 4436
3301 4918
3453 4776
3696 4524
3292 4924
3774 4444
3978 4201
3890 4311
3843 4329
3985 4222
3209 4986
3650 4534
3771 4431
3617 4564
3375 4820
5415 9504
5727 9814
5021 9108
5881 9971
5126 9228
5729 9837
5022 9105
5580 9688
5224 9342
5455 9560
5578 9682
5280 9407
5579 9684
5491 9559
5730 9796
5064 9185
5013 9144
5500 9554
5499 9556
5142 9273
5885 9933
5177 9225
5328 9451
5945 9986
5301 9354
5129 9305
5081 9097
5247 9262
5424 9578
5807 9969
5156 9339
5675 9802
5448 9516
5547 9667
5598 9652
5739 9734
5046 9156
5135 9341
5024 9182
5232 9457
5279 9246
5172 9399
5850 9822
5374 9337
5176 9392
5141 9369
5445 9687
5751 9956
5559 9507
5531 9485
5053 8999
5750 9960
6061 9997
5075 9073
5603 9540
5704 9957
5344 9295
5658 9896
5862 9812
5872 9798
5042 9076
5303 9316
5622 9509
5105 8997
5269 9292
5055 9059
5005 9040
5855 9729
5692 9949
5441 9634
5322 9257
5476 9601
5405 9723
5012 9084
5584 9529
5060 9007
5734 9864
5523 9572
5506 9598
5665 9948
5555 9395
5986 9824
5592 9427
5453 9308
6137 9963
5473 9333
6058 9916
5463 9280
5587 9419
5312 9696
5621 9428
5993 9805
5296 9620
6111 9978
5065 8942
5564 9364
5598 9461
5318 9709
5154 9481
5108 8921
6087 9962
5398 9275
5290 9604
5936 9759
5902 9790
5479 9302
6019 9909
5405 9249
6129 9935
5707 9995
5446 9223
5254 9668
5219 9505
5611 9390
5120 9542
5487 9252
5212 9490
5434 9323
5563 9449
5437 9321
5540 9468
5981 9732
5422 9332
5345 9661
5489 9262
5616 9360
5059 8865
5093 8847
5376 9324
6104 9908
6060 9921
5255 9716
5607 9360
5527 9440
5279 9704
5043 8907
5974 9770
5912 9829
5570 9286
5208 9693
5472 9447
5082 8785
5068 8768
5465 9431
5223 9704
5181 9645
5049 8744
5625 9320
5957 9943
5480 9470
5397 9358
5434 9377
5964 9967
5562 9241
5481 9418
5041 8707
5453 9471
5904 9891
5450 9456
6091 9841
5245 9670
5979 9956
6124 9811
5969 9885
5370 9526
5620 9255
5158 9714
6094 9754
5586 9231
6090 9748
5184 9636
5554 9302
5968 9908
5350 9475
5323 9518
5452 9380
5574 9260
5613 9222
5312 9517
5105 8734
5342 9516
5460 9376
5180 9674
5624 9218
5098 8721
5288 9557
5026 8796
5297 9551
5596 9251
5633 9217
5106 8691
5975 9543
6004 9573
6082 9683
6106 9672
5840 9415
5211 9793
5656 9221
5319 9945
5295 9904
5346 9981
5122 9763
5321 9962
6082 9697
5966 9577
5324 9963
6122 9666
5928 9479
5097 8646
5025 8593
5051 8586
5123 9781
5949 9477
5259 9906
5227 9775
5717 9233
5124 9795
5724 9239
5689 9333
6005 9508
5178 9839
5760 9430
5769 9439
5455 10000
6138 9626
5699 9249
6013 9496
5752 9246
5040 8664
5364 9880
5184 9773
5874 9375
5289 9926
5668 9300
5339 9903
5001 8693
6075 9670
5290 9940
5935 9553
5676 9384
6046 9498
5976 9681
5149 9872
5819 9258
6107 9546
6056 9532
5643 9361
5291 9777
5202 9934
6018 9501
6068 9492
5037 8456
5375 9817
5922 9610
5040 8475
5133 9917
5651 9378
5029 8471
5277 9768
5954 9722
5334 9837
5905 9642
5238 9929
5360 9779
5222 9903
5654 9432
5328 9729
5304 9836
5919 9672
5106 8491
5823 9312
5191 9889
5202 9915
6041 9584
5036 8543
5829 9267
5160 9951
5229 9876
5014 8556
5977 9634
5251 9848
6039 9579
5276 9825
5161 9943
5362 9741
5283 9820
5462 9815
6121 9451
5539 9901
5963 9284
5730 9584
6005 9314
6130 9450
5048 8353
5508 9892
5734 9542
5897 9263
6133 9427
5942 9233
5063 8431
5791 9655
5423 9735
5986 9289
5024 8331
6079 9361
5016 8375
5468 9838
5499 9804
5662 9510
5642 9545
5549 9961
6136 9395
5677 9569
5088 8373
5401 9807
6030 9429
5001 8429
5571 9898
5516 9958
6124 9351
6123 9344
5756 9491
5033 8402
5726 9694
5686 9651
5884 9588
5916 9365
5457 9947
6131 9336
6131 9343
5869 9597
5934 9404
6078 9261
5741 9721
5632 9623
6028 9243
5926 9406
5433 9891
5669 9657
5477 9978
5630 9822
5681 9616
5693 9631
5808 9491
5386 9895
5381 9899
5087 8304
5937 9345
5962 9467
5385 9914
5915 9391
5449 9983
5661 9632
5463 9961
6095 9228
5015 8275
5882 9535
6017 9287
5063 8215
5723 9603
5932 9463
5556 9832
5496 9894
6134 9256
5387 9941
5682 9685
5070 8230
5670 9677
5416 9945
5118 8202
5708 9659
5155 8225
5503 8573
5421 8494
5969 9050
5349 8432
5425 8487
5208 8271
6089 9168
6067 9134
5623 8681
5622 8660
5927 8963
6070 9107
5663 8760
5758 8791
6024 9123
5833 8934
5779 8865
5249 8370
5684 8704
6033 9127
5575 8698
5498 8516
5289 8416
5294 8421
5990 9015
5634 8784
5898 9054
5337 8327
5377 8542
6081 9121
5366 8343
5188 8231
5420 8522
5214 8244
5786 8950
6042 9204
5431 8519
5207 8228
5844 8864
5900 9076
5391 8566
5687 8780
5375 8320
5311 8251
5241 8444
5627 8573
5892 9100
5130 8326
6092 9025
5572 8521
5721 8919
5965 9154
5266 8221
5206 8391
5920 9141
5689 8878
5789 8709
5569 8536
5314 8281
5710 8914
6013 9184
6077 8995
5695 8863
5750 8926
5404 8629
5816 8722
5806 8706
5315 8302
5277 8243
5861 8791
5236 8387
5374 8262
5250 8250
5853 8805
5824 8826
5519 8499
5720 8857
5726 8860
5624 8507
5225 8365
5740 8874
5939 9209
5959 9101
5150 8404
5952 9098
6138 9003
5143 8388
5604 8498
5735 8892
5192 8341
5313 8220
5803 8777
5681 8914
5379 8679
5389 8682
5511 8553
5848 8759
5217 8336
6117 8983
5444 8631
5254 8307
5585 8484
5365 8205
5174 8399
5474 8601
5721 8869
6003 9102
5407 8672
6096 8915
6063 8876
5488 8312
5448 8256
5921 8747
5541 8363
6037 8858
5590 8389
5104 9955
6023 8852
5091 9975
6055 8880
6042 8834
6086 8927
5355 8695
5617 8430
5344 8703
5893 8730
5274 8633
5955 8800
5116 9944
5086 9974
5154 8459
5435 8209
5535 8372
5305 8599
5770 9125
5780 9124
6134 8897
5346 8661
5218 8539
5583 8435
5691 9083
5218 8480
5306 8702
6007 8754
5946 8818
5210 8464
5469 8215
5643 9025
6120 8866
5461 8223
5479 8233
5858 9133
5076 9860
5369 8618
6141 8871
5075 9865
5185 8476
6116 8890
5938 8813
5017 9982
5031 9935
5413 8268
5913 8816
5228 8449
5268 8675
5042 9930
5677 9047
5825 9146
5913 8807
5460 8235
5830 9145
6026 8949
5853 9052
5610 8301
5413 8364
5628 8309
5818 9014
5903 8832
6040 8712
5153 8626
5157 8627
5508 8211
5772 8981
5153 8635
5409 8381
6121 8820
6044 8706
5110 9813
5784 9019
5753 9180
5771 9005
5400 8382
5011 9780
5513 8225
5522 8251
5427 8346
5843 9087
5226 8644
5766 9001
5979 8936
5888 8884
5883 9027
5911 8873
5267 8528
5155 8676
5705 9088
5738 9121
5539 8302
5567 8305
5242 8619
5685 9188
5697 9106
5152 8692
5674 9215
5668 9213
5896 8915
5162 8689
5309 8546
5673 9206
5831 8993
5774 9065
5210 8630
5357 8449
5505 8303
5926 8905
5924 8907
6057 8794
5278 8552
5990 8848
5237 8588
5744 9098
5763 9080
5966 8885
5393 8429
5879 8970
6110 8736
5255 8839
5826 8387
5889 8452
6040 8605
5039 9641
5816 8369
6085 8655
5891 8457
5591 9158
6109 8648
5942 8480
5709 8282
6038 8590
5122 8732
5341 8952
5173 8723
5762 8357
6143 8663
5875 8408
5501 9043
5139 8741
5866 8413
5580 9211
6050 8602
5943 8463
5292 8853
5408 8986
5257 8882
5100 9680
5724 8288
5083 9627
5466 8985
6002 8507
5452 8960
5638 8279
5886 8367
5496 9004
5955 8471
5761 8410
5822 8414
5878 8340
5147 8825
5192 8749
5696 8234
5263 8930
5319 8884
6032 8677
5534 9195
5994 8479
6096 8620
5785 8420
5757 8192
5809 8240
5359 8813
5345 8807
5230 8937
5284 8748
5343 8789
5775 8196
5069 9536
5272 8725
5566 9008
5863 8296
5159 8872
5027 9522
6076 8493
5201 8899
5796 8247
5478 9202
5811 8234
5114 9568
5866 8310
5764 8228
5910 8629
5258 8750
5359 8778
5528 9010
5985 8652
5368 8783
5550 8982
5715 8425
5871 8276
5073 9580
6001 8654
5316 8708
5104 9523
5039 9580
5209 8851
5165 8935
5178 8950
5281 8819
5560 9067
5501 9129
5394 9162
5380 9181
6029 8535
5609 9013
5128 8919
5482 9099
5411 9153
5549 9039
5770 8290
5576 8992
5815 8285
5548 9031
5167 8899
5489 9117
5262 8803
5671 8394
5690 8395
5244 8841
5480 9118
5326 8758
5310 8771
6107 8411
6020 8320
5195 9037
6105 8414
5361 9209
5175 9023
6125 8421
5854 8663
5229 9057
5226 9081
5069 9433
5834 8671
5692 8490
5424 8743
5309 9130
6118 8445
5659 8448
5742 8560
5454 8810
5465 8831
5680 8470
5427 8731
5529 8886
5045 9370
5655 8487
5095 9430
5115 9410
5536 8859
6108 8418
5859 8611
5464 8728
5006 9423
5385 8779
5582 8843
5384 8783
5880 8624
5164 9061
5047 9469
5300 9215
5517 8902
5545 8932
5189 8971
5666 8557
5645 8542
5615 8890
5459 8715
5895 8287
5245 8997
5888 8288
5230 8974
5688 8537
5658 8575
5767 8685
5483 8731
5619 8835
5484 8729
5472 8727
5331 9131
5790 8678
5718 8495
5129 9072
5437 8768
5322 9143
5932 8274
5187 9021
5071 9392
5702 8505
5597 8797
5605 8805
5776 8466
5812 8502
5973 8406
5349 9062
5168 9140
5788 8472
5659 8607
5749 8690
6136 8307
5504 8717
5187 9165
5482 8958
6052 8241
5119 9318
5338 9024
5055 9247
6116 8261
5527 8757
5552 8725
5446 8938
5468 8941
6009 8397
5577 8831
5498 8908
5799 8477
5796 8478
5232 9163
5506 8766
6029 8268
5636 8645
5176 9212
5631 8763
6092 8197
5904 8410
5560 8821
5802 8574
5995 8371
5116 9254
5401 8901
6021 8293
6117 8196
5644 8686
5351 8964
5814 8533
5343 9020
5867 8462
5662 8699
5538 8772
5416 8898
5769 8550
5572 8757
5948 8392
5066 9276
5581 8762
5002 9334
5534 8803
6098 8236
5984 8350
7833 9881
7848 9896
6755 8801
6932 8983
7701 9756
6780 8821
7049 9091
7187 9245
7456 9519
6185 8248
6416 8451
6631 8690
6626 8695
6407 8465
7832 9871
6439 8496
7686 9758
7548 9575
7260 9280
7531 9590
6282 8340
7718 9734
6169 8249
7251 9330
7079 9094
7637 9718
6758 8770
7051 9133
7391 9464
7467 9474
6737 8826
6931 9022
7475 9501
7905 9938
7359 9355
7715 9750
7853 9883
6855 8944
7565 9653
7060 9132
7457 9499
6207 8194
7724 9745
7078 9112
6675 8787
6953 9064
6670 8780
6413 8520
7895 9874
6989 8970
7323 9436
6226 8218
7289 9264
6831 8932
6706 8825
6879 8851
6791 8906
7720 9830
6842 8948
7383 9351
6165 8260
7848 9977
7643 9610
7855 9981
6259 8224
7391 9356
7130 9103
7714 9847
7292 9258
6378 8380
7255 9216
7582 9668
7607 9709
6417 8523
7202 9342
6431 8514
6892 8844
6695 8774
7791 9742
7479 9558
7166 9116
7888 9906
6977 8994
7910 9858
7380 9406
6908 8855
6948 9032
7621 9640
6686 8816
7919 9856
6479 8511
7694 9854
6272 8432
6947 9042
7389 9388
6819 8913
7575 9700
7780 9746
7191 9312
7904 9886
6344 8374
7203 9308
7661 9583
7417 9338
6500 8679
7928 9851
6176 8357
6880 8808
6614 8543
7757 9924
6819 8750
7816 9752
7353 9257
7078 9011
7859 9766
7096 9006
6579 8485
6993 9161
6619 8515
6824 8752
7523 9723
7376 9289
7531 9714
7452 9607
6164 8330
6894 8817
6580 8491
7441 9649
6821 8709
7117 9071
7737 9882
7759 9964
6209 8420
7802 9951
7263 9465
7093 8978
6540 8484
7431 9646
7880 9827
7308 9248
7709 9904
6650 8532
6859 8824
7451 9640
7378 9313
7915 9823
7136 9045
6149 8368
6798 8760
7580 9514
7276 9434
7102 8969
6255 8407
6298 8224
6339 8318
7142 9048
7486 9726
6684 8926
7560 9547
7598 9581
6269 8372
6574 8547
6386 8255
7104 8973
6358 8217
6669 8925
7010 9139
6215 8342
7917 9791
7199 9420
6682 8910
6244 8369
7459 9716
7346 9317
7212 9463
6202 8417
7907 9789
7236 9370
7175 9432
7411 9234
7515 9658
7612 9565
6175 8446
7736 9946
7752 9898
7772 9912
6615 8497
7864 9808
7407 9222
7237 9388
6504 8580
6773 8859
7715 9939
6667 8955
7283 9346
7399 9237
6692 8912
6777 8846
6400 8696
6174 8423
6594 8504
7403 9238
7336 9301
7547 9605
7631 9521
6446 8657
8087 9877
7392 9700
6254 8555
8151 9936
6401 8203
7687 9996
7944 9733
7367 9673
6694 9000
6317 8637
6202 8490
7641 9416
6395 8687
7148 8954
7301 9619
7469 9274
7392 9722
7312 9611
6691 9023
6518 8296
6705 8979
6328 8603
6502 8271
6421 8252
8125 9876
8084 9917
8052 9817
6342 8680
7080 8856
6837 9093
7096 8841
7406 9692
8078 9916
8115 9857
6405 8246
8071 9905
6376 8656
6998 8815
7025 8776
7433 9269
7207 9497
7025 8753
7178 9551
7236 9484
7190 9567
8059 9776
6577 8442
6494 8207
6198 8551
7365 9623
6437 8311
6180 8567
7252 9472
7132 8842
6469 8210
7489 9238
6257 8486
8156 9867
7607 9453
7141 8894
7675 9382
6421 8264
7429 9304
7976 9846
7941 9819
6205 8540
7140 8837
8086 9968
6752 8968
6975 8788
7576 9459
7587 9416
6865 9148
6994 8767
7437 9315
7540 9243
8135 9910
6765 8990
7170 9585
6863 9148
6490 8236
6759 8976
7308 9717
6626 8344
6588 8384
8025 9765
8139 9910
7006 8737
8171 9839
7567 9227
8002 9925
7578 9235
6810 8976
6938 8848
7222 9661
7644 9303
6465 8396
7957 9882
7444 9350
6493 8398
6983 8916
6818 9012
6392 8558
6841 8992
7484 9382
6942 8837
7609 9253
6706 9135
7563 9259
6267 8666
6535 8230
6177 8579
7020 8900
6732 9190
7040 8747
7854 9986
7176 9637
7239 9705
6383 8513
6539 8229
6959 8863
6750 9199
8179 9794
6261 8644
7958 9893
7619 9335
6998 8930
6775 9155
7620 9340
7097 8704
6418 8360
7354 9479
6740 9194
6238 8673
6973 8834
7464 9448
6399 8511
7317 9559
6352 8467
7374 9482
6555 8287
7456 9444
7052 8777
7086 8811
6638 8235
8029 9883
7098 8819
7368 9474
6528 8266
8156 9750
7229 9719
6239 8597
7449 9426
6423 8409
8183 9784
6381 8508
7997 9966
7228 9706
6321 8550
6206 8678
8021 9869
7975 9983
8039 9919
7380 9485
7068 8773
6641 8232
7892 9998
8188 9760
6222 8594
6945 8959
7001 8838
6807 9079
7036 8857
6579 8278
7416 9488
6547 8314
7520 9353
6535 8300
6149 8681
6324 8536
8051 9887
6223 8637
8104 9818
6707 9159
6695 9183
7615 9286
7295 9604
6322 8521
6820 9050
6260 8587
8003 9539
7314 9873
6263 8820
6658 8198
6573 9129
7192 9757
7008 8551
7965 9493
7828 9372
7259 9810
7797 9340
8189 9718
7138 8684
7179 9733
7186 9756
6400 8975
8134 9686
7745 9297
6490 9032
6863 8411
6532 9105
6276 8849
7708 9226
7443 9988
6963 8489
8128 9691
6587 9120
8149 9678
6446 8972
6226 8822
8165 9665
7972 9472
6660 8227
6476 9060
6252 8773
7324 9911
6936 8501
7032 8534
6201 8727
6803 8355
7117 8700
7239 9845
7174 9780
6883 8401
7803 9293
7811 9403
7324 9895
6473 9077
6853 8325
6300 8924
6385 8883
7033 8509
6403 9028
6832 8440
6515 9019
7946 9536
6862 8322
6219 8710
6996 8474
6900 8378
6919 8520
6287 8896
6489 8968
8174 9660
6727 8212
6189 8824
6671 8280
7986 9578
7885 9367
6147 8792
6489 8965
7066 8647
6677 8267
6587 9189
6249 8759
8122 9688
8008 9514
6725 8227
7070 8696
6874 8380
7702 9329
6704 8279
8030 9529
6520 8977
6884 8334
7150 8580
7716 9288
7407 9859
7709 9328
7370 9893
6269 8719
6968 8524
7835 9454
6785 8439
6534 9201
8141 9652
7321 9955
6457 9026
7815 9468
7856 9421
6864 8273
7211 9897
7768 9434
8050 9713
7068 8479
7091 8496
6805 8208
6418 9114
6815 8213
7109 8527
7113 8515
6983 8650
7952 9630
6912 8593
7962 9612
8097 9531
7922 9320
6623 9028
6314 8758
7706 9349
8110 9487
6433 9090
8180 9552
6284 8741
7396 9806
8147 9598
8082 9506
6885 8278
8117 9473
8126 9476
7064 8482
8089 9509
7685 9400
6447 9106
8129 9599
6584 8966
6240 8864
6468 9092
8177 9521
7983 9707
6261 8881
6200 8956
6790 8259
6900 8242
6493 9114
7172 9923
8100 9571
8016 9624
7002 8595
7046 8527
7695 9413
6144 8906
6426 9169
8006 9611
6781 8371
6568 9062
7114 8453
8164 9526
6289 8770
6542 9046
8150 9487
7052 8534
7913 9266
8182 9512
7842 9341
7369 9769
7001 8635
6531 9057
8100 9543
6396 8730
7219 9940
7336 9793
7994 9683
6510 9088
7999 9680
6531 9074
6255 8862
6704 8386
6641 8963
7120 8482
6643 8967
8105 9565
6591 9034
7320 9838
6930 8680
7116 8503
6166 8941
6475 9143
8108 9554
6492 8798
8148 9431
8114 9398
8124 9401
7488 9798
7062 8351
6316 9126
6980 8270
7521 9834
6778 8561
7549 9842
7623 9942
6785 8592
6734 8540
7771 9544
6834 8609
7137 8434
7087 8377
6754 8564
6288 9096
6564 8888
6228 9035
7712 9473
7471 9740
7979 9229
6955 8194
6729 8544
6363 9201
6870 8701
6599 8940
8060 9296
8041 9285
6343 9195
7058 8383
6848 8685
7163 8405
6911 8657
8120 9367
7056 8383
6792 8632
6890 8665
7505 9826
7746 9585
6480 8804
7978 9247
6878 8676
7047 8390
6553 8920
6591 8957
6745 8477
7613 9976
7240 9985
6958 8290
6784 8653
7481 9844
6287 9180
7862 9701
6737 8453
6357 9091
7805 9515
6458 8802
6779 8483
6536 8913
6327 9197
8090 9408
7705 9595
7674 9880
7899 9656
8096 9412
6800 8692
7136 8329
6317 9156
6410 8801
7095 8412
6899 8600
6169 9064
6862 8639
6839 8641
7103 8391
6462 8775
6517 8718
6511 8723
6452 8776
7277 10000
8185 9348
6904 8568
8008 9417
6906 8571
7649 9827
7035 8447
6525 8953
8088 9244
7864 9533
7797 9715
6581 8754
7877 9548
8043 9442
8111 9253
7882 9537
6478 8901
6403 8840
6397 9078
6583 8762
7654 9846
6406 8854
6650 8814
7776 9717
7691 9628
6444 8891
6346 9053
7151 8311
7506 9928
7571 9737
7134 8256
6167 9097
7611 9753
6955 8333
8047 9415
7755 9699
7939 9386
6288 9017
6979 8424
7018 8385
6828 8448
6744 8694
7159 8281
7873 9582
6368 9041
7716 9622
7771 9711
6371 9046
6362 9068
7852 9493
6653 8775
7783 9692
6345 9074
7440 9902
8073 9271
6501 8871
6865 8467
7457 9957
7837 9562
6234 9117
6556 8795
6527 8887
7062 8286
6845 8564
6336 8969
7719 9707
7727 9698
6325 9083
6471 8855
7867 9579
6957 8444
6941 8399
6558 8781
6340 8977
6203 9186
7030 8364
7590 9853
8042 9399
7611 9828
6593 8737
7725 9679
8145 9266
6670 8682
6879 8506
6467 8870
6710 8656
7654 9728
7936 9447
6761 8579
6604 8743
8013 9379
8159 9265
8167 9225
6256 9119
7801 9609
6826 8538
7726 9695
6211 9140
7550 9863
6867 8488
7597 9809
7122 8239
6302 9056
7953 9455
7962 8986
6897 9972
6888 9965
6145 9220
8180 9202
6585 9663
7428 8450
6921 9987
7743 8755
7294 8306
7982 8993
7315 8322
6543 9629
6190 9276
6429 9480
7514 8525
7647 8648
6584 9647
7639 8655
7355 8355
6526 9574
8169 9203
7684 8734
6303 9347
7821 8876
6570 9608
6792 9902
6508 9546
6634 9676
6550 9648
7593 8583
7388 8435
7526 8535
6341 9462
8145 9186
6890 9950
7843 8854
8170 9170
7599 8599
7290 8259
7804 8774
7756 8822
8138 9200
8108 9111
7405 8401
7893 8936
7194 8231
6436 9498
6329 9350
6291 9426
7429 8512
7967 9049
6658 9797
7515 8476
7468 8548
7247 8198
8136 9095
7787 8740
7965 9036
7839 8910
6835 9954
7775 8716
6283 9439
8077 9179
7754 8720
7707 8769
8028 8967
6816 9980
6807 9931
6632 9653
6157 9325
6398 9374
6183 9285
7347 8406
6512 9495
7334 8385
7879 8879
6362 9394
8070 9199
7343 8389
8118 9181
7234 8238
7493 8489
7298 8428
7669 8602
7972 9035
6750 9774
7844 8912
7667 8581
8035 8980
6622 9641
6896 9865
7554 8697
6480 9517
7894 8875
6282 9460
7472 8624
7044 9989
7183 8332
6560 9507
7291 8447
8190 9080
6459 9651
7767 8927
6823 9774
8033 9197
7629 8513
7697 8833
7733 8869
7966 9102
6508 9725
6743 9926
8152 9033
7869 8751
7328 8242
7661 8569
8103 9009
7670 8545
6744 9921
6620 9541
6340 9310
7908 8830
6831 9781
7371 8272
6880 9852
7624 8532
8083 9010
6768 9937
7555 8481
6277 9250
8099 8975
7487 8594
7827 8766
6369 9295
7947 9147
7536 8642
6738 9958
6360 9326
7617 8570
7976 9107
6193 9356
8081 9006
7673 8504
7321 8283
7922 8752
6183 9441
6723 9861
6182 9440
7968 9192
6190 9446
6263 9405
7327 8276
6484 9624
7528 8612
8007 9110
7567 8541
7228 8431
6160 9411
6652 9519
6752 9909
7310 8280
8133 8978
6902 9761
6245 9402
7349 8298
7949 9196
6612 9520
6726 9900
7400 8195
7343 8258
7495 8617
7707 8939
6351 9278
7402 8216
6733 9919
6381 9241
7510 8608
7787 8861
6869 9772
7775 8870
7973 9177
6249 9365
7960 8728
6259 9586
7412 8693
6506 9323
7430 8195
6656 9990
8005 8781
6442 9248
7188 8473
8072 8838
7339 8613
7352 8616
7248 8514
7938 8721
7320 8587
7200 8500
7666 8422
7946 8733
7415 8672
6339 9690
7549 8294
6425 9218
6146 9497
7748 9061
6533 9380
7084 9870
6940 9790
7542 8274
7039 9819
6329 9628
7277 8517
7155 9946
7601 8348
7011 9805
7127 9977
6551 9400
6986 9829
7826 9122
7574 8359
7377 8677
6606 9467
6944 9749
7710 9000
7823 9144
6498 9307
6474 9328
7165 9920
6532 9412
7692 9036
7981 8812
7690 9033
7874 9095
6161 9561
8163 8879
7861 9208
7242 8452
8058 8756
6460 9330
6332 9715
8159 8845
6152 9562
6273 9685
7872 9109
7604 8418
7511 8204
7587 8440
8181 8873
6632 9397
7945 8788
7955 8782
6394 9637
6633 9398
7542 8214
6574 9422
7473 8273
6516 9237
6246 9476
7774 9020
8106 8908
6213 9513
6988 9763
7143 9877
7982 8795
7434 8319
8010 8765
7706 9058
7373 8628
6361 9635
6495 9252
7377 8621
7388 8608
6974 9795
7509 8232
8132 8889
7577 8423
7825 9198
6581 9418
7635 8275
7498 8395
7722 9128
8057 8955
6553 9242
7126 9811
7780 9187
6799 9991
6227 9691
7089 9785
7725 9124
7275 8674
6236 9686
6358 9564
8069 8718
7565 8193
6279 9483
7360 8525
6419 9374
6943 9874
6366 9552
7088 9761
6258 9696
7979 8889
7317 8455
8142 8793
7342 8505
8011 8924
6368 9593
8048 8938
7000 9923
6406 9373
7344 8492
7749 9176
7119 9808
6534 9254
7964 8894
7288 8669
7188 8626
7145 9807
6440 9359
7581 8245
6204 9622
6440 9346
7760 9214
8018 8956
7216 8607
8111 8735
6528 9265
6448 9345
7009 9939
7876 9078
7896 9069
8044 8921
8001 8951
7107 9849
7345 8459
7840 8990
8172 8786
6987 9972
7676 8253
7956 8917
8063 8893
7413 8503
7476 8438
6404 9408
7329 8549
6409 9409
7933 9012
7002 9875
7253 8601
8034 8878
6622 9232
8030 8849
8069 8778
8062 8881
7572 8261
7357 8556
7006 9866
7331 8565
6424 9422
7522 8376
6447 9459
6334 9570
6374 9528
7074 9853
7823 9070
8034 8835
7309 8559
7019 9864
6348 9512
6952 9933
7327 8570
6196 9693
8022 8892
6338 9513
7789 9089
7134 9778
7214 8640
7067 9835
7393 8465
6573 9305
6321 9541
6265 9614
7099 9797
7123 9773
7570 8301
6940 9500
7800 8316
6767 9322
7379 8917
8086 8606
7127 9695
7007 9558
6659 9226
8016 8538
8187 8689
7032 9587
6313 9890
7844 8360
6231 9816
6687 9230
7935 8427
6904 9452
6817 9396
7373 8920
6945 9524
6299 9869
6772 9324
7213 8756
6959 9525
7619 9177
7350 8877
7404 8945
6170 9732
7355 8858
7463 8965
7866 8344
7723 8200
6739 9335
6359 9970
8135 8674
7147 9678
7081 9600
8018 8571
7305 8891
7571 9120
7740 8200
6872 9452
6770 9287
7485 8971
7418 8909
6925 9525
7599 9109
7551 9029
7683 8255
7750 8315
7031 9545
7575 9174
6192 9842
6941 9567
6678 9298
7077 9697
6382 9894
6150 9802
7301 8904
7757 8192
7017 9511
6482 9987
8110 8698
7931 8366
7747 8214
7227 8814
7231 8806
7007 9477
7901 8327
7376 8843
7592 9207
6700 9292
6858 9384
7333 8903
7295 8733
6209 9767
7517 9018
7929 8337
6171 9843
7921 8345
8056 8466
6882 9352
7683 8297
6673 9338
6348 9888
7268 8715
7091 9666
7573 9191
7750 8245
7349 8902
7985 8519
6784 9462
6522 9985
7432 9077
7521 8988
7230 8769
7786 8427
7129 9563
8148 8530
6540 9988
7070 9492
6926 9603
6306 9779
6554 9992
7998 8619
7520 9205
6927 9625
7564 8987
7755 8403
7626 9040
6395 9831
6950 9659
6830 9267
7690 8343
7206 8888
6762 9461
7489 9185
6354 9843
6384 9809
7910 8260
6181 9863
8080 8500
6181 9858
7996 8596
7895 8319
6742 9471
6291 9785
7696 8379
8065 8492
6885 9290
7471 9119
7817 8248
6991 9726
7470 9116
7483 9103
6316 9753
7917 8283
7933 8267
6875 9314
6715 9349
7856 8305
6215 9862
6808 9306
7885 8206
8009 8591
7004 9627
7694 8393
7200 8937
7125 9503
8124 8566
7968 8683
6180 9960
7085 9568
7699 8413
6388 9787
6918 9682
6336 9748
7824 8262
8015 8600
7469 9204
6881 9272
7211 8946
6739 9353
8024 8582
7677 8988
6811 9337
7558 9060
8081 8562
7233 8866
6312 9803
7364 8739
6279 9824
6854 9260
6874 9271
6206 9936
6976 9647
8009 8634
7914 8222
7270 8850
7394 8726
7556 9085
7588 9053
8058 8576
6640 9968
6916 9221
8157 8412
7924 8688
8074 8334
7897 8668
6771 9589
7631 8904
7312 9113
6751 9555
6733 9539
6838 9638
6546 9861
7858 8613
6536 9878
7846 8632
8007 8295
6603 9967
7168 8998
6778 9564
6510 9801
7387 9203
7845 8590
7912 8643
7868 8592
6949 9227
7652 8916
6851 9712
7272 9052
7805 8522
7839 8610
7620 8836
7017 9256
7668 8886
7145 9386
8117 8433
7849 8684
7596 8933
6696 9571
7769 8469
6918 9290
7275 8998
6678 9560
7973 8299
7627 8836
7340 9212
7076 9460
7004 9230
8049 8226
7140 9393
7208 9086
6546 9930
6919 9309
6481 9738
6985 9236
6682 9540
8136 8361
6814 9727
7898 8633
7840 8643
7273 8973
7987 8277
7939 8298
6835 9689
8123 8394
7530 8729
7302 9205
8164 8339
7051 9458
6852 9662
7026 9224
7754 8497
6978 9279
6502 9755
7482 8772
7258 9178
8072 8201
8176 8310
6723 9675
6280 9984
7857 8506
6438 9901
6554 9745
6674 9630
7189 9115
7333 9003
7257 9175
7729 8638
7083 9275
7184 9090
7537 8933
6905 9581
7036 9446
7736 8611
7339 9008
7953 8330
6633 9844
8079 8208
6464 9952
7335 8966
6485 9969
7100 9240
6455 9875
7276 9160
6562 9738
7717 8591
7195 9136
6770 9694
8119 8218
7729 8577
8037 8404
7403 9055
7484 8842
7568 8745
7705 8610
8075 8246
7118 9231
7644 8735
7900 8468
7013 9390
8142 8193
6811 9556
7350 9063
6582 9831
6815 9547
7657 8764
7538 8868
7818 8541
7372 8980
6828 9588
7702 8652
7465 8947
7299 9059
6896 9488
7220 9173
7732 8661
7420 8984
7330 9030
6693 9664
7109 9251
7762 8634
7758 8612
8020 8376
6837 9561
8012 8353
7584 8787
6402 9975
7015 9362
7412 8961
8094 8299
6545 9828
6436 9937
7238 9137
8000 8378
7084 9296
7014 9368
6736 9646
7778 8604
7405 8979
6557 9826
