1000 1000
250 251
176 177
552 553
272 273
913 915
803 807
432 436
722 727
627 629
930 932
459 460
20 29
977 986
578 590
519 522
757 763
81 95
161 175
275 285
384 399
526 542
171 187
109 124
774 788
192 210
137 156
813 827
615 624
746 765
420 435
362 381
397 410
105 113
293 317
835 859
809 819
610 632
366 373
779 784
35 62
142 145
711 743
521 552
405 439
156 190
721 754
330 367
84 113
140 170
203 225
863 885
220 247
780 802
666 682
537 553
455 502
269 313
598 610
31 43
920 941
595 613
791 801
713 755
86 108
26 33
155 160
768 830
900 955
551 615
800 864
441 505
443 511
445 506
300 356
430 485
691 765
903 969
399 449
15 64
908 963
817 894
826 875
259 338
56 110
568 623
147 203
425 496
256 346
566 620
670 709
694 746
61 97
150 200
571 612
301 333
415 511
698 731
801 835
535 628
814 845
667 760
1 98
273 377
177 219
909 999
132 232
806 842
37 73
934 971
148 228
660 740
804 853
257 370
952 972
63 74
424 478
931 987
926 996
677 729
173 208
806 859
122 251
843 969
339 464
59 191
778 909
119 254
44 165
799 917
115 249
55 189
100 239
517 649
124 242
379 501
829 947
309 442
126 241
103 247
852 965
805 951
123 233
18 135
21 128
89 207
93 202
587 723
602 706
353 507
855 972
526 657
857 966
327 472
79 238
779 938
352 451
51 144
564 656
821 913
797 953
786 948
2 165
573 662
523 676
606 753
28 179
283 426
10 184
16 162
543 684
117 193
321 503
637 714
78 249
809 912
576 761
631 715
616 724
546 670
828 896
618 726
546 671
892 961
348 482
74 245
538 731
541 732
111 173
593 661
839 899
529 725
288 485
778 973
848 921
637 692
548 749
381 438
382 434
79 159
62 239
318 495
840 924
569 749
883 935
834 919
874 957
595 644
513 729
267 466
581 671
54 236
516 735
295 508
891 928
630 683
75 149
281 454
5 229
12 236
47 206
872 905
856 953
46 204
34 193
561 725
849 951
360 398
824 991
557 714
326 417
121 147
17 253
81 188
597 696
345 436
375 409
559 735
791 998
17 229
263 498
287 486
52 207
874 918
621 659
53 202
604 675
639 895
704 960
235 491
188 447
739 992
205 456
633 894
95 343
223 470
104 355
584 837
583 840
64 336
613 887
711 981
626 870
198 466
65 340
85 320
169 446
114 363
205 471
705 986
164 440
531 782
544 831
252 483
525 812
672 897
160 387
200 492
738 966
20 306
563 789
194 484
655 937
141 426
514 810
539 818
174 388
653 935
654 932
159 437
531 831
548 776
21 315
9 294
166 406
224 465
25 299
197 497
153 428
69 368
733 1000
592 871
724 995
96 343
544 792
201 497
558 790
632 833
7 316
83 367
48 269
244 457
572 769
68 378
246 456
676 996
39 359
598 790
646 967
748 941
55 374
11 334
154 476
224 422
716 907
82 277
19 346
24 337
120 306
219 401
2 328
602 785
8 324
220 400
614 811
240 446
108 290
664 983
234 442
92 270
110 312
564 866
587 796
138 477
180 483
650 989
146 458
234 435
580 799
48 364
191 481
767 929
540 893
181 471
689 979
582 805
76 296
197 417
23 371
572 858
121 286
764 923
179 468
222 438
34 331
622 773
627 792
13 358
608 780
31 371
151 505
176 479
659 992
753 901
161 470
143 503
120 260
679 987
18 364
77 461
742 870
183 310
759 886
96 484
206 331
94 475
604 985
646 768
648 782
645 770
588 964
663 797
599 988
5 395
655 769
512 911
19 386
576 978
42 440
163 304
590 984
569 942
585 990
157 261
144 265
585 976
116 494
134 284
190 293
760 868
665 772
101 504
7 408
85 501
41 392
29 444
744 841
574 925
86 498
163 262
561 916
226 324
543 952
168 271
101 463
747 832
514 937
704 877
752 862
237 349
157 303
44 414
673 786
212 359
596 999
235 351
199 369
528 936
30 421
117 462
565 910
519 955
545 927
37 411
742 857
687 879
194 257
634 959
6 448
212 274
678 865
68 396
72 385
138 320
123 433
757 825
641 845
90 406
24 469
582 904
673 878
654 833
170 378
13 477
8 473
640 850
621 958
594 902
211 263
695 865
536 975
243 292
125 421
634 931
131 344
255 291
196 280
766 803
686 880
745 823
658 882
226 259
36 453
107 394
67 416
684 847
513 997
586 940
183 336
605 954
27 499
575 981
66 425
611 904
178 345
153 372
738 783
27 500
748 771
651 890
616 924
155 354
687 854
579 954
643 888
622 914
84 424
547 990
187 699
297 808
221 728
178 695
50 567
210 728
347 849
192 715
125 630
348 855
14 515
230 744
474 980
167 681
332 860
308 804
402 898
358 882
129 661
230 755
356 881
241 743
386 922
112 618
59 545
475 960
171 694
70 600
278 777
243 723
53 532
129 675
401 946
397 942
288 772
148 688
486 963
350 889
106 589
405 956
276 830
380 848
164 649
57 535
309 794
180 644
303 798
100 597
152 683
262 817
168 656
181 652
252 709
91 609
294 793
264 823
146 685
286 862
264 841
383 829
412 991
479 923
342 785
114 571
298 864
71 525
317 886
391 971
92 530
130 716
126 560
414 976
14 577
166 758
390 982
318 879
271 861
82 518
491 958
487 945
97 566
454 926
91 515
265 853
380 802
167 708
463 939
493 906
237 650
115 532
22 638
489 897
218 688
509 918
222 693
204 679
231 651
280 884
420 980
93 559
319 844
149 737
500 896
462 950
328 818
289 858
217 677
327 827
118 520
278 873
482 866
305 944
390 775
137 523
409 795
58 702
357 993
215 594
60 698
450 836
509 890
422 815
429 807
26 662
67 717
38 680
447 816
476 851
292 949
281 906
268 927
184 556
90 718
282 910
403 775
314 943
132 530
373 994
419 820
400 776
78 727
496 875
255 612
340 968
185 549
182 554
38 699
403 781
298 949
349 962
508 867
135 551
323 995
431 783
305 915
127 733
310 917
99 710
50 663
69 739
448 871
407 816
76 747
322 997
10 674
467 891
389 812
360 961
94 756
246 603
473 887
227 588
392 826
465 867
75 766
316 905
11 701
88 751
122 717
65 763
387 825
451 889
227 606
131 574
169 534
282 933
133 581
404 852
432 881
128 577
195 512
439 880
335 903
467 795
32 745
240 570
408 851
172 609
49 767
30 721
189 623
253 558
404 839
199 529
335 920
330 914
389 860
103 702
376 930
369 938
209 527
393 854
136 599
338 946
77 686
412 895
307 983
127 667
430 843
36 705
250 540
47 713
6 737
315 988
468 828
433 856
228 527
297 965
141 611
233 518
245 516
323 945
72 701
54 707
40 734
158 617
186 578
308 973
354 921
51 712
52 712
208 557
434 844
350 928
35 732
300 979
43 811
83 850
391 645
25 796
407 658
351 601
105 878
139 908
258 517
151 925
302 549
9 773
395 647
428 674
379 628
22 771
3 788
490 754
355 635
258 539
4 798
3 793
480 762
139 912
201 978
116 873
213 968
198 984
39 824
12 813
493 719
334 619
319 538
427 653
342 638
398 678
365 580
384 681
461 736
66 876
449 750
444 652
209 993
388 693
33 787
312 522
118 837
299 542
431 666
277 547
437 642
510 710
295 541
16 810
504 708
256 573
287 607
366 556
311 629
341 534
172 1000
329 524
32 869
40 877
291 614
279 593
136 974
423 751
337 537
70 781
452 648
272 605
133 970
216 919
510 689
213 900
283 586
28 847
457 669
261 592
416 759
134 977
481 697
363 562
472 642
46 884
311 619
376 550
104 822
326 550
285 636
63 861
314 600
41 846
225 902
143 998
339 568
410 756
102 777
89 822
223 944
419 722
260 625
217 940
357 528
325 563
418 730
464 682
441 707
60 832
195 959
56 838
460 690
411 740
174 814
232 872
322 706
478 607
244 885
284 669
289 672
42 939
274 657
248 893
487 608
458 589
275 660
73 974
266 640
242 888
1 907
45 934
452 591
341 734
347 720
268 647
507 631
152 789
385 524
480 625
301 703
216 842
374 741
49 933
413 521
23 899
15 922
119 994
489 636
418 567
302 696
445 555
270 665
45 948
215 846
352 761
175 822
80 970
450 601
492 624
304 685
182 808
140 787
88 967
321 741
368 726
218 892
102 975
112 985
333 736
154 820
221 876
490 603
238 863
111 989
61 911
162 784
474 617
361 730
266 703
502 579
413 555
429 533
4 956
375 718
393 562
495 596
453 633
107 982
145 815
370 691
87 916
383 700
396 584
377 700
279 720
313 752
499 570
329 643
106 929
99 943
290 750
254 819
214 774
150 838
506 554
214 770
296 764
248 800
427 626
104 947
361 690
325 664
362 692
423 583
415 639
469 565
98 898
344 697
332 680
494 520
394 620
130 868
372 668
109 901
402 635
80 957
276 762
488 536
71 950
196 821
443 591
58 962
186 834
455 575
158 869
459 560
307 719
488 533
353 668
57 964
231 794
185 836
142 883
267 758
382 641
87 936
