10000 9999
9786 9787
4834 4835
1822 1823
670 671
9229 9230
6833 6834
8450 8454
2729 2735
1443 1445
2001 2008
2455 2461
9795 9807
5795 5806
7073 7084
6195 6204
5029 5034
5895 5911
5673 5691
801 819
9899 9919
3534 3547
2215 2225
7113 7134
4746 4755
5506 5531
2797 2807
9003 9008
7245 7254
7745 7773
8431 8434
6701 6707
8797 8829
4309 4340
6170 6203
6364 6398
3995 4025
2888 2925
8594 8632
7317 7353
218 247
7426 7468
705 751
4121 4137
9742 9790
1671 1718
4368 4386
991 1004
9419 9464
9675 9720
2269 2282
7940 7996
8002 8058
6788 6845
5315 5370
1024 1085
2005 2024
4268 4333
9649 9714
1541 1606
438 501
8194 8257
2099 2160
6569 6637
1161 1228
9148 9211
5695 5752
6203 6268
6664 6720
1442 1512
1168 1242
3257 3314
6544 6619
4022 4090
6205 6257
5545 5605
282 343
5035 5092
8383 8432
7431 7508
8586 8665
5680 5731
1572 1655
3456 3540
9217 9301
9355 9436
8107 8188
574 614
2107 2146
54 111
7221 7276
802 891
4653 4727
8505 8547
2584 2626
2611 2665
394 470
6833 6892
9493 9544
2579 2637
8884 8917
6565 6596
4147 4177
2705 2803
2731 2760
9874 9974
4661 4689
398 486
7101 7127
3480 3570
5817 5842
2346 2369
2345 2373
1161 1255
165 203
3765 3803
5567 5585
2825 2918
6459 6475
4998 5111
5429 5447
6787 6903
1292 1403
2367 2375
9241 9313
5433 5442
5017 5093
6155 6262
5543 5593
6685 6754
2636 2764
4898 5027
371 498
7507 7633
4639 4763
8229 8353
9251 9382
8767 8883
5919 6034
7439 7553
7199 7313
6453 6586
4129 4270
3938 4083
2075 2185
321 467
2641 2754
3591 3731
8810 8958
5205 5312
310 419
1903 2041
49 167
7717 7858
7500 7643
4703 4808
1096 1233
9772 9910
6759 6909
271 404
9081 9191
7746 7907
2335 2493
3450 3550
2596 2688
2428 2520
9300 9457
8526 8678
5632 5802
9229 9376
9582 9667
1377 1484
9570 9682
7430 7604
5240 5323
8046 8157
9260 9369
8308 8387
288 408
7211 7314
9035 9200
5753 5828
8795 8934
5213 5346
2659 2722
8465 8656
1110 1175
8517 8580
4878 5068
8527 8588
9342 9402
4671 4858
9033 9100
331 397
6236 6298
7763 7838
7288 7349
1799 2007
2326 2502
9772 9981
3641 3816
8773 8852
1320 1531
593 642
4473 4522
8233 8445
9562 9615
4362 4575
8016 8069
809 1008
1881 1920
4930 5019
9512 9714
4951 5004
8976 9166
257 481
1608 1704
5485 5516
8215 8437
7467 7624
4157 4313
4945 5047
1076 1235
2396 2484
71 173
7451 7664
874 900
1330 1500
17 225
6506 6558
1882 1966
5652 5856
4651 4830
591 698
46 216
2096 2246
6756 6812
1341 1477
309 460
1621 1711
6727 6842
1404 1409
4923 5061
8426 8683
5655 5909
219 478
2096 2357
9251 9510
2707 2965
5843 6101
3651 3915
9227 9475
7321 7569
4206 4455
4649 4896
4237 4484
6188 6437
6195 6457
8340 8607
9407 9650
8244 8505
1695 1936
4833 5105
6240 6512
7928 8169
4207 4478
6708 6945
9411 9685
1607 1872
8914 9157
710 989
2566 2843
4610 4892
4713 4982
5752 5991
7732 7957
8246 8469
569 796
3593 3887
7693 7979
8404 8690
5699 5988
3793 4086
6816 7048
7404 7620
567 797
1186 1423
8406 8699
1538 1836
7797 8026
3603 3900
4260 4491
3199 3407
8225 8466
2175 2376
3711 3911
5246 5446
8714 9010
8377 8576
5861 6111
7871 8069
2209 2459
6244 6489
8761 8967
3836 4035
9384 9705
3083 3401
6238 6428
4729 4925
5247 5434
5259 5582
6687 7001
4113 4438
5211 5395
4273 4601
8316 8502
6268 6454
4216 4403
6796 7104
9 325
654 962
4650 4966
2715 3028
8279 8455
3146 3352
4144 4450
517 854
8443 8616
9294 9499
4142 4472
4115 4421
2780 2955
2230 2542
5791 6087
5728 5945
2199 2510
5138 5449
2186 2513
6167 6473
2228 2539
146 461
108 268
6717 7005
3584 3937
2095 2382
3654 3879
9224 9578
7821 8175
6239 6458
6227 6452
529 890
5701 5929
9279 9555
7341 7616
4699 4917
124 270
2685 2830
8876 9183
4741 5105
3229 3560
758 896
1639 1808
1551 1909
1780 1935
6158 6514
595 815
6674 7022
21 361
8300 8464
8900 9146
4229 4357
1221 1348
6904 7033
1689 1819
5344 5474
2655 3036
716 841
3628 4009
8240 8631
4204 4580
2283 2403
5862 5996
5229 5601
5264 5404
5352 5476
5770 5892
7322 7444
4244 4356
4776 4920
7934 8047
3689 4088
5765 5911
7172 7574
7380 7495
6685 7045
5702 6110
4349 4453
728 832
106 499
1614 2007
6173 6532
8889 8997
6205 6561
9387 9525
2278 2425
4218 4581
4615 5030
4242 4403
4212 4565
2270 2431
7830 7989
2195 2352
6180 6531
172 267
7218 7578
4829 4981
5327 5477
9914 10000
7292 7639
4124 4535
53 409
7782 8139
2162 2527
9270 9624
3183 3521
7839 7983
5310 5390
250 330
4791 4870
2268 2414
235 349
8424 8542
6320 6407
87 495
5726 6118
9324 9684
8813 9168
3588 4025
5805 5904
5144 5543
4793 4985
5201 5520
1210 1403
2726 2919
1789 1855
7713 8162
538 990
3687 4003
7816 8012
2176 2372
4318 4379
6339 6406
7820 8010
9255 9710
9388 9573
65 395
9399 9597
2079 2516
2280 2339
7752 8067
2768 2844
5774 5955
2560 3021
675 878
7801 8116
9317 9653
5332 5380
7368 7448
8390 8471
648 857
4685 5022
6252 6591
1591 2019
6901 6947
1633 1979
8234 8688
2245 2329
2257 2316
3148 3473
1785 1831
2771 2828
1035 1515
216 313
7311 7532
3321 3354
5678 6093
4310 4405
3804 3898
1267 1300
8820 9107
7360 7464
1183 1397
3093 3582
2760 2852
2720 2893
8713 9188
202 292
4788 4954
2302 2321
9326 9630
8861 9068
3779 3890
3685 3988
3263 3406
7267 7569
2205 2415
9454 9500
4239 4476
3816 3869
5198 5560
2224 2376
8282 8611
5747 6026
7252 7599
2765 2870
7269 7582
4319 4388
7375 7475
7891 7983
4126 4579
232 277
5854 5920
2809 2823
1106 1453
4404 4916
4308 4822
7371 7880
9430 9941
4108 4616
2098 2615
3134 3643
3409 3926
9266 9787
3119 3622
1265 1784
2297 2805
1491 2015
6366 6867
3554 4079
7557 8075
2113 2640
5599 6092
3085 3614
4437 4929
5391 5914
1452 1978
2061 2587
1142 1632
5199 5720
4407 4896
1202 1701
1221 1757
4262 4796
1392 1899
1067 1584
7302 7834
1460 1962
9249 9791
8671 9152
342 841
1474 2018
7675 8154
46 525
6440 6924
8554 9038
4144 4629
7393 7879
9348 9890
4150 4637
5183 5652
5519 6051
7337 7815
447 913
4258 4749
5551 6016
6248 6727
5575 6130
1389 1876
2531 3033
2549 3022
1506 2009
4399 4884
7650 8158
1441 1948
5152 5729
2354 2928
2173 2617
5537 6116
6585 7167
8544 8998
7585 8167
4340 4787
7395 7851
429 997
3471 4039
1047 1631
5514 6083
8272 8731
5480 5925
3512 4086
8295 8744
438 999
7560 8153
9443 9905
5211 5640
6536 7132
1046 1602
6501 6961
8465 9030
1190 1777
4213 4642
7435 8018
3297 3770
2309 2905
8605 9153
6213 6680
5463 5897
5386 5973
8492 9036
1031 1638
1413 2020
5230 5647
8678 9091
7369 7852
1448 1999
2422 2833
1444 1996
9445 9868
1510 1932
1147 1558
4249 4852
2088 2630
3576 3990
1090 1581
391 1000
5148 5740
3414 3874
5373 5771
2282 2716
7341 7898
4550 5054
2366 2884
7285 7689
4112 4717
5350 5787
9362 9964
8399 8881
6600 6984
8543 9183
9417 9803
2241 2626
9396 9777
241 630
8248 8880
1067 1697
8572 9206
26 657
5289 5668
1039 1665
8344 8726
378 1013
9445 9845
8701 9068
7366 7764
270 923
4511 4874
9415 9809
8388 8787
6401 7065
6511 7157
1517 1911
4251 4609
2424 3043
1328 1963
5258 5653
3121 3729
6368 6721
5426 6043
7532 8134
8345 8755
5178 5776
6552 6962
1150 1749
61 656
6421 7096
6363 6773
8352 8719
5541 5898
7596 7964
9263 9883
8530 9190
1260 1625
4595 4933
355 981
8607 9001
2079 2728
7339 7697
3233 3612
2194 2642
3560 3881
2546 2864
6296 6746
7472 8179
4220 4792
1245 1561
3197 3768
396 843
5619 5946
2477 2919
5592 5907
2165 2744
4486 4950
1254 1590
6643 6946
6584 7017
6386 6688
8635 9065
4520 4986
5578 5913
5533 5961
2286 2618
1049 1743
2306 3028
1310 1992
6494 7046
138 593
173 624
7278 7857
8289 8894
4335 4623
2459 2939
6568 6985
4448 4993
7196 7935
4261 4673
3230 3706
3130 3807
1522 1815
9332 9875
9274 9949
1289 2018
6343 6699
1188 1610
176 607
3295 3629
105 666
8421 8721
3277 3640
8589 9077
4226 4731
8287 8868
7539 8072
9259 9936
106 662
8424 8726
8242 9010
2086 2852
7295 8060
8663 8915
9619 9878
6537 6799
6279 7040
8326 9089
1041 1814
277 541
8570 8819
28 789
2425 2672
1170 1947
7632 7899
1436 1687
6460 6705
6436 6698
3251 4029
5199 5952
5321 6105
4102 4884
2324 2567
6360 7117
113 871
2304 2583
237 1018
2187 2963
4176 4936
7220 7982
4393 4658
9489 9741
4189 4928
3073 3868
2062 2835
7625 7895
6389 7147
3129 3879
4193 4990
9247 9984
5562 5786
1352 1641
5437 5663
320 611
6472 6763
6298 7097
2221 2958
6254 6989
2232 2972
3340 3625
7485 7707
5362 6100
387 676
6192 6939
8425 9156
3577 3796
8538 8823
4202 4933
2419 2652
2443 2747
6208 7027
4425 4733
6479 6775
6501 6749
2074 2851
1235 2024
6598 6906
1083 1798
5195 6006
4599 4809
6448 6670
9606 9925
5357 6062
8618 8943
3102 3929
4183 4895
3316 4030
292 622
1334 1658
9562 9751
7432 7749
8531 8734
236 929
6189 7011
9568 9774
7621 7818
6527 6703
3331 3667
4513 4851
2220 3071
7512 7692
7462 7795
2299 2989
4282 5101
3227 4033
3329 3676
1324 1650
6561 6910
1225 1942
2514 2738
2085 2885
3084 3950
5301 6103
8537 8763
3078 3941
8567 8724
8574 8730
3444 3601
3494 3790
3332 3692
3294 4023
6344 7074
1030 1900
8252 9046
8390 9133
6373 7054
1382 1549
4096 4971
1373 1590
2456 2804
3398 3626
5398 5753
2253 2978
6456 6728
8646 8886
1251 1938
147 993
2466 2769
6443 6744
8633 8909
6210 6966
5269 6115
5183 5961
5416 5727
2208 3032
5619 5771
9551 9782
1032 1908
74 821
214 854
9359 9999
8528 8912
9671 9798
2136 3034
3542 3668
3551 3675
4481 4613
2520 2652
8354 8999
1064 1965
58 946
5185 6088
2391 2782
3402 3782
2318 2688
1094 1993
7261 8146
4372 4740
403 515
3145 4059
8273 9155
5476 5872
9365 9987
1099 2012
9647 9783
3235 3899
7430 7836
8547 8953
5614 5749
1286 1693
4507 4608
5320 5972
6208 7132
2266 2887
7461 7866
3475 3596
6607 6767
5416 5768
9607 9767
7543 7894
6350 7020
9489 9907
4567 4724
1115 2047
8367 8970
9625 9791
6619 6771
1051 1970
4527 4613
7497 7909
8201 9124
7613 7696
2440 2599
3213 3902
2094 2969
6269 7114
2058 2992
7384 8035
166 792
2433 2625
9531 9979
2123 2952
8308 9143
7558 7747
4375 4818
8564 8881
1190 1902
4351 4919
3405 3716
7217 8187
390 589
7286 8125
315 759
7479 7931
1191 1898
3575 3640
9607 9800
96 945
13 991
3147 3993
8646 8725
228 816
9602 9814
7595 7806
240 807
7594 7805
8358 9086
399 597
4281 4963
3467 3664
8202 9169
1097 1943
4208 5038
305 750
5232 6034
5393 5875
5624 5660
2407 2690
7319 8049
2475 2636
8577 8806
5546 5699
2204 2933
3529 3616
326 687
6387 6938
6649 6674
3328 3819
6321 7002
3461 3694
6635 6660
218 810
2249 2873
6436 6869
2160 2945
6563 6737
3386 3785
7517 7854
146 865
3116 4056
5373 5893
4402 4810
3543 3630
3455 3718
2435 2680
1294 1781
1081 1986
110 914
2328 2789
3113 4055
5126 6136
115 1139
565 1589
6758 7783
6972 7998
2983 4005
6233 7258
249 1277
8950 9970
65 1092
8575 9592
2599 3616
502 1534
379 1399
4276 5304
2406 3433
2498 3537
2505 3549
6345 7389
6712 7724
624 1636
2655 3658
2097 3108
142 1176
4944 5958
6271 7272
7075 8116
6261 7276
6243 7289
29 1030
319 1315
35 1087
4271 5297
4297 5334
6313 7350
16 1073
856 1914
6969 7962
6499 7494
2801 3799
4734 5721
4292 5347
4444 5493
5004 6053
2911 3957
8611 9608
5065 6114
6868 7908
6651 7626
2857 3867
8286 9325
687 1692
4495 5562
107 1117
8322 9402
6677 7726
4885 5929
2225 3212
2135 3177
5 1082
4113 5166
4875 5940
4879 5936
723 1682
6147 7239
6703 7785
983 1936
4251 5330
6818 7912
227 1193
2770 3737
3027 3998
8875 9958
372 1339
426 1530
4846 5822
8568 9513
8873 9979
363 1337
643 1745
4190 5133
2095 3196
4338 5287
2214 3315
6946 8062
7051 8150
4395 5493
4710 5639
6914 8032
6508 7438
6474 7465
714 1711
2250 3244
2956 4075
8640 9640
528 1656
2844 3957
891 1809
329 1317
6151 7274
2071 3194
4282 5332
3008 4014
237 1154
2264 3240
4533 5573
2517 3492
398 1533
8516 9527
2256 3236
2090 3166
76 1082
5049 6094
4783 5847
6535 7678
6629 7583
8343 9452
7144 8086
5020 6115
6943 8095
8606 9503
8814 9965
5043 5942
634 1791
9093 9987
805 1955
144 1046
6265 7408
7016 8161
8732 9877
8485 9643
2183 3081
6478 7617
6264 7400
7139 8051
8565 9700
2481 3363
2490 3369
4250 5129
2293 3171
455 1361
348 1483
2205 3082
2658 3829
6875 7756
2288 3176
414 1286
587 1751
8436 9322
6415 7598
8849 9778
886 2002
4206 5319
386 1323
258 1454
6445 7552
4785 5662
8568 9687
6492 7660
4662 5767
8384 9329
2292 3141
2982 3863
905 1850
944 1799
259 1465
6197 7310
6731 7927
452 1401
2497 3452
4491 5430
8301 9426
2294 3126
917 1873
6884 7724
4764 5717
2478 3428
288 1515
2218 3169
7083 8039
4916 6137
8907 9734
6555 7510
2698 3652
4721 5822
6518 7609
2174 3249
6894 7742
140 1112
8378 9327
2532 3378
904 1886
8470 9664
168 1151
2278 3121
4911 6132
6322 7278
6385 7212
6201 7396
4564 5385
4871 6106
2784 3646
875 1973
7009 8127
2753 3615
2943 3998
4519 5446
2333 3583
4485 5473
6239 7355
4668 5851
2250 3106
2601 3776
2711 3709
8324 9321
473 1335
6614 7481
2700 3708
2178 3187
8277 9380
6226 7329
585 1722
2570 3833
5023 5995
838 1971
7163 7948
920 1888
4780 5717
719 1588
2766 3634
6263 7305
9089 9857
6810 8088
6870 8148
530 1815
8673 9444
8630 9392
85 1363
2794 4077
48 1335
8668 9428
8552 9314
2120 3396
8650 9415
8294 9577
8531 9283
4794 6057
2360 3115
8250 9519
2674 3940
2967 3712
954 1709
4106 5394
4958 5703
2798 4085
6325 7592
191 1441
5070 5840
8966 9752
6441 7222
2446 3246
840 1642
6446 7181
811 1551
5085 5882
9175 9968
7045 7842
76 1383
6185 7426
4483 5288
806 1546
4254 5555
4352 5165
4774 6027
6641 7391
6475 7268
6993 7777
729 2025
4223 5452
2670 3930
4502 5283
4888 5678
8218 9516
2480 3207
5021 5797
2926 3671
952 1665
4391 5149
2974 3749
4446 5219
6825 8084
4757 6059
4503 5335
8275 9491
2167 3383
2666 3882
4785 6128
6413 7244
121 1336
4802 6017
8682 9385
6406 7234
951 1778
858 1564
4311 5520
6301 7637
6282 7618
3009 3723
479 1173
4240 5597
6864 8094
9205 9915
6916 7755
4445 5133
7029 7716
4451 5170
6991 7709
9101 9951
2059 3416
2298 3497
8638 9453
8436 9632
310 1123
573 1899
5071 5785
6673 8010
373 1065
222 1411
6599 7322
8298 9527
8633 9447
6421 7242
6967 7784
6686 8062
700 2012
4566 5302
8975 9837
6670 8044
672 1987
4207 5388
6692 8000
7014 7682
6293 7664
554 1868
4255 5625
6632 7310
2703 4071
986 1714
6371 7563
419 1226
8410 9651
282 1136
4705 5899
8216 9586
9085 9750
4324 5512
4409 5206
5071 5792
2739 4060
6535 7414
2935 3590
4935 5686
2048 3443
4765 6121
6284 7673
4726 5889
663 2031
4867 5759
6862 8112
964 1606
4386 5280
8309 9718
3025 3669
112 1524
9129 9775
2777 3934
599 2000
8386 9546
8604 9236
8313 9713
6314 7459
162 1326
6927 7808
2755 3916
6600 7256
668 1805
7080 7738
9014 9892
147 1281
6186 7609
450 1105
8452 9367
2187 3359
9159 9810
4983 5858
9047 9921
6987 7901
4245 5379
2804 3944
6480 7373
6620 7233
1018 1636
845 1746
4245 5428
7128 7802
346 1273
6990 7913
6404 7331
903 1583
6400 7336
8411 9587
139 1314
588 2021
4986 5843
6784 7980
2841 3767
8419 9559
785 1700
6973 7819
2496 3191
8676 9299
4838 5969
4967 5855
762 1859
9072 9930
7143 7772
6589 7174
93 1504
6672 8109
4547 5245
709 1914
677 1893
2053 3525
6222 7564
6654 7229
6306 7521
2941 3771
4211 5563
2588 4053
473 1042
931 1647
2426 3253
8643 9233
6404 7383
859 1679
6900 7970
757 1827
304 1258
2136 3459
2383 3220
4964 5823
2678 4010
204 1299
4658 6098
5099 5642
8346 9595
4217 5532
345 1212
4814 5928
9022 9944
413 1147
6425 7423
497 1049
2078 3574
2541 3079
5064 5667
2439 3180
2935 3739
9062 9866
8315 9622
304 1246
6183 7625
6235 7605
571 2004
8575 9357
2583 4067
8571 9358
2347 3293
95 1449
334 1208
4572 5162
2152 3472
2255 3381
992 1564
4355 5375
8543 9379
6819 8031
649 1911
2902 3752
961 1599
6405 7418
4466 6002
8386 9923
2886 3395
2771 3286
353 1897
2937 3441
3019 3522
8208 9753
6928 7450
2894 3397
4159 5683
4465 6013
919 1434
9058 9583
4706 5228
6282 7813
6626 8178
9110 9606
4311 5830
717 1247
586 1112
7142 7669
602 1102
4858 5359
8477 9992
6610 8132
2116 3666
774 1308
6830 7348
694 1192
6742 7240
4654 5168
2934 3432
6905 7398
680 1160
4856 5337
2717 3260
893 1372
2841 3384
31 1597
8204 9775
6750 7290
6354 7924
6602 8172
4674 5220
6312 7822
2477 3978
8397 9962
2497 4073
161 1673
4697 5234
639 1107
4336 5852
120 1620
3030 3579
2456 4021
2401 3916
299 1796
4632 5160
8957 9421
800 1296
817 1282
2848 3348
652 1209
2796 3290
2322 3877
2834 3370
299 1810
2152 3665
8281 9824
4708 5213
8797 9319
8389 9982
213 1774
2384 3948
8941 9427
2948 3515
6655 8128
2462 4063
7035 7482
2595 3170
2083 3681
6921 7498
8349 9945
4600 6076
5040 5621
2452 4049
531 1108
159 1751
6515 7995
6645 8126
2556 4018
928 1519
939 1531
4660 5221
8266 9755
3053 3519
984 1418
799 1355
4545 6039
4221 5675
4397 6005
3014 3486
925 1476
4582 6077
7046 7645
187 1766
4164 5657
2746 3300
400 2032
6156 7789
330 1835
6815 7422
4460 5902
8895 9437
2938 3353
7041 7652
2203 3838
4401 5977
4264 5825
6520 7953
229 1678
4642 5193
306 1884
2693 3317
8307 9731
8880 9409
4215 5638
6952 7514
6778 7176
705 1204
4606 6027
2441 4095
8902 9406
6841 7361
8721 9320
6730 7219
8713 9331
8 1652
8375 9929
2979 3548
753 1166
779 1419
4540 5949
573 1215
6747 7384
4472 6139
2889 3535
2565 3213
4800 5192
2137 3795
2936 3572
9060 9705
2800 3198
4309 5722
2360 4023
9196 9571
2701 3101
534 1156
376 2029
264 1951
185 1568
4855 5230
2661 3326
943 1332
4523 5943
5096 5492
6558 7939
2779 3141
3015 3416
4715 5322
2234 3611
7115 7535
2664 3276
4725 5329
2193 3639
2966 3376
7155 7513
8793 9461
2711 3131
2358 3994
4964 5577
4874 5540
2616 3209
9029 9719
523 1208
6539 7992
4543 5900
2162 3783
2102 3715
44 1691
4375 6062
4212 5837
4929 5626
9121 9498
81 1770
10 1719
6450 8079
2525 3936
4191 5858
6152 7862
9175 9576
4616 5321
7095 7540
8399 9739
656 1111
826 1522
2204 3670
264 1987
605 1174
6342 7690
8711 9418
2101 3832
2519 3865
6742 7320
2890 3460
923 1364
4525 5986
9092 9557
3063 3363
9052 9609
4762 5196
555 1276
4239 5718
973 1303
2620 3303
2928 3501
2643 3214
3071 3360
2421 4010
469 1845
7102 7519
2788 3077
2159 3725
8312 9883
4834 5126
6209 7844
8888 9296
6333 7765
6429 8183
4914 5592
2055 3820
6853 7209
2564 3304
8339 9853
6714 7380
2381 4002
8704 9456
2625 3248
2275 3602
4978 5507
8804 9366
2709 3174
189 1614
6471 8114
38 1744
2449 3944
2590 3300
8975 9716
3010 3391
8955 9222
72 1717
6431 8162
4897 5596
4659 5325
6733 7347
2559 3837
2268 4063
4302 6093
8778 9550
6408 7692
9082 9342
609 1380
4693 5458
730 1501
5002 5250
2564 3340
4106 5891
9009 9272
290 1576
4153 5938
2683 3440
2701 3462
2132 3928
4438 5702
465 1729
8508 9773
9016 9257
6223 8029
6179 7991
6450 7719
7028 7265
4328 6142
9063 9328
4318 6086
2269 4037
4663 5422
6634 7920
2153 3955
2933 3177
9196 9457
9007 9264
201 2006
7082 7304
6691 7425
8847 9644
526 1325
4504 5821
2685 3419
968 1248
2867 3098
8745 9474
839 1131
6803 7615
4204 5953
4825 5623
4946 5244
4951 5241
3004 3218
6896 7647
7094 7303
9186 9429
4221 5957
8500 9741
8755 9482
6840 7559
699 1412
3066 3258
4794 5627
7143 7334
6503 7717
8938 9644
704 1415
6765 7466
4959 5144
9008 9337
4334 6055
9189 9391
8702 9909
738 1455
225 1967
4416 5648
2555 3755
2587 3400
2448 3779
2739 3557
2937 3118
2957 3285
5064 5266
2827 3152
50 1897
2349 3696
818 1132
191 2014
5063 5286
224 1923
3069 3225
8774 9504
2480 3800
8825 9488
2679 3356
6876 7601
2235 4054
6276 8169
387 1773
4421 5675
4500 5862
8725 9575
6814 7661
4628 5472
651 1535
948 1218
8739 9556
6364 8100
2151 3871
6936 7264
2714 3555
6168 8034
933 1246
4767 5603
91 1831
8765 9537
2230 4043
6255 7954
2131 3885
123 1797
4197 5915
4301 6066
6452 7861
8599 9749
4414 5820
507 1657
6615 7764
2260 3920
250 1919
212 1875
8907 9548
6485 7890
4903 5280
887 1279
2140 4053
8825 9717
8660 9817
6477 7872
4236 5890
8577 9743
5005 5122
6212 8150
4398 5820
7049 7195
6909 7534
6498 7926
8654 9818
3020 3160
5025 5172
4904 5300
8760 9637
3049 3191
5079 5193
2364 3742
335 1772
8932 9543
6740 7667
4272 5912
4902 5263
2050 4008
4324 5967
378 1750
8583 9770
9106 9277
4882 5283
2249 3962
407 1571
2974 3112
8462 9912
4863 5448
603 1516
4645 5532
4775 5403
6908 7489
3049 3113
9173 9237
6497 7841
468 1557
233 1839
908 1098
4467 5812
7138 7205
4138 6125
4444 5787
263 1728
6662 7630
755 1338
4997 5196
281 1746
4967 5291
4883 5342
5012 5209
8887 9594
8965 9416
5031 5225
9201 9278
7064 7255
2450 3650
802 1266
2142 3980
70 1941
158 1866
209 1797
2486 3682
251 1838
2170 4002
4294 5918
6290 8011
7159 7214
9120 9338
4365 5846
2468 3711
8655 9748
8844 9559
4499 5710
2702 3409
4334 5937
7049 7273
552 1480
2954 3178
2464 3649
8524 9902
6316 8015
2664 3470
8615 9807
4799 5462
8594 9851
8488 9924
3039 3123
804 1224
6770 7580
4348 5901
2876 3273
545 1495
2243 3893
6645 7682
238 1813
6273 8060
5038 5203
4813 5424
6210 8124
939 2987
455 2503
5045 7092
172 2222
5034 7081
799 2843
4408 6460
5287 7330
5318 7363
1743 3786
4436 6482
5271 7313
4544 6601
6070 8127
289 2348
5742 7779
5602 7663
5517 7554
1648 3680
5887 7917
5046 7072
1387 3452
1424 3463
5908 7939
1158 3217
334 2391
66 2139
1946 3971
5438 7460
5622 7658
6054 8122
4523 6582
644 2714
5061 7140
1488 3570
339 2417
4200 6219
4591 6604
5214 7290
353 2372
195 2276
229 2242
4171 6252
67 2155
5607 7630
1824 3854
4900 6922
4122 6197
4811 6906
1196 3229
626 2627
136 2238
672 2713
5632 7737
563 2569
957 2950
4288 6272
1995 3979
276 2390
4496 6611
4196 6176
5319 7299
1420 3528
189 2296
462 2443
4597 6578
1199 3301
6107 8075
4865 6992
604 2574
5974 7941
4416 6419
4505 6605
1844 3936
1932 4057
4479 6442
5863 7868
1122 3129
4759 6859
646 2778
1413 3544
4447 6402
4969 6967
5345 7358
118 2089
1248 3200
1380 3332
851 2865
2003 4016
4137 6221
5494 7443
6137 8092
5403 7549
4341 6291
4634 6781
4673 6694
2010 4019
5515 7649
1124 3081
4908 6978
5687 7768
6110 8113
1462 3545
1428 3556
410 2539
902 3061
1042 3169
5224 7196
4280 6351
52 2124
5279 7399
1463 3531
6028 8177
6097 8108
324 2362
645 2811
856 2854
1933 4082
1792 3968
138 2058
5873 7793
5704 7882
4870 7044
1816 3999
4806 6732
5535 7444
1704 3619
5 2184
4869 7050
6098 8002
258 2448
4754 6656
4663 6821
5634 7825
4727 6881
1290 3484
4684 6875
1682 3589
1555 3722
5495 7662
5475 7679
1827 4031
4485 6424
1133 3276
1121 3267
1384 3530
4922 7068
4887 7089
5381 7597
4748 6693
5065 7008
4566 6524
4790 6682
1351 3562
1179 3125
1084 3212
4461 6621
5931 8090
371 2498
1425 3365
4503 6433
5983 8168
6038 7969
5831 7807
5736 7888
266 2482
4957 7140
530 2734
6096 8044
4817 6764
641 2627
5530 7513
5774 7754
4104 6348
4298 6159
5067 6915
156 2134
4622 6852
4097 6346
1005 2849
1568 3822
531 2781
5258 7236
1566 3791
5406 7631
4353 6610
4741 6739
5011 6981
5380 7635
205 2068
100 2237
1010 2856
6108 7943
1723 3680
949 2923
1952 3967
1427 3443
4269 6221
4712 6793
1213 3167
5231 7309
5766 7781
3 2277
849 2998
4584 6415
1349 3501
1588 3807
1384 3461
430 2368
4677 6826
759 2566
5164 7391
501 2305
979 2855
636 2696
5200 7334
1745 3623
896 2934
1623 3744
5534 7529
1864 4016
5537 7512
1425 3435
4599 6412
302 2515
1165 3184
4897 7135
1153 3198
5299 7603
5083 6873
5987 7780
1200 3511
1417 3200
1517 3302
1100 3399
1654 3960
1981 3763
5557 7355
1205 3514
675 2995
5080 6860
4379 6146
155 2432
4815 7124
5993 7794
542 2819
1276 3549
1214 3485
5905 7733
5391 7211
4513 6279
1007 2758
4248 6580
1225 3557
1352 3173
1031 3383
4281 6537
5677 7967
5222 7509
1855 3595
4618 6975
1406 3147
39 2320
6123 7891
4217 6469
1829 3609
273 2092
1694 4003
4843 7125
1255 3545
4178 6509
1136 3377
1088 3329
111 2347
4749 7112
5797 8163
521 2895
4527 6377
6050 7908
5384 7232
369 2105
2013 3733
5417 7265
2009 3731
1227 3457
5982 7701
787 2653
1696 4080
595 2818
4360 6234
295 2163
1302 3136
5274 7628
4405 6253
1259 3506
916 2766
4378 6209
428 2295
1422 3282
211 2447
6089 7829
995 2750
667 3067
4711 6918
998 2692
139 2536
56 2395
459 2216
4316 6584
5878 8081
5457 7225
5719 7999
4679 6958
1999 3749
4758 7164
4781 7110
1414 3309
4495 6370
5758 7952
5533 7410
5361 7553
660 3047
5997 7710
39 2388
1742 4026
4723 6917
1504 3224
6031 7927
492 2198
5872 8074
888 2562
5536 7388
1672 4084
1470 3267
1406 3075
347 2085
4331 6548
5859 8032
5407 7323
1390 3306
1277 3448
664 2845
788 2706
5697 8137
104 2528
185 2353
5863 8047
5978 7888
1601 4042
1789 3952
4477 6384
453 2122
167 2356
5461 7366
5602 7286
1624 4032
1580 4020
5050 6690
1894 3835
6067 7725
4490 6164
1571 4028
1319 3206
2020 3648
1764 3907
4180 6654
1362 3321
5990 7883
5040 6686
262 2217
183 2328
5073 6753
1359 3326
5937 7810
5660 8104
5443 7414
440 2061
5081 6767
5871 8025
1475 3188
5723 8161
4751 6963
5411 7324
5521 7249
5982 7839
1134 3503
5587 7185
1324 3304
1906 3767
1939 3675
4772 7021
5523 7258
1038 3524
420 2158
1795 3784
4555 6144
1548 4032
333 2179
6116 7723
625 2977
957 2671
682 2936
1622 3973
4400 6371
1126 3507
771 2773
812 2810
2 2522
436 2156
1234 3339
482 2104
4760 6978
15 2516
5614 7221
4097 6618
4453 6329
4211 6574
4984 6808
1575 4038
4686 7084
5867 7949
4891 6899
4898 6856
1466 3152
4952 6835
5591 7228
4476 6288
644 2921
4243 6525
738 2829
4886 6886
809 2776
212 2341
5838 7997
1231 3388
4830 6955
5323 7485
6120 7710
5262 7545
5827 7995
4976 6795
68 2495
1739 3888
4111 6642
1838 3793
1927 3704
1686 3222
953 2491
765 2302
4745 6286
1578 3106
5538 8106
782 2308
1167 3716
1172 3736
5217 7789
24 2581
1969 3516
1772 3299
285 2829
5456 8001
4524 7102
690 2208
824 2348
1603 3158
954 2479
1275 3821
5186 7771
5392 7946
5134 7700
1268 3823
4656 6187
924 2432
4512 7101
402 2959
1849 3364
520 2088
1354 3947
5005 6568
5730 7239
5567 8089
4779 6275
1119 3703
6035 7608
5100 6594
4610 6189
5677 7197
5754 7241
5197 7800
4436 7010
1234 3813
4501 7085
1009 2508
5216 7775
5761 7363
6057 7658
6036 7639
4131 6759
1261 3752
5552 8181
1865 3342
125 2618
4370 7002
1178 3794
1486 3972
5766 7372
5252 7887
370 2873
1540 3144
521 2119
4997 6613
1617 3072
5266 7875
4342 6823
1525 4007
4701 6158
1090 3601
5397 8001
4665 6253
174 2808
1667 3284
689 2281
4393 7024
4890 6467
5429 8046
631 2091
710 2202
1394 3886
5620 8106
1219 3741
4836 6330
1677 3309
5121 7778
1988 3495
4752 6387
4486 7151
5368 7830
5684 7259
4539 7124
4449 6926
5870 7325
5411 8023
4127 6761
92 2603
2011 3500
1795 3451
4549 7103
6050 7640
5235 7693
211 2733
843 2356
1297 3985
4980 6647
5058 6465
388 2816
4537 6972
1879 3538
1077 3763
4130 6820
5014 6417
4702 6361
1459 3892
155 2579
5267 7706
5919 7574
5933 7590
4860 6259
5705 7385
4614 6295
5343 7757
1829 3510
2002 3393
5149 7817
494 2939
97 2806
4742 6171
1247 3650
5396 8073
822 2472
1925 3354
1894 3577
5156 7813
5451 8170
4938 6633
1239 3699
4344 6748
1436 3896
1099 3822
4926 6555
4783 6153
4364 7082
1880 3582
4185 6910
5672 7297
4647 6283
1859 3566
752 2112
875 2526
5840 7270
901 2355
1399 4043
1064 3733
1519 3922
5736 7336
615 2214
132 2629
1620 3223
1418 3919
4698 6303
1689 3153
4849 6200
4246 6748
31 2772
5556 8063
5775 7235
1895 3498
5226 7866
5817 7273
4762 6218
599 2182
870 2483
4228 6738
5491 8101
4892 6602
546 2292
6029 7514
5723 7308
637 2213
5179 7904
4138 6902
4377 7111
5849 7175
1328 4078
6013 7586
4941 6575
5506 8038
2046 3355
4921 6620
1374 4024
1734 3104
4458 7053
6133 7452
1437 3956
4241 6781
5737 7300
5871 7170
760 2071
5848 7208
261 3060
2039 3333
4152 6858
4103 6898
1154 3700
1405 3978
5782 7279
1396 3982
4804 6207
925 2401
1605 3259
661 2452
1132 3945
5852 7642
5510 7808
1063 3872
5729 7526
1858 3146
5874 7674
4760 6546
5826 7624
1457 3771
5415 7725
5083 6358
55 2872
4574 6865
1874 3136
6073 7339
4768 6581
415 2698
1214 4011
5484 7799
688 2476
1158 3994
8 2838
5347 8189
1416 3734
938 2229
702 2460
1505 3778
4187 7039
1133 3913
5374 8154
600 2428
1023 2265
5816 7583
135 2991
1066 3843
1244 4087
4422 6765
4709 6472
4646 6408
555 2308
4793 6550
1825 3088
4132 6928
581 2417
6086 7411
589 2426
1567 3368
5588 7919
1749 3566
4442 6756
500 2763
1150 3905
5923 7266
4388 6753
5097 6319
4175 6920
246 2993
5251 8136
900 2251
1976 3319
4914 6242
5160 8058
5556 7906
4100 6995
1651 3371
561 2408
30 2887
4498 6859
4716 6454
1807 3155
4531 6893
6037 7370
5601 7811
4385 6723
346 2617
2031 3210
6033 7415
4454 6657
5870 7556
5237 7961
4981 6168
5228 7938
5299 8131
5861 7575
663 2528
574 2374
6083 7354
2045 3204
711 2494
4389 6751
26 2912
1066 3921
5538 7897
1346 3641
89 2854
819 2227
706 2371
1058 4000
269 2697
5472 7909
448 2630
5091 6250
4763 6416
6023 7179
6025 7173
806 2216
6006 7416
4269 6975
5497 7914
2037 3174
529 2434
1857 3282
4124 7055
4946 6340
1659 3564
311 2720
4255 6919
4803 6489
4927 6308
1069 4022
767 2404
5527 7691
1506 3710
5268 7945
115 3054
278 2699
245 2922
1594 3482
6102 7284
474 2681
5809 7442
1347 3808
5366 8018
5210 8188
4959 6392
1362 3835
1196 3846
4671 6549
5503 7893
251 2902
161 2828
5773 7459
691 2333
5935 7297
5205 8186
328 2791
4394 6811
4717 6623
4614 6581
5259 7992
869 2256
5847 7520
4257 6937
1314 3739
1544 3505
4116 7086
5829 7551
6058 7190
2032 3149
665 2343
890 2245
6128 7247
4275 6924
5670 7577
399 2608
1676 3379
5035 6251
1039 4047
1400 3770
4605 6718
660 2384
4349 6968
4798 6518
6001 7353
1841 3320
4530 6779
33 3051
4747 6465
1293 3777
649 2375
1157 3914
4992 6223
4401 6880
5276 8013
4850 6432
287 2764
816 2276
226 2870
5881 7457
144 2888
41 3056
1374 3717
4634 6598
5444 7832
5421 7921
776 2261
4580 6660
1730 3362
771 2275
1337 3803
803 2241
1660 3486
78 2989
5238 8082
6121 7180
4499 6774
5748 7570
291 2756
1832 3264
1124 3982
1487 3620
5985 7306
4201 7042
785 2300
5779 7549
4325 6923
695 2392
5431 7896
1322 3781
4317 6956
5681 7619
634 2441
5845 7458
736 2327
5604 7708
6106 7203
338 2731
5837 7478
1026 4094
4509 6752
740 2331
5366 6391
5460 6486
5182 6200
517 3587
1363 2388
1438 2454
1475 2504
1135 2148
1187 2223
4694 7768
4490 7556
4102 7176
692 3751
5636 6679
4987 8045
1650 2660
4594 7653
958 4009
5737 6782
4853 7917
4434 7496
5377 6426
4615 7706
1028 2087
1473 2532
4906 7951
5857 6855
5054 8089
4820 7932
49 3096
962 4073
1432 2485
1083 2069
380 3410
5331 6397
1180 2227
6081 7157
145 3236
5111 8130
5962 7025
4993 8122
4876 7984
1353 2423
1820 2908
4246 7382
4559 7565
580 3586
209 3223
5577 6543
194 3209
4588 7591
1882 2833
1696 2795
5799 6891
4779 7911
4473 7477
4241 7388
6015 6959
4742 7895
1152 2260
1171 2246
82 3079
4213 7200
482 3515
535 3660
178 3310
790 3914
1134 2099
1323 2422
4153 7271
6061 7154
1395 2323
4562 7602
1078 2134
6104 7097
1496 2490
5598 6588
5159 6213
223 3258
5588 6578
5663 6777
1583 2631
1044 2172
536 3698
679 3788
5440 6444
5047 8155
6069 7131
684 3805
1200 2242
1575 2641
1092 2109
1270 2188
1933 3063
5708 6711
4295 7356
4675 7736
5265 6383
1585 2639
5163 6315
4540 7484
5939 7095
4877 8073
5730 6884
1319 2464
935 3872
1088 2247
5212 6359
632 3828
5093 8040
839 4055
1481 2393
4362 7579
4505 7432
6022 6933
4262 7216
5570 6485
1494 2382
4186 7367
4129 7359
996 3908
158 3132
5526 6451
651 3629
5743 6856
5698 6885
5784 6704
1033 2209
1521 2397
1026 2220
6132 6980
5927 7062
5692 6792
61 3211
4321 7255
1381 2525
4854 7759
980 3951
1853 2944
1509 2394
5168 6384
5709 6796
6109 6940
1292 2510
4352 7618
293 3558
956 3967
4806 7680
5589 6429
722 3610
5433 6640
674 3688
833 3981
4413 7665
4603 7479
4714 7845
4776 7783
814 4095
1408 2385
4756 7751
5511 6484
1878 2946
4330 7228
5024 8054
1768 2623
1681 2632
487 3390
412 3398
1560 2756
1888 3004
1094 2203
4347 7206
313 3544
409 3451
4149 7383
554 3785
5473 6530
1907 2967
678 3651
442 3421
5686 6865
4256 7244
417 3404
4328 7173
4514 7500
4732 7823
5284 6224
514 3831
124 3210
4114 7396
1185 2135
5119 7944
547 3801
5659 6881
5740 6801
358 3480
5625 6407
1081 2247
121 3449
5539 6306
1498 2267
4999 7812
6012 6776
290 3111
405 3216
1802 2573
5194 6466
5405 6167
4506 7318
4761 8087
1533 2291
725 4036
5089 7925
5197 6490
5294 6582
5272 6529
1977 2724
1037 2320
274 3085
4339 7635
873 3659
6120 6858
4131 7424
5068 7912
714 4078
4199 7491
4630 7986
5644 6948
4773 8077
1440 2185
4339 7646
5360 6622
510 3280
6097 6882
2034 2753
1273 2509
1370 2158
897 3764
565 3840
1193 2463
919 3759
5464 6240
5839 7159
4626 7976
4508 7335
1385 2130
1371 2144
1503 2274
4996 7876
1237 2453
1632 2853
1938 2772
489 3233
1012 3773
969 3715
852 3608
5761 7119
4582 7350
4522 7419
1681 3010
5173 6502
4631 8004
5095 7859
133 3536
4713 7998
1974 2785
1428 2252
542 3910
1254 2488
1906 2604
1848 2648
1852 2653
5086 7868
5653 7030
1521 2194
5548 6344
5732 6912
772 3681
951 3794
5221 6413
4341 7581
720 4026
4954 7729
1954 2767
4366 7294
4895 7787
1919 2571
5154 6487
1353 2108
528 3941
5481 6175
5151 6504
4840 8095
1643 2835
1869 2609
289 3164
4635 8036
79 3534
873 3818
1705 2861
1982 2619
5744 7158
5572 6211
303 3238
1188 2351
4774 7978
976 3677
1490 2141
1945 2568
5918 6793
83 3531
1759 2886
4796 7968
5069 7761
1057 2492
888 3814
786 3725
5166 6542
1469 2077
5233 6609
122 3547
149 3382
1005 3656
721 3958
5668 7052
4120 7603
5574 6250
5425 6300
5845 7034
265 3257
5554 6146
5115 7754
998 3668
4128 7571
1329 2181
5142 6560
5575 6271
4643 8090
354 3288
947 3592
1014 3661
1857 2812
5844 7017
5853 7008
1637 2980
1203 2416
797 3806
1358 2186
4528 7285
708 3852
1333 2303
4160 7562
5448 6296
5281 6515
4171 7576
5214 6538
4484 7248
694 3937
5895 6878
5260 6487
2045 2598
6014 6821
509 3105
4987 7846
1778 2863
428 3186
958 3677
5128 6636
80 3508
683 3918
5941 6864
4098 7655
4666 8159
5307 6493
4617 8175
132 3439
5934 6853
1653 2969
1285 2281
1727 2899
4343 7449
5645 7139
1347 2221
945 3679
422 3145
572 4044
1232 2336
764 3852
4592 7170
608 3987
4198 7573
4329 7454
384 3193
5062 7740
2041 2565
1358 2226
4307 7471
4350 7427
278 3307
1942 2667
1733 2874
840 3401
5480 7018
488 4075
5113 7674
1230 2762
1457 2997
4271 7849
5019 7571
667 3217
713 3268
4750 7296
557 3107
646 3208
1753 2262
5039 7584
4903 7464
4808 7387
1189 2737
5813 6304
510 4072
1793 2327
1619 2116
5829 6365
1847 2350
1539 2073
4481 8091
4848 7403
934 3517
673 3261
4862 7394
5210 6726
4457 8053
4909 7475
1921 2465
623 3151
5292 6798
373 3927
712 3308
5500 7001
4193 7750
626 3157
4811 7395
6119 6603
6064 6557
1391 2880
350 3950
199 3831
870 3414
5716 6245
5482 7000
1526 3011
901 3507
1697 2201
5789 6309
4586 8146
4265 7825
129 3769
1278 2759
1948 2471
2027 2512
916 3497
603 3173
9 3638
5273 6822
5892 6469
1635 2082
596 3094
5875 6321
4151 7796
1021 3518
4737 7362
1052 2649
5805 6379
1144 2609
5785 6352
4223 7733
4535 8189
6018 6606
5420 7010
4426 7941
497 4030
4644 7275
1961 2557
5979 6414
1677 2264
432 4070
4730 7213
5447 6941
853 3337
4214 7720
1269 2730
1514 2954
895 3358
5762 6369
470 4019
5824 6309
601 3135
5058 7588
4937 7470
688 3287
6133 6559
5401 7027
1631 2101
1355 2855
4260 7881
1439 3052
5239 6659
1379 2836
5613 7061
4487 8190
1582 2130
1185 2781
4973 7440
1861 2363
519 3192
245 3722
1452 2860
1189 2596
5186 6848
1959 2339
1228 2633
1274 2684
4787 7227
5996 6628
1702 2092
152 3602
4687 7364
4866 7561
4433 8156
5157 6836
35 3761
1331 2983
295 4018
5194 6877
743 3199
5767 6173
1979 2331
4720 7377
914 3379
4861 7263
5849 6269
5452 7144
309 3985
4139 7823
860 3575
718 3168
194 3693
4977 7646
1865 2552
5503 7118
750 3165
239 3676
5382 7091
1309 2984
992 3415
368 4041
5545 6931
21 3753
1458 2930
5608 6953
729 3099
4369 8147
5634 6336
4692 7314
314 4093
4648 7407
199 3599
766 3126
1883 2450
739 3114
1327 3046
5118 7477
5928 6629
4443 8086
5036 7521
5781 6234
697 3179
5012 7495
5547 7032
169 3708
5664 6389
5930 6655
867 3510
5057 7447
443 3949
5940 6627
5014 7503
881 3496
1078 2799
794 3520
5721 6275
967 3357
5000 7508
1618 2191
5627 6949
1288 3030
4939 7572
535 3317
4611 7392
414 3963
1456 2904
69 3757
5173 6876
5726 6325
4934 7592
5501 7059
5181 6863
4519 8021
1375 2988
5351 6675
406 3939
4336 7686
5177 6862
5616 6919
1426 2922
6085 6461
4589 7957
1350 3007
5100 7447
4966 7581
5741 6289
1910 2442
5277 6752
967 3385
4816 7215
985 3366
4432 8111
1333 3018
5120 6914
5643 6409
5346 7136
5113 7421
5810 6583
4901 7213
527 3334
422 3756
5109 7422
4560 7900
4669 7473
5630 6898
315 3638
5914 6154
5747 6496
1813 2051
1796 2076
441 3745
1415 2719
1170 2955
4657 7467
79 3923
5098 7412
1056 2879
1873 2126
784 3120
793 3128
4866 7203
1726 2460
1930 2211
543 3380
1634 2377
5644 6433
4620 7457
5006 7328
1003 3269
585 3431
544 3343
4419 7788
5733 6474
13 3901
4906 7194
5860 6612
1041 2849
385 3762
1867 2174
732 3561
5662 6440
6129 6343
4831 7656
5806 6553
127 3909
4777 7659
404 3792
4576 7846
1318 2657
505 3774
5483 6700
4110 8007
1383 2606
1142 2875
5026 7405
964 3221
5264 7106
5418 6776
375 3621
1350 2581
5700 6423
474 3727
6042 6348
1715 2533
5775 6615
4652 7541
4208 7978
5610 6838
4180 7944
1128 2868
1023 3235
1833 2164
5315 7068
5971 6194
1009 3222
4373 7805
4640 7497
4812 7590
5474 6671
4155 8020
5549 6850
851 3105
1070 2909
231 3987
5783 6627
1159 3058
4145 8007
4709 7443
4295 8112
1478 2750
5793 6617
532 3436
5815 6606
1172 3055
1634 2332
5755 6651
1817 2201
4123 8091
1410 2563
1581 2478
219 3935
4855 7539
4844 7524
1429 2591
1349 2763
6127 6241
4921 7351
579 3537
1655 2529
1995 2140
702 3366
434 3626
4604 7782
1472 2651
1140 3055
1157 2846
380 3808
5488 6892
6003 6382
1464 2597
899 3100
5970 6349
4949 7412
325 3815
359 3781
6026 6184
1345 2786
1761 2373
5353 6989
864 3272
5581 6757
1812 2239
1810 2238
4500 7737
162 3853
4852 7515
154 3883
866 3287
5750 6592
4419 7924
6082 6270
4142 8080
1113 3046
1118 2975
5072 7187
1740 2313
4396 7914
360 3758
5916 6362
5867 6434
1782 2364
296 3811
5604 6696
1997 2049
5067 7174
4839 7465
4589 7714
1720 2408
1545 2521
1227 2842
5426 6883
1844 2279
135 3923
1207 2914
5080 7181
582 3472
791 3279
4731 7587
5949 6374
4384 7931
661 3400
458 3627
902 3175
4237 8041
5386 6895
5015 7282
5003 7277
1600 2473
1119 2998
4360 7906
275 3832
937 3140
4557 7715
4676 7594
564 3546
5132 7164
1454 2654
5254 7031
5057 7226
1312 2779
448 3644
5788 6498
5171 7116
1773 5869
1269 5365
1611 5706
3098 7195
568 4666
1080 5180
402 4501
3952 8055
1645 5738
2558 6646
1445 5549
3529 7616
1968 6075
2150 6248
2070 6150
3333 7445
2430 6510
718 4827
100 4210
2689 6806
1918 5988
3205 7327
3523 7641
3473 7563
2291 6376
1437 5510
865 4989
1284 5402
4068 8187
1657 5720
238 4303
3639 7700
421 4482
98 4165
2972 7092
2501 6637
3195 7249
2541 6599
2470 6541
1961 6020
1141 5208
3099 7222
2481 6556
592 4733
709 4840
1660 5714
1846 5894
360 4440
2312 6458
1012 5062
265 4410
1240 5356
2156 6233
3324 7369
948 4994
1386 5458
2911 7015
2545 6604
3156 7188
3232 7394
3674 7704
3799 7826
2240 6285
3067 7093
4012 8163
516 4692
1143 5158
3104 7282
1755 5768
850 4868
3860 8003
2774 6798
4031 8164
1860 5912
1512 5558
1663 5665
3707 7716
2601 6729
733 4797
561 4691
175 4301
2981 7105
2927 6923
811 4942
1198 5320
3499 7629
1016 5023
979 5051
989 5044
1635 5642
3318 7324
1944 6134
3573 7579
1019 5013
447 4561
425 4569
2913 6932
668 4842
1431 5615
516 4732
671 4839
3801 7840
3912 7985
2925 6929
3388 7612
1104 5329
2915 7137
868 5094
1268 5239
3292 7263
2367 6587
2180 6144
2196 6160
329 4559
3484 7451
2897 7126
592 4823
1461 5437
4092 8052
3035 6994
90 4304
2556 6519
2117 6347
206 4160
3241 7206
3819 7803
2126 6366
580 4821
454 4437
3487 7436
2289 6245
1851 6063
730 4686
193 4183
3920 8134
3903 8104
3003 6950
1121 5372
2805 6741
1593 5784
3449 7640
256 4516
3483 7484
3059 7003
2484 6428
3422 7671
83 4345
1283 5544
1777 5724
2438 6443
2672 6878
3413 7653
3425 7633
233 4185
1669 5687
243 4161
376 4554
1596 5769
2550 6464
987 4960
3231 7204
559 4755
3296 7260
1703 5657
3747 7708
2458 6437
882 5042
3161 7323
1591 5877
612 4769
3825 7736
3190 7356
798 5074
754 4670
2287 6177
1492 5381
503 4389
2 4304
22 4292
723 4608
2645 6785
129 4181
1786 5679
2947 6997
2718 6729
631 4780
3838 7714
1298 5582
2716 6721
2591 6849
2898 7053
2365 6626
638 4766
3657 7849
2644 6837
2121 6315
1939 6007
1481 5422
633 4752
2284 6145
197 4139
4004 8011
1160 5242
880 4994
3017 6973
302 4571
2503 6449
2219 6227
3810 7704
1804 6135
3597 7921
2409 6548
3596 7922
2078 6368
2884 7099
3729 7790
2259 6188
2512 6353
960 4802
1240 5595
316 4154
2317 6154
3824 8185
2727 7085
2966 6813
2612 6968
2818 6669
3600 7936
3815 8183
537 4873
2487 6311
462 4319
3876 7734
2797 7161
2526 6346
1177 5518
3096 7424
3292 7621
1642 6000
248 4578
674 5049
11 4368
1604 5977
3943 7801
1623 5960
2822 6694
2350 6159
3812 8133
513 4899
1989 5857
926 4792
3138 7528
266 4128
1639 5962
1122 5455
3048 6854
1258 5572
3975 7863
2949 6838
2262 6638
3301 7644
2802 7112
1463 5261
3984 7854
2538 6314
1675 6090
1986 5763
960 4739
1980 5880
3122 7543
1085 5495
704 5002
3670 7965
1006 4770
3571 7331
3828 8101
3056 6817
2537 6331
2964 6849
2087 6513
3970 7892
3008 6807
831 4712
3861 7756
2654 6917
2454 6347
1467 5349
294 4167
1766 6023
3569 7312
911 4842
3092 7538
4068 7810
2912 6663
1 4456
3766 8157
134 4587
1032 5477
2920 6661
3023 6817
4052 7867
1071 5440
3565 7325
114 4355
195 4529
1505 5267
3319 7557
905 4859
2916 6678
3180 7455
2402 6166
1962 5855
2446 6392
2104 6468
3362 7262
1405 5372
36 4518
2549 6262
3870 7834
1397 5361
1915 5886
3454 7417
1446 5153
3996 7703
3617 8109
1096 5573
3931 7893
2611 7073
2489 6186
2605 7096
4034 7767
2826 6815
498 4197
3850 7827
3593 8080
1431 5132
382 4322
1178 5383
2192 6414
3341 7315
77 4563
978 4685
2985 6665
1668 5925
859 4857
2052 6567
3313 7506
367 4299
4049 7797
178 4372
1339 5277
1544 6063
437 4127
695 4891
997 4681
3064 6743
160 4367
2914 6861
2770 7037
328 4327
1562 6058
6 4534
2572 7100
1880 5865
1291 5311
1029 5554
632 5056
1458 5131
1402 5318
3921 7919
926 4641
1180 5465
935 4719
3346 7386
475 4114
773 4809
2920 6823
1510 5174
366 4287
3732 8006
2530 6192
3644 8174
1769 5947
3024 6658
148 4418
2894 6808
2900 6786
405 4163
1062 5617
1129 5553
1811 5835
3991 7758
3125 7657
1184 5500
1726 5987
572 5090
1718 5993
1087 5600
154 4478
2016 5637
1139 5526
2752 6950
1706 5965
3826 7962
3499 7234
544 5066
2491 6224
2898 6847
1336 5333
2900 6843
747 4890
2212 6482
3955 7812
3613 8164
2139 6560
3422 7333
1733 5945
1028 5626
1713 5966
1499 6107
749 4333
827 4411
2518 7126
416 5026
3956 7542
3232 7844
3347 7959
2580 6163
3798 7377
1955 5547
2111 6710
411 5008
4074 7649
208 4828
3160 7766
533 4123
793 4363
324 4950
72 4700
2235 6830
734 4296
341 4931
3122 7722
271 4881
3689 7287
1957 5509
518 4135
413 5052
808 4361
103 4676
1944 5564
1071 5643
77 4714
168 4738
2847 6453
758 4316
1934 5539
120 4693
1364 6010
3336 7974
1307 5931
3142 7796
94 4716
1917 5454
2862 6427
4083 7622
1520 6087
2234 6797
628 4172
2647 6255
1837 5398
507 5056
1455 6035
1835 5399
2749 6272
358 4955
1148 5693
2809 6328
1653 5175
648 4300
3425 7972
3302 7840
3637 7283
1931 5581
3327 7860
2231 6907
3481 8151
2994 6653
3335 8008
620 4156
1836 5502
3506 8166
4058 7566
2651 6157
2063 6741
356 4926
2631 6172
848 4363
1259 5808
1885 5382
1626 5121
1945 5570
3 4702
2959 6608
1381 5946
384 5090
4091 7577
2106 6744
1570 5189
548 4172
3023 6565
1089 5674
126 4627
1495 6072
1627 5162
576 4148
433 5060
2022 5523
2444 7162
2319 7033
2468 7123
1257 5779
2751 6340
1316 5976
1884 5408
66 4670
1669 5127
1950 5404
3012 6470
1972 5431
2421 7153
4084 7548
640 4105
1320 6052
833 4557
647 4107
2768 6236
2892 6593
157 4624
3358 8078
2999 6438
2154 6907
3038 6476
3871 7564
4069 7542
995 4471
4024 7468
665 4109
3996 7434
1968 5415
1707 5180
1251 5755
2332 7044
4006 7480
3826 7250
1661 5343
4011 7438
1412 5921
2743 6161
3447 8144
4054 7537
2065 6841
3917 7654
2891 6624
912 4414
1295 6049
3228 7730
3254 7686
2050 6835
2103 6790
1694 5165
1002 4446
834 4596
3489 7958
486 4957
792 4515
1971 5390
1610 5367
3849 7607
1593 5254
441 4985
2628 6276
3692 7340
1279 5694
505 4920
2975 6493
2301 6713
3192 7869
3880 7648
37 4847
1937 5466
953 4470
2576 6336
2467 7026
401 4931
1553 5317
3858 7622
4048 7428
3810 7220
745 4159
3163 7820
866 4538
2495 7013
613 4287
757 4143
3351 8140
4051 7439
1011 4396
1097 5782
3789 7186
963 4387
3133 7900
2082 6851
2489 7003
664 4218
1256 5647
2479 6982
2708 6270
1630 5300
3948 7559
1616 5309
3943 7561
1546 5368
2226 6724
2613 6338
2016 5400
1674 5235
88 4772
95 4771
823 4555
1927 5499
3989 7528
1238 5673
3880 7210
3911 7237
343 4691
2813 6649
2646 6483
1907 5236
2749 6586
186 5053
3685 7522
6 4865
761 4606
846 4162
3636 7482
2195 7069
2592 6447
3207 8072
3915 7259
2313 6681
62 4908
762 4590
1264 6117
1528 5869
1421 5780
2782 6597
779 4119
929 4286
3830 7638
3653 7524
2547 6866
3247 8076
2060 6952
2100 6931
3652 7533
2610 6425
588 4451
1407 5711
4066 7379
3509 7809
45 4889
760 4558
2445 6836
2745 6528
2123 7031
2923 6229
316 4734
772 4166
2832 6226
84 4887
1542 5443
4039 7298
685 4586
1683 5595
2338 6763
1113 5907
3881 7268
2436 6857
3032 6293
51 4989
520 4440
3442 7715
3230 8140
2540 6840
3387 7791
3624 7548
1091 5910
3659 7453
2961 6345
2183 7133
2326 6730
2013 5248
4088 7333
2619 6500
877 4108
1491 5814
2980 6338
3297 8071
3628 7492
1252 6029
1984 5290
1360 5691
3867 7280
430 4805
3632 7515
1565 5489
1585 5470
389 4848
1379 5654
2015 5289
423 4817
971 4284
3861 7266
2184 7152
2330 6754
743 4510
1116 5926
7 4988
1993 5298
525 4464
355 4636
1934 5134
254 4991
681 4392
611 4583
988 4186
2729 6447
3295 8024
3782 7502
1803 5251
1317 5804
4047 7236
600 4564
737 4460
445 4656
2400 6897
187 4905
3693 7672
300 4795
2842 6285
4042 7248
509 4704
2151 7161
3704 7655
2075 7099
3015 6247
471 4722
3029 6256
3608 7614
2418 6872
3349 7870
2243 7016
3567 7746
3444 7899
2882 6381
1181 5932
3065 6218
286 4778
3559 7762
1543 5553
217 4974
2577 6566
1690 5410
1543 5566
2059 7090
1748 5486
3741 7463
3701 7631
2380 6903
756 4431
2836 6312
1887 5345
464 4718
627 4530
1206 6004
341 4759
3874 7399
3897 7420
2831 6341
514 4552
1744 5406
908 4163
3456 7761
347 4745
3142 8085
4008 7293
2557 6698
1889 5302
3942 7345
2361 6883
47 5109
4093 7201
917 4168
1004 4146
3740 7490
59 5082
2166 7060
3672 7610
2589 6648
697 4435
2110 7122
4072 7172
3012 6185
1834 5316
2742 6488
716 4387
3894 7385
3840 7409
3933 7343
3060 6151
853 4257
4046 7227
301 4827
1451 5724
2272 6936
2592 6618
1204 5960
1017 4101
3255 8008
1547 4619
1714 4786
2563 7683
4065 7136
3753 6824
2400 7523
3548 6616
1110 4179
2956 8074
952 6079
1889 4968
3477 6559
1622 4700
2853 7977
2233 7351
3458 6541
3243 6331
2324 7429
1197 4286
787 5888
835 5975
2964 8065
1607 4703
336 5449
283 5378
2635 7762
913 6024
1375 4420
463 5587
3562 6646
2120 7253
2877 7971
3053 8178
1824 4864
1274 4314
1980 5022
3330 6438
909 6053
858 6003
1991 5102
2210 7304
2721 7818
434 5529
43 5124
3866 6954
2813 7885
788 5927
1021 6094
1351 4468
577 5751
1398 4428
996 6111
3226 6305
605 5734
3938 7006
4048 7148
942 6126
3922 6930
1058 4194
4045 7052
1763 4770
3384 6526
715 5763
2742 7935
1870 4871
3663 6662
29 5206
3860 7007
3851 6983
712 5765
2638 7683
3992 7114
3185 6181
3780 6800
1683 4804
1957 5117
1935 5078
594 5641
186 5350
1000 6068
3084 6225
3714 6879
383 5409
2231 7401
3887 7025
4089 7079
2111 7264
354 5378
1263 4238
2946 8160
3091 6257
2211 7365
922 6141
227 5252
3487 6644
2164 7192
2451 7677
862 5936
3478 6630
3965 6925
1856 4913
4027 7119
3062 8064
2437 7667
2309 7538
1285 4477
2157 7188
1860 4925
182 5324
148 5352
2254 7247
659 5648
1203 4151
2298 7294
906 5903
3569 6523
874 6113
1145 4338
1153 4111
2726 7734
1037 4253
1649 4835
1297 4483
2043 4969
1883 5070
1532 4449
1842 5011
2073 7345
1990 4972
898 5934
3187 6367
754 5727
2840 8117
1905 5087
349 5612
1086 4236
3365 6550
131 5174
1890 5076
2445 7483
1055 4263
3878 7071
2003 4970
1369 4578
1182 4133
1887 5089
769 6078
3862 7081
693 5749
861 6047
993 5923
432 5491
934 5986
333 5513
676 5731
128 5191
246 5169
3834 6717
359 5550
2594 7916
1949 4940
361 5563
2070 7374
293 5629
728 5635
308 5609
629 5800
3814 6712
579 5792
1594 4828
1801 5102
3313 6169
201 5153
543 5878
2325 7678
1123 4232
3588 6895
2200 7284
1767 4618
1342 4563
567 5850
323 5555
2570 7929
2703 7803
3089 6372
1721 4687
472 5408
3875 7131
2438 7550
1306 4576
2398 7588
1983 4932
3140 6329
317 5568
1332 4553
3759 6736
1213 4541
3341 6156
3273 6603
2228 7600
1640 4972
1402 4222
294 5155
970 5839
439 5309
332 5190
3248 6588
3954 6780
1832 4646
2122 7493
3000 7848
1278 4590
3013 7892
1496 4297
2796 8190
1719 5027
2901 7745
3127 6435
3361 6196
3841 6676
2413 7291
2423 7279
747 6131
1698 5050
3995 6786
1282 4120
2042 4832
3307 6647
1548 4880
2824 7702
1806 4625
1171 4492
3844 6695
2500 7392
2457 7357
1098 4463
4060 6905
3817 7118
2315 7202
3162 6513
1356 4199
400 5308
3765 7067
571 5898
1559 4901
3165 6511
165 5521
2586 7982
927 5803
20 5409
3437 6235
3194 6477
3597 6965
2917 7774
3041 7901
2117 7547
454 5255
3671 6934
3590 6980
284 5215
2820 7744
3812 7075
739 6056
2719 8148
1712 5116
3953 6716
2803 8126
2590 8015
2125 7454
3796 7047
3433 6202
1485 4249
3649 6935
3305 6591
1250 4532
3843 6747
2551 7343
584 5904
429 5364
1698 5112
965 5790
2138 7425
912 5836
1641 4917
3228 6593
2287 7601
2927 7728
3161 6457
2285 7565
3848 6762
2378 7214
3746 7108
3980 6891
742 6017
3667 6971
842 5667
918 5887
1089 4395
930 5833
2110 7504
1847 4697
4080 6814
3087 6526
2948 7926
2675 7937
4001 6869
267 5246
1343 4169
490 5276
1482 4285
3018 7859
2867 7752
3811 7071
789 5739
734 6049
357 5348
407 5141
2001 4690
495 5227
1808 4757
3536 6229
670 5913
3745 6953
318 5303
2288 7547
3727 6916
1732 4937
834 5836
3495 6184
1373 4306
550 6071
3688 7163
2740 7975
2107 7599
1670 4883
1776 4968
2722 7993
3991 6668
394 5163
791 5812
527 6052
2865 7837
3097 6580
242 5471
1301 4283
2272 7502
655 5920
4014 6687
607 6124
2038 4674
1241 4462
3757 6930
3206 6466
3563 6191
403 5207
2910 7835
3054 7721
2824 7887
1202 4469
1748 4894
3758 7012
1036 4550
2578 8152
3966 6837
1965 4705
3072 6605
2057 7623
2150 7606
3399 6292
1155 4439
3891 6887
3139 6551
3686 7091
256 5333
1580 5108
3261 6503
2304 7390
2686 8097
2411 7307
1966 4684
2147 7558
601 6079
3614 7160
583 6048
3768 6993
1924 4719
1977 4695
1101 4514
437 5189
1637 5009
3114 6623
153 5484
2023 4638
2236 7488
3318 6410
1621 5033
1764 4888
3589 7160
3856 6417
3521 7107
1176 4765
3119 6697
1464 5055
3821 6372
3250 6843
726 5338
3561 7141
393 6020
1730 4303
1523 5117
2173 7794
2028 4604
830 5423
170 5816
3134 6700
872 5499
312 5932
1828 4400
3339 6941
1775 4342
3446 7023
496 6122
852 5454
2114 7775
2163 7790
3137 6751
3738 6328
3800 6394
4015 6539
54 5651
3735 6335
2447 8102
1599 4115
3245 6787
3007 7568
101 5706
381 5970
351 5998
457 6139
3528 7162
3489 7058
297 5917
1284 4912
1930 4542
2097 7685
3040 7636
4020 6528
2439 8115
2738 7303
17 5671
3635 6155
2358 7950
3074 6715
1195 4758
956 5505
2965 7637
3925 6423
1022 5565
4050 6545
260 5953
2046 4539
1780 4274
3277 6795
1800 4430
34 5738
3513 7152
2289 7867
3132 6768
2149 7721
560 5245
3291 6805
2680 7223
2840 7511
3154 6659
720 5249
515 5202
1001 5560
1447 5110
3895 6500
696 5355
1054 4683
1093 4624
2409 7999
2451 8139
86 5646
2399 7942
1922 4568
1167 4819
3349 6984
2155 7732
3574 7063
2086 7748
1916 4376
2420 7953
959 5594
42 5711
3327 6809
2217 7874
153 5876
3663 6178
476 6066
318 5966
2315 8057
2878 7498
2554 8066
1489 5032
317 5956
3927 6446
2064 7786
1561 4195
1343 4932
344 5924
3776 6332
1941 4585
2233 7878
2513 8017
1861 4549
1321 5032
1020 5502
777 5514
3992 6427
2790 7269
3259 6719
813 5544
70 5824
862 5593
3550 6998
2492 7989
2157 7910
909 5376
3720 6149
1330 5052
2128 7873
364 6143
1175 4611
984 5453
1765 4210
2457 7950
1291 5009
3111 6844
200 5715
943 5427
3899 6564
2743 7189
2602 7305
2642 7415
774 5536
3130 6812
2393 8191
3591 6305
1368 5119
2405 8130
3262 6675
4066 6486
228 5713
2924 7641
3511 6913
1613 4347
3468 6971
641 5176
653 5175
2168 7874
3532 7030
1181 4647
3666 6377
602 5274
3858 6612
3453 7098
3291 6684
2792 7200
2094 7911
1904 4537
1388 5029
2906 7568
417 5994
281 6092
2640 7301
3573 6957
3183 6839
1166 4695
2473 8053
1217 4636
52 5866
3006 7518
2795 7182
10 5868
2741 7251
2035 4382
884 5508
551 5334
3917 6585
3496 7005
3961 6533
2650 7332
4057 6439
2686 7296
427 5973
2814 7169
2210 8099
1207 5044
339 5718
1819 4126
2802 7668
2725 7586
1243 5075
1787 4595
1280 4617
1080 4913
2137 8019
2562 7433
136 6040
3402 6746
2181 8087
239 6141
1668 4502
3841 6164
3498 6845
2145 8057
3377 6696
1287 4638
2323 7688
3945 6258
1008 5356
2389 7753
783 5139
1646 4467
1562 4359
179 6061
942 5262
86 6005
2146 8006
2395 7807
2030 4299
1062 4867
4058 6397
3420 6773
3255 7069
3522 6889
2141 8050
1712 4480
2387 7777
1790 4556
3856 6179
1806 4155
1638 4432
924 5284
2869 7179
2294 8136
756 5579
287 5725
4079 6317
157 6105
3407 6666
2267 8092
3148 6918
3997 6355
3788 6531
1940 4315
255 6064
1302 4678
3895 6243
3334 6736
3756 6650
1266 5028
3783 6545
175 6136
2643 7435
2778 7554
1788 4517
3086 6996
3683 6462
2506 7850
748 5516
2693 7652
481 5760
1573 4418
3954 6165
3115 6979
3540 6844
3348 6782
1975 4317
850 5177
944 5339
1 5994
2427 7696
3242 7110
1731 4526
3717 6634
3633 6494
3170 6925
534 5479
164 6103
2037 4227
3027 7332
2942 7177
2455 7904
828 5188
604 5413
4013 6356
3440 6667
2301 8065
3877 6232
496 5773
2858 7253
1940 4331
2677 7668
548 5542
1737 4427
2629 7623
3172 7142
248 6012
1645 4585
2036 4209
2502 7744
4082 6260
2124 8138
451 5700
301 5799
3171 7145
3117 7072
2179 7955
1084 5037
1392 4833
511 5741
1592 4524
252 5992
2891 7389
19 6025
2659 7672
1095 5082
3479 6666
1823 4224
3271 7015
1700 4357
1586 4497
1552 4534
3621 6540
1685 4412
3315 7000
2334 7858
1486 4704
3344 6846
1804 4259
450 5746
2821 7349
3189 7109
1420 4664
87 6113
618 5586
48 6024
180 5902
269 5838
2074 8153
2932 7344
3806 6426
3934 6297
541 5590
1329 4861
2011 4119
3714 6479
499 5693
1893 4266
2466 7792
75 6041
2647 7555
3625 6653
1244 4873
3882 6399
3989 6211
1874 4228
3678 6536
1895 4273
1783 4399
1866 4243
3047 7230
3351 6861
3311 6963
932 5241
551 5574
562 5584
1256 4875
3237 6982
3196 7064
2727 7488
3427 6788
40 6081
1502 4661
2951 7274
210 5948
3312 6942
1767 4374
3033 7215
1538 4602
3655 6589
3266 5314
1862 8005
32 6180
2580 4625
3026 5077
1249 7401
798 6934
4070 6127
1671 7821
3423 5461
1904 8061
570 6709
3605 5658
3594 5658
93 6222
820 6944
4074 6143
2699 4764
113 6246
1811 7947
2694 4766
2762 4819
1658 7776
881 7018
2119 4187
3932 5952
1996 8145
2351 4402
3195 5220
3080 5161
1928 8105
3719 5794
1646 7755
795 6974
28 6201
972 7145
2402 4423
2691 4773
1757 7930
575 6679
3299 5322
1215 7316
1843 7966
3385 5399
1738 7930
3809 5842
2607 4635
1598 7690
27 6190
2344 4382
1223 7409
213 6381
395 6577
1183 7330
1781 7880
3412 5481
2109 4099
1992 8182
883 6988
38 6169
3118 5137
3459 5571
3973 6084
2951 5060
2665 4650
3712 5828
3082 5198
1985 8068
1050 7261
2237 4346
369 6456
4064 6059
2800 4798
1735 7817
2709 4826
3721 5830
140 6339
1841 8033
1812 8000
1916 7977
2700 4826
2952 5087
3886 6009
727 6799
978 7048
2943 4900
2453 4558
1628 7681
1771 7861
825 7014
1016 7079
3375 5450
1759 7863
3133 5204
1901 7942
476 6576
696 6868
1840 8030
3674 5685
25 6249
2496 4529
215 6310
1871 7996
1908 7936
3204 5360
4076 6037
2669 4630
3068 4999
2924 4880
1224 7240
547 6818
60 6333
2676 4853
3844 6022
483 6496
2467 4384
2392 4575
855 7120
2620 4795
2931 5114
630 6911
117 6396
775 7051
3555 5487
3482 5397
3221 5127
2737 4645
1115 7374
109 6394
1760 7800
78 6359
847 7122
3805 5696
1182 7168
415 6400
1716 7701
3020 4973
2748 4637
3438 5583
2081 4227
711 6757
3466 5417
3900 6047
2153 4300
3546 5501
3283 5243
2299 4179
2342 4493
27 6327
1095 7402
1308 7602
1555 7869
259 6572
885 7130
512 6831
3939 6099
3884 6044
2819 5042
1040 7329
2128 4323
2675 4807
261 6579
2224 4103
898 6970
4040 6001
3695 5841
2019 7971
3750 5733
3441 5557
1954 8039
2521 4380
3491 5478
2055 4289
1615 7816
1498 7442
127 6326
1708 7781
2872 5107
1770 7718
20 6341
4052 5893
3116 5375
3790 5661
3636 5856
1854 8170
2406 4531
3754 5756
2207 4169
3408 5511
73 6288
393 6483
2682 4775
312 6630
97 6334
3699 5804
234 6152
59 6360
2340 4545
2622 4824
311 6608
3375 5576
1395 7578
2411 4482
1915 8082
955 6994
681 6722
1484 7456
3728 5757
460 6434
268 6652
3376 5568
546 6866
2519 4390
2506 4409
976 6947
1964 8031
3163 5294
3721 5758
3243 5202
586 6832
3039 4899
1617 7853
1231 7216
2837 4629
2585 4893
2981 4768
3594 5903
2822 4623
2357 4156
3854 5637
3290 5590
3080 5401
1725 8110
1994 7902
2365 4136
2026 7932
3445 5219
690 7076
821 6701
356 6266
1756 8131
3390 5150
279 6198
2696 5033
2371 4194
2303 4574
1676 8105
921 6846
2569 4910
1493 7421
598 7036
2461 4279
1340 7184
3647 5905
137 6566
471 6375
327 6263
831 6671
3002 4747
2784 5075
2047 7884
2080 4371
1891 7766
2472 4253
1398 7232
1959 7824
1007 6870
3661 6007
1736 8181
2471 4248
3439 5200
3890 5746
3190 5428
2469 4326
1732 8064
946 6902
1785 8125
2522 4252
2940 4667
3044 4781
2394 4112
3093 5471
1776 8124
1739 8071
876 6689
1989 7819
1604 7946
2335 4177
3124 5498
492 6307
2523 4235
1461 7397
3420 5135
1468 7400
4067 5814
2734 5115
1262 7606
1344 7193
1010 6827
3252 5615
1417 7381
53 6505
424 6388
3078 5466
1589 8041
1902 7731
244 6570
3215 5585
85 6411
1072 7535
181 6613
3642 5979
506 6299
475 6335
2637 4907
2656 4872
3690 5890
1129 7427
2765 5031
2442 4320
3477 5369
1226 7591
836 6705
2469 4306
1490 7338
3468 5365
1762 8088
830 6725
2808 4996
2890 4662
683 7125
1624 7974
1424 7406
2274 4509
3958 5874
3865 5791
566 7088
1877 7903
1809 7837
2793 4965
3697 6140
1518 7293
3634 6054
3026 4679
3278 5465
2248 4447
2940 4838
1601 8155
2470 4154
487 6267
3983 5650
4 6554
247 6505
2588 4995
3797 6004
2169 4568
2048 4515
180 6416
2507 4205
1456 7191
1845 7826
1429 7229
1898 7875
1747 8056
1960 7687
3797 5985
744 7004
2493 4104
2487 4098
1439 7209
2968 4655
3201 5435
886 6860
1448 7187
3567 5203
822 6794
253 6467
2712 4953
2343 4326
3278 5389
3448 5308
1547 8141
3359 5335
1997 7684
1446 7277
2692 4943
2273 4397
3042 4655
1462 7291
931 6766
737 6959
16 6622
724 6939
615 7080
655 6976
3526 5142
1540 8145
116 6562
2420 4268
1803 7890
4034 5656
2752 4894
4029 5725
3493 5191
3403 5295
3350 5363
1536 8165
1453 7243
3095 5631
533 7165
2963 4730
2536 4099
3862 5885
1611 8103
1963 7750
3726 5984
560 7135
3926 5796
338 6304
1891 7824
3219 5479
1404 7306
3184 5513
3218 5483
1612 8117
3337 5363
3855 5876
391 6266
3993 5735
192 6463
3859 5395
3701 5237
322 6977
2240 4805
2255 4810
57 6719
4090 5628
3999 5528
3786 5325
2244 4812
3516 6071
25 6677
899 6542
3271 5832
3571 6140
1541 7191
2399 4940
1578 7231
2329 4878
844 6491
397 7060
234 6899
3490 6075
805 6463
2561 4122
3306 5879
2370 4962
904 6571
3556 6080
2005 7665
1107 7798
193 6887
104 6734
650 6316
1296 7990
532 6204
3447 5983
3493 6031
2359 4893
1661 7254
2064 4668
2057 4644
1093 7784
1727 7312
2084 4628
3201 5809
4017 5504
2847 4398
1168 7843
2361 4876
1678 7352
3502 6039
1449 8085
3369 5909
2575 4145
556 6162
1856 7550
776 6455
1306 8026
3421 5916
1187 7905
1145 7741
2787 4267
2560 4168
377 6961
1322 8038
3864 5460
164 6888
1628 7185
1156 7883
3226 5834
2991 4607
977 6533
3240 5884
3845 5456
3059 4517
449 7063
3436 5942
3743 5317
2881 4378
105 6708
3109 5701
1220 7847
480 7043
122 6681
207 6827
2999 4562
2093 4680
388 7137
1725 7387
3418 5939
3583 6032
198 6825
2859 4443
3913 5432
2052 4725
3898 5451
2090 4696
4089 5515
1499 8111
1109 7713
3269 5808
1309 8043
1151 7687
1053 7780
3202 5883
1034 7792
522 6256
2330 4961
296 6995
1901 7446
619 6379
3167 5854
3723 5129
1717 7219
3845 5519
1494 8028
3062 4474
3660 5313
1502 8017
2845 4498
1754 7243
825 6570
1173 7681
965 6481
190 6697
464 6983
1787 7267
2576 4234
3906 5598
224 6780
1212 7712
2614 4265
3157 5877
3747 5122
2017 7490
276 7088
1852 7576
1973 7440
3518 5915
1687 7217
1863 7663
536 6320
876 6597
1271 7774
3022 4452
3619 5257
1647 7362
1177 7735
1304 8119
1929 7487
2530 4949
2131 4843
1045 7853
1579 7315
2610 4234
3662 5362
3389 6019
887 6601
2694 4152
1025 7870
241 6734
813 6636
1913 7611
3322 5688
2476 4975
2883 4480
1237 7702
1664 7235
3830 5170
1587 7419
19 6874
3519 5999
1056 7923
2825 4573
553 6385
2511 4886
1024 7897
3178 5811
1222 7711
637 6301
396 7022
3605 5367
1368 8123
3503 5963
2344 5069
2270 4667
3025 4407
3041 4358
1699 7241
2913 4493
1501 7984
1118 7856
1043 7933
3492 5963
3179 5764
1527 7943
342 7078
3889 5571
114 6790
4076 5402
1409 8055
1162 7804
4037 5427
2851 4571
1514 7955
3618 5337
2336 5084
272 7150
3394 6077
3527 5831
1535 7934
377 6779
1686 7573
1164 8068
2976 4267
578 6478
1492 7896
3584 5389
7 6921
2177 5007
1050 7956
263 6664
3691 5498
2909 4174
1784 7659
2219 5048
1886 7242
1479 7902
640 6553
1488 7882
2509 4818
2917 4165
2290 5078
2080 4868
99 6981
1447 7809
3702 5457
3089 5944
3037 4337
3857 5181
2721 4494
1365 7802
3743 5550
152 7083
2790 4565
1953 7317
1313 7705
2232 4992
406 6831
3001 4224
3338 5680
3474 5801
3386 5639
2791 4569
381 6723
3684 5413
69 6913
3633 5492
3655 5377
3750 5600
2293 5053
457 6784
2632 4354
1287 7757
1970 7416
3606 5469
3907 5135
2285 5024
3673 5396
1077 8036
3804 5518
2010 7311
3552 5813
842 6172
1195 8176
2486 4845
4000 5371
1063 8059
2429 4640
3265 6046
1724 7645
389 6886
751 6540
2876 4182
3094 6010
1061 8009
4091 5271
131 7149
3424 5649
1763 7570
864 6162
3502 5850
3037 4264
3543 5793
1043 8037
2550 4737
1912 7169
64 6970
3434 5649
491 6807
262 6791
3904 5313
1065 8107
1338 7871
3162 6108
1149 8186
3260 5947
449 6726
2585 4510
1257 8035
540 6551
323 6863
921 6165
3397 5832
217 6999
721 6495
1210 7979
3050 4219
2775 4422
522 6552
2215 4915
2277 4977
1076 8096
364 6904
3851 5279
3016 4189
594 6596
727 6464
4041 5201
491 6771
1163 7954
1312 7865
3430 5884
3429 5883
2244 4963
780 6308
67 7146
617 6595
3323 5969
3631 5508
3239 5900
3311 5956
1057 8077
1070 8067
3836 5459
3279 6015
2114 5106
1239 8037
1503 7788
3138 6134
2531 4694
500 6722
2815 4424
1587 7562
461 6772
3296 5978
3869 5281
2035 7246
1310 7843
235 6997
3883 5358
1842 7413
807 6383
2910 4244
2942 4276
511 6706
504 6709
1569 7660
2962 4188
879 6334
2559 4654
3069 4140
130 6992
1435 7759
815 6393
3251 5989
3481 5697
1839 7413
3702 5546
1807 7379
2338 4863
3631 5616
1724 7516
3073 6112
4081 5136
84 7094
1201 8021
2973 4216
18 7156
2014 7225
3904 5288
2823 4332
1820 7406
1680 7523
3268 5943
766 6409
2429 4740
2761 4404
2757 4411
1230 6350
2266 5338
2962 6032
1006 8173
280 7453
1553 6678
22 7198
3453 4471
3289 4307
1091 6216
2895 5955
386 7566
12 7171
3103 4109
3144 4188
1825 6964
678 7857
568 7727
62 7207
3984 5001
1003 8176
2908 5959
1068 6199
2258 5326
424 7605
2143 5184
1563 6714
566 7703
1106 6259
3963 4953
357 7494
3792 4856
1738 6882
2418 5464
32 7178
2103 5145
171 7300
221 7405
3372 4381
999 8149
686 7832
3964 4939
260 7486
726 7916
1377 6490
2206 5282
3679 4706
2832 5933
1476 6534
3139 4101
3479 4561
512 7751
3285 4242
1912 6960
1925 7117
433 7673
3784 4739
1843 7032
3504 4603
578 7695
2676 5689
2724 5865
2783 5778
2638 5635
2084 5227
109 7202
1554 6749
1191 6386
416 7669
3076 4178
1619 6665
3418 4353
2431 5412
878 7987
3761 4847
1128 6199
1672 6871
2860 5964
446 7647
3186 4118
1074 6231
1378 6405
941 8133
3005 6100
2154 5120
2175 5140
1304 6516
987 8118
2028 7041
1721 6871
3086 4192
1791 6800
2197 5370
2561 5745
829 8013
2165 5124
2668 5661
236 7326
2534 5522
3410 4390
1433 6639
1288 6512
2043 7042
1974 7116
1984 7100
3820 4753
713 7860
848 7981
3432 4373
2605 5715
2044 7043
658 7698
609 7907
1779 6768
3850 5006
3580 4475
2322 5528
1710 6692
2321 5530
882 8185
732 7760
2258 5215
1518 6499
1060 6313
990 8016
1141 6395
484 7530
2689 5646
2831 6046
3224 4107
2463 5388
2695 5651
3563 4479
2931 6117
1468 6442
2949 5906
1821 7050
2008 6976
2678 5866
3360 4542
2263 5192
1554 6797
423 7431
1014 8022
2180 5157
350 7676
102 7365
2572 5807
773 8097
1272 6237
1294 6567
3965 5079
3551 4468
617 7877
1972 6937
3554 4431
3868 5043
869 8149
1079 6278
3539 4450
332 7679
2251 5247
145 7204
483 7510
768 8118
983 8033
1964 6938
508 7499
340 7651
365 7642
3827 4683
230 7260
941 7959
1474 6521
982 8042
2192 5167
1211 6148
1871 7054
1563 6874
3500 4461
2212 5222
1595 6911
1264 6198
2169 5298
1858 7055
2529 5423
2838 6104
1511 6455
3866 5066
2945 5968
2850 6131
2089 5371
3919 5020
1792 7123
619 7864
2325 5569
2537 5438
1529 6435
80 7307
3355 4551
1394 6574
2435 5475
2144 5248
1356 6573
435 7504
348 7615
1549 6888
2334 5624
735 7735
795 8177
3395 4521
2159 5250
2662 5769
2098 5314
2644 5798
3437 4511
556 7903
838 8114
2067 5348
2574 5881
3095 4320
1281 6652
431 7505
1262 6160
297 7208
90 7516
3669 4947
1179 6547
2718 6038
1508 6380
1079 6462
633 8048
3966 4724
3514 4277
1597 6957
3303 4598
3947 4728
703 8108
221 7627
3001 5807
2994 5803
370 7272
2555 5351
3839 5088
3404 4205
91 7545
1786 7129
524 7976
2745 6044
133 7587
3718 5025
327 7275
1659 6998
3344 4157
2600 5894
1013 7898
731 8171
469 7398
2000 6885
2961 5798
3108 4381
700 8070
479 7397
784 7722
801 7709
1155 6590
3977 4790
3609 4902
872 7767
2049 5441
2129 5392
55 7540
587 7951
1059 6502
23 7506
955 7933
2785 6055
2004 6813
1978 6896
126 7476
326 7177
1321 6267
2622 5997
1663 6954
3050 5823
863 7689
2663 5951
2661 5951
34 7544
2040 6819
1998 6802
4061 4738
2462 5374
653 8168
2673 5908
420 7372
3343 4198
1723 7121
1524 6303
1705 7109
2669 5888
2518 5304
2662 5896
3097 4470
1430 6393
2817 5742
3863 4711
2899 5666
1729 7093
1393 6148
2544 5253
3465 4350
2748 6091
1198 6614
40 7505
2866 5707
606 7972
374 7180
3491 4312
2499 5310
2196 5611
2740 6091
3903 4799
2410 5354
3428 4325
4036 4678
3974 4612
508 7295
3294 4442
2171 5631
3977 4621
3598 5003
707 8004
2483 5172
320 7370
4006 4653
752 8059
2474 5158
1366 6361
1688 6920
1982 6702
1253 6517
1536 7056
3109 4533
456 7257
736 8049
2747 5930
2671 6142
1487 6237
3427 4337
3969 4627
1833 6842
170 7486
2730 5950
3710 5099
1223 6481
2066 5509
1411 6171
1299 6283
3417 4290
1289 6295
3823 4942
3581 4184
2312 5293
2598 6016
2354 5268
2170 5597
1359 6375
3288 4464
2683 6099
1396 6365
3003 5655
3558 4170
3789 4961
576 8172
1366 6395
2353 5278
691 7938
1316 6294
1985 6772
662 7968
3742 4904
553 8094
2548 5187
1756 7013
3971 4664
1574 7066
2777 5989
1691 6949
557 8083
2500 5243
2318 5297
1027 6595
2628 6021
669 8030
1493 6166
2527 5147
412 7257
3846 4814
58 7666
150 7518
915 7771
3517 4215
3559 4141
1771 6945
3061 5689
3342 4291
621 8096
3760 4990
3744 4975
3234 4466
3158 4487
466 7168
3469 4190
3553 4148
2568 6109
1579 7154
2040 6691
3413 4233
2883 5789
3787 4905
2553 5146
3933 4789
363 7298
1143 6557
2567 6124
319 7376
3127 4547
1114 6575
968 7742
2213 5459
4040 4660
2405 5272
3623 5081
2639 6065
71 7748
1877 6480
3698 4219
2589 5143
1344 6986
770 7433
1478 7115
2960 5534
220 7884
1523 7138
3464 5018
196 7894
463 8156
2820 5394
3031 5580
2093 5681
3754 4278
3630 4146
3066 5607
1423 7087
2732 5261
2297 5851
746 7375
3247 4744
2076 5684
3110 4622
2921 5445
2930 5442
1473 7155
731 7407
3892 4354
3760 4231
3103 4648
1675 6323
1879 6508
1131 6743
2679 5195
3058 5583
3720 4279
2918 5410
1559 6225
781 7499
3884 4459
3751 4335
2342 5998
3897 4465
3618 4203
493 8103
2780 5265
740 7337
753 7359
3990 4548
1444 7153
3774 4327
118 7727
2846 5444
2621 5223
1426 7113
2161 5674
2916 5432
3017 5527
3256 4824
922 7675
844 7469
3275 4778
2624 5154
1479 7076
2744 5340
3346 4982
3231 4857
1233 6839
1218 6826
119 7711
1644 6149
3274 4769
392 8166
679 7368
3250 4829
2172 5645
867 7441
1755 6318
2944 5622
408 8174
385 8184
1045 6760
337 7980
2977 5596
1946 6631
808 7511
477 8029
608 7393
1545 6280
2996 5430
971 7496
986 7519
2786 5223
452 8014
2548 6014
673 7210
2741 5182
684 7207
2414 6114
1241 6740
1983 6449
2670 5344
426 7973
1550 6273
1048 6792
2774 5190
2410 6138
540 7308
506 8043
3709 4332
1011 7527
2687 5354
472 8014
3045 5490
1348 7133
1975 6445
2830 5522
2979 5439
88 7879
1633 6337
2404 6085
903 7461
2681 5341
1846 6546
855 7666
1826 6538
2893 5606
3107 4744
1130 6855
2027 6470
1002 7493
1174 6695
184 7691
2252 5759
3572 4930
1033 6832
2207 5670
3434 5072
3658 4343
56 7814
3426 5085
3553 4958
243 7731
2389 6036
1762 6176
689 7283
1929 6476
3809 4134
2674 5306
3387 5107
625 7352
392 8003
3604 4313
2575 5341
3370 5118
3281 4612
3951 4536
2751 5224
3849 4560
3976 4433
3393 5016
3981 4439
382 8100
1947 6471
2056 5844
3728 4173
2200 5703
163 7804
2370 6045
2341 6084
3323 4632
274 8182
910 7529
1211 6739
2248 5664
273 8184
1537 6376
3687 4238
1416 7009
2690 5225
2848 5580
2621 5328
340 8123
897 7534
719 7231
3935 4521
2198 5728
3090 4837
3657 4272
1800 6641
1216 6715
314 8132
3647 4288
2540 5868
3168 4960
1869 6217
3019 5326
3538 4823
3552 4837
2307 5636
2897 5209
1956 6318
1108 7007
504 7913
3238 5045
284 7688
3316 5088
1994 6352
2715 5505
2992 5292
3533 4844
3182 4943
701 7582
3738 4541
2271 6135
1222 7150
445 7831
3889 4125
1892 6216
1716 6554
538 7470
1270 7106
2314 5694
2100 5889
1249 7127
763 7629
1197 7067
3925 4195
2379 5756
1976 6287
2881 5238
3764 4492
539 7458
188 8070
2938 5185
596 7531
3773 4605
1534 6847
2990 5359
1798 6215
3424 4643
2295 6068
3524 4736
1990 6274
1775 6571
677 7648
4028 4345
1837 6251
489 7855
1702 6625
130 8138
3525 4751
51 8056
2941 5169
2776 5525
446 7923
1788 6579
2038 6310
1407 6702
1572 6517
2077 5967
3615 4429
1922 6358
2543 5818
570 7533
2178 6101
3298 5051
894 7205
742 7611
2199 6090
2535 5818
1300 6731
1061 7034
458 7850
1613 6444
365 7695
3042 5249
2229 6096
3006 5339
1434 6908
1662 6422
1360 6713
3617 4424
443 7889
597 7487
3244 5063
163 8143
1127 6935
1073 6979
1015 7301
1758 6573
1433 6890
2042 6281
490 7833
2026 6302
883 7175
994 7316
1896 6175
103 7966
2310 5757
3470 4850
1391 6673
2396 5853
279 7827
1967 6187
3154 5076
2807 5489
3249 4919
2427 5885
203 8012
3885 4261
2759 5455
3988 4125
3211 4864
60 8119
745 7525
1500 6737
2616 5559
81 8158
2317 5762
3242 4922
1357 6879
1126 7156
2708 5376
1103 7130
1507 6774
2161 6118
2607 5559
2953 5137
1140 7149
1666 6430
2239 5922
636 7650
3581 4707
3918 4305
1684 6411
786 7344
3705 4570
780 7338
3684 4556
1508 6735
3262 4885
3827 4445
1921 6191
102 8137
307 7836
444 7699
2044 6220
3494 4631
3378 4736
2649 5611
2142 6123
3891 4235
2271 5991
141 7991
1367 6893
2524 5734
3123 5000
1582 6549
715 7536
975 7183
915 7250
3100 5086
367 7851
1385 6829
468 7697
1609 6543
3839 4408
3052 5156
36 8173
253 7988
3446 4797
1685 6491
494 7743
1060 7158
2206 5965
1137 7077
1525 6688
1315 6901
286 7878
3328 4825
1937 6220
439 7785
2188 5971
1229 6956
4087 4117
222 7997
2021 6145
892 7321
2623 5594
3087 5097
368 7831
1692 6523
3997 4209
1924 6249
99 8078
2029 6147
3700 4507
1556 6628
3227 4971
3205 4980
3102 5103
3896 4298
1450 6745
2995 5184
3970 4214
3241 4956
4085 4096
3924 4258
1991 6193
1793 6390
73 8113
3645 4548
1709 6484
2504 5682
2906 5286
2437 5754
884 9076
418 8614
283 8479
606 8782
1229 9438
112 8292
938 9149
1752 9935
1558 9729
537 8707
1442 9660
179 8338
1326 9485
488 8640
845 9062
1372 9580
1728 9969
208 8418
255 8391
151 8365
828 8960
518 8775
783 9037
861 8976
117 8251
638 8739
1199 9456
849 9013
764 8857
1201 9431
1303 9584
1242 9393
1722 9940
1598 9806
768 9073
116 8197
940 9177
1022 9097
303 8536
1917 9989
582 8762
1015 9076
817 9141
1708 9766
1760 9838
735 8783
1369 9676
1307 9612
1001 9078
513 8869
1419 9519
974 9056
1301 9659
57 8331
183 8193
549 8850
98 8405
226 8286
30 8355
910 9009
895 9150
1640 9901
868 9129
643 8785
82 8321
1164 9300
335 8598
577 8859
877 9143
659 8781
1643 9909
524 8914
1460 9552
523 8942
345 8636
682 8781
1662 9876
1382 9610
1699 9805
1644 9885
176 8260
1674 9855
257 8695
1577 9938
770 9215
456 8501
1443 9566
918 8855
150 8597
818 8767
725 9178
837 8789
1918 9837
1851 9768
985 8896
1981 9889
623 9039
949 8852
559 8968
966 8942
1958 9867
907 8869
206 8703
1165 9662
1293 9273
645 9151
959 8835
37 8549
988 8863
285 8281
123 8509
612 8994
699 9213
1850 9843
790 8795
149 8664
1162 9691
1950 9932
761 9132
1471 9446
425 8393
1988 9894
1159 9711
68 8494
827 8784
1905 9756
232 8582
107 8475
1868 9789
401 8416
453 8376
1152 9476
963 8775
1818 9884
829 8887
616 9187
1485 9309
1876 9920
1931 9758
1830 9916
1069 9654
440 8228
1849 9872
344 8434
814 8835
198 8564
503 8270
1019 8770
666 8992
613 9182
820 8948
1144 9648
685 9061
1357 9350
627 9151
1471 9329
1125 9652
1802 9950
249 8495
1236 9485
583 9113
940 8776
1135 9610
75 8610
298 8387
1497 9271
1034 9726
1051 9710
994 8735
1881 9892
1740 9423
1731 9414
1275 9981
1216 9927
1105 9817
796 8471
1805 9472
778 8453
1667 9364
390 9119
1068 9781
1265 9960
1608 9297
230 8954
824 8473
442 9113
1566 9275
823 8466
2022 9677
1742 9440
1626 9333
650 8382
1253 9939
1075 9732
1565 9253
920 8608
184 8837
459 9206
1117 9827
782 8526
128 8899
1111 9747
1695 9435
769 8519
1666 9412
142 8904
1345 9993
2006 9628
778 8513
1952 9707
1878 9479
252 8877
857 8456
50 8806
1127 9777
4 8787
1822 9543
43 8816
171 8906
1146 9755
1790 9370
196 8866
1261 9861
291 9034
930 8651
418 9160
177 8924
1664 9220
860 8661
1120 9963
466 9049
837 8651
1782 9336
1271 9848
374 9190
765 8303
1627 9417
1435 9992
1044 9856
1569 9397
1840 9636
1236 9794
1427 9994
1679 9235
14 8851
1074 9901
698 8216
558 8325
306 9088
936 8478
427 8979
1232 9835
372 9161
1603 9468
197 8826
1909 9649
804 8681
549 8437
1194 9842
108 8886
1217 9763
1560 9469
280 9200
1814 9722
781 8674
214 8742
24 8939
485 8977
1592 9422
156 8807
932 8537
1774 9233
1693 9629
502 8951
1794 9224
1612 9542
871 8310
1609 9563
190 9128
635 8546
1862 9308
621 8561
970 8406
1826 9276
331 8809
591 8555
231 9164
166 9108
708 8688
431 8856
1342 9737
974 8439
1960 9363
680 8597
1280 9790
975 8331
242 9146
202 9090
526 8515
1867 9243
973 8350
1513 9918
980 8332
215 9102
308 8809
1552 9549
1334 9808
1769 9602
1779 9631
598 8507
590 8483
451 8883
1311 9828
639 8450
966 8376
947 8396
1896 9449
1998 9290
47 9130
614 8686
322 8905
972 8256
1753 9558
1863 9431
352 8945
977 8258
937 8241
220 9029
907 8233
89 9213
174 8991
545 8592
610 8662
1311 9898
1706 9503
590 8591
1388 9896
746 8492
1853 9462
879 8355
435 8830
717 8448
749 8482
1295 9947
63 9193
885 8366
1574 9670
622 8590
618 8587
223 9016
1283 9961
1969 9280
210 8999
1734 9523
465 8740
110 9111
15 9203
1754 9508
1465 8632
298 9515
254 9466
657 9877
410 9631
1149 8312
477 9688
1690 8860
1035 8195
628 9849
1400 8566
584 9819
159 9349
12 9232
1684 8843
11 9257
1346 8545
1670 8878
23 9278
1250 8407
92 9323
1245 8426
485 9695
1629 8727
1870 8964
610 9781
1747 8841
1103 8209
558 9802
767 9870
1263 8348
692 9920
1737 8893
480 9621
1913 8974
647 9983
1376 8472
563 9800
1656 8711
1036 8333
1477 8516
1055 8349
1130 8430
1817 9110
741 9834
1875 9154
1529 8555
177 9235
2025 9035
741 9801
575 9873
1903 9181
1459 8448
1169 8228
181 9219
706 9844
444 9596
74 9352
379 9650
635 9906
1520 8485
160 9334
205 9243
1432 8517
336 9615
616 9864
366 9623
1047 8429
748 9744
1059 8415
724 9769
1703 8794
1163 8309
1616 8879
1951 8863
1325 8237
321 9284
305 9275
1252 8680
137 9605
1528 8439
33 9529
200 9681
950 9897
14 9518
1958 8838
1761 9169
1467 8335
1220 8700
889 9795
1584 9075
493 9405
188 9708
1854 8810
1489 8324
894 9765
421 9464
1649 8977
928 9922
436 9430
2039 8849
362 9223
1741 9123
1100 8511
893 9736
1530 8323
2034 8843
307 9295
1630 8992
629 9994
1053 8601
1926 8706
1648 9205
1586 9141
1956 8748
1741 9030
800 9904
44 9661
1370 8398
151 9487
863 9922
240 9582
1516 8269
826 9886
337 9461
18 9654
1361 8442
981 9850
1885 8936
961 9844
42 9618
1104 8681
969 9840
1192 8467
1654 9163
880 9933
1480 8192
1327 8422
1605 9098
41 9723
411 9292
1075 8687
1440 8317
1834 8906
1688 9073
1532 8213
1017 9748
204 9506
1527 8199
1138 8579
812 9951
933 9816
1186 8541
1577 8232
832 9540
1570 8238
1386 9063
182 9913
1318 9011
119 9826
1651 8299
244 9941
1040 8753
581 9315
125 9809
143 9917
1367 9061
1949 8622
1272 8908
64 9845
207 9977
1768 8400
141 9910
1801 8502
1422 9165
1430 9170
192 9860
1238 8851
652 9418
1137 8758
63 9846
835 9482
658 9432
1816 8532
1618 8223
1596 8300
564 9312
744 9406
1313 9078
1509 9149
351 9991
1027 8793
950 9708
1340 9048
550 9282
1953 8647
143 9960
1783 8336
1260 8837
569 9301
562 9311
1125 8715
1872 8481
1736 8382
101 9746
927 9704
1387 8978
1923 8698
1573 8283
686 9424
1550 8305
763 9338
1928 8457
1138 8949
2036 8573
1615 8389
1054 8850
1376 9197
982 9538
1600 8407
722 9288
1390 9204
803 9662
1206 8744
701 9245
1497 9080
1120 8897
707 9316
96 9931
1673 8226
2030 8514
1513 9031
1184 8718
1542 8372
1101 8959
1537 8371
1794 8630
169 9745
1864 8690
703 9218
1557 8362
1507 8995
1707 8298
1450 9065
1750 8211
2033 8503
1715 8314
847 9603
1765 8234
1539 8400
1408 9044
1025 8920
1680 8268
1830 8699
1331 9197
134 9831
1451 9034
1735 8229
1209 8794
1511 8962
1116 8891
2023 8462
94 9908
1378 9100
1892 8587
45 9949
810 9680
620 9366
1048 8931
1038 8974
1354 8783
1194 9122
1219 9161
300 9763
1595 8483
1205 9132
1818 8192
1701 8581
1752 8698
755 9689
906 9403
362 9819
484 9942
1556 8486
1920 8374
794 9261
1298 8741
1341 8714
846 9230
1148 9021
1828 8293
1029 9024
383 9784
1243 9106
836 9231
1713 8701
352 9774
467 9859
1890 8240
1821 8265
1602 8470
1472 8853
777 9296
1576 8565
1482 8855
911 9455
1114 9018
275 9841
1371 8752
1086 9041
1421 8959
1305 8813
1526 8834
1414 8945
1290 8822
892 9469
1629 8670
669 9495
1365 8926
1052 9104
1926 8203
272 9858
1470 8745
654 9494
1393 8939
1943 8247
1305 8890
1109 9201
642 9509
519 9645
375 9948
1072 9117
539 9643
1469 8717
693 9476
1758 8559
733 9583
1567 8619
1020 9289
552 9629
775 9407
1466 8709
1438 8798
1389 8879
2017 8227
1652 8625
1102 9096
1710 8546
936 9340
1848 8429
1146 9114
1267 8978
1401 8861
1720 8541
1910 8339
889 9372
2033 8212
1410 8807
1625 8626
1900 8323
1169 9067
478 9765
1483 8759
2218 8360
2386 8529
2352 8499
3325 9465
3678 9818
2826 8964
3036 9164
3483 9611
2595 8758
2677 8802
2362 8480
3643 9760
2066 8206
2346 8501
2494 8606
3272 9450
3580 9688
3372 9483
2171 8274
3787 9956
2366 8461
3065 9165
2905 9060
3280 9360
3270 9346
3539 9623
3813 9888
2387 8468
3431 9516
3829 9893
3504 9699
2757 8848
2523 8576
3189 9238
2345 8512
3523 9640
2773 8889
2706 8930
2907 9004
2901 9006
3697 9972
3599 9887
2863 9150
3520 9554
2072 8320
2060 8342
2801 8811
2514 8521
3380 9642
3044 9083
3576 9563
2143 8442
3305 9292
2986 8973
3762 9754
2648 8949
2950 9000
2534 8533
2755 8821
3045 9053
3509 9586
3345 9689
2634 8858
2990 9087
3153 9357
2723 8771
2929 9105
2436 8545
2176 8294
2713 8816
3068 8981
3653 9903
3373 9665
3611 9963
3031 8997
2305 8693
2761 8752
2839 9195
2145 8548
2517 8403
3592 9999
2793 9198
3289 9681
2390 8284
3112 9529
2544 8421
3034 8911
3564 9466
3092 9480
3512 9382
3335 9240
2789 9158
3568 9429
2811 9180
3930 9840
3128 9492
2815 9171
2546 8415
2259 8702
3946 9796
2106 8457
2758 9202
3088 9509
2182 8624
2697 9138
2593 8989
3009 8956
2723 9187
2552 8377
2385 8219
2993 8929
3253 9703
3374 9341
2971 8911
2880 8730
2874 8800
2553 8359
2577 9039
3256 9690
2787 9095
2635 8993
2132 8504
2877 8784
3417 9258
3873 9813
2091 8540
2069 8556
3225 9698
2386 8239
2113 8510
3464 9225
3909 9926
2316 8320
2896 8927
3983 9759
3730 9990
3274 9566
3014 8786
3330 9375
2904 8903
3435 9460
2488 8231
3040 8770
2875 8862
3220 9528
3908 9961
3367 9365
2306 8369
2545 8261
2710 8994
2896 8936
3454 9413
3455 9410
3254 9590
3234 9571
3361 9448
3057 8764
3405 9347
3286 9478
3530 9247
3474 9285
3408 9353
3488 9337
3135 9697
2970 8827
3894 9943
2850 8897
4051 9782
2127 8618
3051 8716
2149 8585
3159 9658
2368 8370
3350 9442
2311 8447
3214 9591
2535 8222
2687 9093
3265 9534
3635 9267
2424 9084
2072 8732
2475 9126
2707 8327
3237 9905
2868 8493
3960 9574
4001 9600
2861 8458
2657 8268
3724 9378
2419 9026
3324 9933
3857 9506
2666 8287
3847 9531
2253 8847
2379 8961
3070 8626
2889 8452
3893 9594
2067 8769
2704 8393
4092 9633
2806 8343
3124 9815
2582 8304
2746 8401
2416 8988
2987 8645
3855 9568
2558 9102
4017 9666
2827 8574
3654 9279
2960 8464
3600 9363
2444 8970
2112 8909
3748 9258
3604 9371
2254 8799
3953 9696
3595 9368
3975 9490
3585 9371
3672 9412
2932 8682
3137 9953
3610 9400
3833 9311
2650 8427
3110 9879
2794 8280
3064 8524
3197 9928
3772 9222
3824 9293
3802 9242
3901 9724
2507 8969
3853 9679
3208 9803
3264 9736
3527 9998
3724 9282
3149 9886
3120 9957
2792 8201
2668 8335
2857 8641
2121 8864
2615 8411
2381 9123
4046 9534
4059 9507
2646 8363
3526 9926
2340 8743
2817 8196
3632 9526
4069 9453
2799 8679
3011 8394
3077 9993
2710 8603
2754 8655
3713 9619
3979 9368
2168 9070
3837 9707
2856 8254
3986 9349
2971 8332
2118 9052
3406 9811
3070 8412
2398 8823
2968 8371
4035 9455
3411 9854
2608 8478
2878 8198
2871 8205
2412 8785
3565 9936
3859 9261
2407 8738
2413 8746
3847 9293
2604 8550
2869 8318
2976 8430
2684 8499
3775 9709
3508 9958
3352 9804
2190 9179
2892 8217
2197 9154
2296 9120
2065 9032
3637 9580
3021 8342
3905 9250
2359 8786
2054 9057
2380 8747
3730 9727
2834 8319
2290 9116
3488 9934
2363 8776
2547 8841
3817 9618
2600 8616
3331 9857
2984 8235
2554 8830
2634 8654
3778 9541
3929 9423
2284 9083
4065 9340
3490 9730
3245 9996
3769 9496
2603 8584
2810 8542
2283 9038
3532 9829
3541 9852
2732 8454
2430 8916
2314 8871
2383 8930
2533 8788
3662 9720
3505 9734
2377 8944
2279 9053
2957 8243
2582 8617
2307 8898
2166 9140
3392 9862
3603 9690
3048 8230
3462 9801
2663 8629
2695 8533
3005 8296
2397 8839
2594 8641
3795 9520
2837 8433
2449 8801
3949 9372
2222 9050
2586 8687
3038 8231
4062 9250
3696 9613
4094 9216
3469 8589
3972 9092
3706 8827
2190 9354
2129 9303
3906 9028
3620 8749
4056 9170
2733 9894
3969 9105
3875 9014
3791 8920
3578 8675
3075 8222
3686 8824
3143 8291
3467 8621
3834 8912
2310 9515
3740 8876
2691 9908
3736 8870
3734 8873
2280 9376
3777 8842
2814 9902
3772 8938
2584 9806
3283 8328
3381 8554
2614 9833
2286 9393
3117 8269
3476 8694
2736 9942
2300 9364
2728 9923
2374 9514
2482 9694
3986 9212
3962 8981
2593 9810
3219 8428
2337 9633
2812 9848
2349 9641
2571 9869
2147 9459
3320 8296
2783 9805
2133 9409
2105 9377
3457 8472
2265 9280
2613 9903
2053 9381
2551 9558
3690 8910
3586 8871
3974 8995
2602 9868
3719 8749
3535 8549
3842 9134
3275 8293
2311 9655
3403 8696
3780 8817
3252 8195
3665 8934
3735 8751
3541 8559
3090 8360
2508 9591
3746 8733
2148 9383
2115 9354
2511 9477
2193 9307
3485 8528
2127 9345
3215 8285
2767 9753
3940 9148
3460 8539
3622 8902
2788 9732
3310 8207
4013 9033
3091 8438
2263 9265
3648 8885
2083 9435
3185 8334
2056 9463
2543 9450
2108 9524
3606 8963
4077 8950
3002 9895
3478 8329
3748 9147
2862 9738
3946 8780
3293 8693
4044 8933
2988 9861
2953 9888
3043 9928
3656 9059
3612 9015
3270 8680
3873 8719
3959 8792
3193 8523
3458 8368
2903 9827
3083 8508
3325 8644
4064 8921
2115 9593
2081 9574
3607 9054
3931 8720
3737 9174
3726 9182
3263 8686
2223 9725
2337 9336
2133 9486
3392 8221
4061 8891
3411 8245
3412 8252
2515 9401
3878 8780
2816 9835
3802 9134
3912 8766
3246 8664
2682 9997
3864 8803
3266 8638
3336 8310
2915 9756
4005 8747
2051 9617
3175 8689
2440 9246
3013 9823
3281 8522
2485 9259
4027 8728
2202 9532
3203 8491
2970 9776
3143 8684
3430 8395
3968 8751
3202 8496
2167 9668
2138 9699
3942 8925
3345 8365
3423 8416
3888 8946
3367 8420
2118 9605
3533 8203
4045 8708
3732 9055
2378 9351
4081 8737
3775 9069
3371 8444
3284 8463
2986 9841
2996 9832
2236 9569
3848 8918
4050 8717
2125 9646
2433 9316
2947 9828
3415 8379
3924 8890
2189 9592
2882 9911
3703 9103
2273 9500
2062 9715
2660 9314
4071 8685
2177 9866
4062 8659
2985 9639
3513 9131
3172 8818
2871 9505
2997 9634
3624 8200
2656 9289
4021 8600
3976 8634
3682 8278
2712 9379
3076 8769
3645 8315
3471 9158
2769 9373
2573 9308
2864 9572
3578 9135
3057 9636
3314 8868
3308 8885
3164 8705
2624 9248
3429 8967
4012 8648
3683 8198
3203 8933
3959 8479
3181 8708
3166 8756
3298 8846
3961 8468
3131 8789
3695 8193
3445 8986
3842 8562
3029 9638
3438 8987
3338 9084
3646 8263
3155 8750
3818 8297
2903 9683
3694 8417
3426 9203
2191 9757
2673 9444
2907 9670
2068 9865
3394 9181
3705 8422
3613 8380
2736 9239
3442 9176
2102 9885
3159 8955
3587 8368
2725 9238
2054 9906
3391 9098
3357 9125
2658 9432
2261 9751
3664 8338
4038 8449
3382 9208
3542 8985
2257 9729
2717 9294
2859 9726
3902 8676
4033 8474
3465 9045
3176 8840
3374 9162
3585 8420
3419 9138
3798 8250
2189 9852
3347 9186
3000 9549
2982 9555
2973 9579
3312 8712
2929 9608
2063 9997
2501 9927
2415 9834
3825 8692
3188 9074
3024 9438
3151 9024
2505 9945
2369 9813
2735 9658
4004 8381
2839 9228
3396 8805
2465 9859
2704 9651
2798 9677
2538 9935
3932 8306
3216 9125
3755 8596
4007 8423
2403 9760
3368 8812
3673 8477
2355 9853
2578 9544
2499 9884
2606 9550
2885 9254
3150 8996
3181 8961
2645 9528
3182 8984
3910 8241
3364 8796
2879 9283
2958 9458
2978 9439
4015 8236
2412 9967
2667 9711
2705 9497
3156 9178
3627 8612
3876 8374
2319 9879
3642 8613
2474 9739
2926 9420
3766 8469
3579 8799
3928 8435
2858 9350
3150 9185
3568 8768
3389 8846
3450 8908
3598 8628
2458 9761
3691 8662
2775 9577
3466 8757
2702 9551
3463 8773
3870 8413
3074 9153
2866 9462
3353 8925
3607 8658
2612 9713
2821 9408
2542 9762
3713 8527
3239 9064
2633 9625
2434 9808
3035 9217
2597 9668
3964 8345
3707 8605
3322 8980
3373 8927
3475 8800
3476 8803
3101 9185
3356 8928
2524 9761
3016 9271
4321 8417
5164 9256
4456 8548
4136 8248
4170 8283
5232 9315
4536 8620
4821 8899
5296 9383
4934 9057
5535 9652
4323 8396
5487 9536
4441 8553
4909 8990
4923 8968
4117 8225
5385 9535
5217 9305
4474 8513
4434 8556
5159 9241
4788 8948
4771 8935
5815 9970
5256 9421
4728 8754
4978 9017
5561 9717
4191 8210
5679 9855
5512 9691
4364 8539
5010 9157
4889 9025
5275 9413
4594 8592
5712 9778
5776 9971
5355 9356
5208 9264
5835 9890
5059 9128
5796 9929
5296 9411
4380 8553
5138 9317
4955 9004
5630 9603
5303 9265
4289 8262
5131 9347
4583 8557
4882 9118
4116 8325
4141 8378
5676 9915
5216 9467
5462 9674
6048 9985
4385 8579
5676 9871
5130 9388
5810 9754
4722 8923
4690 8953
5710 9954
4508 8497
4348 8275
5656 9911
5293 9218
4383 8620
4597 8514
5161 9374
5606 9553
6070 9996
5621 9545
5735 9947
5467 9701
4602 8507
5383 9669
5486 9645
5015 9044
5561 9596
4784 8828
5834 9735
5566 9570
4723 8854
4366 8677
4459 8603
5482 9627
5275 9320
4538 8521
4226 8316
4488 8330
4573 8414
4672 9032
5494 9343
4240 8602
4652 9023
5629 9448
5048 8877
5901 9749
4651 9011
5981 9792
4649 9012
5084 8898
5434 9253
6074 9882
4707 9027
4910 8718
5990 9794
5463 9330
5540 9359
4677 9079
5305 9612
6073 9863
4791 9096
6040 9946
5148 9567
5349 9635
5218 9508
4907 8802
5716 9988
6011 9770
5229 9522
5059 8860
4351 8604
5136 9587
4233 8672
5623 9370
5974 9764
5171 9540
4689 9002
5558 9269
4392 8366
4176 8666
4708 9199
5968 9948
4881 8832
4743 8982
5591 9295
4417 8409
4970 8946
5139 9609
5187 9695
5226 9719
4659 9109
4567 8304
4845 9031
4879 8866
4518 8214
4620 9142
5140 9642
6088 9847
4174 8588
4956 8862
4361 8398
5331 9497
4832 9005
5891 9937
4344 8490
4143 8697
5147 9676
5578 9234
4134 8700
4948 8840
4184 8582
5470 9344
5425 9425
4278 8532
5393 9458
4698 9145
4147 8660
6122 9731
4988 8854
4356 8425
5330 9532
5450 9395
5954 9913
4710 9112
6129 9712
5846 9428
5240 9850
5772 9348
4551 9166
4675 8266
5795 9385
4849 8446
4322 8941
4782 8353
5790 9361
4369 8960
5155 9776
5683 9254
4391 9021
5641 9237
5935 9523
5212 9793
4367 9007
4947 8563
6112 9666
6011 9561
5707 9325
4619 8237
5633 9256
5146 9771
5128 9788
4462 9046
4767 8357
5695 9220
4454 9051
5781 9387
4672 8318
4715 8276
4552 9207
5981 9502
5278 9944
4633 8273
4428 8962
6069 9723
4520 9208
5671 9334
4167 8729
5882 9374
4489 9209
5899 9599
4274 8903
4100 8818
4504 9184
5256 9971
5369 9849
6028 9481
5269 9746
4430 9159
4222 8947
4696 8405
5672 9403
4291 8791
5307 9759
4496 9017
5777 9272
5143 9895
5827 9335
4110 8888
4263 8733
6030 9524
5841 9323
5255 9788
6002 9673
5306 9733
4275 8716
4872 8649
5098 8488
4822 8223
4329 8738
4308 8706
4979 8619
4506 9026
4458 9139
5690 9441
5204 9864
5295 9842
4721 8337
5018 8571
4192 8833
4591 8972
5151 9976
5125 9954
4746 8290
4911 8645
4130 8910
4735 8336
5704 9401
5633 9463
4252 8804
4935 8639
4452 9117
4162 8895
4410 8762
5013 8341
4420 8772
4158 9020
5387 9737
4720 8566
5722 9554
4417 8779
4600 8947
4748 8583
4927 8239
4948 8259
5794 9653
4284 9127
4699 8518
5441 9823
5490 9811
5407 9789
5873 9683
5007 8356
6045 9398
4841 8647
4200 9048
5992 9304
5690 9483
4455 8790
5669 9491
5112 8384
4577 8923
5708 9590
5569 9978
5864 9641
4149 9085
5101 8358
4729 8500
5116 8369
4753 8670
4877 8285
5424 9826
5972 9216
4457 8764
4312 9103
4924 8295
5439 9825
4374 8777
4928 8224
4158 9054
5826 9635
4682 8489
5008 8435
5091 8334
5732 9492
5821 9672
4497 8937
6095 9399
4601 8832
4201 8982
5906 9375
5046 8251
4488 8728
4247 8965
5496 9966
4831 8573
4425 8943
5104 8280
4807 8558
4203 9152
4293 9067
4133 9111
4777 8474
4285 8969
5713 9703
5819 9473
4979 8392
4665 8697
6067 9330
5605 9767
6051 9312
4175 9099
4546 8710
5705 9613
4105 9167
4841 8494
5778 9560
6056 9339
4426 8853
4846 8460
5103 8200
5564 9812
5353 9988
4314 9013
5412 9943
5094 8211
5028 8274
4816 8487
5880 9487
4820 8495
6030 9331
5959 9028
4836 9952
5666 8743
4250 9360
4427 9537
5603 8685
4803 9937
4512 9655
4607 9704
6041 9088
5531 8635
4621 9773
5123 8226
4293 9447
4406 9493
4544 9702
5179 8220
5525 8613
5628 8652
5586 8673
4247 9380
4181 9324
4296 9459
5980 9059
5819 8836
4166 9221
4302 9353
5233 8246
4383 9557
4854 9914
5665 8815
4370 9536
4377 9546
4800 9880
5324 8341
5236 8238
5957 8985
6000 9005
5745 8748
4230 9433
4754 9968
5551 8649
6102 9136
4598 9617
4463 9478
5739 8704
6021 9198
4609 9846
5811 8900
4750 9974
5141 8303
5714 8913
4225 9221
4813 9797
4315 9297
5788 8727
5316 8271
5469 8657
5948 9139
5860 8822
5864 8828
4577 9588
4225 9245
4371 9614
4346 9306
4726 9940
5620 8535
4701 9973
5467 8691
6089 9058
4761 9769
4681 9982
5257 8254
4553 9585
4220 9404
4592 9520
4330 9263
4579 9510
5886 8756
4570 9494
5744 8864
5270 8256
5541 8562
5748 8867
4441 9601
4596 9518
5584 8458
5125 8414
4593 9517
5579 8490
4423 9638
4359 9700
4140 9416
6008 9118
5612 8453
4283 9298
5565 8534
4532 9567
4584 9496
5207 8357
5420 8671
5772 8831
4305 9252
5478 8595
4406 9664
5435 8652
5357 8213
5414 8224
5524 8351
5001 9858
5618 8446
4936 9797
5150 8460
5291 8627
5231 8563
5188 8538
4546 9437
5092 9924
5542 8327
5825 9191
5421 8196
6043 8882
4161 9581
5770 9127
5055 9872
4173 9597
5859 9168
5783 9122
5777 9124
4998 9904
5613 8401
4941 9843
4962 9820
5650 9042
5610 8354
4182 9477
6130 8865
4593 9381
4196 9521
5108 9891
5924 8831
5964 8722
4270 9712
4394 9290
5384 8299
5751 8988
5405 8307
4277 9669
4581 9361
5301 8642
5504 8441
5096 9878
5273 8476
5608 8305
4516 9274
4945 9934
4952 9976
5669 9095
4944 9972
4494 9248
5453 8443
5743 9176
4121 9632
5507 8249
5077 9833
5123 8643
5497 8379
5152 8679
5178 8691
4230 9548
5529 8276
5926 8951
5145 8648
5218 8624
5340 8463
5485 8373
4976 9897
4118 9679
4310 9484
5800 9075
5576 8214
4294 9511
5327 8491
5305 8540
5328 8506
6125 8710
4232 9572
5285 8529
4132 9682
5016 9838
5037 9812
6119 8734
4231 9598
5414 8412
5654 9195
5780 9066
5896 8456
5719 8277
4924 9530
5760 8329
6076 8627
4782 9404
5712 8260
6080 8668
4259 9919
5764 8346
4735 9310
6072 8602
4280 9882
5696 8290
4290 9962
4202 9798
5418 8966
5436 8972
6126 8669
5698 8311
5975 8544
5336 8935
4869 9530
4801 9344
5682 8288
5659 8264
5110 9637
5496 9003
5400 9036
5282 8957
5976 8497
4254 9975
6074 8656
4266 9921
4164 9768
5030 9672
5270 8952
5609 9115
5802 8408
4641 9298
5073 9639
6078 8644
5039 9684
6060 8657
5617 9074
5263 8715
6019 8467
5468 9160
5995 8703
4229 9744
4743 9240
4860 9309
5312 8805
5910 8637
5941 8601
5685 8347
4150 9860
5010 9511
4862 9286
5917 8609
6138 8518
4789 9333
5688 8440
4851 9266
5445 9094
5419 9199
5436 9210
4135 9953
5234 8892
4626 9410
5260 8798
5548 9080
6060 8560
5879 8235
5336 8709
5311 8801
4639 9471
6082 8480
5114 9502
5692 8409
5984 8581
4784 9304
6042 8561
5176 8917
4756 9339
5468 9135
5786 8288
4938 9288
5801 8609
4365 9733
6009 8311
4489 9881
4983 9319
4974 9328
4984 9318
4633 9535
5999 8262
4995 9386
5285 9097
5358 9155
4528 9887
5021 9389
4786 9614
6065 8333
4358 9785
5640 8523
4413 9854
5167 9066
5379 8774
5958 8204
5041 9471
4657 9599
5253 9162
4543 9967
4435 9730
5095 9398
4412 9832
4815 9622
4415 9824
5897 8278
5036 9420
4718 9484
5980 8249
5833 8623
5921 8267
5244 8983
5041 9436
5848 8631
4572 9900
4448 9750
5954 8245
4915 9291
5342 9126
4429 9780
4688 9514
6008 8197
5130 9079
4680 9674
6033 8212
5922 8356
4682 9665
4554 9793
4475 9975
5552 8765
5074 9284
5599 8777
4918 9391
5750 8684
4415 9893
4588 9847
4256 9985
5104 9299
5488 8915
4376 9917
5419 8844
4587 9799
5290 8987
4859 9545
5387 8893
4526 9752
5618 8778
4669 9600
5950 8321
4688 9616
5938 8447
6018 8272
5364 8998
5944 8427
6095 8218
5589 8707
5524 8821
4801 9513
5709 8612
4912 9434
4965 9358
4918 9433
5517 8829
4525 9822
4991 9355
5017 9327
5242 9101
5638 8689
5106 9226
4469 9871
7864 9912
6238 8284
6317 8367
6811 8857
7289 9343
6986 9050
6319 8380
7905 9973
7476 9504
6801 8838
7517 9542
6504 8520
7634 9718
6299 8381
7596 9604
7536 9560
6302 8373
6794 8894
6206 8199
6495 8550
7876 9983
6403 8515
7841 9952
7029 9012
7078 9188
6669 8782
6690 8811
7552 9675
6362 8340
7842 9965
7770 9738
7698 9796
7197 9287
6207 8291
7192 9341
7367 9389
7146 9114
7526 9495
7705 9839
6867 8872
7723 9815
7503 9521
6617 8614
6942 9119
7626 9539
6232 8402
7593 9507
6991 9156
7047 8971
7828 9728
6219 8413
7787 9980
6353 8264
6374 8319
6643 8535
7373 9318
6382 8259
7402 9287
6609 8552
6783 8901
6230 8428
6960 9099
8120 9989
6828 8812
7287 9395
6755 8870
8129 9990
6738 8856
7661 9505
6661 8904
6590 8560
6403 8653
6194 8423
6292 8271
6351 8209
7057 9072
6355 8244
7462 9678
7670 9501
6940 9207
6766 8834
6733 8867
6174 8433
6951 9171
7915 9758
6755 8858
7193 9501
6287 8586
6258 8567
7501 9291
7335 9646
8165 9966
7627 9414
6284 8578
7182 9473
6683 8971
7364 9686
7452 9226
6635 8444
7039 8808
6633 8432
7965 9728
6822 9147
7065 8839
6683 9019
6929 8753
6933 8766
7410 9694
6873 9192
6880 9172
7066 8878
6525 8263
6289 8621
6728 9077
7670 9419
6563 8350
8144 9874
6680 9040
7411 9656
7589 9451
7608 9451
6532 8403
7371 9616
6522 8230
6707 9071
8120 9956
6735 8979
7342 9715
7776 9986
6577 8402
7342 9673
6161 8569
6228 8509
6419 8314
6761 8963
7226 9552
8084 9977
7346 9693
7460 9302
6848 9144
7190 9576
7107 8892
8159 9820
7604 9276
7434 9351
7408 9598
7386 9556
7141 8820
7280 9706
8191 9829
6977 8924
6228 8695
7281 9686
7246 9702
7288 9685
7450 9396
7614 9225
7961 9891
6816 8991
7530 9384
7987 9969
6922 8905
6307 8551
6704 9204
7481 9470
6648 8255
6611 8217
7654 9269
7105 8722
7151 8760
7580 9285
7198 9667
6809 9081
6912 8931
6562 8267
6473 8359
7165 8723
6650 8202
6378 8473
6689 9174
6507 8348
8028 9899
6720 9144
7223 9678
7551 9345
7238 9657
6177 8736
7428 9991
6999 8530
6323 8884
7070 8598
7129 8658
8009 9538
6927 8449
6802 8322
6965 8481
8020 9539
7707 9219
7922 9452
6492 9027
6264 8796
7111 8672
7967 9525
7166 8661
8027 9589
6388 8922
6530 9133
8143 9727
6297 8872
7473 9986
6951 8476
6592 9214
7171 9792
6418 9041
6758 8227
6230 8723
7021 8484
8098 9709
6260 8741
7378 9856
7886 9369
6706 8302
6174 8768
7378 9907
6805 8445
6640 9112
7252 9784
8081 9725
6693 8265
6820 8392
8054 9499
8115 9692
7729 9310
6488 9000
6286 8958
7769 9260
6966 8512
7086 8663
6658 8313
7881 9394
7730 9394
7838 9244
6311 8737
7960 9621
8079 9498
8093 9480
7417 9839
6964 8610
8179 9573
7873 9307
6576 9002
6639 9037
7795 9424
6330 8729
7134 8570
7233 9957
6178 8836
7822 9255
7354 9740
6357 8814
6290 8750
6181 8859
6182 8932
7103 8572
6791 8258
7028 8634
6507 9136
6439 9209
7357 9821
6750 8375
6944 8650
6431 9202
7299 9836
8040 9626
7753 9405
7319 9825
6529 9082
7090 8525
7598 9900
7885 9671
7074 8361
8042 9313
6624 8940
7531 9830
7492 9814
6516 8808
7061 8328
8093 9346
7747 9564
7728 9488
7089 8347
7070 8370
7478 9735
7988 9223
7743 9479
7720 9490
6804 8622
8061 9286
6422 8746
6420 8788
7120 8337
6769 8496
8024 9244
8167 9378
7634 9876
7862 9724
6594 8845
7886 9601
7973 9332
8142 9373
7012 8247
7541 9766
6430 8779
8066 9434
6894 8629
7719 9593
7877 9627
7555 9955
6448 8792
6399 9104
7520 9745
7036 8206
7527 9747
6294 9184
8135 9392
8022 9249
6459 8771
6775 8461
6850 8637
7026 8205
7680 9604
7004 8410
6182 9130
6974 8363
7466 9916
7619 9816
7489 9946
6547 8712
6663 8608
6806 8510
7474 9862
7975 9362
6242 9173
6157 9140
7676 9799
6183 9116
6716 8578
7620 9851
7037 8383
6732 8584
6510 8875
6170 9180
6356 8986
6246 9142
6281 9040
6277 9049
6777 8615
8023 9352
6958 8394
6699 8642
7799 9626
6711 8665
6206 9163
6327 9025
6877 8484
8083 9321
6441 8918
6556 9624
7463 8482
6785 9865
6718 9780
7632 8667
7889 8901
7281 8292
7358 8361
8142 9172
7423 8418
6672 9743
7600 8593
7738 8731
7779 8772
7770 8819
7340 8326
7855 8833
6254 9281
7638 8677
6497 9561
7960 8993
7522 8536
7970 8984
7326 8352
6872 9959
7726 8815
6769 9779
7760 8724
8129 9094
8050 9019
7852 8928
6324 9467
6607 9630
6522 9512
7320 8395
7656 8636
6725 9757
6217 9232
6391 9390
7361 8344
6534 9692
7019 9995
6745 9785
8005 8996
7763 8757
7441 8569
6410 9569
7651 8591
6332 9425
7765 8742
7964 9064
7480 8525
7346 8388
7584 8666
6354 9390
7593 8489
7237 8385
7218 8372
7348 8243
7958 9115
6632 9575
7455 8590
6390 9326
8019 9167
6519 9706
6642 9581
6854 9831
6890 9804
7772 8944
6212 9460
6418 9634
7469 8596
7947 9137
7445 8617
6509 9680
7108 9998
7328 8301
8063 9137
7199 8397
6889 9786
7509 8585
7847 8824
7994 9189
6625 9475
6402 9697
7948 9192
6587 9565
7537 8600
7740 8913
7829 8826
7167 9995
6897 9740
7937 9214
7699 8940
6193 9422
6202 9533
6524 9335
8121 8882
7449 8215
6420 9242
7791 9056
6638 9468
7546 8302
6432 9268
7251 8520
6215 9564
6569 9397
7949 8720
7436 8210
6261 9578
7993 8735
7212 8459
7418 8669
7474 8219
6988 9830
7872 9194
7798 9051
7403 8667
6214 9588
7915 9177
8141 8952
6621 9443
7062 9939
8052 8754
7019 9762
6564 9449
6370 9648
6163 9541
7685 9043
7585 8438
7694 9071
7835 9210
8171 8842
6644 9367
7302 8674
8180 8848
6363 9663
6277 9698
7262 8503
7382 8639
7749 9006
7011 9742
6962 9821
7769 9001
6150 9589
8098 8919
6520 9231
7446 8289
6357 9647
7404 8558
7271 8675
6324 9522
7865 9023
7456 8364
8076 8705
7644 8270
6396 9579
7814 8990
6265 9696
8102 8761
7613 8220
6398 9565
7148 9802
6572 9227
6824 9984
6373 9547
7718 9109
6401 9400
6322 9486
7657 8232
7677 8255
7360 8451
7739 9215
7945 8896
6369 9517
6326 9595
6190 9721
7448 8385
7437 8404
7147 9783
6948 9978
6631 9273
6451 9426
6291 9585
7589 8257
6900 10000
7597 8261
6412 9440
7437 8419
7376 8511
7381 8487
7963 8937
7038 9869
7020 9881
7969 8916
6424 9454
7981 8922
6214 9661
6710 9268
7224 8763
6682 9246
7057 9620
6280 9870
6349 9930
7472 9015
6247 9836
6380 9955
7501 9055
7006 9547
7671 9194
6278 9880
7920 8431
7023 9584
7994 8475
7309 8874
6274 9898
6342 9964
7507 9087
6153 9764
7567 9121
6378 9925
7758 8317
8180 8653
6244 9822
8045 8534
7963 8486
7595 9193
7918 8364
6829 9441
7058 9693
7773 8207
6667 9305
7429 9043
7186 8817
8027 8498
7544 8983
8025 8493
7056 9701
6367 9896
6337 9918
7662 9070
7612 9020
7833 8221
6241 9959
7986 8628
6804 9234
8051 8692
6762 9442
6789 9228
7848 8253
6760 9470
6857 9302
7990 8595
8160 8522
6231 9980
7035 9687
6969 9620
7059 9533
7567 9018
7845 8208
6926 9656
6300 9771
6985 9716
7617 9086
7575 9045
6803 9303
7024 9663
6657 9427
6783 9386
7420 8740
7856 8297
7607 9069
6789 9306
6996 9611
7985 8659
7739 8408
6943 9722
7238 8865
7230 8919
6196 9950
7270 8845
6828 9281
7940 8694
6851 9270
7525 9107
7684 8441
7956 8683
7928 8696
7189 8989
7636 8926
7087 9377
7256 9047
6955 9252
6616 9931
6583 9889
6544 9867
6684 9472
8152 8440
7166 9439
6676 9526
7194 9022
6810 9660
8121 8351
7546 8790
6834 9628
7347 9090
7224 8973
7741 8459
6932 9262
7694 8498
8048 8242
7077 9446
6724 9474
7793 8506
7038 9262
6506 9779
6990 9236
6987 9239
7390 9091
6668 9553
7121 9356
8034 8194
7327 9212
6764 9481
7628 8874
7918 8580
7201 9042
7572 8929
7910 8593
7040 9465
7806 8455
8151 8362
6852 9657
7318 8980
6778 9721
7098 9277
7292 9211
8147 8282
7643 8791
7610 8759
8099 8236
7712 8625
7952 8330
7178 9108
7560 8736
6461 9873
6527 9938
7925 8519
7128 9322
6521 9932
8135 8306
7491 8954
7184 9131
6656 9659
7815 8504
6915 9408
7778 8623
7471 8956
7183 9179
6468 9875
7483 8921
7811 8557
7104 9267
7828 8551
7245 9145
6514 9863
8110 8279
7929 8451
7786 8599
8128 8253
