100 100
48 50
1 5
2 7
84 92
71 78
65 72
5 15
19 24
49 60
55 56
8 24
71 86
9 29
43 62
35 54
32 54
76 91
39 48
70 95
45 52
4 31
69 94
77 86
46 51
6 27
9 23
76 83
12 45
29 60
65 98
22 50
6 32
3 37
1 40
22 58
20 57
30 51
26 55
19 61
20 59
78 97
83 99
31 47
7 53
87 99
11 62
27 46
25 33
21 44
16 41
17 43
28 38
90 97
10 52
18 82
25 89
30 92
12 79
28 88
18 87
21 80
4 66
8 79
14 70
3 73
17 93
14 67
13 66
11 68
10 94
16 73
2 88
59 96
63 100
61 96
23 74
13 82
36 68
41 72
35 64
34 69
42 77
58 80
15 98
47 93
56 74
39 85
40 91
33 84
38 81
57 67
49 75
36 95
34 89
44 81
26 100
53 75
63 64
42 85
37 90
