1000 1000
12 13
545 547
189 190
704 709
865 868
683 686
497 502
777 782
947 948
657 662
32 39
200 207
261 269
517 524
160 170
980 991
401 410
246 253
167 170
644 650
326 328
2 19
224 242
328 346
301 318
747 766
933 944
737 759
740 754
192 215
294 305
482 501
71 94
866 891
812 822
846 850
7 25
878 881
917 951
521 555
601 635
899 934
214 243
265 303
323 357
918 945
148 188
848 889
283 305
268 289
576 622
923 949
204 226
74 101
27 46
653 696
785 807
853 867
404 419
536 544
208 233
903 957
450 510
771 830
512 573
339 366
80 110
580 634
186 248
819 886
275 342
903 961
927 983
402 475
61 119
430 484
131 200
541 588
808 890
916 966
17 66
12 95
566 610
924 968
829 872
278 320
649 734
692 748
269 341
42 115
910 981
664 708
690 751
902 984
813 882
45 114
300 333
520 618
163 192
780 873
433 470
799 888
181 210
540 631
693 728
959 977
186 213
807 855
291 337
32 82
698 713
154 239
560 582
297 350
529 616
4 126
314 321
646 762
531 622
824 838
645 762
355 483
356 484
836 965
306 435
293 420
792 922
591 715
565 689
17 148
796 922
49 183
310 445
123 247
553 678
357 501
382 492
551 692
271 411
21 131
78 217
107 252
65 221
380 480
606 707
69 219
313 422
279 392
869 965
803 899
783 940
125 216
366 459
321 486
81 249
586 739
774 941
621 705
79 225
291 396
284 431
1 178
593 741
46 155
539 685
850 996
781 954
613 722
85 235
90 229
359 472
607 736
86 150
8 202
832 898
304 498
611 672
115 176
843 911
853 912
383 441
36 226
272 471
575 759
769 970
25 210
788 984
379 438
19 195
352 434
112 163
48 228
572 745
256 469
877 955
855 896
122 173
842 925
4 220
31 198
557 758
311 491
372 424
768 989
276 457
631 682
569 742
579 668
90 187
273 499
552 716
527 745
581 675
30 248
330 428
529 758
840 928
638 662
70 172
278 509
73 165
296 452
263 490
98 143
93 176
123 149
64 175
532 763
600 680
124 142
120 139
608 660
63 203
599 674
379 397
9 255
845 954
377 385
630 655
299 466
797 996
587 689
619 663
575 706
598 683
264 502
59 197
654 910
158 414
521 776
554 808
735 988
577 834
673 930
538 798
235 494
537 799
514 778
543 790
124 373
37 303
129 395
674 937
145 413
84 345
590 835
594 860
85 347
555 826
184 426
6 274
73 348
554 831
254 488
143 409
10 284
211 452
525 794
75 336
118 362
707 990
703 928
24 263
533 821
523 810
756 981
54 279
218 507
108 334
568 796
38 258
534 819
36 258
30 311
89 371
3 302
240 477
237 448
670 947
592 893
216 503
559 768
552 775
89 361
105 347
573 777
732 1000
184 397
556 793
619 861
522 829
582 881
203 508
639 838
648 945
61 257
612 858
213 490
153 473
136 456
572 894
548 871
767 956
227 423
29 344
241 436
233 431
551 865
40 354
65 266
102 298
542 851
244 441
153 471
750 956
574 876
756 935
97 309
585 797
741 944
526 852
222 389
633 802
647 987
145 461
2 351
543 832
229 389
154 504
38 324
142 493
752 915
56 348
231 386
643 998
635 798
206 427
254 408
687 969
52 338
191 472
20 381
559 836
615 780
725 958
250 401
105 260
140 481
198 427
556 834
533 869
636 781
697 973
57 335
670 1000
146 485
656 999
109 276
721 936
253 388
236 405
94 292
202 433
31 356
13 368
590 816
103 281
763 901
649 779
695 820
69 449
245 369
206 331
255 377
603 978
182 316
217 339
685 800
249 374
518 919
699 810
520 921
24 395
245 358
21 390
80 453
522 927
251 365
165 307
18 388
690 804
247 352
719 856
688 809
75 466
166 317
644 792
702 802
218 324
566 918
547 898
761 856
127 477
562 912
681 779
679 772
747 847
642 806
107 463
179 277
519 929
726 895
134 301
563 920
9 421
113 476
162 271
640 814
666 821
28 428
112 449
731 873
23 421
757 839
234 350
6 432
140 314
104 479
126 455
91 482
661 814
715 887
11 439
564 905
156 290
615 985
737 863
728 870
83 403
727 789
607 924
168 364
542 986
169 364
584 909
765 826
84 413
514 968
679 875
50 511
181 376
164 361
205 259
643 844
95 399
658 835
632 939
714 793
657 837
204 280
608 949
15 473
26 450
147 329
744 820
147 332
742 775
121 411
761 795
597 946
99 394
42 451
161 331
122 406
201 292
699 854
546 975
561 961
531 994
667 874
765 783
78 444
34 465
10 505
180 320
750 794
53 451
548 978
757 770
640 888
764 773
35 474
99 409
100 415
190 325
578 958
51 462
706 828
565 970
766 769
368 880
383 893
212 727
87 596
344 859
464 979
469 976
141 651
420 931
312 816
437 953
219 724
100 628
444 942
309 801
207 730
415 904
168 703
384 919
378 866
306 811
287 774
92 576
58 549
125 605
340 884
18 562
27 570
424 906
104 587
1 549
336 885
342 880
87 624
277 818
82 629
256 809
244 733
252 726
37 526
133 686
495 962
132 682
232 710
349 882
236 733
166 660
177 645
179 647
97 599
55 513
113 584
172 661
363 849
393 948
146 684
337 785
185 760
399 974
48 627
494 938
457 908
20 594
152 735
47 616
45 618
41 609
259 843
464 923
283 854
460 897
191 754
262 840
151 711
92 524
282 842
436 997
222 652
343 772
241 676
180 738
26 588
468 908
111 567
272 841
77 535
353 827
440 997
447 992
5 602
173 717
243 659
371 787
430 974
137 744
385 992
152 764
50 598
313 863
11 621
262 879
462 932
297 837
274 892
77 546
246 665
376 778
418 977
29 617
400 998
351 806
408 995
437 971
76 716
128 513
487 868
237 617
187 574
160 550
88 720
442 818
454 846
511 885
335 964
22 666
412 786
440 823
260 907
294 950
438 805
242 609
159 523
407 770
22 641
116 749
221 583
325 985
382 994
205 595
446 800
120 730
3 672
422 773
68 743
188 536
360 972
410 831
39 642
406 817
315 914
454 876
375 986
79 736
308 900
101 725
234 603
267 959
289 916
182 512
130 564
196 637
425 786
354 991
118 712
507 827
288 993
412 862
445 895
500 823
47 748
195 519
488 815
496 825
478 791
286 979
286 975
108 696
91 654
231 561
369 934
41 753
194 539
393 851
169 626
189 614
96 700
121 676
285 960
465 782
144 625
435 848
149 624
54 734
510 788
34 712
353 906
178 578
403 871
70 691
53 704
359 913
183 577
296 976
228 540
174 596
60 711
432 845
317 960
374 904
128 638
199 568
62 830
135 902
381 636
459 714
478 732
134 900
136 907
194 966
76 841
33 804
158 921
106 877
193 972
489 740
264 518
282 532
475 724
157 914
287 528
363 633
257 530
185 940
174 952
88 833
43 817
390 669
338 585
111 883
130 926
495 755
365 626
144 911
453 743
66 864
127 859
51 791
404 688
266 557
298 525
458 738
300 516
86 892
456 739
310 538
106 839
481 719
57 790
132 939
340 614
58 776
240 964
386 694
370 580
280 558
341 610
362 595
391 701
323 639
417 668
81 879
373 586
225 929
322 515
239 937
157 987
508 698
223 920
232 943
387 708
480 681
416 746
238 932
96 811
265 581
496 700
506 693
16 833
461 671
447 749
485 694
109 825
138 989
448 663
497 680
394 723
360 563
467 648
468 650
270 623
315 600
491 655
93 824
28 890
62 857
446 729
114 795
470 701
467 702
416 718
164 971
372 516
295 597
56 844
268 632
214 930
503 641
211 933
14 889
161 982
285 613
230 925
196 953
201 951
334 718
67 962
175 813
400 530
43 936
326 709
135 771
333 713
150 784
423 545
505 625
230 878
509 628
68 973
215 860
398 517
72 963
429 544
238 864
275 669
44 931
72 967
52 955
425 569
227 883
460 604
355 753
318 684
476 591
116 999
486 629
40 957
261 658
139 787
199 862
55 942
138 784
14 917
417 570
329 722
307 687
177 815
49 943
319 671
439 535
304 656
103 967
434 534
426 527
443 541
35 901
220 884
16 952
59 915
346 755
193 872
474 627
133 812
212 894
499 606
290 652
458 612
391 553
479 623
141 828
319 653
463 637
370 705
295 659
498 583
223 874
7 946
208 870
396 571
270 697
443 515
102 990
327 767
224 857
407 558
209 875
375 717
367 723
267 695
117 969
493 593
156 801
23 938
487 602
483 605
281 729
67 897
83 913
151 852
110 941
398 589
74 905
209 789
322 646
137 847
71 896
171 867
367 677
308 760
405 601
64 909
119 935
5 983
330 665
8 988
98 950
316 746
429 634
312 751
392 592
250 803
489 560
492 567
380 673
504 550
251 805
60 995
327 664
273 752
33 963
159 887
63 982
506 528
117 926
155 886
500 537
299 710
15 993
418 589
387 620
288 720
402 611
378 651
414 620
197 822
343 675
293 721
302 731
384 630
44 980
442 579
129 891
171 849
349 678
455 571
345 677
167 858
358 667
162 861
332 691
419 604
