10000 9999
3218 3222
2336 2341
9090 9095
7064 7069
1040 1045
9208 9215
3699 3707
9524 9534
3328 3339
1399 1402
3175 3178
915 924
4526 4542
2349 2364
7106 7120
3970 3990
9252 9264
745 765
3404 3417
7174 7184
5218 5237
1865 1886
8428 8436
2305 2331
4545 4573
8128 8158
8101 8123
7560 7592
4511 4543
1433 1465
8351 8383
7554 7587
8142 8172
9106 9137
3678 3709
5080 5115
5122 5158
5791 5818
1050 1084
9609 9646
5725 5754
7323 7356
5720 5745
972 997
3804 3831
4255 4272
7431 7464
4551 4599
3288 3306
9687 9701
7646 7660
783 827
6337 6388
6168 6190
6605 6645
6040 6048
9878 9900
8335 8373
7581 7591
1033 1076
6912 6975
2610 2675
5254 5316
9860 9926
524 591
808 875
7341 7403
571 636
6274 6346
21 93
4406 4478
267 323
1713 1787
6031 6085
2103 2172
1310 1365
4280 4340
7456 7533
3211 3270
6448 6526
655 704
8627 8675
523 600
8494 8573
2367 2409
2974 3017
5136 5191
4268 4340
6187 6258
2111 2150
5896 5970
4287 4323
4767 4803
7810 7900
9767 9849
8840 8919
5547 5620
9220 9307
9622 9673
4618 4693
1957 1991
1436 1534
6798 6886
9761 9802
7594 7617
947 991
7975 8010
5795 5837
3255 3288
4638 4721
8224 8272
913 993
4992 5106
309 326
2311 2418
2193 2279
9488 9574
9015 9025
1703 1744
5939 5956
6036 6124
1069 1108
8978 9067
4658 4680
3483 3553
7079 7132
9346 9470
8114 8142
6702 6738
1811 1902
307 435
9334 9462
577 704
1907 2033
4977 5108
873 1007
817 951
5958 6081
887 1023
5431 5567
1616 1753
3371 3489
5247 5365
9478 9613
2875 2999
3167 3281
9491 9629
9483 9604
1059 1196
1843 1953
817 932
1803 1948
7804 7915
8728 8833
5693 5798
1571 1726
9278 9374
7434 7592
3388 3480
9535 9627
3874 3974
7949 8104
6498 6596
4371 4533
8985 9151
822 913
7245 7402
8019 8187
1344 1512
9021 9109
258 427
3928 4081
1851 1937
2678 2781
3148 3303
7484 7569
4644 4746
2101 2203
2562 2732
1126 1225
8734 8881
9777 9857
8749 8861
7512 7656
1305 1449
9589 9668
4389 4503
3674 3816
6493 6632
2378 2559
618 732
8053 8140
8007 8189
3414 3564
7487 7555
3933 4065
7965 8096
9032 9205
335 496
4957 5020
9581 9644
8544 8609
7680 7874
3096 3291
90 153
8203 8399
9827 9893
8723 8917
286 471
6266 6323
256 459
339 415
2588 2768
882 959
4110 4318
530 707
1122 1203
87 133
8545 8626
5680 5859
3173 3249
2612 2784
6955 7165
1617 1670
5994 6067
9337 9378
5238 5290
8216 8388
5439 5602
6247 6330
2412 2482
589 684
7264 7298
6481 6579
6710 6868
2845 3071
6713 6875
7964 8191
5380 5601
3866 4082
4167 4269
6194 6367
9508 9675
4472 4488
9561 9641
8223 8430
7424 7667
7790 7837
8966 9202
3915 4030
4723 4742
9261 9432
6749 6826
3328 3576
6506 6547
1149 1158
4915 5071
9221 9464
9026 9149
5249 5504
615 869
1271 1525
5209 5466
2582 2834
6265 6525
4269 4520
6871 7121
5160 5423
4186 4445
4337 4598
8839 9102
4739 5001
8223 8468
2228 2488
8774 9035
5783 6042
9418 9669
4133 4405
7811 8081
1182 1421
2146 2422
7405 7673
6708 6944
5288 5564
5315 5590
2246 2515
6305 6582
7825 8070
1170 1413
4702 4934
8765 8997
2167 2414
6782 7015
9391 9653
9354 9616
8411 8641
3656 3923
1259 1520
6790 7069
9404 9632
3647 3875
6191 6451
2645 2888
3722 3988
9449 9675
48 279
6185 6414
3595 3884
5362 5595
5186 5483
4842 5059
5151 5428
4710 4941
6864 7142
6892 7131
5840 6119
6190 6425
7857 8074
9340 9537
9464 9669
4816 5102
6386 6604
2219 2539
2612 2932
9262 9582
9237 9559
2205 2521
1037 1355
8229 8557
5204 5404
5698 5898
5304 5617
7796 7997
7224 7537
5298 5627
8777 8960
3648 3852
6707 7037
8367 8672
5824 6032
6688 7026
1063 1397
3205 3543
8823 8994
2176 2518
6176 6519
6328 6639
1054 1350
2263 2446
8893 9190
203 400
6900 7081
8271 8466
7920 8110
3167 3329
5794 6083
8870 9156
9283 9511
3724 4072
3746 4042
3673 3888
2687 2837
6368 6539
8310 8477
178 473
8398 8609
4138 4442
4863 5007
4142 4447
9233 9572
9308 9513
1584 1862
3118 3416
2050 2421
5874 6021
6323 6603
3128 3394
9301 9519
8923 9120
2770 2990
3133 3393
3830 3979
3326 3456
4259 4573
1276 1410
3256 3527
557 941
6310 6438
6742 7125
8871 8996
6847 6971
2110 2490
8827 9213
3232 3366
4247 4369
7178 7565
164 300
1779 1914
2255 2373
1682 1816
4111 4485
2608 3004
4216 4596
6345 6468
3079 3464
7818 7941
2726 2871
2563 2961
7169 7571
4206 4605
1731 1878
2141 2506
9218 9621
7690 8080
2105 2469
4333 4465
9260 9649
5313 5471
8903 9048
8374 8470
1635 1986
211 370
1124 1478
4131 4481
5879 5973
1 421
4144 4500
2636 3044
3252 3356
8782 9188
5638 6060
5253 5422
9216 9643
3162 3569
2266 2420
7751 8183
533 934
5146 5545
5872 5957
9398 9472
5266 5412
1031 1456
145 294
5842 5994
9414 9599
3757 3860
4261 4383
3800 3938
2051 2495
3605 4008
585 1012
8743 9190
9447 9509
1178 1374
1074 1526
5648 6100
6802 6999
5364 5425
1760 1830
5756 6074
2581 3037
3799 3869
5289 5474
7366 7437
2241 2314
5352 5412
6803 7006
686 864
3239 3433
9343 9647
5133 5598
8430 8509
8439 8484
6693 7153
1093 1425
7729 8165
5837 5912
6679 7104
5240 5551
3264 3352
7259 7553
2182 2397
3799 3851
4172 4497
1261 1328
1628 1922
6246 6584
6818 6979
6253 6543
8848 9074
9409 9506
3202 3430
4127 4602
4786 4951
7194 7677
3802 3901
1257 1281
5270 5502
68 431
1230 1314
7250 7612
124 396
2270 2350
6807 7015
3117 3549
2658 2960
4707 5009
1588 1984
7782 8081
242 265
5756 6023
2188 2416
3638 4040
2650 2981
2519 3030
2322 2838
7629 8138
2163 2687
1324 1825
1210 1719
6285 6787
4297 4824
8338 8835
8353 8883
8245 8743
6311 6837
6232 6733
4376 4877
384 918
7189 7693
6304 6840
6218 6739
4391 4925
2411 2929
5414 5949
3486 3970
160 700
2178 2719
2107 2598
7536 8046
3497 4022
7212 7731
7453 7995
11 556
216 752
5224 5697
6570 7040
8448 9005
1387 1862
2346 2823
2251 2788
4171 4708
5166 5633
8387 8946
5585 6115
4386 4880
324 887
8589 9150
8263 8819
172 664
4364 4922
8220 8746
427 915
1306 1826
2557 3013
1148 1604
2206 2727
1198 1687
6144 6715
6321 6794
366 851
4176 4717
478 926
5383 5955
3207 3778
5479 5935
1141 1596
6514 6968
508 950
8560 9020
2291 2751
8291 8750
382 819
9456 9919
135 725
4321 4786
285 846
2399 2828
8414 8845
8571 9007
7492 7952
1417 2013
5129 5724
3449 3884
382 809
9557 9986
4123 4684
4414 4967
8607 9156
5461 5941
2348 2894
1246 1725
1395 1815
3197 3611
5470 5943
4379 4978
7366 7855
2429 2836
3519 4052
1252 1679
5420 5953
75 548
3565 3996
3123 3649
7293 7694
6265 6666
6178 6737
5444 5936
7265 7700
7204 7761
6364 6821
3260 3781
316 835
3559 3943
6334 6717
7593 7981
6641 7031
1535 1910
3469 3844
2418 3065
5422 6053
8616 8995
8528 9179
148 543
8431 8803
1104 1757
4098 4751
7657 8039
1289 1926
3482 3850
7472 8097
9388 9789
3078 3732
8582 8980
458 857
1367 1987
223 587
7557 7954
1460 1836
9220 9885
8552 9202
6451 7080
2464 2876
2497 2911
8576 8990
5383 6055
485 839
3294 3708
3246 3596
6534 6948
4453 5062
5377 6052
8529 9204
7602 7957
7674 8029
6336 6759
4290 4714
5252 5677
2376 3042
3465 3874
6534 6957
2408 3015
3525 3946
8513 9201
1268 1604
9424 9835
3544 3940
8405 8809
3424 4060
2454 2859
9228 9907
1205 1652
446 895
5631 5950
9431 9750
7231 7933
5350 5668
8524 9103
4396 5098
2252 2570
1139 1717
7413 7730
2444 2884
8372 8829
2486 2943
3229 3668
6314 6755
7665 7992
488 803
7385 7698
1258 1574
3119 3809
1125 1707
8527 9088
6509 7074
6515 7100
4562 4893
6606 6942
3554 3891
5270 5701
8601 9034
5430 6114
5488 6053
8204 8921
1293 2008
3392 3990
2298 2605
7208 7920
2559 2855
3314 3626
3400 3985
5308 5734
4529 4970
3120 3820
1333 2025
299 1015
2473 2933
5311 5729
5174 5847
7215 7886
1419 1897
1174 1653
3095 3828
2173 2718
1231 1575
7212 7876
2328 3058
5196 5792
8493 9155
6350 6718
8434 8706
1309 2031
7503 8125
7610 8015
9440 9749
6187 6878
5537 5974
3541 3885
1255 1567
1438 1892
1241 1570
7464 8150
6628 6885
4232 5002
4306 5072
8636 8895
6329 7101
7398 8160
7388 8154
3375 3624
1029 1794
136 897
6610 6872
5419 5665
6548 6815
4535 4795
8298 9062
8629 8889
8700 8936
40 829
5292 6073
7292 8043
2479 2742
4559 4822
4441 4672
4158 4900
2461 2694
1046 1805
321 606
2271 3069
165 903
8647 8932
9550 9830
5324 6118
7662 7877
127 852
170 902
8639 8850
5449 5752
5611 5848
2158 2909
45 793
6179 6933
5294 6041
8264 9072
4345 5058
6418 6697
5488 5708
3482 3751
4313 5092
6326 7158
6570 6891
9617 9941
3561 3757
7516 7704
312 637
9687 9874
7567 7882
2314 2639
3291 3997
7240 7951
1124 1827
380 564
4563 4762
4249 5074
7332 8175
5428 5755
136 984
8337 9153
8495 8830
2177 3026
3338 3679
7343 8182
3326 4007
4522 4854
4267 5110
6241 6972
6156 6994
2262 2953
2461 2754
8265 9001
1169 2034
6170 7038
1259 1934
8622 8905
1510 1665
2400 2568
4409 4689
9 864
1151 1812
2239 3028
109 774
205 929
8387 9134
4320 5006
8287 9009
4243 5116
6224 6975
3142 3894
8457 8829
3184 3844
7580 7913
7457 7764
5559 5838
2269 2980
1118 1828
4114 4968
7386 8102
6244 6937
4187 4902
317 576
9473 9852
4295 5048
4538 4667
1375 1758
437 567
3184 4082
1074 1975
4138 5036
3446 3825
6317 6954
1273 1918
6404 6792
405 537
112 1021
3356 3729
8234 9146
6652 6764
477 588
4539 4649
5479 5877
296 700
4444 4808
5394 5766
6546 6660
171 819
2421 2796
443 545
7670 7789
1306 1665
4126 4997
1493 1608
9618 9743
1072 1965
3413 3784
1450 1588
5330 5964
4464 4846
8330 9002
9648 9744
6621 6783
260 679
131 807
8660 8816
1272 1885
2238 2843
6316 6922
1255 1857
2317 2731
2242 2917
4244 4925
5452 5861
6499 6858
4117 5052
162 779
3510 3612
2272 2890
2077 2999
3170 4047
1227 1893
1067 1947
1469 1548
1392 1729
1461 1543
242 832
3269 3959
215 867
7412 8001
1260 1881
7605 7683
1283 1717
2363 2700
5597 5732
6644 6733
3526 3709
8394 9078
2244 2938
3345 3759
7241 8073
2420 2736
2370 2695
8405 8978
7237 8076
1371 1681
9597 9911
7429 7887
9605 9806
20 984
8197 9172
7502 7839
1224 1818
3224 3916
2258 2820
6289 6984
1061 2044
4457 4789
2096 3052
8233 9207
2430 2720
6236 7042
5575 5657
2321 2767
8551 8888
6423 6902
2259 2866
4412 4830
1165 1903
3309 3855
4140 5064
1388 1672
1129 1932
3289 3903
4516 4674
160 842
2427 2704
4182 5050
252 784
2346 2758
2366 2771
2101 3034
3349 3834
1087 2000
181 836
2148 2967
6237 7081
6282 7036
6314 7004
5191 6064
1331 1732
394 626
2122 2993
5141 6126
5201 6061
1202 1868
7617 7743
209 814
5544 5719
6936 7961
497 1520
2410 3432
8224 9252
2802 3831
8843 9870
8411 9438
2228 3260
6840 7858
4827 5840
4869 5897
8400 9436
4516 5544
2712 3733
6533 7563
8759 9785
2574 3585
4486 5526
4986 5999
597 1600
6956 7993
431 1465
4109 5146
65 1110
3046 4095
621 1655
4150 5165
7029 8040
4942 5968
8837 9883
2124 3181
2247 3300
2993 3989
4560 5621
6821 7811
901 1955
6585 7582
4163 5227
4725 5725
6676 7741
3071 4053
2878 3861
2733 3713
6307 7309
2076 3123
8238 9246
8877 9885
8891 9865
6199 7172
7095 8068
2968 4011
4756 5792
6740 7778
2342 3344
6240 7254
8628 9614
4473 5445
6424 7462
2417 3407
6369 7391
6421 7466
8355 9372
18 1069
2122 3189
4115 5164
8585 9654
4810 5877
4425 5384
2397 3358
998 1954
6174 7257
6950 8045
2553 3506
2062 3141
4792 5878
2749 3820
4852 5798
6235 7176
6344 7324
6777 7725
8858 9933
2631 3615
661 1741
2485 3567
7167 8100
468 1423
8804 9784
4450 5436
8462 9553
6997 7946
8270 9262
4300 5293
2378 3368
4797 5854
672 1733
2479 3530
386 1511
8592 9718
8298 9228
952 2002
8509 9558
4975 5891
6222 7202
2748 3794
2514 3517
240 1152
2630 3638
7106 8112
4979 5888
8437 9345
4584 5533
966 1971
5007 6138
4890 5996
2571 3708
4491 5619
6921 8048
294 1375
2963 4079
879 1810
4643 5726
4732 5633
6466 7485
4784 5839
74 1077
4525 5423
5031 5924
2706 3601
2856 4015
999 1903
423 1327
6660 7820
8439 9342
669 1558
345 1493
4429 5569
863 2002
834 2007
2680 3822
834 2004
2654 3785
4615 5791
6275 7192
4569 5442
6543 7443
2949 3865
188 1058
4751 5649
3053 3954
422 1337
2669 3826
610 1728
4826 5753
7062 7989
4825 5757
2699 3628
8754 9882
5019 5938
7013 8143
456 1378
4448 5579
6277 7214
7111 8055
4360 5560
7027 8130
2711 3622
8517 9716
7132 8041
8397 9336
4682 5884
4205 5339
6384 7238
4627 5797
245 1090
2818 4027
8696 9539
3065 3909
8501 9608
4817 5743
126 1216
6850 7805
7036 8131
2 1218
4915 6131
4681 5770
4854 5683
7063 8017
6696 7918
2831 4038
197 1039
8812 9894
4296 5122
836 1935
4292 5135
2089 3301
2061 3264
6852 7689
6325 7288
233 1063
6433 7662
6440 7655
8747 9978
2605 3836
652 1631
8902 9746
2483 3431
6767 7865
777 2015
8927 9736
8683 9532
415 1351
4553 5392
4532 5485
4141 5367
9182 9988
4417 5531
439 1389
2484 3439
6966 8169
4916 6101
2506 3368
281 1531
4861 5662
8775 9901
449 1322
4490 5478
4523 5447
8752 9949
914 1917
55 1223
4546 5426
8586 9595
8910 9791
228 1045
518 1781
8231 9426
4842 5660
2345 3550
6228 7331
2234 3149
8543 9639
4428 5558
68 1208
3019 3894
2502 3387
8834 9855
6952 8149
4144 5327
8712 9992
4256 5538
2351 3117
875 1647
173 1449
8496 9270
2165 3442
8549 9325
4162 5451
111 1382
2210 3496
4510 5269
7020 7776
2376 3140
6796 8065
4484 5258
3041 3823
67 1356
8433 9726
2140 3404
2448 3201
50 1315
6584 7338
2954 3742
2548 3296
438 1185
9113 9870
2901 3661
7098 7842
925 1668
343 1102
2154 3443
2321 3080
758 2031
2197 3471
9011 9775
661 1929
245 1513
491 1270
6567 7352
2589 3842
6422 7177
6153 7465
4105 5416
4964 5701
2974 3770
2744 3997
726 2032
8254 9497
8539 9331
4338 5595
6687 7990
6492 7286
8344 9650
2580 3902
6895 8132
4199 5449
4461 5187
8606 9392
2203 3508
4685 5986
5078 5860
708 2038
8329 9659
6649 7373
8304 9541
667 1965
8484 9235
385 1209
455 1279
3007 3718
4848 6089
8592 9386
6748 8033
3040 3806
2711 4009
2169 3384
414 1247
4874 5707
6642 7347
4420 5126
8374 9717
2093 3438
2772 3984
488 1196
8350 9691
9005 9835
8965 9795
392 1230
6473 7183
430 1257
2229 3570
6448 7289
2910 3604
8640 9356
2601 3943
2730 4069
2230 3577
2472 3320
6476 7197
197 1428
5013 5828
6508 7230
6503 7221
4805 6039
4402 5217
909 1758
4943 5658
4106 5469
4976 5672
292 1150
6677 8014
2592 3963
9120 9983
6754 7939
364 1038
8595 9457
8209 9586
785 1653
4782 6090
6341 7585
8264 9516
2716 4089
2129 3380
53 1373
654 2022
3046 3727
4460 5125
2226 3545
3041 3722
4434 5177
2171 3351
8216 9588
4589 5248
2342 3144
4641 5969
7070 7916
2214 3540
2804 3974
7112 7866
4997 5879
6474 7229
2287 3479
9016 9792
4343 5518
5042 5833
4208 5387
2543 3220
303 1106
3004 3644
4168 5576
2138 3547
2913 3813
8492 9385
157 1307
1000 1632
2698 3840
3045 3695
8676 9327
8279 9688
4735 6125
9 1437
2686 4074
4145 5541
8667 9293
2095 3513
158 1289
4896 5815
8412 9540
8961 9880
4457 5360
6318 7477
682 1841
6346 7511
2524 3138
8212 9610
6991 7919
7086 7695
6313 7432
185 1304
8236 9614
2692 3878
521 1962
2480 3091
6710 8085
4703 6136
6428 7355
2467 3083
9046 9982
583 2030
511 1109
534 1980
2998 3610
4357 5291
4171 5604
4481 5166
2721 3856
4790 5893
740 1879
7034 7881
15 1466
2267 3438
6374 7504
6179 7578
8976 9898
2465 3099
606 2021
8648 9331
2589 4006
2568 4020
2743 3851
2379 3319
4646 6043
553 1940
6855 8058
6688 8094
4686 6031
6898 7987
4133 5601
7083 7791
9033 9869
7020 7849
702 1915
9103 9801
9094 9793
6712 8191
2752 3848
6951 7919
860 1685
6452 7421
2609 4088
2216 3425
8454 9421
535 2011
8429 9505
6234 7574
4572 5136
6843 8055
6322 7550
3050 3621
2297 3369
6324 7525
8253 9708
4794 5993
2757 3857
3068 3625
4455 5296
9056 9912
6848 7961
7022 7861
2588 4034
517 2010
848 1712
2080 3520
2091 3531
6426 7419
4981 5780
2059 3562
4551 5158
9104 9841
8243 9681
895 1692
2057 3562
4436 5303
4971 5775
781 1771
6573 7242
2592 4039
2742 3934
2629 4013
2584 4080
4973 5764
2434 3176
144 1403
6807 8060
6288 7549
8942 9987
4661 6104
8984 9975
9071 9856
6550 7270
4763 5995
2149 3478
2656 3988
4236 5496
7127 7714
4587 5149
881 1673
4427 5299
2648 4003
870 1691
8999 9511
6207 7742
8714 9224
4938 5455
2126 3659
6303 7833
9064 9582
422 1953
6656 7176
6423 7967
2572 3077
6706 7224
2391 3930
2640 3166
4706 5234
6552 8072
8260 9812
8895 9390
2290 3811
7163 7658
7156 7653
8278 9799
4856 5353
2604 3134
6631 8180
4366 5913
4365 5909
8350 9863
2709 3212
8853 9356
492 2038
920 1410
8406 9933
4959 5444
2599 3132
7122 7630
7030 7508
2936 3419
8906 9449
6245 7744
6626 8135
2632 3181
877 1355
4868 5410
2151 3648
4533 6034
3042 3525
6443 7937
4544 6123
7009 7501
6480 8061
3012 3561
4229 5802
6791 7349
428 1950
2735 3227
5040 5508
4930 5492
6555 8109
6565 8083
6238 7785
4588 6101
198 1789
5117 5568
8740 9241
712 1269
2233 3716
9127 9703
2207 3807
9068 9516
373 1847
243 1712
2692 3271
5058 5509
4709 5162
149 1754
1017 1462
4655 5247
4901 5493
8440 9896
6313 7928
6373 7862
741 1201
4815 5275
907 1502
731 1166
2562 3156
6886 7345
8227 9844
5104 5546
3022 3477
6176 7803
2936 3364
4160 5660
7067 7621
6410 8020
920 1528
9142 9684
6453 8023
5002 5612
9099 9709
2501 4015
7159 7579
8884 9432
2388 3897
461 1952
4378 6004
216 1718
2472 4038
4571 6069
893 1298
8949 9349
4156 5710
8388 9911
4894 5478
4716 5141
120 1538
6901 7311
5026 5593
8217 9829
2462 4066
4564 6056
4214 5642
2596 3163
536 1127
689 1073
6216 7880
4396 6063
2776 3164
2198 3602
4647 5282
169 1580
4310 5712
8885 9267
5067 5453
337 2006
2520 3920
5095 5487
436 1853
9018 9649
6273 7692
3022 3395
132 1546
4785 5183
2703 3103
2846 3470
1012 1380
2528 3952
7073 7473
2084 3764
2786 3187
949 1312
400 1797
2599 3261
706 1113
2457 3845
8732 9345
2527 3904
51 1683
8706 9378
8421 9796
9158 9575
8861 9276
2434 3872
2060 3752
6365 7800
7148 7497
4447 6137
2890 3565
2155 3779
4889 5553
7121 7547
3049 3394
2320 4028
2765 3168
4127 5810
6372 7753
6844 7186
868 1482
7119 7521
8832 9263
70 1782
6256 7875
4656 5251
5011 5408
516 1200
19 1702
6193 7812
4096 5813
2947 3382
4407 6016
8422 9823
4222 5831
4219 5825
4151 5772
4715 5328
2785 3165
250 1607
5035 5396
8982 9686
7142 7462
8967 9671
2154 3754
651 1097
519 1221
4955 5535
2964 3410
7118 7430
4482 5961
6801 7258
4934 5514
4998 5450
8899 9230
4231 5706
821 1528
9137 9569
4681 5272
6792 7258
8897 9234
6238 7818
9056 9657
6766 7351
2465 3963
4933 5534
5069 5398
62 1762
8937 9268
4671 5346
6435 8188
4464 6033
6 1767
6561 8000
6529 8034
916 1392
6185 7885
2260 3634
3060 3346
2413 3972
8213 9980
2642 3259
8846 9319
6810 7281
2373 4014
2179 3694
4344 5654
4872 5607
8291 9875
6150 7927
2367 4044
6796 7289
5022 5483
5083 5409
551 1245
2157 3734
2159 3730
4576 5918
6261 7819
4349 5635
4680 5448
9160 9416
4923 5178
4720 5493
8563 9846
7078 7328
8514 9800
4578 5865
2277 4078
5088 5356
6735 7491
6477 7747
967 1238
2873 3114
8807 9588
2693 3473
8709 9489
2958 3225
2984 3263
278 1551
9129 9395
6657 7450
8720 9520
8507 9755
3032 3320
236 1997
831 1053
4932 5223
5065 5357
57 1822
7105 7401
4692 5500
6453 7705
6255 8000
4876 5180
6447 7710
2332 3630
6199 7940
2083 3863
7140 7379
6778 7490
4898 5144
178 1929
4242 6057
965 1275
2960 3247
6870 7575
4959 5149
7124 7318
7059 7376
6333 8185
6797 7624
8565 9776
6981 7170
2851 3172
4216 5937
5039 5350
9055 9236
6550 7901
4857 5556
8750 9569
2856 3175
2444 3805
8851 9665
146 1984
2643 3335
6354 8071
327 1554
4733 5419
2915 3124
4509 5834
4443 5634
630 1327
4707 5438
6239 7938
6564 7929
2659 3389
954 1242
2607 3406
2086 3908
357 1536
4546 5799
284 1652
597 1340
167 1998
4291 6058
4415 5718
2977 3276
4764 5619
6914 7281
6925 7294
8466 9825
2114 3893
4568 5793
2753 3516
8600 9957
371 1549
6569 7895
6973 7235
8505 9798
8886 9526
8995 9379
8956 9597
799 1181
4708 5607
6786 7425
4688 5587
2862 3243
6249 8163
7042 7182
7139 7278
2931 3325
9181 9299
6866 7517
4234 5914
7023 7422
2272 3953
811 1210
3049 3194
564 1447
4578 5748
6427 7821
8925 9546
9040 9415
259 1684
9008 9384
2840 3201
2978 3129
4891 5255
372 1771
3000 3098
6590 7706
927 1079
6747 7671
8828 9680
8633 9748
9016 9367
7054 7201
51 1922
4695 5606
130 1840
2385 3810
238 1882
6572 7704
4821 5472
8547 9940
2368 3833
2071 4014
8725 9644
8778 9715
5046 5130
4265 5909
4320 5981
618 1495
4682 5620
4177 6033
8599 9814
2626 3461
8397 9989
6790 7502
7049 7235
8488 9955
9139 9343
3058 3135
7149 7203
281 1750
8952 9512
4755 5441
4227 5969
4258 6001
6406 7890
977 1029
9075 9382
6905 7471
2581 3523
8534 9856
6624 7735
2452 3660
4480 5720
387 1627
4715 5555
8934 9535
9009 9448
501 1582
2396 3719
2861 3313
6938 7367
6288 8013
6221 8080
8483 9981
4390 5880
6678 7670
2923 3211
4875 5353
8577 9826
9045 9393
432 1621
4284 5972
7005 7351
2356 3801
7073 7244
677 1352
9126 9289
2708 3451
4716 5507
6489 7849
9159 9268
4165 6070
2284 3865
865 1172
4506 5740
531 1508
4159 6087
2690 3448
815 1235
4999 5242
275 1773
8555 9877
4540 5699
2174 3969
4434 5805
1806 3855
1291 3343
773 2817
990 3033
808 2863
5945 7998
5064 7104
6049 8105
987 3025
185 2227
4873 6914
5681 7712
64 2129
1718 3748
4877 6943
4335 6396
259 2327
5917 7944
1842 3876
4310 6337
782 2841
4864 6936
5820 7844
4721 6760
218 2240
696 2722
5883 7905
1509 3582
5433 7458
5886 7909
33 2109
1416 3478
941 2957
4139 6155
5325 7405
66 2147
1905 3920
6017 8101
1390 3401
1515 3532
5078 7167
5341 7412
4750 6820
262 2349
1504 3535
1445 3477
5147 7210
2036 4032
5655 7715
515 2614
1417 3518
46 2070
5406 7458
465 2541
140 2225
429 2451
5218 7261
4878 6990
720 2705
6097 8083
4286 6397
5629 7611
5053 7163
1864 3842
4882 7000
551 2666
5889 8015
4332 6306
4626 6748
5540 7659
4456 6439
675 2801
6096 8067
424 2555
4722 6694
5036 7156
1640 3632
5893 8031
1769 3763
870 2877
4776 6899
4804 6809
5086 7043
5996 7986
613 2564
5391 7533
4868 7008
1890 3847
30 2168
1399 3344
1386 3341
182 2270
5749 7709
4421 6447
5536 7626
5562 7638
5580 7584
1790 3728
4609 6768
6122 8089
4325 6294
5995 7966
5496 7437
709 2739
5713 7721
5194 7217
4828 6817
4531 6606
624 2573
5721 7719
5134 7280
4327 6296
1500 3420
2017 3936
5475 7650
783 2958
212 2134
5500 7672
1463 3378
4683 6861
993 2918
2028 3941
7 2190
767 2677
4244 6175
5881 7794
1155 3080
5417 7589
5010 6942
5736 7909
1688 3606
5790 7696
1442 3372
143 2048
4178 6338
4902 7095
433 2339
4271 6205
4307 6215
271 2456
1193 3121
749 2679
5334 7244
412 2311
5315 7262
4731 6884
5217 7361
1979 3867
272 2483
5016 6962
5231 7365
1974 3869
5304 7188
4664 6805
4723 6877
4246 6201
4607 6479
4909 7068
5940 8069
5710 7932
5706 7929
1685 3617
1302 3491
5959 8178
670 2600
4619 6845
4677 6909
5233 7368
909 2871
4425 6643
4474 6593
5772 7728
5663 7843
5074 7023
1179 3110
5779 7725
1587 3827
4770 6754
899 2881
682 2664
673 2661
1022 2874
4521 6510
1539 3780
1237 3100
5628 7477
5624 7473
4864 7115
466 2329
5066 6918
4292 6152
1840 4095
4819 6684
1033 3289
6007 8102
1593 3823
844 2971
1240 3087
5279 7237
2016 3899
5087 6915
1337 3556
54 2283
4460 6577
5968 8077
5121 7388
34 2300
1219 3101
298 2505
5101 6920
5048 7006
1207 3153
237 2059
6086 7969
1407 3480
4859 6675
1357 3492
4566 6460
5038 6981
5029 6987
4193 6289
5476 7572
4275 6211
6098 7971
5952 8113
5379 7664
6054 8018
335 2489
1058 3285
779 3056
1832 4051
607 2724
5801 7767
4982 7048
5695 7872
1274 3578
664 2972
5473 7270
1885 3669
6054 7854
4238 6535
524 2816
885 2681
1405 3185
4191 6483
958 2736
421 2229
5056 6866
5195 7513
1912 3693
1808 3589
272 2054
829 2602
4970 6770
165 2493
5984 7806
319 2081
1543 3864
5498 7256
1173 3510
5788 8120
4458 6223
411 2237
6009 7775
859 2684
1143 3422
622 2887
5519 7334
139 2471
5333 7674
232 2503
1778 4033
5554 7303
5323 7676
5287 7583
260 2111
5322 7671
4195 6435
4866 6723
1505 3234
83 2320
627 2864
5127 7491
222 2454
4422 6154
6093 7808
223 2450
6 2390
1064 3449
635 2857
1008 2724
5093 6833
1526 3235
5611 7358
1711 4088
4293 6557
5257 7632
1395 3113
1587 3944
526 2898
716 2961
1343 3169
4312 6535
1690 4090
5171 7507
4581 6279
1422 3308
5443 7200
5531 7416
6105 7869
1214 3545
145 2550
1131 3331
1783 3998
6090 7843
827 2641
5485 7169
1406 3086
1359 3135
1212 3532
5541 7380
4521 6363
4103 6516
1845 3649
1827 3668
5139 7530
5061 6847
884 2574
5933 7767
5093 6815
5832 8115
4366 6261
5117 6785
299 2135
1841 3663
5322 7499
5378 7299
6113 7781
625 3063
5285 7468
4122 6545
5805 7968
4775 6952
1542 3991
1517 3199
4211 6631
15 2456
4324 6524
1378 3323
5691 8103
1159 3355
4283 6439
5653 8072
4677 7128
1334 3223
1360 3317
55 2449
1015 2641
155 2353
5669 8079
4658 7065
5714 8185
1969 3614
988 2668
4253 6445
4759 6950
1835 3737
1942 3619
592 3045
6009 7873
4348 6469
371 2249
1254 3418
4728 7109
452 2169
1794 3775
4657 7055
4258 6429
5185 7678
4814 7025
6044 7772
5199 7565
1524 3126
5517 7246
1788 3903
6011 7871
5666 8166
5855 7963
2003 3605
1171 3413
4851 6964
168 2400
943 2663
177 2427
5652 8152
4625 7135
1979 3701
1872 3712
1735 3861
4741 7005
4955 6785
4287 6498
802 2812
1860 3738
1781 3860
5734 8069
4820 6967
4855 6931
4799 7003
5018 6780
1575 4033
274 2299
1629 4017
5829 7976
5647 8160
1677 3938
4548 6196
4920 6857
5312 7474
172 2395
237 2326
583 3003
5148 7648
4143 6609
5286 7846
4367 6927
5020 6556
4860 6398
1079 3637
646 2180
1968 3507
1081 3642
4311 6867
838 2371
697 2236
1119 3674
1135 3689
5410 7973
4836 6371
1471 4023
4770 6312
1256 3812
5072 6621
1146 3700
5784 7305
6061 7612
1925 3479
1649 3171
5349 7926
349 2894
4445 6986
4561 7112
4212 6761
4194 6780
411 2948
4498 7053
5276 7869
653 2220
5804 7310
5264 7859
574 2077
718 2282
295 2819
1620 3185
4832 6342
1721 3216
361 2886
5190 7798
4659 6151
369 2887
721 2280
463 3062
6142 7623
254 2757
840 2419
1504 4061
4256 6813
161 2718
668 2211
5159 7783
1163 3787
750 2223
4742 6343
962 2435
5188 7687
1985 3458
5737 7213
1973 3568
1252 3747
786 2394
5513 8128
1037 3652
6119 7598
158 2775
1122 3627
4398 7012
2042 3505
5099 6567
1864 3334
1551 3136
4547 7058
1633 3120
4515 7154
2042 3496
5707 7193
1766 3250
5366 7840
5632 7255
4387 7028
5846 7297
5948 7531
1241 3715
1112 3587
608 2107
1146 3610
5581 8109
1675 3306
1338 3931
377 2843
1161 3819
5680 7252
657 2292
5439 8024
4125 6773
1464 4051
705 2221
599 2106
444 3026
4436 6970
4860 6284
85 2598
4404 6977
742 2195
4675 6197
1420 4091
83 2603
4663 6221
481 2970
1964 3536
5739 7191
6062 7634
4923 6470
417 3038
6139 7556
6118 7527
5079 6484
344 3035
4157 6846
4175 6860
5695 7356
4206 6890
6138 7550
1994 3405
5883 7283
6120 7520
5821 7223
4416 7114
4449 7149
579 2253
4608 6286
61 2735
305 2983
352 3064
207 2644
4995 6431
4476 7136
5859 7293
4703 6399
4350 6751
1262 3663
4377 7100
1328 3992
1854 3476
1125 3790
5750 7386
4336 6750
4594 6978
4184 6888
5057 6512
1601 3316
4355 7094
8 2750
329 3070
5833 7280
1720 3073
5990 7642
381 3008
1607 3321
4185 6887
5014 6440
5246 7872
6028 7475
5476 8100
750 2094
184 2681
1115 3736
482 2854
1172 3665
1457 3961
5826 7179
5800 7266
1618 3224
4963 6568
4887 6617
5044 6501
1898 3515
4140 6904
4993 6487
5681 7401
5258 7762
4620 6357
469 2828
4527 7028
21 2761
1101 3731
5757 7325
5972 7604
5175 7895
5726 7359
5081 6458
4821 6198
4331 6671
1944 3453
4614 6368
893 2458
409 2942
4317 6714
904 2415
5347 7691
5923 7625
762 2070
4754 6271
1563 3307
1549 3327
1184 3671
233 2577
1286 4092
1828 3551
4698 6305
4341 6670
775 2552
201 2614
1824 3105
754 2547
5765 7558
1686 3474
6079 7355
4875 6157
5616 7928
998 2286
230 3055
1601 3403
413 2705
4818 6622
799 2067
72 2884
1670 3467
59 2870
5849 7639
505 2807
1281 3598
5177 7979
1450 3762
1752 3521
4534 6828
1104 3917
4299 7126
4241 7088
658 2480
5415 7685
6095 7404
5333 8182
1133 3913
4983 6226
4781 6536
1038 3880
5661 7483
1647 3400
5931 7180
1625 3441
722 2554
6131 7391
4615 6442
6117 7371
5086 6384
5015 6328
4232 7096
4678 6518
5317 8180
410 2731
476 2797
539 2344
5862 7637
4937 6268
4262 7059
1927 3248
5195 8049
4939 6263
4249 7076
1716 3466
5183 7936
1105 3950
5491 7729
1838 3176
5455 7688
1849 3198
790 2142
4833 6568
4998 6351
5123 8009
5921 7275
970 2182
1455 3811
590 2304
639 2352
561 2401
1248 4020
4830 6539
5770 7647
1349 3600
5309 8171
5366 8097
654 2518
1332 3693
5502 7716
4628 6472
763 2471
1168 4045
4501 6859
5773 7661
365 2573
4173 6956
1738 3497
4514 6854
4209 6933
4743 6626
208 2998
6129 7318
1004 2180
5184 7977
69 2863
116 2847
5621 7833
126 2835
4146 7004
4233 7143
1787 3476
1471 3792
874 2074
2018 3217
6026 7417
4501 6881
5 2931
4880 6248
850 2090
4149 6991
290 2649
320 2621
1666 3583
5586 7852
576 2366
813 2130
5124 8059
5764 7428
5033 6186
447 2619
5384 7822
1810 3226
6124 7271
5390 7808
5626 7797
812 2211
1179 3848
1282 3735
1488 3654
4098 7060
1464 3616
449 2650
1775 3444
862 2242
986 2116
1002 2165
4512 6656
1569 3459
4299 7017
890 2264
748 2383
4734 6618
5216 8134
653 2347
5291 7948
2 2986
566 2462
4196 7117
4278 6943
5782 7485
5203 8190
5033 6151
4722 6594
5091 6225
5426 7809
4401 6789
4263 6929
6013 7370
820 2179
5238 8140
5981 7399
697 2307
4924 6272
542 2466
277 2728
1456 3597
4614 6585
4173 7053
257 2752
4341 6967
1285 3782
1423 3659
1633 3493
4165 7041
4342 6963
5510 7745
5659 7635
4271 7014
592 2460
1536 3533
1262 3875
5014 6232
5477 7850
5067 6148
5644 7646
4530 6758
662 2382
77 2967
6080 7195
514 2526
1004 2097
4862 6430
177 2896
1011 2066
4298 6953
1820 3322
4844 6406
4386 6856
1531 3600
6123 7175
5499 7830
6120 7173
5368 7958
1085 4050
969 2104
1200 3907
5769 7548
1935 3192
608 2455
1244 3878
1884 3239
4179 7085
4818 7891
1462 2487
846 3916
6116 7143
772 3841
1909 2928
1265 2294
1735 2762
658 3741
1346 2387
1049 2056
1276 2286
1132 2175
1605 2646
5026 8113
1391 2423
4524 7605
103 3198
1326 2357
5759 6755
1570 2622
4314 7365
1790 2782
6084 7140
1206 2196
1737 2795
5373 6366
754 3802
1154 2218
4154 7187
586 3683
4913 7962
506 3542
712 3833
5418 6427
578 3699
1051 2089
489 3547
406 3493
730 3817
5301 6278
5988 6993
6094 7160
4676 7795
1382 2399
5704 6769
4264 7313
5960 7025
107 3153
928 3995
390 3514
1851 2823
609 3617
1121 2082
6073 7162
5985 6949
4975 7974
5822 6900
74 3099
5153 6259
944 4067
1010 4001
4243 7367
4353 7509
1699 2807
60 3177
1214 2280
271 3417
5889 6998
5927 7039
5970 6926
1436 2496
5768 6868
16 3149
318 3425
4685 7721
4429 7461
6108 7092
5665 6731
4930 7982
5930 6982
4137 7236
4985 7956
4929 7983
5361 6302
314 3402
4557 7613
1557 2661
1958 3028
5372 6286
1295 2428
375 3330
6094 7097
5123 6260
490 3474
5606 6558
5193 6192
4112 7274
4486 7676
4489 7666
580 3640
1207 2250
1319 2393
4888 8038
5503 6655
5161 6312
1675 2569
1773 2671
5182 6330
82 3287
5459 6623
1206 2087
4780 7741
88 3277
5465 6604
4382 7563
1409 2324
1821 2952
4121 7310
1910 3054
215 3151
6017 6939
5421 6582
4594 7534
5888 7068
5256 6165
5690 6823
5494 6632
5864 6774
548 3770
1020 3939
1014 3927
4162 7392
6013 7135
573 3743
1142 2256
4666 7837
1003 3907
4745 7712
5028 7945
4831 7792
5106 8029
4419 7660
580 3819
5418 6554
264 3514
4136 7322
5991 7122
5300 6147
4619 7868
1760 2653
4448 7647
1711 2576
5197 6285
1620 2710
4279 7285
1734 2565
1305 2525
1132 2217
4427 7566
5022 8023
4262 7276
4308 7172
847 3999
865 4016
1120 2226
977 3847
578 3733
1309 2501
4439 7567
4831 7685
5446 6556
637 3745
4141 7409
6078 7008
1334 2537
204 3116
5032 8008
356 3460
5027 8001
746 3592
662 3698
5563 6495
4671 7898
5154 6340
4156 7387
4604 7445
6134 6941
4910 8133
4606 7442
4845 7681
5801 6724
4511 7537
341 3488
5170 6343
1643 2717
1996 2875
789 4077
1488 2345
1028 2301
930 3935
5399 6167
5847 7126
5666 6947
5371 6648
4408 7227
1755 3038
1480 2254
5214 6489
566 3889
880 3703
1669 2957
1641 2912
5985 6763
538 3856
361 3173
42 3366
642 3983
5096 7931
5157 6449
2017 2805
1634 2934
761 4076
1308 2058
4800 8153
5532 6277
5631 6372
5841 7116
1893 2629
565 3862
4849 8149
4972 7748
536 3888
5471 6262
1861 2665
1339 2069
4257 7569
958 3726
972 3836
4111 7486
1822 2603
1030 2352
4102 7472
1694 2982
683 3986
4108 7479
5186 6526
5321 6647
5928 6760
2040 2745
1147 2362
1805 2639
1706 3054
1431 2259
1522 2230
1287 2113
1136 2359
5060 7820
4987 7733
5808 7137
961 3731
5290 6649
334 3098
4251 7631
5724 6921
5435 6254
286 3144
963 3732
4733 7978
4725 7981
5869 7093
4170 7440
461 3219
4660 8042
1400 2072
1496 2232
1535 2206
5082 7867
4158 7519
946 3792
1614 2858
1153 2535
629 3859
4906 7746
5929 6721
5052 7893
4147 7514
4476 7190
1483 2234
1140 2310
6005 6663
805 3665
641 4085
699 4046
5114 7823
1220 2481
5714 6951
5090 7835
45 3415
4901 7769
5524 6376
1377 2076
4392 7254
1174 2536
5671 7001
1415 2054
733 3932
4100 7552
612 4065
1187 2341
4240 7447
1905 2809
5711 7110
4753 7960
1042 2459
253 3447
4463 7396
4150 7613
1111 2521
1006 3680
5103 7807
338 3267
992 3697
5499 6377
4532 7206
1171 2305
744 3965
4124 7561
5273 6415
1432 2048
4217 7649
221 3398
873 3828
4492 7186
1022 3680
4911 7856
264 3240
4102 7590
4360 7340
1950 2619
2008 2685
5610 6220
404 3133
4424 7395
301 3206
5388 6304
660 3896
4907 7814
5858 6989
1859 2802
5346 6483
1476 2166
4811 8063
91 3566
4388 7324
4673 8186
4363 7344
5127 6588
5293 6417
5537 6172
4907 7829
5234 6605
1609 3062
5516 6220
6040 6747
4945 7826
4964 7840
1896 2732
1835 2798
5150 6616
221 3354
4851 7988
5313 6408
2020 2606
5041 7803
4977 7866
4847 7971
436 3195
1733 2832
4260 7538
562 4068
6106 6657
4747 8021
161 3455
5616 6160
5230 6540
5592 6202
5676 7115
5709 7076
5636 7150
4872 7907
4510 7285
410 3190
816 3805
4945 7871
5481 6297
1339 2250
1510 2069
945 3655
280 3310
1937 2663
4541 7242
6049 6745
4665 8132
5090 7708
5871 6928
4107 7668
544 3104
182 3767
5637 6148
5565 7103
668 3230
1623 2131
4390 7968
105 3694
4223 7800
1412 2956
4949 7512
1624 2135
1094 2646
1490 3010
894 3436
1279 2797
4336 7907
1667 2192
4736 7316
1544 2078
1759 2248
5664 6204
4761 7300
1042 2575
987 3524
5812 6292
4903 7431
4119 7735
956 3487
4911 7435
5506 7077
5730 6213
4558 8164
1396 2905
908 3490
454 4072
4186 7797
706 3309
4473 8009
5699 6257
1266 2763
1777 2251
5023 7588
5594 7137
4672 7291
925 3488
4121 7716
1217 2688
719 3213
5926 6500
4316 7839
761 3261
5397 6992
593 3096
955 3570
5239 6717
959 3572
1484 2944
4291 7823
1586 2174
4618 7238
5039 7651
1625 2068
5340 6801
1752 2199
258 3922
5228 6716
6015 6446
5563 7146
614 3124
4802 7313
1250 2743
4714 7231
4555 8093
5200 6662
4687 7190
6030 6613
1140 2600
4326 7867
1393 2860
2024 2487
1971 2514
4437 7991
1630 2109
1461 3024
4128 7750
438 4049
4514 8133
453 4012
4482 8168
1335 2909
1636 2063
4927 7508
1315 2895
4593 8095
5650 6269
4819 7331
404 4064
6091 6589
962 3513
4953 7461
6072 6597
1615 2253
293 4007
40 3756
1457 2869
5910 6544
4954 7645
769 3465
5543 6958
5749 6393
1213 2611
5179 6837
4759 7192
4114 7810
6060 6463
104 3837
4566 8003
5964 6618
1930 2322
4651 7347
4835 7290
4592 8042
1995 2391
5338 6727
138 3607
1821 2435
30 3774
1157 2597
1843 2450
5608 6985
759 3157
1426 2865
1477 2915
5192 6884
5834 6247
344 4087
4950 7654
6036 6436
4101 7860
5126 6839
5882 6219
1344 3059
1808 2468
5844 6242
5156 6803
5088 7511
5484 7131
812 3483
1499 2914
1716 2063
1572 2201
179 3597
1722 2053
528 3280
723 3090
369 4018
4126 7898
5027 7524
1951 2390
66 3721
302 4066
4290 7695
4508 8017
5329 6684
4433 8095
5498 7092
119 3768
4494 8031
507 3882
1387 3007
1222 2578
4653 7416
4726 7342
2047 2343
6064 6505
572 3303
5898 6614
4525 8050
5895 6616
837 3492
650 3179
1489 2867
5299 6737
4903 7618
1725 2136
5279 6775
4957 7607
5684 6360
4600 7958
4491 8036
5069 7486
211 3623
134 3696
4766 7273
4199 7824
619 3228
980 3372
1361 2984
6022 6524
90 3744
1740 2096
1807 2544
853 3159
5274 7065
4399 7724
540 3353
1689 2451
5759 6517
5400 6676
322 3661
353 3697
5937 6177
787 3075
5625 6888
334 3676
823 3108
1994 2265
1565 2313
4225 8087
4730 7532
4272 8108
935 3259
5294 7088
609 3454
6142 6366
1291 2602
6065 6291
4660 7446
63 3868
5589 6897
5824 6629
5639 6433
1697 2438
961 3305
5951 6165
1002 3271
5760 6575
1226 3066
988 3311
1598 2317
640 3508
4931 7287
791 3105
5021 7338
424 3743
4358 7742
5244 6982
5198 7026
4867 7229
1379 2652
5857 6561
4633 7515
407 3797
5694 6525
5989 6177
16 3924
4400 7798
5491 6708
4537 7934
635 3379
738 3499
1894 2090
28 3921
527 3422
4343 8099
1726 2538
1075 2919
463 3738
490 3773
1429 2765
4443 7683
4886 7246
4228 8159
5029 7422
5202 6927
262 3672
82 3853
38 3910
1511 2695
933 3268
1299 2673
1425 2803
5237 6934
5171 6992
4652 7503
4838 7554
1078 2899
6010 6162
1721 2513
4648 7489
1714 2523
5336 7091
4300 8096
5866 6533
5275 7147
499 3714
964 3253
5482 6681
4598 7813
1261 2969
5343 7082
4190 7974
4952 7200
1283 2683
1806 2166
1114 2848
910 3317
239 3986
1357 2610
4726 7433
4489 7926
1034 2933
5277 6940
1663 2558
1913 2299
1413 2567
1928 2058
5717 6614
5263 6923
5301 6960
641 3335
4181 8147
4996 7171
498 3701
1073 3000
1008 3195
1714 2365
968 3143
416 3632
6127 6270
4826 7499
1703 2358
5776 6402
340 3776
4813 7513
6143 6250
1507 2677
4649 7615
843 3292
4368 7819
994 3199
1168 2830
408 3591
5590 6729
813 3213
1383 2759
1432 2617
5963 6377
1734 2404
4160 8165
4142 8071
5754 6611
392 3622
4458 7877
1055 2992
78 4094
374 3783
6135 6210
638 3528
2041 2113
249 3904
5587 6762
1728 2426
5967 6389
734 3426
5125 7097
5946 6279
5119 7233
1071 3055
342 3734
1071 3053
4987 7359
5480 6828
6044 6233
5230 7083
5670 6638
37 4073
4652 7648
4744 7493
358 3755
1167 2882
1736 2309
1288 2776
1638 2484
1518 2618
1369 2702
146 3913
1630 2433
4988 7327
4397 7878
1189 2889
1819 2295
1552 2557
5569 6707
5992 6300
1832 2268
4585 7708
4136 8157
6136 6144
273 3816
4605 7687
383 3717
179 3919
727 4823
1021 5118
2779 6879
1582 5674
1722 5823
596 4691
3127 7216
3690 7782
62 4146
537 4629
1437 5516
192 4306
621 4729
4081 8164
1087 5161
3774 7846
1421 5525
2264 6336
2945 7067
1263 5365
3598 7701
532 4623
385 4506
792 4869
4047 8145
1056 5182
3658 7765
2492 6559
1041 5170
4011 8078
3887 7945
2240 6375
2100 6172
2296 6352
2910 7029
3154 7294
1040 5180
3790 7905
3606 7718
1943 6055
2125 6271
2892 7038
2519 6629
3511 7556
3364 7441
1891 5973
728 4832
2759 6910
3219 7337
2579 6696
1367 5481
3150 7180
2815 6841
210 4245
459 4483
1397 5433
224 4270
1215 5360
3726 7902
3348 7494
2186 6360
2325 6467
3122 7272
1748 5774
4035 8088
3138 7198
3029 7048
3445 7467
486 4536
1156 5345
1268 5266
69 4130
2579 6772
2417 6422
137 4322
1070 5189
1098 5159
1187 5331
1105 5153
1303 5477
1606 5684
457 4540
1366 5411
1858 5940
3993 8174
3491 7643
1838 5974
680 4817
3334 7549
2542 6547
1900 5906
663 4840
1406 5630
3109 7335
2432 6403
1847 6067
199 4163
2475 6446
3654 7875
3636 7857
2865 7094
1680 5655
118 4348
1981 5936
256 4496
1761 5746
1786 5742
3464 7452
4076 8056
3089 7300
2323 6537
1754 5696
3002 6945
2023 6011
931 4927
2374 6630
3266 7267
3256 7195
3403 7663
1887 6139
3796 7794
3331 7588
766 4694
2968 6962
3021 7009
3035 7030
596 4858
1400 5591
852 5092
338 4579
1209 5131
3720 7738
4055 8036
274 4513
3886 8090
2565 6835
479 4454
3459 7480
186 4103
2128 6381
2500 6521
3076 7354
1134 5328
2389 6635
2987 7019
756 4662
3892 8183
3931 8088
655 4683
3125 7408
3406 7561
2466 6504
764 4662
2689 6734
2406 6580
1090 5264
1597 5870
171 4210
4010 8054
1404 5536
573 4834
2676 6827
2425 6553
110 4238
3405 7596
3595 7918
2994 7002
357 4492
3898 8147
2108 6354
3127 7385
780 5091
1875 6051
2627 6832
487 4370
1184 5205
3230 7275
692 4675
96 4248
3221 7279
1067 5332
2766 6705
234 4586
1325 5165
2474 6315
3666 8016
675 5031
3443 7287
1527 5375
3534 7364
1474 5324
2037 5861
3929 7753
1354 5210
549 4918
2463 6281
3777 8151
3524 7378
3190 7520
1470 5288
312 4129
1404 5222
2110 6434
3044 6906
2079 6401
1545 5929
3801 8187
975 4843
2332 6203
3899 7699
1264 5592
1228 5605
892 4693
3336 7201
4029 7830
1640 5955
3584 7983
2325 6202
2696 7096
3527 7415
1642 5978
2845 6701
2374 6263
2898 6752
2541 6367
1030 5424
516 4914
3315 7620
180 4493
3670 8047
824 4610
3585 7994
3926 7789
2674 6985
1212 5511
1772 6096
3862 7722
4034 7934
2545 6349
1563 5926
1467 5371
3285 7572
541 4956
2841 6746
2072 6492
326 4099
587 4878
2520 6301
2012 5786
3265 7560
696 5107
3471 7364
1024 5452
3337 7239
3631 8033
1999 5761
3866 7764
3376 7295
2763 7044
346 4106
1639 5942
4022 7906
2728 7166
3432 7217
2988 6901
2475 6385
3162 7424
713 5011
647 5084
3933 7686
59 4442
2437 6375
3700 7959
3037 6846
3967 7707
3039 6838
1829 5711
3427 7183
1506 5262
966 4779
1165 5600
1380 5129
809 4696
673 5075
1586 5952
2637 6968
4019 7878
29 4459
3667 7972
1082 5440
456 4275
3074 7555
450 4161
1288 5260
1626 6110
477 4184
876 4841
2842 6812
934 4654
2323 6299
835 4811
3305 7522
559 5028
2880 6860
157 4371
1154 5389
277 4230
1231 5468
4003 7732
2733 6970
3013 6749
2851 6842
3681 8186
1053 5510
1117 5570
2833 6798
1695 5951
554 5003
2943 6876
230 4418
314 4252
2463 6201
1332 5267
3145 7649
3023 6758
1296 5306
3897 7816
202 4472
2966 6692
2820 6838
986 4713
2855 6800
3436 7387
3312 7495
529 5034
358 4315
247 4424
1605 6021
3472 7248
1483 5130
917 4694
3950 7853
2719 7003
1815 5842
3113 7663
1394 5300
3824 7990
2123 6540
630 5041
1768 5920
643 4937
3685 8111
1213 5494
2975 6739
2618 7159
1763 5934
89 4503
2744 7016
3019 6682
3302 7479
1837 5881
3033 6669
1941 5696
802 4853
473 4110
718 4884
1126 5565
1356 5271
3753 8052
705 4895
3826 7980
3724 8018
2160 6574
4001 7806
2578 7154
41 4552
3210 7528
969 4650
1600 6052
1068 5577
2009 5692
2914 6788
226 4357
3653 8098
1032 5600
948 4700
434 4187
3332 7406
3281 7482
493 4096
2819 6894
447 4178
228 4362
2044 5640
3971 7799
4009 7761
19 4586
1405 5252
854 4783
2892 6832
24 4581
544 4130
2468 7079
1215 5816
2792 6383
2431 7032
1472 6088
13 4612
1651 5241
4059 7633
896 4494
1123 5740
154 4746
2714 6282
964 4565
1233 5826
1290 5919
751 4344
2001 5574
2470 7103
2155 6768
732 4289
3569 8174
2713 6329
1028 5668
2860 6413
3608 7226
195 4837
1523 6100
2854 6412
4053 7679
2201 6835
3384 7955
2564 6191
1274 5845
1556 5179
1923 5554
1602 5235
2152 6745
2608 6146
2261 6887
3389 7950
1844 5376
3302 7888
2725 6290
3234 7835
940 4502
1702 5274
1324 5904
1798 5435
678 4251
4056 7654
2604 6252
745 4264
1224 5773
2651 6173
3671 7185
3231 7896
2769 6297
3216 7896
2231 6910
3267 7817
4 4686
1278 5813
1480 6020
3381 8057
2768 6300
2955 6597
1453 6115
94 4625
3241 7910
479 5008
1578 5243
974 4508
454 5013
2710 6341
2792 6331
723 4231
1548 5211
3103 7750
3769 7392
2312 6993
880 4394
1313 6010
1990 5542
1229 5807
190 4829
1267 5776
1636 5121
1372 5945
1541 5219
2870 6480
710 4268
3647 7253
2809 6290
670 4338
2839 6522
1533 6035
3203 7917
1539 5235
3945 7448
3925 7463
756 4224
1657 5133
3245 7897
943 4571
109 4632
3838 7304
2123 6716
3781 7346
1442 6107
3721 7408
1329 5965
3489 8156
395 5109
1507 5986
2430 7165
1645 5355
3274 7756
4048 7510
3586 7301
1340 6068
399 4871
871 4591
2441 6912
2019 5480
634 4337
772 4495
3955 7679
3032 6485
3589 7307
3186 7933
2548 7014
1487 5980
336 5063
3094 7809
2324 7043
1388 6132
2607 6327
187 4642
3751 7228
1730 5219
1195 5647
726 4211
2830 6571
1463 5918
1933 5415
891 4567
1889 5581
1181 5683
3052 6467
3534 8063
1662 5327
1978 5385
3191 7876
3687 7379
1431 5923
3161 7916
3061 6464
1118 5864
2644 6370
973 4475
2153 6865
321 5112
2825 6578
420 4895
671 4132
47 4756
3807 7268
213 4718
300 5008
332 5105
2922 6615
3977 7476
3152 7917
953 4358
2186 6709
798 4572
3057 6455
3871 7640
3475 8020
2001 5401
601 4241
2853 6636
204 4613
552 4324
2985 6503
2791 6184
3677 7314
3616 7407
1414 5975
632 4266
2850 6640
3640 7407
3973 7517
620 4277
1322 6128
2138 6784
3357 8129
1137 5806
1710 5233
2990 6478
2751 6239
3143 7847
2204 6782
1809 5618
3151 7852
1775 5132
3551 7995
3415 8115
1336 6108
2908 6586
1266 5656
1000 4355
3999 7540
1852 5584
765 4113
790 4601
3623 7368
1919 5520
169 4678
309 5061
3036 6444
1320 6105
1697 5200
3093 7911
3363 8151
2553 6924
175 4696
1269 5645
2403 7066
3735 7276
1018 4356
255 4608
3587 7427
206 5070
3549 7903
2951 6276
3599 7434
3420 7769
443 4797
881 4215
652 4490
2231 7089
378 4732
2852 6188
2586 6416
1694 5524
3582 7925
8 4867
1853 5169
3864 7189
288 4653
3658 7492
1088 5966
3006 6320
2510 6849
2781 6601
1678 5530
1286 5650
1390 5752
3390 7720
3707 7523
3047 6397
1470 5796
2975 6274
3077 7975
86 4980
1816 5178
3208 8106
1501 5886
1560 5437
515 4393
483 4808
1407 5716
2439 6826
2691 6574
34 4876
2626 6512
1342 5644
3340 7736
3822 7643
2697 6588
1296 5670
1875 5220
910 4281
2170 6978
735 4582
746 4563
1011 4303
992 4318
2499 6908
1803 5193
3324 8127
1833 5226
1780 5559
3066 6332
3082 8002
2789 6572
3031 6301
1188 6126
2534 6824
1361 5662
3182 7999
2727 6645
2433 6867
1175 6085
2709 6599
2926 6200
1411 5845
2223 7160
1430 5839
749 4534
3947 7222
3020 6319
645 4577
681 4559
1834 5197
3682 7429
1907 5144
3268 8104
2330 6775
3385 7766
650 4602
76 4924
58 4938
936 4312
2623 6478
3359 7788
3262 8138
1891 5143
1872 5157
571 4430
2682 6412
1801 5246
830 4166
3466 7922
703 4549
1788 5505
22 4968
953 4153
27 5018
2120 7113
3350 7831
2897 6355
460 4687
3710 7675
2047 5241
1746 5461
2162 7157
989 4181
2566 6538
1661 5618
3207 7944
27 5003
3742 7439
2505 6744
3196 8173
874 4347
1419 5657
1150 6122
1580 5560
3893 7329
2351 6842
1619 5572
1759 5446
304 4777
2318 6805
603 4550
1776 5486
1705 5385
1193 5899
1695 5436
1591 5523
1879 5363
1062 6016
46 5001
2292 7007
1765 5454
3849 7333
285 4785
787 4259
35 5009
2836 6310
620 4575
2362 6793
2979 6167
3490 7703
2252 7034
2460 6699
376 4801
3286 8044
17 5037
980 4200
519 4539
2256 7021
3370 7831
2720 6430
3989 7211
3284 7956
2624 6528
933 4197
1458 5747
3228 8030
2262 6928
3949 7339
130 4932
139 4940
2401 6825
3594 7618
1300 5852
2207 6996
607 4500
3233 8044
3771 7541
747 4388
3837 7474
1177 5961
1874 5251
1107 6018
3304 7993
3852 7390
1443 5744
3786 7452
3575 7727
2749 6500
49 5096
1823 5316
2438 6746
774 4314
3713 7516
1782 5416
379 4773
701 4451
2528 6719
3319 7976
2959 6254
1914 5273
155 4984
251 4888
494 4621
156 4984
2145 7044
1961 5187
1896 5254
3382 7897
1598 5582
848 4257
901 4212
1729 5427
3342 7932
2094 7133
1671 5490
1186 5975
540 4580
2302 6919
3803 7457
735 4387
3976 7284
313 4807
1727 5440
201 4918
3538 6610
665 5785
3145 6216
3651 6720
3512 6587
3619 6693
2013 5076
2455 7577
2478 7608
2964 8067
2803 7908
2793 7921
770 5915
196 5341
1715 4778
1083 4128
1292 4375
695 5804
3150 6226
739 5884
354 5442
1958 4999
1581 4622
117 5209
3442 6494
800 5901
807 5896
2879 7951
2774 7910
3789 6911
1060 4118
2635 7801
1746 4833
2049 7218
771 5943
3318 6338
2902 8035
2020 5084
2997 8077
1989 5116
2800 7881
1706 4752
65 5243
1127 4188
1908 4936
3788 6896
2490 7559
3373 6509
3645 6781
918 6103
1369 4379
2386 7455
3088 6237
1594 4724
1066 4196
3498 6650
2356 7525
1701 4855
1290 4440
1577 4730
225 5303
174 5369
3712 6873
2132 7182
2922 7985
1715 4844
3646 6753
3698 6672
2590 7804
1550 4717
2601 7757
3975 7138
241 5271
200 5295
3172 6157
2424 7443
1497 4530
1019 6037
4002 7116
2953 8184
2082 7251
928 6097
3487 6637
1704 4827
3579 6542
1666 4852
1713 4812
604 5854
3528 6475
3854 7050
1434 4383
2301 7288
1310 4505
3095 6302
3428 6639
2945 7948
2652 7884
2073 7305
1188 4148
1629 4815
1925 4881
3365 6579
2620 7850
480 5495
275 5515
3428 6653
324 5598
3854 7061
2620 7836
1271 4180
3747 6663
1019 5982
1145 4319
3695 6855
2489 7440
3311 6212
2440 7460
1234 4223
886 6104
1610 4858
3714 6704
1226 4217
1723 4616
897 5941
1297 4517
1441 4374
2829 8122
482 5466
2222 7191
2827 8117
4004 7012
947 6003
830 6143
1192 4203
1396 4528
2407 7586
1962 4973
3550 6425
3912 7040
340 5533
23 5339
3613 6865
2787 7724
957 5997
3927 7046
502 5413
3637 6892
2729 7792
3283 6152
3548 6407
2634 7828
3556 6459
4035 6947
3430 6532
1144 4250
2453 7542
674 5700
2235 7260
1440 4426
885 6047
268 5628
3473 6497
3679 6830
2818 8179
2340 7638
3723 6783
1167 4219
87 5283
3057 7943
876 6043
2563 7931
2377 7600
3494 6491
2940 8065
752 5646
2239 7233
3858 6675
867 5735
3076 6400
1302 4112
2532 7394
2446 7302
3276 6598
3064 7925
906 5767
2594 7980
173 5539
1096 4423
3795 7105
2770 8134
154 5518
159 5514
423 5297
3352 6159
759 6112
2190 7575
102 5501
2023 4859
3629 6961
200 5608
1682 5040
3620 6919
683 6029
1638 4928
3322 6609
247 5596
2927 7747
1516 4288
2193 7614
1110 4454
831 5646
3148 6527
3347 6183
2674 8006
2137 7532
330 5245
500 5325
1547 4913
76 5495
1265 4554
1166 4531
2178 7615
1492 4330
2041 4793
341 5140
1027 4417
1130 4393
2277 7597
3905 6664
114 5432
3608 6994
3411 6169
2142 7445
3301 6569
3982 6851
687 6114
2492 7406
2904 7691
1043 4416
1227 4504
1014 5797
828 5736
2635 7965
538 5965
3901 6756
2098 7528
2133 7438
2930 7726
3571 6318
1639 4921
110 5425
1917 4638
2554 7326
2385 7220
94 5432
368 5147
1995 4775
1068 4418
1446 4311
2257 7587
2587 8047
1113 4397
1683 5097
550 5977
1578 4949
905 5641
922 5658
1138 4592
1856 4803
159 5403
3279 6474
2835 7828
2867 7865
2952 7682
2316 7298
1793 4752
1664 4881
1054 4495
3393 6355
1163 4377
957 5673
2504 7260
2613 8099
14 5528
2132 7619
646 5905
2057 7571
4080 6762
1503 4164
878 5872
2507 7252
517 6048
3935 6904
1242 4465
3399 6379
883 5855
2648 8181
2938 7892
1376 4305
2364 7304
1693 4906
1567 5030
1613 5108
408 5156
695 5899
1103 4595
1868 4848
3895 6795
2012 4705
1370 4327
659 5934
1182 4384
888 5816
3132 6653
220 5406
2232 7546
2016 4644
2213 7521
2580 8145
2065 7636
104 5550
433 5240
3704 7091
3948 6818
2216 7526
2112 7568
991 5642
2847 7879
1330 4331
1961 4720
2624 8089
3031 7694
3299 6457
833 5787
37 5630
3229 6470
3131 6624
12 5584
555 6133
41 5622
898 5731
679 5958
3601 7155
1368 4283
914 5748
1624 5054
3688 7055
1765 4866
724 5948
2241 7465
3879 6862
4056 6705
781 5863
3846 6893
125 5521
1467 4183
2133 7608
3501 6208
1992 4646
1348 4266
1749 4922
3634 7133
757 5914
2108 7628
2920 7832
1900 4764
3639 7109
2297 7435
3814 6932
3081 6650
2789 7953
794 5871
2533 7184
788 5857
2337 7383
2628 8114
3580 6154
2944 7799
2363 7363
2900 7854
1880 4772
3246 6482
1987 4668
291 5340
328 5962
100 5735
3130 6718
1076 4656
1800 4365
2149 7778
3485 7061
467 6106
994 5612
1044 4635
2491 8116
3845 6421
3560 7161
755 5349
2303 7912
3433 7024
25 5635
1141 4719
2273 7930
3345 6925
996 5625
3596 6161
1679 4240
3484 7102
3168 6728
3114 6659
3086 6695
3237 6799
3040 7628
222 5873
3711 6223
659 5283
3602 6178
1439 5038
1232 4834
3160 6765
3383 6913
332 6004
2494 8070
3075 6714
856 5474
1383 4956
2157 7760
509 6083
2139 7780
2582 7209
1920 4543
1911 4407
4052 6545
3972 6593
747 5285
3981 6595
2081 7790
2966 7622
1263 4798
2039 4517
3607 6211
2316 8025
3853 6488
14 5721
133 5853
3937 6456
2380 7952
3469 7123
2164 7723
2260 7861
3692 6158
3009 7586
2476 8136
2891 7470
2844 7542
3441 6940
2706 7423
2852 7497
487 6025
2381 7970
2669 7170
1562 4202
1650 4099
2395 7978
23 5732
3083 6776
2868 7488
1275 4750
346 5932
2185 7935
2962 7653
3444 6915
3091 6763
3325 6788
164 5853
3766 6348
2746 7360
2798 7317
2817 7553
3137 6851
2670 7403
1545 4239
2508 8010
2628 7362
191 5688
3214 6665
778 5506
470 5982
3612 6293
3408 7130
97 5867
3750 6189
990 5458
2689 7181
3018 7494
3633 6335
844 5596
584 5336
2033 4449
1373 5068
2688 7185
163 5682
2715 7177
2104 7851
3423 7114
3451 7150
3147 6877
101 5875
533 5250
3061 7522
545 5309
1486 4947
163 5694
3895 6551
4042 6504
1967 4364
2019 4423
2224 7700
3669 6387
2822 7584
1086 4758
3375 7047
2590 7350
3951 6598
1576 4226
2591 7348
2382 8162
3555 6990
2545 8028
1786 4180
2052 7851
2115 7923
2425 8137
1863 4599
1915 4552
301 6046
1648 4293
625 5319
2787 7259
437 5901
1541 4286
2369 8189
3768 6150
3307 6699
3005 7548
151 5718
591 5261
1307 5087
3670 6291
1 5831
84 5778
1954 4453
771 5578
960 5386
3782 6156
851 5528
2120 7813
2443 8005
1973 4475
254 5678
603 5257
643 5201
2795 7225
426 6012
3740 6218
2906 7564
2950 7504
574 5352
135 5712
2930 7593
3509 7016
3481 6983
2530 7996
2176 7775
2962 7501
1321 5065
2534 7940
3574 6932
496 5907
370 6037
3651 6315
1160 4705
1745 4152
757 5148
615 5261
2254 7714
2007 4411
729 5172
3242 6725
2747 7243
526 5375
904 5497
2194 7776
1791 4108
2194 7783
1902 4507
2221 7770
1216 4663
2989 7514
1856 4538
402 5993
2551 7947
2829 7665
2793 7188
2285 7699
1641 4247
1427 4972
3154 6829
2308 7684
2771 7633
416 5794
1623 4435
1591 4402
849 5207
4071 6369
1590 4414
3917 6212
604 5462
3429 6767
600 5459
1155 5000
1750 4570
2659 7535
2338 7726
3410 6720
3873 6195
805 5174
1280 4629
522 5405
440 5793
3850 6163
634 5472
1064 4914
296 5686
1615 4433
1237 5066
1571 4354
53 5911
1906 4182
3977 6316
3014 7393
1544 4384
3503 6789
1944 4274
2737 7579
1949 4273
1651 4446
1065 4871
3609 6441
3627 6426
960 5362
3771 6537
3361 6674
3944 6236
2187 8126
1446 4755
1960 4254
2591 7460
331 5750
1594 4356
507 5828
3706 6459
2739 7666
2493 7935
2347 7785
3272 7052
1739 4493
3645 6523
2918 7214
2431 7734
2306 7752
2777 7570
3956 6207
1049 4946
3934 6162
2537 7847
2645 7451
762 5557
952 5367
3056 7333
2502 7827
198 6035
3810 6580
2173 7979
445 5866
518 5457
1975 4335
1817 4161
403 5835
2192 8137
58 5984
1317 4735
1427 4809
1602 4382
501 5803
3779 6562
693 5588
2816 7266
47 5957
3146 6944
1662 4373
4064 6284
231 6027
649 5605
2864 7262
1336 4695
2503 7863
3552 6802
359 5653
3385 6731
1964 4319
1797 4209
2199 8162
1035 4990
797 5221
1153 5113
2544 7816
1696 4569
3342 6773
4093 6273
3505 6863
623 5392
3194 6917
3621 6490
2912 7393
1223 4933
3244 6959
2794 7529
995 5223
1792 4229
240 6005
48 6071
720 5464
2244 8012
1041 5021
2937 7414
229 6007
2163 8161
2868 7328
417 5687
1313 4791
1428 4610
711 5456
3857 6278
502 5738
3984 6159
248 5976
3574 6743
3074 7072
730 5503
2651 7677
306 5780
3843 6308
356 5836
3723 6434
2255 8038
2831 7332
3748 6411
1176 4919
3991 6183
2136 8169
744 5467
3457 6706
2701 7481
106 6109
676 5405
598 5615
2412 7894
3996 6182
33 6042
1742 4469
394 5686
257 5820
3396 6906
73 6134
1867 4239
26 6110
2750 7547
3448 6845
3956 6321
3023 7174
2522 7696
2205 8022
818 5373
1981 4205
3664 6531
1494 4611
3879 6386
541 5578
1576 4593
2560 7641
2822 7389
3657 6546
2118 8091
3821 6413
170 5963
2571 7656
234 5902
3189 7057
17 6132
3889 6358
611 5508
1235 4916
3749 6477
1051 5107
3772 6485
1749 4409
509 5649
539 5622
1485 4640
2849 7375
1901 4253
828 5326
2330 7913
2328 7915
141 6008
323 5814
313 5838
1559 4590
2003 4137
2701 7543
611 5529
317 5830
3983 6260
3890 6345
513 5629
214 5931
3468 6769
203 5942
373 5771
54 6088
2994 5042
2375 4420
3507 5552
375 6515
4021 6077
522 6659
3530 5571
581 6735
1584 7738
2987 5024
311 6460
103 6250
1814 7963
1901 8035
3001 5047
3529 5593
2561 4624
2121 4189
2247 4307
1243 7374
2304 4373
2585 4623
568 6703
1660 7787
3684 5758
868 7033
1005 7152
3641 5656
3458 5539
2979 4994
1874 8054
1092 7265
2118 4192
2883 4965
4075 6092
2593 4617
889 6995
57 6163
1876 8062
1890 8008
1007 7108
2204 4279
3926 6008
1152 7343
105 6233
1932 8124
1663 7759
3346 5408
3686 5717
3360 5397
1553 7719
3890 5892
2905 4961
10 6192
687 6804
2901 4969
3941 5925
218 6298
3218 5330
441 6651
401 6611
1156 7360
267 6479
36 6252
2642 4632
2334 4435
1506 7603
3639 5733
906 7129
1433 7626
2697 4829
3295 5259
3636 5730
3808 5814
2145 4152
950 7151
2144 4154
151 6349
2804 4776
2415 4403
2773 4744
1540 7781
2445 4591
3179 5134
2840 4976
3010 5035
1335 7518
2824 4962
444 6615
1137 7197
579 6703
3982 6140
1080 7245
1116 7210
212 6307
2874 4931
1170 7400
3043 5023
2569 4724
350 6432
1248 7326
393 6646
3529 5558
7 6264
2708 4631
2128 4309
2683 4850
2527 4438
3169 5355
2447 4353
1631 7885
3067 4974
2814 4712
1955 7988
3656 5843
3803 5703
4089 5988
3314 5231
2540 4466
506 6501
3520 5475
763 6751
1057 7301
2265 4220
2660 4801
3 6309
2127 4328
43 6275
3377 5529
3321 5203
4068 5960
418 6415
926 6961
3762 5634
1514 7515
1709 7711
1848 8075
2981 4886
1778 7745
2594 4753
2575 4796
3481 5409
3129 5249
28 6308
3849 6065
1220 7292
816 7050
2712 4643
1888 8155
81 6378
837 7045
2937 5051
1513 7469
3766 5744
850 7060
4049 5910
2878 5113
3486 5462
202 6147
1933 8007
2043 7985
3625 5860
2045 7984
1106 7325
954 7019
2099 4321
1769 7740
1495 7425
311 6625
588 6811
25 6350
250 6189
2667 4787
2682 4771
18 6347
1689 7746
2919 5051
2985 4980
3108 5370
3456 5470
1160 7274
795 7166
31 6394
2741 4691
1657 7838
1522 7451
2996 4952
351 6577
235 6171
1871 8126
1593 7880
981 6948
4090 5897
694 6722
3003 4942
3177 5267
269 6647
3407 5556
1572 7903
1988 7992
2517 4392
425 6484
2756 4666
3976 6006
2358 4553
3292 5155
2550 4361
3642 5946
3362 5152
175 6573
3435 5225
1046 7444
3825 6130
1329 7218
3429 5216
3365 5152
3257 5567
1959 7855
2032 7930
3776 6093
3006 4784
3221 5509
1945 7817
3546 5320
921 6795
99 6517
3200 5526
1013 6882
647 7070
1886 7751
2921 4727
3275 5589
1700 8123
1654 8019
3643 5906
782 6690
1095 7530
1197 7552
3758 6019
2821 4651
3163 5492
869 6740
3542 5351
1830 7703
2980 4757
441 6283
1459 7297
1854 7692
1610 8057
480 6356
132 6576
484 6352
656 7077
3348 5164
1770 8144
2464 4252
381 6209
3892 5643
711 7046
729 7066
3841 5698
2876 4729
3457 5321
3571 5306
2895 4611
3290 5527
3067 4788
949 6885
478 6287
3573 5286
973 6814
96 6452
4087 5795
666 7119
3323 5549
166 6640
1016 6831
773 6738
1157 7634
889 6689
884 6700
1444 7421
409 6340
4029 5856
3333 5208
2992 4845
690 7151
2296 4518
1562 8005
1674 8171
823 6742
1779 8082
98 6404
1394 7194
1278 7574
3785 6051
554 6976
1314 7240
3250 5599
1482 7335
2067 4478
1934 7904
3631 5983
2826 4734
3084 5489
1738 8119
287 6303
2842 4762
3100 5535
3745 5925
1164 7432
2224 4405
333 6347
1478 7232
3995 5651
2469 4143
1676 7942
666 6929
1491 7263
1852 7856
3568 5245
1866 7899
44 6589
1997 7772
85 6599
1723 7977
3263 5420
32 6581
1374 7369
843 6876
144 6409
1804 7829
1613 8148
2170 4576
3929 5829
1203 7470
3255 5417
2028 7795
3581 5212
3069 4697
3590 6050
430 6155
56 6557
1091 7652
1025 7595
3882 5761
3141 5609
4073 5702
626 7107
3401 5368
940 6685
677 6935
1318 7314
3418 5359
290 6292
2467 4117
469 6243
3718 5950
4086 5709
467 6248
2526 4195
3928 5784
3350 5334
645 6980
137 6472
2026 7720
1800 7882
504 6203
1751 7954
2060 4554
1454 7269
2509 4097
1280 7372
709 6923
3544 5128
1611 8090
115 6562
1197 7551
2760 4890
3886 5885
3764 5991
1646 8121
1249 7478
806 6897
1323 7411
2027 7730
67 6554
2453 4172
1359 7317
3609 6082
187 6502
3703 6057
3282 5424
4045 5679
2445 4207
150 6514
315 6365
3376 5335
581 7085
2125 4513
4075 5639
2458 4215
1498 7223
734 6958
1024 7664
1609 8120
1566 8170
3918 5819
674 6996
4037 5682
2448 4202
232 6420
2476 4179
2319 4879
2685 4221
2777 4315
3523 6081
1175 7825
124 6779
2036 7678
1199 7845
2566 4107
3424 5998
1348 8011
3157 5722
1704 7352
2473 5049
3522 6099
1899 7545
3414 5956
2263 4805
2112 4692
3002 4526
3450 5999
3560 6141
1731 7382
3971 5525
520 6175
976 6600
552 6193
3672 5185
2379 4944
276 6920
2245 4825
2183 4763
2923 4471
644 6296
3760 5292
3338 5911
815 6450
1784 7398
1622 7284
1904 7507
996 6592
2522 5119
4024 5534
733 6395
325 7010
1877 7551
1844 7448
724 6392
2045 7632
1989 7669
1537 7219
1564 7208
3343 5947
985 6636
2529 5076
2666 4191
2539 5085
2779 4323
2934 4430
4004 5532
2478 5015
1924 7614
1658 7232
3155 5743
114 6732
2053 4667
1102 7793
348 7011
1052 7715
2725 4325
2754 4224
4083 5553
982 6549
1774 7341
550 6245
3104 5731
2398 4893
3392 5894
1204 7922
1940 7644
191 6902
360 6946
2288 4794
1583 7268
2881 4362
2896 4380
2372 4873
1783 7353
1585 7295
2274 4781
2184 4824
2627 4115
4057 5512
2939 4394
3391 5997
629 6182
1946 7625
1050 7756
525 6231
2634 4113
1656 7206
1834 7541
2988 4556
117 6677
3298 5763
108 6667
2808 4242
2410 4870
849 6462
938 6619
4061 5546
751 6295
266 7024
3494 6109
3603 5224
3215 5876
1660 7168
4054 5547
1566 7267
1724 7362
2474 5077
89 6873
932 6436
1938 7441
985 6490
743 6243
1326 8107
3863 5522
3251 5685
1766 7279
521 6272
785 6552
3128 5811
1162 7686
858 6612
3706 5354
71 6871
1398 8167
3809 5232
657 6146
3423 6092
1292 8084
2018 7545
2546 4969
923 6400
3919 5586
1211 7717
1985 7519
755 6230
2331 5054
252 6741
1887 7668
3951 5571
418 6924
3868 5550
425 6938
1362 8161
1420 7999
3521 6002
2947 4411
1577 7312
1839 7573
4026 5377
3112 5781
3994 5464
2212 4710
1817 7642
3122 5878
1924 7489
2238 4731
1719 7282
125 6843
1939 7509
2858 4589
474 6930
270 7111
2459 4944
1194 7777
684 6240
3969 5453
3793 5151
638 6320
1936 7518
3835 5172
193 6670
1869 7580
3374 6140
715 6169
2584 4298
495 6972
1001 6458
3333 6102
3871 5579
983 6402
1284 8146
2555 4899
872 6578
156 6727
2869 4590
3386 6113
1899 7606
391 7001
3244 5747
95 6784
3462 5990
1918 7581
3840 5604
389 7010
2225 4697
3115 5827
3962 5523
2333 5111
3371 6087
2488 4950
2775 4153
3252 5723
2965 4452
1194 7771
795 6633
3870 5613
3454 6024
481 6935
1077 7874
214 6702
1258 7698
3390 6084
520 6388
3588 5381
2164 4981
3715 5511
1552 7446
3557 5858
348 6741
3686 5487
1345 7754
610 6510
1920 7308
2291 5118
1377 7788
3363 5676
143 7071
3908 5204
1921 7312
2011 7369
1466 7848
2355 4647
1246 8136
3370 5692
982 6348
2140 4935
238 7157
3121 5930
2716 4487
3452 5729
2437 4760
3880 5173
2285 5068
1807 7213
2452 4791
1070 7947
3020 4329
3765 5520
1219 8166
956 6298
1494 7921
1688 7604
1098 8037
3815 5591
1130 8027
3504 5763
1459 7815
2790 4562
1585 7428
450 6903
3883 5150
4008 5278
2956 4282
3462 5822
3468 5809
140 7090
297 6679
616 6486
121 6971
3161 5915
2181 5057
702 6651
115 6966
570 6527
2105 4991
2653 4378
270 6729
1927 7374
391 6862
1234 8091
2344 4706
2371 4617
3978 5319
1301 7770
2547 4796
569 6505
3741 5583
3347 5697
3048 4284
194 7063
189 7144
1743 7578
476 6794
2369 4630
3739 5570
2973 4294
3416 5637
656 6607
1833 7286
395 6890
1532 7838
3539 5809
3039 4282
367 6661
426 6853
1198 8129
3293 6066
3257 6089
3683 5395
2753 4528
898 6387
3554 5779
434 6849
2597 4432
738 6555
2222 5079
4002 5337
1148 7939
821 6325
2630 4548
2790 4451
3409 5846
273 6806
2723 4395
3361 5800
2542 4711
1360 7901
871 6378
1603 7629
617 6630
1611 7620
1481 7768
4000 5169
1121 8179
1986 7255
1777 7527
1767 7536
3730 5386
2065 5000
2404 4861
1888 7418
2329 4738
3964 5344
1869 7376
1804 7315
1980 7199
3814 5445
1515 7757
36 7052
1411 7722
2880 4329
2088 4995
1845 7320
1005 6208
3580 5715
3434 5850
2377 4857
2200 4905
3646 5519
3526 5751
741 6487
3158 6117
2200 4908
2690 4406
974 6267
801 6294
448 6779
4067 5214
1517 7763
3089 6063
692 6516
244 6965
2368 4739
2941 4281
121 7102
2549 4669
106 7075
3217 5979
1857 7308
3318 5944
2844 4301
1983 7278
4036 5137
2507 4627
3675 5507
714 6416
2668 4535
1871 7315
486 6715
2737 4462
377 6822
3942 5305
2606 4556
1498 7736
485 6662
2152 5005
710 6432
1579 7619
3139 6059
2131 5050
3590 5615
333 6820
1096 8098
3552 5645
1701 7498
1529 7689
2745 4426
2215 4947
1486 7739
3029 4131
1352 7870
3470 5753
3440 5767
3760 5447
1554 7658
569 6592
3178 6038
287 6881
3501 5715
2124 5196
2821 5895
1408 6532
981 8144
2773 5843
2375 5441
3940 4963
3210 4237
3624 4642
1386 6497
3427 4456
2784 5868
2543 5602
3360 4398
464 7616
716 7900
2284 5374
2073 5131
619 7801
2760 5852
3818 4863
168 7358
3295 4296
951 8111
3353 4352
879 8053
3180 4214
2092 5175
3110 4157
3818 4849
1637 6777
631 7786
2595 5632
112 7251
2219 5256
1183 6332
845 8041
3202 4260
575 7705
3503 4488
1727 6808
2359 5407
1385 6465
3412 4477
3767 4765
866 8014
3209 4261
3573 4568
97 7249
3924 4965
472 7659
142 7357
4025 5006
575 7688
2210 5272
965 8184
2409 5460
1568 6686
2834 5971
3876 4966
3373 4462
3278 4234
2335 5465
2274 5284
1402 6461
1793 6984
1320 6499
1737 6786
1514 6566
217 7319
3102 4174
3650 4626
3293 4237
1491 6530
2908 5902
3905 4882
2946 6102
3431 4403
1596 6761
3304 4273
648 7889
3279 4245
3215 4309
2517 5513
553 7796
1034 6229
328 7467
2360 5467
1013 8086
1502 6586
2714 5887
2670 5640
1823 7033
527 7784
1036 6244
3968 5100
1144 6164
2360 5463
429 7645
387 7667
244 7302
2026 7064
1612 6719
3660 4664
2637 5689
2414 5402
1820 7013
3294 4263
3835 4737
2497 5562
147 7400
978 8105
1385 6420
2885 5944
3918 4912
4043 5045
3628 4690
327 7481
2030 7057
929 7969
3885 5037
1595 6841
2721 5671
1656 6896
663 7711
2560 5769
559 7845
2889 6082
4030 4917
22 7322
1496 6486
152 7179
3778 4689
3758 4669
1238 6210
1550 6811
1317 6576
1850 7072
3008 5980
3516 4385
1883 7110
2587 5766
3719 4634
1881 7108
1473 6495
3953 5103
3603 4748
2508 5484
3378 4499
453 7524
2119 5348
3964 5080
3247 4104
3500 4363
1099 6380
612 7886
2916 6095
942 7937
768 8112
2100 5253
1115 6382
644 7731
1789 6725
1023 8006
1792 7098
489 7506
3463 4410
1632 6816
231 7207
2686 5823
3980 4941
3112 4330
968 7946
3204 4166
1264 6196
2103 5361
4071 4897
722 7701
4078 4905
1297 6617
1180 6229
1301 6622
1082 6391
470 7449
4058 4874
3118 4350
946 8034
2457 5448
2911 6028
2972 5967
1311 6602
2266 5135
1441 6521
1681 6730
1066 6391
3594 4823
265 7639
98 7357
2315 5609
2907 6072
1659 6808
4093 4894
1966 6989
3959 5012
2549 5393
2319 5610
2288 5145
1085 6359
3961 5010
1846 7130
680 7749
995 7950
598 7864
384 7535
2973 6002
769 8177
532 7911
2227 5184
95 7334
2000 6953
3975 4989
2171 5248
2370 5561
1131 6295
2014 6946
249 7173
283 7655
1284 6648
1001 7959
3272 4151
701 8125
1128 6506
858 7774
3740 5017
1963 6819
1772 7141
930 7848
742 8170
3555 4334
1978 6839
3813 5109
2726 6070
2146 5489
2846 5641
2333 5124
2617 5922
261 7198
1848 6683
780 7727
1333 6166
1795 6694
3614 4920
1501 6395
3072 4391
1365 6269
5 7468
3832 5073
847 7779
2655 6001
225 7630
690 8066
2340 5142
1349 6262
2667 5983
3756 5017
2738 6023
863 7779
3519 4225
2481 5262
75 7433
3359 4188
628 7991
3691 4909
1401 6206
3014 5774
188 7669
1921 6856
1673 7107
3134 4468
3188 4415
2814 6069
3495 4328
3824 5055
3911 4631
3960 4650
2769 6020
767 8106
4092 4777
1882 6668
3206 4574
2694 6111
3212 4565
209 7564
2991 5873
3377 4177
1560 7032
2857 5704
631 7957
2248 5551
1055 6519
493 7303
2181 5614
525 8032
3227 4597
1316 6219
784 7777
428 7389
513 8050
2049 5490
3012 5815
113 7430
2271 5543
4050 4778
2523 5281
3137 4410
128 7675
1363 6184
2826 5745
3937 4637
3772 5059
1747 6995
2197 5396
1668 6918
2249 5450
1546 7049
1829 6816
3197 4600
698 7996
1519 6246
1592 7090
2389 5343
3411 4317
365 7394
4055 4679
1354 6362
1930 6683
3750 4917
289 7348
1672 6941
2085 5555
2996 5667
1949 6666
1095 6623
530 8073
1696 6974
2577 6030
3087 4496
3925 4810
1747 7027
896 7713
3684 5063
1547 7087
183 7442
3351 4274
2853 5760
3910 4835
570 8092
1429 6204
475 7282
4077 4679
2893 5885
3664 5089
2971 5672
623 8156
1391 6364
92 7657
1558 7075
2995 5638
3789 4986
2570 6077
3960 4804
402 7215
899 7740
912 7760
3906 4736
3702 5045
1048 6619
3102 4570
3237 4463
2495 5236
691 8056
497 7228
2827 5830
186 7540
3881 4839
1401 6327
2850 5875
462 7196
310 7397
911 7771
3107 4597
944 7784
1802 6864
2432 5210
2538 5168
1304 6339
3050 5685
3788 4883
79 7599
2384 5296
3829 4885
3579 4122
303 7373
3445 4246
4094 4637
594 8118
3915 4782
1956 6722
1418 6253
1974 6750
3613 5105
3618 5071
3673 5047
39 7637
775 7924
2388 5287
2920 5788
3106 4567
1505 6164
1509 6173
1680 7017
111 7573
1497 6181
1139 6541
3182 4497
3900 4412
688 7344
3434 4971
1052 6685
3085 4622
3957 4470
1909 6513
3705 4221
602 7263
3381 4912
2740 5297
397 8075
2318 5891
3164 4690
3232 4783
1318 6965
3947 4479
1299 6917
2439 6032
3073 4633
595 7243
2039 6638
3205 4767
4017 4523
1100 6736
2935 5460
3109 4609
3278 4843
2005 6643
2398 6006
1861 6511
1323 6913
52 7710
298 7942
113 7773
671 7346
2533 6091
593 7264
217 7912
3249 4740
3952 4421
1047 6689
363 8028
420 8093
1970 6542
432 8079
1813 6442
42 7787
1176 6874
1579 6249
1072 6771
2680 5181
1744 6293
3681 4135
665 7390
1756 6299
2698 5312
839 7436
2654 5138
1621 6168
2730 5348
2515 6045
2043 6571
1977 6634
3593 4189
2861 5497
1960 6654
511 8103
2799 5302
3728 4301
3223 4809
3021 5522
4063 4480
2813 5276
129 7904
1485 7082
794 7539
3981 4580
2355 5978
1218 6825
1919 6418
2004 6587
2638 5181
2158 5661
1916 6408
3690 4125
2326 5998
3367 4958
1532 7047
3136 4670
174 7888
605 7202
2071 5783
3111 4774
856 7641
2997 5431
636 7423
491 8046
2220 5675
555 7340
691 7227
3696 4346
3817 4197
2354 6076
3193 4840
26 7821
531 7307
1617 6344
56 7841
3537 4939
3533 4951
1312 7099
1426 6926
1138 6894
78 7891
1849 6564
1308 7041
3313 4719
1039 6800
468 8052
3115 4747
2147 5827
396 7982
1202 6672
3867 4537
1799 6565
766 7261
3460 4898
686 7175
227 7754
978 7544
4046 4450
3998 4401
2477 5890
149 7717
1439 6959
3966 4557
2130 5862
2283 5727
3657 4351
107 7890
4032 4474
4019 4361
921 7459
1048 6823
3397 4996
1468 7039
2516 5907
2622 5369
3183 4774
2866 5624
841 7557
329 8068
322 8082
1542 6358
3094 4807
2778 5128
406 8004
681 7291
546 7409
2396 6025
3678 4235
3391 5097
2586 5314
3332 5085
3626 4339
352 8127
2141 5762
4036 4389
3873 4544
2293 5654
2189 5737
4084 4368
315 8159
3593 4333
1646 6283
2175 5786
1809 6646
1408 7018
3725 4193
1707 6215
3245 4701
3277 4670
945 7490
3027 5414
801 7636
1164 6778
419 8021
2734 5208
3978 4466
672 7257
1099 6834
3948 4502
2862 5588
2306 6137
1936 6507
3942 4504
3846 4601
1347 6723
4079 4332
806 7205
3435 4718
4041 4289
1592 6449
1195 7074
1589 6462
374 7802
1642 6502
1180 7056
3787 4549
3017 5318
407 7815
814 7230
1813 6149
1599 6444
3310 5114
2540 5880
49 7972
689 7590
1084 6949
3572 4846
542 7426
1561 6457
4059 4347
3204 5030
3548 4856
3126 4883
1346 6757
1233 7158
131 8107
2061 5924
1508 6861
2950 5295
3043 5320
3541 4862
239 8131
3090 4926
903 7337
3936 4176
1372 6764
3881 4120
44 7966
1599 6410
3258 5004
2394 5741
2068 5932
3005 5255
963 7417
3618 4376
2440 5812
1487 6899
2970 5284
1730 6530
363 7723
601 7450
1963 6371
1368 6673
127 7989
390 7883
306 7807
1755 6549
1691 6613
2162 5949
399 7902
512 7506
1424 6853
1448 6909
3518 4841
3174 4926
882 7211
1451 6898
2021 6335
786 7241
2436 5848
451 7836
717 7597
2799 5517
558 7500
308 7762
3233 5062
770 7273
1295 6756
2535 5771
2625 5421
3296 5004
908 7395
3958 4100
3763 4545
2679 5380
3018 5305
2633 5434
2812 5512
2552 5775
1561 6496
2278 6045
2983 5338
2196 6121
255 8064
791 7319
3329 4737
92 8158
440 7739
1785 6522
3251 4919
2902 5331
81 8148
1684 6417
1751 6481
2524 5723
1409 6665
102 8175
3498 4641
3517 4657
4086 4218
1748 6488
3912 4294
777 7321
1316 6836
3015 5206
3208 4889
4040 4185
3358 4749
1232 6979
3914 4313
1693 6409
3599 4507
510 7786
3254 4899
2499 5716
367 7927
3111 5053
1870 6353
10 8085
2075 6075
474 7802
3388 4765
703 7454
617 7627
3955 4305
3016 5227
3270 4962
1240 7037
818 7316
3887 4233
2066 6074
364 7879
1254 6999
2052 6071
1100 7161
1990 6259
660 7459
2903 5357
528 7594
2561 5564
1698 6428
2746 5381
29 8157
890 7354
1371 6810
2287 5933
3214 4936
1669 6466
12 8139
351 7832
547 7652
800 7402
1479 6667
3891 4351
1784 6454
3689 4518
2585 5576
1330 6880
1831 6385
3243 4988
2638 5527
1518 6711
3635 4584
4041 4116
2022 6200
52 8150
2927 5260
3591 4579
3839 4375
2551 5663
2384 5817
3692 4487
1003 7168
3838 4370
3082 5094
826 7383
1521 6686
833 7345
1474 6704
2282 5912
442 7758
2976 5205
2796 5403
2806 5390
101 8092
2055 6141
1742 6450
582 7609
1236 6955
181 8369
1250 9447
372 8561
293 8492
195 8398
841 9031
1764 9970
1529 9697
180 8366
1060 9274
547 8707
1025 9251
355 8519
152 8381
1222 9453
1294 9507
1635 9805
1366 9568
853 8977
937 9198
316 8564
758 8894
1120 9257
1454 9700
442 8688
955 9200
43 8293
393 8665
1277 9384
911 9176
88 8192
1877 9997
292 8575
91 8253
1009 9114
1589 9797
462 8635
685 8920
419 8669
1358 9679
1926 9996
891 9207
350 8659
727 8792
1720 9769
1389 9714
567 8872
325 8679
148 8243
1178 9265
471 8571
1027 9399
878 9176
1455 9496
563 8843
693 8716
1273 9287
1089 9344
243 8241
678 8802
35 8422
1763 9766
793 9183
939 9069
1524 9522
563 8948
892 9147
1364 9619
1119 9365
1574 9964
208 8219
1678 9794
1705 9828
308 8673
2015 9991
213 8206
162 8319
310 8680
1622 9910
1659 9881
1221 9254
266 8686
71 8352
1020 8987
483 8458
1384 9602
543 8941
269 8695
512 8959
79 8526
1103 9548
1341 9272
354 8303
1035 9498
1908 9831
2035 9959
1982 9899
119 8544
1996 9947
967 8927
2024 9970
383 8292
1855 9759
523 9002
651 9130
360 8268
1398 9297
872 8769
556 8967
1353 9316
737 9166
193 8689
318 8202
1795 9786
1897 9811
176 8588
859 8806
1825 9758
80 8464
219 8602
1460 9456
192 8581
1065 9568
1364 9245
123 8497
1260 9639
1913 9780
590 8960
1479 9367
584 8988
1516 9402
768 8790
1894 9776
975 8855
862 8711
347 8251
667 9211
1876 9781
1512 9357
129 8678
1017 8862
1481 9379
1998 9916
378 8200
147 8683
1116 9510
347 8225
731 9126
883 8718
1880 9944
753 9077
397 8203
1952 9766
99 8676
792 8849
1500 9302
1523 9341
190 8480
460 8300
1476 9320
1249 9550
183 8454
1094 9712
1814 9888
123 8646
1430 9280
345 8334
560 9191
719 8983
1837 9972
398 8277
241 8464
1251 9474
586 9131
1225 9515
886 8852
1236 9520
1081 9693
1855 9946
246 8465
589 9121
1342 9422
922 8812
1319 9424
939 8790
1912 9862
1101 9651
457 8247
20 8724
1211 9914
1256 9963
278 8979
942 8619
1674 9350
594 8286
1976 9653
1253 9960
1858 9548
740 8438
1626 9289
1277 9961
1966 9656
1988 9682
1086 9765
1796 9498
854 8521
11 8746
305 8979
894 8539
1732 9441
176 8854
199 8928
2025 9678
339 9082
498 9181
184 8842
1676 9420
261 9025
235 8866
919 8670
50 8830
1204 9976
1943 9670
698 8424
1088 9747
1590 9315
1870 9494
1208 9954
1117 9734
1186 9981
803 8518
1162 9954
353 8968
1147 9745
971 8608
557 8256
1185 9936
1873 9508
628 8194
1812 9576
1093 9925
63 8892
1770 9326
510 9083
1247 9817
1643 9443
2046 9587
907 8474
2037 9572
632 8425
2010 9544
280 9102
1992 9552
1169 9736
2009 9539
122 8929
902 8473
398 9006
811 8589
1061 9868
336 9214
937 8472
1143 9924
1745 9317
905 8508
1991 9585
1677 9269
1468 9989
122 8896
1243 9824
824 8579
362 9174
31 8866
1244 9825
1537 9408
737 8227
80 8856
503 9023
1709 9312
448 8976
1006 8510
855 8580
595 8326
1199 9848
832 8600
342 9101
253 8738
753 8209
1129 9867
1112 9915
167 8771
916 8562
648 8302
1540 9455
1873 9661
224 8717
2006 9529
1700 9303
1573 9425
1183 9832
1616 9383
976 8489
1883 9632
562 8396
1521 9973
1976 9392
649 8576
108 9085
1362 9795
788 8198
72 9054
466 8904
445 8870
1443 9858
1059 9994
1422 9892
1967 9348
1948 9393
855 8290
1075 9990
577 8567
685 8596
495 8915
1649 9549
368 8783
1097 9993
1293 9804
1311 9820
77 8969
919 8402
401 8918
64 8968
825 8307
1089 9999
1475 9872
388 8913
717 8603
282 8781
728 8591
558 8525
1499 9907
605 8503
226 9097
796 8305
1583 9537
1555 9596
861 8242
196 9141
633 8459
500 8838
1951 9452
465 8869
1559 9578
38 9051
291 8798
1993 9399
251 9092
1347 9788
1945 9240
599 8659
688 8502
2046 9332
1866 9409
458 8769
1298 9884
989 8275
355 8946
1440 9781
1741 9560
1957 9222
1939 9271
1565 9658
362 8897
452 8822
820 8322
1799 9407
268 8908
297 8937
194 8962
1836 9445
128 9041
1764 9527
219 8961
1338 9953
1595 9702
614 8633
1819 9412
1448 9800
1648 9616
582 8610
464 8757
1969 9300
838 8352
1687 9598
451 8745
1472 9770
1740 9510
642 8553
1018 8214
845 8380
1645 9617
307 8911
633 8583
624 8591
2034 9203
1895 9061
349 9561
413 9624
776 9998
585 9807
760 9969
446 9652
1972 9144
1056 8244
1993 9180
1345 8537
263 9503
504 9698
279 9481
1325 8457
263 9507
505 9695
1970 9112
3 9256
1690 8887
84 9337
4 9259
389 9652
289 9493
116 9281
1846 8973
1190 8349
276 9515
676 9958
1581 8804
138 9411
359 9512
86 9216
2029 9141
366 9523
1424 8655
725 9866
1892 8974
494 9602
100 9227
229 9360
743 9872
1938 9194
736 9881
455 9662
1968 9164
1444 8666
1477 8525
376 9714
1791 8821
1294 8578
1159 8201
694 9765
1569 8887
134 9243
2040 9063
1435 8506
1062 8324
1149 8414
1083 8348
1743 8808
602 9971
499 9562
435 9502
1416 8504
1708 8733
1109 8423
748 9822
739 9808
1928 9019
1796 9136
1904 9161
1762 8796
1530 8504
1270 8245
1573 8941
484 9532
699 9829
118 9366
13 9454
1627 8888
1489 8501
1553 8950
1447 8512
24 9460
1895 9105
568 9935
1469 8518
1757 8737
1941 9067
622 9873
713 9782
1654 9076
319 9272
1618 9050
236 9726
1300 8198
295 9266
534 9997
1381 8318
1350 8282
1698 9148
1628 9087
1245 8699
1664 9129
1475 8426
1739 9189
1177 8621
1956 8850
288 9242
2029 8912
1142 8520
798 9817
1818 8787
380 9269
776 9796
189 9711
1671 9173
73 9499
804 9847
1538 9047
810 9844
248 9628
1370 8254
1644 8971
1756 9142
970 9895
1445 8392
613 9992
999 9864
948 9947
1492 8354
1191 8668
1412 8447
1009 9868
1634 9186
1161 8463
508 9338
405 9245
153 9488
1453 8230
150 9479
282 9359
475 9294
1527 8289
936 9779
386 9244
503 9320
900 9764
1343 8348
284 9401
842 9965
1785 9043
1201 8475
1658 9169
1331 8351
1190 8478
412 9255
1959 8731
707 9984
1947 8792
1415 8270
379 9397
1768 8998
1906 8867
1452 8318
1811 8907
778 9938
2014 8710
304 9450
1114 8577
210 9486
1878 8882
1031 8675
997 9728
760 10000
1228 8485
1393 8346
1556 9215
1267 8455
2005 8736
1484 8250
1016 9733
640 9344
220 9951
1650 8308
39 9761
1092 8771
840 9538
924 9623
900 9611
1686 8345
1010 9700
1667 8341
1655 8303
1205 8876
1931 8598
1801 8468
1503 9213
1303 9013
931 9607
1776 8406
979 9717
1381 9027
1977 8594
714 9446
1534 9168
1865 8550
1192 8857
2035 8642
1353 9083
866 9562
206 9974
61 9732
1189 8863
1774 8364
1451 9199
1798 8526
1555 8280
141 9922
1078 8807
246 9892
1036 8793
93 9735
205 9897
1282 9066
1253 8845
1780 8349
860 9523
32 9807
120 9738
1145 8714
546 9302
1761 8340
810 9564
912 9705
826 9543
1043 8813
1972 8651
166 9945
1614 8390
1842 8632
923 9492
227 9842
1151 8940
822 9637
1376 9204
529 9348
764 9321
1123 8955
1884 8644
414 9984
1434 8964
1107 8947
1637 8391
1753 8314
1606 8418
1916 8660
1519 9029
1608 8421
639 9423
1111 8939
1564 8354
789 9642
1802 8649
1091 8839
1736 8204
825 9724
1191 8801
1438 9048
1057 8938
1982 8565
1612 8322
207 9729
1889 8625
60 9965
1414 9044
1026 8918
1831 8700
971 9493
1603 8353
565 9430
1490 9015
888 9629
1699 8261
1458 9050
796 9716
1850 8653
70 9917
1217 9152
1597 8511
514 9479
1136 9079
1047 8989
572 9522
1285 8732
1229 9170
1384 8823
1692 8636
1568 8449
1473 8939
1859 8296
1708 8604
1923 8368
1619 8548
708 9715
331 9840
1251 9182
1644 8530
403 9939
1724 8697
877 9259
1403 8764
857 9246
1435 8924
1239 9118
492 9888
560 9570
1860 8215
1661 8489
388 9949
1044 9037
1533 8865
1826 8319
283 9797
804 9339
1341 8802
1824 8258
320 9763
1867 8239
715 9645
1942 8444
721 9658
1321 8773
1418 8934
1032 9061
1999 8382
472 9898
935 9426
1128 8990
1931 8432
561 9546
669 9698
142 9996
1287 8846
1530 8820
535 9603
1134 9206
337 9931
736 9595
549 9656
1379 8957
1557 8631
616 9676
1239 9074
1452 8713
1351 8943
330 9952
1108 9188
302 9886
1135 9180
983 9326
1946 8231
1080 9093
1358 8944
1983 8315
1525 8755
927 9305
1026 9161
797 9417
1173 9024
1839 8435
343 9864
1911 8342
439 9813
917 9329
861 9402
2027 8195
1158 9068
627 9631
1133 9088
979 9276
1363 8875
938 9297
1710 8530
1272 8964
1898 8343
1863 8376
2470 8615
3439 9581
3437 9576
3409 9559
2657 8806
2675 8826
3354 9495
2928 9086
2477 8637
2310 8469
3299 9467
2700 8853
2083 8248
2977 9149
2217 8372
2114 8285
2556 8664
3538 9719
2886 9057
3633 9752
3769 9875
2778 8936
3125 9219
2656 8793
3576 9666
2756 8954
2556 8638
2513 8595
3081 9290
2407 8482
2783 8857
2161 8251
2772 8859
2786 8880
2159 8249
2906 8972
2917 9021
2183 8408
2405 8453
2079 8317
2365 8536
2443 8685
3827 9876
3641 9809
3704 9744
2611 8794
3584 9833
2143 8244
2441 8674
3746 9934
3512 9673
3795 9895
2839 9059
2348 8538
2833 9065
2510 8629
3327 9347
3203 9217
2117 8385
2662 8928
2872 9151
3171 9455
3193 9462
3241 9275
3308 9342
2402 8694
2531 8566
2098 8359
2092 8370
3165 9469
2267 8314
2504 8555
2294 8274
2189 8232
3773 9755
3131 9373
3786 9826
3791 9830
3720 9763
2939 9175
2873 9111
2723 8717
2734 8704
2276 8267
3324 9292
3812 9813
2393 8687
2064 8358
2449 8487
2436 8499
2837 9122
3509 9485
2187 8240
2055 8378
2279 8281
3146 9460
3737 9818
3349 9682
3196 9397
3629 9956
2160 8377
3446 9660
3240 9314
2788 8747
2647 8856
3504 9571
3783 9753
3419 9604
2633 8873
2780 8767
3235 9298
3426 9626
3225 9313
2408 8593
2897 8787
2703 9100
3539 9431
3500 9386
4018 9914
3467 9371
2402 8306
2707 9089
2233 8618
3421 9284
3566 9461
2693 9113
3455 9312
3954 9808
2965 8880
3922 9845
4048 9979
3336 9254
2882 8818
3578 9416
2536 8412
2268 8681
2955 8892
2783 9191
3147 9587
2815 9154
3236 9627
3962 9787
2392 8218
4058 9886
4016 9980
2715 9175
2184 8645
3011 8844
3502 9466
2447 8402
3402 9256
3939 9729
3315 9623
2813 9114
4006 9921
2419 8212
3242 9689
2386 8228
3386 9286
2127 8497
2269 8541
2095 8620
2050 8590
3499 9255
3280 9565
2946 8722
2808 9064
2144 8693
2486 8239
4026 9760
2243 8543
3170 9727
2424 8408
2243 8551
3564 9291
3174 9677
3286 9592
3025 8803
2989 8735
2893 8949
2491 8199
3273 9591
2300 8515
4031 9850
2925 8874
4057 9745
2139 8599
3339 9412
2428 8365
4024 9834
3877 9968
2422 8364
3253 9583
2810 8999
3036 8705
2148 8634
2361 8413
2531 8197
2782 9017
2621 9168
2595 9171
2672 9090
3994 9824
3992 9831
3016 8648
3666 9306
2380 9031
4005 9641
3898 9527
2664 8294
3107 9772
2673 8289
3909 9556
2383 9052
2084 8754
2172 8811
2824 8490
2954 8617
2102 8725
2616 8220
2088 8719
3051 8646
2660 8266
2168 8791
3676 9324
3754 9373
2075 8737
2848 8475
2357 9073
2631 8193
3274 9859
2411 9017
4013 9727
2546 9124
2665 8240
2904 8453
2511 9105
2121 8727
3290 9861
2609 8274
2429 8986
2102 8798
4010 9667
3063 8605
3710 9237
4091 9621
4083 9628
3979 9721
2413 8984
3644 9284
3200 9728
4025 9530
3024 8533
4062 9563
2976 8485
2825 8583
2932 8677
3034 8520
3965 9707
2632 8415
2761 8277
2741 8234
2747 8213
3685 9425
3262 9733
3159 9879
3188 9904
2312 9167
2309 9154
2281 8738
3923 9600
2512 8966
4028 9574
2115 8864
3001 8541
3749 9280
2805 8210
3615 9463
2106 8915
2327 9211
3298 9747
2713 8296
3156 9894
2986 8537
3691 9368
2530 8981
2794 8221
2426 9094
3753 9303
2275 9185
2195 9104
2392 8797
3536 9942
3588 9475
2879 8247
2482 8891
2859 8230
3070 8426
3843 9236
2202 9101
2185 9118
2236 9127
3051 8437
3452 9820
3832 9692
2791 8642
4062 9458
2405 8776
2583 8506
3330 9773
2704 8614
3635 9483
3511 9975
3800 9620
3794 9631
4039 9354
2647 8473
2532 8874
3522 9869
2696 8664
3620 9589
2924 8255
3662 9497
3815 9663
2625 8476
2883 8225
2941 8217
3921 9274
3408 9790
3725 9725
2416 8707
3027 8356
3798 9645
3662 9525
3557 9880
2215 8997
3650 9671
2151 9185
2198 8986
3946 9465
4070 9330
3877 9394
2361 8865
2801 8535
3238 9985
2298 9053
3586 9637
3914 9443
4060 9333
2281 9030
3461 9770
2838 8356
3337 9915
2949 8246
2087 9108
2261 9070
3902 9466
3484 9814
4069 9264
2093 9208
3896 9453
3702 9633
2496 8730
2167 9131
2091 9205
2209 9028
3906 9389
2188 9084
4012 9305
2942 8324
3729 9579
2806 8458
3575 9737
3258 8382
2335 9495
2116 9293
2699 9857
2740 9913
2381 9567
2156 9338
2494 9638
3535 8684
4023 9107
3506 8603
4074 9157
3275 8443
3705 8778
2117 9329
2596 9756
3273 8435
3727 8883
3140 8313
2191 9408
3540 8580
2616 9832
4000 9206
3567 8630
3667 8716
2406 9477
3652 8739
3287 8383
3297 8333
3980 9184
3985 9212
2237 9413
3266 8377
3581 8572
2353 9651
3374 8610
4063 9042
3859 9091
3269 8273
2156 9465
3780 8799
3092 8373
3283 8305
3687 8901
2729 9741
3387 8607
3655 8930
3806 8825
2258 9333
4037 9069
3316 8283
4027 8971
2307 9650
2567 9908
2672 9926
3563 8531
3119 8341
3341 8653
2800 9778
3437 8622
3502 8553
2512 9502
3092 8410
3421 8594
3958 9145
3357 8649
2811 9773
3450 8611
2119 9372
3084 8403
2643 9905
3142 8357
2246 9250
3097 8446
3180 8325
2099 9433
3248 8283
2303 9233
3463 8552
2671 9878
2275 9696
3839 9203
3829 9210
3297 8697
2097 9513
3312 8682
3798 9165
2213 9662
3282 8654
2354 9260
2978 9861
2143 9584
3300 8657
3475 8363
2208 9625
2078 9509
2615 9993
3383 8310
3166 8474
2877 9851
4043 8835
3808 9134
3440 8255
3911 8726
3097 8523
2442 9436
2849 9849
3379 8297
2350 9330
3945 8756
3048 9909
4085 8852
2153 9487
3543 8369
3717 9195
2177 9713
2872 9801
3186 8459
2289 9613
2276 9573
2925 9964
3830 9076
3060 9841
2302 9593
2900 9950
2134 9690
3191 8698
3736 8969
2218 9531
3968 8724
3231 8455
2334 9351
2212 9533
2899 9928
2926 9968
2290 9563
3611 9138
3192 8662
3966 8913
2202 9525
2558 9288
3265 8570
3116 8684
2525 9244
4044 8718
2056 9674
3791 8972
2758 9995
2959 9821
3412 8326
2888 9882
2191 9554
2150 9612
3744 9037
2372 9396
2064 9696
3583 8206
3537 8228
2308 9457
3130 8643
2403 9368
3558 8221
2657 9315
2126 9799
3047 9709
2738 9407
2080 9775
2684 9325
3761 8358
2137 9806
3106 8765
2209 9918
3653 8295
2891 9577
3957 8528
2293 9938
2916 9551
3395 9075
3784 8441
4070 8656
2655 9241
2583 9296
2658 9265
3531 9117
3152 8713
2273 9917
2062 9810
3369 9079
2615 9321
3643 8292
2257 9906
3553 9098
4054 8632
3139 8748
3858 8546
2785 9361
2640 9249
3688 8218
2929 9475
3220 8935
3761 8390
3559 9119
3558 9119
2051 9853
3716 8442
2811 9336
2766 9290
2295 9854
2982 9514
2214 9769
2963 9500
2921 9702
3160 8898
2289 9837
3604 8328
2755 9308
3804 8309
3870 8623
2613 9351
3949 8671
3755 8211
2161 9929
3059 9544
2951 9540
2576 9427
3775 8315
2717 9299
3485 9032
2235 9836
2907 9606
3236 8825
3079 8932
2245 9760
2278 9731
3682 8327
3675 8371
3367 9162
4031 8529
3777 8241
2085 9940
2755 9275
3101 8933
2948 9599
2086 9946
2748 9282
3993 8550
2935 9334
3932 8285
3030 9438
2511 9922
2339 9772
2707 9603
2940 9324
2764 9693
3900 8233
2924 9335
4021 8363
2074 9988
3183 9038
2313 9771
3068 9433
3797 8691
2767 9705
3592 8480
3796 8702
2336 9743
2832 9248
2991 9369
2762 9725
3563 8912
3930 8294
2885 9223
3238 9186
3226 9183
2764 9609
2691 9668
2780 9622
2423 9787
3078 9033
2702 9694
2676 9504
3834 8623
3883 8316
2995 9450
3397 8729
2636 9490
2516 9866
3447 8744
3209 9192
2442 9963
3515 8920
2343 9792
2903 9279
3155 9018
2338 9803
3453 8721
2485 9925
3362 8784
3711 8460
3009 9398
2337 9821
3472 8942
3399 8760
2593 9634
2774 9557
2913 9444
2662 9711
3088 9116
2387 9927
3072 9110
2498 9818
2649 9664
3398 8924
2722 9529
2623 9635
3355 8890
3677 8703
2678 9683
3158 9200
3793 8569
3765 8479
3967 8401
3380 8836
3872 8338
2810 9551
3577 8780
3821 8532
3340 8908
3752 8554
2969 9306
2509 9742
3630 8679
3396 8840
2500 9739
3987 8257
2498 9750
2315 9948
3495 8831
3187 9130
3987 8265
3284 9014
3085 9195
3973 8301
3011 9257
3759 8517
3739 8560
3254 9051
3222 9081
4005 8278
4084 8192
3546 8751
2572 9722
3093 9196
2529 9754
4802 8900
5799 9903
4509 8596
4183 8282
4612 8715
5521 9630
4159 8232
4953 9038
4806 8922
4228 8347
4097 8222
5323 9451
4285 8345
4991 9047
5868 9920
4702 8819
5530 9655
5626 9672
5370 9423
5228 9300
4139 8208
5075 9197
5713 9838
5005 9165
4254 8415
5545 9707
5382 9536
5811 9972
5582 9607
4431 8451
4303 8323
4712 8742
4250 8394
4935 8981
5705 9757
4255 8393
4792 8943
5454 9492
4813 8849
5389 9580
5758 9756
5354 9358
5719 9779
4498 8698
4267 8386
4104 8293
4659 8797
5413 9547
4288 8367
5363 9347
5351 9364
4174 8246
4524 8656
4109 8332
4380 8606
4850 8817
4385 8612
5796 9768
5659 9876
5104 9063
5874 9834
4147 8362
5311 9253
5281 9277
5617 9552
4806 8805
4308 8311
4432 8696
5690 9879
5344 9294
5566 9484
4467 8640
4954 9198
4769 8734
5310 9332
5326 9217
5236 9380
5268 9285
5469 9615
5356 9278
4870 9170
5189 9361
6107 9985
4395 8693
5242 9370
4704 8834
5438 9691
5856 9740
5623 9499
4213 8347
5411 9677
4967 9109
5802 9822
4621 8951
4790 8776
5176 9528
5916 9753
5335 9688
4203 8568
5395 9229
4499 8332
4515 8323
4654 8973
4769 9095
4555 8428
5060 8931
5434 9235
4839 9164
5677 9987
4280 8590
4479 8263
5056 8952
4326 8668
4989 8774
5892 9785
5473 9310
4836 9179
6086 9862
5143 9558
4204 8494
4322 8617
5302 9722
4352 8268
5573 9355
5399 9295
4966 8764
6029 9943
4761 9158
4413 8281
5089 8836
5574 9376
4814 9125
4624 9086
6026 9976
4519 8404
4613 9081
5083 8794
6130 9843
6080 9794
6075 9790
4628 9106
4709 9196
5155 9640
5456 9435
4408 8371
5387 9349
5486 9471
5167 9660
4248 8462
4369 8327
5211 9664
4123 8582
4583 8313
4799 8991
4101 8612
4367 8366
5916 9919
4779 8975
4558 8295
4304 8570
6034 9791
4891 8878
6076 9738
4381 8357
4822 9070
4372 8360
5429 9353
4149 8584
4603 8260
4978 8881
5332 9500
5314 9480
5575 9229
4896 8938
5215 9620
4542 8306
4470 8379
5111 8760
5307 9579
6103 9732
5317 9501
4768 9080
5202 9611
5989 9913
5137 9679
4446 8381
5378 9446
5032 8783
4910 8901
4483 8301
5928 9927
5024 8785
5082 8744
4428 8379
5905 9491
5194 9805
4674 8261
5347 9961
5263 9859
4485 9096
4519 9128
5213 9803
4740 8339
4527 9143
4749 8339
4639 8249
6024 9647
5821 9364
4892 8503
4596 9177
4564 9210
5280 9871
5777 9376
4354 9011
4192 8786
4607 9162
5870 9430
4904 8465
5215 9827
5851 9375
5900 9545
4754 8407
5043 8692
5099 8613
5229 9762
4595 9123
4399 9084
4961 8500
5298 9956
4175 8728
5120 9819
5782 9417
4155 8795
5034 8650
6079 9694
4574 9138
4227 8947
4837 8343
4921 8522
4994 8689
4230 8958
4520 9171
4105 8841
5817 9273
5785 9240
5358 9836
4359 9092
4688 8404
5648 9366
4265 8741
5867 9318
4816 8259
4655 8378
4145 8872
5947 9633
5863 9340
5073 8522
6047 9474
5762 9253
5374 9815
4236 8741
5687 9371
5229 9923
4400 9099
6078 9477
4847 8276
4277 8715
5652 9387
4668 8444
4993 8513
4645 8420
5708 9358
5225 9899
5162 9955
4439 9117
5337 9739
5835 9247
4468 9122
5359 9783
6062 9590
5849 9219
5789 9287
4606 8992
4345 8729
4124 8956
5667 9410
5903 9699
4541 9042
4701 8365
4884 8672
4904 8663
5044 8368
4561 8917
4220 9077
5806 9636
6000 9339
4441 8788
5841 9666
5077 8384
4892 8201
5557 9902
4547 8926
4297 9193
4728 8540
4359 8739
5379 9771
4745 8608
4585 8898
4302 9184
5733 9556
4129 8989
4838 8666
4575 8930
5583 9969
5110 8393
5742 9553
4120 9049
5049 8440
5025 8419
4974 8236
4374 8788
5429 9846
4587 8879
4636 8538
5922 9323
6041 9429
4198 9003
5803 9721
4201 9010
5688 9573
4711 8505
4699 8452
4455 8709
5808 9683
5890 9313
4879 8299
4134 9039
4164 9000
5580 9910
4560 8878
4477 8959
5728 9708
4700 8658
4438 8921
5702 9686
4302 9045
5908 9353
5807 9521
5614 9840
5548 9741
4948 8432
4900 8321
5112 8272
4334 9030
5388 9891
4634 8616
5046 8194
4985 8389
6099 9327
4789 8456
4167 9089
4235 9036
5102 8226
4226 9039
5019 8266
5674 9720
4577 8757
4194 9143
6038 9281
4946 8325
4743 8540
4800 8478
4853 8490
5959 9381
5935 9418
4372 8953
5055 8273
5538 9811
4661 8647
4278 9027
6059 9309
5025 8286
4118 9239
5167 8237
5689 8762
5987 9065
4757 9887
4381 9484
5920 9010
4461 9598
4339 9448
5342 8386
5810 8876
5372 8413
5693 8731
5160 8195
4738 9904
5603 8661
4431 9482
5289 8417
5919 9040
5903 9055
6098 9096
5404 8512
5192 8215
5278 8445
4419 9504
5627 8604
6000 8985
5400 8563
4132 9291
5882 8842
5703 8753
5938 9034
5199 8395
5865 8815
6111 9049
5220 8429
4422 9674
6112 9072
5540 8498
5515 8476
5268 8252
4218 9427
4207 9411
5207 8443
4704 9932
4793 9751
5407 8619
6135 9024
4636 9893
5664 8858
4820 9839
4529 9487
4304 9232
5904 9174
4437 9619
4467 9659
5176 8433
4512 9578
5675 8933
4768 9839
6014 9135
6015 9132
5787 8782
5318 8208
4758 9793
5869 8753
4673 9884
5132 8425
4788 9810
5222 8321
5402 8690
5851 8759
6129 8963
5971 9124
5398 8686
5145 8418
5140 8469
5921 8742
5168 8510
5979 8779
4346 9706
4635 9994
5382 8211
5198 8558
5765 9121
5542 8320
5976 8817
4413 9238
4640 9995
4201 9538
4213 9542
4169 9481
5250 8651
6039 8923
5277 8655
4582 9396
5244 8488
5777 9157
5954 8726
5043 9958
5850 9100
5163 8572
5115 9890
4583 9405
5280 8641
5700 8994
4469 9242
4169 9521
5962 8752
5401 8344
4210 9713
4316 9560
6022 8719
5900 8838
5376 8331
4979 9982
5364 8548
4155 9640
4943 9948
5139 8581
6050 8766
4459 9461
5746 9169
4522 9225
4295 9570
5561 8222
5239 8671
5739 9159
4550 9322
4929 9967
5728 9166
6014 8909
4865 9923
5643 9167
4135 9697
5825 8970
5212 8585
5468 8330
4168 9630
5966 8854
5094 9731
5977 8885
5098 9754
4603 9225
4440 9387
4452 9362
6116 8733
5430 9012
4276 9916
5081 9685
4798 9395
5818 8375
5992 8549
4119 9735
4285 9903
5173 8736
4676 9298
5549 9140
5226 8822
4948 9545
4748 9362
4940 9555
5954 8547
5678 8200
4958 9592
4116 9788
5501 9043
5329 8935
5095 9680
5908 8493
5887 8389
5832 8436
5613 9135
5987 8486
5585 9115
4741 9422
6018 8652
5457 8991
5844 8346
5741 8252
4208 9762
4134 9842
4983 9518
4198 9786
4960 9472
5163 8777
5394 9073
5100 9608
5738 8207
5894 8556
5504 9194
4222 9749
4342 9883
4270 9950
5913 8558
4276 9928
6066 8652
5345 8800
4620 9359
5310 8762
4698 9437
4190 9941
5594 9041
6003 8674
5953 8658
5190 8914
5636 8336
5391 9112
4812 9307
6027 8467
5101 9585
5836 8275
4630 9394
4648 9357
4200 9920
4148 9887
4828 9328
5451 9189
5458 9187
5221 8919
5188 8944
4772 9232
5597 9060
5269 8748
4885 9643
5012 9565
4170 9863
5213 8848
5307 8809
6121 8507
5727 8331
4713 9404
4616 9439
4349 9764
6012 8615
5265 8816
4204 9860
6127 8448
5568 9007
4780 9309
5120 8953
5751 8329
5282 9123
4992 9346
4604 9977
4699 9564
4536 9906
5768 8578
5790 8597
6125 8417
5917 8210
5705 8536
4588 9983
4897 9270
4771 9663
4665 9503
5673 8449
5599 8945
5603 8916
5463 8815
4795 9600
6056 8340
4727 9533
4766 9685
6133 8376
4787 9703
5651 8519
5482 8755
5755 8487
5623 8875
4982 9258
5566 8926
5427 8795
5577 8867
5722 8496
5572 8873
4865 9328
5342 9132
5358 9115
4471 9730
5927 8280
6128 8304
5265 8977
4908 9390
5876 8561
5393 8855
4639 9624
5552 8761
6019 8202
4404 9912
5308 9004
5669 8628
5691 8611
5138 9097
5206 9163
5778 8463
5789 8450
4773 9476
4928 9442
4645 9601
6046 8248
5548 8710
5232 9178
4990 9429
5016 9271
4484 9783
4960 9428
5443 8948
4684 9723
5573 8828
5070 9231
5142 9172
5819 8574
4887 9434
5154 9197
5505 8786
5259 9054
5437 8931
4760 9596
4505 9854
5781 8556
6068 8269
5679 8662
5939 8392
4444 9889
6058 8276
6476 8527
6473 8524
7000 9053
6482 8532
6957 9003
7384 9439
7199 9226
7410 9444
7349 9391
7766 9804
7093 9107
7296 9388
7456 9485
7680 9778
7415 9410
6939 9004
6324 8334
7426 9528
6454 8562
6833 8954
7834 9937
6209 8205
7207 9322
6830 8958
6231 8199
7529 9531
6908 8879
6230 8193
6227 8196
6396 8355
6907 8860
7439 9575
6869 8889
6180 8267
7309 9471
7327 9451
6732 8756
6766 8727
7002 8992
6463 8515
7171 9341
7084 8996
7765 9944
6496 8685
7780 9973
6869 8772
6553 8461
7883 9815
6276 8229
6153 8362
6603 8559
7853 9737
6776 8925
6508 8650
7707 9905
6728 8945
7399 9310
7045 9022
6424 8613
6976 9214
6465 8703
7600 9584
6608 8467
7361 9226
7306 9285
7601 9571
6844 8810
6791 8799
6563 8569
6988 9111
6680 8899
6793 8789
7056 9036
6633 8502
6652 8479
6627 8452
7661 9478
6698 8922
6819 8785
7413 9222
6822 8789
6600 8508
6596 8498
7127 8993
7117 9013
6411 8691
6799 8820
6357 8238
6214 8516
6158 8456
8060 9850
6475 8259
7568 9369
6401 8207
7595 9380
7011 8818
6513 8288
7596 9406
6251 8568
7372 9695
7089 8868
6781 9066
6362 8644
7381 9718
8173 9934
8141 9966
7607 9363
6757 9026
6697 8974
6681 9008
7323 9648
6701 8988
6280 8637
7602 9352
8086 9900
8168 9939
6922 8770
8119 9978
6266 8500
6658 9046
8116 9953
7505 9227
7496 9238
7321 9720
7353 9690
6383 8587
6256 8470
7463 9295
6980 8745
6969 8779
6287 8701
7601 9413
7496 9277
6399 8579
7272 9704
7589 9248
7960 9877
6217 8665
7113 8796
7247 9689
6878 9028
6566 8250
6880 9085
6620 8316
7591 9223
6850 9062
6905 9052
6829 8970
7621 9323
7155 8770
6228 8682
7936 9921
6726 9091
6456 8446
8177 9784
8135 9746
7329 9593
7087 8772
7146 8705
6986 8871
8124 9809
7949 9952
6405 8434
7306 9586
8051 9871
6441 9001
6607 9163
7203 9767
6608 9173
7350 9918
6954 8483
7205 9774
8064 9612
6551 9093
6736 8262
8155 9667
6311 8894
7277 9843
6848 8423
7718 9231
7145 8645
6752 8269
7414 9945
6770 8257
6222 8824
7134 8681
8061 9543
7693 9267
6895 8400
6227 8723
7842 9440
7943 9541
6339 8837
6824 8419
6680 8279
7377 9858
7378 9865
7221 9833
6382 8847
7899 9400
6858 8361
7148 8584
7889 9403
6359 8890
7791 9218
7941 9590
7706 9316
6331 8900
6180 8868
6381 8813
8011 9672
7702 9360
6374 8800
7419 9853
7164 8566
7755 9414
7733 9381
7269 9974
6814 8196
6394 8801
7826 9230
8084 9480
7128 8516
7577 9990
6883 8256
6988 8687
6590 8982
6559 9012
7380 9855
6724 8424
6852 8308
6264 8906
6690 8337
8152 9583
7606 9998
6583 8975
6407 9150
8110 9490
7145 8535
6563 9057
7101 8567
7193 9931
7311 9819
6198 8929
6602 8983
7650 9986
6804 8311
7220 9943
6654 8987
7236 9902
6389 8735
7124 8511
7793 9374
8190 9489
6709 8410
7681 9459
6997 8614
7225 9930
8118 9536
7860 9283
6969 8654
6759 8336
8066 9594
6930 8680
6195 8911
8022 9642
6661 8441
7732 9526
6765 8546
6673 8451
6874 8643
6437 8767
7562 9873
6620 8903
7136 8384
7153 8403
6601 8940
7147 8391
6376 9177
7748 9591
6744 8557
6322 9098
7962 9311
7021 8235
6987 8205
6445 8811
7834 9692
7084 8427
8024 9247
7526 9768
6771 8481
8078 9435
7887 9625
7035 8226
6235 8962
6734 8471
6390 9133
6538 8916
6429 8827
6916 8290
6642 8862
6963 8287
6774 8472
7728 9567
8153 9389
8074 9469
6591 8902
7997 9286
7544 9979
6258 9201
6669 8586
6903 8575
6591 8758
7570 9758
6711 8634
6225 9152
6531 8722
7125 8258
6443 8882
6560 8761
8059 9442
7483 9890
6333 8998
7752 9684
6461 8864
6511 8907
6370 9029
6635 8780
7500 9957
6634 8768
7129 8309
6560 8720
6726 8688
8049 9419
6518 8909
6889 8533
7466 9962
7018 8361
7644 9759
8143 9224
7599 9828
6390 9019
8087 9304
7773 9618
6973 8427
7924 9517
7908 9476
6363 9022
7086 8262
6558 8821
7493 9897
7058 8317
7616 9777
7582 9837
6403 8951
6174 9193
6583 8768
6916 8445
7998 9415
7984 9419
6214 9145
6891 9966
7822 8833
7363 8396
8146 9155
7480 8491
8003 9044
6194 9258
7382 8399
8167 9212
7384 8442
7805 8784
7375 8416
7598 8602
7476 8461
7824 8877
7737 8711
7566 8624
6242 9251
6255 9261
6743 9748
7178 8271
6797 9930
6536 9670
7611 8692
6414 9566
6664 9816
6181 9335
6712 9838
7743 8808
7697 8781
7987 9071
6241 9279
6806 9929
7248 8242
6437 9549
6405 9577
7814 8950
7475 8514
7505 8482
6494 9514
7204 8284
8172 9108
6493 9506
7624 8521
7914 8814
7884 8773
7256 8401
7330 8237
6419 9601
7436 8601
8013 9178
6893 9845
8117 9006
6464 9699
6251 9421
7454 8630
7543 8667
6351 9314
7623 8554
7427 8627
6398 9292
7583 8486
8130 9087
6668 9935
7471 8673
6186 9445
6188 9468
7894 8708
7187 8385
7559 8531
7749 8851
6827 9852
7249 8328
7763 8841
6431 9665
6520 9638
8016 9136
7141 9991
7250 8375
6836 9798
6170 9452
8094 9058
6419 9710
6671 9999
7181 8460
6206 9524
6575 9406
6931 9730
7768 9035
7320 8587
6319 9654
7546 8288
7488 8284
7478 8235
7994 8740
6548 9355
8025 8826
6356 9712
7609 8342
7622 8438
6595 9458
7562 8370
8076 8884
6520 9282
6342 9723
7411 8626
8121 8957
6317 9706
6612 9370
6268 9518
7162 9896
7336 8690
7071 9924
6270 9501
8043 8712
6361 9661
7892 9139
6161 9594
7216 8542
6625 9365
7336 8669
6581 9420
7444 8302
8108 8914
7120 9812
7759 9160
6379 9580
7222 8639
7277 8678
6326 9530
6145 9615
6937 9867
6644 9318
6507 9468
6171 9606
7973 8832
6468 9441
8176 8791
6160 9655
7684 9128
8062 8910
7247 8701
7682 9140
7420 8523
7381 8559
8058 8896
6637 9296
6471 9350
6455 9428
6882 10000
6392 9482
7234 8635
6491 9377
8037 8859
6393 9977
6205 9789
6872 9434
7219 8763
7534 9060
6691 9263
7007 9554
7134 9678
6730 9304
7209 8763
7484 9000
7603 9125
7585 9147
7080 9610
7844 8335
7510 9082
6695 9239
6149 9780
6373 9942
6854 9459
7863 8320
7487 8965
7610 9209
6306 9959
6234 9757
7099 9724
6224 9751
6217 9734
7953 8542
7531 9023
7469 9080
6309 9971
7864 8431
6280 9937
7051 9681
6883 9400
6834 9454
8030 8450
7164 9634
7812 8420
7118 9646
7964 8573
7339 8905
7139 9605
6658 9317
7455 9078
7858 8409
6870 9405
6166 9848
6863 9401
8154 8621
7062 9704
6197 9909
8178 8564
7330 8751
8181 8545
8122 8481
8040 8694
7862 8214
6974 9626
6687 9403
6812 9273
7138 9547
7893 8312
7296 8749
7758 8416
7271 8904
7635 9059
7370 8824
6907 9288
7938 8631
6678 9377
6692 9363
7418 8775
6334 9851
6353 9752
6721 9352
8027 8597
7371 8708
7702 8409
8045 8638
7868 8297
6281 9823
8039 8625
8139 8477
6700 9467
6267 9891
8051 8620
6380 9740
6257 9874
7986 8657
7923 8219
6213 9901
8002 8618
7299 8810
7495 9133
6145 9962
7239 8886
8163 8471
6998 9635
7970 8661
6361 9774
7651 8980
6875 9250
7449 9187
7447 9192
7859 8624
6911 9719
7078 9385
6682 9486
7144 9470
7538 8805
6817 9657
7396 9209
8012 8300
8026 8312
6523 9816
7870 8605
7576 8893
7196 9014
6594 9960
8188 8407
6641 9951
8026 8299
7226 8963
6541 9908
7914 8663
8141 8333
7640 8863
6934 9311
7410 9144
7123 9375
7539 8766
7498 8730
6964 9319
7841 8695
8176 8360
6772 9519
7397 9146
7955 8307
6753 9473
7438 8814
7734 8534
7031 9234
6983 9249
7631 8869
6528 9967
7744 8499
6945 9301
7774 8491
7673 8847
7827 8677
7404 9110
7672 8831
7709 8598
6698 9636
6857 9542
8004 8395
7051 9243
7453 8844
7342 9020
6627 9847
6471 9936
7558 8721
6960 9383
7523 8955
7576 8704
6787 9496
7906 8574
7420 9058
8032 8447
7035 9437
7482 8860
7713 8588
6628 9802
7283 9153
6977 9463
6529 9782
6809 9505
7967 8359
7253 9199
7054 9266
6889 9517
6691 9701
7290 9148
7022 9382
6879 9494
8048 8380
6813 9555
7755 8593
7234 9116
6469 9889
7737 8670
6438 9932
7873 8495
7697 8702
7377 8993
6831 9566
6655 9742
7690 8699
6859 9534
6713 9676
7152 9221
6674 9710
7627 8758
