10000 10000
5668 5669
852 854
5533 5535
9745 9746
6650 6654
2355 2358
3843 3845
9434 9437
1152 1160
5271 5278
9264 9274
8135 8140
9061 9070
5602 5614
3221 3225
5346 5359
4132 4137
3714 3724
18 28
2575 2591
6764 6780
5600 5618
6656 6675
5130 5150
3713 3735
2250 2268
6336 6359
8718 8729
777 798
3631 3640
9511 9535
9248 9272
3499 3506
5024 5050
8138 8150
6893 6899
5000 5014
7397 7418
2376 2408
6340 6373
9937 9971
2587 2610
3157 3199
9303 9339
708 744
6927 6946
1095 1130
4127 4146
8977 9023
7555 7597
7007 7025
6421 6459
9691 9707
6981 7029
2376 2424
5532 5549
3782 3828
3851 3897
9090 9136
8970 9023
8449 8500
5339 5358
5061 5106
6802 6827
3712 3770
906 945
3673 3685
8144 8172
4879 4915
6875 6884
2052 2116
5893 5956
9228 9293
1586 1648
3504 3572
4119 4178
1029 1088
7680 7751
3363 3433
3615 3669
314 375
5032 5112
2873 2923
539 590
6421 6467
2483 2532
5169 5226
2209 2301
7822 7890
690 751
6789 6872
3493 3578
9895 9976
4520 4599
3995 4091
2589 2684
4155 4186
1413 1508
7092 7126
9737 9834
4233 4333
1464 1488
8362 8386
6412 6502
5553 5594
5564 5584
8 101
2969 3063
9500 9587
6964 6980
6669 6780
1445 1495
7574 7653
6948 6992
4645 4688
7980 8026
5020 5098
3611 3682
9520 9546
7306 7408
4643 4696
8498 8525
8768 8896
3126 3252
1892 2022
5667 5792
1884 2008
9584 9716
4733 4856
4721 4852
2048 2183
5412 5539
9515 9635
6015 6135
1125 1260
5450 5569
9067 9184
2141 2253
365 509
9749 9860
6486 6599
8732 8846
9478 9620
2646 2757
6234 6350
3373 3513
7939 8085
3941 4083
4369 4486
5983 6087
9581 9717
4097 4248
3365 3519
6995 7112
5244 5344
6720 6877
316 417
9073 9196
340 500
4974 5070
3867 4027
1048 1210
5976 6138
845 1006
8276 8432
806 899
5475 5579
6227 6395
5722 5874
5238 5343
9578 9664
1104 1274
6423 6588
4881 5050
5707 5862
7807 7886
7026 7104
8744 8858
9777 9858
864 980
5245 5320
6159 6330
9577 9694
2623 2696
1805 1969
3096 3236
3386 3460
1334 1416
4112 4271
9732 9924
1390 1452
9763 9959
8973 9160
9826 9898
3174 3247
5246 5300
2064 2266
3100 3287
1796 1999
3702 3771
8294 8360
2092 2274
3442 3516
7745 7825
2837 3015
3160 3211
3944 4029
7705 7873
5747 5800
3890 4078
2318 2514
8967 9179
8232 8437
4478 4513
7474 7661
2604 2764
1137 1169
113 145
4653 4815
1115 1208
8544 8580
6413 6633
4722 4759
2936 2974
3875 4036
4697 4798
617 654
2829 3044
1288 1506
5901 6119
3428 3471
5404 5617
8236 8412
1797 2039
8504 8653
8522 8636
3899 4044
4692 4771
628 652
7494 7612
5226 5264
5699 5816
2855 3035
9075 9103
6000 6028
8793 8868
2941 2944
2879 3008
4465 4494
7781 7834
5300 5556
2803 3058
595 849
7190 7442
9283 9543
754 1014
3154 3415
7192 7454
1674 1932
8360 8623
4177 4438
1059 1320
713 962
737 1005
4833 5103
5871 6112
4657 4897
5651 5890
6753 7024
8859 9097
5763 6038
9235 9478
7205 7485
6796 7061
3789 4052
59 289
4803 5080
1049 1282
1074 1326
1700 1977
3709 3939
630 872
4138 4363
7255 7542
4660 4886
6263 6482
1658 1884
5304 5535
7273 7502
9444 9678
4829 5111
2711 3003
5330 5628
1126 1352
1744 2046
9446 9684
2104 2314
2744 2956
631 835
9311 9576
1149 1354
5299 5508
7235 7546
7206 7450
3275 3575
8770 9087
4139 4374
6904 7110
4256 4576
3154 3344
7361 7554
8382 8699
9441 9636
2149 2339
3156 3347
1674 1997
6686 7001
9792 9992
8295 8494
2214 2543
115 314
198 396
5203 5406
4681 4871
5181 5491
6756 6954
1143 1336
3719 4040
6763 6971
3834 4008
5367 5537
1084 1386
5796 6143
6342 6555
733 898
5748 5908
612 772
1771 1931
4639 4991
2118 2340
4197 4359
6836 7126
9839 9996
1700 1984
138 495
9244 9595
4648 4943
9417 9633
6813 7157
8774 9006
4275 4571
6171 6512
7789 7937
8936 9094
8932 9109
8741 9044
2110 2380
8803 8976
671 1004
8805 8979
7683 8059
8366 8662
2269 2469
4283 4546
8935 9117
608 796
4623 4978
5316 5562
697 966
26 357
3173 3557
7690 8075
7362 7491
8311 8694
4289 4421
6314 6446
1552 1941
1669 1800
119 505
6742 7128
7187 7580
642 781
9463 9575
1740 1885
2115 2512
6327 6434
6878 6982
7290 7650
150 270
7843 7994
5865 6003
7301 7455
4229 4383
5704 6098
103 508
158 261
7228 7591
9260 9648
7769 8185
6156 6572
8424 8521
8242 8593
8216 8635
2130 2550
9305 9726
1031 1455
1553 1977
7755 8161
758 861
5650 6073
8296 8643
8749 9089
5152 5517
3122 3484
4196 4565
8807 9173
3185 3523
8378 8457
3806 3946
1164 1338
5134 5560
7367 7536
3303 3408
4121 4526
516 957
7688 8114
5737 6099
1243 1376
3595 4022
6268 6593
9352 9526
5216 5536
1719 1910
1662 1980
5643 6088
1223 1284
626 950
158 346
5175 5619
9285 9603
5738 6061
5121 5574
9449 9518
8926 8982
78 389
5720 6035
7695 8132
120 437
6889 6951
4192 4526
2060 2499
9470 9521
7327 7501
3688 4026
7833 8011
6331 6504
8761 9197
1775 1847
5251 5467
5840 5896
3263 3430
3230 3399
6753 7099
3717 3928
6202 6631
2141 2434
4219 4516
2151 2438
9460 9493
7889 7986
4218 4510
3172 3456
2070 2546
6260 6545
5787 6014
7367 7458
1726 1883
5366 5395
5782 6001
1703 1856
8351 8568
7929 7952
9228 9702
8951 8988
8780 9127
6235 6582
3075 3565
2813 2834
1074 1501
7405 7426
4223 4492
8923 9000
7303 7540
2659 2967
1214 1354
9351 9585
7759 8119
4104 4595
1781 1800
8376 8519
1269 1290
5526 6039
4407 4916
2463 2970
5484 5994
2337 2854
2534 3052
447 949
3317 3839
6569 7074
174 677
8669 9169
1195 1702
5231 5730
6404 6921
2076 2578
5444 5962
6568 7079
2475 3000
5171 5670
5504 6037
1303 1793
3306 3836
9372 9867
5501 5994
7173 7698
1352 1873
4474 4961
6251 6775
7447 7946
5159 5690
8194 8735
8517 9051
3554 4092
7381 7883
8351 8833
8452 8987
86 630
1368 1913
2233 2712
8283 8826
6274 6819
4414 4895
1139 1623
1251 1734
6389 6867
4160 4710
501 989
7495 8046
3294 3829
6155 6695
4431 4963
8493 8963
9375 9905
2068 2618
142 703
2530 3027
1372 1901
3334 3892
485 982
6267 6728
6411 6968
95 619
3091 3622
5236 5697
2170 2639
5394 5924
7459 7957
3566 4054
3387 3842
3129 3587
9445 9951
3394 3966
2074 2599
382 833
5578 6026
4193 4642
3580 4031
1373 1817
8486 9058
403 981
7 576
7435 8003
6170 6736
1053 1622
3207 3788
2363 2928
7519 7953
2507 2948
2200 2760
7262 7692
1362 1792
9341 9774
3326 3757
8533 8961
3563 4030
71 529
7621 8082
4330 4786
4300 4758
8282 8704
1292 1879
2111 2659
358 826
3151 3601
5417 6006
84 523
2278 2695
9288 9770
2526 3002
8527 9002
3183 3594
9381 9922
5422 5961
1257 1665
4343 4766
4160 4649
8452 9070
6461 6998
7216 7771
1374 1845
1518 1925
2520 2996
2335 2930
1202 1756
6280 6887
2127 2592
4564 5028
4425 4921
2328 2921
9444 9872
3366 3923
1477 1971
3326 3718
6379 6802
8639 9158
7612 8134
8512 9018
5573 6078
5465 6107
1150 1788
5186 5831
3339 3980
7602 7994
477 853
496 889
3197 3831
9254 9900
3518 3893
184 563
2477 2849
1371 2006
3303 3689
5432 6070
7210 7867
4434 5056
6287 6685
3377 4003
7293 7918
8668 9032
4377 5004
125 747
3115 3773
6526 7145
1238 1601
8319 8936
2507 2908
4099 4756
6262 6894
7499 8146
1301 1935
3161 3778
4212 4847
2396 3009
1106 1743
8683 9076
2353 2961
2088 2697
6374 6725
2136 2811
1230 1642
4430 5096
258 933
6305 6662
6358 6782
4485 4911
1385 1989
9237 9913
1076 1689
7559 7978
4414 5011
6379 6725
2123 2788
8214 8889
287 941
1322 1944
8698 9033
4215 4803
4607 4938
3208 3646
6285 6709
5429 6029
3376 3978
8668 9063
3375 3987
7482 8071
8476 9122
2186 2612
8569 9158
2159 2734
6341 6660
3286 3604
35 742
4590 4904
2263 2577
6405 7106
4316 4635
1320 2031
8683 8995
1282 1993
3571 3902
1219 1550
3125 3834
6642 6946
2146 2738
66 658
6418 7107
9302 9863
3360 4084
330 927
1348 1938
8399 8728
4500 4942
3107 3833
3542 3850
191 610
2137 2692
4308 4617
7285 7851
2470 2886
8612 9028
5409 6080
1210 1631
5573 5923
4378 5117
8448 9195
7537 8095
3221 3706
6228 6843
8326 8822
8580 9077
6298 6760
7242 7864
457 827
8429 8735
2448 2914
2182 2672
9224 9982
7522 8090
7409 7688
7340 7765
2241 2619
4502 4973
179 591
104 660
7335 7770
4445 4700
8427 9194
1430 1687
4227 4994
5165 5932
9486 9738
3193 3964
4558 4811
8689 8948
8294 9056
7515 7772
1330 1594
1186 1963
8596 8862
46 804
5191 5964
2305 2572
5212 5970
322 588
4508 4751
2333 2574
7609 7850
102 880
4471 4716
5131 5909
3273 4054
182 937
269 557
6566 6791
5481 5709
7175 7971
1265 2007
4125 4922
2365 2586
6359 7167
2178 2986
4456 4672
8396 9189
6315 7041
4596 4824
7247 8034
1396 1625
1097 1895
9616 9918
6251 6981
6506 6745
3128 3851
7455 7723
3439 3674
3180 3924
3570 3787
8552 8786
1202 1929
2461 2723
126 830
1453 1773
8539 8730
8651 8842
211 913
3173 3878
229 934
4228 5056
243 951
9586 9782
5151 5977
5436 5754
6613 6803
2259 2971
3363 3690
187 1009
9659 9968
1138 1854
1199 2018
153 983
4199 4905
9571 9779
4562 4739
1193 2040
6534 6871
2162 2851
2450 2752
326 533
1237 1926
3520 3732
3455 3626
4551 4753
3465 3807
8374 9185
52 876
1192 2033
3333 3678
7644 7815
8271 8978
4335 5042
6591 6879
4188 4925
2168 2841
8554 8712
8475 8831
3223 4082
4601 4766
9502 9842
7293 7955
5470 5680
8584 8954
3481 3818
9645 9947
217 942
7421 8068
3098 3936
8514 8760
4551 4797
8354 9182
9696 9886
5328 6063
4328 4971
5205 6097
3455 3835
6345 6989
4239 4874
3492 3617
9354 9987
9617 9755
2144 3050
3288 3923
99 1007
6388 7033
6158 7041
5368 6007
458 602
5126 6038
7325 7948
6200 7082
7386 8008
6239 7117
3342 3741
236 888
4142 5051
2330 2703
3488 3637
1318 1713
2267 2892
3204 3871
3106 4030
5333 5960
6563 6718
370 749
2190 2833
6358 6985
7516 7934
411 569
5416 5770
7584 7685
2220 2827
106 973
7433 7840
7316 7997
3391 3731
2051 2990
1181 1842
2324 2726
3415 3812
8607 8748
3357 3758
7453 7854
5266 5926
6153 7101
1339 1678
7411 8005
364 730
4166 5105
1317 1682
122 963
7492 7935
3115 3991
4567 4715
7356 7939
1357 1677
8613 8804
8511 8957
1280 1730
4514 4704
7624 7692
5381 5825
7480 7932
1494 1554
4250 4959
6154 7107
6427 6866
2304 2762
1444 1646
4296 4868
7259 8087
1034 1988
7539 7868
6476 6812
7437 7901
4140 5118
6401 6869
139 863
5588 5635
2358 2798
7193 8129
6238 7046
9507 9979
7621 7711
7339 8049
3159 3981
8505 8930
255 803
5490 5807
2429 2720
5315 5917
5384 5847
6500 6788
5453 5805
5582 5676
7247 8108
4181 5046
9585 9877
9715 9751
3277 3881
7311 8042
8547 8837
493 522
4587 4620
7596 7755
210 826
7594 7747
4362 4832
2352 2779
3110 4045
8466 8953
2207 2931
9590 9882
6564 6728
1117 1969
6609 6689
6333 6989
160 851
7196 8168
2404 2704
6635 6687
3419 3756
1176 1889
2297 2819
6232 7076
3264 3900
5136 6125
482 540
29 1053
6386 7410
2730 3755
3040 4065
723 1745
2776 3803
2279 3298
598 1616
2057 3087
4740 5763
8309 9341
2725 3756
952 1970
4401 5437
8784 9820
6834 7871
8934 9960
6271 7281
577 1615
2321 3358
7053 8093
6586 7594
702 1711
7138 8182
6811 7823
694 1696
530 1540
6881 7927
5034 6077
8920 9920
647 1694
8209 9229
9 1044
4386 5378
2202 3256
4888 5946
6845 7832
15 1062
3039 4085
8827 9808
2793 3778
380 1360
4984 5974
4274 5276
967 2039
8436 9412
8597 9638
283 1327
519 1585
4691 5733
6150 7230
7142 8159
4898 5912
2850 3865
6901 7881
447 1410
4155 5243
6824 7912
940 2029
6459 7546
4370 5459
2263 3222
252 1215
8271 9227
8582 9667
7105 8070
2329 3409
6170 7251
8578 9672
974 1923
4736 5837
4805 5770
4220 5164
8759 9830
6383 7358
462 1436
506 1449
8837 9936
8809 9788
8696 9646
2685 3626
8411 9356
8461 9562
244 1196
2718 3783
6310 7420
818 1897
2775 3724
69 1054
4812 5778
8538 9530
8407 9399
6656 7777
2986 4043
2421 3351
696 1754
8447 9373
2792 3723
2769 3765
4241 5367
7109 8098
8665 9662
8913 9915
4 1135
966 1962
2948 4072
532 1638
4792 5835
178 1217
550 1621
6603 7615
8878 9946
6337 7349
4781 5848
305 1350
6776 7695
8230 9310
241 1161
5063 6076
8887 9932
2405 3353
6328 7365
5102 6032
744 1686
4528 5583
559 1709
54 1205
8397 9294
6922 8076
8548 9699
620 1765
4213 5375
2741 3647
2989 3878
828 1968
4239 5123
4954 6101
8791 9926
4778 5691
490 1400
6377 7291
237 1151
4110 5274
2456 3340
4230 5138
4543 5419
8800 9972
8478 9608
8779 9948
48 1192
6855 7774
6369 7288
472 1345
8442 9315
8259 9432
5069 5974
8206 9362
6696 7860
6692 7864
765 1629
7137 8000
253 1116
6343 7269
8941 9806
7106 8037
6922 8109
928 1799
8654 9574
4787 5659
509 1367
4577 5451
7028 8159
4871 6058
6366 7283
4858 5719
705 1647
236 1090
2165 3290
193 1137
6320 7168
4585 5464
7064 7981
8488 9629
5038 5912
238 1113
2747 3587
2501 3453
6662 7870
73 1264
552 1682
8265 9461
159 1058
1003 1878
631 1719
2383 3470
868 1958
2888 3979
2935 4020
6351 7180
385 1350
3037 3866
6769 7862
361 1440
16 1241
6158 7364
4275 5241
4380 5584
8296 9380
2824 4037
7130 7959
2573 3779
6396 7212
656 1600
8877 9855
2642 3712
8388 9239
324 1426
6775 7841
2094 3321
4590 5433
42 1277
959 1895
917 1871
8213 9422
8240 9452
3026 3852
2790 3641
57 1240
4870 6117
8655 9513
6460 7642
970 1827
640 1642
8336 9338
6230 7356
138 1126
8637 9552
6692 7881
622 1667
6504 7558
8891 9813
5106 5916
8773 9899
2717 3698
2916 3979
6767 7839
7018 8090
4945 6049
2172 3212
785 2017
8864 9809
8476 9711
960 1846
4750 5752
961 1846
4234 5234
2477 3413
2296 3073
2142 3236
2295 3084
2098 3278
2150 3227
4191 5281
9081 9848
6532 7302
3036 3800
2958 3720
646 1920
4904 5664
4367 5126
4159 5430
6497 7275
8272 9564
284 1041
9113 9865
197 1493
148 1408
8667 9422
9050 9805
7078 7870
704 2009
8727 9998
668 1926
884 1647
4673 5980
6730 8020
3006 3745
4502 5301
2087 3329
2223 3462
4948 5757
257 1064
5114 5840
611 1864
2755 4079
2580 3897
423 1161
5090 5846
3022 3832
6768 8007
2395 3171
4308 5613
2630 3967
2113 3452
165 1432
4441 5222
2906 3685
311 1032
151 1495
5029 5861
9163 9867
2066 3410
9027 9730
210 1427
2566 3909
942 1773
465 1173
2407 3107
936 1761
7075 7919
228 1450
8284 9491
738 1970
2744 4073
6885 8119
6799 8156
2373 3089
824 1644
525 1880
954 1775
326 1040
4453 5170
6368 7608
4800 6040
8421 9660
601 1792
492 1207
4106 5457
2536 3252
4389 5242
4547 5280
7136 7811
897 1764
2305 3175
293 1100
6982 7725
2724 4047
133 1518
4925 5713
7152 7837
2824 3686
538 1908
6597 7351
5115 5768
939 1752
692 1984
5077 5793
4319 5547
385 1268
4883 5734
4696 5933
2743 4032
4256 5591
2649 3873
2907 3618
869 1564
3005 3782
2429 3078
4412 5185
2670 3859
553 1878
451 1091
2663 4071
8368 9521
6354 7504
2117 3527
6483 7376
6805 7958
5055 5690
4924 5817
6346 7503
205 1355
6994 7893
183 1328
6634 7277
874 1760
2998 3645
6506 7398
489 1124
4533 5176
8702 9331
4310 5467
8405 9563
7148 7779
527 1920
399 1055
4774 5943
4610 6035
6479 7390
170 1337
11 1439
2730 3903
2634 4060
2728 3903
8383 9510
2686 4068
6641 7274
4422 5341
4937 5845
6313 7477
8414 9538
4599 5227
6381 7538
2946 3613
4506 5178
166 1286
4384 5248
2306 3235
4186 5625
247 1364
8879 9996
8215 9651
518 1955
2582 4017
994 1605
8233 9603
6730 8160
2412 3271
4982 5851
6779 8149
7032 7895
4839 5960
8458 9403
270 1213
2265 3438
4396 5275
8980 9901
6166 7596
6960 7820
808 1685
6557 7202
4359 5319
4307 5395
368 1201
6438 7399
4406 5364
4980 5811
140 1355
687 1893
8238 9700
2847 3797
4964 5807
1008 1595
6552 7251
4681 6021
6479 7297
868 1707
2629 3978
192 1296
6229 7557
2388 3206
8250 9705
724 1793
6996 7809
4737 5975
8340 9549
4280 5474
6940 7878
959 1636
156 1351
192 1308
112 1452
393 1108
8487 9466
6166 7627
2704 3918
4943 5776
6689 8131
2414 3212
4253 5503
10 1513
667 1919
6704 8148
4989 5784
6206 7643
2849 3780
499 1046
8254 9689
8222 9721
996 1548
2750 3926
4901 5836
531 2042
263 1259
4179 5566
4287 5457
6930 7907
479 1070
8684 9247
6472 7357
2524 3113
9038 9911
2915 3738
6873 7968
4238 5492
2882 3768
7076 7775
2099 3528
4497 5228
4323 5405
2485 3147
687 1872
8736 9248
6209 7749
7055 7563
2214 3744
8399 9928
2904 3423
3007 3511
74 1602
2721 3240
8969 9472
2069 3609
6301 7824
847 1345
6854 7368
4585 6119
9200 9727
11 1540
8477 9999
8733 9231
5025 5554
2749 3246
2225 3746
2277 3830
6432 7988
487 2035
8762 9263
93 1611
9108 9602
2063 3608
2561 3097
8771 9307
6192 7721
7051 7570
7015 7549
2700 3216
8949 9448
4360 5909
6338 7903
928 1470
9210 9701
147 1714
5089 5568
7124 7670
4149 5654
4123 5694
2290 3799
3024 3573
7033 7504
209 1787
267 1824
6168 7732
2173 3665
6927 7458
3021 3552
734 1265
6831 7327
491 2011
8211 9762
717 1273
180 1666
795 1324
626 1098
2392 3936
8432 9929
530 1067
4349 5830
2349 3862
4238 5810
3060 3530
546 1052
2317 3890
8845 9394
8786 9325
2249 3721
4426 5898
9004 9583
2185 3786
6804 7376
141 1736
6990 7432
462 1928
2823 3392
8755 9332
3070 3511
8522 9984
2581 3166
6454 8058
9033 9476
4341 5818
945 1505
2422 3879
4805 5268
6474 7963
2344 3963
239 1724
963 1431
6852 7313
2318 3928
6752 7222
427 2045
6783 7208
6930 7498
4334 5814
2190 3798
2899 3339
909 1492
6822 7423
8928 9401
7018 7472
618 1072
8370 9960
8798 9218
6966 7528
4876 5459
713 1174
2298 3749
2081 3649
6293 7927
4348 5791
186 1758
300 1866
6291 7925
4295 5792
972 1444
2424 3859
8829 9233
123 1557
6949 7498
4755 5372
5101 5532
2117 3633
4522 6108
2714 3308
4468 5891
8441 9857
8892 9413
2301 3713
612 1050
6774 7176
9059 9501
6525 8189
6680 7321
118 1783
867 1511
2991 3369
4870 5504
319 1976
2783 3160
6216 7872
2418 4090
7130 7506
2750 3124
2445 3847
4120 5779
4231 5642
6806 7195
4853 5220
8851 9217
6896 7267
7115 7512
4581 6001
4866 5526
488 1917
9126 9523
5083 5453
2300 3691
8331 9756
446 1830
4831 5186
752 1133
4892 5507
4185 5880
251 1626
2754 3168
2919 3525
6179 7809
6424 8124
614 1218
2506 3948
811 1421
317 1946
6408 8096
2176 3625
2392 4082
924 1335
7075 7438
8395 9829
2821 3498
8937 9286
8719 9406
8278 9956
3015 3445
778 1465
2705 3109
8906 9342
6880 7253
6308 7698
2626 3322
4364 6068
8636 9989
6807 7214
6244 7896
4150 5768
974 1292
9143 9589
6777 7354
2963 3408
4794 5246
2315 4046
8204 9931
6711 7419
6987 7557
6455 8184
2864 3583
573 1266
6808 7244
2780 3081
6606 7959
6395 7719
2865 3564
6826 7287
889 1447
6262 7848
6410 8148
4637 5314
4109 5869
6529 8033
7055 7535
457 1838
8990 9716
6276 7790
7091 7512
2624 3243
3014 3371
2610 3292
4646 5321
8430 9729
2236 3660
2940 3469
2625 3251
4168 5819
2868 3527
695 1089
8816 9352
753 1036
977 1234
4663 5428
2453 3728
6542 7816
4403 5684
6228 8019
93 1876
898 1163
5063 5325
6794 7552
6630 7916
198 1997
56 1843
3070 3314
6347 8133
6308 8106
2517 3802
2874 3114
8559 9854
4901 5175
333 1630
2523 3784
4718 5501
9203 9447
2387 3654
7129 7360
2272 4089
4302 6100
6415 7700
5073 5322
6567 7868
2683 3431
947 1197
6576 7854
6426 7684
512 1311
2329 3641
6839 7573
2148 3911
4598 5841
6790 7585
4589 5829
4337 6105
2393 3697
9095 9389
7163 7377
3054 3264
4582 5832
6345 8166
2751 3471
4584 5850
8791 9571
4244 6050
8512 9846
8244 9987
7151 7384
2925 3162
74 1904
2856 3090
2496 3835
4103 5947
280 1572
849 1132
388 1721
2175 3905
5015 5289
2 1853
910 1231
179 2034
2988 3311
4412 5755
659 1498
4303 6020
6581 7928
4170 5895
893 1075
6621 7827
8694 9912
4627 5443
811 1147
6648 7849
8969 9306
147 1991
404 1728
2860 3192
2559 3754
6486 7683
8647 9874
8603 9933
6412 7771
4638 5446
6646 7855
6242 7992
8965 9311
6967 7276
4752 5579
422 1786
6162 8014
332 1552
573 1377
6199 8043
6280 8149
323 1566
2673 3375
3017 3222
718 1454
6902 7571
4693 5424
841 1071
2988 3268
6991 7205
136 2022
2897 3134
8788 9531
2487 3800
8748 9565
4632 5481
4840 5529
4576 5777
9106 9441
8772 9527
2804 3463
6273 8181
9169 9381
7052 7416
426 1758
8639 9930
2890 3132
8 1919
6604 7867
4640 5465
5041 5320
4375 5742
828 1094
2479 3796
2055 3962
471 1704
4206 6127
2653 3548
8858 9496
6338 8006
3048 3180
6812 7445
44 1957
2129 4060
6333 7984
6157 8067
5032 5159
4598 5734
6309 7988
8679 9846
4869 5271
4465 5860
613 1533
116 2031
4243 5903
2895 3280
684 1331
8806 9670
7069 7231
298 1678
8605 9786
483 1604
7020 7364
2150 4046
5107 5210
5067 5218
356 1743
6547 7743
2169 4052
9074 9436
2075 4010
8689 9795
4403 5760
4841 5468
8642 9847
6473 7935
4290 6005
9035 9468
3010 3189
2765 3447
9167 9333
4216 6082
2571 3504
9101 9265
4449 5853
7070 7200
6549 7723
6984 7415
899 1091
6376 7976
4966 5285
2736 3444
8713 9676
8909 9483
9093 9293
2923 3232
914 1113
8998 9453
6932 7391
6976 7310
4622 5598
265 1753
4525 5757
6164 8134
8567 9891
4105 6111
162 1908
4734 5544
4602 5676
8407 9985
9000 9471
8754 9701
3056 3112
2637 3476
5119 5157
5104 5163
2505 3602
7003 7296
264 1749
3033 3076
7022 7347
526 1488
9151 9312
986 1080
8755 9681
6243 8065
332 1705
776 1261
8975 9450
8417 9991
4557 5675
2633 3503
6672 7671
6761 7566
5111 5151
2994 3162
6219 8098
6416 7930
4437 5822
900 1135
1023 1043
8801 9612
579 1454
6757 7562
370 1693
2626 3501
2894 3262
6830 7518
2180 3957
5070 5180
292 1751
4902 5329
2993 3142
2312 3824
2140 4005
6700 7637
53 1996
2503 3646
8953 9475
511 1541
4463 5781
2225 3914
8562 9865
873 1172
6574 7763
727 2771
1864 3917
5601 7655
4113 6169
5284 7342
1701 3759
857 2901
4643 6702
1051 3083
4600 6633
4958 6988
760 2794
213 2240
265 2335
4503 6528
1155 3227
4967 7038
4331 6385
5908 7944
1566 3586
901 2971
4479 6496
4187 6212
4779 6792
271 2346
5693 7704
5921 7940
4593 6615
4356 6435
1235 3316
4530 6554
4642 6667
4245 6335
5982 8052
4770 6793
5342 7413
1521 3549
441 2454
5241 7254
6118 8150
6120 8156
781 2874
4621 6708
743 2777
1131 3157
5558 7560
5670 7780
1652 3638
4985 6970
621 2601
822 2930
5205 7187
1097 3086
5706 7693
1272 3253
466 2435
1646 3642
4877 7000
4575 6534
5488 7466
5698 7709
5761 7905
4161 6177
6091 8111
409 2558
6053 8130
4113 6265
482 2442
4579 6538
5019 7153
1665 3819
1558 3706
720 2748
4926 6994
4181 6201
4293 6315
186 2260
5388 7548
1358 3391
4899 6992
1196 3295
1321 3418
5787 7907
1862 3902
5531 7655
5901 8051
886 2825
4207 6382
648 2570
4864 7044
4322 6247
5023 6938
5551 7463
5945 8112
1522 3451
272 2458
5003 6912
1797 3976
1226 3140
709 2635
2016 3952
4990 7151
4266 6201
5010 6918
633 2796
43 2238
4785 6700
719 2642
862 3008
5143 7305
178 2066
879 3021
5161 7308
5508 7457
4670 6808
4338 6229
694 2591
394 2336
4341 6239
5980 8183
4295 6252
5337 7285
5044 6936
286 2481
935 2839
5257 7224
1819 4008
5309 7182
5140 7328
4541 6409
600 2798
5686 7808
6059 7965
4492 6454
1003 2896
4670 6787
5745 7886
4281 6264
1401 3512
1222 3077
4665 6906
302 2541
1211 3192
773 3009
1523 3383
4387 6631
1188 3169
635 2749
1411 3397
5864 7726
222 2073
1016 2865
1622 3740
308 2552
4175 6272
5413 7668
4134 6389
426 2425
5059 6935
1319 3571
1954 3959
4146 6375
947 2917
5775 7769
4517 6524
5364 7215
924 2880
1112 3205
208 2062
4605 6428
1468 3416
582 2722
5353 7183
1410 3429
5125 7407
4193 6283
50 2265
1204 3167
443 2390
6079 8017
4719 6785
1437 3443
4730 6794
1434 3434
915 2914
5480 7580
5425 7620
469 2349
40 2256
1095 3263
5414 7647
4329 6160
5928 8147
4494 6517
1527 3340
5981 8096
5695 7874
5161 7383
983 2857
4743 7054
4667 6966
4682 6983
746 3066
4589 6397
5302 7589
1359 3164
1082 3372
6087 7902
1894 3711
4894 6661
4496 6321
1871 3693
1801 3629
4631 6963
5142 7474
172 2440
5598 7416
6100 7923
4844 7108
1680 4025
1476 3306
1317 3093
1624 3945
1132 3422
1208 3466
1424 3237
2027 3805
5688 7950
233 2527
1002 2780
5842 8165
1435 3235
5440 7292
1783 4043
736 3037
5065 6900
5713 8047
4795 7161
1378 3105
5771 8143
5373 7610
5722 7954
1721 4080
5313 7560
4798 7157
1180 3543
1632 3884
4689 6941
4423 6155
4313 6549
1449 3300
468 2203
792 2647
4554 6299
1307 3150
4272 6632
1395 3113
4964 6719
1742 4013
5045 6870
4365 6249
4900 6720
550 2893
5922 7753
4858 7057
5162 7495
5227 7428
1956 3799
4820 7073
557 2904
514 2932
5534 7401
5871 8085
4299 6576
5613 7312
1389 3090
699 2875
5125 7556
1690 3867
4467 6386
4102 6532
1565 3992
5001 6671
1469 3131
4994 6666
94 2518
1802 3718
4882 6815
1615 4034
319 2226
2017 3695
127 2542
5225 7672
5589 7236
1231 3421
636 3054
5798 7987
83 2500
1034 3485
1065 3506
1079 3500
37 2488
624 3053
5339 7493
62 2462
1531 3161
4491 6184
5661 8126
1608 4075
1546 4009
957 2585
1609 4076
5008 6710
1639 4047
1316 3214
4203 6592
5829 8041
5122 7598
1858 3823
20 2491
5387 7332
1038 3519
6018 7728
652 2872
4227 6453
5404 7339
4402 6281
4204 6608
5401 7335
755 2893
345 2278
5525 7252
1115 3482
910 2636
393 2122
5631 7227
1612 3977
5282 7524
5019 6748
683 2924
325 2189
4537 6256
982 2588
5771 8001
5778 8025
4919 6905
5388 7363
731 2836
5838 7967
4778 7035
4294 6423
5447 7317
5187 7568
5762 8023
5387 7389
1467 3181
1957 3699
990 2566
1932 3669
1222 3356
1187 3454
5970 7823
2026 3639
4219 6565
4119 6600
6077 7773
5717 8117
2028 3593
638 2968
1253 3341
5802 8003
5710 8099
4747 7014
4523 6234
625 2947
5476 7318
1818 3816
1679 3965
4548 6193
5100 6681
5521 7270
5519 7286
362 2192
5492 7310
4202 6544
119 2443
1425 3181
1012 2569
5362 7436
402 2157
6091 7627
5870 7406
6092 7629
3 2562
4368 6929
682 2222
5604 8160
793 2332
528 2070
5332 7891
196 2764
4228 6797
5148 7702
4436 7006
1955 3496
939 2471
4184 6741
5850 7370
1183 3727
5452 8029
4456 7034
4546 7121
136 2719
5552 8103
764 2276
537 2048
4372 6925
539 2050
4992 6553
4920 6434
879 2420
1666 3230
4698 6213
4796 6300
1595 3099
442 2970
5496 8025
743 2245
1614 3179
4417 7012
1585 3092
5888 7462
5493 8019
5627 8157
969 2529
857 2419
4209 6747
1559 3133
5007 6564
1580 3072
4279 6810
4552 7143
848 2403
1638 3155
6013 7496
1576 3101
4469 6988
1334 3852
5482 8016
5349 7902
777 2354
1941 3502
1916 3399
1302 3882
6089 7668
4447 7009
1760 3295
4747 6347
4810 6282
5918 7517
1813 3411
5896 7502
5861 7330
197 2690
5530 8146
1570 3176
374 2876
5317 7822
6040 7637
4301 6786
1788 3245
6044 7630
4780 6398
5028 6647
412 3023
5219 7735
4110 6747
1081 3692
5347 7861
5702 7184
1028 3667
1986 3486
1515 4023
5130 7766
4413 7008
4760 6343
5221 7685
4154 6745
4534 7123
4312 6846
4389 6979
2013 3515
4610 6250
5170 7768
412 3062
1476 4014
1171 3832
1455 4035
1069 3648
4317 6835
5002 6628
5826 7341
752 2177
220 2729
1950 3559
379 2816
1263 3731
4286 6851
199 2746
998 2459
60 2625
334 2864
5751 7177
4504 7142
4544 6977
5370 7803
372 3061
1226 3662
4451 7140
1448 3874
4512 6954
5193 7874
5625 8055
5202 7900
102 2792
4668 6323
4415 7087
5494 8162
5756 7400
1639 3313
799 2440
7 2718
5287 7739
4251 6663
4828 6210
4481 6942
13 2706
1403 4059
1351 4070
4174 6892
4332 6735
1606 3301
647 2082
4290 6757
1342 3993
1829 3468
5487 8130
5630 8017
5835 7268
4947 6627
5975 7654
1532 3919
5843 7264
88 2796
1896 3548
4440 7149
514 2235
953 2309
4218 6855
5212 7906
1001 2390
5655 7336
1738 3082
1959 3428
5904 7636
5947 7679
565 2289
4776 6253
4720 6328
5110 6463
4699 6290
1461 3967
1865 3458
1294 4032
5990 7592
605 2194
5357 7714
625 2208
219 2575
232 2620
4268 6776
863 2441
1887 3464
5553 8038
4450 7098
180 2668
1394 4010
1463 3949
1641 3250
679 2169
5398 8137
1862 3495
5505 8035
5540 8007
4376 7167
6134 7441
4852 6163
971 2339
1750 3135
5283 7753
1649 3201
4771 6226
4324 6677
5639 7412
1497 3885
4824 6189
4953 6575
5097 6430
995 2331
5899 7664
5838 7221
255 2563
871 2459
5084 6433
1144 3960
5607 7911
361 2664
812 2094
5078 6356
5458 7760
1517 3822
5223 8032
1809 3097
4998 6286
1307 3603
5992 7268
5527 7833
1668 3477
1281 3600
941 2233
681 2493
1660 3433
399 2712
1571 3387
1755 3522
4400 6699
4594 6895
1784 3557
890 2151
4424 6742
4459 6729
5336 8186
4863 6620
4741 6566
4395 6671
5747 7511
4129 6916
674 2439
1857 3175
591 2409
6098 7412
653 2474
4305 7158
1877 3196
1189 3977
4946 6271
4773 6548
5523 7842
5738 7515
4697 6509
6030 7355
1129 3935
1304 3630
1705 3486
2021 3282
4707 6491
2021 3294
1428 3752
4177 7021
4115 6959
4257 7068
1525 3786
381 2622
1412 3776
1565 3416
42 2927
6059 7406
1138 3893
4655 6500
846 2053
237 2982
424 2788
4755 6623
620 2336
4257 7149
1855 3186
1949 3276
999 2230
1477 3735
1732 3478
673 2547
1230 3997
5500 7727
1614 3353
5928 7280
5783 7629
1683 3529
902 2268
4556 6806
128 3035
188 3041
127 2850
5685 7531
5689 7527
5832 7575
19 2931
4611 6499
27 2939
5793 7618
5104 6294
35 2885
5727 7481
6103 7344
5781 7666
1173 4093
4217 6931
895 2069
1191 4044
978 2239
1971 3267
861 2093
1443 3792
1556 3425
1751 3490
6117 7312
117 2818
741 2461
5095 6302
139 3058
1934 3316
1972 3279
1549 3446
521 2422
1168 3856
4802 6464
5716 7638
1634 3556
5557 7731
5587 7764
569 2494
4117 7069
5615 7782
1199 3875
5937 7329
280 2696
1545 3483
5615 7804
502 2658
1680 3332
176 2853
1040 3974
1964 3131
98 3066
4534 6703
4588 6774
852 2254
484 2680
586 2519
4625 6543
386 2589
883 2284
25 3000
1608 3563
5858 7494
4817 6519
4135 7040
725 2428
572 2454
4909 6273
4850 6495
1329 3740
676 2313
1407 3793
5012 6202
930 2061
669 2351
553 2458
290 2710
5638 7603
1527 3662
5936 7305
4183 7150
881 2251
1272 3908
4467 6863
998 2139
1420 3635
5886 7489
4664 6649
5139 8151
4509 6744
1470 3705
5038 6247
5892 7374
1945 3155
452 2574
181 2942
1063 4076
4114 7134
1437 3664
5753 7604
922 2135
5500 7853
1904 3234
4461 6846
1061 4081
376 2733
4944 6278
1338 3810
1555 3531
6109 7175
1201 3948
4966 6329
790 2249
4775 6520
6104 7225
207 2860
4171 7087
4723 6551
278 2802
5406 7924
4930 6312
5759 7573
606 2484
700 2391
4731 6551
1936 3197
5383 7914
153 2935
676 2388
562 2499
1519 3611
5198 8122
12 3061
5718 7595
5575 7738
4880 6381
5547 7765
5363 6385
1990 3012
5480 6507
5878 6898
986 4062
4887 7954
1486 2504
6009 7038
4998 8065
914 3994
5968 7000
4404 7480
4874 7943
369 3454
5710 6721
4316 7372
4597 7653
5777 6789
1019 4077
1861 2909
6102 7118
4700 7749
5917 6918
94 3138
5739 6773
251 3301
6025 7062
4469 7530
1124 2116
5525 6583
1832 2826
5619 6608
380 3412
5796 6797
4506 7600
5718 6781
818 3868
1484 2530
2024 3014
561 3584
5530 6571
1835 2842
189 3215
492 3551
4106 7231
4836 7890
4298 7421
4253 7338
5393 6441
4282 7298
952 3969
1900 2902
5306 6272
1610 2678
5025 8092
5040 8077
4536 7558
4400 7438
1099 2164
1043 2092
5708 6668
4995 8131
6048 7140
1892 2848
294 3427
5608 6574
4960 7975
4826 7830
4405 7544
5224 6204
5116 8104
5082 8079
5577 6559
4613 7763
1182 2248
4667 7778
5390 6487
5252 6365
1737 2707
2027 2999
2023 3002
4120 7237
1544 2646
4891 8059
2007 2999
377 3352
5000 8170
5321 6317
375 3346
4606 7579
5610 6540
465 3510
97 3078
4226 7402
4932 7981
4715 7682
4418 7464
1627 2608
4109 7267
4566 7609
1946 3050
5113 8072
4705 7699
4130 7249
5830 6837
4511 7660
5376 6516
1298 2407
6133 7042
5456 6439
5253 6396
2015 2982
5491 6409
1302 2413
502 3464
4907 8107
498 3440
5935 7085
4235 7176
5251 6150
1395 2549
5581 6475
5927 7072
1600 2759
1121 2281
4516 7468
1702 2604
4194 7410
767 3694
1328 2465
1365 2503
1171 2054
6076 6955
495 3448
2041 2926
4624 7815
105 3313
1085 2213
4558 7511
1861 3039
4451 7679
267 3479
1241 2119
461 3437
5270 6196
195 3168
5249 6178
990 3963
4648 7821
4333 7243
5154 6277
40 3200
1018 3922
6130 6976
480 3410
822 3973
400 3364
2019 2902
1961 2844
5806 6683
191 3082
736 3670
4224 7222
4297 7294
5824 6778
429 3345
4769 7708
1233 2156
6083 7036
4846 7761
268 3507
4132 7396
4270 7278
5969 7056
396 3406
6134 6962
4133 7393
1804 3018
6095 6921
1872 2967
1037 2250
760 3632
364 3492
384 3400
218 3091
4971 8097
4499 7513
1430 2397
4319 7188
1078 2296
454 3337
5779 6748
358 3510
1629 2701
1995 2842
5144 6346
82 3201
1340 2538
787 4042
844 3990
260 3550
1134 2229
1417 2389
5008 8013
5096 7991
5079 7991
75 3241
6042 7032
6052 6983
1995 2856
1076 2256
1903 2955
4741 7777
4096 7397
4571 7486
4888 8190
4355 7659
5725 6833
1989 2857
1030 2282
5267 6270
1372 2482
316 3539
22 3302
5365 6149
4632 7913
5308 6222
5449 6587
5700 6832
398 3451
6055 7007
1447 2398
1959 2909
378 3457
1837 3025
5639 6907
231 3098
5515 6518
1281 2556
1425 2415
5434 6597
4732 8061
419 3239
5942 6707
738 4074
49 3385
149 3487
948 3774
1468 2224
564 3896
1503 2259
360 3193
5310 6575
1309 2060
1671 2964
4347 7663
871 3708
840 3670
70 3417
89 3398
339 3148
362 3144
338 3191
1013 3795
4630 7998
411 3251
4107 7459
5511 6316
2010 2801
5816 7062
4225 7599
4410 7179
201 3576
5128 6458
1079 2309
5482 6232
1501 2281
1346 2166
542 3882
1114 2415
1612 2938
4100 7484
5265 6569
792 3616
1935 2743
4369 7211
1597 2822
4658 7951
808 3605
568 3845
1887 2656
476 3299
5053 7933
4482 7362
1601 2816
5031 7910
4099 7490
5277 6617
4169 7436
1650 2869
4934 7681
4560 7319
4780 8171
2028 2724
4732 7990
161 3562
1506 2217
4331 7590
958 3827
1550 2883
5506 6348
4318 7569
6011 6699
5421 6269
5498 6186
1473 2193
4838 8116
5788 7118
4652 8062
1259 2494
5435 6241
5907 6732
1308 2168
4890 7806
5146 6527
679 4034
604 3898
723 4020
5720 6960
79 3367
1065 2368
5569 6312
4484 7405
1840 2650
1937 2810
5944 6740
834 3629
5558 6361
5874 7045
1271 2447
5204 6444
51 3401
1022 3716
1688 3045
5876 7051
1254 2457
5856 7071
5097 7785
6002 6898
4318 7519
1593 3003
783 3725
1459 2096
1836 2728
4215 7665
1349 2242
1004 3691
327 3278
444 3125
285 3220
5192 6596
5982 6867
467 3165
472 3145
5247 6637
391 3093
177 3362
1197 2361
449 3156
5064 7773
5545 6207
855 3777
4641 8118
293 3250
137 3345
919 3599
1803 2705
4164 7646
185 3365
5011 7694
5075 7795
1851 2715
997 3653
5541 6151
1795 2727
4973 7882
4479 7382
1033 2469
4495 7201
628 4058
1657 3030
397 3133
4653 8092
547 3986
1157 2359
1554 2977
4698 8174
702 3850
5484 6361
675 3866
1198 2327
487 3164
4352 7355
386 3134
1127 2523
156 3360
507 3142
5135 6577
719 3952
5833 6923
401 3159
5119 7737
5533 6230
1694 2898
347 3220
4277 7526
5403 6344
5519 6235
6129 6693
4 3539
1816 2767
1599 3047
5147 6594
4512 7289
1963 2673
1574 3064
5089 7742
850 3762
1815 2807
4636 8184
1691 2943
5503 6299
5608 6157
4981 7824
728 3901
4591 7177
4249 7550
662 3953
4159 7640
5540 6220
5219 6537
1045 2558
6114 6665
62 3536
5743 7040
5824 6961
1294 2300
843 3769
5711 7100
1943 2660
1475 2096
4917 7873
5585 6180
320 3258
977 3628
203 3382
1981 2627
4401 7375
876 3436
1316 2852
4837 7399
5622 7154
999 3555
1656 2174
371 3956
1835 2348
4554 8141
1774 2277
291 3889
259 3857
5214 6733
4949 7489
1992 2525
5626 7136
81 3658
5999 6515
4176 7756
373 3926
4125 7736
109 3656
1275 2781
5552 7063
1564 2103
1733 2280
5101 7645
534 3111
1088 2675
5294 6810
383 3914
4563 8165
5378 6965
662 3244
4222 7746
5235 6734
4536 8069
4434 8044
776 3402
522 3145
1270 2739
27 3676
649 3265
4712 7203
5073 7581
6132 6585
5318 6792
1748 2180
5560 7144
97 3633
4685 7199
4237 7897
714 3228
1103 2584
5740 6198
5206 6666
5328 6798
726 3254
1924 2534
4261 7879
1365 2871
1391 2827
759 3219
5766 6370
23 3698
1697 2247
6026 6636
4740 7395
5446 6945
5762 6377
5005 7649
627 3102
5645 6240
5301 6872
838 3368
5872 6303
5213 6701
1405 2828
975 3517
1086 2632
458 4018
5068 7606
5079 7595
4306 7852
1796 2427
4463 7952
5424 7088
1889 2531
969 3403
4969 7660
250 3711
1017 3452
4644 7330
6115 6501
4651 7341
1457 2873
2025 2401
4201 7904
5091 7530
249 3696
5854 6231
1141 2814
1731 2120
442 3895
762 3188
402 3869
5517 6914
1688 2056
4391 8118
1753 2120
5148 6798
4291 7767
5841 6213
106 3837
1659 2275
6106 6467
2026 2416
6023 6429
1786 2145
629 3310
2034 2414
1589 2218
227 3650
617 3275
450 3937
6012 6616
5643 6319
4977 7636
5327 6761
4216 7903
4704 7369
5616 7001
4481 7979
5427 7064
545 3214
1448 2840
4499 7970
1413 2870
5823 6156
1238 2658
5514 6973
5759 6344
5925 6556
970 3443
1377 3032
4578 8029
5605 7002
5617 6961
4444 8093
1755 2074
546 3296
5394 7121
1905 2484
4680 7311
5821 6263
4136 7906
856 3474
6111 6420
1876 2456
1996 2306
1562 2261
836 3476
4710 7349
525 3291
4675 7316
5267 6724
1297 3016
721 3080
4814 7188
739 3072
532 3312
916 3441
5348 6657
240 3606
45 3787
5108 7452
1499 2867
4573 7989
4485 8045
333 4004
5794 6217
594 3260
5894 6645
235 3614
4307 7722
4939 7601
1804 2551
6120 6419
5228 6800
1232 2605
5931 6613
4608 7424
453 3781
5152 6944
850 3152
813 3119
4122 7960
14 3853
1385 2666
5113 7420
1313 2599
1471 2745
4750 7552
1979 2228
1384 2680
1441 2737
4175 8030
202 4059
1469 2732
4392 7740
5977 6221
5665 6455
4623 7449
4329 8191
5289 7093
6126 6384
4273 8111
1236 3019
1142 2900
603 3449
672 3459
4914 7185
4840 7628
4629 7473
556 3336
1837 2059
1818 2109
1844 2067
5671 6400
126 3925
4145 7962
4539 7831
606 3442
5993 6214
741 3540
4437 7783
1221 3057
4923 7171
5211 7010
5852 6629
742 3551
1660 2374
5859 6617
1297 2605
4117 7977
6106 6374
5652 6441
5173 6920
5468 6754
802 3171
1458 2806
4528 7925
2023 2209
535 3420
816 3195
524 3392
5165 7008
4622 7488
5272 7112
1525 2725
1822 2124
5215 6924
602 3341
371 3620
5210 6912
543 3394
1229 2960
327 3610
225 4031
4677 7461
301 3663
1290 2670
5209 6972
250 3996
4865 7270
4613 7533
278 3710
4671 7510
603 3378
398 3813
5049 7380
5658 6516
671 3568
5640 6521
4893 7272
5686 6465
5238 6913
1978 2242
691 3531
201 4016
860 3105
253 3971
4342 8055
6028 6152
4651 7599
4565 7762
1965 2085
5153 7081
473 3664
4555 7746
5647 6533
644 3336
53 4024
5072 7263
1882 2251
5790 6413
1312 2741
4999 7198
5550 6708
5441 6875
34 4025
5312 7004
5469 6849
2036 2153
4850 7532
4743 7449
575 3489
5834 6485
511 3680
4433 7922
4427 7919
4518 7682
4957 7418
5174 7070
1860 2285
4830 7541
1398 2779
116 4057
5715 6653
1814 2212
5021 7215
5767 6452
4490 7742
5644 6580
4457 7888
5955 6393
1505 2652
4881 7343
1921 2110
4340 8011
6114 6237
4717 7597
5967 6285
108 4009
1492 2578
107 4012
4661 7674
5783 6470
1548 2526
5744 6562
5090 7223
4935 7314
448 3605
5570 6679
661 3395
4999 7248
1581 2549
4321 7993
5872 6440
1463 2669
1456 2667
474 3590
281 3781
1465 2661
1099 2966
505 3623
4112 8142
4564 7733
1432 2681
1154 2918
2042 2079
1934 2155
431 3657
1591 2513
4906 7373
5255 7022
1561 2546
4828 7472
4538 7767
5185 7084
137 3961
208 3873
4968 7324
920 3182
585 3518
4261 8028
4684 7607
4711 7578
2655 6750
759 4854
9 4104
2941 7036
1931 6024
1268 5360
1520 5620
3138 7238
1479 5570
2153 6254
3521 7622
3355 7443
3151 7238
2766 6851
436 4538
2460 6546
1546 5636
1055 5135
709 4821
3598 7710
1462 5543
3746 7859
3710 7791
3522 7639
2038 6113
440 4527
1918 5988
2062 6165
2815 6883
1723 5799
2651 6727
3335 7450
3660 7762
2107 6180
4073 8136
3414 7543
2920 6987
1422 5546
2564 6691
529 4665
2539 6595
2340 6414
3383 7453
832 4970
1528 5586
1363 5502
1667 5805
888 4951
1346 5490
2527 6638
1762 5843
1851 5902
897 5047
3330 7477
1812 5923
3744 7832
3361 7448
3697 7752
3343 7473
3736 7897
3956 7989
1618 5648
2258 6288
2370 6401
2702 6858
2170 6194
2432 6601
212 4254
238 4258
2315 6471
645 4808
274 4447
2344 6503
3825 7843
413 4559
2105 6252
1283 5461
1672 5854
3789 7835
3639 7776
1691 5826
2426 6432
1225 5266
3625 7794
438 4586
55 4182
1048 5242
3200 7394
1877 5943
1178 5369
155 4351
2177 6372
3678 7739
3972 8161
1071 5192
2136 6193
104 4098
666 4849
1870 5925
2287 6275
2056 6246
268 4476
241 4225
2444 6654
3644 7758
799 4970
1816 5997
3983 8185
60 4170
579 4661
3163 7213
2797 6805
1523 5514
2766 6837
2437 6648
2131 6189
766 4737
2758 6841
2195 6380
2901 7124
2131 6353
224 4200
3456 7433
1329 5562
1712 5692
2759 6731
643 4621
1107 5340
3865 8077
896 4885
2597 6847
168 4147
1314 5561
1106 5327
1868 6122
3287 7280
2264 6256
3792 7801
1284 5550
1779 5727
2745 6677
339 4607
1838 6017
2806 6726
71 4343
1472 5488
901 4918
3932 8169
515 4789
2420 6594
3034 7021
1711 5656
3512 7425
3249 7181
3262 7171
3395 7678
266 4532
3520 7551
3312 7217
3655 7810
3794 7704
1321 5603
698 4726
1982 6003
2270 6163
3765 7803
2497 6417
3999 8015
55 4327
2586 6859
2508 6430
3620 7926
2859 7160
2504 6428
3502 7547
668 4682
2478 6518
1675 5714
31 4294
3838 7717
2085 6393
2118 6296
2619 6885
2905 7047
1520 5392
2330 6651
3864 8187
3253 7248
219 4157
451 4388
2892 7077
131 4201
2044 5910
433 4442
4015 8004
1335 5596
3490 7497
2943 7058
2916 7050
3915 8101
3863 8167
2891 7098
2688 6772
1225 5182
4048 7978
2799 6676
1860 6073
3013 6968
1023 4864
2486 6473
722 5072
1891 5728
3666 8023
1405 5240
3831 8177
1378 5220
2583 6928
2063 6408
3320 7665
1073 5435
3955 7801
2694 7052
2451 6297
3870 7701
882 4735
3747 8110
2782 7120
1706 6053
4021 7845
3178 7544
2072 6410
299 4152
209 4549
1159 5523
1881 5709
3094 7439
3120 7465
338 4171
815 4662
618 4976
4063 7876
1254 5626
2365 6179
2509 6354
3123 7468
4051 7923
344 4217
943 4749
2649 7034
1059 5383
1830 5632
1516 5317
2657 6986
1435 5296
1165 5536
1655 5959
47 4380
549 4886
182 4482
2668 6996
2905 6752
3007 6788
3513 7300
517 4923
2441 6327
1985 5761
2862 6766
789 4692
2568 6986
131 4545
355 4128
1789 6075
2641 6934
3139 7428
2299 6579
2881 6665
1175 5597
3289 7571
2713 7122
2540 6311
565 4985
1046 5464
2354 6242
780 4701
1267 5538
3059 6817
101 4406
504 4268
3804 8074
3465 7390
2282 6579
2979 6911
407 4297
3244 7628
3541 7348
1068 5448
3654 7971
1573 5954
3509 7389
3213 7652
2371 6190
345 4151
2845 6771
1547 6011
2681 6920
1500 5294
2341 6231
754 4992
2994 6854
3707 7950
215 4514
3586 8056
1847 5706
912 4847
1361 5329
2861 6828
110 4591
1070 5549
257 4226
1587 6071
1310 5273
206 4421
712 4931
3826 8057
2474 6183
2933 6906
3750 7977
2765 7005
2926 6910
3158 7622
4007 7734
141 4383
3776 8021
1336 5295
1176 5391
801 4793
3285 7503
1279 5476
1324 5303
3931 7877
3808 8062
3178 7669
1966 5646
2077 6591
2903 6900
2205 6457
586 5102
3318 7507
3143 7661
3651 8168
2002 5758
3889 7836
194 4460
3999 7729
295 4232
2258 6498
433 4100
3616 8086
315 4236
3719 7999
3437 7380
171 4368
1722 5894
2910 6883
2399 6298
3031 6672
3398 7309
665 4949
2200 6484
279 4314
3946 7844
2739 7011
3830 7972
2886 6800
791 4801
2224 6503
1379 5307
587 5010
1035 5585
658 4936
2402 6329
2243 6431
3153 7566
3606 8180
2976 6722
445 4190
1157 5478
1195 5455
1570 6086
185 4444
2735 6984
2097 6614
1848 5842
512 5100
2000 5693
1567 6129
168 4442
2347 6367
3055 6683
2716 7017
3069 6661
351 4260
1907 5775
3277 7884
2204 6814
2114 6721
796 4376
2307 6919
1569 5156
1133 5736
2012 5594
1930 5516
1182 5784
1761 5350
453 5069
3558 8175
3638 7226
2983 6570
1025 5644
359 4968
2203 6795
2245 6871
2771 6337
248 4846
443 5036
946 4517
303 4918
3224 7811
1503 6084
1841 5418
1820 5379
157 4738
893 4445
146 4787
609 4163
3927 7540
2570 6185
1204 5776
3750 7298
2540 7114
2091 6659
355 4939
2962 6587
4004 7567
3801 7413
3232 7826
20 4647
245 4806
3469 8121
3704 7245
1100 5755
135 4799
1165 5812
2308 6973
3400 8050
3106 7705
2204 6816
1078 5641
321 4867
3696 7218
230 4772
1 4674
1591 5236
3589 7234
221 4762
3618 7274
429 5093
527 4167
3715 7370
3544 8081
633 4147
2521 7059
2557 7089
2164 6714
2829 6466
2179 6866
1489 6019
1066 5753
548 4208
4041 7583
1408 6103
3907 7451
3530 8080
2648 6148
1729 5279
3302 7812
2584 6267
3282 7861
1627 5180
3722 7394
1123 5642
820 4446
839 4397
3249 7898
2677 6174
2389 6969
1193 5828
3536 8125
1051 5750
3033 6580
2567 6249
3432 7961
3801 7336
651 4346
3350 8036
1445 6097
1530 6031
714 4287
3382 8015
1777 5259
2360 6979
2545 7053
445 5059
1187 5665
3260 7743
3349 8086
3760 7220
2644 6353
3361 8100
3883 7598
2859 6563
497 4989
611 4335
2965 6425
2303 6770
3286 7768
2037 5499
2179 6674
4085 7521
2615 6307
653 4123
2757 6226
1188 5683
2227 6698
1914 5607
2464 6913
3499 7944
2976 6403
2271 6779
1583 5258
3846 7587
3284 7794
63 4757
2246 6765
1504 5965
1262 5699
904 4390
1829 5515
2332 7080
1478 6015
2086 6815
4063 7526
195 4729
2154 6865
3331 8120
3468 7984
1011 4429
1244 5661
2603 6383
2229 6768
956 4473
1823 5593
2476 7019
1497 5905
1481 5889
878 4519
2362 7155
2402 7080
2047 5429
415 4948
1400 6071
2156 6844
4026 7532
1127 5808
2189 6743
619 4273
1139 5800
205 4625
2802 6190
3884 7667
814 4593
677 4165
350 5055
2825 6634
436 4944
710 4131
2823 6624
4035 7460
1806 5609
689 4182
3380 8157
621 4230
1695 5235
533 4345
810 4550
1415 5992
478 4913
2109 6860
637 4236
2723 6225
1561 5355
3671 7331
1927 5489
2210 6740
1863 5567
3581 7941
25 4833
2100 6863
3198 7808
1651 5261
3872 7200
1105 5971
3745 7589
1273 6140
3052 6378
925 4251
1736 5582
2760 6606
3549 7898
3086 7942
3584 7432
3652 7500
837 4172
3349 7711
2677 6527
2751 6581
3384 7732
1805 5121
4086 7417
1987 5330
2132 6977
1578 5436
1653 5475
1709 5559
3810 7672
2321 6667
2579 6414
2957 6290
3666 7542
1154 6055
494 4811
3892 7186
819 4116
2371 6756
753 4569
779 4130
555 4353
272 4668
61 4880
1643 5445
331 4708
1096 6008
535 4391
417 4752
335 4733
838 4210
2858 6175
310 4608
3785 7678
2755 6651
1624 5472
3748 7581
1112 5988
1757 5603
2515 6801
1668 5574
1551 5452
1686 5589
3167 7960
926 4311
2801 6584
2609 6522
841 4098
405 4825
414 4819
2489 6890
2308 6743
2703 6619
1504 5813
2720 6646
3693 7482
3043 6331
3283 8074
598 4367
2077 6980
4064 7353
4055 7306
2648 6406
3935 7169
3733 7626
1648 5423
2271 7103
1496 5817
954 4315
2784 6530
2471 6853
1898 5129
3775 7644
2002 5297
538 4478
2512 6836
820 4188
2234 7120
2738 6622
3535 7841
2276 7060
1784 5513
3315 8064
435 4807
2819 6265
3624 7506
113 4878
1954 5341
2509 6734
2337 6818
2987 6191
163 4900
1228 5956
821 4281
1128 6116
1061 6056
1175 5914
3493 7720
337 4830
363 4836
400 4639
1620 5572
1221 5972
307 4769
2763 6488
559 4539
2952 6161
574 4519
940 4151
3621 7614
1486 5717
520 4500
3872 7357
3305 8052
2290 7020
2130 7116
3187 8173
304 4782
407 4616
1526 5737
1952 5120
2434 6688
2475 6669
3170 8133
1807 5288
2617 6545
1358 5863
3552 7756
3421 7920
171 4890
1456 5635
1890 5334
323 4854
1011 4166
3785 7551
2855 6288
2161 7110
3970 7226
3983 7221
1287 5820
2029 5206
1843 5256
1790 5442
1708 5393
968 4214
1304 5799
134 4921
2596 6630
1939 5207
3910 7299
3767 7538
748 4394
1077 6131
2097 7159
2513 6678
4050 7194
1025 6089
2740 6524
965 4111
644 4424
2813 6448
1143 6054
778 4315
1791 5419
3984 7237
3149 8088
1832 5373
12 5081
1060 6130
1243 5900
3601 7626
6 5082
1381 5819
3716 7514
3995 7291
17 5105
439 4694
3074 8163
729 4411
468 4656
1974 5203
263 4834
2761 6444
1661 5531
2108 7131
2519 6704
2697 6497
461 4641
232 4869
4062 7216
2984 6215
2302 6926
2698 6520
3981 7294
3057 6146
3292 7983
3004 6223
3929 7338
1637 5520
2510 6715
593 4518
3390 7878
4079 7189
2596 6623
2298 7419
2447 7564
3913 6991
1747 4820
2325 7452
672 5804
976 6108
1490 4575
3751 6826
1191 4279
3943 7030
1619 4672
2560 7700
2987 8127
3187 6245
866 6005
1037 4122
3081 6174
4007 7088
3321 6368
1245 4292
988 6085
2350 7476
3950 7028
3597 6679
130 5278
2528 7677
3634 6703
1645 4723
2998 8105
788 5941
1479 4582
3634 6673
985 6141
1975 5009
114 5204
3136 6248
3553 6601
3953 7002
3432 6468
3612 6705
3319 6360
1626 4725
383 5455
1094 4214
2121 7288
2875 7951
3068 8138
3439 6489
1163 4284
59 5132
3676 6763
1220 4339
2949 8124
634 5696
2910 8037
3218 6318
3521 6653
3362 6498
3089 6224
167 5350
1481 4491
3357 6494
1902 4906
4006 7139
243 5302
1556 4690
4001 7144
1064 4195
597 5656
800 5997
2932 7995
4027 7156
1248 4271
3912 6938
814 6013
3348 6471
2639 7702
3422 6402
274 5454
3806 6785
3325 6306
3753 6857
262 5478
2334 7548
3742 6909
570 5726
234 5262
3166 6203
2044 5017
981 6066
1940 5116
1269 4252
1514 4483
2049 7276
4067 7054
145 5372
2490 7639
4058 7095
3619 6737
3734 6882
1849 4940
3704 6670
637 5637
1852 4934
1538 4729
993 6044
1002 6036
2426 7429
3624 6824
830 6079
3117 6316
3854 7049
3933 7125
4094 7030
2050 7304
629 5886
3721 6663
2972 7955
3617 6830
3692 6908
149 5124
2078 7308
3651 6868
1392 4584
3265 6237
485 5445
420 5381
2627 7905
3854 7082
1039 4267
691 5653
276 5555
949 5916
416 5386
242 5208
1246 4212
3096 6322
783 6049
214 5240
3406 6625
224 5200
659 5667
3077 6326
3026 8033
2826 8121
2953 7996
2631 7934
1411 4409
1482 4464
3954 7113
88 5349
2197 7208
1166 4144
3447 6583
1579 4841
3837 6719
2701 7752
2427 7613
3932 7060
866 6057
701 5750
1718 4730
622 5795
3323 6196
732 5651
3874 7152
3143 6293
1260 4158
913 5954
1428 4419
3381 6626
804 6131
751 5687
835 6043
300 5622
2024 4914
3064 7973
2536 7479
3318 6185
466 5426
3919 7086
2687 7836
2662 7813
3791 6698
3436 6539
2977 8006
2311 7648
133 5229
3812 6670
3500 6470
2442 7520
3982 7013
2576 7932
340 5561
2573 7904
2304 7663
2220 7260
1999 4927
449 5427
464 5410
2990 8028
1370 4521
964 5936
3699 6791
1244 4137
815 6105
3942 7057
2497 7481
1605 4796
2763 7728
2325 7657
1634 4767
1433 4455
1791 4609
2538 7444
1419 4468
99 5276
3120 6448
1679 5007
1853 4669
1141 4471
865 5731
1084 4415
49 5426
3190 6514
266 5132
2505 7361
2968 7827
1474 4302
1039 4354
2238 7603
1337 4150
2425 7273
3507 6306
2554 7403
4005 6833
2917 7793
1073 4388
2835 7686
2650 8012
1707 5052
2553 7392
2635 8018
1508 4344
2043 4838
581 5989
1257 4553
3556 6341
21 5428
471 5365
2713 8125
2360 7196
1542 4898
1000 5836
2790 8128
2047 4825
1912 4703
1516 4299
3396 6243
2451 7353
242 5599
75 5477
1068 4354
1729 5103
887 5703
3803 7147
1649 4929
666 6057
177 5506
23 5411
705 6133
1491 4330
3821 7127
2898 7790
3647 6914
3426 6236
2104 7431
2742 8182
3344 6224
1538 4931
420 5351
2123 7439
381 5176
1577 4960
4042 6787
528 5979
1180 4560
916 5851
2807 8120
3011 7826
1330 4195
1103 4381
2266 7561
2380 7192
1120 4405
3239 6640
877 5685
3065 7840
3895 6762
1966 4849
3293 6589
2593 8001
632 5915
1274 4505
2299 7576
3775 7129
218 5554
3304 6530
1781 5022
2174 7445
3942 6664
2086 7510
2223 7645
1739 5048
1369 4141
1393 4101
3568 6277
833 5684
1310 4200
2891 7730
3327 6533
475 5211
2178 7426
2528 7266
2545 7283
1543 4997
463 5195
1015 5746
1219 4422
2430 7414
3071 7799
923 5649
3501 6182
1249 4458
991 5714
3961 6903
2645 8154
3938 6899
2554 7272
2629 8145
2378 7391
3217 6407
1817 4751
484 5234
128 5399
3965 6890
2880 7896
1535 4199
506 5216
1049 4483
318 5285
46 5557
1806 4754
937 5687
1107 4557
1190 4358
2387 7408
1547 5036
2647 8176
2081 7561
2202 7475
3034 7793
2583 8123
2989 7681
87 5627
3238 6411
231 5448
2483 7170
3861 6823
3663 7164
2592 8083
3259 6415
2607 8091
1716 4865
3228 6442
3407 6391
1708 4884
2264 7522
3386 6278
1406 4288
3986 6701
2348 7315
2460 7260
2088 7656
2452 7253
376 5305
469 5140
3820 6958
2186 7496
673 5987
3440 6325
1387 4270
2239 7545
1848 4863
3636 7155
2637 8069
1423 4167
749 5920
166 5483
3950 6819
3475 6238
907 5702
2978 7788
1888 4783
105 5542
2267 7444
329 5273
1916 4782
1897 4794
1136 4515
2154 7615
536 6093
3580 6187
639 6052
4024 6755
1706 4983
2934 7851
1239 4361
745 5942
3338 6357
2672 8080
310 5334
683 5963
1156 4453
1684 4981
2834 7920
2372 7329
2103 7632
1490 4154
2679 8095
987 5682
2502 7212
2046 4626
3080 6629
1906 4764
1277 4365
1993 4664
3887 6874
1 5623
1790 4872
3051 7696
1698 4958
3968 6781
3896 6456
2198 7829
2543 8169
1799 4353
2975 7576
1353 4928
2181 7817
1278 4851
2828 7425
1645 4192
2600 7224
2419 8035
1499 5071
2753 7381
1276 4842
1418 5020
704 5338
324 5976
2216 7862
1155 4765
728 5318
1343 4896
1407 4959
189 5788
1573 4103
3817 6349
118 5715
1553 4153
212 5885
3798 6399
604 5237
2463 8117
3123 6681
1909 4446
1780 4313
3118 6657
3482 7083
1759 4332
2848 7443
1424 5029
2817 7479
1118 4713
1236 4835
2960 7593
29 5664
215 5866
1145 4679
1296 4910
481 6110
616 5160
1063 4711
1170 4819
2963 7633
2495 8188
2055 7747
3001 7676
64 5638
3733 6355
735 5272
2041 4531
2858 7520
256 5963
1179 4816
3673 6164
2405 7976
351 5906
341 5892
3608 6218
3969 6612
110 5689
3880 6513
3736 6339
225 5818
2382 7957
1802 4438
1535 5026
2843 7493
2283 7819
1528 5016
282 6008
430 6093
734 5307
3791 6313
2187 7917
1062 4673
3652 6188
3921 6458
1224 4772
944 5597
36 5705
247 5785
592 5182
388 6123
2611 7235
3780 6324
883 5376
740 5264
277 5984
900 5618
331 5948
1778 4234
802 5466
3972 6652
3184 6664
996 5534
1732 4280
2903 7465
2068 7786
1923 4355
1762 4194
875 5610
507 6010
1020 5502
1809 4501
1569 4263
1213 4666
2617 7345
564 5308
3643 6323
686 5157
3149 6849
554 5287
2105 7863
164 5674
1380 5098
3514 6955
3327 6766
1190 4660
13 5786
1389 5114
790 5518
2882 7647
779 5524
1253 4676
2567 7334
377 6104
19 5809
3049 7499
4092 6494
4033 6499
3024 7541
2064 7865
2005 4476
288 6027
3757 6144
3602 6332
1849 4503
3467 6948
2406 8137
3717 6197
771 5555
701 5133
1575 4245
3472 6947
3687 6356
2227 7686
3783 6258
599 5345
3174 6864
699 5123
784 5544
1058 4763
1723 4097
480 5978
3841 6586
1418 4913
1596 4224
2524 8034
1539 4291
1366 5015
1116 4765
103 5797
1252 4646
1111 4756
3269 6658
1209 4734
809 5601
3359 7127
1485 4868
305 6143
2036 4411
3599 6366
1142 4775
464 5890
1237 4615
513 5331
421 6006
1423 4956
356 6065
184 5729
1928 4435
2643 7304
1404 5031
1865 4498
2820 7641
747 5173
2319 8145
1322 5109
3117 6862
1283 5092
2018 4357
688 5207
1158 4705
547 5323
1496 4912
1693 4209
240 5662
2877 7635
3888 6622
1652 4250
200 5688
513 5361
3592 6394
1026 4848
984 5420
992 5398
3570 6917
2787 7195
1618 4264
3764 6222
2058 7921
1359 5042
4088 6406
1348 5051
3528 6856
3951 6254
3562 6888
3840 6147
1083 4920
2980 7331
1831 4143
2555 7922
2211 8104
3725 6529
15 5891
2489 7860
1868 4162
821 5179
3194 7017
2149 8054
4011 6334
711 5586
3940 6258
430 5814
657 5513
3116 6965
2958 7317
1611 4439
1489 4812
3524 6873
2192 8078
1156 5018
2286 8140
765 5599
3208 7083
384 5795
3541 6897
2612 7441
165 6019
2594 7429
3911 6255
2288 8152
1968 4249
1286 4655
1502 4855
470 5883
1568 4366
2553 7895
1009 5313
825 5128
3202 7091
1223 5108
2781 7656
2182 8113
2921 7262
1206 4993
3916 6260
3165 7013
1170 5035
3829 6607
222 6116
2254 8179
1012 5322
1019 5305
968 5260
3409 6676
2089 8044
2338 7783
1054 4952
1785 4542
221 6042
390 5839
3807 6550
503 5821
2400 7722
1261 5030
315 5751
3390 6770
2922 7204
3668 6426
800 5231
2257 8094
1118 4878
3534 6814
2547 7847
755 5541
3593 6481
3998 6340
3370 6769
1960 4339
3729 6604
537 5497
3596 6508
66 5922
312 5721
2173 7967
2808 7579
1159 5091
1875 4148
3683 6404
34 5962
3040 7307
3855 6244
1568 4430
3817 6535
1704 4568
425 5849
3023 7359
984 5290
3419 6697
921 5357
1300 4716
2800 7562
2837 7279
227 6047
601 5412
3393 6716
36 5979
2533 7781
4038 6214
526 5518
2768 7505
1839 4269
2614 7600
3738 6429
1911 4349
3103 7061
389 5641
111 6115
2959 7170
648 5382
4036 6219
3560 6759
3028 7236
3210 6937
3048 7292
2754 7509
3860 6275
3379 6820
406 5646
404 5645
810 5299
1305 4739
2962 7182
1770 4470
489 5748
2636 7635
2219 7946
486 5701
1794 4262
712 5485
2313 7852
299 5773
2924 7371
2247 8047
716 5477
3588 6573
2025 4163
2465 7693
2198 7995
2622 7567
44 6045
976 5222
1808 4262
1663 4552
3538 6762
2770 7528
2830 7346
2490 7802
708 5380
2219 8040
1617 4498
2620 7673
592 5527
2001 4118
4066 6181
4040 6145
4001 6250
3971 6223
2979 7277
3561 6694
1507 4659
994 5168
3126 7141
1894 4277
823 5348
2211 8054
2956 7258
2352 7911
3583 6691
3768 6501
2363 7909
2000 4144
3207 7015
2782 7487
640 5474
1031 5093
1270 4885
190 5981
3055 7180
3763 6480
1382 4738
834 5284
1212 4955
902 5230
892 5268
2320 7929
1443 4680
1341 4822
1810 4350
1905 4255
817 5342
2413 7838
1699 4439
3597 6649
1149 5003
2466 7770
2954 7282
2241 7993
684 5460
1087 5062
2089 8147
842 5297
1632 4510
3621 5668
444 6589
1584 7730
1673 7818
2353 4404
971 7116
329 6465
1947 8083
1376 7529
923 7058
995 7145
3420 5463
432 6588
1594 7735
1375 7505
3006 5040
3446 5479
418 6582
829 6953
3714 5786
858 6978
3811 5881
2793 4851
226 6392
3797 5839
2191 4244
1433 7554
3681 5756
1875 8014
2641 4721
1010 7123
91 6266
1332 7446
24 6203
1460 7575
3315 5335
635 6750
286 6456
3858 5946
580 6765
2138 4211
1841 7963
1278 7378
3210 5286
3982 6051
2529 4556
1206 7320
161 6286
685 6786
1759 7917
4022 6021
1462 7555
2071 4129
2181 4285
1823 7974
3917 6004
2280 4306
3855 5940
2381 4470
2645 4713
1318 7451
1532 7617
748 6829
64 6147
2196 4304
1366 7440
1683 7892
1249 7337
2368 4361
2691 4810
3043 5039
2273 4269
2453 4568
279 6489
1020 7090
3508 5605
3380 5472
2615 4706
1778 7845
614 6718
3825 5803
2675 4649
1584 7787
1858 7961
163 6392
2732 4855
3041 5052
2516 4489
3291 5252
1315 7491
1917 7965
3726 5870
2808 4760
121 6168
3389 5471
3188 5143
4019 6101
1119 7225
2548 4509
2076 4213
624 6682
2098 4184
3435 5377
1056 7245
1093 7210
2929 4894
1785 7817
1258 7321
1478 7602
3049 5021
2838 4962
169 6364
2128 4133
3182 5145
2784 4761
641 6907
1716 7880
2133 4139
3577 5511
1906 8178
3899 6074
401 6419
813 7081
2773 4689
4069 5985
794 7071
508 6523
2551 4464
1967 7974
3516 5430
2468 4392
3987 5918
960 6990
1854 8113
2410 4600
142 6172
3690 5881
2616 4770
1856 8154
1625 7879
1429 7434
894 7134
1266 7250
2059 4264
1101 7401
1640 7885
1655 7889
1671 7726
2685 4823
855 7164
1828 8072
3092 5304
1604 7912
2815 4690
1749 7800
2152 4293
1453 7427
4028 5900
1047 7333
3498 5401
379 6600
523 6847
1813 8109
3450 5571
475 6496
2579 4783
1185 7197
643 6717
1643 7892
3268 5124
1399 7605
2719 4699
3470 5451
3046 4910
2699 4674
2449 4443
3010 4872
2539 4385
2106 4336
1194 7264
3124 5368
2817 5075
1245 7183
1194 7289
3727 5719
964 6943
2608 4845
254 6176
496 6446
2957 4974
479 6457
2234 4189
613 6799
3813 5647
1289 7650
1558 7930
1026 7404
1104 7328
3495 5463
823 7111
2693 4724
2830 5117
3931 6062
1983 8010
2922 5023
2752 4663
2706 4714
2676 4749
1808 8170
2292 4105
1659 7814
2601 4905
2805 5109
571 6971
735 7133
1446 7332
2091 4393
2683 4984
1029 7427
1654 8049
203 6595
173 6567
3796 6110
132 6543
638 7026
2638 4930
124 6514
1541 7947
1727 8112
750 7137
499 6370
4048 5827
439 6307
2473 4284
2974 4745
87 6478
350 6212
258 6169
3018 4817
891 6758
3559 5370
3508 5291
1656 8039
3001 4763
3578 5340
3350 5169
1769 8129
2803 5083
2666 4928
3202 5545
2428 4178
2794 5061
3537 5347
2235 4488
2379 4221
3864 5679
1979 7820
160 6552
1619 8043
3777 6136
3270 5628
2735 5013
283 6182
1382 7256
1177 7590
154 6618
2369 4096
3213 5583
1057 7523
3135 5498
649 7119
3141 5379
1555 8021
740 7084
1498 7315
3814 6060
1782 8123
2142 4371
3743 6094
867 6706
3989 5831
3358 5195
2195 4548
1239 7564
3203 5592
3170 5438
3681 5951
3219 5580
1578 8010
3915 5673
3458 5344
3661 5930
1998 7849
1903 7687
155 6641
848 6714
829 6737
3951 5663
4095 5774
2840 4714
3675 5929
2912 4634
540 7014
2288 4490
455 6332
2674 4873
2262 4525
3189 5385
143 6642
2323 4205
2918 4633
3802 5978
3761 5937
1850 7866
2939 4859
2197 4372
1008 6772
151 6418
1961 7724
3304 5486
120 6643
2126 4544
3429 5355
1881 7894
2682 5099
1936 7689
664 6916
680 6964
3543 5194
905 6697
3922 5875
1740 8046
3073 5539
3564 5199
3739 5944
2654 5112
3991 5681
2095 4489
3790 5993
3538 5237
510 6233
3351 5311
2770 4987
2366 4247
2338 4232
3590 6058
722 7039
1021 6739
382 6350
2004 7782
2231 4356
3921 5858
674 6934
1737 8060
2010 7791
1313 7319
434 6149
873 6865
1247 7527
3577 5184
1248 7513
3764 5902
4033 5754
2464 4124
2155 4566
32 6558
1752 8039
2663 5030
3702 6069
882 6838
1562 8158
578 7047
4006 5728
1044 7646
681 7011
3371 5345
1242 7440
3485 5201
1798 7883
1620 8089
2188 4418
3988 5723
43 6628
1951 7757
2818 4816
1467 7278
3836 5929
1356 7322
2908 4746
1662 8100
600 7043
3483 5184
763 6950
988 6658
2072 4550
4003 5698
72 6573
1598 8152
3964 5780
1480 7206
2606 5057
1179 7531
1233 7456
3071 4620
3770 5966
2993 4678
1811 7915
1287 7422
3346 5352
3695 6037
54 6605
519 7162
2777 4902
2207 4448
1677 7309
2814 4351
1870 7501
2665 4205
3487 6043
2431 4986
57 6716
216 6878
2665 4207
1364 8030
2093 4647
2343 4908
824 6451
2912 4462
2291 4861
870 6505
1344 8016
3920 5443
2228 4768
1120 7797
3186 5736
1593 7203
3550 6082
1664 7326
1748 7371
756 6357
202 6891
2433 5027
3585 5155
885 6481
2768 4344
169 6784
1899 7490
769 6440
2832 4410
4094 5588
1911 7516
3389 5910
3709 5201
3276 5856
1487 8162
2412 4929
1772 7388
1152 7856
4056 5609
1429 8102
745 6362
5 6710
3460 6064
3898 5391
3497 6047
207 6904
3674 5218
1264 7880
3861 5420
3886 5399
3466 6067
3449 5952
3461 6078
3603 5167
3940 5466
1110 7785
2355 4977
589 6159
3271 5764
3529 6031
341 6931
3819 5282
1991 7565
3679 5137
1232 7839
2550 5049
2692 4309
48 6754
2845 4425
2303 4779
306 7012
980 6531
3300 5820
3828 5290
2773 4235
915 6605
437 7146
3234 5827
3990 5621
3684 5127
3974 5602
2487 5074
1514 8079
2488 5087
3737 5374
2201 4862
3815 5263
3273 5794
2934 4379
91 6709
1581 7234
363 6939
989 6572
3918 5439
2748 4303
1833 7514
3044 4508
1145 7680
1636 7198
69 6713
3537 6063
584 6198
3352 6041
3814 5223
1699 7201
2218 4654
1922 7430
414 6939
3762 5178
1109 7901
2111 4790
2872 4529
3226 5648
3596 5254
875 6624
2541 4963
1483 8027
595 6339
1949 7437
3255 5669
3459 5904
3883 5566
3607 5249
1440 7992
2215 4671
3141 5853
551 6334
1524 8040
3475 5903
886 6635
3085 5801
2287 4683
3402 6127
2152 4813
1567 7352
1306 8116
1160 7718
3191 5848
3514 5899
1421 7996
1280 8115
3491 5911
2517 4961
3005 4357
2020 7517
2302 4677
3179 5847
716 6257
2261 4712
321 7166
1451 7956
2122 4746
607 6302
4015 5485
4050 5392
926 6493
2511 4876
3424 6051
2846 4573
2953 4429
217 6684
3150 5769
3100 5845
84 6813
3046 4397
2272 4652
3708 5288
885 6560
3108 5873
2684 4267
2493 4965
3904 5528
582 6303
2900 4493
2052 4831
452 6943
3011 4382
1587 7378
211 6705
1814 7669
1922 7521
3881 5578
1184 7748
3246 5707
807 6593
1670 7265
3299 5636
3815 5120
14 6887
3088 5882
1826 7631
686 6211
3137 5806
3343 6112
1309 8172
4072 5402
958 6477
1560 7404
2113 4791
3748 5213
1471 8005
56 6852
3012 4408
3335 6138
1866 7607
1203 7757
2285 4627
3281 5678
2877 4156
200 7115
4077 5353
3862 5136
2746 4531
3274 6080
2397 4688
2014 7379
1035 7941
2356 4644
77 7004
2532 4853
918 6276
3369 5691
3545 5837
2585 4364
2731 4540
3726 5522
3894 5163
2326 4619
3087 5934
1972 7318
1399 7764
3203 6048
2633 4458
2774 4594
3140 5984
1715 7574
2949 4259
3121 5911
368 6744
1869 7269
3679 5495
2607 4358
2556 4822
2973 4272
1347 7789
1789 7634
692 6555
2342 4630
3924 5221
1973 7303
38 6928
2100 4866
3256 6016
3734 5590
397 6861
2981 4324
1635 7463
1085 8057
2687 4409
3615 5462
1741 7556
1077 8063
500 6840
1973 7417
3494 5866
1186 8178
213 7046
3247 6139
840 6173
2686 4395
1772 7605
1314 7800
2729 4596
1450 7924
3199 5921
2366 4702
2695 4581
2294 5012
1090 7969
3547 5822
2403 4614
2965 4336
2590 4472
2003 7354
2876 4183
2375 4650
929 6351
2795 4484
3943 5142
1483 7865
3612 5483
1083 8012
1198 8153
3937 5145
3317 6030
244 7048
1976 7365
33 7006
554 6571
858 6363
4011 5160
3101 6041
1017 6268
3060 4210
3144 6094
2132 5084
967 6220
2183 4875
2920 4327
623 6655
1122 8176
993 6259
2071 4996
152 6923
788 6274
634 6626
2938 4323
2911 4292
3763 5416
313 6823
650 6442
2119 5094
3016 4203
1422 7721
3553 5705
1306 7859
4078 5189
129 6957
4075 5190
710 6505
2832 4258
3805 5487
3672 5612
1669 7484
583 6652
2401 4829
2521 4709
2187 4917
39 7143
1267 7987
233 6952
853 6295
1956 7265
542 6619
1484 7690
706 6405
3379 5876
1459 7796
501 6717
3413 5789
3720 5442
794 6352
3109 6121
2283 4903
1992 7172
2945 4172
3307 5924
2522 4619
410 6731
3980 5214
2884 4246
832 6292
1907 7334
2498 4628
978 6154
1466 7779
1713 7535
2217 4982
3808 5439
3114 6090
2171 5018
2785 4352
3533 5673
3477 5745
2416 4759
2208 4937
2395 4786
2581 4604
92 7093
3461 5742
3463 5740
3505 5725
3650 5551
3667 5565
1386 7813
3592 5624
3323 5897
164 6999
1013 6145
3524 5680
2083 5076
2470 4702
3029 4140
3279 5939
2450 4718
65 7100
1974 7240
791 7958
2887 5957
2587 5657
903 8066
2789 5859
3261 4282
3146 4173
2033 7163
558 7714
2346 5415
3229 4240
1590 6712
1586 6690
3779 4818
3393 4432
296 7483
654 7835
1771 6910
1105 6217
3886 4916
2194 5257
2888 5971
1844 6959
504 7651
3031 6090
1768 6901
1323 6453
3771 4761
991 8188
839 8036
2125 5225
150 7346
2613 5660
134 7340
3985 5053
348 7536
1151 6227
4071 5066
2731 5766
1474 6636
1134 6209
2869 5914
2310 5417
1227 6394
3933 4975
1373 6510
3274 4345
2682 5711
1812 6945
1022 8139
76 7290
3672 4719
2248 5362
3547 4577
1695 6817
1092 6148
2124 5134
2756 5767
3668 4624
175 7402
2761 5774
685 7908
1262 6309
3576 4533
3637 4731
2004 7067
892 7982
4068 5043
3877 4988
1216 6301
1731 6816
3755 4815
3739 4860
3401 4384
2457 5616
3966 4884
1457 6620
1404 6417
24 7287
2603 5700
1491 6561
1203 6336
718 7866
2557 5512
1121 6167
144 7400
1431 6639
1458 6603
584 7729
474 7588
2733 5677
374 7666
1293 6539
3849 5006
387 7435
1439 6422
2966 5919
3947 5088
1888 7153
336 7618
3842 5013
1010 8042
2212 5183
3823 4722
4095 4962
342 7624
661 7691
2361 5542
2082 5248
566 7828
3533 4457
766 7766
2758 5743
3959 5085
360 7620
2087 5258
642 7724
693 7707
1681 6688
2373 5623
1657 6858
1987 7024
3598 4793
4093 4933
3730 4650
259 7608
3687 4827
1227 6261
2244 5243
667 7716
3319 4148
880 8115
2279 5153
1255 6177
2944 5959
1980 7035
2319 5576
419 7524
3130 4338
3794 4633
2883 6024
135 7244
3127 4347
917 8024
2959 5953
2577 5855
1271 6200
1256 6183
309 7674
1822 7119
1597 6895
4041 4891
1015 7973
3314 4134
2165 5281
1446 6515
979 7940
1826 7162
2293 5164
2716 5697
1153 6236
4039 4903
245 7191
955 8024
3985 4978
271 7659
1986 6951
1367 6578
3532 4394
1102 6310
2726 5708
922 8048
2756 5672
1559 6905
2804 5659
2243 5171
524 7931
3412 4515
3111 4304
1722 6722
589 7863
1606 6844
2972 5991
143 7284
3759 4691
1426 6511
2 7423
3591 4857
1733 6715
707 7740
4070 4889
862 7774
3554 4322
302 7213
2618 5950
1543 6915
1148 6521
348 7257
3289 4572
3366 4128
2080 5415
3682 4965
1724 7092
3958 4735
1242 6611
2870 5692
1588 6975
214 7642
3658 4935
2656 5998
2638 5952
353 7279
67 7507
2445 5277
1940 6790
1069 6462
541 7945
1766 7154
4061 4808
2399 5193
3879 4656
3877 4658
33 7478
1863 6751
2502 5343
3243 4535
2657 6012
308 7209
1082 6436
3525 4325
3732 5045
4056 4857
261 7207
3793 5107
1349 6241
2669 5961
2737 6036
2501 5356
931 7816
2020 6856
1673 7077
571 7956
2996 5765
3297 4563
3960 4686
2350 5144
2127 5495
3868 4640
1882 6759
343 7191
1217 6528
1169 6610
2537 5293
114 7478
346 7199
2417 5172
992 7846
3004 5877
3110 4460
1901 6694
733 8082
2772 6020
1362 6144
1651 6944
2058 5470
568 8045
2375 5137
797 7754
2115 5396
2879 5735
3993 4801
555 8051
2345 5232
758 8108
425 7411
3607 4941
1250 6585
807 7802
3063 5801
3758 5071
3843 4706
140 7662
3257 4570
260 7271
1641 6925
1745 7094
6 7534
2473 5312
1461 6363
1658 6933
938 7877
129 7662
772 7798
2137 5418
3772 5060
1342 6215
1323 6225
1285 6270
1998 6834
3129 4420
1251 6558
3846 4728
3848 4726
3558 4198
3741 4893
844 7885
1036 6536
460 7241
521 8078
277 7325
2597 6061
2188 5382
3405 4289
1487 6210
2753 5967
1563 7050
454 7255
1212 6447
894 7914
1312 6324
1644 7160
3906 4827
1214 6439
1670 6941
2038 6760
1592 7078
2084 5509
2410 5323
3434 4296
1891 6848
3311 4428
1948 6713
90 7677
2482 5141
707 8041
2997 5662
3411 4348
3945 4806
2525 5229
2436 5172
3240 4377
2702 5949
3074 4529
309 7297
1574 7059
2978 5652
1162 6460
3223 4399
289 7323
1146 6598
3573 4168
1027 6590
406 7252
2495 5245
1102 6540
819 7921
2112 5510
933 7778
3694 5033
2486 5233
334 7302
2863 5862
585 8064
859 7825
3438 4259
2163 5564
1117 6541
3754 4987
3136 4497
188 7533
2310 5332
560 8164
3860 4800
1536 7125
1007 7734
1633 7099
3535 4114
3849 4823
1602 7068
1164 6511
3934 4795
1787 6942
1524 6162
4053 4659
1782 6929
1975 6751
2478 5188
1041 6650
3751 4936
3675 5044
3056 5632
590 8126
1028 6644
3707 5001
1628 7086
2542 5146
1369 6319
2384 5286
769 7926
2927 5782
3038 5671
3494 4191
392 7282
1571 7133
549 8155
1393 7027
216 7899
581 7232
3582 5110
3462 5006
2492 6068
762 7409
2820 5386
2467 6060
3947 4475
2632 5208
831 7470
2985 5563
1511 7156
1717 6304
1857 6495
204 7891
2398 6014
2032 6610
1111 6773
1533 7135
2184 5803
2262 5877
52 7699
3944 4431
3891 4378
3908 4462
935 7565
3053 5575
698 7313
615 7240
2396 5996
1821 6445
3955 4419
3509 4996
911 7613
17 7717
58 7694
3248 4742
1964 6550
987 7648
109 7760
85 7701
2498 6018
349 7964
26 7772
3523 4997
903 7616
2394 5907
3450 4912
467 8089
428 8166
3989 4574
3378 4991
2531 6067
2797 5309
3904 4373
2193 5833
2980 5629
1229 6804
2762 5270
731 7301
2544 6033
1332 6997
2951 5606
3163 4666
3929 4408
2341 5958
1828 6464
1937 6644
3116 4683
446 8151
76 7718
1924 6638
2747 5335
797 7537
3838 4242
1093 6696
2316 5986
664 7415
1153 6897
2606 5215
3894 4420
3088 4707
2653 5166
1950 6637
3517 5065
3122 4676
2863 5461
2973 5606
3118 4693
2964 5611
2369 6081
2175 5887
1519 7023
395 7945
3427 5095
1347 7109
972 7488
435 7998
3526 4950
1701 6199
1886 6602
1363 7111
409 7937
2032 6508
2950 5402
2452 5897
4037 4443
1167 6673
193 7775
2727 5177
3019 5460
70 7910
367 8141
869 7616
1247 6778
330 8173
1730 6245
3194 4818
3355 5046
3473 4926
3435 5060
2314 6072
3891 4480
1689 6188
689 7172
518 7344
1252 6739
276 8099
3532 4983
1710 6165
544 7326
294 8088
1692 6178
2693 5190
1370 7065
3334 5058
4069 4385
3261 4728
2079 5849
3388 5115
117 7869
929 7529
1821 6612
2090 5857
1060 6889
1131 6822
997 7467
1801 6598
3038 5389
3656 4252
3844 4562
2537 5951
1005 7483
3045 5437
1756 6146
2516 5898
1218 6690
3119 4813
921 7549
575 7387
1299 7158
3059 5397
3665 4278
3017 5422
3869 4597
3858 4603
2561 5356
2184 5752
220 7725
1513 6936
2275 5655
3325 4617
908 7545
2006 6433
3643 4300
1544 6384
123 7810
1982 6468
2772 5166
1000 7446
2144 5791
3328 4609
3630 4396
32 7970
757 7670
3614 4381
1178 7065
2102 5941
831 7228
3988 4241
2016 6375
2221 6054
3112 4899
2651 5456
843 7239
730 7638
3075 4879
3333 4618
646 7572
367 7805
2160 5987
3095 4867
2326 5634
2379 5726
1482 6877
234 8189
1092 7005
3742 4487
2430 5732
72 8018
2408 5749
1589 6420
3020 5358
438 7829
3677 4473
3259 5022
3062 5331
1136 6998
1725 6554
558 7431
3484 4790
1537 6445
2393 5749
2286 6083
865 7246
2140 5996
651 7611
1913 6216
146 8103
3094 4897
4014 4246
1401 6723
1965 6289
410 7846
934 7320
1311 6749
2172 5945
391 7887
3332 4685
2624 5385
715 7553
1735 6541
2327 5724
2678 5434
1921 6348
3418 4628
1409 6862
3526 4745
63 8048
836 7190
2630 5396
2357 5729
616 7485
3753 4604
3957 4131
2841 5199
2404 5682
768 7257
1250 7096
2809 5538
3623 4475
1166 7122
1983 6371
3308 5005
1621 6449
2121 5935
3384 4703
1703 6607
3103 4980
3042 5262
1580 6492
2357 5701
1140 6917
4084 4229
2835 5217
2436 5879
1551 6523
67 7990
771 7284
285 7786
2945 5371
3827 4488
3013 5310
2147 5919
2054 6010
2593 5471
817 7246
1507 6755
1427 6675
2878 5311
2448 5649
228 8038
2417 5875
3795 4432
2099 6070
2334 5785
2269 5973
3139 5067
2367 5813
1746 6488
3284 4952
3689 4580
3036 5196
562 7584
2775 5444
3703 4580
4019 4135
789 7299
2861 5303
328 7893
1710 6451
1056 7102
727 7497
1158 6950
2345 5769
3472 4657
1289 6829
1235 7029
1123 7113
2925 5319
3609 4535
4086 4185
3298 4945
784 7333
593 7652
3705 4559
2679 5568
2590 5543
1896 6355
3575 4684
1988 6264
58 8070
2446 5681
1728 6400
3632 4592
2015 6175
787 7379
3065 5179
1776 6450
2351 5868
3496 4717
390 7744
196 7948
864 7337
2148 6062
1419 6727
3856 4317
737 7471
770 7377
463 7707
1545 6609
96 8122
3976 4180
1390 6832
1845 6378
596 7563
3216 4976
2075 6137
1902 6282
4080 4118
476 7738
572 7643
2838 5361
3723 4454
4021 4164
877 7324
174 8031
3128 5066
2660 5520
432 7750
3028 5155
1827 6360
3431 4764
1515 6678
4028 4161
1174 7016
3631 4561
2030 6160
206 7985
3818 4373
282 8464
1285 9482
456 8666
413 8586
607 8775
41 8243
1301 9487
1603 9816
1379 9596
1255 9464
296 8503
235 8393
22 8240
1661 9812
1148 9303
172 8321
1763 9933
782 8993
1735 9973
304 8455
1339 9474
655 8885
194 8444
1637 9765
424 8673
90 8208
1563 9813
1630 9745
1596 9833
636 8740
1108 9229
264 8532
1599 9821
896 9188
919 9215
729 8882
1607 9781
577 8754
342 8483
1162 9458
1582 9811
359 8473
121 8198
890 9213
1442 9518
1628 9938
488 8568
697 8751
290 8629
774 9105
1327 9655
1610 9942
806 9144
845 9197
365 8649
1177 9266
503 8540
660 8736
1341 9611
1033 9395
732 8801
353 8671
77 8333
1542 9926
785 9168
641 8771
1057 9443
1014 9009
1263 9255
230 8239
1045 9439
1717 9850
678 8823
1021 9003
715 8733
416 8570
39 8442
859 9147
1690 9849
1442 9547
1291 9703
932 9034
1288 9702
1664 9845
786 9195
793 9187
548 8927
92 8354
2040 9978
498 8433
441 8383
948 8883
415 8342
851 8798
96 8557
1140 9594
347 8277
1855 9776
1295 9216
1319 9271
1874 9798
670 9097
1942 9871
860 8773
609 9086
428 8332
545 8960
956 8861
1353 9326
68 8556
173 8581
1299 9273
1279 9684
181 8581
711 9203
1417 9393
1205 9615
344 8291
543 8995
1331 9329
1240 9630
979 8852
1200 9724
932 8946
927 8902
239 8625
354 8192
1125 9481
373 8197
369 8192
493 8348
82 8486
132 8690
269 8309
1216 9656
931 8925
985 8792
767 9086
1883 9944
1228 9544
154 8464
2043 9841
663 8986
2045 9837
405 8205
175 8502
678 9020
739 9080
725 9035
1938 9786
473 8304
961 8821
1480 9330
459 8203
1927 9794
1953 9831
670 9046
1147 9649
1960 9827
41 8677
372 8376
1534 9267
805 8939
1298 9408
1181 9547
930 8824
1833 9973
1985 9759
763 8987
510 8219
567 9183
805 8909
1067 9665
925 8822
895 8851
1388 9344
750 8963
336 8352
801 8913
28 8686
80 8618
98 8601
588 8268
115 8818
809 8490
1042 9752
552 8228
1018 8682
1795 9495
18 8710
318 9003
281 8960
1577 9269
1692 9401
1613 9316
770 8491
1086 9748
1912 9558
1098 9829
1981 9612
1967 9628
975 8693
478 9189
1874 9488
1720 9459
773 8521
313 9076
297 9060
1109 9732
1024 9810
580 8209
349 9021
847 8489
872 8450
1220 9902
544 8272
366 8983
515 8317
85 8915
782 8583
639 8437
1081 9909
1685 9223
486 9075
520 8338
491 9073
721 8266
756 8303
1727 9246
325 9191
918 8499
1072 9882
1810 9660
798 8623
1994 9592
450 9072
846 8701
1859 9719
1042 9894
1687 9250
1080 9871
1583 9364
1047 9899
1681 9262
786 8656
83 8853
343 9105
965 8450
536 8400
275 9177
320 9101
47 8958
881 8610
298 9209
665 8268
246 8747
167 8775
1038 9964
1256 9741
816 8661
73 8879
301 9157
870 8584
1603 9388
795 8681
1842 9670
764 8202
1635 9364
1815 9710
516 8441
1536 9479
122 9068
1361 9801
1767 9668
1451 9864
566 8479
627 8514
100 9045
2001 9440
656 8612
1798 9265
1930 9394
775 8262
1726 9725
1375 9755
1825 9319
1718 9724
354 8745
68 8968
578 8463
1101 9986
1460 9957
1414 9940
1388 9790
1380 9782
1653 9505
657 8644
1834 9340
1110 9995
45 9037
1684 9721
1738 9637
431 8922
1676 9717
936 8406
534 8599
1356 9934
803 8352
31 9116
1978 9277
827 8371
481 8812
30 9104
700 8492
1720 9516
2012 9284
1750 9548
1473 9819
1590 9641
706 8551
176 8982
1502 9849
1343 9870
623 8670
1420 9785
288 8855
1807 9396
284 8916
675 8559
1415 9803
448 8716
199 8971
1945 9300
746 8485
1295 9950
1609 9624
1466 9832
1534 9770
551 8690
295 8944
1291 9940
1001 8201
944 8273
306 8915
1509 9735
1869 9386
1006 8199
560 8667
1510 9739
1579 9694
1640 9631
1402 9857
311 8907
422 8793
275 8940
252 9468
1050 8216
1613 8782
1529 8700
650 9856
1714 8893
1344 8528
1617 8769
50 9251
112 9314
1572 8767
1305 8453
80 9294
1381 8518
608 9796
1672 8877
254 9432
1075 8213
1744 8952
1779 8902
1770 8918
455 9606
1510 8611
395 9677
1402 8500
1391 8508
1754 8844
408 9666
1879 9012
2009 9142
696 9930
703 9932
108 9236
421 9695
1185 8410
162 9436
497 9614
1275 8315
541 9883
157 9233
907 9988
1676 8732
61 9388
16 9347
1915 9192
1576 8893
1893 9202
1200 8234
1394 8680
183 9259
1549 8849
1384 8693
187 9254
1890 9212
1575 8838
943 9998
248 9296
1224 8289
599 9980
2035 9025
440 9485
1512 8531
1207 8202
1734 8824
1522 8503
1746 8727
366 9632
1777 8737
95 9358
124 9390
2019 9015
1024 8409
2013 8967
1537 8931
51 9424
1943 9074
403 9589
1258 8194
456 9504
693 9819
1757 8750
1725 8779
170 9296
357 9630
1531 8454
5 9467
1774 8721
1414 8569
517 9990
955 9918
1397 8306
307 9272
1607 9043
1582 9018
1741 9176
152 9615
229 9725
107 9546
1325 8207
292 9219
111 9540
909 9889
946 9887
1300 8231
1030 8498
1246 8676
303 9235
920 9950
1383 8225
1663 9014
951 9981
1340 8305
223 9614
2011 8842
1530 8366
1360 8200
1087 8550
1939 8946
837 9760
1880 8766
1215 8664
953 9943
130 9708
1867 8740
297 9286
854 9767
1234 8608
226 9622
1325 8280
1899 8722
1811 8808
1114 8487
352 9245
1016 9848
1526 8310
1953 8738
322 9409
1189 8480
1172 8477
874 9983
1122 8692
1742 9045
418 9279
1852 8852
256 9393
1942 8751
2030 8789
1303 8361
780 9906
1747 8977
30 9688
775 9935
1560 9168
1825 8939
906 9798
1739 8966
856 9878
912 9822
1994 8709
249 9516
1715 9062
204 9498
1315 8446
1371 8325
1512 8246
470 9224
1529 8217
317 9438
1836 8904
223 9531
973 9768
1184 8517
1803 8931
477 9270
148 9593
768 9965
427 9307
1333 8388
1209 8520
878 9887
38 9680
1119 8615
10 9712
1276 8451
1885 8543
1398 9077
645 9350
1623 8274
1712 8375
1168 8856
1948 8597
1500 9175
1631 8275
1383 9067
262 9993
695 9383
1475 9172
100 9794
1557 8253
594 9339
159 9908
1947 8618
812 9499
1509 9180
1434 9182
190 9977
335 9991
1918 8501
1768 8356
1441 9199
2005 8577
86 9729
1633 8250
583 9241
1368 9008
21 9853
761 9360
125 9750
37 9802
3 9836
1066 8792
79 9787
938 9693
1867 8496
1766 8346
1392 8974
1052 8802
1494 9128
842 9525
246 9853
1859 8655
632 9462
690 9276
1357 9183
144 9731
1650 8417
1293 9113
884 9698
1914 8685
1438 8966
1794 8606
1873 8652
1592 8358
680 9271
531 9395
567 9367
1780 8279
1831 8590
1588 8347
1764 8276
1464 8971
1834 8607
720 9317
1146 8908
1767 8273
78 9974
682 9234
1403 9159
655 9267
962 9599
1763 8284
1130 8874
2003 8465
1128 8875
1820 8671
1909 8627
81 9880
663 9309
1990 8460
2014 8460
905 9562
891 9646
1326 9206
761 9251
89 9859
1776 8236
1900 8588
615 9348
1436 9081
1675 8301
724 9276
1697 8267
494 9988
1412 9064
1485 8994
1396 9094
1824 8659
65 9908
597 9390
1521 8973
825 9671
1962 8361
423 9892
1929 8335
434 9909
291 9769
570 9514
387 9873
1211 9129
887 9322
1096 9047
460 9966
490 9935
312 9757
1598 8475
556 9476
1517 8903
1958 8333
1951 8363
904 9404
273 9765
669 9643
774 9278
1032 9009
352 9820
1944 8410
392 9934
1438 8917
1416 8901
576 9490
1933 8409
911 9431
1952 8385
1387 8713
1027 9063
1183 9209
1765 8591
1397 8734
394 9953
1696 8653
1839 8258
1698 8652
1167 9214
605 9519
1933 8440
1925 8447
726 9640
1819 8293
1910 8439
1886 8404
1840 8381
328 9927
908 9243
1374 8905
561 9641
1089 9180
688 9492
1769 8525
1616 8695
1406 8921
287 9911
1333 8863
757 9567
273 9914
1472 8811
2037 8281
1850 8343
1654 8644
1915 8387
1539 8633
1150 9152
1898 8405
1493 8724
459 9736
1144 9148
610 9638
2008 8222
337 9881
574 9715
483 9787
1409 8794
717 9494
1129 9095
563 9693
378 9877
950 9283
587 9662
408 9825
596 9645
3655 9797
2654 8794
2595 8743
3653 9793
2940 9082
2791 8943
3610 9746
3396 9548
2101 8249
2160 8318
2736 8866
3269 9424
2975 9096
3425 9593
2462 8582
3773 9893
3417 9539
2065 8203
2983 9145
2435 8611
2114 8291
2333 8505
2594 8708
2143 8303
3377 9475
2783 8933
2222 8337
3099 9252
2715 8920
2292 8369
2811 8884
2406 8496
3515 9699
2812 8869
2472 8695
3661 9775
3137 9257
3684 9743
3281 9376
3824 9858
3288 9387
2955 9208
3229 9454
3728 9956
2833 9062
3293 9380
3405 9522
2206 8220
2257 8274
3152 9428
2887 9155
3169 9451
2533 8553
2623 8880
3255 9263
2394 8647
2897 9167
2821 9120
2328 8638
3820 9796
2078 8374
3579 9555
2167 8412
3821 9793
2289 8287
3266 9325
2270 8302
2317 8634
2995 8964
2671 8918
2347 8592
3177 9429
2316 8627
2444 8527
2847 9178
2809 8757
2438 8542
3407 9616
2500 8484
2936 9112
2631 8869
3565 9483
2273 8199
3424 9608
2997 9052
3703 9881
3385 9676
4067 9959
4055 9948
2928 8830
2992 8864
2423 8300
2231 8619
2199 8629
3356 9279
3909 9825
3488 9353
3030 8957
2324 8248
2383 8319
2709 9127
2370 8196
2161 8502
2385 8221
2455 8385
4023 9964
2232 8675
2255 8595
2185 8686
2787 9099
2810 9104
2812 9102
3185 9474
3370 9308
3927 9775
2831 8818
4002 9951
3205 9723
2717 8989
2129 8656
3404 9421
2320 8339
2881 8900
2785 9060
2215 8480
2418 8423
3481 9216
3337 9363
2491 8230
3880 9864
3841 9892
4061 9851
3272 9582
3949 9931
2252 8549
3913 9955
3309 9567
2563 9142
2386 8420
2364 8327
4090 9799
3567 9261
2854 8942
3561 9253
2311 8394
3211 9541
2915 8876
3534 9217
3297 9522
3474 9287
3381 9442
2595 9211
3975 9823
2911 8835
2714 9030
2907 8836
2992 8815
2582 9207
3970 9824
2774 9011
3257 9552
3920 9913
3069 8723
3102 9709
2108 8648
3354 9442
3997 9828
2244 8511
3367 9435
2708 9065
2711 9065
3560 9238
3958 9591
2946 8579
4045 9678
2906 8537
2689 8325
2377 9037
2522 9170
3025 8665
3195 9833
2846 8456
2778 8390
2559 9186
2621 8227
3310 9969
3962 9560
2688 8356
2708 8382
3671 9337
3847 9526
3769 9355
3968 9653
4000 9621
2552 9166
3659 9340
3760 9356
2391 9066
2134 8720
3183 9768
3954 9530
3242 9958
2125 8706
3266 9874
2112 8721
2707 8391
2853 8563
3594 9302
2871 8555
2107 8795
3067 8603
2969 8699
2291 8848
3677 9278
2562 8295
2791 8335
3659 9249
2664 8196
4000 9677
2662 8200
2868 8516
3217 9958
2698 8445
4091 9602
3930 9505
3467 9995
2740 8255
3619 9391
2862 8610
2466 9007
2722 8237
2322 9090
2671 8440
3254 9750
2443 9002
2564 8359
2421 9181
2952 8482
2171 8919
3766 9241
3701 9413
2057 8895
3941 9682
3752 9232
2423 9165
2709 8238
2481 8972
2786 8229
2199 8799
2896 8604
2400 9138
2805 8226
3270 9759
3158 9868
3307 9783
2667 8373
2061 8937
3296 9739
3242 9797
2472 9049
2851 8658
2496 9010
4064 9491
2196 8800
2226 8778
3863 9706
2885 8635
3876 9690
2128 9040
2065 8981
3047 8418
2230 9139
2102 9022
3574 9983
3916 9287
2576 8449
2322 8705
3581 9961
4049 9418
2162 9041
2613 8465
2866 8214
3627 9485
2919 8270
3737 9653
2236 9100
2312 8761
2191 9150
2206 9133
3127 9999
2159 9042
3032 8422
2492 8959
2602 8557
3585 9545
2367 8819
3930 9236
2913 8239
2535 8886
2359 8806
3423 9740
2652 8456
2260 9088
3809 9654
4088 9377
3730 9675
3067 8353
3457 9946
3939 9230
3376 9823
2284 9119
4038 9407
3342 9844
2374 8903
3589 9606
2090 9120
3900 9398
2201 8978
4016 9275
2386 8921
2942 8433
3906 9427
3330 9872
3591 9618
2221 9013
2139 9154
3505 9772
2894 8401
2598 8589
2852 8329
3444 9945
2163 9153
2548 8768
3426 9942
3566 9817
2515 8815
2947 8259
2742 8572
2565 8663
2479 8829
2476 8825
3020 8212
2145 9144
2439 8805
2690 8558
2689 8556
3473 9852
4065 9231
2890 8357
2381 8866
2384 8867
3992 9326
2480 8774
2961 8298
3885 9425
3503 8620
3215 8326
3772 8885
2822 9997
2080 9266
2143 9292
3973 9119
3290 8391
2431 9569
2437 9627
3984 9140
2237 9369
3747 8843
3245 8321
2560 9777
2628 9840
2580 9815
2216 9453
3204 8387
3569 8630
2051 9295
2084 9322
3359 8529
2433 9679
2343 9591
3374 8575
3233 8435
2293 9383
2411 9532
3198 8229
2297 9382
3368 8567
2508 9619
3627 8820
2913 9985
2640 9780
2409 9484
3546 8637
3657 8742
2588 9843
2331 9583
3588 8817
2240 9397
3374 8534
2411 9490
2274 9368
2520 9636
3404 8499
2485 9674
2609 9905
3285 8277
3224 8211
2382 9669
3441 8672
3083 8336
3328 8604
4066 9026
2569 9896
3272 8299
3104 8324
2621 9883
3233 8198
3833 8787
3700 8927
2721 9741
3998 9004
2372 9718
3184 8386
3622 8856
3905 9214
2769 9838
3628 8943
2449 9561
3480 8529
2674 9915
3840 9164
2571 9927
3218 8285
3582 8495
2655 9860
3788 8722
3645 8924
2126 9385
3132 8406
3348 8697
3076 8436
2342 9687
3309 8223
3267 8241
3544 8493
2676 9868
2378 9290
2377 9295
3248 8630
3153 8535
4053 8914
3231 8599
3479 8349
2950 9869
3871 8724
2844 9744
2167 9574
3403 8285
3784 9196
2364 9240
3397 8288
2134 9584
3414 8305
2067 9534
3700 9050
3567 8413
3729 9122
2954 9907
2356 9226
3491 8348
3196 8510
2937 9789
2362 9343
3826 9146
3388 8308
3839 9137
4051 8860
3996 8956
3569 8345
2899 9784
2895 9764
2176 9708
2158 9473
2213 9685
3324 8585
2166 9473
3683 8986
3774 9157
3848 8820
3489 8415
3613 9058
4057 8795
2432 9219
2535 9333
2095 9657
3938 8954
2073 9600
3209 8469
3790 9041
2929 9939
2843 9916
3822 9031
2307 9389
3305 8541
2147 9685
2884 9970
3595 9162
2518 9237
3042 9771
3574 8251
3226 8533
2866 9981
3649 9107
2246 9502
4083 8750
2053 9700
2467 9281
3604 9202
3147 8621
3027 9791
2135 9658
3329 8435
3761 9029
3542 8227
2255 9529
3688 9109
2598 9252
2253 9925
4029 8628
4074 8673
3888 8507
2661 9321
2643 9308
2694 9366
3767 8358
2049 9749
3644 8234
2157 9851
2981 9650
2101 9773
2237 9894
2831 9489
3354 9022
3148 8809
3121 8731
3640 8212
2634 9338
2158 9821
2252 9977
3084 8762
3907 8573
2985 9696
2800 9406
2565 9301
2611 9318
3743 8389
3635 8297
2995 9704
2767 9361
3280 8881
3934 8508
2146 9734
2106 9822
3648 8232
2138 9783
2878 9551
3322 8845
4081 8585
2699 9456
4087 8587
3715 8195
2295 9847
3172 8934
3079 8847
3844 8590
2937 9714
3722 8193
3237 8765
2867 9642
3331 9114
2083 9919
3887 8625
3545 9082
2614 9371
2572 9378
3225 8759
2628 9450
2133 9978
3680 8403
4087 8515
4039 8562
2839 9633
3258 8716
3108 8861
2232 9734
2991 9488
2568 9420
3555 8997
2506 9986
2205 9809
3430 9130
3445 9125
3857 8645
2984 9599
2294 9761
3901 8676
3372 9201
3749 8312
2600 9463
3636 8404
3085 8942
3051 9486
3231 8823
2210 9803
3811 8206
3338 9188
3095 8932
3079 8947
2799 9239
2644 9385
3364 9178
3804 8669
3910 8261
3809 8691
3373 8767
2480 9890
3480 8843
2510 9945
4017 8364
3579 8924
2951 9387
2734 9601
3853 8253
4049 8418
3206 9139
3104 8989
3320 9148
3029 9360
2455 9949
3068 9399
3022 9345
2778 9610
2602 9597
2700 9687
3925 8241
2640 9527
3975 8416
2446 9955
2514 9888
3177 8991
2385 9769
2710 9706
3540 8788
3497 8746
4018 8245
2789 9570
3994 8215
3209 8964
2544 9855
3130 9141
2468 9791
2933 9448
3642 8615
2786 9543
2323 9910
2616 9631
2555 9808
3347 8894
3176 9177
2776 9572
4012 8210
4013 8297
3816 8481
3453 8880
3146 9092
3600 8640
3324 9005
3572 8741
2691 9553
2889 9370
3190 9123
3870 8393
3766 8545
3546 8711
3283 9008
4089 8218
3241 9039
3238 9024
4002 8260
3701 8605
2511 9767
3876 8397
2836 9466
3686 8598
3912 8377
3478 8804
2795 9497
2889 9405
3448 8847
4423 8515
5037 9129
4107 8204
5359 9446
5298 9403
5324 9408
5150 9232
4572 8654
4461 8574
4791 8867
4547 8661
5094 9215
4804 8925
5141 9225
5380 9497
4602 8666
5324 9449
5261 9386
5413 9494
4578 8662
4298 8444
4887 8993
5375 9414
5675 9834
5154 9313
4386 8553
4802 8854
4310 8332
5408 9538
4360 8554
4835 8833
5640 9836
4427 8494
5279 9461
5181 9297
4136 8262
4612 8810
4254 8428
4635 8814
5354 9375
5559 9665
4809 8895
5037 9174
4441 8485
4198 8218
4845 8848
5789 9756
5338 9304
4758 8725
4542 8504
4695 8912
4176 8408
5489 9720
5085 9046
4126 8337
4757 8704
5548 9520
5326 9298
5295 9227
5411 9604
4957 9207
4407 8602
5239 9433
5058 9069
5614 9566
5864 9816
4915 9091
4426 8703
5880 9807
5197 9462
4255 8228
5177 9465
4521 8555
4375 8657
5823 9845
5202 9372
5450 9624
5440 9620
5189 9363
5316 9246
5660 9920
4222 8355
4753 8783
4799 8796
5592 9533
4101 8416
4938 9132
5256 9315
5764 9839
5797 9801
5703 9896
4116 8420
5454 9663
4379 8675
4452 8292
6004 9844
6046 9884
5034 8878
5078 8914
4618 8975
5995 9826
4454 8298
5131 9498
5057 8917
6034 9863
5577 9439
5620 9428
6128 9941
4507 8380
5565 9370
4520 8323
4108 8509
4501 8353
4990 8770
5118 8897
4543 8320
4477 8258
4843 9131
6142 9916
4773 9190
5275 9692
5384 9282
4754 9159
4777 9161
4834 9099
4158 8526
5269 9697
4972 8729
4382 8290
4986 8708
5408 9378
5765 9990
4809 9025
6081 9802
4993 8720
5790 9997
5129 9626
5354 9588
5600 9280
5099 8777
5938 9873
5156 9601
5183 9625
4223 8663
4553 8289
5888 9904
4861 9029
4569 8288
5499 9410
5122 9657
4979 8883
5092 8742
4320 8483
4530 8308
5087 8728
4567 8219
5232 9634
4398 8443
4326 8497
4669 9191
4768 9084
4436 8329
4924 8930
5306 9573
4933 8870
4366 8426
4108 8702
6039 9827
5507 9334
4196 8594
6132 9718
4435 9040
5955 9542
5027 8617
5934 9507
5932 9506
5086 8649
4374 8974
6124 9712
4450 9087
4694 8264
4143 8719
6050 9613
4574 9198
4896 8467
4265 8860
4334 8919
4843 8402
5985 9560
4363 9015
5712 9327
6056 9707
4472 9011
4522 9190
5298 9980
4102 8777
4555 9115
4288 8849
4121 8781
4545 9115
4433 8970
4189 8705
5315 9885
5296 9936
5263 9967
5986 9477
5233 9753
6029 9703
4540 9174
6092 9652
4907 8528
5915 9575
5017 8679
4124 8857
5283 9766
4797 8251
5724 9426
5259 9753
4448 9204
4187 8910
4720 8423
4362 9111
4197 8900
5885 9304
5696 9445
5054 8467
4637 8371
4789 8195
5080 8544
4784 8201
5188 9976
4616 8373
5634 9404
5760 9280
4243 8787
6032 9553
5867 9257
6107 9503
5674 9455
6023 9544
5139 9922
6109 9481
5127 9938
4208 8874
4645 8389
4320 8715
5950 9683
5927 9672
4260 8789
4615 8434
4276 8781
4204 9068
5695 9532
6137 9469
6139 9457
4487 8844
5630 9971
4179 9053
4592 8959
5920 9264
6022 9365
5905 9220
4169 9055
4537 8865
5893 9245
4202 9078
4263 9145
5068 8431
4173 9061
6045 9397
4919 8220
4326 9162
4788 8600
5390 9763
4679 8566
4892 8237
5431 9728
5546 9878
5657 9508
5958 9336
5591 9961
4283 9092
4513 8929
4792 8701
4532 8945
4583 8865
4631 8543
4781 8678
5081 8343
4231 9160
5407 9807
6096 9344
4882 8261
5666 9598
5683 9582
4727 8470
4856 8602
4505 8958
5809 9667
5473 9747
4708 8466
4629 8546
5930 9299
4152 9028
4742 8698
6084 9400
5855 9634
5869 9581
4832 8545
6017 9221
5563 9789
4895 8344
4221 9205
5865 9568
6074 9268
4325 9079
6086 9301
4149 9121
5939 9382
4220 9193
4776 8510
4662 8622
5403 9859
6102 9335
6009 9438
5587 9854
4153 9108
4276 8985
5857 9551
4687 8672
4748 8506
5650 9643
5009 8235
4206 9173
6022 9274
5965 9456
4305 9071
5593 9757
5883 9535
4956 8344
4248 9055
4804 8451
5572 9742
5433 9965
4301 8984
5844 9525
6125 9230
4774 8513
4583 8718
5677 9668
4762 8561
5739 9600
5004 8290
5633 9710
4736 8560
4636 8687
5999 9369
5624 9743
6065 9290
4459 8854
4595 9714
4314 9435
5244 8314
4859 9970
4233 9346
5746 8830
5255 8331
5983 9042
4709 9832
5369 8439
5447 8520
5265 8324
4278 9379
5741 8827
4821 9923
4211 9323
4346 9443
5253 8350
5493 8552
5672 8758
6121 9161
5486 8526
5773 8876
4242 9392
4527 9607
5522 8632
4495 9635
4927 9993
5889 9021
5772 8881
5678 8723
4265 9367
4286 9471
4145 9328
4390 9573
5449 8458
4814 9866
4837 9897
4675 9742
4111 9281
6113 9134
5834 8862
4549 9619
4588 9659
5409 8571
5438 8546
6136 9125
4337 9361
6096 9137
5852 8890
5873 8855
4579 9609
4605 9623
4266 9415
5884 8846
5949 9034
4654 9814
6124 9110
4440 9508
4744 9975
4416 9664
4727 9975
4165 9412
4744 9738
6069 9014
4524 9514
5808 8764
5224 8421
4511 9489
5948 9133
5473 8688
6075 9001
5995 9208
5926 9136
6123 9085
5798 8752
4413 9642
5730 8952
5505 8481
5913 9146
5973 9213
4570 9590
4767 9776
5260 8248
5314 8310
5721 8940
6085 9072
5247 8392
4398 9622
4417 9720
5846 8813
4141 9452
5735 8868
5333 8197
5595 8457
5887 8746
4724 9901
5191 8350
5400 8642
5280 8314
5938 9171
5371 8217
5723 8894
5815 8799
4274 9306
5815 8797
4586 9477
5462 8614
5604 8469
5162 8414
5884 8715
5187 8379
4785 9800
6000 9098
5663 8933
6142 8962
5611 8429
5863 9184
4953 9811
4603 9457
6034 8832
5957 8790
4370 9223
5658 8962
5882 9187
5168 8492
5293 8624
5026 9856
4873 9771
5906 8752
5363 8660
5407 8247
5336 8692
5043 9886
4240 9632
5194 8573
6095 8948
4587 9384
4477 9273
4455 9249
5497 8254
5360 8633
4162 9480
4340 9656
4142 9568
5039 9952
5041 9952
4309 9607
4523 9464
5529 8398
5239 8495
5291 8691
4393 9328
4877 9815
5209 8454
4946 9778
5432 8281
4496 9459
5712 9012
4995 9963
5548 8384
5397 8292
4942 9780
6141 8838
5913 8802
5147 8606
5292 8484
5633 9100
6135 8807
5731 9206
4138 9651
6122 8819
4342 9576
5254 8472
4285 9499
5414 8334
5405 8375
4399 9348
5968 8955
5479 8394
5940 8832
5744 9163
4889 9895
5694 9089
5196 8589
6118 8739
5556 8307
4988 9904
4541 9329
5088 9774
4180 9604
5458 8327
5400 8398
6007 8872
4416 9379
4237 9579
6027 8812
5812 9054
4452 9354
5933 8899
6088 8743
4247 9569
5528 8302
5631 8193
5352 8471
5621 9205
5217 8803
4174 9804
4954 9566
5326 8906
4687 9289
6126 8677
5149 8717
4725 9319
5062 9695
5580 9170
5802 8330
6064 8598
5758 8280
5521 9143
5567 9112
5346 8904
4844 9433
5509 9150
4157 9731
5374 8897
5086 9697
5537 9186
5077 9617
5966 8459
5571 9096
6046 8658
5269 8923
5048 9704
6066 8674
5964 8478
5716 8205
5074 9650
4922 9563
4311 9910
4611 9318
4350 9880
5576 9135
5250 8938
4969 9479
5138 8828
5441 9006
5431 9030
4686 9277
4115 9830
4321 9876
4474 9984
4908 9559
4312 9891
5035 9680
5666 8286
5494 8968
4328 9879
5033 9513
5250 8707
4788 9269
4126 9884
5595 9048
5654 8338
5741 8426
5878 8317
5879 8316
4932 9686
5423 9147
5337 8780
5512 8991
5825 8283
4156 9889
5421 9103
6140 8542
5780 8243
5844 8318
4127 9900
4909 9625
4911 9623
5064 9484
5895 8641
5612 8996
4883 9691
5524 9052
4947 9627
5990 8622
5425 9211
4634 9419
4975 9661
5733 8368
5496 9134
4190 9862
5972 8591
5510 9051
5158 8899
5200 8890
4950 9661
5014 9594
5054 9550
4606 9994
5828 8249
5998 8592
5810 8269
6025 8328
4748 9610
4860 9722
4940 9291
5377 8710
4601 9968
4371 9754
5991 8301
5637 8463
6128 8419
4875 9247
5047 9377
5732 8563
5469 8778
5590 8908
4842 9673
4941 9320
4507 9907
5581 8935
5516 8871
5133 8998
5024 9357
4807 9723
5230 9043
6002 8269
5629 8892
5804 8687
4638 9565
5351 9123
4612 9536
5867 8608
5410 8814
4480 9939
4777 9727
4493 9941
6016 8413
5325 9107
4466 9747
5679 8523
4967 9218
5149 9079
4524 9921
5198 8992
5174 9036
6033 8428
4449 9758
5167 9135
5931 8365
5868 8547
4504 9751
4951 9414
6099 8256
4862 9579
5860 8574
5076 9288
4826 9540
5197 9198
4626 9649
4402 9879
4614 9654
5969 8419
5811 8448
4561 9838
5704 8576
5158 9199
4466 9919
5002 9284
5366 8999
4387 9969
5596 8712
4955 9359
4972 9402
5772 8530
5653 8688
4848 9496
4428 9893
6072 8278
5989 8340
5389 8956
5292 9054
5016 9324
4701 9640
5953 8372
4486 9840
4678 9648
4695 9647
4979 9353
5274 9057
4839 9500
4784 9549
7462 9511
6469 8519
7204 9260
7375 9415
7476 9528
7831 9861
6367 8395
7263 9291
7966 9994
6933 8972
6893 8947
7834 9917
7229 9242
7550 9558
6284 8357
7675 9682
6517 8537
7884 9954
6963 8988
7223 9220
6559 8613
6502 8541
6919 9017
7712 9758
7138 9181
6424 8540
7385 9374
6349 8322
6956 9059
6892 8888
7780 9779
7651 9658
7209 9331
7089 9171
6297 8445
7350 9426
6565 8640
7454 9592
6461 8538
6304 8392
6599 8616
6369 8334
8063 10000
7697 9828
7249 9256
6881 8859
6876 8870
6908 8839
7625 9652
7733 9800
6723 8764
6490 8670
6957 9131
6953 9121
7872 9806
7709 9869
6729 8922
6153 8349
7658 9598
6335 8233
6596 8530
6192 8359
6253 8438
7625 9557
7066 9017
6478 8682
7673 9554
6645 8536
7850 9735
7307 9253
7745 9966
7585 9495
6490 8674
7229 9351
7888 9835
6507 8660
6841 8825
6218 8330
7322 9305
6469 8577
7784 9903
6513 8632
7141 9007
7606 9596
7197 9431
7135 8979
6999 9091
7174 9434
6886 8763
7256 9349
7147 9013
7475 9709
7582 9537
7525 9605
6246 8322
6484 8626
6937 9201
6544 8571
6560 8524
6685 8944
6840 8790
7696 9953
7368 9275
6463 8650
6639 8474
6868 8738
7105 9020
7281 9359
6475 8628
6891 9193
7583 9371
8191 9979
8158 9943
6807 9118
6255 8549
8187 9974
6821 9128
7220 9529
6842 9130
6746 9032
7570 9350
6702 9019
6542 8345
7634 9420
8084 9866
7363 9698
7388 9726
7936 9762
7232 9572
7980 9733
7979 9730
6724 9064
7592 9368
6403 8247
7610 9358
7968 9748
6407 8263
6387 8626
7173 9536
6449 8311
7518 9240
8179 9912
6896 9151
7271 9512
7186 9537
8053 9766
7217 9577
6320 8680
8144 9870
6993 8760
6416 8313
6940 8816
6462 8275
7487 9298
7259 9524
6592 8369
6372 8601
7414 9609
6911 9083
7617 9289
6208 8650
6483 8408
7079 8747
7074 8749
7469 9407
7470 9405
7178 9628
8177 9835
8087 9736
6547 8242
6997 8945
7508 9458
6616 8304
6493 8438
7165 8785
7019 8901
7373 9570
7630 9337
6859 9084
6317 8471
6364 8550
7366 9597
7350 9482
7025 8910
6531 8252
6296 8539
6477 8328
6876 8981
7577 9300
8183 9764
6305 8565
6738 9093
7261 9605
6684 9156
7194 9671
7114 8744
6584 8282
6279 8548
7031 8863
7314 9595
6373 8462
6935 8955
6390 8474
6570 8263
7657 9222
7966 9967
8139 9784
7016 8850
6491 9049
7254 9810
6287 8841
7072 8616
6537 9088
6437 9001
7103 8619
7982 9528
6437 9010
6191 8756
6861 8401
7139 8645
6526 9047
6485 9080
6820 8341
8094 9647
7090 8579
7169 9781
7085 8681
7787 9261
7938 9541
7227 9842
6195 8826
6557 9175
7178 9792
7900 9366
6472 8965
6294 8898
6194 8811
6627 9149
6292 8950
8008 9515
7837 9465
6371 8839
7814 9440
6711 8287
6693 8265
6845 8400
6732 8225
6831 8384
8106 9669
6204 8782
6615 9124
6625 9106
7807 9221
6974 8516
6422 9066
7395 9885
7219 9906
7233 9925
6321 8756
6741 8402
7983 9637
7750 9416
7875 9292
7027 8700
7715 9392
6793 8208
7761 9416
6330 8739
7953 9611
7916 9330
7146 8564
6248 8951
6706 8365
6687 8381
6733 8430
6838 8223
7067 8491
7806 9423
6974 8586
7407 9818
7712 9373
8107 9578
7323 9818
7875 9222
7933 9268
7936 9673
7101 8564
8164 9519
6915 8659
6782 8367
6269 8875
7132 8459
6707 8425
7384 9733
7374 9744
6909 8226
6577 9048
6326 8797
6777 8341
6452 9176
6536 8840
6801 8593
7132 8411
6880 8684
8190 9454
6284 9118
7466 9778
6958 8244
6283 9110
6436 8763
6956 8207
7949 9258
6322 9114
6509 8772
6167 9016
6480 8831
6903 8646
6758 8532
7148 8415
7649 9947
7710 9509
7553 9917
7128 8422
6318 9192
7856 9719
6578 8949
6864 8600
6207 9078
7997 9335
6257 8996
6746 8461
8000 9242
6466 8734
7434 9812
7131 8379
6510 8717
6535 8928
7869 9681
7623 9898
7424 9841
6643 8834
7159 8323
7741 9542
6295 8983
7797 9713
7591 9761
6427 8841
8031 9421
6842 8489
7744 9683
6391 9057
7931 9580
7871 9512
6674 8587
6152 9111
7759 9711
6602 8808
6300 9016
7667 9814
6902 8531
6184 9102
7819 9506
8002 9451
7572 9790
6376 9027
7821 9533
7593 9752
7847 9493
6850 8566
6402 8887
7640 9837
7918 9559
6487 8941
8102 9316
6197 9200
6553 8784
7947 9410
6438 8938
7703 9689
8135 9225
6843 8565
6749 8595
6281 9053
8181 9250
8171 9270
6771 8621
6811 8570
6390 8980
8061 9374
8091 9343
6314 9039
7492 9902
7799 9626
7063 8312
6289 9056
6784 8561
6869 8482
8073 9342
8076 9334
7713 9692
7559 9850
7577 9831
6853 9924
8153 9179
6240 9317
6362 9427
8009 9024
7243 8256
6618 9686
7631 8643
7828 8857
8174 9185
8022 9031
6352 9409
7844 8886
6736 9799
6380 9467
7525 8572
6611 9674
7964 8961
6325 9365
7676 8664
7372 8424
6888 9923
8073 9124
6969 9992
8136 9212
7619 8697
7796 8776
7818 8911
7748 8706
6382 9384
6195 9332
7588 8685
7218 8313
7792 8765
7366 8339
6431 9539
7805 8737
6860 9875
7727 8783
7387 8377
6208 9258
6474 9504
7168 8299
6857 9890
8068 9194
6879 9903
6590 9675
6783 9737
7261 8231
8142 9141
7858 8753
6546 9492
7899 8785
6668 9862
7185 8347
7838 8725
6519 9722
7830 8711
7385 8264
7460 8624
6874 9795
7731 8873
7582 8453
6632 9587
6398 9314
7713 8835
7792 8916
6450 9621
6870 9852
6695 9876
8032 9172
7928 8769
7943 9149
7543 8631
7601 8560
6825 9824
6211 9357
7242 8346
7447 8646
6614 9472
7853 8821
7758 8853
7179 8427
7471 8651
7632 8507
7908 8714
6388 9243
7999 9156
7985 9165
8013 9138
7486 8252
7604 8380
7586 8363
6621 9425
7286 8551
7094 9897
7909 9210
6561 9345
7023 9805
7295 8535
6173 9517
7214 8479
7508 8293
8027 8813
7706 8994
7010 9817
8066 8889
6443 9238
7049 9929
6447 9323
8071 8898
7614 8443
7181 8523
7430 8257
7403 8620
6172 9556
6205 9588
6435 9327
7975 8810
7239 8470
7097 9963
7382 8588
7456 8316
7073 9921
7539 8210
6206 9564
6187 9545
8167 8836
7461 8257
7045 9954
6562 9418
6171 9586
6205 9555
7275 8472
7442 8300
7039 9728
8067 8707
7422 8575
7798 9204
7184 8594
8026 8926
7352 8509
7500 8390
6176 9644
6186 9639
8075 8730
7102 9772
6952 9914
6311 9524
8081 8709
6443 9398
6512 9455
6538 9256
7351 8468
6967 9875
6647 9299
6525 9430
7042 9773
7962 8872
6522 9417
6279 9523
6978 9972
6962 9861
6261 9679
8009 8950
7715 9116
6482 9362
8050 8888
7915 8997
8002 8850
7586 8307
7359 8558
7654 8245
7233 8596
6972 9962
7117 9754
8175 8757
7369 8468
8163 8766
7578 8260
7469 8434
7719 9154
6342 9517
8186 8726
6387 9501
7633 8224
7857 9026
6365 9509
6221 9655
8143 8753
6425 9447
6259 9843
7842 8355
7534 9071
7056 9618
7296 8834
6764 9321
7858 8372
7804 8315
7969 8490
6660 9226
6884 9469
6985 9554
6161 9740
7708 8255
7031 9561
7193 8758
6680 9259
7202 8726
6809 9376
8060 8518
7166 9666
6767 9262
7398 8871
7658 9126
6291 9949
7300 8907
7675 9132
8022 8462
6882 9402
6476 10000
8155 8583
6397 9888
7587 9153
6809 9470
6821 9423
7795 8221
7165 9613
7345 8896
7358 8911
6682 9320
7741 8270
6233 9760
6712 9285
7876 8378
6825 9430
7342 8745
7887 8286
7611 8992
6850 9310
6993 9713
7464 9098
7066 9534
7189 8882
7037 9690
8053 8641
6949 9629
6828 9234
8056 8634
6399 9785
7641 8976
7706 8403
6827 9313
7938 8648
7547 9140
7716 8446
7108 9503
6181 9982
6151 9944
6735 9391
7211 8905
7754 8367
6839 9297
7043 9580
8128 8497
6894 9244
8127 8524
7393 8731
7894 8657
8132 8396
7104 9419
7360 9166
7266 9069
7913 8678
7689 8473
7972 8246
8084 8320
7848 8638
7671 8929
7986 8235
7230 8999
7150 9460
6655 9957
8105 8370
6738 9550
6835 9644
7751 8536
7161 9437
6995 9336
7219 8990
7855 8576
7343 9117
7241 9083
8004 8306
7776 8534
8097 8342
7003 9324
7096 9346
7044 9400
7523 8796
7788 8488
8110 8425
6932 9309
7664 8891
6818 9705
6803 9688
7942 8266
6556 9937
6726 9480
7448 8776
7784 8506
7467 8828
7295 8984
7207 9038
7623 8873
7619 8884
6548 9962
6266 9989
6975 9396
7720 8614
7737 8631
7095 9255
8114 8224
7250 9152
7697 8578
6492 9928
6568 9788
6848 9557
8058 8431
7258 9164
7736 8609
7383 9036
7569 8714
7392 9085
6947 9347
7949 8364
6796 9510
7691 8609
7347 8985
7684 8617
7812 8501
6686 9639
6659 9663
6640 9804
8180 8267
7174 9155
7048 9282
7882 8455
6924 9411
7097 9312
6926 9429
7509 8840
6795 9556
7396 9019
7348 9044
7568 8817
6886 9487
7009 9355
7703 8696
7857 8513
7457 8912
8101 8279
7386 9005
7687 8703
7037 9349
6970 9411
8020 8362
