1000 1023
529 531
781 783
825 826
736 741
726 732
753 762
390 397
535 539
837 841
608 623
965 970
140 158
366 378
705 724
779 796
845 853
865 888
769 795
335 340
672 699
199 219
650 660
159 191
155 187
729 760
80 113
137 171
927 957
704 740
471 498
521 556
582 623
336 380
650 678
139 167
784 829
469 506
326 361
921 937
735 750
129 179
859 873
653 696
403 420
389 445
273 296
322 379
648 689
278 303
466 491
385 440
199 253
132 185
280 294
663 681
674 739
528 594
788 854
151 212
920 987
41 106
403 470
45 104
134 192
35 101
137 207
701 757
22 94
822 895
392 450
266 320
155 209
551 631
3 82
420 501
305 357
442 495
262 339
824 877
5 93
423 510
314 352
432 491
306 364
654 720
533 587
395 468
949 981
174 206
386 482
677 711
813 847
151 244
410 505
683 717
313 350
649 738
544 588
52 88
290 334
188 209
546 589
133 234
6 118
130 243
186 200
640 754
776 892
527 633
518 639
568 577
652 758
56 66
55 75
18 108
347 474
383 509
613 737
834 966
818 950
89 220
271 393
97 230
382 501
311 443
552 677
526 640
521 664
99 241
609 757
616 764
820 929
119 225
2 149
562 680
33 187
845 982
832 988
376 485
36 185
772 922
348 450
557 653
814 910
277 437
582 743
382 476
360 458
867 961
546 641
59 152
74 238
873 961
780 933
346 497
883 990
837 1000
40 134
819 925
328 505
607 750
371 449
24 170
80 228
803 919
586 767
257 439
57 143
256 438
21 162
30 169
27 172
813 919
779 951
576 765
31 161
860 995
102 166
45 233
276 464
611 678
519 705
94 153
615 686
269 452
358 429
533 734
882 958
524 704
860 912
637 685
377 424
317 495
844 926
572 744
295 498
2 215
114 167
842 924
81 135
19 196
770 986
793 960
90 128
513 731
609 698
326 411
862 896
884 939
522 725
580 667
325 421
117 145
376 413
113 148
26 252
32 198
800 966
284 507
570 722
83 186
11 226
595 697
276 510
19 255
118 154
10 231
289 463
375 409
292 459
877 898
50 195
355 402
888 906
841 955
48 195
13 249
54 192
18 229
619 658
883 906
602 672
287 485
272 490
592 683
111 147
638 643
684 941
723 978
24 281
721 979
206 456
47 297
193 454
99 363
572 823
540 791
647 907
618 871
694 952
662 902
661 901
107 378
119 356
610 887
661 899
719 984
183 416
728 963
619 880
244 488
556 817
145 399
515 796
160 385
542 828
76 367
183 404
73 365
652 937
669 955
223 504
245 477
715 994
603 882
249 467
610 840
573 785
766 975
571 777
585 890
4 304
763 974
723 996
177 393
217 483
132 446
548 798
604 864
115 335
581 889
514 830
160 412
57 260
687 914
95 352
685 914
226 418
761 953
90 283
567 886
249 440
9 330
213 406
531 855
532 848
615 800
184 511
759 959
573 884
517 847
103 297
39 361
111 288
104 313
36 374
225 434
131 475
176 489
29 323
547 835
577 802
255 412
109 267
716 938
636 794
540 891
152 496
62 343
229 396
64 298
637 791
594 830
38 331
597 827
718 928
85 315
514 880
758 900
165 465
7 370
600 814
51 324
116 259
631 781
639 773
239 405
632 771
164 472
634 774
157 480
141 499
63 320
40 424
39 423
589 972
743 870
679 806
657 787
588 968
675 806
174 296
642 773
568 944
68 462
71 461
714 833
716 839
44 417
756 889
563 931
765 876
692 807
708 850
42 444
91 460
153 257
77 468
133 284
254 359
253 358
63 420
555 950
714 852
625 977
530 947
102 455
211 369
210 374
31 443
655 810
720 885
563 918
731 893
730 892
103 448
721 886
173 261
247 350
180 285
125 470
745 836
102 459
612 971
718 895
558 927
745 859
162 279
50 391
144 293
49 390
595 996
138 306
621 980
144 298
218 282
235 299
205 268
85 404
625 947
752 818
66 384
98 417
584 908
37 481
125 441
147 343
87 402
64 389
10 460
608 935
754 826
618 934
586 903
676 874
666 852
201 262
43 484
163 364
60 494
606 908
28 456
204 281
234 316
695 865
246 289
221 261
189 356
590 916
5 479
747 817
16 459
67 414
665 836
229 315
578 930
213 311
236 264
699 861
697 863
669 891
98 395
636 917
83 440
583 939
177 351
688 862
107 388
741 789
700 846
224 274
15 509
26 489
711 820
67 439
576 949
128 373
603 941
159 359
77 433
536 997
626 909
157 354
481 993
214 726
332 846
156 671
410 921
372 880
198 707
482 999
42 559
333 840
54 560
101 621
318 822
398 903
188 693
131 649
401 922
264 771
426 935
136 645
28 530
344 854
451 978
8 538
18 512
138 668
58 557
422 945
229 765
220 709
269 788
430 948
212 713
27 518
333 851
245 746
330 874
287 831
496 977
334 879
22 567
16 561
34 512
79 620
408 956
1 549
270 809
211 756
112 599
341 893
236 710
51 536
263 811
7 554
325 872
377 855
368 863
397 957
47 542
292 790
265 829
1 565
93 617
437 897
331 894
497 964
121 591
411 940
275 811
486 990
318 775
500 974
202 753
308 777
197 760
208 749
275 851
201 651
216 666
173 751
258 832
372 823
484 928
418 998
504 958
415 982
267 833
233 675
150 733
219 663
415 979
408 981
254 691
337 799
396 962
490 933
400 991
250 693
338 770
70 535
108 574
18 576
308 864
148 706
473 910
102 561
231 703
83 523
295 894
452 925
346 768
168 755
191 740
189 737
449 924
380 802
69 538
345 774
163 764
399 976
109 525
309 853
65 544
222 698
291 839
240 660
381 793
371 790
74 559
216 702
329 815
438 976
300 843
432 983
215 703
492 900
455 943
458 930
290 843
370 792
251 657
222 690
369 797
242 670
61 592
477 944
353 783
87 569
440 983
55 583
475 938
123 522
286 879
73 571
23 613
479 940
35 596
375 768
502 911
362 784
129 762
121 516
230 667
97 543
92 547
14 654
95 734
8 651
400 787
252 632
486 866
305 948
447 825
321 969
314 945
169 549
117 761
81 735
16 641
172 574
114 736
327 980
16 643
457 858
507 878
196 593
140 539
65 729
223 582
41 691
29 647
116 751
405 782
444 801
445 803
3 668
388 804
139 553
242 593
12 680
130 550
32 646
20 700
156 565
141 548
238 580
409 819
487 844
100 713
21 696
223 626
82 767
48 671
158 561
398 801
435 769
476 878
176 515
425 797
52 642
451 885
179 516
251 579
89 739
345 997
461 881
182 628
17 722
337 916
464 789
478 792
383 953
427 876
471 799
260 973
326 909
459 775
300 992
327 905
508 812
372 932
266 986
349 908
368 929
17 706
46 759
391 861
362 951
171 629
248 550
25 710
112 687
168 585
135 612
511 794
361 908
293 962
23 765
164 584
270 994
30 755
309 984
56 712
88 682
463 828
59 717
34 724
278 992
126 646
247 526
323 954
310 972
401 875
62 708
69 702
237 534
428 848
501 777
339 942
228 537
122 644
472 807
75 692
243 524
286 543
15 782
100 870
221 985
448 709
194 967
431 681
46 809
303 552
428 676
454 719
165 943
105 867
203 960
282 532
421 682
502 742
384 656
9 795
453 727
84 838
161 946
340 576
143 923
342 579
379 622
58 812
78 856
256 534
127 872
285 517
326 606
110 887
317 551
301 561
492 752
70 857
366 590
354 578
265 554
11 815
349 635
14 808
96 838
166 896
142 936
12 804
291 523
465 763
246 989
372 582
232 988
124 842
190 904
63 777
294 529
178 901
123 834
425 659
175 917
4 831
170 918
341 616
53 776
310 520
319 638
457 648
208 913
106 808
83 785
363 558
227 934
6 835
239 936
259 587
273 602
506 689
302 611
63 881
150 965
288 627
210 902
301 633
381 553
96 821
258 599
304 614
394 732
280 591
436 748
72 786
503 684
13 849
394 727
312 614
406 712
367 560
91 772
232 904
207 942
184 985
501 662
49 850
110 778
365 520
217 959
60 858
493 645
427 707
373 541
338 570
175 967
120 785
319 596
200 932
178 991
435 733
20 890
420 715
324 564
250 907
469 679
227 912
79 827
205 952
283 622
214 931
38 849
414 742
316 581
154 995
248 898
416 730
190 964
274 617
299 598
180 971
447 575
61 956
419 545
473 605
433 566
442 562
312 690
351 725
407 541
237 871
434 569
441 564
181 824
392 519
105 998
115 993
429 575
307 673
203 856
33 946
241 869
493 629
126 999
263 670
488 630
474 634
503 597
277 695
307 656
436 528
467 630
478 635
193 868
328 749
124 987
146 821
322 746
321 744
500 606
413 566
499 607
419 525
223 880
120 968
218 875
235 857
127 969
146 805
136 816
347 738
271 694
462 628
483 600
480 606
149 810
72 905
342 658
84 913
302 747
272 728
71 911
194 778
86 920
78 897
181 868
329 664
25 970
182 869
86 899
387 598
357 688
202 786
68 926
453 537
508 545
76 915
431 624
268 748
348 701
122 923
446 605
407 627
92 954
43 963
487 527
249 785
279 766
204 805
37 975
224 780
142 866
361 644
353 655
332 674
386 620
240 798
494 513
355 659
44 989
360 665
387 624
197 816
426 604
430 601
53 973
466 555
344 673
336 686
422 601
