1000 1135
116 118
372 375
361 365
856 860
186 188
369 375
522 525
647 655
387 395
949 959
708 718
341 350
490 506
843 857
559 571
911 922
37 51
450 469
263 286
742 767
386 409
75 80
110 117
139 151
74 86
608 637
899 924
322 349
746 757
774 806
784 817
279 309
773 806
734 759
156 182
129 170
346 373
8 39
199 247
30 44
583 629
723 736
646 693
320 372
711 755
464 484
658 676
854 865
20 45
220 229
138 176
517 575
12 55
905 951
402 429
264 328
275 337
33 98
437 502
16 84
897 967
53 114
388 460
544 617
643 714
420 494
685 743
5 75
926 976
20 68
274 323
160 241
687 765
429 510
277 321
423 498
526 603
136 222
266 339
788 845
830 871
674 760
425 499
389 479
182 232
573 611
641 735
419 509
796 834
815 845
646 741
39 67
819 855
258 359
163 197
787 885
62 89
403 506
910 996
132 239
547 590
278 379
664 758
679 712
128 240
801 848
821 836
169 219
140 255
440 459
689 709
144 229
421 464
21 99
553 606
564 579
415 488
430 466
807 859
574 577
794 921
867 999
65 196
14 136
843 972
116 254
71 205
551 683
382 498
103 235
857 983
628 762
842 987
840 986
311 420
61 174
377 490
279 388
573 686
792 908
563 678
887 993
589 731
293 434
804 947
825 942
768 920
554 690
381 484
513 667
602 704
68 216
585 725
538 644
541 642
361 502
527 687
621 717
353 448
23 181
878 972
63 156
52 151
76 232
839 994
540 698
772 930
6 161
298 397
512 680
890 977
28 183
340 511
816 923
572 656
101 201
529 700
34 140
891 981
522 677
30 175
106 219
804 919
537 684
104 222
365 475
587 765
891 972
335 504
333 501
524 692
530 682
785 939
282 416
69 254
5 184
368 461
802 924
770 963
869 935
311 501
374 436
865 931
77 143
546 736
625 690
874 937
292 480
562 758
110 171
637 699
535 721
343 400
775 975
356 428
271 454
844 903
611 686
290 495
84 153
8 197
769 972
289 495
582 649
11 218
117 164
833 914
374 418
15 219
775 976
584 671
522 733
287 455
54 236
528 715
335 404
334 405
355 446
16 205
7 230
27 250
830 988
630 661
4 231
550 706
807 963
351 443
861 952
124 154
633 670
602 701
578 677
565 732
828 982
22 253
256 492
111 131
325 424
875 900
345 425
67 179
26 234
817 961
886 902
879 926
381 396
308 455
83 167
326 435
339 422
310 448
331 445
570 716
19 228
610 661
881 907
379 391
289 476
319 449
824 966
598 681
849 942
531 787
41 297
74 331
1 259
559 812
64 324
54 306
688 950
241 503
152 414
549 802
659 916
647 911
598 862
222 470
536 784
583 847
576 841
521 771
201 452
732 978
569 822
174 446
624 864
207 479
654 926
666 906
91 330
672 949
632 877
613 880
670 904
658 900
621 891
189 426
710 977
587 860
732 971
728 960
120 354
253 487
616 883
619 886
82 333
555 820
512 799
668 956
98 323
73 360
237 462
649 941
82 375
210 503
653 938
237 458
548 771
94 375
683 898
109 327
59 273
243 472
753 986
648 932
100 329
609 846
646 937
129 432
46 280
135 432
97 342
650 946
630 846
138 434
586 882
677 925
131 443
150 431
24 290
32 286
13 307
213 491
91 356
49 369
671 990
640 961
720 913
566 884
766 957
516 832
89 284
556 875
192 392
180 510
729 915
626 828
639 816
178 482
177 483
2 336
634 814
141 472
577 788
604 779
106 306
663 975
597 780
40 370
187 480
248 419
120 292
225 445
252 416
203 407
631 810
77 272
750 947
560 878
638 800
134 486
31 382
684 974
635 793
126 283
738 903
74 303
104 269
255 409
733 955
731 957
703 983
675 971
211 442
695 990
165 460
87 315
616 772
150 507
94 307
705 943
519 887
127 269
729 941
702 970
121 268
660 993
748 923
750 918
546 858
115 266
625 776
60 326
747 913
191 453
193 444
562 847
236 401
705 959
523 884
760 888
87 471
157 285
121 505
556 941
691 823
80 469
612 993
166 288
202 332
248 383
218 349
691 826
147 281
570 944
70 458
535 923
566 955
539 917
199 328
724 859
190 305
751 895
596 965
653 792
79 473
146 265
222 325
542 898
221 322
755 876
23 439
702 798
16 432
230 324
576 995
695 788
133 288
211 373
57 400
194 360
518 939
218 375
9 422
16 447
55 389
76 511
639 971
763 847
608 981
221 363
712 894
668 811
551 927
745 848
158 295
107 466
678 797
227 351
688 782
179 269
577 897
761 825
181 372
645 838
33 482
56 507
242 305
251 319
706 774
204 260
615 943
739 811
726 799
520 962
580 910
123 433
589 902
183 380
666 854
99 430
675 877
22 473
162 370
214 263
728 778
94 392
145 327
177 358
561 998
523 978
522 979
761 803
107 433
603 896
157 321
660 840
244 297
43 500
514 989
736 831
88 440
233 265
649 875
713 810
90 444
681 847
116 403
717 805
69 428
605 948
25 496
568 978
663 891
145 380
76 418
105 391
689 863
238 257
737 782
717 829
591 954
137 383
59 461
226 277
139 369
700 839
759 779
208 300
62 450
106 406
73 439
303 815
187 698
89 600
149 663
249 763
83 593
48 563
274 791
226 743
179 692
357 866
491 994
402 920
452 975
208 734
185 695
348 850
47 545
50 573
93 594
24 520
195 722
283 778
19 513
90 584
5 535
64 596
65 599
92 586
115 612
113 614
206 727
163 697
18 526
276 776
506 996
462 976
252 739
213 756
198 740
493 975
317 793
218 766
37 515
173 651
376 863
364 837
413 944
64 622
155 693
406 953
207 736
423 918
125 591
36 534
195 752
412 936
58 527
225 727
86 608
487 976
318 777
301 788
202 752
3 569
79 629
301 785
245 715
410 933
413 930
209 657
450 899
72 521
303 878
216 667
27 600
451 896
7 579
470 914
123 573
493 934
409 978
244 696
10 581
473 904
409 971
135 724
334 794
49 613
500 931
314 867
457 917
353 831
269 851
212 651
169 713
390 998
256 866
159 764
164 704
303 843
342 819
10 623
242 666
4 621
25 627
261 873
112 541
249 660
206 673
145 766
240 640
505 905
109 540
334 831
11 633
160 723
291 855
176 709
38 595
471 929
35 597
250 642
97 537
368 777
29 614
193 701
74 565
450 957
431 813
36 679
233 618
102 738
190 570
406 786
327 962
401 791
468 851
304 951
459 835
28 660
260 909
76 709
310 954
312 948
168 549
165 552
161 558
362 997
489 870
142 543
128 530
270 925
42 703
384 790
320 982
493 891
246 609
463 856
496 871
15 663
477 836
103 766
486 892
435 808
186 545
200 596
180 553
243 622
81 716
346 964
242 620
83 717
438 809
152 568
126 735
172 525
294 901
53 662
32 645
395 814
185 543
105 718
270 937
189 533
184 531
315 912
34 654
371 991
106 710
473 885
123 726
399 802
355 973
154 564
66 749
272 928
412 812
275 928
132 560
481 853
300 922
93 747
149 556
386 827
427 786
191 517
457 883
305 906
118 714
215 618
258 956
90 741
153 601
467 787
159 606
398 844
248 570
79 652
511 826
210 532
474 796
476 795
406 862
357 940
478 789
296 996
432 892
341 923
52 762
217 535
296 999
71 648
220 524
367 958
188 623
455 787
108 697
394 861
481 822
497 809
25 704
437 879
477 769
485 824
25 710
113 657
194 546
17 753
247 534
133 615
200 555
17 754
410 894
293 960
397 872
454 800
130 619
348 950
343 957
178 600
399 868
99 648
387 878
136 613
268 995
419 849
433 835
408 874
60 719
508 783
278 997
217 557
378 908
83 677
101 669
29 740
40 721
327 957
504 773
298 980
72 840
449 704
307 561
123 889
43 808
299 558
307 566
141 907
51 820
449 710
399 648
204 964
456 707
302 547
291 557
313 567
469 731
48 831
14 798
142 927
332 605
375 613
85 838
441 685
316 552
94 843
86 833
264 528
108 885
209 968
102 895
344 578
325 607
403 654
345 580
347 582
497 751
267 532
433 686
377 601
325 613
385 672
295 518
407 694
18 816
134 933
158 957
143 938
13 805
26 818
83 891
84 892
378 592
366 581
331 608
267 550
399 673
465 766
284 556
367 607
120 840
137 952
85 868
63 781
5 816
106 863
2 821
78 889
224 984
251 967
390 696
104 854
50 781
224 991
508 707
127 832
411 676
155 932
362 554
462 654
84 789
99 802
46 876
57 893
415 731
417 741
405 720
493 682
147 980
436 764
192 906
89 787
261 590
171 992
337 538
227 936
245 953
318 626
257 588
112 829
308 634
511 689
42 869
394 730
316 620
393 732
235 958
231 945
363 572
475 652
106 818
359 575
302 631
447 742
262 604
438 748
403 719
79 787
281 583
287 577
442 730
234 906
31 893
449 674
78 813
170 974
49 852
468 689
6 864
172 970
122 797
281 638
1 873
122 786
385 745
285 628
396 741
130 1000
334 546
419 716
340 548
488 665
287 621
485 662
12 890
56 834
95 803
238 912
64 831
83 979
242 880
203 841
306 689
144 790
384 519
305 694
246 892
372 766
44 935
212 858
61 946
299 699
116 996
499 610
66 979
145 770
427 574
317 680
338 708
49 934
451 596
81 966
453 594
330 722
259 666
392 529
120 993
148 783
228 888
124 992
393 533
200 852
408 516
88 965
215 842
421 571
462 593
455 600
45 909
104 969
3 929
366 716
465 627
329 749
347 767
125 984
262 686
287 695
338 763
280 689
483 585
96 973
509 595
58 916
344 744
168 795
198 885
111 988
352 725
304 646
463 632
456 624
494 599
314 643
312 641
467 617
239 853
441 515
309 649
96 989
41 919
392 566
119 968
350 737
9 969
95 926
398 588
248 827
196 768
417 613
119 945
148 850
306 756
100 940
219 786
469 542
167 872
162 882
331 664
86 901
404 583
223 780
336 644
424 636
70 915
166 881
506 544
478 514
411 635
369 659
414 636
281 763
371 656
294 709
136 875
273 757
179 854
173 837
223 823
114 921
358 650
354 655
474 567
175 863
92 941
282 744
489 539
90 937
492 536
146 870
38 979
364 665
47 985
214 801
200 831
426 592
35 985
352 669
21 1000
271 754
276 746
313 711
