10000 10000
6600 6601
2809 2813
4354 4356
391 399
1312 1322
6320 6330
4710 4717
9680 9691
7410 7422
1779 1791
8655 8671
2569 2584
9924 9942
7552 7571
7596 7608
9551 9563
2342 2352
5706 5725
3846 3871
708 733
8679 8702
4173 4183
7746 7774
448 477
2210 2237
7117 7122
7770 7803
8325 8356
265 299
1176 1211
8528 8564
9044 9072
9631 9659
1033 1069
8912 8950
3083 3107
4805 4840
6415 6434
6602 6628
1474 1526
8078 8122
7574 7587
9051 9069
9933 9979
1751 1761
540 548
3527 3582
5715 5738
8720 8745
9496 9506
5708 5744
847 882
7244 7281
1690 1701
6225 6254
7169 7233
2622 2686
9242 9304
4269 4334
7730 7798
2982 3042
8454 8515
7578 7647
4498 4570
7306 7363
7715 7786
6179 6248
2990 3045
1208 1268
3211 3271
1596 1648
9873 9948
7597 7651
2461 2515
417 495
6153 6214
694 761
2216 2296
7713 7793
8364 8445
3083 3162
6816 6898
5392 5443
9095 9172
7845 7921
7579 7628
7951 8024
1823 1863
8743 8831
4791 4845
302 373
4771 4856
5694 5731
3862 3912
8967 9048
6158 6252
6176 6211
5797 5825
933 963
8895 8921
9222 9312
8627 8667
1032 1120
4744 4833
3359 3444
4153 4181
7599 7647
1471 1486
2217 2264
2824 2937
3369 3423
5942 5953
8727 8814
7967 8038
7999 8004
5918 5989
8892 8896
3388 3392
3085 3185
21 104
10 119
3875 3933
6186 6229
5426 5552
8747 8873
7972 8103
5165 5294
3353 3485
5987 6119
5913 6045
5416 5548
1848 1981
60 186
5435 5553
7714 7852
9811 9949
2653 2771
6730 6874
7511 7623
9338 9451
65 208
9800 9945
4624 4738
629 743
3861 3968
8571 8684
7790 7926
9581 9717
6739 6859
3934 4036
4715 4848
4440 4548
5668 5817
9563 9670
6465 6623
6439 6584
6168 6328
530 690
9080 9177
6777 6872
8570 8665
8715 8872
840 1005
9807 9960
2157 2250
3148 3301
4672 4842
2640 2811
3840 4011
5133 5281
9082 9174
355 460
806 918
96 210
518 690
2586 2734
7031 7106
9852 9929
2871 2945
788 931
5643 5811
7689 7857
6418 6571
6527 6597
6664 6835
6454 6539
4151 4343
6947 7138
1593 1786
8514 8577
4884 5074
804 994
3597 3787
6761 6817
566 762
8206 8384
7989 8187
3132 3315
6501 6570
2375 2455
9824 9907
1345 1429
3381 3554
5426 5605
3937 4025
3664 3720
4918 5100
5914 6080
4117 4297
9327 9392
6511 6576
596 692
5695 5855
2564 2790
2588 2815
4608 4835
6456 6608
8193 8425
9775 9926
4413 4566
8526 8608
4186 4277
315 468
8768 8880
3850 4094
6750 6826
2400 2453
5918 6123
8197 8435
7247 7353
8741 8914
1116 1188
5133 5364
5632 5883
4915 5071
5691 5831
2682 2694
7681 7932
7729 7887
7798 7817
7783 8039
2741 2997
7906 8163
7917 8169
2226 2486
752 1013
4754 5018
2122 2370
6846 7095
9741 9991
2185 2434
8273 8541
6658 6926
7356 7600
7273 7527
3318 3576
9322 9595
3202 3472
252 489
21 259
9357 9627
127 361
2049 2328
1706 1968
7801 8037
4736 5022
1109 1355
8211 8460
2609 2833
5772 6060
3121 3345
7236 7524
9460 9684
9376 9601
112 339
3710 3930
67 359
71 354
2165 2387
8885 9107
7394 7627
144 441
7281 7512
4122 4401
2722 2953
8732 9015
6160 6462
9305 9580
18 292
1077 1292
9450 9683
7396 7645
740 989
9408 9723
48 267
7842 8089
2080 2332
8789 9064
8203 8502
2560 2877
1074 1295
8238 8465
6199 6519
62 383
3298 3491
8252 8574
1151 1338
5818 6143
5186 5386
697 1008
7242 7425
8351 8659
1718 2043
1189 1525
9393 9696
4854 5026
1191 1521
4624 4934
640 982
2748 3051
4127 4423
8225 8568
6713 7011
44 375
1083 1381
5642 5972
5319 5528
609 769
8829 8988
2799 2956
3229 3582
1721 2012
1600 1830
4858 5021
215 447
6197 6492
5768 6114
1028 1391
2610 2905
7819 8166
1757 1968
6842 7124
3785 4006
1227 1464
8298 8478
7177 7549
7897 8108
7410 7559
2173 2304
9237 9579
8269 8499
6228 6613
3292 3421
5372 5501
4716 5102
4211 4593
2576 2963
6891 7016
4689 5076
5321 5452
5803 5933
1035 1420
1613 1988
9217 9608
1625 2000
7790 8164
1577 1955
6234 6609
8315 8688
4687 5058
5660 6028
1275 1387
8739 9139
2717 2828
6876 6990
9351 9493
1063 1460
5676 6079
6328 6445
4699 5070
9357 9496
3312 3430
6255 6647
2627 3034
2697 2832
4704 5114
517 926
689 813
6356 6472
9410 9570
9288 9706
2266 2425
8227 8576
7201 7554
7349 7441
5235 5591
10 431
2658 3013
125 474
4197 4558
240 348
8363 8455
8813 9152
4158 4496
6164 6587
4249 4395
7864 7946
6307 6416
6393 6476
9245 9643
547 916
713 894
103 478
3713 3899
2276 2398
231 347
102 423
3305 3371
1553 2002
4640 5092
8419 8487
4218 4543
7239 7553
2720 2919
6321 6521
3816 3873
543 981
8881 9083
3836 3895
7291 7600
2113 2445
2630 2955
3169 3505
7406 7487
6882 6960
9442 9521
3111 3572
4715 5054
9308 9610
2789 2867
2630 2961
1141 1453
1171 1354
4697 4995
2292 2350
5677 6129
7266 7615
227 318
2098 2540
1736 1815
2594 3069
7215 7630
3791 3885
8744 9162
8220 8703
2134 2480
7824 8054
6712 7135
7339 7500
3146 3490
7874 7978
7216 7642
2236 2391
4691 5055
4170 4516
7312 7551
5194 5563
670 872
3674 4002
3703 3982
4137 4563
4319 4386
1654 1929
7488 8002
1169 1683
2203 2712
3159 3668
8381 8889
2436 2944
251 766
7334 7840
2205 2715
3141 3650
4339 4859
7495 8015
4508 5012
8379 8883
8519 9038
1172 1694
7280 7802
6521 7026
7270 7789
5307 5815
1222 1738
336 860
1057 1581
4290 4815
22 539
3520 4046
5619 6115
6550 7045
7186 7686
3430 3954
5523 6022
6547 7046
2543 3065
7315 7813
1534 2024
7197 7690
7480 7968
7178 7699
9495 9998
3239 3773
8290 8825
7648 8190
503 1000
2360 2855
3331 3875
11 554
4137 4619
7426 7968
1343 1819
6551 7091
6627 7109
7509 8061
4440 4976
1206 1695
4514 5003
5277 5812
7350 7839
7616 8169
7220 7709
8542 9079
2353 2840
362 838
5388 5920
9249 9741
6412 6945
9429 9976
1213 1683
4105 4646
5598 6127
4256 4754
6329 6797
6602 7167
5222 5715
1149 1610
7346 7818
1242 1762
2052 2620
8385 8952
4098 4665
1457 1934
7414 7862
346 795
241 688
2462 3036
3375 3948
8490 9070
4582 5027
3081 3663
5626 6076
2280 2735
7645 8085
6168 6740
3186 3646
87 537
3331 3917
2063 2624
4375 4952
2444 3038
4350 4781
1029 1616
8355 8948
140 725
1279 1701
6575 7155
6484 6923
8611 9212
5240 5656
1481 1960
7478 8020
3275 3753
2098 2641
4302 4779
6224 6709
7427 8038
3343 3945
4400 4950
6580 7122
8678 9103
6583 7133
6552 7154
9259 9792
101 526
4159 4692
4140 4673
4432 4927
2519 2983
5150 5740
9252 9815
8467 9056
4276 4800
4511 5099
6441 7004
1262 1688
9405 9931
5213 5668
2517 2988
8243 8783
459 951
8355 8925
368 783
1189 1572
166 551
6183 6822
1160 1548
4436 5074
3258 3645
4491 4876
2212 2604
4505 4881
6564 6958
2557 2935
9364 9758
8291 8941
6591 6961
435 829
8258 8909
2337 2990
2383 3037
4229 4630
187 559
8393 8797
205 601
3562 3967
4395 5053
4528 4903
4382 4998
4316 4677
3109 3772
7629 8020
5352 5745
287 901
4432 5066
269 919
8591 8981
9263 9908
8522 9174
6535 6938
8672 9085
2146 2813
7644 8060
6510 7118
7652 8005
1131 1738
1524 1879
2380 3055
6494 7163
1426 1844
281 958
3239 3598
7588 7950
7224 7827
9291 9952
2075 2743
2171 2775
6423 7098
3497 3844
3544 3957
7442 8124
1033 1721
4436 5093
9233 9891
7459 8087
4248 4652
8422 8785
5156 5789
7237 7934
8257 8956
5282 5663
8550 9176
5558 6007
6185 6888
7560 8012
379 957
4482 4939
5563 6001
2110 2804
6151 6857
2484 2938
5572 5899
7176 7879
5307 5737
3234 3696
223 524
7520 8116
2446 2907
2333 3018
114 677
8615 9087
5380 6109
4259 4730
2539 2864
3355 4032
1493 1801
4274 4719
1059 1790
2174 2723
3291 3590
8296 8887
5618 5906
485 773
1470 1883
3270 3619
9358 9835
5483 6029
300 971
487 768
451 810
38 719
9351 9838
1056 1740
2081 2765
4143 4800
6257 6787
1049 1770
4390 5077
4396 5082
4102 4848
53 718
7525 8089
1172 1642
4361 5111
5200 5968
3220 3988
1339 1592
5139 5904
5202 5969
2158 2925
4437 4694
5450 5699
7421 8180
2382 2626
3224 3988
7520 7791
1342 1585
6194 6944
8644 8919
6455 6691
1040 1798
5533 5771
1438 1672
3564 3828
6547 6795
7590 7870
1342 1575
4136 4914
4456 4723
7246 8018
5282 6078
1283 1567
5553 5805
7664 7917
8656 8910
4291 5084
1531 1764
4445 4733
1427 1713
7407 8141
8194 8992
9476 9766
1188 1926
8634 8857
5554 5777
3546 3836
2220 2948
7559 7855
2198 3007
5182 5911
8277 9086
2205 2998
5214 6000
5268 6074
8362 9093
1075 1795
3579 3787
5163 5914
2477 2719
2439 2739
5249 6068
1122 1877
4425 4721
9648 9866
5448 5749
3383 3592
4497 4782
3347 3628
2401 2593
1494 1686
3255 4084
165 993
3181 3880
1423 1735
6532 6860
8475 8786
14 836
2232 3058
1501 1677
2219 3066
8374 9191
1474 1680
1050 1868
4246 5056
4129 4987
8585 8914
4459 4656
1451 1783
3540 3720
6146 7006
4418 4638
6635 6838
3353 3654
8633 8921
5459 5680
2183 3043
8321 9191
1213 2005
8302 8967
8280 9010
4121 4979
148 1022
6251 6918
5603 5772
5337 6070
3235 4044
3115 3931
4487 4855
321 563
5165 5982
4421 4657
4204 4889
1241 1966
4447 4647
6595 6843
4216 4870
6645 6794
7243 7988
4466 4850
3203 3843
1256 1899
5551 5675
2490 2623
3228 3866
6346 6988
4123 5010
3134 4023
3533 3652
3336 3715
289 682
1024 1935
4605 4722
272 640
4322 4979
8299 9209
1215 1837
9552 9923
2304 2708
7556 7697
2207 2826
6277 6931
155 781
7637 7746
5482 5885
2112 3032
5216 6137
1328 1705
2142 3012
8323 8990
3425 3838
4300 4972
3412 3829
7658 7755
7368 8042
47 909
5503 5849
8270 9192
1276 1883
2117 3042
2543 2631
1396 1756
4525 4612
7310 7972
6396 6992
4312 4981
4387 4749
8674 8781
8525 8956
2225 2816
6299 6953
505 589
8410 9068
1127 2001
1361 1769
1356 1782
4574 4708
4468 4809
5368 5957
6419 6828
4320 4898
3438 3757
8349 9049
7293 8121
1048 2013
5147 6109
2417 2742
1507 1579
1345 1672
2151 2989
4404 4863
2217 2914
2244 2824
6318 7010
5221 6056
8669 8720
6344 6918
1143 1976
2510 2561
9516 9955
7258 8074
5129 6105
5447 5782
6207 7146
4301 4888
8340 9027
5278 5961
1329 1769
1273 1825
298 755
3157 3983
6159 7124
3409 3725
3111 4090
7264 8127
254 799
7464 7881
8354 9025
401 626
7465 7885
4197 4993
9659 9822
64 934
39 973
3335 3821
5156 6100
2239 2893
4174 5052
4285 4942
344 685
8696 8717
7284 8066
6560 6744
8266 9136
1286 1789
5578 5681
3510 3661
2163 2959
9666 9791
1159 1913
5143 6120
2616 3640
6960 7984
2471 3495
6798 7822
8480 9505
2939 3966
8299 9326
8694 9715
8802 9828
6546 7573
8495 9511
13 1029
6510 7527
6654 7669
2594 3630
6857 7877
2105 3125
6907 7924
7120 8129
4758 5764
8474 9480
5090 6128
2458 3464
6366 7373
4773 5814
2430 3432
8547 9588
8239 9271
6753 7800
7035 8033
6231 7245
6965 7983
2068 3086
4371 5391
8733 9729
2871 3882
627 1646
5112 6117
1004 2033
2140 3139
457 1512
273 1328
4296 5354
8221 9279
4545 5602
8601 9658
337 1394
6908 7903
4707 5703
3009 4068
8466 9527
2580 3634
2495 3480
2782 3833
8847 9896
8787 9850
4851 5849
2636 3681
8864 9871
816 1792
890 1864
2359 3332
2823 3892
758 1733
4763 5807
220 1258
130 1205
8210 9262
4253 5280
416 1439
621 1581
2432 3521
2129 3091
2843 3929
421 1504
2973 4052
6258 7227
4610 5707
8767 9846
2373 3343
8732 9814
424 1506
4239 5317
4956 5910
2065 3162
8699 9654
290 1388
4115 5213
8621 9699
4171 5124
6966 8057
8452 9547
5001 6086
2512 3456
2062 3166
672 1776
2971 4041
326 1298
8416 9397
8207 9306
2375 3345
6834 7908
6620 7563
2642 3594
7003 7939
818 1898
539 1602
7134 8068
2410 3376
2089 3187
2662 3645
6390 7341
4539 5600
4499 5576
2500 3480
2802 3758
2534 3514
104 1078
4261 5371
990 1982
2131 3123
2126 3118
4992 6113
8800 9731
2407 3332
2993 4053
6599 7585
4455 5376
4988 5909
514 1643
7019 7936
6487 7484
2777 3767
6246 7177
7088 8129
2801 3714
6464 7477
927 2026
8224 9301
823 1858
380 1291
6929 8041
626 1550
6343 7354
802 1884
6319 7376
1006 1903
5017 5915
885 2033
6812 7705
2586 3743
6726 7872
2270 3161
4578 5482
8959 9847
4377 5520
8492 9637
8307 9466
306 1465
2904 4051
4598 5501
5086 5970
6500 7657
8226 9388
2589 3731
4796 5683
8527 9664
6803 7683
8619 9531
4102 5269
4965 6129
2448 3333
8944 9829
7157 8032
4580 5491
4599 5472
8442 9314
6351 7254
4547 5466
2883 4057
816 1962
6989 8150
176 1067
8440 9316
6642 7535
4514 5439
639 1760
8811 9930
4703 5886
6624 7490
2783 3709
4235 5160
8869 9734
576 1764
1019 1885
2312 3502
8205 9386
7041 7977
2505 3424
2095 3205
6968 8083
4417 5615
2377 3558
214 1126
411 1322
6402 7601
6794 7742
4366 5562
4786 5636
2739 3588
6668 7867
6859 7804
8596 9517
6711 7822
6735 7925
2866 3982
353 1501
81 1261
317 1408
2347 3477
2262 3094
8402 9238
980 1809
649 1612
8504 9726
4861 5690
415 1368
2483 3451
2852 4077
2908 3990
628 1727
2248 3077
8636 9585
6564 7530
6349 7171
4103 5321
6452 7674
8620 9596
2170 3243
6364 7181
4966 6068
280 1483
4644 5872
2567 3794
691 1638
376 1454
2254 3096
6941 8138
4313 5120
5013 5967
633 1700
2514 3340
335 1425
2251 3114
2865 4048
342 1459
581 1699
78 1192
2808 3600
8271 9383
2181 3181
756 1565
6920 8162
844 1959
4743 5740
65 1201
8300 9372
5009 5986
8330 9342
728 1582
593 1704
2582 3820
6695 7900
891 1927
4454 5531
4945 6063
6570 7508
2287 3089
2413 3474
6780 7811
7141 7909
90 1368
7136 7906
6523 7288
2186 3465
4297 5581
287 1047
4161 5449
6974 7731
1023 1775
4239 5535
8324 9621
2828 3615
6470 7250
460 1241
4806 6099
8614 9392
7119 7894
2364 3110
8341 9615
253 1510
7085 7856
6215 7513
6925 7698
7101 7842
6401 7200
6424 7225
7121 7920
9111 9910
8461 9262
350 1146
8322 9636
8273 9591
2459 3260
4428 5220
58 1299
6811 8113
4346 5585
6962 7710
7074 7821
6314 7578
5095 5844
6821 8086
365 1118
811 1560
2281 3549
599 1891
8380 9609
835 1652
8234 9490
8973 9783
9117 9894
4361 5173
2320 3118
4941 5644
6964 7799
6558 7389
2097 3442
9130 9961
757 1974
4656 6004
4960 5669
81 1300
2968 3807
6991 7687
4463 5158
8284 9494
4154 5495
4595 5310
4825 6025
2258 3459
5068 5789
4339 5543
8468 9280
4506 5327
2527 3209
365 1082
565 1901
4607 5284
7107 7838
631 1834
785 1615
495 1165
7136 7811
6281 7660
2099 3414
4684 5929
9142 9936
5110 5776
707 1967
643 2029
2992 3807
2958 3809
7082 7898
928 1745
6660 8053
2950 3829
4690 5921
8589 9465
4770 6103
4140 5460
2550 3214
5075 5802
6850 8120
8820 9999
4690 5934
6243 7454
7117 7856
5013 5653
4414 5310
8536 9434
63 1469
2443 3080
2063 3468
2715 3864
1018 1663
8214 9616
8297 9699
480 1130
369 1276
4729 6135
4283 5429
6162 7555
4498 5123
5088 5745
9124 9781
760 1899
9153 9810
2632 4060
2605 4024
9005 9909
6369 7544
74 1491
4530 5161
6463 7332
4551 5211
798 1665
4899 5762
6914 7841
4869 5798
9121 9733
6163 7606
2614 3987
2931 3803
2906 3826
2283 3392
8534 9469
4458 5318
231 1355
76 1533
8523 9466
4541 5135
4157 5519
97 1490
5045 5638
526 1981
252 1359
6906 8014
6735 8185
2687 4041
6853 8051
706 1914
120 1472
9205 9804
96 1497
4631 6061
8275 9705
2618 3974
2376 3317
6528 7229
387 1085
685 1900
2884 3718
6255 7597
4973 5807
9014 9970
4843 5935
4792 6014
4495 5192
8989 9946
8520 9344
2583 4062
8662 9244
871 1708
4886 5850
2351 3297
575 2031
4178 5505
8457 9437
207 1306
308 1250
4221 5546
298 1267
2751 3942
6666 8145
535 1996
6261 7593
770 1759
8549 9403
2384 3248
4824 5945
6590 7260
719 1835
591 1963
584 1967
2794 3842
4284 5461
2964 3710
6743 8125
6854 7980
6467 7343
886 1690
4155 5591
6506 7302
8612 9288
227 1294
2942 3726
6484 7333
9149 9806
790 1763
4761 5996
390 1139
2310 3313
4310 5422
4905 5840
254 1287
4904 5842
9001 9938
4429 5302
2788 3866
4167 5703
2728 3240
8229 9767
6994 7504
738 1249
2491 4024
426 1961
355 1894
803 1318
477 2004
6407 7945
2053 3595
8918 9433
236 1788
9148 9645
3001 3496
6534 8084
284 1800
493 2043
5099 5629
4394 5949
6462 7977
8726 9231
6643 8170
2998 3500
4135 5691
665 1157
6425 7940
953 1447
8817 9296
2424 3932
177 1685
2456 4029
4676 5218
389 1954
2301 3802
6830 7305
4412 5908
6567 8078
4473 5971
9208 9683
2514 4089
6589 8081
7065 7604
4769 5262
2389 3962
2210 3730
2598 3093
8344 9899
6427 7976
2649 3180
4685 5243
7038 7496
7048 7614
4268 5786
6563 8084
2127 3704
8947 9412
141 1722
721 1257
9139 9611
4877 5428
4668 5125
1017 1477
898 1468
99 1629
2275 3746
7162 7614
2672 3126
7151 7592
2922 3373
2951 3535
856 1296
6585 8176
2701 3271
191 1779
8992 9582
6594 8076
2643 3100
760 1193
7097 7656
325 1815
6323 7905
4555 6040
6435 8048
5098 5561
4931 5398
4282 5868
681 1265
6154 7762
958 1511
655 1236
8371 9967
3017 3479
2143 3584
815 1357
8803 9216
2510 4013
9087 9499
2960 3574
761 1182
837 1325
395 2018
49 1627
2669 3078
9192 9603
4430 5923
4558 6049
8314 9749
6951 7510
7020 7455
6874 7342
2519 4003
2246 3760
2446 4088
5097 5535
8242 9797
9177 9633
716 1200
4841 5268
561 1100
2718 3299
75 1589
8283 9765
857 1318
4713 5352
7131 7513
4582 5988
6725 7367
2922 3566
4968 5614
4211 5877
6271 7928
6950 7585
895 1526
797 1424
4552 5958
6891 7269
2690 3084
1020 1395
787 1436
2447 3869
2064 3714
4257 5684
6952 7613
189 1576
262 1936
687 1080
9198 9591
8842 9235
724 1102
6371 7807
189 1568
739 1149
6805 7179
8746 9396
926 1281
6774 7401
183 1558
6921 7594
199 1636
6352 7797
4725 5331
7125 7539
4666 5276
6836 7187
4250 5682
4828 5236
6486 8190
4611 5290
2767 3174
4893 5552
4753 5180
8811 9413
7005 7667
2463 3889
4553 6009
4449 6097
8785 9443
588 1279
174 1562
2599 3218
8766 9352
961 1398
6872 7265
4950 5612
4444 6118
9033 9715
2214 3611
6165 7851
4180 5866
79 1777
2634 3317
168 1640
5067 5387
6697 7400
7145 7464
2687 3261
8859 9305
4648 5355
2306 4033
2904 3484
6728 7309
570 1266
2492 3957
4616 5314
4912 5626
4584 5924
6261 7865
8209 9950
8817 9406
4921 5609
4133 5876
2763 3097
8214 9924
986 1288
6692 7414
7017 7611
4464 6051
9214 9515
6807 7233
6529 8025
763 1058
426 1907
2535 3899
7084 7536
9146 9574
9118 9539
2340 4089
4765 5186
6930 7664
671 1148
6783 7323
6231 7857
4259 5700
4592 5912
6686 7415
6639 7942
2133 3775
2934 3485
5050 5462
8419 9743
6996 7608
2825 3556
2803 3075
6432 8145
212 1574
6515 8065
4170 5817
6705 7362
6177 7893
4948 5537
748 1049
316 1994
6704 7366
9052 9642
712 1087
2448 3944
5069 5429
7001 7586
2816 3580
4113 5871
4412 6082
4747 5237
397 1907
87 1704
983 1320
4669 5314
76 1869
5094 5349
8522 9801
5080 5341
4271 6056
7091 7354
8824 9585
2444 3717
894 1141
899 1166
8495 9761
7062 7320
2846 3088
260 1547
9071 9312
8483 9778
8867 9650
292 1591
504 1772
2521 3791
2575 3351
4673 5464
811 1073
196 2015
2125 3926
2955 3223
4115 5903
2621 3361
8721 9487
886 1128
2201 3975
8459 9748
6737 7537
324 1637
8962 9255
6516 7762
564 1310
3050 3270
9186 9422
9151 9362
833 1135
6310 8072
429 1666
2390 3705
7068 7340
2447 3774
6150 7991
106 1880
4768 5524
4586 5854
38 1811
4419 5755
4892 5157
4509 5799
24 1828
7039 7235
4775 5530
6237 8035
6823 7655
4159 6015
2167 3894
4176 5906
6672 7507
274 1617
2240 3971
184 2044
620 1321
8814 9512
8263 9999
2863 3175
2357 3711
2343 3692
9189 9385
6923 7238
2494 3827
4163 5902
6243 7987
4617 5465
8722 9538
6561 7923
8658 9857
8695 9891
2119 3859
2755 3478
7161 7340
9089 9431
4975 5175
5119 5286
4818 5513
4493 5841
6625 7809
2245 4005
2862 3146
4569 5821
2670 3339
4705 5383
4772 5580
2066 3963
4352 5738
4515 5832
213 1977
9062 9227
284 1645
6507 7704
4790 5573
2947 3318
5034 5328
8782 9525
852 1064
6703 7506
4674 5437
4431 5680
976 1105
590 1487
911 1036
4985 5370
745 1389
4455 5859
6166 8095
2593 3499
4764 5399
6775 7674
8846 9503
8572 9965
876 1278
434 1569
4839 5491
4809 5471
8532 9932
2503 3678
772 1181
6897 7531
2856 3250
4990 5346
983 1098
804 1156
4959 5373
2247 3940
4306 6001
6727 7650
9100 9258
9041 9462
4247 5951
6721 7656
7067 7217
153 1843
9166 9317
891 1238
5091 5198
2619 3477
8608 9742
9117 9266
8700 9804
2053 4023
8954 9550
6267 8143
4532 5644
6507 7891
4 1980
6551 7726
730 1379
6346 8048
2280 3923
2421 3790
2654 3555
7089 7180
4367 5808
8471 9941
2745 3453
2211 3941
2184 3918
2665 3502
2096 4088
2204 3925
645 1358
6404 7880
9065 9381
605 1427
9062 9385
6227 8066
2925 3256
2344 3837
9176 9229
970 1052
6445 7930
4132 6131
2924 3253
2129 3978
8877 9590
752 1323
6998 7306
4481 5726
8678 9734
8816 9616
8976 9456
2798 3342
805 1220
2281 3852
4757 5488
293 1731
2277 3842
6765 7562
157 1909
515 1515
2140 4022
597 1471
2259 3897
6614 7740
172 1862
4778 5446
8614 9802
2581 3577
6144 8173
4263 5962
356 1674
2927 3201
406 1656
8886 9560
4251 6005
6155 8164
8607 9837
421 1622
8800 9619
4332 5919
707 1335
3018 3135
2439 3708
50 1993
9075 9352
4858 5377
5154 7200
1001 3050
5026 7078
6069 8112
1623 3666
4595 6645
2023 4064
5035 7075
1130 3171
1012 3070
5279 7316
4846 6883
5378 7436
5508 7563
5137 7169
541 2572
5234 7267
281 2314
5720 7756
1105 3140
5480 7550
4158 6182
774 2844
4194 6264
5877 7918
1918 3935
812 2831
4422 6496
1491 3573
5824 7911
62 2069
1331 3359
484 2504
5296 7325
1466 3479
403 2466
905 2994
4326 6363
4645 6680
241 2252
1750 3816
1783 3784
4190 6241
1449 3563
5312 7298
4379 6489
5481 7469
4347 6334
159 2265
4357 6466
149 2269
5487 7462
4949 6942
6052 8175
5881 7863
5727 7696
2030 4031
4575 6542
209 2179
5185 7186
192 2196
771 2901
5258 7388
4744 6879
5207 7182
4365 6486
492 2483
727 2696
1630 3585
5860 7812
4287 6367
1232 3249
1824 3905
5288 7370
1496 3518
4669 6746
6005 7954
602 2610
6042 8178
4578 6536
1722 3792
1024 3179
6055 8139
1648 3612
5812 7876
437 2500
902 3063
657 2791
1077 3138
5437 7493
4475 6403
5851 7840
4963 6936
1583 3668
4988 6919
611 2591
5228 7185
5000 7157
1153 3327
4636 6812
5497 7673
1888 4066
4180 6358
5128 7307
1835 4015
5407 7577
1235 3160
5262 7170
1088 3276
5843 7772
1446 3369
5460 7620
4335 6270
1588 3750
1630 3789
5828 7767
6033 7938
2045 3950
6093 8030
1480 3422
693 2595
1088 3289
1950 3845
4783 6707
4100 6296
5903 8081
4352 6560
925 2876
5937 8083
6127 8013
5810 7697
944 2836
4403 6549
375 2512
5896 8096
4174 6375
5343 7283
4986 7126
637 2768
1511 3400
5661 7853
521 2747
312 2442
729 2666
211 2144
5490 7621
4285 6154
4293 6268
516 2750
5409 7581
2006 3944
4286 6270
1562 3802
4307 6161
5586 7447
1624 3742
4632 6878
5045 7037
5301 7293
4957 7061
100 2221
4194 6315
288 2539
786 3033
574 2800
5856 7728
845 2972
717 2587
884 2979
5122 7386
1862 3998
1407 3494
5557 7532
1952 3962
4227 6232
984 2819
464 2315
1351 3483
219 2105
4767 6781
755 2582
480 2312
4915 7130
5121 7403
825 3028
5457 7612
4252 6257
5339 7211
1781 3588
4668 6861
5571 7473
5030 6997
263 2548
5383 7666
1843 4038
5294 7259
5622 7427
465 2343
4469 6531
55 2241
1799 4080
358 2462
549 2780
611 2713
5795 7774
5015 7018
154 2148
1056 3295
898 2941
4909 6700
5145 7448
1584 3891
5589 7377
1431 3219
146 2455
4394 6188
280 2078
6036 7837
4454 6250
6130 7935
767 3057
1533 3314
4551 6359
1509 3319
1617 3907
5077 6855
850 2625
5281 7605
5613 7419
1852 3626
4736 7063
50 2346
1847 3624
377 2137
5171 7443
5163 7435
5910 7734
4162 6502
5722 8063
18 2362
992 2761
1315 3081
710 3052
1632 3915
975 2787
5162 7430
225 2508
5687 7960
2017 3790
989 2797
5479 7254
61 2316
339 2145
1588 3847
4935 6771
5777 8100
5872 8133
1124 3420
228 2525
416 2203
5360 7627
1460 3215
433 2188
4348 6588
647 3015
800 2658
4443 6175
320 2052
1623 3858
5107 6837
686 3049
4244 6621
5683 8058
4431 6150
1409 3277
5959 7690
5270 7640
1605 3860
1710 4092
4175 6429
5323 7583
6042 7884
744 3007
5070 6809
5809 8166
4614 7002
4788 7145
1383 3128
5941 7765
5567 7390
1762 3971
4344 6554
4697 6970
864 2563
777 2669
5415 7235
5667 8006
5019 6899
5382 7278
5610 7298
1726 4053
1839 3651
1115 3382
1854 3667
2000 3775
4450 6162
1400 3082
1470 3274
1539 3959
5126 7537
1403 3084
4398 6230
444 2245
5721 7971
4372 6249
1042 3475
1036 3470
177 2355
1467 3129
1206 3381
1143 3571
1354 3277
6033 7702
5097 6766
1163 3330
679 2861
14 2434
5589 7256
1118 3536
5816 7990
5595 7252
6 2454
310 2215
1973 3620
991 2638
5621 7268
1393 3296
307 2208
5465 7373
4841 7036
5400 7309
763 2926
1176 3341
1191 3377
4255 6408
6048 7739
4936 6868
751 2929
1326 3249
1950 3647
5372 7517
4201 6603
4467 6353
1266 3408
4328 6474
1795 3751
253 2393
5637 8099
5043 6676
4954 6909
1245 3445
5622 7262
4251 6451
6002 7897
5370 7508
1712 3871
85 2554
1649 4036
5104 6732
721 2835
5539 7270
4789 7024
425 2145
1989 3599
301 2279
5947 7927
5493 7352
4919 6904
143 2397
5339 7433
5332 7424
4456 6332
863 2698
4798 7016
1725 3946
5218 7605
5995 7859
1635 4025
1304 3266
1041 3531
4692 7054
1349 3230
4240 6479
809 2762
4468 6295
4300 6440
1871 3755
4380 6394
4165 6562
1932 3685
5232 7579
4944 6844
2008 3638
5856 7951
203 2362
5400 7402
1448 3163
6139 7694
4955 6830
1607 4018
5044 6733
5587 7208
521 3061
5606 7194
5809 7345
1736 3274
1198 3756
4720 6259
652 2185
409 2975
1741 3275
5477 8047
5917 7443
334 2881
5034 6565
5384 7960
1053 3597
4183 6724
2005 3521
1654 3169
5046 6575
5858 7416
5083 6593
5956 7519
4628 6152
1969 3501
543 2051
789 2313
436 2985
1551 3088
5951 7456
1514 4042
6102 7670
170 2696
4535 7060
5144 7741
5389 7979
514 2085
4321 6856
5202 7803
4488 7073
1886 3447
5887 7382
4629 6207
4694 6268
5324 7910
123 2640
2040 3541
1214 3728
867 2381
1062 3593
1661 3154
964 2551
4122 6703
4756 6316
1321 3856
1597 3079
552 2069
5860 7387
118 2633
4333 6866
833 2305
4358 6980
1604 3074
1089 3591
4284 6907
5556 8179
864 2344
4992 6601
8 2625
1489 3995
469 2969
881 2365
4331 6822
1196 3810
819 2400
5089 6581
706 2197
5179 7788
5229 7733
1426 4042
896 2522
1502 3973
4266 6897
948 2516
819 2385
5521 8180
6092 7595
4459 6913
246 2716
502 2972
4181 6718
4567 7099
5560 8149
5427 8029
644 2293
4457 6939
4606 7050
927 2538
528 2149
1802 3452
5615 8088
1920 3575
4693 6178
1445 4061
5554 8139
5431 8013
4887 6508
4758 6381
1947 3559
4304 6736
5226 7914
1477 3908
69 2758
1285 3969
516 2176
5127 7810
363 3054
4383 7066
4792 6205
788 2450
5884 7285
4371 7071
1281 3980
4930 6610
1994 3416
1037 3742
5834 7257
1566 3213
5117 6505
5514 7966
37 2736
1363 4038
915 2310
4590 7032
1674 3090
568 2209
971 2384
5781 7182
1849 3490
859 2502
4104 6806
125 2786
69 2788
255 2654
1106 3825
197 2657
1016 2397
506 2908
469 2930
4138 6786
1268 3677
844 2533
4225 6698
4553 7013
1257 3652
1826 3471
1624 3319
827 2443
1740 3199
1647 3292
5414 8085
4238 6714
4522 6941
1989 3442
4554 7027
5667 7325
523 2229
387 2877
1259 3625
696 2170
1634 3232
1347 3968
378 3005
5863 7214
264 3010
4994 6478
610 2222
4802 6157
493 2850
1939 3393
4203 6841
594 2176
882 2465
5169 7909
6078 7530
1800 3549
5620 7969
976 2311
1538 3285
5922 7678
5584 7948
5098 6452
1277 3613
80 2738
4794 6232
108 2702
169 2634
386 2913
6046 7546
828 2520
689 2132
5452 8105
5949 7643
4613 6370
5537 8009
1682 3194
5859 7179
6062 7494
5752 7313
5226 7808
5081 6450
4116 6904
5291 7749
4200 6791
1500 3884
5852 7213
5544 8026
5284 7766
15 2812
4933 6582
5173 7874
341 2978
113 2694
4476 7044
92 2724
467 2863
1520 3854
1338 3640
1579 3368
5088 6372
5403 7698
4650 6433
4540 6832
1816 3095
780 2077
1697 3507
5642 7449
877 2168
1380 3697
1047 3841
354 2682
5122 7963
1919 3173
462 2773
1960 3252
4818 6606
571 2342
4755 6541
4143 6927
5775 7599
1586 3344
603 2425
5886 7644
4164 7015
5172 7952
1773 3529
796 2101
6044 7351
6030 7329
4842 6597
924 2227
6057 7321
4156 6926
4504 6827
435 2688
1551 3386
4185 7023
1121 3927
1305 3617
4838 6622
4098 6971
1092 3965
5252 8126
1210 3974
4966 6235
37 2842
179 2956
1237 4074
4230 7097
1852 3196
4590 6831
4336 7089
5412 7782
4682 6414
555 2415
138 3022
5895 7234
1537 3401
1015 2239
4667 6515
378 2611
1503 3733
1606 3341
5411 7793
2026 3263
1457 3812
4389 6771
5975 7183
5737 7472
550 2431
340 2574
5510 7901
4549 6814
4661 6505
903 2264
1406 3614
4474 6680
2044 3231
1224 4012
2019 3206
1881 3135
1944 3326
509 2714
1780 3475
829 2138
234 2946
4426 6690
4176 6969
4662 6490
1353 3623
935 2248
4698 6443
1448 3801
4269 7135
942 2266
86 2848
364 2580
4427 6707
4362 6770
5251 8187
4545 6840
1734 3517
1948 3303
5175 8011
184 3015
5784 7448
1492 3669
678 2341
652 2319
1365 3795
290 2725
6087 7247
5608 7776
1434 3603
219 2897
381 2806
1756 3411
5797 7477
653 2329
5754 7662
5867 7550
1716 3362
639 2537
187 2860
4515 6712
257 2717
4349 7008
656 2318
1910 3304
359 2808
4338 6995
897 2083
5322 8040
4408 6811
1178 3897
4881 6324
4947 6389
4750 6440
4707 6603
5633 7592
5449 7904
1484 3683
4282 6933
6140 7244
5525 7716
2016 3153
4132 7062
6069 7174
4938 6393
1552 3491
973 2169
1816 3244
1086 3977
4316 7012
625 2504
243 2890
323 2809
5761 7483
195 2936
4446 6814
204 2830
1536 3522
4497 6741
433 2681
1658 3506
5269 8028
5334 7964
893 2230
533 2521
5820 7536
1253 3881
5415 7913
5242 8107
931 2160
850 2182
1992 3101
4556 6682
413 2629
5183 8167
5756 7584
1278 3874
5094 6200
1917 3235
5444 7835
579 2460
4476 6813
5485 7823
1374 3770
596 2481
1841 3286
6080 7207
4193 7049
32 3017
6051 7241
5197 8102
4196 7055
5189 8104
1324 3778
5735 7560
1488 3647
5109 6149
675 2387
4111 7166
1333 3783
5164 8158
6089 7226
392 2685
6039 7272
139 2932
5992 7017
5200 6228
4500 7568
5549 6568
5412 6433
4411 7475
1850 2866
1179 2197
895 3952
4318 7377
2003 3036
5748 6779
5037 8124
1220 2261
239 3324
5267 6278
5042 8101
5257 6302
1918 2918
422 3519
2015 3013
4919 7981
5657 6662
5152 6145
470 3568
4910 7944
984 4082
4977 8029
4520 7557
1138 2143
1931 2981
4621 7715
5438 6417
1895 2898
4484 7602
1102 2169
4806 7921
999 4062
1998 3061
458 3569
1099 2166
4372 7466
6072 7047
5289 6294
4438 7446
5004 8140
1504 2465
4785 7923
4876 8009
4815 7816
1324 2411
6066 7162
445 3573
5007 8134
553 3683
1219 2191
5583 6531
5544 6629
5021 8144
4536 7670
5296 6398
4151 7289
4419 7447
4163 7191
5651 6727
4774 7922
28 3147
6103 7040
5333 6284
1689 2755
4192 7227
185 3303
4832 7870
206 3246
4649 7752
580 3623
531 3696
1139 2071
6107 7101
5917 7034
5196 6187
776 3936
307 3418
5336 6322
638 3602
1979 3031
4289 7343
1782 2712
6095 7072
715 3771
1362 2338
4577 7569
5503 6413
5092 8080
5853 6824
4562 7591
4145 7243
4804 7871
4773 7902
4096 7292
461 3506
874 4075
1154 2048
279 3476
5407 6556
326 3525
5747 6901
1879 3039
446 3383
1956 2861
1218 2121
1720 2615
4486 7446
4734 7919
4984 8171
1055 2188
4836 7795
72 3281
161 3131
5570 6488
1848 2978
132 3102
6003 7144
4113 7311
5062 8025
573 3741
4999 7974
1546 2734
4299 7277
4275 7189
5713 6903
868 4045
5305 6163
5879 6749
5558 6429
406 3384
6007 7128
1025 2222
5894 7094
5022 7982
1691 2602
174 3103
4678 7924
4544 7541
1500 2407
4814 7794
1644 2769
1485 2416
1192 2070
5705 6902
750 3665
4280 7288
4628 7893
4607 7482
4645 7904
722 3605
1514 2336
5867 6689
5195 6273
1349 2441
4711 7850
4100 7369
1987 2829
4125 7379
5336 6167
1925 2901
1059 2291
1952 2928
4575 7439
1622 2692
6006 7077
4853 7718
1135 2235
405 3393
5970 7044
1443 2420
6073 7009
5837 6677
4471 7598
498 3368
537 3781
1957 2939
4265 7287
1986 2845
128 3168
5592 6457
502 3348
1608 2731
896 3940
5650 6902
1006 3848
4989 8087
1860 2991
1441 2378
793 4085
6076 6992
1153 2159
6137 6934
117 3205
538 3818
5209 6312
2042 2825
4759 7779
849 4004
4446 7595
1525 2307
5696 6842
278 3565
139 3184
1970 2895
4833 7708
4223 7296
5420 6190
4834 8160
695 4018
5601 6377
6038 6815
4386 7211
294 3117
1045 2334
868 3695
5208 6483
4560 7389
4642 7983
1232 2527
5765 7050
5015 7814
5931 6714
660 3975
4983 7778
6030 6808
5184 6494
182 3497
4639 7998
1609 2923
5488 6226
1539 2848
391 3236
5068 7912
5601 6341
1720 2974
4162 7524
5000 7854
1182 2489
5854 7161
6141 6869
4823 8191
4751 8102
821 3612
1865 2659
5836 7142
186 3478
4344 7636
4703 8050
6142 6864
64 3439
4743 8104
4399 7198
6041 6827
1136 2371
6066 6785
4360 7228
4671 7947
1984 2806
1978 2701
130 3515
535 3886
230 3548
233 3539
5646 6965
1921 2748
4830 8161
1896 2647
4461 7209
641 4039
5551 6377
1839 2663
5685 7036
677 4079
142 3524
5652 7007
4987 7735
371 3133
1524 2208
5155 6518
4337 7588
5896 6749
851 3595
4330 7602
1787 2977
1169 2506
4114 7503
1747 2958
4613 8026
4324 7556
1877 2614
1914 2590
4933 7725
4826 8115
969 3744
351 3124
5170 6489
150 3578
17 3455
546 3922
5821 7119
4570 7341
730 4013
190 3529
1812 2668
1265 2442
6136 6787
228 3481
4760 8167
600 4056
1760 2913
4439 7381
430 3114
5413 6305
1544 2957
1397 2300
479 3157
598 4058
5457 6365
5490 6399
4099 7565
5413 6315
828 3763
877 3810
962 3666
1152 2322
6053 6710
4096 7571
4385 7348
5108 7777
5732 7153
1303 2177
5056 7768
837 3804
4780 7989
5073 7757
350 3264
683 3892
1104 2511
1902 2801
1482 2154
5075 7794
4148 7573
968 3690
1628 3067
4934 7905
5106 7771
4541 7190
1763 2895
5855 7022
1698 2832
5411 6289
5080 7786
1158 2357
439 3075
5833 7037
1209 2316
918 3617
943 3607
5040 7689
4894 7844
5648 7082
5351 6493
4587 7249
1938 2607
4868 7867
5306 6523
1885 2716
636 4029
500 3125
5267 6487
1673 2892
4171 7566
5427 6390
5502 6331
23 3538
5878 6974
1487 2054
1405 2228
4688 8091
5172 6655
525 4035
4400 7392
4370 7360
1642 3000
402 3136
1602 2961
84 3456
1184 2421
1339 2285
351 3207
1336 2273
1990 2585
1933 2668
1337 2267
586 4014
5222 6530
5767 7011
4687 8106
1028 2530
4209 7575
1178 2419
1155 2409
472 3122
5966 6821
5901 6886
665 3954
5057 7726
6112 6671
4291 7472
5682 7111
4762 8047
1509 2067
5003 7805
5237 6530
1288 2290
4254 7525
4381 7398
278 3306
5220 6552
838 3771
5093 7707
478 4063
5149 6684
914 3473
6 3589
4463 8043
4420 8000
6021 6529
5830 6339
4267 7852
5225 6753
1915 2418
6034 6553
2017 2541
4273 7869
1893 2408
482 4077
988 3533
5049 7594
5317 6865
5627 7150
4883 7435
4753 7304
5760 6300
4884 7432
5159 6713
5066 7637
1522 3053
448 4065
5204 6773
589 3176
5728 6215
5635 6187
5020 7607
2041 2517
618 3140
974 3553
1876 2405
459 4090
1290 2872
817 3333
661 3233
5447 7026
4303 7927
57 3587
4999 7613
152 3747
5900 6448
475 4071
5868 6354
865 3362
5157 6758
5170 6775
4428 7947
5565 7156
4822 7323
1558 2139
1351 2839
4591 8127
1616 2048
1565 2125
1932 2526
5101 7610
4320 7863
897 3545
702 3302
782 3415
4415 8036
5463 6924
532 3151
771 3422
5043 7662
1903 2354
5984 6402
4293 7846
1392 2837
6027 6627
4367 8039
1489 3001
5121 6760
5882 6288
4377 8052
4437 7992
5701 6184
4812 7330
1712 2271
1620 2084
4494 8188
4511 8172
56 3659
809 3409
925 3557
444 4037
361 3859
4532 8142
4195 7710
849 3372
4654 7251
450 3906
528 3216
1502 2911
5029 7460
1199 2606
1383 3046
52 3766
1260 2664
4486 7939
5359 6762
338 4058
5641 6275
4593 8058
4182 7899
28 3729
1768 2150
936 3385
5168 6820
54 3746
5803 6206
5377 7060
5523 6917
5233 6886
4193 7929
4185 7929
114 3795
464 3953
4387 8064
5159 6788
1272 2652
48 3735
5250 6698
784 3516
1261 2626
80 3811
5263 6715
6065 6404
1377 3028
979 3428
6045 6436
1140 2765
5468 7143
5560 6916
5577 7028
890 3527
4973 7632
1518 2896
384 3902
4483 8003
212 3604
1341 3071
105 3759
5704 6274
1348 2953
4896 7661
564 3323
5217 6833
4434 8064
5116 7471
5710 6298
5781 6209
5648 6340
1231 2587
388 3921
19 3782
1003 3389
5032 7551
4954 7552
5912 6598
4566 7944
5968 6543
5366 6678
6013 6558
5345 6661
5534 7035
5897 6639
4710 7297
4351 7703
198 3631
4787 7257
4220 7830
946 3416
5405 7159
5897 6628
1821 2547
5865 6151
110 3713
1930 2426
1875 2466
5454 7103
1362 2977
5450 7102
2025 2321
16 3817
1589 2255
1803 2544
5664 6365
4649 7382
861 3165
4885 7188
4119 7956
830 3133
6093 6345
667 3484
5639 6400
308 3644
4946 7258
5257 7040
1377 2666
1792 2060
4874 7175
1240 3031
4660 7483
6023 6293
4600 7915
4879 7195
520 3356
396 3737
5999 6265
2025 2303
1432 2703
271 3608
1252 3068
4411 7714
83 3913
6139 6368
1618 2383
325 3675
1803 2091
904 3234
5607 6861
5130 6945
1309 2609
1283 2611
97 3920
990 3311
6015 6222
5401 6701
4146 7940
4537 7810
1224 3059
318 3586
5219 7006
6119 6311
4518 7908
1541 2369
678 3553
347 3603
5316 7053
211 3994
5778 6617
1878 2074
1397 2616
1970 2300
135 4040
5819 6634
4718 7485
567 3427
4870 7250
1246 2954
5623 6819
5655 6466
1071 2937
53 3939
1553 2377
4816 7561
563 3434
6126 6325
1482 2710
4160 7964
632 3364
644 3547
5338 7045
276 3700
5229 6924
6136 6297
1598 2396
1776 2452
1781 2451
5096 7297
4477 7700
171 4034
5564 6870
156 4086
4929 7210
1790 2453
4209 7962
1990 2218
5025 7372
1838 2112
955 3272
1398 2561
5522 6890
663 3565
1238 2989
5643 6512
4752 7660
5752 6405
499 3724
1583 2477
118 4085
5046 7221
124 4095
5316 6977
5371 7038
1964 2091
5670 6561
4480 7688
5167 7077
1479 2637
935 3115
6091 6235
5359 7033
1413 2578
275 3722
585 3541
5500 6882
5905 6287
1949 2050
463 3664
4216 8152
4492 7724
1347 2787
1469 2589
180 3862
5396 6833
1822 2232
1677 2341
4533 7708
4131 8073
447 3604
5871 6467
5593 6774
5191 7159
1535 2638
1527 2628
5171 7047
4731 7631
4584 7773
121 4047
2010 2157
270 3766
5369 6979
859 3301
4712 7639
5685 6644
1625 2458
202 3855
5539 6757
1794 2244
4308 7954
780 3268
383 3765
714 3328
4519 7789
4168 8067
216 3860
673 3436
1207 2936
1225 2822
4686 7580
1157 2903
5653 6605
622 3508
5573 6687
4439 7820
225 3898
1254 2874
4258 8062
5549 6768
322 3743
4717 7603
5356 6963
5360 6928
1437 2685
5830 6439
4658 7635
6114 6147
5916 6399
119 3985
4378 7933
991 3127
4534 7772
4305 7995
5994 6273
1508 2568
2030 2050
112 3996
1753 2356
1337 2772
5793 6478
4370 7907
5904 6369
486 3607
1313 2771
1155 2933
5497 6799
46 4054
4763 7521
1889 2204
4457 7828
924 3171
855 4951
3035 7130
420 4518
1599 5692
1298 5393
457 4556
1758 5848
1687 5791
2274 6379
2819 6922
2128 6233
1942 6047
2177 6282
2769 6877
3014 7114
737 4845
4081 8165
2779 6863
2413 6520
1755 5838
697 4780
188 4266
1410 5525
2645 6722
3214 7319
1853 5927
4021 8111
2545 6637
953 5031
1599 5662
3939 8001
942 5002
224 4294
1133 5195
2859 6915
432 4505
2711 6846
466 4603
3334 7471
605 4727
2470 6540
3150 7268
1953 6028
1916 5969
1586 5660
2927 7003
907 5054
1204 5250
3951 8024
1681 5801
1645 5716
1215 5254
2277 6363
3979 8117
2726 6809
2957 7090
3360 7455
2644 6676
2090 6250
1458 5619
2230 6391
2331 6490
1240 5274
2691 6848
2851 7014
3835 7868
791 4959
3256 7409
3280 7322
1571 5741
1777 5823
876 4899
3314 7357
3492 7668
2538 6584
3584 7763
1082 5230
4086 8098
1078 5216
1493 5507
3695 7737
2250 6301
2624 6679
1965 6132
1015 5038
3599 7766
178 4329
3195 7206
3665 7695
2796 6834
2736 6895
3399 7460
753 4757
2485 6609
947 5079
1454 5579
3177 7180
490 4483
3919 7971
2104 6229
736 4749
698 4820
1545 5734
3872 8016
3992 8168
2059 6266
1022 5007
1226 5304
3165 7209
352 4373
1804 6010
610 4634
1887 5925
2200 6370
3272 7348
2403 6430
2451 6638
94 4128
2943 6912
698 4667
423 4388
1695 5658
2709 6672
1486 5451
586 4802
3024 7000
3958 8191
1737 5696
82 4315
1753 5712
1874 6104
3956 8184
2340 6569
452 4425
2478 6435
2016 5998
3840 8079
1263 5245
3558 7541
1485 5470
3943 8177
622 4857
3762 7717
1002 4976
2076 6278
2092 6327
77 4310
2870 7083
2565 6808
977 4943
3559 7494
3902 8092
1129 5313
3857 8121
3164 7408
2253 6240
3493 7434
1555 5793
993 4948
3268 7283
3029 7010
2031 5976
2719 6694
229 4188
3622 7836
54 4234
195 4222
1254 5211
933 4891
764 4675
3142 7303
1026 5315
3236 7269
3803 7705
4 4294
743 4644
3716 7751
234 4142
4016 8052
633 4797
3636 7920
1603 5766
530 4823
3908 8065
674 4708
943 4969
1766 5665
2178 6213
511 4408
954 4978
1121 5288
3611 7889
1596 5879
3152 7324
3858 8158
1973 6008
2949 6984
73 4231
1814 6104
2721 6766
3863 8135
922 4938
2774 6662
666 4680
1587 5857
2631 6805
4069 7991
1676 5727
1014 4898
3534 7450
43 4350
303 4601
2518 6400
3930 8077
3814 7743
3690 7859
2073 6336
3378 7659
3163 7296
2636 6800
194 4126
2897 7052
2124 6289
815 5106
1954 6012
2459 6468
432 4433
3635 7890
2702 6767
481 4355
2191 6251
2168 6300
3283 7220
3985 8057
1846 6111
1698 5704
3437 7558
3788 7713
1827 6092
1513 5401
3786 7738
3961 8075
1231 5176
939 4956
901 4989
2379 6578
581 4799
3887 8148
2416 6539
3824 7692
3933 8096
2549 6411
90 4442
597 4949
3487 7326
1820 5661
2860 6702
1651 6000
3844 7687
619 4974
996 4844
3648 8008
3447 7294
2947 6793
2433 6282
1820 5649
394 4229
3284 7620
2114 6480
377 4202
1718 6053
2473 6330
279 4099
2558 6378
2279 6641
879 4724
3044 6905
2138 6471
2286 6607
2240 6626
1542 5925
3299 7621
458 4323
1872 5753
1686 6079
2615 6939
3397 7272
548 4874
1725 6034
3671 8056
2986 6810
3857 7712
277 4129
3704 8012
909 4793
1802 5695
237 4568
3461 7347
305 4103
420 4242
2902 6764
204 4599
3247 7572
1367 5227
1696 6044
3067 6854
945 4751
2136 6503
907 4788
1267 5555
3204 7617
2786 7079
790 4688
2317 6219
2602 7021
3976 7873
1836 5733
2146 6447
4055 7834
471 4249
1132 5436
642 5078
2199 6595
1390 5179
3003 6893
1508 5299
822 4718
582 4895
1536 5977
3228 7622
1154 5592
3511 7404
3037 6784
1411 5342
2928 6702
3870 7806
508 4253
680 5065
992 4738
615 4868
3174 7426
474 4287
2835 6773
3461 7394
3496 7375
1528 5264
1031 5485
3006 6862
568 4936
1144 5385
399 4343
1789 6016
1647 6125
1161 5386
1743 5964
1415 5123
3225 7452
2090 6572
3972 7692
4017 7736
820 4798
3153 7617
998 4727
1183 5390
3868 7818
1419 5148
258 4250
3613 8068
2006 5711
2699 6933
675 4925
3126 7593
213 4465
2081 6535
3887 7815
3769 7955
1744 6012
3264 7533
2405 6347
2482 6172
1080 5512
2887 6903
2461 6189
3176 7642
3631 8093
947 4608
970 4735
883 4805
3627 8093
2225 6406
215 4460
2646 7063
578 4993
2293 6449
2002 5655
3467 7245
744 4911
3395 7300
507 4147
2231 6526
3610 8147
1870 5760
3539 7196
1604 6036
2818 6866
1859 5778
3910 7831
1357 5276
3033 6668
1853 5864
2080 6646
1156 5458
1656 6062
1016 4640
2917 6845
587 5011
3610 8131
1688 5954
164 4478
789 4814
2608 7148
3012 6692
3530 7214
3127 7634
3839 7961
3938 7816
4006 7756
1576 6084
1239 5432
133 4469
3278 7486
126 4495
2851 6871
3900 7882
1013 4623
1948 5735
2330 6374
1621 5205
314 4922
2749 6332
3894 7475
3096 7709
1812 5395
3189 7804
2553 7152
1282 5900
3407 8000
2551 7143
315 4906
330 4953
800 4404
3960 7532
1390 6011
2935 6497
2921 6513
2530 7163
3910 7516
440 5028
906 4502
1341 5920
446 5027
4066 7618
3566 8140
2800 6355
41 4618
1724 5274
327 4961
1600 5224
2499 7146
2468 7055
1644 5184
1715 5278
3092 7738
2991 6559
710 4342
137 4795
3596 7231
917 4512
3635 7173
329 4991
1941 5538
1966 5529
2733 6292
1183 5798
2156 6736
3891 7438
249 4807
3396 8059
750 4270
840 4364
2258 6807
3831 7346
2366 7033
578 4106
2565 6221
4054 7583
3357 8022
2292 6847
2111 6770
1301 5976
2690 6348
2432 7120
3749 7412
1849 5480
1293 5983
1774 5309
1255 5811
807 4466
1311 5962
3659 7198
2655 6153
2773 6275
3087 7769
3785 7326
2118 6673
3047 6576
1378 5946
1590 5231
972 4501
2838 6479
2067 6729
3123 7784
713 4242
3482 8132
1773 5298
657 4336
1561 5240
2567 6244
3636 7248
3754 7375
2605 6219
438 5087
3938 7432
238 4741
4056 7603
2476 7105
2499 7086
2518 7096
3466 8165
3660 7203
734 4271
3890 7491
1104 5665
2395 6952
2440 7164
3417 7980
1882 5423
2899 6437
1587 5192
648 4340
2297 6789
41 4693
3570 8079
3877 7589
1706 5162
191 4671
175 4653
1995 5454
1094 5825
2275 6756
887 4606
2944 6410
40 4770
1799 5516
1759 5201
4072 7526
4032 7503
1048 5783
1556 5253
533 4226
3863 7567
1269 5741
3254 7727
2544 7019
1655 5354
2785 6208
2584 6329
2570 6312
1818 5561
1361 6133
1796 5536
3218 7734
1611 5356
2797 6218
2039 5471
1063 5775
2254 6759
889 4565
3853 7584
2456 6966
2429 7123
1303 6072
2301 6738
1433 5929
1065 5785
2100 6790
2062 6844
2100 6791
3201 7730
1051 5795
163 4635
3411 8170
425 4880
3220 7725
1631 5349
1173 5678
1114 5862
2781 6242
2087 6887
1898 5546
2633 6280
2725 6240
978 4375
2089 6892
51 4857
3095 7901
3706 7345
3062 6458
1066 5863
3402 8069
2196 6725
2322 7104
1453 6014
452 4880
1947 5455
1775 5177
34 4852
3634 7397
453 4889
245 4648
3918 7568
3139 7836
3060 6420
2123 6824
2776 6203
1540 5344
3367 8131
291 5062
3093 7933
2663 6287
823 4574
1040 5883
3747 7240
1330 6110
1972 5444
2242 6706
2487 6983
173 4701
879 4509
3646 7372
1073 5827
1195 5720
554 4313
2967 6499
2241 6708
3903 7624
659 4202
2892 6581
3027 6442
3309 7700
1999 5430
2782 6180
3779 7231
966 4410
2243 6719
2059 6901
47 4817
1479 5944
1785 5624
1327 5678
2356 6711
2094 6957
4019 7350
591 4426
779 4109
2355 6708
2642 6491
1560 5393
3045 6382
2287 7138
3523 7886
1754 5588
261 4619
2282 7141
3677 7501
1308 5646
1796 5143
35 4912
45 4920
3818 7677
3183 8055
3879 7230
3942 7295
3688 7540
1867 5205
2649 6520
2779 6649
1693 5566
2213 7042
1012 4317
705 4586
684 4480
1890 5198
3109 7945
4067 7374
2359 6663
2639 6526
1510 5845
3834 7630
2929 6212
2520 6895
1394 5701
3474 7850
349 4709
2612 6413
1931 5303
774 4152
494 4816
2242 7165
3851 7242
3554 7843
2086 7022
3082 8003
3000 6386
3438 7716
1402 5681
3182 7970
1435 5846
1513 5796
759 4517
2161 6949
2881 6165
3961 7201
2151 6971
413 4801
1540 5464
893 4131
1564 5443
31 4991
1659 5402
296 4681
916 4341
3967 7193
3580 7834
1904 5142
2553 6801
2721 6600
1305 5747
1832 5187
1641 5378
628 4376
2488 6869
2572 6498
2452 6906
3177 7942
1707 5595
1429 5861
3388 7758
2960 6374
3557 7833
1807 5234
4084 7305
1060 5978
3145 8137
2115 7106
1836 5293
2532 6757
3896 7355
3932 7384
2108 7092
1202 5946
3215 7943
2313 6784
488 4706
3567 7781
2994 6206
1230 5955
3451 7925
127 5104
2423 6887
2568 6554
3309 8063
3288 8010
3850 7327
2720 6453
2454 6659
1993 5215
1641 5631
3016 6239
2106 7074
471 4686
2684 6629
3655 7646
2414 6900
3909 7391
2552 6755
4071 7292
3752 7476
303 4787
3678 7619
2635 6613
2967 6152
2162 7149
1011 4204
1144 6105
1093 6118
3706 7641
1561 5562
2324 6839
331 4846
3819 7502
439 4625
523 4525
72 5103
1864 5344
3965 7380
3394 7913
3281 8060
3487 7729
3820 7516
948 4097
1578 5522
3725 7476
2566 6588
2427 6848
2479 6767
3048 6185
2130 7059
1296 5842
3287 7957
561 4597
1992 5135
2749 6516
3999 7253
3129 8178
1956 5225
2324 6873
1678 5470
2894 6294
762 4385
4027 7271
2598 6650
3320 7973
634 4516
3903 7393
4083 7212
2830 6383
78 5039
1528 5658
3736 7547
3453 7838
2868 6354
577 4519
2714 6525
229 4866
1830 5326
3104 8137
476 4662
333 4769
928 4172
3782 7467
2926 6303
3800 7467
1856 5303
1929 5235
2558 6660
2385 6826
1676 5495
934 4187
2882 6335
1353 5815
1726 5440
2350 7470
3057 8177
1976 5050
1983 5051
2918 8032
2980 8099
3712 6792
522 5636
683 5796
3561 6630
1091 4179
3699 6752
1844 4903
29 5134
2202 7310
1475 4564
3656 6751
3198 6249
250 5347
2865 7978
164 5304
2372 7512
2729 7860
1591 4650
475 5574
2261 7371
494 5616
1694 4799
2501 7654
2306 7457
3958 6995
1167 4263
2353 7449
903 6060
620 5697
3915 7014
524 5666
2190 7328
3053 8130
630 5702
1129 4184
1857 4978
2297 7370
232 5340
3953 6981
1937 5030
1922 5048
3267 6392
128 5308
2900 8042
348 5474
847 5902
4028 7165
1079 4214
222 5279
3469 6607
1868 4878
92 5151
3676 6687
152 5329
2600 7779
3436 6432
3960 6964
3108 6248
1264 4286
2952 8156
2692 7888
2218 7422
161 5364
2707 7883
2578 7755
3258 6368
3856 6986
2058 7248
3059 8105
3567 6580
137 5333
726 5770
2987 8181
662 5833
332 5420
3194 6170
542 5759
2013 5052
2470 7623
905 6124
2376 7470
3989 7155
3221 6386
3598 6759
63 5204
3325 6288
2068 7291
2472 7640
162 5331
814 5980
1743 4796
3526 6577
2042 4995
3886 6999
3653 6718
3583 6532
1023 6016
2823 8071
3504 6448
3398 6596
978 5974
736 5733
404 5395
2116 7368
558 5794
3920 7104
852 6085
1271 4195
1017 5997
2001 4932
796 6027
1170 4101
3190 6382
3708 6885
1317 4543
3793 6730
122 5350
2057 7337
3347 6579
1223 4198
20 5301
22 5300
944 5909
3594 6828
560 5782
3295 6262
1145 4309
3020 8033
1770 4679
2328 7606
1416 4390
2784 7761
411 5417
356 5590
1901 5087
427 5406
1911 5057
19 5285
1284 4530
1912 5071
436 5379
2507 7538
3253 6156
427 5394
1456 4362
3156 6383
2515 7528
4043 7031
2596 7832
4078 6994
3741 6688
2457 7463
143 5168
2219 7188
123 5306
275 5584
2083 7392
443 5496
722 5654
3379 6647
1805 5067
1748 4637
1449 4448
1037 4289
2388 7576
2460 7501
2569 7899
600 5771
950 5985
967 5919
2766 7701
2194 7241
1442 4477
1151 4255
615 5766
1833 5064
2878 8159
2440 7531
3667 6839
3152 6326
357 5507
2011 4924
1134 4233
2274 7178
2039 4895
2392 7601
2501 7465
2847 8179
1194 4167
1810 5119
409 5494
56 5335
3431 6550
2891 8122
4022 6980
3329 6643
3609 6890
3660 6847
955 5966
3380 6594
153 5230
3947 7068
660 5731
3470 6519
1070 4311
3273 6197
1177 4196
3796 6697
274 5138
2591 7965
1685 5008
110 5481
2509 7366
2854 7722
3853 6657
3098 6422
3530 6342
116 5498
3794 7133
781 5634
3138 6482
2862 7742
1660 4975
846 5721
1109 4418
3921 6729
693 6061
2237 7591
1076 4392
3602 6927
4064 6910
3011 7900
2689 8094
1221 4583
1818 4664
711 6116
3352 6204
1380 4160
3888 6678
2206 7609
2214 7566
310 5148
2920 7747
2263 7675
801 5645
2422 7259
534 5945
1248 4561
3700 6977
878 5723
222 5607
3977 6835
1459 4233
1217 4605
1580 4882
2585 7975
385 5315
3463 6339
1148 4409
3750 7137
3532 6283
2363 7282
2600 8034
1603 4879
854 5659
371 5181
2838 7750
2675 7970
1114 4363
473 5256
2902 7685
2912 7733
3878 6782
296 5233
3092 6477
2308 7263
488 5300
2255 7570
349 5183
3257 6619
1930 4847
3768 7134
3621 6979
2493 7381
3654 6959
1375 4150
1892 4622
2166 7450
2418 7199
3219 6653
1744 5055
496 5248
1492 4260
3130 6475
2699 8184
2840 7787
2970 7916
3653 6962
3227 6636
3304 6545
454 5308
1196 4562
3072 6527
1335 4278
3178 6632
1666 4864
1806 4748
1917 4862
3313 6514
3164 6616
3934 6875
1847 4785
1280 4235
2299 7543
1089 4557
3625 7079
1871 4829
1850 4777
3222 6405
1251 4470
536 6029
692 5932
2294 7534
3200 6424
102 5630
1372 4295
3074 6559
1713 4911
4082 6738
3242 6410
643 5923
271 5293
963 5734
434 5141
3990 6719
799 5813
1709 4871
3026 7800
687 5891
418 5132
1829 4755
2153 7646
956 5632
913 5676
105 5545
1571 5089
709 5894
3349 6352
3373 6376
1971 4731
2334 7383
3282 6425
802 5865
3745 7018
4073 6693
634 6071
3240 6502
1387 4281
2189 7518
912 5702
2603 8189
3924 6786
3719 6993
203 5405
603 6018
3414 6284
3259 6496
1031 4571
3498 6262
3519 6242
367 5298
1269 4373
2049 7649
910 5736
2621 8149
1880 4786
765 5911
1774 4864
2526 7217
360 5272
831 5836
1043 4576
3276 6459
3137 6582
4014 6743
2020 4637
3609 7139
2184 7538
2035 4623
2948 7801
1545 4106
2505 8141
1832 4397
1985 4548
518 5134
2282 7907
2284 7910
1106 4702
2011 4554
4044 6623
3825 6373
3316 6883
1488 5064
1340 4900
1580 4149
1651 4201
1417 5014
4008 6536
3812 6340
3672 6264
3808 6338
3769 6301
1432 5053
2329 7998
2557 8154
1532 5083
3948 6468
2485 8092
718 5351
309 5916
1923 4521
2914 7502
1943 4539
1270 4824
1350 4968
3101 6706
820 5381
1671 4276
1463 4996
619 5214
557 5144
3774 6279
740 5341
1612 4214
2817 7482
3158 6762
3248 6797
2402 8028
1882 4453
1334 4983
265 5963
2160 7731
374 5938
306 6004
183 5873
3709 6203
1856 4359
720 5273
36 5736
2891 7431
1680 4317
3882 6522
487 6071
2534 8119
2858 7545
3441 6946
3473 7109
1478 5010
3040 7604
1060 4720
609 5174
304 5993
3753 6384
1733 4248
3443 6958
3250 6892
1314 4931
2224 7891
3865 6524
2713 7423
2422 7967
2061 7783
2969 7666
3526 7085
3077 6761
145 5884
2213 7883
3789 6306
679 5320
1019 5513
3591 6260
1628 4136
1716 4288
830 5451
2032 4487
997 5533
2906 7458
2390 7981
3585 6269
602 5158
1107 4652
3991 6421
1388 5096
1382 5090
2223 7722
1142 4851
2381 8136
3642 6333
2200 7696
1614 4295
1505 4971
2619 7344
3734 6170
2821 7561
2088 7846
1473 4945
1742 4189
145 5634
1137 4837
832 5588
2132 7873
1084 4777
717 5208
3993 6401
2142 7878
3203 6683
2502 8031
3160 6849
2744 7202
95 5829
1557 4238
2651 7364
797 5506
1573 4231
1300 5047
2783 7289
2296 7775
2469 7949
1709 4101
1072 4765
49 5788
1866 4583
1247 4722
2529 8015
370 6108
1044 4774
2358 8069
245 5698
3809 6233
3032 7522
3064 7491
765 5185
598 5355
1840 4493
3555 7004
2601 7401
3770 6265
1369 5018
2758 7168
3161 6815
1412 4930
1162 4685
2475 8035
695 5241
25 5835
2856 7679
3426 7098
977 5385
3208 6737
3023 7445
1833 4594
3841 6621
3643 6372
3832 6169
2122 7851
3091 6896
996 5376
3432 7052
1650 4247
1724 4186
1613 4267
3261 6747
1075 4826
299 6082
2173 7827
2139 7861
1705 4166
794 5611
3424 7058
534 5348
547 5335
311 6094
3761 6216
1103 4789
2478 8019
1416 4982
1185 5024
3592 6411
3145 6986
2108 7993
376 5744
1905 4219
612 5487
584 5445
1810 4124
2874 7221
4055 6343
1884 4173
1778 4577
862 5194
3740 6537
1939 4230
3324 7147
3638 6446
3966 6247
2152 8049
807 5182
2915 7290
3099 6914
1421 4752
3950 6256
1197 5042
30 5950
1461 4759
4047 6381
1869 4207
3471 6829
4061 6392
2791 7629
82 6008
1310 4661
562 5406
3454 6739
595 5502
1643 4443
2474 7835
1246 5101
2271 8171
664 5548
2592 7445
3119 6937
162 6037
3231 7080
400 5800
3719 6591
3830 6604
3079 6972
467 5869
3877 6171
1097 4982
2103 8055
2579 7506
1719 4598
1214 5113
3290 7069
1840 4217
2837 7260
1854 4215
182 6140
777 5188
770 5199
3136 6925
1679 4546
776 5190
120 5942
2411 7717
2124 7938
965 5259
1126 4905
531 5440
2996 7399
297 5756
1282 4695
36 6003
221 6026
608 5433
673 5627
1707 4592
3546 6790
3191 6955
2703 7635
2148 7993
1010 5295
1233 5006
1150 4897
1308 4734
1752 4542
904 5358
1195 5069
2192 8183
2134 7985
2792 7555
3707 6423
237 6017
1326 4675
3361 6732
2555 7829
44 5981
1198 5085
133 6134
3312 7043
3627 6495
3956 6145
89 5935
2251 8115
485 5788
2513 7848
239 6038
193 6074
2289 8074
2159 7956
2867 7240
738 5534
2233 8134
2680 7431
853 5332
3511 6709
2128 8146
2909 7390
1729 4421
3048 7276
2942 7418
2506 7759
2299 8062
1064 5038
3896 6334
235 5996
3923 6356
2536 7778
257 5773
817 5311
3658 6596
666 5397
4067 6259
1481 4696
1906 4323
331 5853
527 5528
1751 4416
67 6111
1244 4928
2965 7176
1117 5059
2673 7663
1627 4602
3656 6635
1 6050
3408 6900
2066 8118
3970 6183
2627 7653
1826 4228
1465 4625
950 5150
2349 7812
1327 4742
778 5286
672 5390
2812 7507
2921 7385
2428 7885
4000 6161
4005 6167
1517 4702
1601 4594
1461 4609
3608 6572
2532 7761
2886 7411
583 5616
2984 7189
2555 7739
1594 4601
3322 6969
1381 4768
2009 4112
304 5881
1499 4631
1458 4732
1150 5040
1320 4839
1264 4927
291 5874
3098 7112
1752 4363
2833 7365
3922 6279
664 5453
3131 7149
1765 4402
860 5259
2545 7721
101 6077
851 5258
2915 7353
558 5617
2437 7781
3065 7192
1569 4544
4095 6174
1044 5110
1405 4766
3449 6810
2954 7278
987 5181
449 5671
3989 6258
2360 7903
2859 7361
1352 4771
2793 7429
29 6130
141 6013
3606 6630
3682 6544
2046 4108
3338 6905
1249 4885
1061 5073
3267 6967
2395 7855
40 6096
1234 4906
3686 6556
1669 4472
3972 6267
2286 7953
2679 4726
3488 5538
309 6455
2193 4243
604 6751
368 6517
1317 7468
1445 7596
3283 5338
2920 4962
202 6342
3898 5940
3563 5625
1958 8117
2757 4817
1372 7498
769 6935
4075 6131
821 6956
2855 4924
2762 4822
3644 5666
1399 7529
1396 7509
2887 4965
3687 5699
2814 4827
952 7069
1543 7727
3575 5596
1366 7546
2571 4646
3029 5115
3337 5433
570 6666
131 6322
393 6587
3457 5557
2644 4705
2845 4907
4003 6043
1924 8125
1359 7542
1190 7322
1664 7869
2697 4791
875 6955
1944 8152
515 6720
1463 7668
1861 7937
1125 7213
2999 5118
8 6210
232 6309
3947 5926
2623 4721
705 6798
3198 5167
1618 7680
4043 6046
1422 7643
536 6733
848 6920
2796 4790
810 7025
263 6491
2371 4382
3760 5869
2509 4496
3626 5748
201 6295
841 6935
2792 4746
2706 4853
4034 6059
1194 7360
3040 5002
242 6297
167 6347
273 6525
2575 4706
476 6577
1825 8014
2573 4733
1096 7226
1173 7399
2857 4955
3723 5880
946 7110
814 7000
2019 8090
2351 4438
1094 7228
3476 5614
941 7127
88 6180
1262 7312
3813 5787
3328 5504
3472 5394
2276 4199
2467 4391
142 6155
1090 7365
4050 5979
952 6961
2144 4330
1941 7966
3251 5176
1982 7984
767 6769
4051 5980
1184 7215
3682 5874
2398 4559
949 6950
220 6218
2836 5004
3581 5476
2799 4725
470 6474
419 6463
806 7099
410 6407
3973 5924
2760 4714
646 6693
3981 5928
2307 4517
46 6281
748 6724
869 7116
3694 5831
3852 6055
2951 4907
3370 5511
579 6893
3717 5684
1285 7607
2767 4732
803 7056
1374 7657
2639 4856
504 6464
1021 6982
147 6191
3005 4865
3290 5223
3217 5166
3926 6121
1425 7504
328 6538
2046 7996
3649 5763
15 6344
1378 7589
1809 8153
445 6513
3024 4894
171 6245
297 6648
1081 7400
3226 5193
1573 7926
2592 4852
3386 5612
1344 7575
1408 7515
3537 5388
2133 4232
2256 4110
1090 7324
3692 5810
2857 5111
1034 7380
386 6493
1860 8100
3514 5466
1943 8054
2256 4146
1174 7284
3399 5540
4076 5898
3778 5674
4081 5915
4020 5983
2885 5033
414 6514
1490 7485
808 7128
1635 7826
1595 7881
583 6837
13 6398
1423 7547
3744 5717
3980 6010
2055 4351
3051 4887
1193 7253
3767 5705
2789 4635
438 6473
3452 5244
268 6156
1180 7581
388 6272
3798 6098
1875 7767
3919 5706
3466 5260
3054 4838
3813 6125
1309 7190
1831 7723
1692 8076
3561 5369
985 6858
3356 5128
1817 7693
199 6610
930 6836
2579 4872
2794 5105
1392 7276
3402 5206
753 7150
2412 4172
3187 5459
549 6916
165 6534
588 7023
2229 4502
2550 4307
3698 5973
419 6283
1926 7853
3376 5151
3824 6081
3023 4862
1494 7396
682 7070
337 6245
2542 4314
1657 8001
3149 5492
1897 7760
832 6778
2029 7894
490 6358
336 6254
2414 4177
3907 5635
286 6239
1892 7718
582 6917
2492 4345
3777 6023
2563 4939
733 7061
1223 7565
604 6928
3528 5252
3116 5473
2288 4542
2560 4942
109 6460
379 6186
1916 7720
1986 7831
1360 7173
2744 5103
1112 7439
2391 4109
559 7028
1071 7540
835 6686
3499 5365
2909 4610
1845 7765
321 6179
2055 4453
3702 5907
3624 5965
2577 4985
636 6932
1737 8097
1370 7222
1364 7224
3632 5982
2807 5016
3002 4821
2780 5036
4027 5834
3166 5423
1079 7493
2653 4910
2468 4305
338 6181
3739 6112
2221 4561
599 6954
2192 4368
1980 7740
1512 7274
3978 5641
3955 5878
3105 5543
3454 5368
2441 4110
1872 7896
2101 4540
756 7039
313 6327
329 6361
1942 7682
2635 5086
1233 7492
1401 7404
431 6201
624 7142
2272 4472
1873 7882
4087 5739
3189 5608
2332 4226
3459 5154
2775 4981
594 7152
519 7076
1180 7480
156 6456
1745 8053
1592 8080
3542 5246
1123 7626
2284 4423
1563 8119
3843 5806
3955 5852
3914 5861
2677 5061
1333 7300
111 6619
1723 7950
2810 4940
1260 7514
2807 4943
390 6204
1670 7996
3296 5467
1842 7823
959 6657
2995 4620
2952 4680
1945 7768
1043 7634
3003 4729
3721 5963
3749 5990
88 6555
2785 4901
3431 5283
3192 5567
2295 4413
872 6820
2268 4368
624 7102
2724 4971
2117 4490
1951 7759
2386 4227
2841 4811
311 6373
4000 5746
3730 5953
3823 5947
1997 7704
1861 7826
144 6472
330 6290
372 6317
2852 4863
3374 5362
77 6545
2179 4444
1025 7649
1754 7995
463 6190
2401 4224
4076 5640
669 7032
621 7051
735 6968
3112 5583
2997 4700
2235 4433
746 6912
479 6196
3278 5410
2265 4407
1175 7545
1919 7825
1277 7442
491 6148
3175 5526
2438 4210
3763 5959
1323 7391
2993 4679
2695 4977
3117 5594
2163 4488
1112 7587
2641 5037
3245 5456
242 6415
1441 7263
2156 4716
1205 7860
757 6388
1729 7364
1275 7922
200 6850
3768 5299
3914 5446
2247 4810
3437 5986
3011 4563
1766 7415
1385 8059
1294 7962
7 6674
3739 5261
3002 4524
1632 7287
2535 5118
1662 7271
3698 5227
2873 4384
3486 6020
2508 5072
3358 5888
3455 5984
1177 7865
1822 7486
1697 7299
1113 7802
357 6982
651 6319
746 6350
3781 5357
4078 5574
352 6985
2763 4327
843 6503
1842 7425
167 6804
3758 5275
3928 5486
3815 5343
1054 7719
2542 5079
2014 7650
1806 7474
2759 4346
328 7030
3348 5930
2629 4218
3762 5363
3257 5882
2820 4416
2618 4223
940 6634
1506 8101
593 6169
1099 7682
3102 5717
2496 5005
3433 5944
4001 5621
2556 5033
1434 8143
2890 4383
1010 6565
1008 6567
728 6272
711 6303
1229 7828
2875 4448
3542 6024
2770 4236
3748 5312
1412 8160
27 6780
3225 5873
3390 5975
2190 4835
3596 5219
1817 7542
293 6997
522 6266
3321 5769
2315 4986
1808 7523
1462 8130
4009 5599
3883 5469
3321 5774
1855 7495
1975 7631
217 6816
2303 4740
3159 5674
3132 5698
2606 4177
3089 5742
1132 7918
1920 7428
1998 7499
647 6146
1663 7417
3465 5889
994 6504
2756 4168
2695 4105
1985 7505
2207 4621
3865 5517
1730 7255
2802 4199
301 7096
629 6380
556 6325
3727 5141
93 6855
1062 7866
1963 7479
2898 4559
1360 8142
3995 5381
2882 4573
2104 4761
3034 4475
2803 4178
2979 4354
121 6875
885 6614
2107 4760
3315 5719
2187 4655
147 6710
3949 5576
2872 4510
2976 4360
340 7166
491 6983
3552 5964
529 6333
1009 6492
768 6573
166 6664
1364 8186
2436 4917
258 7088
646 6195
150 6689
4074 5469
676 6173
2710 4139
168 6677
1793 7612
1466 7943
3893 5514
1274 7749
3738 5210
1259 7721
3137 5763
181 6768
1699 7275
3158 5790
11 6849
3590 5325
1299 8159
1728 7183
3552 5936
155 6731
3872 5618
3206 5714
3143 5779
1797 7633
873 6590
285 7114
3728 5193
1668 7262
450 6937
1167 7763
3004 4449
3185 5804
2378 5012
2103 4840
3797 5130
3976 5463
2195 4684
2984 4424
366 7054
1846 7636
2531 4871
1750 7219
1074 7895
3445 6035
3073 5862
353 7049
2708 4220
3826 5147
1727 7251
1614 7331
758 6171
3334 6123
2923 4506
792 6633
3302 5652
3294 5677
2009 7469
2597 4304
129 6779
960 6458
3890 5577
1543 7419
1290 8182
1498 7974
772 6649
1991 7481
4079 5358
3621 5414
3680 5475
1332 7728
3403 5708
1123 8036
1609 7489
544 6442
2110 4917
2119 4940
617 6500
899 6286
1650 7549
1005 6397
775 6166
566 6436
862 6220
1801 7194
3689 5500
3285 6083
503 6881
3693 5498
2679 4462
1069 7988
193 7131
170 7094
590 6483
577 6495
3687 5496
3779 5603
861 6271
3536 5875
2209 4996
742 6593
266 6691
3068 4309
2032 7387
259 6696
1020 6359
158 7093
2158 4929
1787 7624
468 6881
552 6430
1350 7792
327 6769
240 7112
2996 4236
7 6975
2130 4970
3070 4292
3622 5404
1949 7335
2406 4700
1999 7412
513 6461
2581 4392
3202 6077
2269 5023
4073 5290
1344 7683
3047 4260
3212 6088
2147 4902
3987 5334
3244 6122
2750 4600
2152 4896
3066 4275
2531 4776
910 6338
3346 5726
1055 8018
1208 8182
126 6959
2289 5024
1703 7678
1039 8021
2645 4366
3883 5239
3460 5848
3364 5753
1845 7274
42 7029
224 7103
1087 8031
3443 5651
824 6234
2298 5017
3819 5518
3467 5870
456 6829
2464 4807
754 6549
3338 5730
2727 4557
625 6426
919 6396
511 6802
1955 7378
2023 7318
3229 6120
2064 4967
2379 4657
791 6252
3808 5532
2252 4941
1605 7622
1702 7461
1972 7223
3188 6135
3759 5419
20 7059
3581 5749
2667 4579
1108 8155
3562 5755
587 6618
129 6931
1552 7554
822 6309
3104 6067
3984 5124
962 6230
1928 7197
3984 5126
1937 7174
2007 7232
2869 4258
3323 5987
3144 6096
2980 4157
12 7056
223 6978
726 6475
2966 4104
2150 5112
3008 4190
1530 7780
3481 5638
913 6158
2798 4430
1039 8110
1958 7171
1831 7311
372 6876
1965 7168
2549 4696
3671 5625
1582 7553
2463 4654
2093 5023
3038 4205
1418 7737
3945 5340
2450 4647
3014 4208
3878 5265
1227 8051
3670 5611
412 6690
2367 4737
91 7140
99 7132
4092 5180
3237 5991
1897 7338
233 6957
1554 7639
775 6337
2175 5049
1523 7732
2903 4240
1385 7841
3702 5564
2249 4867
2373 4745
2822 4298
1127 8106
2853 4328
813 6397
2308 4821
2764 4381
3963 5289
1778 7456
3210 5977
3679 5515
1122 8118
1436 7752
999 6193
884 6307
921 6222
3503 5751
3119 6134
45 7156
3195 6049
2195 4937
3493 5758
3993 5188
2737 4460
1222 7963
1111 8073
3298 5948
70 7065
1886 7358
1190 8007
723 6450
2781 4415
151 7029
1203 8022
70 7072
551 6592
3058 4117
3232 5961
1696 7498
1067 8128
3209 5988
1021 6160
699 6485
244 6938
3688 5511
1936 7264
2533 4630
198 6963
1181 8040
1066 8157
2596 4572
122 7042
3284 5933
1786 7429
2827 5899
4007 5029
1399 6517
1749 6871
2818 5893
519 7694
285 7444
3446 4479
1316 6446
1621 6750
1957 7081
3574 4603
1447 6568
3505 4512
2339 5425
1379 6512
932 8113
2745 5804
2777 5824
2348 5430
1414 6557
2367 5410
1201 6318
12 7208
2559 5594
3723 4782
2238 5273
1675 6817
2212 5263
1495 6651
3509 4504
2211 5271
2945 6075
2756 5887
2106 5127
3099 4134
58 7172
2522 5531
1384 6441
1384 6443
1116 6175
1679 6860
3197 4153
2457 5596
2647 5649
2770 5787
2433 5579
172 7398
2234 5367
1693 6867
2662 5673
1251 6323
2086 5238
4028 5102
2548 5542
1421 6617
2116 5137
2481 5604
3986 5060
2879 5993
1549 6746
704 7832
39 7294
3221 4296
465 7564
920 8133
2467 5628
557 7758
1291 6504
3570 4501
3952 4891
2486 5597
2731 5828
1138 6173
3639 4678
244 7301
1655 6661
1823 7021
1382 6420
3030 6050
3417 4397
937 8156
3738 4847
1857 6967
3805 4778
210 7339
3363 4441
527 7796
3513 4549
3375 4435
2523 5542
1187 6364
1221 6213
4026 4923
2302 5247
3736 4633
2821 6020
3492 4389
3715 4609
1346 6592
1311 6557
238 7277
2223 5160
1653 6898
1371 6611
115 7416
1287 6538
2079 5265
3707 4843
3170 4337
2648 5835
3252 4130
2003 6987
3848 5008
1389 6644
2365 5540
2438 5404
2562 5785
175 7219
1977 6948
3773 4642
3550 4478
3620 4740
2082 5251
3540 4470
1784 6748
3094 4274
883 8150
2730 5647
2896 6133
2916 6081
3509 4380
1834 7043
669 7735
812 8070
2335 5555
3401 4580
3192 4311
2109 5266
1895 7127
1741 6781
3488 4369
2992 5889
288 7570
343 7651
2676 5826
3216 4135
2705 5673
3307 4179
1813 7087
1555 6825
2120 5362
3230 4128
389 7489
289 7653
1805 7113
473 7452
3208 4175
3354 4573
1235 6164
2270 5142
3630 4837
2525 5398
437 7544
1717 6776
497 7484
4021 4964
1467 6511
2141 5256
1093 6291
703 7784
2559 5416
1476 6428
3847 5085
2911 6019
2070 5320
1415 6488
3648 4767
1828 7111
1503 6459
2325 5617
2650 5822
3128 4319
2899 6075
2827 6115
3130 4306
1531 6419
1915 7057
4039 4908
1824 7115
2020 6934
2164 5254
2728 5712
3016 5939
492 7440
2014 6879
1497 6360
1107 6481
3805 5081
3106 4391
3406 4169
3300 4588
841 7745
716 8135
2628 5967
4020 4794
1922 6796
1767 7144
3854 4638
1437 6285
1473 6355
1110 6469
32 7479
1811 6667
1027 6431
135 7577
1673 7081
2846 5693
5 7462
1032 6444
545 7941
1002 7887
2632 5999
3724 5028
3144 4451
4035 4844
2810 6101
3518 4241
1499 6379
498 7363
2893 5759
3489 4244
2283 5597
2671 5974
3680 4953
394 7351
4070 4775
3358 4191
3335 4165
2766 6026
3433 4141
889 7741
607 7961
1433 6366
1407 6199
2404 5166
3904 4618
2878 5746
1411 6349
2574 5952
3614 4944
2613 5989
3523 4243
2394 5131
2711 6085
276 7246
30 7492
3788 5014
3108 4479
1607 6940
2672 5932
1053 6465
4009 4855
1295 6225
3269 4513
3247 4552
2646 5950
1896 6656
2889 5664
3838 5009
4059 4779
875 7706
2309 5236
1619 6946
870 7701
1639 6930
3917 4664
2449 5353
2021 6813
930 7898
2683 5890
3085 4464
920 7911
3578 4219
929 7712
635 8185
2571 6031
2012 6744
3400 4301
3732 4882
3792 4952
3262 4407
795 7830
1633 7151
1243 6485
2529 5231
1400 6391
115 7676
1187 6451
878 7932
3004 5679
3363 4272
214 7490
1452 6200
1873 6853
2102 5536
3726 4888
3226 4353
428 7216
2072 5509
2057 5527
441 7192
3616 4994
4070 4674
1340 6296
3307 4429
3344 4279
3025 5750
2652 6132
3030 5758
3560 4161
1700 6921
1668 6953
1018 7764
532 8103
3880 4766
1410 6202
4011 4627
572 8070
1302 6316
2834 5800
818 7817
1128 6615
1113 6553
2136 5530
880 7858
3156 4503
2495 5243
3200 4420
1289 6350
2246 5391
5 7628
545 8168
2182 5455
2843 5841
866 7849
2528 5164
980 7706
499 7202
917 7748
734 7948
1319 6387
2141 5508
688 8045
2074 5575
1111 6537
538 8132
317 7395
651 8043
880 7824
1097 6571
3831 4883
4031 4691
3148 4513
3167 4529
3531 4133
3543 4152
1807 6911
1252 6421
1086 6604
3339 4345
4072 4636
3663 5051
362 7327
2686 6022
1271 6414
3489 4187
1938 6760
2880 5819
3674 5031
2278 5403
2409 5271
3834 4347
3735 4246
1858 6470
661 7313
2496 6084
1435 7070
848 7510
3019 5580
2363 5939
2490 6064
3643 4145
2135 5722
542 7184
483 8172
1791 6384
1940 6533
3374 4920
2959 5527
3528 5072
3423 4935
3756 4277
1829 6457
3387 4902
654 7315
461 8144
1219 6877
700 7331
3041 5569
201 7919
2233 5776
2950 5547
694 7303
2804 5318
3435 4958
1035 6717
2010 6637
2761 5361
825 7424
260 7997
3413 4972
1747 6378
319 7941
544 7195
1406 6981
2976 5532
2406 5979
1940 6569
2180 5818
2318 5937
3876 4379
3629 4205
1292 6990
2700 5326
1440 7139
71 7681
2870 5489
1793 6473
3120 4728
1714 6395
68 7693
158 7895
2790 5292
932 7663
2427 5936
218 7825
3606 4189
3828 4281
3076 4681
414 8147
74 7685
2388 5892
3446 4900
2394 5890
3237 4861
1027 6747
1226 6802
1953 6648
26 7747
1653 6184
1521 7087
2180 5850
111 7695
249 7837
370 7958
3929 4401
1550 6246
779 7522
3342 4967
645 7406
3410 4926
2295 5786
2655 5169
2884 5418
89 7720
3365 4951
382 7949
3142 4670
3183 4629
699 7361
1204 6862
3748 4312
3797 4264
1991 6586
2688 5374
2667 5140
749 7279
169 7724
466 8023
2497 5956
1995 6477
3545 4958
3685 4322
1988 6476
2678 5374
3155 4831
1352 7108
1165 6684
1935 6427
3 7829
1563 6285
1755 6209
2753 5210
3450 5095
869 7675
2970 5435
2820 5541
3727 4141
236 7754
1808 6583
3279 4711
1772 6214
1376 7116
3 7854
1229 6754
3701 4314
1649 6337
1348 7158
2637 5375
2428 6089
3855 4538
3482 4908
2429 6091
501 8002
1440 6936
1891 6620
3799 4118
1428 6998
2751 5245
3458 4928
911 7499
3833 4156
2982 5484
1585 6394
33 7914
3732 4184
312 8181
2740 5242
585 7302
401 8030
1788 6188
3448 5032
513 7378
2503 5907
649 7261
1900 6586
2079 5832
2723 5246
27 7878
1207 6742
2754 5161
608 7308
1217 6700
3124 4804
1444 6996
1708 6238
3691 4254
3279 4665
1072 6856
346 8098
2339 6107
55 7886
3210 4723
3212 4726
1814 6636
2346 6097
1574 6360
2260 6100
322 7744
109 8046
2660 5473
1314 6695
2940 5241
313 7743
2900 5212
2885 5196
179 8120
319 7732
595 7519
3178 4964
1498 6868
2027 6395
1358 6748
1619 6471
1000 7421
1584 6438
3072 4886
373 7791
3757 4534
1302 6669
3186 4969
2389 5710
3265 5084
2072 5893
3486 4739
1164 7058
2058 5908
3721 4503
472 7879
1376 6720
1523 6867
3103 4925
3900 4126
3619 4358
1652 6481
3019 5347
404 7864
826 7191
3893 4123
2732 5506
501 7876
106 8027
235 8153
1570 6416
565 7430
341 7782
3440 4676
2172 5960
3354 4655
1516 6873
2484 5762
2253 6138
2573 5434
1665 6585
2419 5707
2693 5565
3605 4393
332 7792
969 7413
4030 4225
132 8123
3796 4500
1007 7342
1371 6682
871 7205
3367 4709
86 7955
84 7953
1702 6624
2094 5992
938 7405
3340 4683
2347 5730
2497 5768
1084 7030
3964 4150
3740 4560
4017 4348
1519 6818
1239 7064
3583 4784
2399 5647
1601 6417
3986 4288
1420 6878
3308 5048
3544 4748
4080 4261
1746 6533
1325 6772
107 7985
283 7745
2727 5628
451 7839
2746 5606
188 8163
3959 4119
3589 4452
3601 4467
4008 4298
412 7928
180 8157
3997 4342
2320 5757
3806 4531
3705 4374
1534 6801
834 7218
4091 4234
712 7610
3764 4550
1522 6785
1211 7118
2305 5751
2028 6298
2368 5686
4045 4283
2369 5689
3168 4890
3991 4332
1450 6870
3406 4658
2599 5467
784 7279
720 7505
3587 4482
2965 5136
1577 6574
1001 7265
606 7638
3681 4585
3912 4290
2601 5541
1933 6144
2175 6128
2805 5476
702 7468
655 7453
2917 5366
714 7518
2155 6143
612 7665
3418 4812
1 8086
1428 6669
2673 5610
2249 5972
3716 4388
2056 6058
601 7677
380 7896
75 8174
1739 6509
2498 5739
91 8183
3006 5138
2415 5826
3556 4682
3188 5082
4002 4114
723 7523
700 7436
3979 4155
1098 7160
845 7423
2778 5486
3415 4834
3673 4588
507 7757
3182 5078
2262 5998
185 7937
1197 6932
1373 6884
3827 4424
1984 6269
251 8006
2933 5323
250 8004
2337 5790
2399 5791
3027 5139
4015 4207
3867 4315
1134 7086
3337 4808
3924 4245
3120 5107
613 7590
396 7753
2449 5719
517 7619
3849 4303
2738 5499
2795 5408
631 7611
1230 6943
2035 6178
2372 5783
2162 6054
2752 5397
2065 6087
2671 5559
937 7280
1095 7066
374 7848
2622 5600
4059 4154
1911 6293
2358 5845
967 7204
1530 6681
205 7979
3642 4572
2488 5714
1671 6508
2924 5255
637 7574
3500 4672
1566 6640
667 7529
496 7684
2056 6142
1356 6832
1336 6852
1912 6277
1186 7005
16 8175
100 8289
540 8731
729 8913
975 9159
735 8913
902 9108
2 8209
270 8472
424 8638
1363 9540
200 8406
1478 9688
1418 9643
95 8318
922 9144
1464 9630
256 8491
1386 9542
1442 9615
481 8660
725 8928
418 8602
680 8848
1061 9246
140 8375
1568 9827
908 9158
217 8338
1517 9635
1549 9795
874 8996
1758 9872
1658 9768
1185 9461
138 8413
1554 9802
575 8805
1689 9981
483 8583
630 8721
567 8792
1909 9990
956 9167
1446 9680
246 8334
73 8393
1527 9584
181 8242
1519 9575
1404 9716
392 8450
1590 9914
1014 9082
618 8933
616 8952
1684 9732
1682 9728
1475 9557
398 8472
255 8287
462 8557
617 8910
854 9214
261 8623
614 8904
745 8792
1386 9688
1739 9848
1430 9509
1270 9295
940 8982
1548 9933
103 8356
556 8936
1369 9619
176 8315
727 8711
1253 9269
1484 9497
1145 9379
443 8537
1051 9464
1009 8961
1168 9313
61 8388
1284 9223
938 8889
888 8812
57 8481
1297 9227
1468 9379
440 8344
9 8488
1042 9527
1881 9855
778 8748
94 8566
381 8272
1978 9876
1096 9593
1301 9248
134 8625
1065 9489
1961 9877
794 8795
59 8569
2034 9911
1046 9553
512 9032
985 8848
691 9215
939 8935
397 8411
653 9178
1462 9441
786 8816
613 8972
482 8334
42 8516
1837 9820
997 8854
995 8854
2021 9885
873 8724
269 8304
136 8456
196 8518
267 8321
1152 9486
674 9005
1456 9251
836 8920
766 9042
573 9105
117 8666
1821 9903
429 8219
2028 9819
1443 9243
1041 9640
569 9091
656 9003
1170 9513
107 8661
701 9085
1908 9910
801 8932
915 8790
1202 9589
512 9160
648 9024
208 8473
17 8668
1272 9514
1422 9308
945 8806
1863 9887
25 8646
1417 9321
1451 9289
747 8974
650 9056
1404 9350
2047 9732
124 8576
541 8220
2037 9716
1076 9781
906 8579
1757 9424
998 8681
749 8418
979 8641
641 8339
1660 9321
1681 9348
1767 9470
192 8924
808 8500
1639 9339
798 8451
704 8414
1131 9844
1186 9856
1827 9478
1784 9430
842 8549
1199 9886
320 9077
1606 9339
1578 9236
428 9199
1996 9604
1620 9247
708 8328
592 8199
988 8587
266 9042
1052 9796
243 8872
1710 9458
742 8377
1749 9354
972 8620
23 8821
1851 9567
670 8432
662 8440
2036 9607
607 8235
1662 9225
1765 9362
344 8995
995 8600
1945 9701
1902 9709
1731 9286
1255 9839
342 9182
892 8690
2024 9596
1921 9497
400 8968
226 8824
1910 9709
247 8791
1780 9302
66 8928
1045 9913
1161 9767
1171 9789
1971 9500
454 9079
455 9076
364 9183
1887 9707
773 8624
2047 9545
1797 9661
1216 9852
295 9113
60 8835
1734 9221
369 9145
52 8958
393 9026
1070 9953
1687 9286
1159 9813
1158 9811
668 8261
1894 9660
408 9026
1785 9253
1038 9937
295 9208
33 8906
1538 9453
805 8650
1969 9537
1771 9241
826 8649
793 8687
508 8965
2037 9484
1559 9453
173 9135
1438 9880
363 8803
1529 9969
51 9021
1452 9918
305 8739
783 8219
529 8457
1366 9807
1611 9558
1011 8401
569 8474
941 8329
981 8444
442 8851
961 8427
1691 9648
358 8789
754 8647
572 8458
986 8418
131 9146
314 8708
2038 9417
1373 9758
1101 9994
936 8417
1403 9776
923 8405
843 8218
1119 9997
407 8911
1866 9232
1393 9770
671 8643
221 9091
1594 9567
1997 9380
616 8451
272 8828
681 8644
560 8541
2018 9356
2034 9347
834 8247
209 9127
703 8648
858 8227
216 9122
489 8851
555 8533
1913 9467
1535 9845
1924 9225
627 8674
1575 9653
1964 9274
497 8807
506 8813
484 8828
1424 9737
1557 9614
1851 9373
1455 9731
85 9190
1365 9954
839 8446
24 9123
1983 9218
190 8963
366 8873
1520 9785
1979 9329
966 8204
881 8381
1714 9571
1319 9973
34 9201
1234 9991
1675 9565
1505 9783
839 8347
1794 9438
550 8696
218 9018
1593 9693
345 8893
2022 9216
658 8565
642 8558
974 8226
302 8896
741 8459
632 8598
1878 9401
870 8337
923 8295
1906 9356
148 9361
1367 8543
442 9651
1867 9028
1119 8271
1678 8862
553 9784
1160 8346
178 9377
256 9492
1054 8201
1026 8213
248 9455
654 9878
1038 8215
1414 8607
623 9841
197 9435
525 9772
1430 8635
1142 8260
395 9656
1297 8482
407 9687
1715 8945
1168 8406
98 9253
1209 8434
1068 8313
732 9860
1610 8726
1472 8610
455 9634
2004 9150
562 9820
405 9722
1717 8903
1343 8524
1927 9204
2036 9090
154 9440
1541 8830
741 9880
1636 8932
323 9665
1669 8711
1730 8768
262 9604
159 9242
732 9817
1537 8840
398 9477
1146 8433
676 9769
2027 9073
1316 8632
247 9320
1529 8550
453 9572
226 9280
1058 8320
1542 8866
1564 8890
701 9755
367 9671
149 9276
638 9941
98 9420
1068 8348
108 9436
1431 8482
520 9904
606 9958
1804 9143
1083 8320
764 9792
1855 9211
93 9368
1307 8662
345 9620
1496 8470
1888 9137
759 9761
1813 9155
1166 8278
1597 8934
1101 8342
658 9805
1225 8233
160 9282
2 9441
1228 8234
1174 8304
1334 8657
1245 8247
635 9879
686 9793
1570 8917
1057 8485
1124 8546
1928 8832
1667 9096
1450 8353
1258 8679
2040 8950
1768 9215
782 9751
1546 8980
1179 8634
1640 9034
1595 8984
2022 8899
410 9405
1974 8862
1248 8651
856 9843
1250 8653
908 9917
1667 9137
1095 8575
157 9638
430 9363
66 9472
1664 9154
35 9574
1401 8254
68 9475
1841 8826
268 9287
163 9711
2041 8875
1147 8492
1904 8744
277 9329
954 9951
1375 8250
887 9745
1120 8455
402 9468
1761 9107
1934 8955
335 9273
1413 8434
417 9433
1108 8494
1646 8980
26 9572
1819 8857
282 9369
1125 8673
505 9340
1532 8314
207 9544
1615 9155
1212 8498
1572 9141
1876 8901
831 9896
1746 9034
1286 8347
1559 9098
1030 8613
865 9922
1890 8897
1147 8671
1629 9210
1962 8705
1243 8567
403 9277
1865 8934
9 9657
1212 8463
900 9777
1975 8706
1247 8553
1346 8441
863 9956
959 9854
146 9553
964 9729
206 9483
1136 8630
2038 8752
1547 9164
1330 8442
1951 8791
853 9884
486 9263
827 9968
857 9865
422 9335
1395 8357
1216 8475
134 9562
360 9396
1889 8895
867 9859
968 9771
785 9975
1874 8884
1175 8560
855 9919
1923 8810
2007 8766
282 9459
987 9769
1870 8890
1329 8395
316 9415
1228 8496
957 9795
1218 8897
739 9447
116 9841
151 9874
1313 8999
576 9287
1280 8971
787 9472
912 9606
1908 8547
2008 8642
286 9986
1110 8779
951 9641
623 9328
1402 9061
1307 9016
1439 9143
546 9224
921 9642
1003 9695
914 9639
1711 8346
1370 9057
160 9883
1256 8874
574 9334
731 9367
1273 8887
858 9493
709 9365
1735 8341
1050 8776
1626 8200
1657 8237
31 9803
580 9234
1544 8287
900 9692
43 9847
136 9943
230 9860
1893 8450
194 9897
1315 9046
1905 8454
1719 8398
79 9779
59 9796
982 9554
1117 8923
1495 9048
1732 8279
1140 8931
1798 8606
747 9330
1728 8281
1626 8390
1742 8275
83 9979
1312 9101
1455 8961
1007 9536
724 9316
1637 8400
592 9445
892 9665
1703 8217
1085 8957
1670 8262
866 9632
248 9768
1081 8938
1419 9054
1444 9084
659 9289
1210 8804
113 9877
1859 8622
1608 8376
1567 8422
929 9566
751 9711
1987 8385
1515 8942
888 9331
1163 9116
1659 8546
1556 8462
283 9786
1483 8940
737 9674
1946 8369
1661 8531
1631 8561
846 9313
1306 8750
1959 8336
1332 8716
1293 8759
294 9754
1476 8955
1331 8819
510 9918
1711 8682
1236 9105
1030 9025
1137 9014
1004 9387
1244 9109
949 9446
684 9720
1274 9134
614 9520
1091 8981
1103 8983
382 9764
1946 8390
1162 9193
1638 8453
1034 9070
663 9724
1200 9181
1046 9083
384 9966
842 9275
1518 8860
1203 9156
1289 8830
264 9842
300 9809
415 9954
1092 9019
1242 9050
408 9757
731 9566
2045 8305
1598 8627
1732 8521
456 9818
792 9359
1100 9175
1164 8977
449 9822
715 9579
333 9964
1925 8224
1684 8497
1237 9084
696 9489
1409 8749
1507 8782
510 9808
385 9778
1723 8462
571 9613
1692 8483
500 9782
1480 8718
324 9859
1838 8423
965 9228
509 9782
343 9861
1391 8891
824 9452
1516 8760
1633 8630
1133 9140
1263 9013
1748 8458
1634 8579
334 9899
1771 8449
1304 8937
668 9576
960 9268
650 9586
1115 9120
3822 9964
3191 9333
2718 8858
2476 8617
2740 8881
3407 9544
3349 9501
2220 8358
2392 8531
2361 8500
2938 9066
2137 8267
3360 9526
2078 8198
2126 8279
3548 9669
2747 8871
3515 9639
2556 8675
3669 9845
2386 8563
2853 8964
3382 9495
3830 9940
3086 9260
3372 9476
2326 8511
2149 8268
2706 8888
2374 8566
3179 9311
3462 9650
2120 8317
3366 9488
2665 8798
3761 9865
2817 9023
2268 8348
2759 8839
2096 8307
3260 9460
3287 9349
3814 9906
2698 8926
2123 8211
2778 8834
2404 8510
3684 9787
3170 9219
3251 9424
2231 8403
3504 9685
2986 9152
3405 9504
3722 9980
2966 9184
2726 8925
3798 9814
2842 9112
2905 9183
3434 9708
2345 8622
2393 8670
2165 8444
2931 9209
3021 9031
2174 8437
3641 9911
2335 8592
2198 8192
2995 8978
2590 8892
2114 8424
2228 8223
2754 8812
2435 8503
2073 8358
2278 8231
2552 8506
2643 8849
2075 8408
2910 9114
3207 9281
3286 9244
2243 8200
3550 9483
2323 8645
3616 9976
3693 9905
3370 9717
2194 8305
2201 8316
2336 8651
2849 9162
2267 8246
3593 9959
3297 9233
2603 8922
3041 8979
3106 9435
3520 9530
2321 8682
3507 9550
3435 9323
3458 9346
3199 9593
2311 8192
2424 8319
3306 9698
2541 8420
3413 9285
2753 9173
3310 9720
2743 9131
3532 9448
3325 9691
3055 8902
2382 8295
3350 9272
3122 9501
3043 8916
2968 8865
4048 9961
3233 9626
3378 9230
3090 9519
2971 8868
4093 9908
3056 8894
2709 9178
2113 8465
2420 8230
4040 9883
3994 9934
3387 9326
2988 8951
3935 9790
2651 9008
2309 8302
3154 9535
2102 8539
4033 9902
3293 9646
3172 9488
2323 8298
3501 9256
3512 9277
2612 9145
2161 8673
3547 9292
3063 8809
2147 8643
3329 9377
2536 8264
3576 9306
3572 9296
3937 9927
2493 8212
2290 8512
3223 9507
2426 8397
2583 9130
2259 8466
2752 8962
2674 9141
2656 9129
2547 8249
2888 8856
2680 9128
3460 9300
3904 9874
4087 9770
3440 9360
3404 9390
2793 8973
3046 8716
4030 9813
3056 8734
3282 9533
3568 9217
2437 8310
2844 8937
2513 8233
3172 9631
2886 8893
2681 8312
2473 9128
2693 8326
3780 9409
3134 9787
2111 8761
4063 9685
2841 8469
2097 8765
4069 9706
2093 8764
3357 9995
3943 9598
3641 9248
2472 9101
3699 9309
2464 9115
3615 9251
2285 8878
2524 9119
2408 9006
2562 8270
2964 8665
4050 9628
3238 9974
2314 9054
2202 8908
3073 9816
2171 8736
3254 9960
2999 8681
3026 8588
3080 9833
2684 8222
2352 9046
3691 9229
3227 9969
2121 8763
3204 9968
4012 9686
3300 9881
3801 9382
2178 8710
3657 9421
2868 8625
3107 9898
3052 8544
2683 8438
3105 9903
3113 9895
2482 8994
3849 9625
3311 9850
3916 9690
2087 8880
3320 9828
3874 9660
2607 8335
2554 9049
2480 8982
3263 9752
2659 8395
2875 8592
3777 9325
3832 9301
2498 9071
3839 9297
3241 9753
2981 8470
3110 9887
3783 9342
3889 9611
2657 8414
3879 9703
2099 8946
2523 8975
3222 9844
2588 8447
2302 8731
2742 8284
3793 9274
2888 8611
2774 8250
3675 9398
3039 8489
2115 8891
3711 9345
3352 9754
2109 9017
3404 9800
2273 9188
2677 8562
3821 9696
3906 9293
2879 8236
2234 9133
2193 9097
4065 9467
4093 9440
2864 8208
3751 9605
3419 9855
2732 8580
2054 9000
3679 9582
3035 8426
3884 9246
3835 9672
3366 9744
3069 8389
4094 9408
3694 9518
2776 8604
2883 8196
2326 8793
3569 9898
4068 9403
2118 8998
2722 8640
3062 8339
3901 9307
2489 8927
3876 9283
2847 8311
2730 8640
2396 8753
3946 9220
2674 8477
2985 8411
3651 9524
3804 9634
2412 8940
3817 9580
3336 9870
3936 9449
3822 9570
2934 8421
3916 9439
2839 8322
2656 8695
3428 9980
2263 9076
2051 9129
2291 9053
2849 8336
2370 8947
3672 9705
2829 8372
2189 9011
2361 8838
3837 9534
3629 9704
2181 9039
4004 9327
2236 9064
3815 9523
2507 8733
3951 9401
2880 8343
2608 8680
3701 9644
3380 9963
2061 9195
2216 9038
3765 9565
3869 9461
2705 8570
2941 8338
3560 9753
3799 9506
3327 9993
2445 8820
2088 9169
2932 8328
3718 9592
3242 8360
3265 8388
3245 8363
3180 8293
3901 9008
2784 9965
3676 8786
3193 8310
3385 8491
2298 9454
2380 9562
3731 8837
3289 8387
2364 9511
3931 9030
4016 9104
2795 9928
2664 9803
2131 9333
2564 9763
2368 9576
4091 9170
2735 9856
3601 8737
2814 9935
2084 9232
2528 9687
3577 8654
3999 9125
3703 8780
4083 9167
3448 8517
3686 8795
2741 9864
2479 9618
2294 9417
3913 9078
2661 9765
2577 9809
3326 8383
2348 9583
3457 8645
2423 9523
3868 9045
2613 9849
3273 8324
3193 8246
2700 9945
2127 9239
4049 9096
3517 8676
3752 8904
3895 9047
3173 8198
3633 8790
2475 9667
3628 8769
2617 9815
2260 9402
3941 8977
3405 8504
3600 8810
3087 8309
3269 8376
2430 9725
3662 8906
2595 9893
2746 9779
3143 8397
3851 9094
2670 9982
2154 9465
3983 8983
2963 9992
3733 8712
3149 8402
3729 8755
3697 8916
2768 9846
2403 9668
3262 8215
3426 8648
3141 8430
3551 8561
3538 8545
2661 9939
2092 9365
2815 9797
2737 9739
3379 8590
3764 8714
2288 9295
3121 8436
2331 9694
2327 9671
3322 8235
2757 9744
3513 8556
3524 8484
3586 8930
2617 9944
3662 8879
2319 9708
3350 8690
2199 9331
2474 9549
2060 9446
2417 9629
3076 8439
2186 9332
3469 8332
3997 8863
2227 9649
2516 9427
3535 8391
3412 8280
3881 8743
3772 9134
4010 8888
3197 8554
3503 8373
3909 8794
2338 9219
3964 8799
3516 8345
3391 8216
3184 8535
3280 8700
3100 8498
3911 8808
2831 9791
2224 9607
2095 9494
3384 8193
3155 8559
3712 9148
3618 8988
2854 9831
3579 8377
3246 8685
2540 9384
3927 8723
3398 8195
3637 9075
3867 8788
2317 9309
3439 8253
2354 9318
3112 8575
3800 9088
3310 8628
2491 9447
3969 8927
3655 8985
3293 8578
2206 9727
2511 9388
3784 9122
3060 9863
3450 8205
2676 9998
2471 9432
2327 9366
3008 9794
3377 8370
3425 8421
3780 9024
3396 8386
2435 9220
2487 9264
3064 9834
3911 8912
2949 9759
3419 8389
2187 9492
3673 9213
2082 9614
3294 8556
2257 9578
3806 9058
3755 9067
3737 9053
3196 8632
2973 9816
3861 8915
2431 9399
2107 9714
4026 8822
4049 8735
2940 9901
2349 9471
3551 8202
2772 9985
2215 9598
3427 8323
2153 9609
3468 8288
2077 9713
3494 8267
3078 8693
2330 9452
2155 9618
3217 8555
3420 8352
3190 8821
3429 9057
3734 8350
3444 9080
3534 9154
3776 8400
3846 8471
3389 9007
2164 9830
3116 8763
3238 8894
3167 8770
3464 9111
3495 9095
2858 9484
2689 9387
2805 9432
3510 9113
2811 9418
2907 9578
2366 9994
4007 8605
2919 9564
2962 9646
2983 9625
3633 8207
3522 9089
3441 9017
3330 9043
3632 8290
3255 8931
3049 9661
3786 8349
2172 9766
2272 9916
2226 9966
3224 8900
3355 9028
2678 9257
3009 9635
2910 9533
3525 9126
4060 8628
3745 8401
2135 9760
2576 9319
2085 9823
2876 9539
3483 8987
3661 8396
3022 9546
2946 9481
2912 9710
3618 8365
2597 9386
2975 9487
3670 8391
3888 8609
2620 9391
2962 9479
2764 9300
3463 8993
3873 8583
3147 8930
2916 9679
2071 9915
2760 9318
2167 9944
2570 9381
2733 9218
3394 9210
3650 8441
2660 9439
3113 8936
2675 9397
2238 9849
2729 9315
2566 9419
3044 9524
2826 9694
3213 8794
2707 9284
2257 9736
3992 8514
4001 8573
3996 8572
2183 9832
2546 9986
2987 9561
2546 9984
3845 8694
3512 9037
3925 8616
3811 8222
3241 8788
3657 8375
3571 8948
3864 8223
2650 9554
3776 8649
2076 10000
2704 9605
2834 9224
3308 9206
3346 8759
3421 8827
4019 8340
2869 9241
3259 9103
3429 8784
2604 9498
2325 9773
3371 8727
2374 9851
4037 8443
2402 9821
3639 8567
3637 8565
3288 9116
3462 8898
3305 9132
3689 8486
3291 9108
2345 9848
3025 9348
2704 9674
3537 8845
3020 9389
3266 9121
2648 9534
2850 9290
3885 8257
3316 9114
3449 8715
3754 8669
3151 9009
2894 9264
2930 9458
3211 8963
3905 8392
3543 8797
3649 8654
2469 9780
3351 8833
2873 9391
3243 9020
3870 8327
3684 8701
3397 8929
3097 9150
4010 8195
3391 8852
3498 8709
3658 8677
2494 9738
2537 9821
3403 8958
2333 9889
2524 9824
3970 8265
3395 8846
3508 8827
4052 8197
3998 8268
3928 8333
3010 9240
2889 9364
4057 8249
3150 9135
3365 8903
2974 9341
3410 8886
4046 8232
3949 8326
3981 8289
2410 9862
3071 9234
3823 8449
3564 8706
2691 9588
3390 8905
2943 9350
3021 9270
4107 8202
5774 9868
5244 9343
5568 9668
4182 8272
5041 9120
5280 9395
5059 9175
4279 8354
4325 8435
4399 8505
4321 8438
4550 8657
5409 9529
5350 9469
4784 8875
5475 9597
5266 9394
4589 8655
5461 9587
4507 8626
5114 9173
4873 9016
5203 9314
5453 9599
5570 9719
5361 9414
4327 8415
5716 9836
5060 9211
4149 8311
4485 8646
4937 8975
5711 9735
5816 9973
4256 8430
4819 8833
5754 9774
4739 8917
5631 9637
4913 9067
4666 8807
4615 8793
5843 9906
5041 9171
5784 9978
5499 9502
5477 9475
5518 9700
4849 8859
5322 9376
4349 8337
4169 8228
5650 9853
4331 8345
5217 9238
5329 9382
4663 8781
4338 8335
5847 9812
4633 8861
5146 9374
4970 9196
4473 8702
5421 9638
5342 9299
4134 8360
4308 8282
5313 9297
5387 9626
5379 9617
5550 9532
6037 9987
5120 9372
4452 8698
4576 8574
4365 8621
5472 9669
4764 8762
4458 8642
4783 8710
6054 9995
4491 8486
4651 8837
5510 9513
5425 9601
5512 9530
4270 8210
4932 9092
5718 9875
4526 8553
5382 9676
5613 9505
5201 9375
4641 8943
5718 9861
5212 9353
5520 9542
4875 9168
4820 8714
5550 9551
5713 9907
5020 9081
5687 9936
4827 8753
5238 9371
5421 9692
4830 8748
4465 8582
4963 9115
4355 8699
5105 8968
4617 8949
5283 9311
4974 8815
5428 9265
5468 9303
5995 9830
4875 8708
5187 9559
4651 9020
5131 9491
4836 9157
5913 9789
5177 9491
4829 9207
5994 9799
4546 8431
6141 9939
5997 9794
6059 9882
4272 8581
5199 9592
4565 8426
5155 9571
4139 8554
4127 8540
4634 9040
5337 9623
5623 9400
5566 9455
5529 9412
5260 9682
5954 9756
5743 9997
4535 8403
6032 9975
4909 8773
5505 9451
6063 9921
5973 9764
4278 8647
5261 9721
5044 8898
4850 9102
5516 9459
4793 9023
4877 8834
5189 9686
4587 8319
4867 8853
5224 9714
6106 9798
5545 9270
4212 8660
4614 9126
4292 8557
4405 8350
4192 8652
5571 9330
4241 8485
5569 9337
5990 9947
4997 8760
4299 8564
5373 9538
5247 9662
4918 8949
5895 9922
4866 8900
4357 8396
5493 9407
4485 8285
4224 8537
4998 8806
5958 9892
4531 8278
6098 9780
5039 8773
5957 9902
4447 8364
5178 9678
4803 9015
5483 9374
4579 8213
4555 8241
5637 9223
4568 9180
4683 8259
4422 9036
4520 9125
4689 8286
4206 8831
5223 9843
4914 8487
4596 9187
6043 9603
5357 9972
5302 9900
6002 9577
5367 9963
4728 8294
5971 9548
4730 8281
4849 8404
5207 9840
4626 8230
5174 9730
5750 9283
5905 9510
5285 9886
6025 9652
6083 9725
5943 9480
5773 9420
4604 9151
4147 8823
6124 9636
5249 9929
5888 9547
4203 8742
4118 8770
4819 8325
5324 9882
4474 8999
6116 9600
4461 8970
5761 9449
4510 9203
4762 8439
4747 8443
4335 8861
5001 8698
4215 8717
4660 8266
4536 9159
4333 8809
5978 9675
4144 8867
4217 8941
4528 8997
5203 9930
5901 9622
5728 9470
4406 9110
4409 9112
4897 8580
5926 9612
4237 8742
4737 8236
4772 8212
4913 8577
5931 9622
4524 8979
4860 8253
5709 9353
4405 9200
4414 9206
4923 8689
4810 8216
4585 9018
5799 9328
5065 8467
5669 9413
4946 8629
4435 9147
4353 9195
4533 9055
4699 8373
4890 8683
4620 8446
4121 8938
4869 8688
4795 8269
5153 9942
4641 8415
5938 9676
5270 9833
6095 9423
4990 8316
4653 8509
5663 9485
4872 8208
4581 8959
5524 9871
4750 8618
5605 9935
5991 9290
5806 9600
5100 8405
4210 9036
5870 9681
6018 9409
4632 8540
5517 9928
4724 8511
5063 8331
5692 9584
6110 9360
4302 9088
4746 8666
5016 8394
6122 9400
6108 9358
5113 8353
4604 8870
4378 8774
5581 9897
4213 8991
4859 8586
4262 9171
4262 9168
5047 8399
4921 8256
4612 8568
5928 9303
4188 9182
4208 9203
4825 8538
4808 8524
5384 9869
5025 8228
4596 8801
6065 9255
4471 8943
4198 9212
5934 9395
5672 9655
4120 9144
5630 9818
4813 8552
5688 9629
5955 9444
4878 8361
5578 9826
4735 8663
6094 9317
5115 8277
4265 8966
6117 9302
4831 8555
5297 9988
4164 9202
5885 9540
6021 9273
5813 9589
5484 9900
6047 9310
5448 9867
5441 9858
5757 9657
4417 8838
5960 9359
4445 8843
4547 8728
4484 8802
5671 9679
5586 9784
5462 9916
4811 8480
5604 9743
4643 8653
5474 9875
4434 8870
4589 8729
5700 9649
5670 9681
5575 9790
5593 9762
5305 8378
6039 9106
4571 9682
4410 9526
5504 8589
5297 8383
5585 8670
5442 8530
5694 8751
4252 9354
5417 8501
4222 9315
5402 8453
5478 8518
4206 9292
4904 9996
5191 8303
6090 9190
5519 8610
4324 9429
4916 9990
5253 8369
4597 9666
4569 9697
4237 9399
4462 9557
5582 8590
5742 8750
4213 9268
6057 9187
4490 9664
5640 8772
5309 8433
4801 9868
4200 9254
4797 9971
4526 9722
5780 8908
4527 9712
4507 9721
5363 8343
4442 9535
5438 8539
4670 9817
5248 8424
5572 8623
5348 8331
5864 8856
4441 9519
4341 9347
5478 8476
5232 8204
4492 9713
4521 9512
5456 8658
4529 9525
5659 8863
4616 9869
5292 8231
4144 9406
5770 8729
5125 8342
4639 9866
4527 9529
5492 8684
4166 9438
4329 9332
4776 9736
4712 9931
6067 8987
4356 9640
4403 9630
4803 9836
5921 9102
5697 8944
4142 9373
5847 8815
5598 8551
4695 9962
4325 9252
6031 9037
4334 9258
5767 8771
5365 8252
5892 9160
5599 8460
5327 8217
4340 9261
5418 8689
6064 9043
4698 9919
4130 9418
5319 8238
5840 8764
5633 8942
4264 9307
5693 8907
6113 8985
4615 9981
5839 8757
5846 8749
5876 8713
5255 8582
5287 8613
5602 8416
4374 9235
4450 9322
4228 9612
4359 9228
5019 9879
5439 8241
4926 9776
5672 9011
5479 8312
5190 8551
5215 8571
4273 9624
5675 8960
4893 9774
4922 9737
5891 8758
4659 9993
4602 9414
5291 8596
4108 9548
5898 8779
5328 8595
5494 8248
5197 8477
4112 9537
5582 8351
5424 8294
5228 8503
4591 9393
4916 9812
4508 9456
4107 9594
5568 8372
4962 9750
4406 9293
5829 9147
5656 9063
5857 9059
4384 9378
5547 8239
5419 8366
6138 8829
5063 9806
5725 9170
6086 8777
4232 9500
4873 9884
5779 8965
5209 8641
4257 9528
6041 8707
5392 8330
5436 8352
4124 9602
4499 9267
6035 8754
4318 9599
4957 9983
5866 9033
4481 9261
5441 8428
4280 9481
5399 8357
5375 8523
5432 8333
5275 8493
5590 8301
5509 8251
5264 8528
4523 9323
6121 8747
6088 8709
5780 9029
5802 9086
5948 8935
4393 9462
5764 9061
6011 8858
5108 9751
5146 8697
4364 9444
4567 9275
4111 9698
5792 9045
5117 9738
5091 9703
5330 8919
4704 9320
5981 8533
4376 10000
4828 9426
5629 9202
5239 8804
5875 8427
5724 8262
4097 9756
5814 8361
5805 8329
5838 8423
5743 8261
5035 9627
5690 8194
4677 9340
5380 9022
5729 8225
6032 8659
5221 8738
5005 9670
6009 8501
4984 9514
5654 8260
5061 9623
4191 9740
6090 8604
6052 8691
5930 8573
5389 9069
4741 9454
4701 9267
6058 8667
5765 8436
4125 9832
4663 9294
4980 9485
4138 9808
5769 8437
5724 8409
5036 9510
4860 9335
5076 9541
6101 8516
5794 8240
5295 8762
5011 9478
5709 8407
5422 9140
6106 8513
5178 8869
5941 8618
5116 9564
5822 8221
5424 9110
6073 8464
5129 8864
5153 8845
5152 8844
4148 9881
6048 8461
5206 8953
4116 9895
4611 9398
4120 9894
4268 9838
4627 9425
5837 8199
5325 8734
5732 8368
4865 9689
5442 9118
5408 9213
4326 9735
6099 8502
5689 8412
6024 8559
4643 9419
4813 9276
5434 9161
5353 8735
4245 9839
5823 8259
4659 9422
4212 9867
5940 8245
5556 8882
5820 8624
5808 8637
4980 9337
4523 9914
5880 8685
6006 8288
5521 8841
5458 8776
5587 8905
5145 9019
4719 9545
4961 9291
4947 9336
6017 8367
5679 8448
5396 8740
4398 9759
5006 9402
6070 8332
5985 8285
4854 9673
5662 8543
5330 9104
4369 9810
4901 9325
5801 8672
5851 8585
4402 9825
4622 9560
6126 8374
5624 8865
4494 9937
5927 8256
4756 9726
5346 9097
4714 9473
4489 9959
5858 8595
4997 9463
5277 9193
4832 9620
5792 8661
4221 9989
5609 8850
6019 8445
5657 8601
5136 9106
4581 9837
4745 9477
5965 8412
4626 9606
5827 8534
4538 9772
5311 8997
4960 9471
5287 8971
5645 8609
5952 8429
4451 9934
5345 9041
5723 8686
5620 8771
4522 9746
5149 9124
6040 8229
5140 9172
4537 9851
4781 9583
5489 8882
5526 8784
4564 9752
4427 9863
4892 9426
5943 8417
5132 9179
5272 9039
5058 9240
4713 9651
5109 9256
5688 8664
4742 9568
5839 8488
5639 8686
5431 8924
5445 8884
4396 9946
4489 9854
5922 8410
5686 8652
5729 8603
6102 8237
5515 8823
5844 8489
5559 8778
7316 9367
7218 9278
6704 8765
6788 8853
6260 8303
7453 9474
7528 9546
7487 9498
7625 9702
6589 8594
6943 9007
7067 9131
7809 9904
6236 8301
7167 9165
7352 9355
7020 9051
7463 9502
7935 9920
7764 9750
6403 8512
7329 9445
7808 9926
7892 9885
7858 9977
6894 8866
6715 8822
7557 9672
7034 9012
7451 9556
6911 8879
6796 8926
7543 9508
7890 9857
7586 9718
7210 9334
6640 8594
6438 8517
7046 9189
7780 9730
7078 9166
7806 9748
7051 9185
6978 9001
7521 9482
6755 8719
7672 9621
7170 9324
6335 8394
6528 8697
7466 9556
7027 8972
6987 9164
6276 8206
6612 8538
6501 8692
7843 9777
6217 8431
6157 8362
7007 9197
6149 8371
7206 9370
6361 8292
7236 9349
6731 8841
7785 9889
7187 9434
7862 9853
6763 8871
6544 8542
7073 9073
6616 8456
7902 9739
7659 9532
7285 9378
6172 8384
6574 8563
6889 8758
7110 8998
8162 9987
7684 9957
6227 8368
6211 8359
6851 8746
6756 8852
6838 8775
6685 8939
7691 9971
6306 8283
7711 9958
7438 9231
7632 9425
6506 8297
7355 9663
7652 9442
7238 9549
7458 9257
6745 9032
7290 9569
7558 9370
6865 9201
6885 9156
7212 9486
6993 8818
6192 8468
7655 9410
7376 9718
6201 8478
6683 9009
6880 9163
6705 8986
7008 8780
7015 8778
7986 9757
7317 9658
6948 8725
7075 8855
7336 9628
8097 9878
6148 8508
6985 8819
6940 8798
7071 8923
7012 8738
7750 9985
6263 8506
8128 9872
6741 8964
7347 9707
8088 9925
8151 9864
7973 9799
6840 9181
6357 8639
7359 9684
7526 9226
8091 9972
7626 9404
7239 9520
6212 8508
7535 9237
6256 8463
6772 9205
7975 9890
7936 9870
6226 8668
6313 8507
6208 8664
7301 9508
6889 9035
7357 9499
8010 9952
7638 9341
6314 8452
6782 9165
6291 8484
6670 9142
6469 8447
6387 8527
6193 8588
6362 8548
6598 8313
7433 9416
6221 8584
6776 9138
7123 8728
7952 9950
8151 9733
8116 9831
6176 8692
6942 8902
7100 8805
6313 8520
6976 8868
6321 8532
7129 8767
7358 9561
7222 9695
8041 9862
7994 9932
7129 8751
6540 8308
6336 8505
6418 8425
7420 9474
7140 8676
7417 9978
7990 9522
7266 9834
6522 9072
6498 9068
7434 9988
7760 9310
6555 9099
6641 9185
7230 9775
6650 9199
6308 8883
6292 8844
7847 9404
6353 8909
7395 9983
6944 8509
7332 9913
6991 8529
7418 9951
6210 8808
6972 8464
7064 8616
6247 8787
7849 9375
7083 8605
7025 8521
8019 9577
6654 9157
6671 8244
7388 9955
7959 9559
7796 9265
8111 9700
7934 9394
6778 8244
6509 8994
6888 8359
7872 9363
6566 9200
7307 9949
6461 9066
7386 9858
6745 8196
6699 8308
7409 9873
6579 9169
6460 9044
7314 9977
7232 9773
8044 9473
6951 8530
7744 9269
7384 9888
6385 8847
6562 9002
7199 9876
6899 8291
7076 8496
6449 9127
8155 9595
8075 9515
7403 9805
7795 9428
6447 9094
6675 8380
7965 9644
7090 8448
6863 8317
7154 8513
6385 8777
7337 9747
6919 8635
6286 8755
6238 8929
6453 9098
6973 8703
8108 9597
8017 9602
6841 8300
6482 9092
6454 9196
8034 9662
7225 9956
7009 8639
6652 8989
7411 9755
6191 8899
7799 9371
6182 8915
8114 9541
8174 9490
6674 8428
7880 9271
6984 8264
8126 9407
7437 9742
7775 9558
6843 8631
6253 9059
7753 9543
6380 9186
6159 8991
6437 8756
8082 9344
7861 9645
6818 8581
8007 9324
7769 9590
7703 9509
7053 8382
6845 8587
6174 9000
6548 8878
6205 8966
6734 8562
7658 9940
7672 9927
6792 8650
7931 9656
7931 9663
6894 8617
6752 8497
6679 8515
6573 8945
7137 8382
6605 8876
7641 9912
7787 9482
6909 8593
6237 9004
7866 9677
8071 9464
6542 8719
6198 9138
7534 9962
8114 9278
8005 9428
7609 9771
7770 9673
6241 9207
6548 8718
7615 9760
6331 8986
6223 9197
7582 9788
6244 9153
6444 8842
6434 8836
6908 8535
6789 8490
7048 8254
6543 8756
8186 9281
6546 8745
6655 8769
7711 9693
6754 8615
7915 9518
6324 9074
6696 8687
6823 8558
8110 9319
6740 8606
7671 9786
7569 9823
7976 9468
6371 9013
6652 8740
6722 8603
6606 8724
8094 9284
6388 9006
6518 8877
7147 8240
6299 9031
6728 8599
7957 9463
7001 8378
6626 8705
7473 9943
7132 8245
6524 8849
6922 8420
7496 9912
6422 8933
8050 9345
6646 8704
6852 8499
7807 9608
6308 9052
7105 8248
6351 9012
6799 8560
7359 8379
6663 9728
7454 8469
7295 8306
6633 9712
6665 9747
7999 8995
6599 9701
6189 9230
7282 8276
7261 8309
7203 8203
7679 8663
7444 8510
7785 8775
7776 8783
6223 9343
6320 9346
8095 9132
7598 8602
7564 8633
7618 8693
7314 8366
6290 9390
8011 8969
6659 9793
7667 8631
6302 9431
6701 9825
8189 9136
7002 9992
6651 9647
6348 9368
6880 9909
6806 9920
7661 8626
6721 9763
7875 8874
6667 9829
8090 9194
7497 8507
6541 9727
8154 9133
6409 9587
6611 9647
6181 9304
6426 9575
7237 8251
6216 9416
7680 8839
7321 8201
7616 8529
6716 9901
6276 9254
7847 8704
7833 8757
7719 8855
7819 8761
6224 9450
6681 9890
7335 8218
6195 9457
6431 9690
6274 9294
7912 8741
6653 9522
7773 8840
6763 9917
6851 9749
7126 9984
6858 9746
8077 9047
7982 9204
7286 8365
6670 9938
6389 9259
7185 8432
6566 9543
6202 9427
6734 9892
8176 8990
8161 8974
6280 9336
6408 9723
7515 8612
7548 8318
6480 9299
7204 8481
6988 9801
8021 8796
7723 8993
6563 9384
6406 9226
6311 9653
7548 8296
6326 9633
7751 9050
6632 9423
7383 8701
8112 8835
6975 9740
8044 8799
7125 9953
6608 9448
6618 9443
8037 8796
7889 9194
6236 9569
6310 9624
7164 9923
7699 9004
7100 9982
6631 9389
7992 8818
6198 9594
8046 8737
7397 8629
6194 9568
6220 9503
7691 9055
7374 8597
6412 9298
6177 9536
7815 9188
7407 8586
7092 9948
8061 8725
7113 9888
7181 8545
8173 8860
7057 9957
6499 9243
7413 8591
7875 9149
7420 8578
7488 8387
7511 8404
6357 9552
6947 9893
6578 9272
6376 9573
7771 9161
7172 8593
6341 9555
6304 9528
7844 9021
8017 8907
7702 9099
7440 8370
7362 8544
7286 8656
7304 8494
6819 9989
8027 8946
7797 9180
7671 8282
7676 8274
7256 8680
7888 9060
7648 8276
7736 9093
7334 8548
7997 8954
6375 9516
8008 8836
7318 8536
6642 9250
7688 9179
7338 8569
7451 8399
7229 8677
7115 9745
6428 9415
8146 8713
7273 8584
7814 9063
6147 9697
7369 8493
7930 8978
6305 9555
7093 9798
7582 8292
8107 8619
6803 9369
6673 9245
7754 8286
7461 9010
6362 9921
6973 9504
7877 8408
7457 9022
7916 8398
7385 8957
7153 9689
8082 8636
7514 9077
7223 8707
7121 9704
7393 8920
6999 9581
6716 9222
6192 9842
7249 8723
7500 8969
7402 8876
8109 8683
7428 9027
6800 9436
6263 9762
7317 8911
6723 9247
7481 9060
6196 9835
6367 9915
7349 8922
7275 8730
6884 9366
7673 9100
6217 9788
6831 9430
7158 9610
7175 8826
7319 8722
7080 9507
7572 8984
6783 9457
8188 8552
7336 8752
7437 9109
8148 8525
7095 9517
6253 9970
6765 9421
7820 8232
7107 9573
6345 9827
7474 9090
6915 9655
7408 8772
7946 8638
7707 8367
7969 8597
6804 9250
6976 9719
6777 9411
6825 9239
6758 9383
7196 8918
7234 8850
8138 8479
7845 8306
7665 9002
7320 8774
8049 8599
6764 9355
7497 9123
6949 9678
7884 8255
7580 9065
8123 8526
6317 9819
6699 9437
7868 8263
7986 8243
8023 8274
6631 9967
7625 8901
7367 9163
6615 9947
7654 8939
6956 9249
6913 9236
8016 8265
7686 8476
6622 9925
6989 9298
7252 9035
6612 9974
7459 8712
6929 9279
7344 9119
7267 9040
7255 9058
6665 9521
6658 9531
7379 9198
6864 9710
6970 9221
6795 9652
6910 9654
7308 9158
7892 8600
7533 8736
7478 8825
6896 9632
8072 8409
6694 9586
6497 9785
7633 8843
7024 9260
7207 9081
8067 8413
7193 9030
7205 9029
7108 9380
7821 8675
7441 8801
7959 8293
7669 8832
7777 8473
7562 8951
6723 9667
8045 8429
8136 8258
7539 8953
6638 9826
7333 9003
6793 9479
6625 9840
6656 9617
8109 8255
7299 8976
6717 9641
7567 8730
7871 8479
7328 8960
7013 9411
7576 8754
6304 9996
7148 9282
6742 9702
7356 8970
7748 8691
6409 9905
6954 9361
7371 9078
7805 8637
7813 8519
7041 9285
7405 8996
7160 9266
6726 9613
6685 9677
7330 9074
7084 9338
7958 8392
7987 8407
7517 8885
6688 9675
6675 9724
7184 9184
7994 8386
7788 8598
8056 8327
