1000 1000
16 17
148 149
685 687
96 98
104 107
33 37
150 158
215 223
740 749
915 922
87 94
34 43
917 927
438 445
738 750
418 428
838 840
645 650
591 603
524 538
106 124
193 214
134 159
301 311
129 154
75 80
679 699
270 275
357 376
704 736
263 294
909 940
70 100
852 880
585 620
515 555
256 297
385 429
907 933
29 51
218 244
837 875
579 621
512 559
399 416
393 441
323 370
858 872
136 186
722 737
543 556
414 427
341 355
912 935
145 166
982 993
587 636
197 253
279 300
475 480
399 435
531 558
411 422
518 568
665 679
88 103
769 832
811 872
821 886
535 596
553 618
521 589
655 715
664 733
147 213
640 712
773 845
546 619
822 893
319 372
55 122
292 363
432 487
55 96
952 992
34 122
274 330
826 865
923 967
798 833
431 463
29 124
296 329
291 321
287 379
700 730
423 448
175 198
59 82
388 493
167 205
936 964
402 511
786 892
177 222
144 255
534 614
259 371
49 66
295 340
417 469
558 603
649 767
831 841
695 705
540 618
957 970
52 77
289 349
21 104
273 366
866 994
376 507
861 990
817 949
382 507
364 491
1 134
635 755
379 498
633 752
107 226
77 199
593 731
59 183
528 669
66 204
625 767
350 464
562 701
263 407
32 177
62 172
382 491
279 386
602 719
784 902
776 927
4 156
536 642
540 646
302 437
853 974
854 973
125 224
5 155
598 713
871 967
375 471
525 686
580 743
118 210
619 719
18 181
542 697
316 404
92 245
360 450
9 162
576 747
324 490
72 231
561 670
114 221
598 761
16 161
512 690
569 653
772 944
527 698
373 451
68 243
862 998
31 167
822 911
65 248
554 659
582 764
571 641
377 450
365 470
344 487
314 389
23 215
541 732
593 659
30 218
791 977
366 425
577 648
60 240
101 169
836 904
41 228
778 965
21 197
369 416
331 409
771 976
302 506
301 505
848 901
285 459
621 699
532 707
530 709
314 482
826 995
345 384
2 217
885 942
116 168
892 929
274 460
270 465
305 494
123 164
808 968
81 176
321 423
313 479
541 763
19 250
574 727
833 941
256 492
573 723
299 452
356 395
519 758
73 187
801 979
284 495
372 384
281 481
630 654
17 235
856 931
74 182
611 671
79 178
549 730
219 475
613 868
728 986
548 806
253 511
190 443
688 951
185 446
1 262
53 317
661 925
529 795
604 848
132 392
76 323
631 888
117 357
717 989
702 942
548 821
204 478
93 329
615 895
616 881
44 310
233 499
63 293
128 412
686 947
628 874
143 401
517 794
595 844
11 299
656 949
586 876
757 978
4 291
101 322
583 879
120 337
234 454
590 866
84 377
190 400
222 497
49 257
45 285
698 907
254 459
675 923
188 388
209 488
171 402
7 317
615 859
597 873
119 330
623 849
113 334
704 896
514 834
577 769
47 365
201 394
744 940
3 326
584 781
737 934
145 476
565 891
588 771
169 486
149 452
250 427
607 782
608 819
132 466
56 367
62 359
517 860
526 855
85 268
629 814
651 983
174 498
239 434
634 807
557 883
515 867
157 509
557 844
182 469
732 959
172 457
722 948
143 489
749 903
97 269
636 785
248 406
533 891
522 868
685 962
726 953
15 383
150 486
716 956
237 415
244 390
537 877
141 505
756 897
637 779
529 870
225 409
115 267
191 455
546 857
751 916
216 420
2 380
9 393
39 421
214 341
533 918
567 947
119 499
645 768
243 374
641 777
168 288
89 464
152 273
620 997
592 986
26 401
63 433
713 839
644 778
745 870
51 419
94 458
552 959
599 975
187 290
195 346
232 370
67 473
86 461
748 881
578 988
38 440
550 953
652 812
523 939
740 838
610 961
99 448
684 783
98 449
230 335
560 921
538 951
697 788
650 804
707 882
696 777
194 368
225 338
211 352
609 981
39 403
58 398
210 358
40 413
95 485
514 952
693 776
553 916
212 361
668 803
212 277
766 828
202 265
41 490
651 847
199 257
90 412
82 404
118 432
757 818
610 933
680 879
590 905
171 354
217 274
602 919
18 477
173 354
219 267
12 478
734 780
671 842
24 463
714 797
702 873
521 978
121 421
683 887
739 829
112 430
141 339
689 849
60 477
748 781
762 792
684 846
165 327
691 853
135 353
735 825
213 307
596 946
721 827
582 941
705 810
69 430
727 827
200 293
572 979
735 815
711 823
567 966
140 383
164 336
667 878
165 336
578 954
160 347
102 410
724 809
624 910
625 910
261 775
395 905
57 570
91 607
453 960
220 731
148 668
48 569
47 550
476 982
14 516
207 709
180 696
351 851
474 983
58 564
488 998
453 971
252 754
64 591
397 898
245 741
262 789
10 537
26 526
137 669
288 820
264 797
115 612
228 765
283 768
429 950
106 630
368 876
79 594
126 606
359 835
75 623
160 644
85 627
108 586
249 734
260 812
71 622
45 518
271 804
308 792
50 543
139 678
206 766
466 994
472 1000
236 733
240 706
424 924
196 752
208 742
426 924
241 710
44 532
436 909
36 542
394 944
173 663
338 878
300 784
500 968
325 890
276 852
37 613
12 589
344 793
280 857
57 635
6 581
28 601
322 775
315 893
508 954
485 931
206 648
258 836
260 835
247 688
403 980
306 885
332 774
378 817
53 638
157 720
362 805
502 934
458 922
320 787
325 799
501 943
502 938
289 895
54 616
309 874
224 703
11 617
153 763
440 988
211 695
56 605
473 956
252 665
493 906
72 544
492 900
223 694
203 672
265 869
280 884
294 842
183 728
303 863
52 581
227 657
342 805
337 802
8 637
343 802
484 914
264 880
268 884
251 642
342 815
467 937
126 516
80 555
69 574
446 962
32 605
78 563
174 723
497 911
434 818
116 756
456 841
503 886
468 854
201 587
108 745
278 913
438 829
13 646
238 609
431 830
81 706
109 761
112 743
105 753
501 877
31 647
483 889
331 976
287 900
462 850
83 718
441 806
10 661
428 780
480 832
83 759
422 770
362 972
50 660
139 547
154 563
159 566
70 751
179 536
24 691
462 869
335 995
408 820
353 972
35 654
123 725
437 794
389 810
367 991
408 809
445 783
68 758
205 639
468 871
192 627
87 739
153 556
439 770
64 760
216 608
136 560
220 612
449 889
234 599
400 814
443 773
391 824
272 943
318 897
100 677
8 714
284 990
355 928
90 670
414 858
277 977
176 629
387 843
406 862
251 562
137 579
246 572
346 913
192 523
405 856
239 544
467 796
333 898
105 678
509 813
276 966
95 653
130 592
20 711
266 985
272 963
189 617
360 958
43 765
352 950
89 640
120 673
275 969
110 692
373 936
22 712
283 965
117 682
308 980
386 864
266 1000
242 528
46 717
226 513
298 974
418 839
343 946
76 682
23 753
424 847
356 908
61 725
19 762
340 957
40 708
33 716
151 632
180 580
457 824
278 999
484 790
307 960
207 571
381 904
14 760
483 789
298 989
200 575
111 663
88 674
114 649
175 595
28 736
390 888
348 606
128 899
349 601
313 573
152 925
203 973
91 861
460 708
258 522
472 720
189 948
208 987
166 938
420 680
410 662
332 604
78 860
433 675
290 561
129 914
442 681
397 666
3 788
426 690
392 658
54 813
130 926
297 565
350 638
282 570
36 772
131 929
135 932
113 850
97 837
281 575
163 901
324 611
241 985
202 992
71 875
292 520
311 539
348 626
25 823
447 656
111 863
140 958
127 845
316 527
312 524
22 803
381 584
318 520
7 831
479 741
482 729
231 987
411 677
327 519
229 932
35 864
142 970
496 692
93 795
447 759
238 935
305 632
444 754
65 782
282 597
235 955
179 993
481 693
371 551
471 643
375 547
138 991
247 930
194 919
451 660
286 585
146 971
461 662
103 828
407 715
156 961
125 800
221 899
312 600
295 583
413 764
436 726
170 969
504 667
398 746
444 729
232 896
496 664
510 658
326 552
92 819
15 894
347 554
361 539
249 906
495 666
146 996
465 681
110 791
193 955
269 631
191 963
185 964
328 566
147 787
319 700
38 930
419 551
46 937
510 633
358 750
25 915
351 724
181 825
304 703
178 800
20 903
369 738
474 588
61 939
127 999
209 840
42 945
304 683
138 790
131 799
155 774
27 902
306 687
109 975
186 793
198 867
439 530
259 676
333 746
261 674
48 920
396 549
296 643
230 843
374 710
345 744
5 945
315 652
417 534
363 721
133 830
456 628
162 798
233 855
286 673
142 846
86 918
27 984
144 851
303 747
184 894
489 559
246 816
195 779
227 811
184 882
170 865
378 689
67 908
320 655
310 742
455 535
364 701
6 981
74 926
339 647
196 785
494 568
73 912
254 807
163 890
242 808
506 545
330 657
380 672
236 816
508 545
133 859
255 801
121 920
435 594
442 600
151 883
503 531
13 997
158 887
425 576
334 676
415 626
385 622
42 984
454 564
405 614
396 639
84 928
504 525
500 513
99 917
391 624
387 634
229 796
30 996
309 718
271 755
188 834
328 694
237 786
102 921
