100 99
18 19
90 91
25 26
97 100
81 86
85 92
17 29
6 10
37 40
52 58
15 31
34 48
79 93
11 24
47 60
65 82
77 89
13 24
75 94
36 49
36 51
69 82
74 83
34 59
42 54
41 55
70 88
28 62
27 56
30 58
5 32
4 33
11 45
12 37
6 47
23 61
22 61
10 33
4 42
29 44
20 39
3 48
12 63
1 55
3 53
28 38
21 40
2 60
95 96
35 98
38 100
2 64
20 87
16 83
9 74
14 77
19 87
13 72
15 73
7 64
8 65
14 69
5 75
26 84
46 96
22 70
31 76
54 99
1 86
16 71
9 94
7 80
27 66
23 78
18 72
25 67
57 98
21 73
57 88
50 80
39 68
44 79
59 92
51 91
43 67
63 84
50 89
41 71
45 66
62 81
53 90
35 76
52 68
17 99
46 93
43 95
32 85
30 97
49 78
