100 99
36 38
44 47
65 66
69 70
59 63
42 46
19 22
25 28
10 12
3 4
51 52
34 37
20 28
18 27
4 8
6 11
82 93
9 27
67 87
1 23
38 48
72 94
15 25
79 88
8 17
77 84
35 57
64 90
10 17
35 63
68 91
2 33
18 55
9 44
24 61
29 56
70 96
24 48
72 100
26 53
19 33
14 60
16 36
29 43
12 59
89 99
2 57
3 61
13 51
34 96
7 69
37 97
15 71
42 98
30 87
22 92
7 76
5 75
14 65
6 84
11 94
49 100
30 73
21 66
58 98
23 78
31 67
16 77
13 80
5 88
1 95
26 68
53 86
46 74
50 85
55 95
62 86
39 78
52 93
54 91
62 83
60 81
39 73
32 79
49 64
58 75
40 90
47 92
45 89
21 97
56 76
50 71
32 85
20 99
41 81
40 82
41 83
54 74
45 80
