100 100
69 71
80 83
24 28
64 68
51 55
48 53
16 21
33 39
75 77
32 38
41 46
81 88
33 43
22 26
17 29
53 56
70 73
78 95
46 63
67 80
70 82
10 31
79 87
9 16
67 89
41 50
1 28
36 57
75 86
29 61
10 43
3 34
30 61
18 54
27 62
22 49
2 37
13 37
24 49
12 32
1 47
11 36
26 42
15 60
4 55
25 47
91 99
25 35
7 60
8 52
7 57
19 44
12 77
30 92
21 87
39 100
6 69
27 93
45 100
20 94
15 68
45 97
4 74
23 89
2 76
5 93
13 85
58 99
17 72
5 92
59 98
18 72
14 82
3 95
6 90
23 74
8 85
31 65
14 81
63 90
42 79
56 94
50 84
51 84
52 83
38 78
40 65
35 73
11 97
9 98
40 88
48 64
19 96
20 96
54 66
59 76
58 66
34 91
62 71
44 86
