10000 10000
4438 4439
9080 9083
536 540
4691 4695
3489 3492
1259 1261
640 648
3856 3865
5410 5419
3621 3631
2615 2620
4213 4217
7441 7453
6819 6830
3828 3833
7559 7560
4737 4750
3008 3027
5797 5809
1152 1173
1381 1405
8353 8376
7296 7322
7878 7900
2659 2680
4106 4119
3211 3222
291 317
9133 9138
9820 9852
8975 9006
9821 9852
7616 7650
4822 4852
4614 4644
6535 6564
6736 6773
7623 7649
2072 2110
264 289
9226 9248
8838 8877
7297 7338
6656 6701
9859 9902
1949 1970
6210 6258
3661 3709
1671 1718
8605 8620
4814 4863
2256 2275
2247 2291
3166 3179
2391 2402
8586 8636
3343 3385
3654 3697
2891 2940
973 1018
3712 3768
3935 3942
6106 6115
3036 3040
1166 1200
3013 3067
9664 9727
1696 1761
300 365
5411 5473
4770 4838
3609 3677
6587 6654
6919 6978
9247 9306
5380 5443
5940 6012
7727 7782
3132 3189
1825 1899
3635 3704
1711 1764
5807 5860
1716 1784
2833 2881
7359 7404
791 836
8340 8384
7727 7802
29 75
5254 5328
1552 1607
7468 7540
6546 6602
7303 7390
2603 2674
7820 7894
818 872
2322 2377
5248 5340
7472 7533
6056 6133
8976 9038
3606 3657
6843 6872
6415 6507
5430 5459
7181 7272
7960 8061
3006 3032
2957 3050
4496 4599
7828 7932
7223 7262
2212 2255
9112 9205
9600 9710
6785 6894
3592 3704
2596 2645
3882 3928
8470 8546
3482 3567
2064 2149
5276 5354
6316 6362
9512 9567
3476 3565
6811 6882
8754 8776
8991 9061
9271 9292
9396 9416
6824 6869
5429 5448
1567 1633
2454 2537
7979 8106
3627 3753
7036 7167
1890 2017
9559 9683
7178 7310
9817 9948
6661 6787
1309 1428
2652 2774
3130 3249
74 193
6715 6839
2055 2187
2400 2541
2828 2946
2650 2763
353 500
5961 6108
7526 7678
4701 4805
5432 5539
9321 9461
268 400
6977 7133
5956 6105
8043 8180
4467 4588
2312 2455
871 966
6003 6097
3356 3519
5442 5601
3951 4042
6431 6585
2141 2298
1836 1931
6921 7086
7702 7870
9554 9722
3391 3479
3616 3720
6475 6625
3142 3308
1555 1720
8284 8432
3428 3528
8829 8912
9283 9454
5756 5841
6230 6392
3108 3211
4218 4309
346 490
343 486
1082 1163
6459 6538
6208 6389
8484 8593
2629 2803
7282 7365
2100 2179
3957 4045
6656 6841
3173 3292
1652 1741
7279 7382
294 415
6934 7085
4133 4254
2318 2482
892 961
9762 9887
7957 8149
1113 1180
3441 3511
7470 7656
285 474
9497 9680
2092 2277
3886 4071
6742 6812
7991 8185
5640 5848
2409 2488
9258 9467
87 132
8535 8579
3351 3522
3911 3985
1553 1734
6917 7122
9288 9361
3431 3518
3843 4056
9333 9387
1849 2023
9295 9360
9817 9862
6432 6655
3653 3749
2594 2754
9032 9131
1049 1274
4171 4271
6779 6812
4696 4784
7984 8152
7469 7623
1081 1235
5401 5618
2158 2181
1037 1249
9312 9357
8483 8654
1566 1777
3392 3503
8022 8121
2607 2752
4152 4297
8291 8338
4700 4781
9228 9471
4612 4855
7755 7868
8025 8097
7753 7857
7744 7864
8509 8644
6003 6024
2099 2255
5481 5527
1348 1466
3594 3850
9310 9566
3293 3549
4135 4389
2745 3002
6195 6448
594 854
8368 8629
5705 5967
640 902
1716 1970
4281 4542
8272 8537
3780 4045
2581 2846
5738 5985
6158 6405
5275 5527
9285 9545
5322 5575
3204 3467
653 898
703 944
1074 1314
7801 8041
7844 8117
5746 5987
237 508
204 478
3664 3907
69 339
8244 8482
4333 4597
4665 4899
5135 5396
4690 4942
4139 4407
8882 9135
4172 4435
2162 2387
9391 9614
4135 4357
1260 1486
2648 2939
6238 6525
8215 8499
2625 2917
6666 6958
1669 1955
4758 5054
4696 4977
6879 7157
116 351
4152 4371
3165 3446
8916 9215
9346 9644
6225 6527
665 951
138 421
7766 8036
6684 6959
2131 2407
3755 3999
3138 3446
2075 2350
8734 9003
4323 4569
4634 4897
5361 5581
11 311
202 503
3658 3956
2190 2481
5356 5587
6767 6959
7784 7980
4099 4422
5208 5406
669 977
3590 3912
4832 5038
6179 6508
5805 6143
5812 6112
31 330
2659 2869
2128 2310
2736 3048
2793 2993
696 994
8341 8655
6890 7089
6781 6950
6888 7093
3115 3444
3609 3910
2213 2554
6678 7028
8949 9110
8 363
2113 2338
2780 3007
7744 7972
7886 8105
5685 5983
5687 5981
8813 8961
8225 8529
2641 2849
2706 3042
1196 1501
6669 7039
217 426
71 308
1557 1894
2693 3062
740 912
4707 4886
5683 5958
6156 6518
6738 6952
1560 1891
5702 5946
1661 1792
2156 2321
6843 7109
3830 3958
6283 6410
3117 3503
6370 6496
7856 7987
8332 8463
3786 3919
4338 4469
5880 6001
6274 6408
7792 8188
624 1021
5682 6076
171 292
9376 9521
1139 1505
4279 4387
4315 4430
8315 8686
8926 9035
9465 9583
4718 5113
1103 1496
7214 7606
8761 9124
101 504
1579 1972
6328 6439
4663 5015
555 907
5343 5503
7396 7492
8212 8629
8929 9026
28 447
542 954
539 958
3767 3857
120 479
4106 4514
181 284
5194 5600
5877 5977
7174 7594
8278 8699
645 808
4767 4913
6298 6453
9427 9575
170 287
2098 2439
676 787
1636 2013
6373 6492
3712 3898
7683 8121
2669 3024
4248 4390
6172 6562
5332 5483
6780 7107
3690 4053
5255 5447
6365 6431
93 414
5724 6047
8725 9174
2275 2343
4671 5115
4247 4433
3602 4052
108 426
2194 2388
2702 2884
4848 4922
2652 2967
9252 9711
3740 3920
9374 9552
9221 9674
8768 9105
538 971
2250 2331
1152 1361
2115 2449
8268 8607
7242 7577
7838 8010
8351 8521
8296 8624
6197 6637
7318 7500
6664 7123
25 450
6357 6409
5809 5996
2274 2367
1751 1801
121 423
2252 2322
7273 7561
4180 4532
9335 9622
130 356
5728 6023
2794 2818
3251 3416
6729 7077
4824 4918
8890 9044
4126 4593
1273 1289
1605 1973
3220 3428
6307 6483
9299 9634
252 270
8411 8489
8858 9064
5291 5465
7831 8034
5261 5499
163 341
8882 9033
6793 7029
5807 5971
1713 1868
3717 3960
4683 5046
529 1004
8585 9096
4495 5004
5426 5937
5226 5743
5361 5879
8369 8887
6652 7162
6551 7057
7661 8165
1063 1582
2059 2560
3132 3632
5309 5808
5382 5899
4380 4883
4167 4680
3366 3881
5464 5960
6418 6915
3419 3912
7263 7755
7668 8160
1454 1979
2289 2791
2271 2761
6534 7071
1215 1702
7318 7823
7243 7762
5573 6108
1100 1616
3112 3636
5614 6130
5184 5726
4595 5101
8355 8893
232 759
8253 8733
8435 8914
6526 7004
1493 2032
6611 7163
7527 8015
294 780
7298 7848
7396 7886
3082 3616
5198 5733
4598 5082
4585 5060
6611 7165
5188 5738
1250 1740
3091 3644
3431 3927
1098 1658
6470 7030
3554 4050
1128 1624
9264 9729
8495 8990
7457 7955
116 577
2173 2635
151 673
7269 7762
6187 6675
1424 1961
8216 8738
2512 3052
2367 2818
2365 2941
5558 6135
4151 4725
4523 5096
7450 8031
7392 7846
5537 6118
5440 5895
2357 2930
176 760
4257 4841
1243 1682
6180 6767
7173 7758
2217 2789
3144 3588
5623 6075
5408 5997
7208 7783
1299 1884
2074 2634
214 644
7608 8171
7330 7921
7371 7839
7637 8064
6502 6961
6420 6990
4522 5105
2313 2900
4196 4665
6569 7159
3552 4031
3570 4013
1211 1764
5618 6032
7201 7747
4113 4723
3557 3969
6190 6730
5381 5984
3450 3871
7617 8102
6252 6660
5256 5857
8577 9192
5311 5845
6193 6747
8246 8797
2240 2731
3269 3758
16 635
5191 5673
5292 5855
9396 9920
2160 2565
1025 1655
4161 4662
1126 1566
81 552
4129 4699
6237 6695
5470 5925
5423 5971
6294 6888
1322 1876
1060 1627
8316 8707
7357 7874
5609 5993
393 777
7442 8082
3483 3867
8407 8790
1230 1615
7207 7845
4148 4791
2224 2614
2339 2980
3078 3713
7451 8083
3093 3740
4422 5068
4121 4754
9268 9919
6505 7143
2317 2947
1128 1784
150 519
4253 4623
8609 9011
7240 7898
7192 7818
5160 5820
3380 4000
5215 5835
6224 6856
3188 3821
8356 8766
2482 2857
1169 1546
6313 6706
8223 8835
6318 6707
4409 5028
2253 2640
9391 9740
7236 7905
7284 7891
153 561
8499 9115
5221 5839
3232 3595
5611 5959
375 987
6274 6703
8703 9042
203 613
7652 8010
5311 5647
1252 1621
4202 4824
336 996
8330 8767
6302 6697
4501 4898
8281 8928
5631 5958
1395 1993
8308 8905
7428 8122
9317 9947
1356 2035
5385 6089
1072 1776
9667 9987
5377 6081
4164 4741
262 964
1079 1780
6273 6722
3425 4005
8685 9000
2181 2624
8603 9041
8523 9095
7527 8106
1412 1866
1043 1731
1264 1568
3129 3817
3427 4016
8494 9213
6347 6687
7594 8062
9316 9905
2519 2816
4192 4791
6572 7028
327 925
6634 6960
8278 8842
187 615
9363 9807
8239 8945
3337 4073
4539 4955
2283 2569
8232 8906
1178 1656
6241 6786
9423 9772
6576 6996
6272 6756
7548 8090
2421 2963
1507 1801
7468 8135
8626 9054
2528 2830
8613 9045
8528 9122
6558 7020
2457 2924
151 610
5538 5972
3185 3719
8326 8816
361 913
2489 2883
1406 1925
3575 3852
5433 6084
7677 7936
7626 7988
8470 9192
9355 9844
5513 5769
9716 9973
5398 5655
2150 2916
7614 7868
496 754
497 754
8346 9118
6248 7020
5600 5862
7292 8059
4555 4812
2442 2701
4429 4676
4491 4738
2448 2713
2386 2649
8519 8780
8467 8728
6460 6705
1231 1985
9677 9923
5224 5991
219 980
3138 3917
2492 2733
376 618
5430 5669
6632 6907
7197 7945
1528 1760
6436 6718
1115 1863
1168 1933
9631 9918
1269 2007
4435 4727
7420 8152
6254 6987
7260 8058
3332 3628
6303 7094
9489 9784
5485 5703
2172 2902
1135 1860
5126 5930
8437 9177
2384 2684
189 912
341 634
1481 1785
5528 5800
9491 9761
3224 4010
2182 2996
6529 6835
7209 7965
4563 4839
5595 5871
207 1019
4140 4888
6155 6973
6359 7149
7574 7852
6506 6737
1468 1664
3354 3622
8516 8825
8640 8833
8418 9123
6489 6683
277 598
7321 8156
7348 8178
3174 3872
7409 8118
4362 4685
2143 2839
4356 4684
8395 9089
2334 2644
4139 4961
7477 7807
5336 6038
4203 4900
6537 6873
9625 9929
8611 8945
8612 8950
5586 5760
2536 2746
127 813
2504 2715
3131 3944
7284 7969
1037 1880
5433 5743
7629 7828
6398 7079
3424 3643
8344 9155
2378 2583
1243 1925
1108 1802
5318 6041
5203 5900
5238 5929
6580 6871
8680 8843
5233 5909
1360 1588
6314 7105
4417 4650
6564 6857
7343 8128
4589 4764
6450 6720
5293 6110
2526 2730
1063 1875
8641 8885
9630 9963
3135 3914
2213 3024
1087 1866
8556 8730
186 972
258 628
2327 2657
5222 5904
5253 6141
388 764
5628 5765
8405 9132
9547 9778
7576 7906
68 824
1214 1986
2234 3012
4361 4726
8440 9081
4538 4664
4299 4937
1467 1592
3307 3944
6443 6831
305 692
3454 3832
404 530
7231 8119
7489 7881
329 705
8687 8807
7624 7747
1211 1840
5265 5914
5244 6129
8204 9116
1088 2001
5273 5901
3331 3735
2111 2986
2163 3044
2421 2786
7298 7962
5176 6049
6550 6671
4235 4882
7475 7850
4442 4801
8430 9074
4286 4896
5412 5819
5576 5736
26 954
7557 7717
2352 2704
412 573
15 940
4109 5033
1340 1688
3496 3599
5223 6094
7367 8045
3230 3892
2374 2796
4582 4684
9647 9730
1253 1867
70 1015
8315 9162
8592 8737
4603 4680
367 731
2490 2575
6437 6800
2243 2934
6348 7034
10 956
4431 4857
129 822
1369 1763
5225 6098
267 695
4116 5032
3150 4083
7649 7774
1194 1813
4547 4732
2049 3009
7511 7829
8231 9188
1034 1998
197 768
6350 6918
6217 7041
7498 7810
2347 2786
7643 7702
2314 2756
1244 1811
7293 8108
8608 8818
2289 2851
7515 7816
1201 1890
9525 9952
5285 6002
8694 8737
4291 4891
2165 2988
5185 6040
76 917
2098 3051
8410 8961
8274 9103
9486 9936
2195 2893
5451 5780
1459 1644
8361 9033
1171 1906
6380 6926
9717 9750
8367 9035
5346 5898
7313 8056
6425 6898
1206 1882
230 778
7530 7815
5128 6117
5215 6065
9595 9876
5194 6053
7254 8102
2535 2583
5333 5927
2203 2926
113 903
3364 3794
3192 3983
8507 8899
4565 4655
4418 4793
1139 1928
3109 4057
1422 1650
5605 5659
6653 6658
2104 3015
7082 8105
8813 9833
891 1918
920 1950
6644 7666
6522 7538
2247 3278
4421 5455
4649 5669
2222 3234
967 1995
8669 9681
4209 5246
5102 6142
4865 5905
8396 9437
4259 5303
2539 3583
6369 7413
7146 8191
273 1287
2940 3947
7080 8127
2308 3356
525 1559
6459 7456
2284 3312
724 1737
4925 5923
2385 3406
7128 8184
6991 8046
816 1810
8914 9968
1022 2013
6719 7705
8834 9893
377 1363
636 1623
4483 5544
8614 9608
8671 9713
8375 9368
4705 5713
242 1216
8832 9907
7103 8076
6252 7256
5034 6046
4602 5580
2062 3128
2657 3670
316 1284
494 1494
4687 5751
800 1818
5065 6131
4301 5367
2735 3732
8192 9275
4316 5346
8524 9485
281 1371
298 1390
2204 3288
5079 6032
4993 6086
2130 3098
6351 7302
985 1936
6167 7261
8303 9252
6758 7723
407 1497
813 1916
4919 5990
7097 8168
481 1461
4176 5124
2896 3845
289 1396
4325 5299
559 1657
6902 7854
2074 3139
4311 5261
770 1886
936 2036
4277 5353
2222 3315
7010 7997
6626 7613
2969 4088
447 1502
2473 3528
6989 7983
4319 5308
2953 4074
4904 5965
2376 3373
2379 3373
8853 9970
2852 3907
4713 5646
6824 7887
4426 5421
2899 3899
2276 3212
4618 5731
4320 5257
8365 9415
945 2011
160 1228
396 1504
7048 8164
6638 7555
166 1227
2300 3219
3000 4040
2992 4034
4117 5223
4425 5435
8446 9357
902 2037
2567 3698
373 1283
196 1203
6259 7172
760 1665
493 1431
4575 5541
4338 5256
6161 7274
301 1366
7002 7974
718 1714
390 1530
396 1521
523 1654
8716 9842
6825 7894
872 1815
6341 7354
664 1561
9101 9992
8471 9618
6393 7295
8641 9542
4828 5723
7016 8160
7133 8020
6846 7732
8677 9583
7 1164
535 1692
4359 5515
2968 3861
4497 5407
2797 3682
838 2004
4492 5407
6998 8131
8457 9628
409 1295
6278 7198
279 1422
6193 7336
2232 3106
2277 3198
8497 9642
2434 3358
2919 4090
4745 5655
4535 5399
4266 5129
6717 7833
2686 3803
2667 3789
6851 7781
2070 3249
2066 3253
137 1056
4470 5594
8622 9474
4543 5394
2428 3538
4115 5283
4101 5300
563 1665
305 1410
8955 9800
8712 9915
4834 5718
8873 9756
499 1350
836 2035
4410 5506
8307 9418
2586 3747
4264 5139
8598 9517
8574 9667
457 1398
8288 9439
2788 3620
6333 7292
994 1824
6916 8134
2203 3160
6622 7450
2429 3512
8727 9938
7139 7973
8423 9248
8196 9411
2842 4051
4654 5861
3046 3882
8268 9345
4126 5328
6603 7451
2931 4002
2997 3939
6483 7557
2706 3652
8782 9878
8455 9693
115 1199
4657 5868
8537 9607
741 1541
5036 5965
7156 7958
8859 9849
4293 5158
6814 7802
2276 3075
6684 7924
6194 7386
5000 5986
489 1282
4821 5694
8453 9705
8513 9645
371 1439
8721 9981
2591 3823
5015 5989
4760 5741
8428 9242
923 1900
6352 7209
395 1394
4966 6044
2382 3508
2874 4032
82 1193
8382 9285
2597 3800
7005 8096
2553 3332
4370 5612
718 1996
9146 9913
2185 3466
9019 9791
9134 9898
433 1204
8309 9587
4457 5231
468 1235
8240 9528
9160 9921
2807 4092
4932 5704
6182 7465
6911 8176
8643 9424
2801 4069
629 1888
9018 9775
7056 7814
9129 9919
904 1694
6247 7537
4222 5479
8210 9483
381 1124
2924 3702
8676 9466
6381 7666
8203 9492
3058 3793
2956 3759
345 1146
4339 5584
4545 5348
6877 8184
6937 7743
4604 5339
4474 5213
632 1887
4402 5141
2302 3542
4584 5312
8645 9452
4 1320
51 1310
8980 9786
4507 5289
8506 9224
748 2014
4928 5747
8324 9655
2798 4061
460 1279
4367 5179
139 1471
6895 8155
4656 5893
6929 7719
6786 8116
2235 3468
601 1902
5089 5849
4787 6027
2577 3883
452 1279
9071 9810
923 1700
6645 7349
6425 7257
2377 3080
6711 8053
458 1160
8673 9383
8685 9380
9153 9864
6414 7239
4303 5507
453 1160
177 1532
2501 3210
775 1623
626 1826
2218 3577
4140 5497
4403 5221
2772 3970
949 1763
8465 9287
2971 3778
2503 3230
406 1228
6703 8052
7153 7853
4880 5709
6403 7261
2345 3190
6153 7510
5012 5835
6371 7555
66 1315
6641 7315
4870 5730
4893 5755
4470 5136
7132 7867
8396 9643
951 1757
442 1232
6923 7777
4534 5341
867 1551
4454 5130
2473 3268
2850 3667
3016 3769
2295 3462
963 1712
517 1907
2917 3602
3045 3730
6829 8148
5112 5763
6301 7453
407 1045
798 1693
2052 3463
2225 3383
4642 6052
254 1401
621 2026
2907 3804
3063 3710
235 1378
571 1975
6417 7325
690 1852
8497 9407
6745 8150
4666 6059
147 1281
9076 9958
2264 3404
5023 5642
8971 9875
1014 1646
8621 9269
6493 7365
6413 7316
446 1060
53 1454
8422 9594
6382 7539
9207 9832
8238 9649
6366 7551
2053 3492
2932 3797
8435 9552
9136 9748
4453 5315
547 1924
48 1435
975 1634
4583 5205
6567 7186
7128 7789
8982 9891
904 1598
2396 3303
4905 5778
3026 3694
8456 9398
4515 5149
4463 5295
8994 9954
3020 3596
55 1527
2462 3167
4141 5615
9109 9815
8569 9402
8575 9403
6396 7480
6732 8074
8592 9302
2133 3485
4651 6115
222 1303
7027 7866
4520 5219
2931 3774
5054 5744
6530 7244
963 1555
4469 5285
717 1823
2272 3379
4252 5455
8337 9540
6701 8186
8672 9271
2082 3578
2764 3860
6670 8151
882 1704
2508 3095
4099 5599
783 1747
4248 5445
2427 3237
4629 6091
8357 9594
6893 7949
8366 9551
374 1175
7051 7786
3040 3587
4921 5850
2286 3341
9182 9787
6378 7439
811 1742
4621 6123
8496 9432
788 1788
9210 9747
695 1885
2566 4076
8236 9671
6348 7463
8492 9408
4521 5189
804 1737
8981 9979
6266 7572
4413 5331
2599 4055
4975 5791
5114 5643
4482 5232
5045 5697
3011 3639
8533 9376
8571 9347
1011 1547
8502 9422
6321 7496
216 1314
4850 5897
7050 7793
8356 9567
9174 9770
972 1586
2161 3696
2235 3770
6379 7914
2065 3603
7049 7565
3055 3562
6880 7403
2176 3725
9119 9617
8893 9395
8953 9449
2080 3633
2448 3969
2315 3865
8244 9766
6264 7786
27 1544
4349 5864
7019 7549
6516 8044
9127 9663
2948 3486
712 1234
4314 5830
7031 7530
6472 8021
6249 7799
4703 5184
801 1283
2798 3274
2106 3614
896 1445
9001 9484
9087 9562
8850 9402
7081 7554
19 1598
5055 5522
4228 5801
4947 5500
707 1267
2781 3308
457 2042
2670 3162
2848 3348
4365 5944
4498 6053
909 1460
639 1094
6621 8163
507 1989
6850 7420
7098 7674
2612 3190
4200 5675
68 1543
2487 4083
6945 7526
6696 7265
8434 9915
2219 3808
8843 9414
970 1415
4232 5848
9181 9613
3053 3516
13 1628
8926 9359
6343 7829
64 1554
4206 5693
4210 5665
4466 5926
9164 9620
9062 9532
8347 9927
2278 3770
7092 7656
4373 5963
9214 9633
7092 7659
2660 3076
985 1465
4915 5457
2807 3220
2864 3412
2804 3217
2559 3992
5026 5578
6373 7821
5060 5550
2919 3340
4284 5840
4519 6089
5078 5561
2897 3360
8241 9795
2169 3597
4352 6005
2732 3289
2846 3432
132 1778
8398 9912
2922 3357
4420 5939
2089 3665
7125 7597
6277 7932
8197 9854
5099 5520
7073 7645
5 1659
6147 7805
6881 7326
272 1903
467 1964
6999 7464
7072 7456
37 1703
127 1789
993 1378
574 1210
5066 5452
7097 7487
8991 9624
4953 5587
4650 5281
6838 7227
6938 7572
237 1635
4935 5576
9030 9686
8913 9280
362 2043
2531 3953
6372 7793
686 1078
2767 3155
160 1536
9075 9682
479 1917
6920 7595
8732 9403
2184 3631
420 1795
9194 9549
9195 9539
7106 7531
746 1088
4996 5422
2994 3353
6928 7611
2156 3783
3054 3394
2891 3556
1006 1374
6517 8132
28 1709
261 1972
4582 5975
24 1706
4926 5516
5006 5436
6801 7202
6998 7651
905 1343
6709 7305
4772 5144
4616 5301
8314 9925
6720 7300
2507 3854
6936 7632
6376 7713
4156 5879
7021 7590
2913 3498
910 1349
2827 3527
4952 5525
652 1090
979 1308
773 1492
537 1224
395 1881
8290 9904
4189 5774
4359 6100
5051 5487
245 1569
916 1344
657 1092
671 1098
6922 7647
2439 3922
2108 3813
2957 3409
8269 9873
1007 1330
285 1987
735 1024
6290 7757
4897 5630
7164 7459
4185 5816
6318 7756
283 2040
545 1218
8830 9371
4796 5210
6396 7706
67 1701
8374 9809
6962 7642
8979 9721
6910 7185
572 1229
7083 7514
425 1882
4508 5992
8710 9456
4223 5769
2758 3120
2845 3563
8740 9426
2318 4086
8378 9794
9214 9479
6845 7238
4208 5772
19 1774
7120 7471
9163 9419
3062 3318
4527 5805
325 1606
6735 7499
8548 9824
4851 5623
831 1081
856 1119
849 1110
2723 3499
2296 4081
2480 3769
4392 5666
4458 5734
955 1206
2287 4065
2943 3185
494 1790
100 1910
7005 7246
606 1354
8565 9824
9034 9308
4982 5216
645 1427
4159 5928
2260 4044
6602 7890
6802 7563
793 1024
472 1733
4188 5953
459 1749
853 1143
2378 3688
2618 3353
2834 3126
6598 7904
6511 7753
4298 6124
7117 7403
4700 5492
6420 7740
948 1182
7121 7419
4836 5577
6631 7881
6448 7710
3013 3317
8984 9256
6196 7942
2961 3235
2765 3582
6435 7696
6648 7884
4543 5771
9045 9312
14 1848
17 1834
950 1165
2443 3767
2627 3452
4374 5718
4676 5382
2933 3127
497 1715
445 1791
4659 5489
8555 9768
8465 9812
5073 5271
4981 5170
908 1220
4968 5155
2582 3421
6710 7546
8898 9612
2857 3175
2056 3910
2897 3103
4174 5918
2423 3623
712 1432
8273 9985
6548 7876
7078 7410
4211 5926
401 1735
8933 9650
8845 9687
2450 3785
4157 5985
2049 3934
2228 4054
2242 4000
2126 3884
6380 8079
9103 9450
7146 7311
5080 5310
8659 9909
533 1395
2676 3346
2860 3147
8828 9494
2989 3265
4256 6092
4415 5715
4923 5205
8890 9684
2879 3152
8808 9496
572 1357
2409 3608
9154 9395
2608 3393
380 1550
4105 6011
2095 3933
3039 3244
3036 3240
2930 3078
7076 7377
2105 3916
854 1059
585 1343
6929 7270
4627 5476
4192 5914
2916 3096
6818 7646
405 1768
6363 8101
8460 9843
2528 3743
2934 3318
8511 9918
2545 3699
2342 3748
3012 3143
2845 3226
9078 9457
4863 5495
4112 6042
6753 7660
861 1232
865 1260
3070 3184
2290 3965
6671 7583
2447 3615
865 1265
6254 8191
2972 3085
195 1874
7058 7169
2747 3375
2832 3206
522 1436
3018 3164
2099 4005
6280 7954
578 1496
179 1832
8834 9502
2949 3097
6980 7385
2774 3400
2862 3248
509 1635
386 1565
4811 5482
8869 9476
2906 3320
694 1301
431 1545
6808 7474
476 1654
4789 5406
5087 5235
8819 9694
45 1920
86 2043
965 1131
2878 3214
914 1058
4903 5271
6974 7310
873 1240
9151 9230
891 1226
2366 3725
8934 9554
2394 3820
34 1940
2868 3212
4212 6093
2415 3797
4136 6035
8826 9665
2838 3245
2759 3451
4417 5885
4628 5546
612 1498
8378 9988
753 1358
2711 3414
8599 9811
6375 7969
834 1157
2244 3852
2972 3156
4434 5786
9149 9332
6499 7849
2387 3736
7067 7248
2145 4013
9108 9304
3021 3072
8763 9716
4430 5790
2113 3987
6947 7414
630 1443
239 1850
2639 3480
6981 7314
9110 9288
4374 5832
9183 9217
8547 9917
8459 9940
847 1199
4588 5645
4721 5523
921 1147
4187 6072
4971 5262
7000 7344
4694 5567
850 1208
243 1817
6185 8130
5088 5138
4872 5370
6816 7506
2408 3739
8688 9731
2119 4019
4616 5629
4149 6083
9064 9374
2463 3688
9190 9233
9063 9375
5118 5127
7073 7258
2292 3855
40 2004
21 2024
599 1450
8570 9863
65 1980
11 2038
870 1177
5366 7414
4773 6821
1830 3878
1930 3976
5113 7165
675 2727
4935 6979
5161 7213
1915 3966
95 2138
1647 3689
5207 7249
987 3025
5584 7642
4698 6742
4719 6782
1611 3679
650 2719
1015 3041
4597 6627
4682 6749
5207 7247
5245 7269
6023 8092
722 2764
1469 3490
4929 7008
1941 4022
4524 6537
5302 7312
464 2550
1659 3667
1968 3993
4308 6397
5214 7287
4486 6570
6009 8020
81 2175
4694 6776
5701 7796
178 2177
5110 7106
5934 7962
4489 6591
1869 3963
4388 6428
4744 6836
6034 8110
4419 6526
1871 3954
4305 6383
1086 3073
6000 8015
737 2721
5906 8019
4637 6751
1050 3160
4353 6467
1517 3502
256 2372
1209 3325
4484 6593
5373 7349
4195 6186
1065 3171
4419 6408
1311 3412
5377 7498
190 2288
1431 3527
112 2083
5745 7717
5017 7118
817 2918
5135 7256
688 2791
4949 6925
4612 6748
1387 3378
4271 6389
4229 6366
5496 7460
4985 6948
5891 8029
5543 7672
77 2094
992 2949
4541 6618
629 2589
1581 3653
324 2349
5687 7768
1896 3864
1297 3424
4405 6471
433 2498
4613 6768
1959 4049
566 2638
1193 3280
441 2496
814 2903
5165 7255
4384 6491
233 2196
1325 3411
4854 6793
1687 3607
716 2637
5193 7371
553 2733
1134 3304
6123 8035
1186 3115
5403 7569
442 2359
4477 6643
105 2297
34 2231
1491 3397
5439 7593
4172 6363
5404 7556
1934 3863
1416 3345
1478 3420
5570 7518
1976 3877
505 2404
763 2661
5288 7223
776 2984
342 2546
5058 7014
5183 7322
5402 7615
4308 6257
1950 3896
1368 3582
1302 3504
863 3064
4472 6623
5395 7610
4901 7055
1035 3233
5279 7219
4984 7125
1001 2887
5837 7778
1777 3651
1100 3327
180 2048
4421 6640
1420 3385
4718 6873
4874 7091
1835 3985
5991 8156
1344 3579
1938 3887
268 2483
4317 6172
5912 8154
4740 6727
5392 7635
170 2159
137 2127
543 2775
4467 6586
227 2088
220 2064
4100 6344
4599 6458
1681 3649
1562 3787
1682 3655
1023 2858
705 2580
697 2671
5036 7035
1223 3088
1293 3540
4318 6149
653 2643
4226 6236
61 2269
4862 6685
277 2547
1726 3669
4722 6815
1632 3726
5094 6920
4397 6621
5520 7520
1639 3732
5258 7289
4163 6327
5463 7585
5783 7776
5151 7399
5390 7668
5582 7476
1286 3581
6088 7988
1637 3941
693 2998
4330 6633
1755 4063
5728 8036
5982 7771
878 2662
4564 6364
1544 3841
6008 7794
686 2981
7 2316
145 2460
4381 6160
713 3015
1850 3636
1960 3751
4131 6451
5541 7347
1814 3599
1010 2799
5905 7692
5560 7334
314 2085
5132 7443
576 2912
1127 3399
5849 8187
105 2383
6010 7772
1565 3892
1349 3177
4635 6965
102 2390
4340 6597
242 2496
295 2067
5822 8072
4227 6580
651 3004
5050 6784
5502 7234
1240 3558
5872 8142
4460 6227
4943 6670
4331 6569
4644 7015
1728 3972
1949 3801
1926 3779
33 2406
1926 3788
1516 3238
5552 7418
5654 8029
4265 6626
1487 3203
4465 6204
4412 6257
209 2433
823 2661
4916 6759
5580 7327
5154 7540
4668 7019
238 2486
1334 3183
1292 3158
4788 7144
1528 3238
5959 7719
1094 3366
1927 3811
1693 4088
1954 3783
1651 3862
6135 7825
23 2416
1070 3401
562 2901
1458 3285
4912 6744
4410 6226
5058 6826
12 2405
5370 7571
794 2672
5350 7564
5200 7483
1380 3087
1750 4029
4743 7147
232 2437
604 2860
74 2362
4777 7130
4363 6258
1187 3545
6016 7933
4473 6148
5167 7505
1859 3644
1433 3099
5767 7941
1002 2665
674 2849
274 2199
5057 6727
5890 7812
1006 2662
5277 7445
5650 8091
541 2964
4605 6263
1435 3095
1574 4011
681 2872
176 2338
1685 3841
5771 7964
5212 7627
4685 7124
5219 7673
5454 7378
169 2356
848 2765
155 2309
1492 3147
5438 7324
752 2899
5710 8170
1914 3806
5133 7595
5068 6762
1355 3299
1712 3864
4794 6928
415 2101
1241 3445
5242 7638
185 2327
1987 3692
4730 7114
286 2221
4829 7015
6044 7713
4212 6601
4334 6481
6006 7862
4851 6962
1246 3359
5995 7849
1613 3977
4944 6807
6127 7720
4804 6924
1271 3388
203 2311
1267 3391
1675 3908
4761 6984
5752 8108
6105 7694
941 2677
5639 8157
4668 7142
5403 7360
6037 7752
2020 3643
5019 6778
810 2760
1282 3302
610 2950
1525 3089
158 2425
1631 4023
917 2681
5446 7339
383 2193
5742 8065
609 2958
1438 3180
4721 7043
6 2548
1641 3995
767 2829
4864 6901
4895 6889
1781 3853
4907 6866
1077 3532
5432 7363
498 2063
4738 7036
4204 6546
4510 7070
1389 3948
1192 3754
1523 4080
4448 7011
5933 7470
5005 6542
5894 7424
1241 3807
5024 6566
1477 4035
5892 7436
293 2861
557 2087
1847 3389
5961 7491
4585 7138
4304 6876
6007 7547
5530 8087
5324 7873
496 3069
2007 3545
5968 7491
5335 7875
5141 7680
4240 6792
5862 7422
5720 7232
257 2840
1686 3215
1035 3601
38 2619
1820 3388
1976 3481
6038 7607
1994 3560
4298 6894
1578 3086
980 2545
4986 6495
1404 3931
1295 3877
883 2393
5680 7195
2046 3541
1895 3402
1391 3935
978 2534
738 2263
5418 7965
1102 3705
4933 6524
4303 6902
5329 7914
781 2353
1403 3911
4486 7099
1723 3205
1336 3846
802 2333
209 2705
5575 8071
4567 7061
5268 7895
730 2206
5594 8095
6013 7482
5445 7949
4123 6739
4722 6203
1135 3620
265 2885
4119 6745
5253 7893
5592 8073
5677 7295
685 2302
1033 3674
4104 6750
5071 6551
4774 6398
5109 6574
5924 7545
5003 6612
619 2100
4928 6434
1112 3642
1602 3105
5644 7279
4380 7032
1277 3737
6102 7601
10 2656
4413 6999
1044 3706
1967 3520
4706 6157
4526 7130
4813 6329
976 2468
1039 3707
887 2307
4960 6423
159 2790
5373 7815
1587 3145
4556 7088
1415 4091
866 2332
416 3038
689 2096
1663 3326
4660 6326
605 2270
4689 6354
5604 8032
4324 6752
6138 7548
1064 3759
78 2761
1691 3100
903 2319
5029 6447
5107 6521
1372 4048
740 2154
5300 7739
1599 3247
4988 6638
5220 7920
4100 6800
1648 3302
1988 3420
5691 7329
5605 8063
5953 7643
1452 3890
101 2810
5872 7248
6022 7463
4241 6704
4283 6681
772 2464
1826 3463
5648 7352
4601 6992
1309 4023
4464 7131
770 2478
5186 7918
5880 7252
1263 3650
5170 7836
1474 3948
1254 3657
4922 6539
602 2280
5551 7963
247 2627
5014 6435
2016 3414
5921 7579
1300 4015
1585 3213
4856 6213
1947 3364
1353 3976
1089 3716
1937 3415
1898 3500
352 2983
4498 6997
5282 7787
5602 7979
531 2265
6026 7489
5444 8073
2034 3362
1330 4066
1196 3708
4392 7162
111 2749
4867 6613
6009 7599
1671 3152
370 2985
578 2207
643 2142
4724 6292
5037 6476
4959 6588
351 3004
2033 3346
1362 4020
1756 3130
5919 7672
1067 3777
97 2698
4462 7043
260 3049
4348 6675
4193 6798
1027 3827
4471 7044
5643 7423
5027 6486
5789 7272
4778 6239
5447 8114
1469 3915
4639 6376
1169 3686
730 2082
1167 3703
224 2584
5676 7380
820 2511
4927 6596
430 2898
5673 7381
5192 7860
4487 7033
5916 7196
4228 7045
4831 6619
1518 3818
4396 6698
4409 6707
5780 7582
50 2879
753 2556
4312 7126
5180 7981
4345 7144
949 2209
5710 7515
4659 6442
5545 7859
5854 7620
5935 7221
1959 3260
5067 6359
6061 7345
1625 3396
1914 3172
5831 7640
4414 6686
480 2753
5716 7542
5425 7699
4398 6669
5968 7285
4366 6697
4295 7150
136 2977
5632 7465
1102 3938
4379 6710
4992 6317
5633 7471
573 2323
5268 8103
227 3031
928 2198
5825 7670
4999 6320
6042 7330
1076 3853
696 2435
1951 3235
1471 3839
1537 3393
4284 7166
6036 7382
161 3043
623 2348
5110 6325
1093 3840
899 2245
6107 7325
109 2858
4861 6586
2040 3263
625 2361
5173 8060
1373 3607
1239 3997
5384 7749
5409 7790
96 2864
4459 6713
744 2493
944 2278
5196 7963
4138 7026
1956 3325
2028 3253
4638 6468
6015 7205
1086 3941
6019 7391
5650 7503
5450 7703
273 2636
5458 7731
680 2505
5199 7982
5293 8137
1710 3531
5933 7240
898 2281
1069 3905
6018 7407
553 2375
5310 8144
5318 8104
135 3049
470 2724
4440 6699
4998 6384
1019 2188
1254 3999
1186 4057
1406 3585
1000 2153
644 2311
2026 3177
4949 6353
5290 7983
1707 3372
1488 3671
5062 6223
1490 3675
1170 3870
4591 6754
5885 7536
4927 6320
5309 7981
1310 3727
543 2445
724 2375
6022 7189
5242 8169
5882 7534
565 2464
5137 8071
5257 7966
5761 7446
4661 6562
4107 7059
6031 7191
4154 7075
5969 7368
961 2136
56 2978
1630 3524
1210 3872
221 2886
605 2497
1846 3243
977 2124
5649 7566
1748 3444
4532 6676
5635 7585
5979 7416
5532 7736
2008 3197
747 2382
149 2866
5595 7804
6070 7198
1946 3121
432 2588
286 2738
5556 7704
1297 3772
5858 7500
1986 3187
4153 7050
340 2785
4630 6560
694 2304
5160 8083
89 3045
5508 7736
5162 8087
1360 3821
5349 8027
4829 6499
4636 6563
5040 6159
4708 6619
6116 7259
4508 6691
5827 7425
5515 7752
799 2267
32 3047
6070 7294
5748 7612
208 2841
5266 8024
5843 7455
1293 3779
5960 7303
1974 3193
2000 3103
1341 3820
4754 6464
1721 3435
4586 6713
4914 6374
4984 6316
4148 7139
4196 7100
338 2699
929 2171
4393 6898
5099 6198
1133 4019
799 2241
1611 3499
5535 7803
769 2279
5356 7946
471 2609
5353 7951
1143 3984
682 2381
4901 6349
4496 6776
5114 6163
434 2651
1681 3455
701 2386
874 2206
4727 6531
467 2599
4286 6985
1891 3227
5306 8000
1053 4071
5264 8044
4768 6492
4776 6485
1869 3248
5970 7340
1258 2282
1479 2502
303 3371
4956 8024
5152 6181
35 3109
4817 7899
1957 2990
4488 7556
1073 2108
217 3284
383 3442
624 3680
1778 2787
5280 6326
5316 6365
1727 2725
991 4036
1392 2413
567 3625
4798 7841
5084 8188
5339 6394
515 3618
5288 6282
1089 2147
5937 6931
4185 7290
807 3843
2044 3033
5359 6346
5995 6990
5457 6521
1331 2328
4936 8037
1942 3003
5612 6595
1861 2922
927 4015
5061 8177
5993 7006
4619 7740
1854 2821
1495 2538
4404 7434
6041 7079
1875 2835
5211 6170
1046 2132
4250 7384
1842 2928
4540 7679
5177 6268
4640 7781
5090 8100
1026 2117
1334 2417
456 3456
4844 7846
1872 2843
5767 6860
1223 2187
1323 2406
134 3272
4524 7676
5244 6184
942 4091
1658 2604
389 3538
4459 7484
5774 6870
1992 2960
6059 7153
829 3937
1277 2209
6092 7057
608 3645
5174 6249
4096 7265
4241 7408
5284 6342
4097 7268
6079 7124
4830 7861
4502 7675
649 3814
4608 7792
4173 7229
446 3535
23 3172
5589 6561
4292 7344
4746 7935
4291 7350
1495 2465
6021 7155
483 3476
4189 7388
526 3724
4102 7300
947 3888
1953 2852
1963 2861
4775 7712
6064 6968
4138 7331
469 3423
437 3390
1586 2751
648 3590
5085 8013
1923 2835
4756 7684
1898 3064
5976 7114
1628 2766
5714 6849
5814 6693
4175 7387
616 3836
4857 7788
5416 6577
1142 2284
5186 6360
427 3382
91 3321
5474 6599
959 3866
1510 2371
1522 2389
5456 6648
4828 7796
4290 7275
4958 8180
1430 2365
1998 2914
328 3559
4424 7655
599 3832
5950 7054
1584 2690
5059 8055
5320 6269
4219 7374
5289 6174
5629 6469
57 3201
1322 2451
4441 7648
4844 7765
252 3142
5148 6310
1775 2642
5351 6234
4147 7309
1177 2086
4690 7826
4903 8166
4876 8141
4145 7408
6119 6949
5501 6591
5620 6454
4324 7207
1191 2148
1596 2815
5156 6368
5466 6559
5490 6583
4309 7197
1818 3027
4405 7676
1687 2654
732 3605
4120 7378
236 3104
733 3601
5302 6267
5427 6654
390 3400
4994 8017
25 3274
1161 2140
5813 6755
5501 6565
5755 6819
4780 7798
270 3540
5294 6260
4571 7424
714 3606
212 3081
2024 2825
4938 8107
449 3362
990 3901
97 3205
4631 7922
5895 7136
4664 7889
1816 3057
970 3873
267 3559
5863 6664
5572 6452
5810 6723
1304 2537
5010 8032
4401 7619
4580 7446
579 3760
4214 7299
1291 2558
1912 2959
5929 7121
5559 6478
4991 8069
5913 7140
5694 6848
1113 2393
4641 7968
635 3961
5355 6632
424 3247
1576 2863
4830 8145
5120 6416
4710 8054
5616 6368
4559 7390
1966 2748
6058 6840
5559 6309
5049 7855
1425 2183
1640 2942
5337 6606
452 3294
976 3788
785 3596
930 3775
5606 6393
5753 7001
4375 7222
5384 6186
1991 2789
1312 2051
438 3218
526 3880
1917 2651
1218 2532
149 3506
248 3536
1013 3807
357 3144
6085 6891
1359 2175
4964 7765
4127 7469
5512 6330
1400 2123
4865 7730
5427 6149
2 3386
4560 7400
975 3830
5613 6356
202 3568
5994 6737
1897 2645
4682 8054
5681 7025
858 3611
874 3624
4814 8076
1934 2760
5610 6305
1150 2354
5838 7040
1508 2218
64 3343
4340 7588
4130 7539
4620 8030
516 3927
1553 2884
2015 2697
4150 7535
1305 2112
5547 6385
1144 2339
5316 6552
1915 2598
622 3891
263 3173
1618 2865
293 3136
5552 6358
520 3950
1838 2633
1467 2263
4808 8100
5197 6433
5593 6324
4125 7536
5936 6750
4765 8173
4169 7482
5262 6651
4529 7368
206 3509
489 3218
1610 2868
6126 6801
4756 7956
5705 7115
661 3859
5764 6914
152 3359
2006 2654
4290 7496
4580 7278
4834 8040
4331 7521
6046 6677
9 3461
1409 2060
1119 2514
4509 7184
5247 6641
850 3778
4742 7959
1647 3067
52 3488
1695 2826
4122 7564
72 3551
485 3186
5911 6796
223 3396
5531 6151
5540 6201
337 3279
5462 6344
831 3744
1974 2601
802 3715
4953 7931
1503 2173
5866 6985
5695 7068
1377 2244
1144 2526
4557 7275
1397 2259
879 3784
6076 6676
5857 6988
4220 7633
1507 2125
5886 6991
1567 2988
4166 7669
4217 7629
5208 6636
717 3961
4502 7203
751 3930
5449 6399
272 3239
4428 7413
6007 6861
4124 7591
4238 7477
885 3765
5072 7696
4183 7573
1922 2624
5683 7152
4980 7857
313 3324
5342 6427
833 3716
327 3215
1594 3056
619 4007
1147 2486
1124 2474
550 4086
281 3273
13 3549
569 4072
1313 2288
100 3510
5247 6573
5689 7148
156 3403
2031 2616
1690 2882
402 3146
1680 2889
5928 6900
5107 7726
1719 2921
1918 2718
4443 7355
6065 6739
5150 6646
734 3894
163 3403
4408 7377
5566 6231
4548 7215
1513 2050
5522 6270
4634 8182
5211 6581
1273 2326
1809 2784
5047 7750
684 3933
575 4046
5116 7694
4333 7449
893 3723
1413 2163
1990 2608
1375 2216
4478 7305
5371 6412
173 3415
1328 2251
5357 6416
1817 2329
4799 7355
1112 2653
1614 2120
864 3432
6100 6617
1612 2114
4973 7522
5416 6968
279 3847
1667 2195
1797 2324
1888 2419
1105 2626
1050 2574
4110 7707
1197 2743
2029 2550
1724 2208
4627 7182
786 3378
5604 7109
5286 6789
356 3906
1673 2223
455 4073
5224 6726
5142 6712
871 3401
48 3585
727 3300
358 3921
4577 8150
518 3121
2019 2523
1167 2743
4412 7941
5730 6235
5263 6837
5701 6270
428 3986
4269 7827
581 3194
1710 2286
517 3140
5367 6836
1715 2295
4120 7773
5834 6284
698 3314
2012 2453
315 3954
5122 6734
857 3349
4230 7882
592 3101
5462 6939
2025 2471
5108 7611
180 3812
532 3141
1352 2841
4513 8176
4352 8018
4387 8049
969 3484
41 3696
5091 7609
1272 2723
20 3663
421 4094
5668 6264
142 3795
4199 7685
411 4089
4186 7737
1617 2103
5182 6744
2009 2494
1590 2142
723 3256
1026 2665
1542 2157
1096 2597
1335 2906
5750 6171
1145 2582
1704 2265
251 3721
4606 8077
1860 2353
4294 7859
4427 7998
1547 2161
5228 6679
775 3449
5826 6210
4310 7767
853 3543
4861 7294
5846 6227
5171 6837
4833 7270
4224 7687
5358 6761
5709 6346
1529 2929
4590 8039
4553 8000
4157 7858
238 3681
1741 2114
633 3306
5119 7532
5046 7458
962 3418
1028 2718
5679 6324
5671 6332
5798 6205
5699 6367
1761 2174
303 4016
5016 7431
4305 7758
5737 6345
4150 7831
4697 7419
837 3558
617 3276
5236 6865
4900 7554
1808 2489
6063 6405
4746 7201
4282 7697
4102 7853
5976 6644
5792 6162
488 3932
5404 7080
1155 2615
4908 7579
5332 6764
828 3460
992 3416
397 3895
704 3195
5295 6674
5115 7494
4626 7341
795 3546
5063 7430
546 3296
1999 2317
939 3438
5719 6289
4114 7893
4711 7328
5782 6238
5359 6695
4485 8014
4564 7961
1229 2563
5970 6556
1012 3387
1107 2716
1982 2417
347 3988
2027 2362
1979 2403
1977 2401
585 3216
4569 7939
465 3850
1163 2644
1380 2948
5967 6574
5949 6620
1245 2623
1892 2438
1862 2466
1663 2200
5076 7475
5691 6355
6057 6465
4891 7665
1668 2152
326 4010
1648 2207
4200 7835
890 3471
4948 7596
984 3360
1904 2442
1500 2855
1470 2882
5657 6372
725 3114
108 3731
345 3673
4539 7866
1601 2370
1452 2729
114 3956
1419 2691
5325 7108
206 4034
1402 2678
5793 6572
259 3598
551 3382
983 3267
264 3612
5984 6262
5072 7366
440 3744
523 3347
4558 7895
5955 6233
933 3259
4939 7253
843 3178
1936 2227
4614 7459
4525 7819
1203 2965
1799 2081
5804 6532
4535 7838
925 3252
6047 6325
4403 7711
4622 7458
1733 2536
476 3826
4827 7669
1400 2632
5973 6245
5250 7090
416 3729
4312 8172
1055 2859
4859 7630
779 3123
4236 8118
5234 6984
5599 6885
1644 2384
1626 2330
307 3699
72 3848
4783 7661
5824 6530
2047 2234
2044 2233
4728 7487
42 3949
250 4018
1575 2415
1369 2579
5241 6966
4310 8070
1498 2696
920 3275
1023 3240
5408 6775
1217 2966
5886 6566
993 3257
1786 2466
1070 2935
782 3157
5018 7361
4112 8011
5337 7045
5500 6689
911 3311
4804 7590
1952 2242
501 3734
1653 2321
5567 6874
1016 3229
4827 7613
184 4049
5803 6594
5362 7065
4681 7461
5175 7002
5852 6578
5944 6216
5693 6476
521 3450
6126 6301
5093 7312
4383 7784
357 3613
5565 6853
4179 7977
429 3792
4096 8061
1533 2691
184 4038
1031 2937
47 4014
6082 6209
554 3497
5534 6683
5411 6822
1061 2978
4810 7490
952 3122
4534 7738
513 3471
1416 2566
1335 2727
1010 3170
4567 7751
1472 2641
5775 6430
833 3283
809 3261
4258 7991
4279 7970
6074 6178
757 3439
4704 7675
2042 2150
1529 2663
918 3081
529 3505
6091 6251
5533 6716
4211 8151
1655 2513
626 3541
213 3965
1489 2681
5147 7089
1853 2192
1969 2076
336 3808
5571 6770
4658 7558
4672 7670
507 3661
5621 6735
6051 6168
521 3506
5070 7283
5027 7196
5847 6423
607 3487
4765 7516
4710 7588
4342 7989
4875 7372
5439 6904
5762 6474
1645 2469
1856 2186
505 3637
4930 7311
5838 6401
559 3552
5405 6866
4819 7427
1321 2811
5000 7258
5874 6432
855 3203
5519 6746
5518 6740
548 3576
5732 6587
4847 7437
5713 6579
265 3818
35 4039
2005 2097
5482 6799
5513 6764
4423 7842
5957 6307
5484 6795
5822 6489
6087 6190
5143 7164
5393 6909
591 3491
6137 6152
1858 2225
5499 6799
4856 7437
4989 7307
1104 2983
6088 6192
475 3618
5319 6972
4594 7689
355 3742
4801 7484
4475 7813
461 4557
1521 5617
381 4478
3669 7761
1359 5450
1811 5908
3258 7357
1148 5236
3434 7523
2432 6541
1132 5218
3168 7278
895 4973
463 4572
1418 5529
3174 7285
429 4538
2788 6899
1745 5833
1520 5610
2552 6628
60 4124
147 4275
880 4945
3269 7393
2941 7000
604 4730
1719 5776
2220 6276
1238 5374
3376 7448
3157 7289
1992 6116
2663 6731
1190 5270
2874 6922
3583 7630
90 4203
815 4892
1550 5690
1569 5653
3068 7112
107 4190
3920 8037
2672 6726
3426 7508
1932 6075
1722 5762
199 4350
2129 6248
1670 5821
2326 6440
3678 7711
2456 6617
3199 7229
901 5063
3842 8007
3745 7911
3812 7843
2947 7119
1447 5608
2117 6154
3811 7852
261 4436
4006 8181
2112 6164
2381 6424
1083 5230
502 4512
825 4975
2271 6281
1226 5277
2133 6157
2374 6430
1694 5829
1145 5157
2781 6787
1725 5852
1117 5183
909 5103
4050 8113
583 4641
2358 6480
2544 6552
1485 5540
1742 5799
598 4669
1499 5557
3800 7863
3990 8167
141 4351
2556 6536
2785 6805
611 4630
2613 6733
4009 8144
1963 6097
2755 6846
1391 5394
3640 7750
1968 6095
1735 5816
3034 7077
1549 5773
3102 7327
29 4255
1025 5251
200 4171
326 4549
520 4747
864 5092
1730 5702
3260 7225
1104 5334
2783 6743
3646 7863
18 4251
3918 8135
201 4162
2328 6547
3514 7479
1137 5372
1284 5514
3610 7818
2568 6810
3768 7725
1346 5588
1945 5889
2171 6370
3327 7266
3213 7187
1101 5331
789 5002
3429 7621
3746 7683
1404 5597
1830 6020
1638 5826
1613 5865
2886 7137
1188 5123
2795 6723
2734 6662
2887 7151
3689 7875
296 4484
1540 5800
3654 7915
2058 6308
3655 7926
2107 6287
1783 5699
828 5001
3262 7179
364 4570
4058 8045
4092 8006
859 5095
3425 7644
706 4733
3452 7612
2703 6734
205 4108
3952 8113
1805 6095
2517 6422
1347 5504
3335 7618
3270 7169
3929 8081
2345 6625
4003 8042
3641 7923
845 4998
2505 6402
935 4972
1423 5443
2189 6211
3728 7745
3834 7721
989 4874
313 4577
2484 6509
3316 7213
3370 7664
2673 6827
627 4782
3329 7644
2197 6219
1484 5420
838 5030
882 5008
2754 6689
3801 7738
2061 6377
2621 6871
52 4319
3406 7589
1812 6117
2492 6479
1526 5378
3053 6936
318 4552
1672 5758
297 4574
220 4134
2679 6797
2216 6228
3900 8128
3387 7622
2563 6913
3231 7581
1757 6111
2901 6743
3793 8146
306 4145
162 4518
2950 6785
1767 6112
1815 5662
1708 6054
211 4568
2143 6484
1736 6084
1453 5283
617 4966
2223 6560
2075 6411
2690 7059
798 4621
4018 7841
3158 7488
3466 7314
709 5084
372 4205
223 4550
1700 6072
1148 5473
1303 5129
1678 6033
4035 7907
3379 7186
3395 7266
3374 7180
2444 6312
1983 5779
2076 6449
2139 6517
3591 7976
2402 6221
369 4161
1489 5344
1280 5172
32 4376
3156 7532
1913 5697
3386 7172
1740 6029
668 5086
2782 7069
999 4771
680 5100
788 4691
2945 6854
3426 7210
2892 6661
765 5044
3494 7404
2025 5795
2508 6279
1616 5915
647 5067
3395 7183
3825 8124
2293 6584
386 4307
2903 6662
1255 5555
2808 7084
1946 5836
468 4227
63 4456
2196 6595
2045 5802
1122 5434
2585 6977
3182 7478
3968 7897
1854 5732
2768 7052
3322 7591
3578 7335
595 4876
3989 7927
1739 6063
3472 7412
1919 5658
2730 7116
3648 7974
1084 5467
2257 6584
1585 5978
1824 5707
3614 8053
4076 7808
3281 7615
2319 6240
1286 5239
699 5066
1149 5391
199 4531
3700 7938
3287 7599
1262 5524
2557 6273
1672 6134
2911 6688
3571 7308
2827 6795
973 4687
2977 6694
2239 6456
728 4945
2741 6975
449 4170
894 4853
2021 5736
130 4364
3111 7593
155 4373
792 4748
2984 6717
2 4500
38 4529
3491 7220
1470 5158
3089 7561
2017 5753
2501 6237
2363 6306
3056 6762
2717 6912
2979 6659
1096 5609
1907 5842
1383 5317
2598 7042
3037 6773
939 4611
2778 7027
693 4895
375 4316
1184 5389
586 5092
4002 7692
2677 7131
334 4321
2953 6694
3002 6666
897 4656
3672 8170
2688 6963
2337 6293
2093 6549
198 4479
1666 5945
1746 5998
1202 5391
589 5104
968 4618
3708 8120
3560 7200
2450 6232
3802 7952
782 4803
3722 8007
2578 7132
2211 6509
3925 7835
3116 7650
3630 8161
2169 6568
657 4933
1436 5192
3868 7876
316 4325
2158 6583
3352 7363
697 4965
3815 7994
2610 7148
983 4617
1231 5392
3294 7425
2273 6401
2867 6864
3863 7924
3633 8146
2540 6159
2843 6904
803 4807
3591 8175
3664 8120
1441 5195
1765 5903
1434 5233
292 4296
2287 6400
3604 8187
3208 7544
1803 5882
2266 6440
2090 6616
1759 5932
3447 7299
1390 5270
3345 7401
228 4382
1579 6096
2533 6169
3418 7334
842 4788
3216 7826
3750 7332
1515 6120
4037 7616
2305 6918
3161 7764
1326 5923
2347 6948
1338 5930
2009 5579
1827 5425
560 4131
498 5089
269 4887
1938 5512
2270 6852
191 4772
1305 5893
1475 6110
3566 8177
741 4295
2005 5616
3180 7748
1329 5912
2649 6256
3647 7190
3668 7288
1718 5275
965 4584
229 4811
1111 5735
1819 5418
2871 6406
1155 5815
3849 7486
3061 6607
2616 6147
2710 6314
3256 7814
491 5077
688 4239
2762 6282
2770 6290
1482 6025
2320 6996
1049 5725
1115 5661
3519 8183
835 4363
2014 5526
2580 6236
229 4777
3796 7320
3374 8034
3061 6585
544 4208
824 4458
3143 7700
1488 6020
2795 6321
1056 5754
473 4995
1699 5369
3809 7356
492 5041
2844 6466
533 4213
241 4755
3706 7192
2205 6910
3777 7333
3731 7415
2165 6672
2062 6763
964 4514
3155 7732
2973 6650
1691 5363
1118 5686
4061 7604
2569 6243
1944 5619
868 4360
1350 5931
304 4958
3204 7915
679 4307
2557 7048
3502 8153
1339 5964
1079 5708
1464 6083
3197 7681
530 4204
3703 7176
2503 6983
419 4898
1420 5903
282 5022
681 4143
3405 8138
196 4675
2245 6732
3617 7336
4037 7502
2611 6328
368 5117
899 4366
1316 6057
2839 6553
319 5039
568 4264
1537 5265
1981 5423
2695 6161
2124 6875
2873 6565
2052 6808
943 4401
556 4274
437 4906
179 4652
3580 8028
2070 6838
2240 6752
244 4693
1440 5891
144 4663
2673 6358
1729 5227
4038 7529
2967 6456
893 4559
2856 6554
1377 6098
1323 6040
663 4130
110 4825
527 4280
3005 6404
2532 7001
2412 7122
3030 6504
3275 7691
1820 5588
3942 7598
1835 5602
2792 6178
49 4860
1981 5490
1939 5442
3182 7871
1370 6024
2801 6181
3014 6419
3445 8099
188 4714
2151 6832
1746 5131
1752 5121
910 4437
577 4254
962 4386
2027 5386
1438 6012
3019 6441
3736 7291
3310 7690
192 4645
1221 5664
846 4520
3646 7385
2084 6851
2954 6498
189 4693
2542 6916
3488 8012
558 4288
2259 6716
1758 5169
2212 6731
3663 7359
3384 8137
287 5102
366 5021
1535 5900
3310 7704
1707 5212
2131 6820
662 4206
793 4576
2138 6817
3125 7880
2923 6550
1357 6067
178 5042
47 4911
454 4807
2955 6286
908 4234
1156 6028
3033 6353
3166 8023
1630 5460
3071 6386
1626 5460
333 4675
3250 8125
4022 7353
2494 6833
3191 8056
856 4168
608 4465
1008 4322
3473 7811
3025 6343
1988 5330
2731 6579
3282 8136
941 4278
2614 6443
1774 5617
2237 7071
1593 5402
3297 8130
2351 6667
942 4230
3838 7634
2230 7065
106 4954
2809 6600
2208 7060
3330 7734
2067 6949
1372 5739
2999 6287
2784 6616
3376 7690
3600 7466
2399 6756
921 4260
2621 6400
1126 5977
3493 7910
3515 7933
565 4466
837 4098
558 4455
2412 6691
2568 6488
2694 6615
932 4341
1557 5444
1078 5989
1773 5561
3851 7249
883 4137
3338 7761
591 4372
867 4158
3625 7497
3298 8067
3959 7188
758 4501
3681 7428
1221 6051
16 4983
2003 5307
1943 5372
3789 7587
4081 7297
706 4531
139 5119
527 4475
2808 6542
880 4103
1787 5516
1394 5637
1667 5620
1929 5360
117 4879
771 4216
2958 6387
30 4963
2312 6774
2201 7143
123 4869
3936 7394
1923 5125
801 4262
2096 7095
2423 6896
2383 6855
3280 8025
2211 6953
117 5118
772 4233
1376 5869
2710 6424
1634 5613
3995 7179
1558 5511
2232 6954
2484 6690
2215 6961
2458 6659
3153 8136
398 4628
3330 7833
4036 7257
2299 7014
2944 6176
2298 7003
931 4098
1524 5717
919 4149
1188 5889
600 4607
1670 5409
1251 5962
1705 5376
1039 6052
3710 7635
2626 6642
1440 5648
2204 6957
4021 7175
1510 5716
894 4296
133 4914
4008 7199
3241 7953
1955 5146
1215 5894
790 4266
1575 5531
4052 7274
1140 6068
372 4790
1865 5259
477 4632
3619 7654
2121 7054
2999 6269
821 4350
563 4607
2010 5142
1457 5757
2495 6770
350 4752
2019 5164
3754 7525
2813 6445
3199 8111
1328 5856
1059 6130
2073 7115
1556 5574
767 4391
3896 7393
1798 5343
3196 8103
3613 7617
3475 7759
3752 7541
58 5095
1181 5952
330 4757
2320 6897
1033 6120
1578 5579
2994 6224
263 4837
2091 7113
1296 5875
638 4506
2745 6493
3383 7889
1456 5719
3798 7473
842 4269
1865 5294
1531 5660
3257 8016
4068 7182
938 4167
1676 5474
3955 7324
943 4190
3059 6145
1158 6004
721 4389
2122 7102
2178 7031
2355 6852
1331 5828
1538 5626
3022 6195
1271 4343
2547 7665
2796 7918
1877 4946
1439 4504
1302 4369
2522 7634
3077 6156
3923 7007
266 5380
2909 8018
2601 7718
1490 4573
785 5890
3181 6265
466 5574
2252 7386
2194 7301
3897 6944
3635 6702
959 6050
2029 5104
655 5777
636 5731
1383 4472
3909 7013
3407 6510
3342 6444
3137 6243
3340 6446
3439 6473
2905 8063
2047 5080
827 5916
3149 6250
2148 7244
3222 6334
3921 7035
534 5690
2990 8066
537 5684
3656 6757
1952 5006
3006 8080
3194 6229
2998 8070
2622 7695
776 5946
1518 4573
2944 8117
3417 6508
104 5213
51 5125
3293 6379
2689 7865
1264 4301
2640 7791
3037 8094
1812 4956
667 5843
295 5486
1371 4370
3448 6451
743 5801
423 5608
830 5996
2445 7641
1129 4156
3159 6144
2231 7405
859 5888
427 5622
304 5487
1591 4712
692 5867
3474 6605
2975 8190
2573 7788
325 5414
3261 6361
1153 4326
4095 7063
2660 7693
1095 4142
3072 6250
1821 4977
1252 4234
2119 7208
2135 7206
2066 7271
3169 6164
2109 7243
3876 6994
3429 6418
911 6136
1514 4509
606 5671
1153 4344
3684 6686
384 5627
1906 4878
3581 6528
2308 7546
2740 7733
2620 7869
1048 4249
1827 5026
4014 6954
2700 7689
597 5853
1009 6011
1527 4476
3209 6146
323 5583
4087 7034
2457 7447
2709 7706
134 5143
1385 4602
2033 4964
576 5846
810 6067
403 5385
488 5491
2469 7486
344 5572
803 6078
1281 4511
1927 4889
6 5287
1245 4223
26 5305
133 5153
2992 7957
2740 7698
2889 8174
2078 7350
2230 7199
4044 7010
1485 4451
4078 6976
3897 7062
550 5783
1030 4276
612 5847
1726 4613
1642 4822
129 5180
2258 7184
2714 7769
4072 6955
1398 4530
2490 7551
2622 7926
3833 6704
42 5344
65 5259
3764 6783
3687 6828
3501 6498
1092 4245
863 6030
2683 7850
2562 7888
3057 7971
2093 7417
3978 7007
239 5178
1068 4346
1480 4382
2895 8086
3711 6821
1411 4447
1064 4342
823 6121
3419 6533
1523 4371
2518 7478
2184 7273
2210 7238
4007 6978
2776 7743
3662 6823
40 5313
480 5387
451 5422
1653 4741
1603 4786
2881 8112
1539 4850
2465 7504
1387 4511
3521 6452
3303 6174
1256 4113
1052 4326
1399 4492
320 5563
1722 4678
2519 7467
3522 6460
2304 7679
2588 7960
1666 4996
2746 8125
2633 8001
2233 7600
1351 4173
844 5698
2028 4835
4033 6862
3639 6951
2106 7467
3848 6682
4084 6880
946 5796
417 5304
3926 6729
3676 7037
2151 7494
1355 4207
104 5453
1301 4146
3102 6457
2802 8153
235 5568
8 5413
481 5324
3365 6165
253 5581
4055 6886
1385 4187
2301 7625
1476 4337
1794 4666
737 6104
1928 4785
2642 8040
302 5140
557 5910
3421 6241
3202 6589
2102 7542
3342 6223
3068 7871
618 5934
266 5199
3023 7817
1363 4117
49 5494
3597 6983
1573 4974
3634 7038
3154 6402
3125 6500
3695 6971
1500 4232
1833 4733
3462 6354
3124 6497
2876 7785
2418 7204
3001 7919
3304 6590
459 5276
379 5155
410 5315
306 5227
1453 4343
2130 7432
1768 5043
2628 7967
3557 6334
1769 5045
3652 6939
2257 7603
1833 4683
2913 7682
1636 4871
2678 7954
3550 6330
3656 6956
2053 7523
1957 4815
3361 6218
3489 6349
3080 6501
1683 5117
2349 7234
805 5717
1466 4299
333 5182
1278 4490
825 5708
584 5949
3016 7870
1051 4460
1251 4507
1065 4433
2920 7697
482 5278
1276 4480
2460 7395
3453 6146
1384 4328
1233 4432
2871 7862
3515 6202
2134 7636
288 5284
2605 8104
1539 5003
3000 7728
2646 8159
960 5706
92 5590
2920 7907
1501 4182
1806 4739
3945 6884
2675 8189
3694 7166
1807 4762
3464 6173
3480 6158
198 5470
2088 7605
378 5348
1116 4604
896 5664
3141 6628
683 5896
1519 4168
2352 7319
1157 4399
4079 6724
1858 4847
1313 4238
1342 4239
78 5631
1939 4640
2246 7538
187 5388
1300 4268
1937 4648
1750 4972
3816 6994
3113 6547
493 5206
216 5475
2666 8145
3918 6901
3831 6988
2201 7461
2054 7608
211 5395
2824 7882
1838 4845
2670 8107
1662 5048
797 5845
1361 4249
2102 7678
2606 8167
3368 6369
1813 4831
1971 4729
3994 6736
291 5352
1884 4759
3964 6833
3461 6228
2838 7874
44 5625
3281 6407
2146 7604
2943 7848
1834 4848
2140 7559
2046 4643
210 5389
85 5514
1253 4357
2414 7308
1841 4818
1262 4362
3679 7099
4094 6682
2356 7379
1609 5025
1568 5064
881 5784
1230 4388
2632 8098
2030 4610
59 5589
312 5322
1679 4987
3478 6242
1908 4748
1397 4237
2790 7966
2853 7901
2951 7807
2300 7429
3189 6540
80 5546
796 5863
3470 6261
1212 4416
363 5269
1608 5047
2773 7978
2253 7885
2510 8143
3344 6930
3512 7101
1519 5097
3825 6390
3537 7126
1421 4999
1275 4849
3381 6971
2095 7712
628 5220
55 5670
3096 6667
519 5140
733 5323
3718 6288
2086 7729
2679 7264
1442 5050
17 5641
3469 7062
3979 6549
659 5260
1808 4402
662 5301
207 5868
328 5987
2509 8161
1185 4749
774 5419
3761 6303
845 5475
3137 6766
3638 6169
3598 6205
2006 4579
1462 4992
1473 5111
3001 7566
1905 4424
3517 7044
95 5734
349 5988
1053 4646
3333 6969
852 5481
162 5789
2554 8133
1038 4657
794 5467
607 5150
2178 7872
9 5706
756 5299
511 6069
2964 7646
3440 6972
3457 7116
3878 6507
2531 8109
1249 4782
1424 5056
2370 7952
2437 8147
1444 5106
4039 6544
1012 5539
2084 7805
3674 6144
870 5436
603 5121
3263 6882
3333 7013
1512 5002
82 5681
470 6069
1285 4963
851 5428
2986 7619
53 5727
1502 5044
296 5955
3831 6298
1386 4868
3437 6914
790 5479
1413 5111
3981 6655
708 5296
1183 4840
3457 7163
1536 4218
1995 4528
2524 8096
1676 4336
806 5542
3919 6606
743 5222
2107 7865
3 5760
1487 4939
342 6096
2585 7313
4078 6503
2735 7204
2915 7663
3301 6761
3495 6955
143 5634
2806 7288
2766 7232
3344 7070
637 5363
3758 6206
1066 4795
3079 6806
3884 6590
1843 4518
1863 4561
2591 7304
602 5314
495 6004
44 5808
3022 7506
1159 4633
3648 6367
1030 4761
144 5680
3454 7134
1657 4313
4058 6523
2397 8185
3533 7018
4093 6485
3844 6573
1324 5020
1660 4300
3030 7524
119 5827
4085 6465
2283 7772
575 5255
2747 7171
3 5818
477 5988
2016 4442
3530 7025
3413 7145
3219 6702
1533 4930
1340 4995
3408 7151
3169 6878
1212 4735
3323 6712
566 5365
3569 6965
677 5217
1619 4251
2728 7264
2146 7851
472 5907
2432 8011
4075 6438
2549 7992
2325 8154
3824 6207
1800 4551
2366 8174
3035 7433
106 5817
167 5744
1062 4862
2625 7320
428 6005
2647 7309
2907 7552
892 5537
1388 5042
2172 7836
3241 6728
3685 6278
3286 6705
3572 6931
839 5551
2237 7764
2316 8165
905 5476
3148 6818
1159 4726
3139 6834
2002 4384
376 6029
218 5676
3227 6754
2502 7996
2980 7519
435 5810
12 5901
15 5902
2777 7645
2443 7822
2092 7978
432 5815
900 5251
290 5674
1785 4593
167 6062
1506 4840
1481 4802
1458 4799
3534 6848
502 5858
1165 5016
817 5159
3328 6679
2576 7436
1399 4714
240 6125
1411 4766
3573 6891
633 5478
4060 6339
2611 7443
1403 4697
3979 6319
2305 7716
3671 6513
2301 8149
3039 7415
2543 7877
1599 4372
3838 6610
299 5638
2069 7992
439 5785
3196 6995
2340 7703
2303 8131
3913 6261
1234 5103
2565 7480
1717 4490
3548 6814
3925 6167
812 5230
3842 6214
387 5829
2646 7440
391 5824
3977 6350
3735 6608
689 5627
2763 7553
2039 4285
3975 6345
2475 7930
2191 8157
140 6111
3171 6967
2669 7483
1408 4823
1621 4365
2506 7827
1465 4832
365 5684
3822 6581
4090 6310
241 6061
3556 6841
3181 6963
542 5441
60 5980
274 5746
475 5818
1057 4931
1782 4500
1447 4803
1072 4950
966 5281
1796 4205
2959 7398
3893 6239
2364 7767
1919 4114
952 5333
907 5350
329 5668
2595 7501
957 5330
260 5748
735 5547
3945 6173
2164 7936
1810 4199
1123 4885
2778 7586
3200 7160
506 5761
531 5480
193 6077
3760 6605
3430 6681
282 5787
548 5536
1365 4816
2560 7558
2051 8068
1895 4320
2481 7737
3363 6826
2771 7513
3875 6319
4033 6220
4028 6188
3686 6646
3246 6974
3960 6382
1456 4648
146 5898
2533 7804
1396 4845
968 5204
2982 7226
417 5692
3021 7277
878 5327
781 5292
2487 7701
2925 7375
3886 6284
410 5689
1520 4692
425 5644
1652 4563
3351 6847
2587 7602
1018 5203
2293 8031
1573 4494
2202 7985
3326 6997
3277 7008
937 5124
3116 7042
1080 5014
1822 4273
1622 4583
1805 4280
3687 6609
1407 4809
1881 4335
1960 4127
2885 7410
2543 7768
54 6030
3075 7098
1651 4554
399 5686
4095 6211
3966 6338
138 5942
3988 6184
3651 6653
1194 4885
655 5424
2955 7220
2079 8159
978 5139
2856 7401
3206 6980
43 6121
1896 4267
3525 6657
1095 4994
1356 4747
713 5379
157 5974
2198 8026
3734 6491
2844 7379
1368 4744
3906 6291
322 5781
2877 7397
3404 6804
1268 4911
1333 4843
332 5806
2118 8099
3276 6953
827 5342
3693 6533
1170 4987
2251 7970
2003 4153
1410 4713
3775 6482
897 5232
2936 7306
1822 4332
3835 6409
1455 4701
1641 4506
3122 7105
570 5582
4021 6208
2647 7584
486 5662
1889 4253
3483 6757
2561 4609
3517 5564
2929 4976
301 6447
3539 5585
3962 6014
2664 4717
2479 4522
2228 4275
4026 6066
2736 4792
2851 4905
4062 6101
2525 4562
2748 4780
3885 5948
2602 4670
1047 7170
590 6747
2030 8183
1003 7154
2617 4643
515 6680
3592 5651
1270 7405
20 6152
2155 4215
3060 5098
56 6183
3953 5969
800 6913
1743 7917
1370 7550
192 6374
841 7022
148 6323
3750 5782
2192 4256
1261 7389
2199 4259
715 6911
1236 7394
2613 4611
3041 5081
62 6151
586 6768
172 6295
1609 7797
321 6527
406 6614
1753 7837
1929 8141
3766 5873
1982 8182
3084 5191
71 6155
3417 5396
616 6693
3771 5877
2603 4708
1444 7659
3265 5269
2229 4323
668 6859
3071 5031
3474 5578
1916 7973
1043 7241
79 6163
2806 4779
3188 5163
322 6434
36 6212
2346 4426
2655 4669
1582 7754
1312 7493
3337 5486
3600 5751
1429 7677
1130 7168
2249 4261
667 6903
1736 7845
348 6449
716 6817
79 6206
451 6577
1255 7315
2802 4740
1847 8001
128 6391
2485 4546
392 6642
2268 4263
334 6450
2892 4913
1583 7760
738 6813
337 6609
926 6942
3729 5652
1256 7277
2572 4745
1013 7038
2515 4440
2226 4158
1688 7700
2475 4391
1351 7624
3254 5177
2711 4632
256 6544
2595 4784
2817 5012
873 7167
869 7155
1244 7236
1766 7806
858 7104
1605 7903
764 6759
3765 5652
600 6905
3405 5615
388 6438
561 6802
2751 4635
3449 5598
1414 7457
3472 5431
3131 5267
3225 5168
1107 7418
3883 6017
3014 4970
247 6235
183 6168
852 7140
639 6863
2398 4591
906 6969
834 7158
2061 4277
2823 5052
3916 6028
1477 7429
1924 8006
3523 5376
1137 7348
3791 5640
194 6154
1191 7276
3530 5383
3107 5358
2452 4420
349 6543
1332 7654
2600 4859
3923 6016
1836 8186
1851 8173
1770 7741
403 6475
3520 5400
3050 4915
1723 7783
3151 5266
1787 7718
379 6555
1259 7178
2380 4512
168 6212
186 6231
3773 5712
2238 4176
997 6923
1181 7282
93 6317
784 7136
1274 7177
2101 4294
719 6715
1776 7685
3456 5493
1001 6942
1242 7200
1564 7911
2975 4962
2985 4950
3320 5624
288 6177
3753 6058
3889 5685
2976 4776
3176 5477
50 6463
2109 4396
2561 4880
1011 6881
1002 6905
259 6166
310 6176
569 6958
3233 5560
3746 6073
3251 5544
1789 8166
2226 4526
2737 5037
114 6510
1948 7808
3668 5962
2512 4302
1213 7586
3129 5414
3011 4835
658 7094
3714 6054
1513 7372
1821 7739
919 6844
1307 7216
2805 5086
1298 7230
2085 4361
166 6538
394 6308
473 6391
1692 8110
3250 5510
1589 7939
353 6233
848 6760
331 6256
3134 5381
3347 5166
3422 5216
2800 5071
2342 4198
3441 5168
2355 4209
3561 5291
3673 5917
2000 7830
1087 7543
150 6620
1075 7544
448 6283
984 6805
492 6305
201 6534
1468 7411
1179 7627
2269 4493
3764 6118
3692 5951
3372 5241
1237 7552
2946 4820
2837 4674
402 6341
1375 7175
2925 4661
1744 8072
2744 5091
312 6245
1321 7286
3987 5874
2324 4214
2010 7864
2152 4364
2499 4262
1239 7602
3289 5555
2832 4731
1744 8123
3029 4793
503 6299
2520 4278
3316 5508
1248 7569
1125 7447
1556 8038
2609 4934
940 6868
2819 4729
1877 7726
700 7111
2713 5090
2555 4231
340 6185
2166 4360
2418 4109
2056 4471
524 7053
2996 4662
934 6692
3485 5145
1097 7631
1120 7655
2261 4447
3810 5998
3090 5532
3099 5524
2097 4542
4074 5752
2686 5098
766 7018
346 6351
1027 7574
2164 4578
3031 4672
3098 5517
2041 7777
1714 7982
3508 5162
394 6165
2878 4769
2065 4494
2509 4178
2734 4878
3111 5510
1956 7686
350 6394
3124 5521
4040 5741
832 6885
885 6867
431 6153
1843 7832
2888 4836
3792 6013
1463 7194
3336 5286
2952 4646
83 6652
2570 5029
1945 7734
2863 4736
725 7012
3475 5152
778 6847
122 6604
3469 5179
2506 4210
1450 7189
1954 7779
756 6967
2385 4242
1590 8179
2769 4889
1319 7406
1091 7567
514 7118
2908 4753
3634 6140
2707 4957
587 7067
1857 7824
567 7141
2594 5105
1429 7235
2071 4558
3629 6132
2553 4128
2698 4944
2392 4229
2767 4881
218 6404
1393 7342
3626 6133
4004 5700
2348 4300
4027 5722
2836 4854
1932 7790
412 6271
2456 4219
2853 4806
3680 6019
399 6251
670 7032
3423 5305
812 6858
4008 5711
1755 7986
3743 6006
1386 7296
2593 5069
3622 6090
2174 4499
2023 7688
2890 4792
3947 5784
745 6941
463 6202
3329 5364
1197 7509
158 6502
2966 4719
1649 8075
2022 7709
1486 7221
540 7137
1005 6672
61 6592
1158 7547
2038 7688
2256 4399
1839 7888
2712 4967
2631 5048
2694 4231
1074 7731
1581 7215
2359 4917
621 6255
2571 4104
2472 5035
3487 6043
3940 5472
1984 7621
1294 7944
3828 5362
1677 7307
2610 4154
2453 5021
1793 7433
3509 6079
1552 7195
1419 8064
98 6766
1005 6624
1432 8085
3707 5238
915 6557
3123 5667
711 6357
4077 5630
2335 4875
3458 6039
3270 5840
647 6289
2478 5049
1 6680
3971 5529
1423 8085
3972 5535
2336 4924
1962 7607
2971 4485
1612 7251
1650 7250
2137 4731
3086 5677
807 6403
1316 7937
1983 7576
877 6469
1202 7834
780 6436
2636 4197
41 6660
39 6665
2683 4180
1549 7225
2440 5053
197 6896
3113 5660
1365 8035
3623 5137
3225 5793
1558 7212
881 6474
335 7024
1182 7903
2875 4473
2273 4770
3847 5441
1800 7488
3611 5201
3691 5157
3301 5812
2368 4884
1168 7877
3962 5420
3459 6101
3889 5478
2087 4720
84 6668
482 7096
2069 4686
1977 7652
205 6803
1686 7369
3713 5345
666 6392
714 6313
544 6215
1846 7519
2961 4600
3422 5941
549 6222
245 6809
1861 7464
869 6410
1727 7375
2495 5070
3221 5860
3070 4493
3924 5415
1071 7770
3398 5936
888 6414
3991 5611
734 6306
3482 6119
1610 7370
2001 7507
888 6651
3895 5554
3504 5941
1291 8077
99 6884
3242 5666
1781 7293
1592 7346
1304 8082
2002 7512
2449 4890
3149 5825
3723 5126
471 6982
1289 8091
1656 7402
2296 4716
1327 8122
4028 5412
2438 4894
3568 5992
532 6285
3291 5698
3551 5957
3447 6122
70 6887
90 6907
614 6340
1103 7916
3511 5918
720 6265
2210 4619
654 6180
1994 7521
1105 7930
1204 7705
2837 4536
408 6966
2915 4562
1220 7798
562 6272
1009 6466
436 6919
2773 4193
2032 7495
2360 5007
3714 5173
2812 4164
2334 5031
2535 4957
1724 7174
1832 7573
4067 5469
2139 4837
3290 5733
96 6879
3904 5505
2307 5056
119 6835
1504 7972
3236 5729
2969 4446
3584 5320
1600 7304
3018 4358
1294 8129
1893 7605
2279 4660
1071 7929
126 6825
3357 6085
3741 5190
2697 4178
2822 4570
3093 5876
1041 7923
570 6360
3543 5940
611 6277
1116 7867
3083 5883
2847 4589
936 6490
1151 7821
506 6927
3934 5545
2963 4452
3069 4356
1353 8115
1743 7217
4051 5421
94 6816
2477 4946
656 6255
1034 7950
1571 7462
3354 5663
1535 7928
1542 7439
1531 7922
2898 4191
283 6678
3120 5951
2358 4647
948 6311
3433 5757
2685 4456
3195 5997
1067 7996
1864 7263
3433 5758
3128 5920
3392 5721
1120 8057
512 6426
3617 5435
3297 6138
22 6921
2157 4978
271 6700
687 6540
2447 4778
1117 8059
484 6850
4062 5368
2127 4968
1739 7660
1054 7993
3501 5764
2497 4843
2392 4723
2738 4505
1971 7326
3659 5477
3603 5437
3228 6066
3473 5823
3455 5711
142 7102
3589 5428
335 6782
1499 7913
269 6719
1114 8046
131 7093
1205 8066
319 6663
1619 7531
1624 7520
1270 8143
926 6309
3323 6080
2847 4129
2330 4645
2398 4638
458 6794
168 7145
2343 4709
2238 5116
1451 7917
3497 5871
1127 7968
2313 4673
564 6524
2183 5069
317 6774
2517 4760
418 6892
759 6567
928 6385
2989 4348
4056 5258
554 6520
1393 7714
1379 7728
3008 4244
3846 5202
3486 5831
2933 4143
3539 5768
2529 4796
154 7108
1382 7684
1333 7766
1473 7847
2285 4997
1883 7217
2894 4132
1782 7580
3785 5538
3020 4263
2310 4715
1839 7233
509 6797
960 6322
2666 4376
2441 4858
3998 5354
3266 6071
3255 6081
590 6454
3722 5622
2866 4175
2814 4480
3914 5321
2876 4287
3459 5632
2540 4712
1931 7183
2643 4566
918 6160
3627 5548
3745 5417
3413 5853
159 6934
726 6495
3658 5568
3612 5526
3136 6090
2895 4292
380 6897
623 6624
731 6484
3958 5369
2729 4408
1900 7421
3593 5530
1222 8021
3460 5651
487 6781
3370 5770
3118 6027
3874 5252
2215 4864
1176 7999
2189 4896
3693 5570
1871 7392
3738 5429
373 6855
1922 7216
3996 5167
1242 8041
2459 4655
3375 5786
3823 5465
2794 4445
276 6828
991 6246
601 6629
1660 7618
2396 4764
3546 5658
1823 7389
384 6725
3151 6025
2836 4317
2145 5035
2272 4908
3739 5463
172 7009
3234 5999
2870 4347
1484 7682
679 6505
2638 4481
2689 4432
290 6899
1892 7351
1769 7485
3876 5360
300 6906
3701 5548
710 6429
1705 7541
3550 5634
3381 5864
2722 4479
2459 4677
2446 4688
2137 5051
110 7053
3133 6106
2135 5055
538 6643
3973 5225
36 7113
792 6390
2742 4441
1897 7321
3902 5326
1200 8003
2341 4817
933 6226
665 6497
1532 7680
3042 6114
309 7476
3579 4605
646 7822
1198 6311
1695 6806
234 7398
1961 7078
1661 6765
2091 5178
3887 4925
1346 6481
3231 4236
474 7628
2749 5802
2862 5943
1690 6784
3407 4437
1085 6177
1189 6331
77 7250
620 7757
1379 6464
278 7474
3659 4707
1041 6200
3975 5038
1069 6148
3871 4917
240 7387
761 7892
3901 4877
2779 5866
2144 5201
374 7495
3299 4304
1958 7058
2695 5811
3564 4568
2514 5606
3054 6107
1607 6769
3201 4281
1405 6468
1162 6323
3140 4221
3279 4341
3478 4525
1142 6221
549 7710
3747 4767
728 7908
1570 6687
1633 6688
822 8052
2267 5272
2154 5161
3458 4550
1275 6335
182 7411
2294 5296
749 7851
3341 4427
2872 6015
1308 6487
258 7502
3339 4423
1903 6975
582 7701
2031 7100
103 7219
3869 4937
400 7620
3135 4201
195 7317
3154 4101
1844 7011
3819 4786
862 7943
2809 5795
1428 6601
2753 5791
2371 5405
876 7987
3307 4276
2671 5647
938 8138
39 7239
2303 5278
3514 4571
2434 5603
1935 7149
2368 5410
3849 4971
2618 5721
2776 5819
2883 5920
2507 5550
1099 6189
916 8178
2741 5842
847 7975
280 7537
422 7628
1701 6863
857 7986
2249 5282
1233 6333
3595 4709
145 7423
2755 5804
914 8189
1354 6458
2584 5737
773 8055
4070 5011
3905 4919
2822 6001
1208 6336
1953 7129
1099 6194
2071 5229
2022 7068
1376 6426
1732 6840
2867 5966
1966 7120
66 7228
3309 4243
1546 6772
2364 5564
3481 4379
860 8158
4093 4990
768 8067
2805 5750
981 8016
1614 6856
2875 6077
438 7473
3394 4554
3822 4711
1627 6870
789 8088
592 7902
1250 6253
1342 6575
777 8093
4012 4920
3521 4439
3028 5954
1795 7061
401 7430
4082 4970
3258 4128
3890 5033
2768 5707
2968 5892
1842 7084
2982 5945
1534 6494
2160 5329
27 7353
2427 5593
324 7651
3159 4336
4 7340
1720 6673
3484 4407
3377 4510
4001 4881
249 7241
454 7543
1268 6215
2593 5781
1238 6240
1856 7159
2039 6976
3677 4839
722 7785
2369 5505
1509 6437
2462 5471
1175 6230
1675 6733
690 7797
1870 7049
580 7820
3799 4637
1166 6213
98 7337
3097 4306
3148 4226
1997 6940
929 8051
2430 5549
2527 5388
3932 5001
3119 4345
440 7534
1287 6608
2050 5338
2141 5252
832 8089
3110 4349
742 7741
516 7896
453 7449
518 7898
752 7725
175 7281
3087 4335
4025 4955
1845 7127
2810 5656
2260 5175
1451 6472
2667 5775
4077 4872
841 8111
2118 5280
3226 4221
462 7462
4046 4902
2688 5739
3367 4553
672 7759
1543 6903
1014 7943
3718 4724
3964 5007
1779 6663
1154 6262
597 7843
1717 6722
1794 7160
967 7995
2510 5426
1878 7083
2125 5298
2089 5334
3390 4159
3507 4273
1872 6738
2122 5454
2461 5272
3553 4329
2758 6094
1482 6338
2054 5390
2081 5417
3974 4750
3032 5841
1594 6960
3873 4653
1131 6500
1508 6388
1348 6229
1061 6455
405 7302
2441 5274
1642 7039
3092 4354
1337 6191
3535 4311
2575 5910
3608 4868
2167 5483
2750 6050
514 7964
3223 4488
545 7938
1205 6557
1449 6275
971 7904
3787 5094
2792 6087
222 7662
1455 6300
1476 6386
3763 4997
3577 4289
1943 6831
1876 6765
3059 5834
3073 4411
2190 5557
2629 6014
2896 5740
3676 4893
884 7735
3860 4688
1668 7107
3815 5024
1944 6867
982 7837
3717 5065
1225 6532
157 7632
1751 7064
710 8086
88 7432
3996 4813
3352 4174
2910 5638
1247 6535
3082 4434
2684 5925
2905 5635
2068 5448
2390 5130
478 7358
243 7570
3796 5040
2429 5146
3880 4673
3562 4224
1758 7090
2960 5884
1879 6714
1000 7813
111 7426
315 7253
354 7181
2987 5851
2248 5562
796 7791
3110 4446
367 7191
2351 5206
1162 6640
2572 6000
1418 6388
3100 4450
1164 6413
582 8132
215 7509
708 8002
1792 6790
332 7364
2513 5209
1151 6647
763 8050
362 7395
3244 4390
2072 5523
1862 6861
1029 6536
2435 5133
2902 5830
3584 5009
3930 4808
1909 6886
1645 7161
1298 6279
804 7858
2168 5614
4069 4732
1873 6858
3048 5749
3252 4393
1358 6383
1804 6830
455 7267
280 7358
278 7356
2239 5397
2266 5494
3161 4596
806 7819
3246 4355
3561 4166
1680 6946
120 7626
2511 5243
1173 6433
3237 4368
3101 4523
2422 5312
2414 5336
3317 4429
2692 5948
809 7824
1771 6993
913 7722
1156 6463
3762 4873
2162 5583
3784 4982
2848 5856
3529 4107
2246 5378
46 7658
3626 5100
2354 5364
2893 5766
1899 6823
1125 6568
1093 6548
3837 4910
2750 5994
143 7514
2471 5234
3271 4383
1673 6993
1032 6610
3571 4142
3410 4237
2129 5518
3803 4923
191 7516
1195 6479
369 7317
67 7589
2653 6074
2297 5393
2937 5777
2739 5979
3295 4406
1327 6342
996 7691
1554 7138
3058 5633
4009 4698
2155 5528
441 7245
298 7388
1802 6908
3757 4948
981 7724
1073 6603
2500 5176
3477 4202
2928 5489
2410 5999
3074 4615
1965 6571
594 7252
1409 7046
2973 5525
1597 6197
2153 5729
2912 5480
2539 6113
3762 4285
465 8129
22 7687
3891 4386
1040 6657
1189 6839
835 7505
3981 4505
819 7466
124 7782
3094 4620
3338 4886
1017 7653
769 7452
2440 6037
284 7937
1122 6780
2757 5338
307 7955
2936 5464
4047 4590
2262 5876
2523 6141
1873 6519
3038 5625
2422 5982
3017 5601
359 8014
3973 4527
1222 6890
115 7775
3245 4737
1561 6187
2606 5148
3805 4334
418 8081
4065 4565
3178 4702
2904 5485
3209 4785
3672 4194
3398 4988
2197 5806
3047 5596
1007 7636
3117 4624
3402 4980
2282 5844
3776 4351
2472 6039
3348 4907
2604 5228
107 7722
221 7839
3576 5052
2329 5981
3931 4381
1732 6275
2363 6002
2530 6056
641 7370
3547 5008
1296 7004
1754 6294
3493 5097
4063 4497
445 8179
469 8090
2538 6078
997 7600
3090 4679
3761 4327
1601 6171
2682 5153
2055 5720
747 7306
1809 6512
2493 6104
1441 7111
1857 6439
3290 4797
255 7832
2725 5325
3134 4695
1345 6952
1779 6297
643 7400
128 7916
3224 4852
1828 6473
1948 6639
3443 4869
3367 4959
2829 5492
156 7910
998 7578
2617 5188
3043 5534
1479 7096
4080 4495
625 7409
2455 5911
1388 7150
1738 6217
461 8005
3670 4318
3410 5083
1887 6614
3526 4941
3003 5424
3982 4354
2675 5374
2573 5248
676 7210
1325 7074
1366 7110
1540 6293
3845 4503
3092 4743
136 7708
2908 5577
2668 5371
1008 7528
1991 6494
3928 4545
1941 6412
3259 4642
2777 5187
2036 6511
1517 7026
174 7729
1806 6575
3300 4677
1753 6267
1829 6531
1290 7085
4084 4444
3451 5074
2011 6519
3547 4981
2825 5542
1326 7069
3894 4483
758 7235
444 7947
3127 4751
3355 5025
3167 4833
3819 4181
3427 5085
2799 5200
2551 5943
118 7860
691 7280
922 7518
3705 4272
3284 4639
1905 6589
3949 4513
4025 4468
2564 5321
2962 5468
3468 4931
1980 6515
146 7746
2250 5657
1853 6633
2057 5854
2182 5727
3542 4877
1461 7017
3019 5399
1207 6760
2335 6143
1129 6792
1278 6685
3208 4716
3083 4846
1462 6992
2323 6132
2605 5317
3917 4516
1198 6725
3358 5106
3806 4144
1522 6940
3869 4594
3982 4476
3210 4728
1140 6791
2520 5931
54 7872
774 7664
2739 5189
2859 5596
729 7203
3939 4504
3312 4622
884 7562
2668 5267
932 7335
3175 4962
989 7384
1109 6995
2769 5591
3510 4798
1276 7157
1855 6198
3434 4704
2770 5592
153 8084
642 7570
3192 4974
915 7301
1421 6811
2752 5591
2590 5383
2306 5656
1564 6407
1629 6470
2121 5973
2974 5250
1111 6986
73 8023
3555 4860
2687 5472
3368 4617
3363 4609
225 8133
2491 5779
1629 6516
3875 4111
1933 6304
820 7194
1551 6462
2890 5243
1306 6699
3017 5368
1734 6645
3991 4258
2724 5521
3885 4123
2997 5263
678 7580
2405 5726
3730 4521
3334 4667
1190 7064
1437 6874
1910 6207
2388 5661
1434 6864
366 7715
3079 4938
2227 6142
2476 5859
3479 4805
5 8022
3859 4160
2824 5214
704 7575
1020 7339
957 7397
3900 4197
512 7513
1315 6777
843 7185
200 8084
4087 4267
2787 5566
3179 4916
3756 4556
2397 5692
2236 6109
3574 4757
2380 5672
262 7778
1149 6937
3700 4368
1171 7156
1031 7023
3191 4892
2828 5217
2411 5659
1631 6446
750 7581
1290 6777
3498 4818
900 7422
3553 4762
1150 6917
2712 5400
1638 6630
3534 4686
2274 5986
3221 4884
3929 4315
1463 6709
1272 7037
2500 5704
2467 5678
2083 6062
1219 6989
3893 4261
3305 4985
275 7810
2202 5896
3924 4288
2880 5335
1796 6291
658 7434
368 7913
3834 4448
906 7190
1195 6964
1445 6714
1154 6941
826 7323
3490 4608
1999 6253
3285 4983
1017 7259
2467 5636
215 8048
1317 6796
3369 4739
2521 5749
765 7504
3186 5087
3870 4272
2420 5850
1548 6563
742 7510
732 7535
1384 6875
726 7522
464 7780
4001 4116
1217 7030
1475 6779
2034 6216
784 7338
876 7376
3007 5123
1123 7134
2104 6021
3029 5226
3526 4610
1106 7063
2400 5797
2424 5821
1364 6803
2292 5950
3046 5165
1307 6869
1292 6878
3970 4182
2452 5696
2714 5452
3682 4533
3513 4706
593 7567
2336 5887
3968 4191
568 7641
2592 5569
808 7373
3533 4651
2631 5536
4048 4151
37 8140
1110 7103
2630 5549
1844 6362
444 7763
2530 5649
1216 6964
1604 6578
1577 6622
248 7951
1329 6857
979 7211
3817 4369
2224 5963
1783 6411
3060 5128
2063 6131
2285 5904
1045 9232
522 8706
1180 9364
580 8788
596 8773
654 8856
231 8446
584 8785
1478 9692
1491 9672
1593 9764
102 8258
92 8313
1674 9900
1075 9241
1602 9839
188 8337
699 8854
212 8443
1121 9296
1319 9493
677 8848
702 8836
711 8957
674 8934
1138 9270
1048 9309
1352 9476
651 8903
370 8511
1236 9349
1474 9622
1449 9726
125 8230
587 8725
622 8718
1108 9265
829 9050
1318 9546
1265 9345
174 8409
1649 9737
1725 9926
309 8523
1620 9940
88 8409
1258 9324
1339 9648
678 8744
620 8957
392 8474
1337 9643
683 8764
75 8402
1772 9846
1336 9636
552 8885
1731 9820
956 8985
707 8805
1662 9941
204 8316
727 8806
1762 9818
228 8285
165 8223
631 8908
684 8723
1493 9495
924 9046
1085 9458
615 8872
1574 9974
1699 9851
1767 9785
1669 9828
1038 9455
656 8821
504 8478
555 8902
331 8612
632 8855
839 9143
499 8449
1748 9760
2045 9993
226 8222
1497 9509
1978 9914
1985 9923
614 9056
1285 9229
1472 9420
862 8784
821 8742
1909 9830
393 8346
664 9088
1797 9753
751 9203
849 8816
1141 9565
634 9043
1172 9657
663 9146
385 8364
251 8661
1443 9356
1109 9573
409 8363
1859 9840
534 8995
408 8354
21 8491
1176 9693
739 9125
1214 9720
1940 9950
131 8659
1617 9995
1803 9814
826 8804
999 8839
1016 8858
183 8658
673 9156
650 9199
501 8339
94 8500
1511 9356
310 8262
761 9098
1921 9981
855 8746
450 8256
177 8498
931 8743
343 8402
1374 9433
430 8233
231 8559
1506 9320
1880 9939
1996 9792
73 8647
490 8314
1448 9274
1685 9991
1437 9231
745 9085
1224 9564
1106 9675
1020 8806
165 8452
1219 9574
435 8213
1118 9721
513 9129
1697 9997
500 8283
1225 9596
603 9196
385 8253
126 8643
1227 9588
1879 9879
1332 9462
31 8667
1851 9971
950 8828
1845 9982
69 8585
246 8505
1448 9336
45 8697
995 8757
924 8772
783 8916
757 9002
483 8252
1138 9619
249 8475
755 8977
1044 9718
1911 9887
358 8333
1969 9818
175 8515
1401 9352
868 8851
787 8939
1965 9809
378 8324
436 8266
886 8565
226 8940
1174 9856
308 8994
661 8323
955 8621
1183 9863
404 9100
225 8952
2041 9696
646 8351
1901 9591
462 9173
1913 9570
1201 9873
1837 9487
1589 9239
524 8234
43 8716
123 8787
1257 9922
1935 9632
995 8652
1637 9303
311 8964
171 8863
1772 9433
255 8903
314 8960
1697 9370
2021 9689
1 8764
671 8412
318 9082
1831 9571
2020 9635
413 9172
448 9104
609 8241
1908 9510
164 8944
1068 9848
988 8583
755 8360
1973 9707
672 8384
2008 9658
422 9156
1548 9327
109 8710
1062 9805
739 8342
1942 9708
80 8747
937 8489
1209 9788
1756 9296
1560 9354
359 9204
85 8909
1032 9896
901 8486
1133 9930
1747 9343
233 8775
1563 9387
814 8604
1595 9348
564 8436
1246 9759
1760 9250
1172 9815
1883 9628
771 8651
164 8815
276 9178
736 8250
1677 9297
1174 9842
588 8360
675 8260
652 8295
986 8490
1583 9439
571 8395
840 8632
934 8534
99 8855
299 8750
844 8257
1728 9678
637 8563
14 8990
1639 9589
1459 9889
1515 9976
181 9121
1893 9330
1773 9713
1788 9698
1595 9489
1580 9479
860 8305
1749 9723
1022 8401
59 8971
1752 9709
1962 9372
1620 9571
762 8640
271 8756
1640 9558
1816 9255
398 8910
103 8995
355 8743
922 8414
1600 9477
840 8194
581 8459
1306 9802
541 8527
387 8919
1967 9466
1840 9319
720 8584
811 8266
670 8700
443 8927
190 9176
990 8375
1679 9699
702 8652
1997 9407
456 8891
124 8968
889 8207
1572 9555
895 8199
935 8415
556 8533
1849 9282
846 8240
1587 9651
1678 9482
1958 9259
24 9089
302 8884
1563 9600
424 8755
1708 9485
875 8394
969 8299
525 8623
1402 9949
135 9007
510 8786
1964 9241
1825 9445
945 8311
140 9029
547 8682
1608 9602
1430 9821
546 8684
736 8495
1901 9404
1993 9243
1425 9804
1868 9362
434 8812
173 9039
389 8800
1920 9320
953 8274
354 8846
466 8739
1867 9400
1674 9590
1874 9388
1514 8681
169 9377
1770 8929
224 9455
691 9895
321 9561
641 9881
1505 8699
1047 8204
1483 8683
1362 8571
1738 8931
141 9383
1570 8720
275 9515
719 9974
460 9717
244 9423
1804 9009
536 9816
1213 8441
511 9653
766 9906
1702 8948
1580 8830
1786 8878
1367 8450
1577 8817
1951 9159
1591 8814
1136 8233
1184 8442
1237 8334
1921 9189
1136 8218
1730 8878
1525 8600
125 9235
1618 8740
510 9609
234 9373
154 9442
57 9284
746 9876
649 9739
1597 8891
1852 9142
1622 8924
1604 8904
1984 9036
748 9826
484 9578
1855 9137
1990 9046
596 9925
1299 8577
1318 8627
185 9263
214 9281
495 9592
660 9740
89 9412
685 9743
208 9330
2015 9085
723 9847
560 9879
414 9527
1603 8941
1192 8216
1516 8542
58 9353
535 9892
253 9291
579 9977
613 9944
1902 9171
1646 8912
1689 8742
1541 8901
62 9470
254 9275
161 9319
508 9520
219 9237
638 9902
1426 8515
213 9223
698 9838
528 9924
1534 8491
528 9928
339 9610
630 9903
91 9344
1389 8626
1530 8485
87 9399
152 9342
700 9819
236 9220
2037 8989
703 9814
1814 9212
1345 8622
1248 8213
1417 8572
1766 8734
1080 8386
1161 8309
1930 9079
1247 8225
539 9957
344 9304
1051 8474
348 9311
1464 8379
1021 9977
786 9749
230 9697
1509 8431
1819 8717
112 9577
419 9401
815 9780
397 9362
1978 8862
347 9343
18 9528
382 9286
86 9582
1091 8575
491 9386
1446 8421
1841 8818
1886 8730
323 9227
1280 8267
361 9255
1036 8541
1317 8304
1713 9191
818 9808
795 9855
1721 9181
1266 8597
830 9813
1417 8423
953 9931
1042 8551
411 9440
377 9222
1780 9099
443 9276
1367 8400
1791 9074
1947 8715
1643 9209
1483 8286
1643 9212
889 9966
76 9691
84 9673
1373 8445
1576 9097
1382 8397
1324 8322
1684 8998
816 9858
1083 8584
1130 8663
439 9226
257 9406
83 9618
30 9695
420 9317
1709 9070
194 9481
1141 8613
1904 8871
413 9281
947 9838
890 9886
1055 8697
1101 8618
1146 8593
1097 8610
750 9984
1427 8289
1559 9189
1392 8323
1503 8235
364 9364
958 9660
113 9843
593 9298
1090 8772
709 9427
2012 8650
1457 9133
1538 8227
1572 8193
583 9323
1762 8406
1052 8744
946 9615
46 9744
1889 8542
1793 8513
1729 8321
1526 9141
887 9524
1066 8814
1004 9640
1606 8207
1460 9209
642 9426
122 9769
762 9388
1288 9055
1178 8902
669 9411
1046 8822
63 9819
1442 9157
682 9421
1894 8463
148 9957
371 9998
1989 8634
986 9560
1511 9057
1311 9107
1829 8617
1615 8413
1446 9008
250 9837
988 9540
729 9336
1347 9188
1706 8194
121 9938
1082 8854
1745 8293
1512 9055
210 9834
779 9648
927 9507
1689 8228
930 9500
551 9441
1058 8933
33 9967
1076 8932
1799 8657
1870 8595
118 9899
588 9389
487 9998
1042 8956
1338 9173
1664 8306
861 9646
1711 8280
1187 8794
877 9623
1029 8959
1698 8281
1341 8765
819 9267
1121 9056
1036 8974
660 9623
320 9797
659 9626
744 9697
1790 8689
701 9644
1134 9084
1266 9185
2018 8438
1269 9184
721 9668
1084 9002
1696 8630
1912 8289
297 9778
1625 8518
1407 8795
627 9556
1632 8522
1754 8695
382 9808
1364 8826
886 9305
875 9307
797 9258
1775 8662
352 9823
1480 8951
1028 9031
1433 8913
1698 8686
1885 8208
1911 8249
1759 8590
1179 9161
1132 9018
805 9331
1288 8798
1414 8925
1426 8911
1524 8874
595 9523
2018 8331
631 9501
1596 8531
1683 8674
1798 8308
1320 8796
1878 8226
1588 8514
1837 8277
574 9541
589 9520
1263 9105
1864 8392
791 9366
1828 8358
1584 8627
1684 8471
687 9516
974 9290
1040 9091
1003 9334
715 9558
1975 8214
1381 8897
1848 8349
1765 8526
879 9437
749 9566
1703 8464
666 9506
1054 9127
1257 9042
1057 9117
182 9992
851 9453
1207 9077
1077 9206
1408 8777
338 9885
1571 8690
485 9776
1807 8407
866 9404
1185 9025
1771 8457
998 9221
982 9266
360 9868
1545 8675
974 9278
1412 8821
391 9845
1831 8403
246 9984
1114 9120
1562 8673
360 9877
1494 8745
2186 8328
3184 9340
3408 9564
2458 8597
2357 8480
2737 8873
2191 8343
3349 9483
2637 8812
2444 8616
3683 9797
3836 9946
3837 9937
3702 9816
3286 9443
3306 9424
2854 8984
2842 8997
3077 9280
2126 8203
3313 9399
2826 9024
2344 8549
2426 8501
3711 9771
3438 9530
2280 8382
3615 9792
2900 9013
2168 8219
2116 8236
3544 9650
2918 8973
3690 9734
2416 8448
2708 8935
3715 9973
3436 9488
3835 9861
2309 8576
2814 8823
3336 9603
3524 9544
2243 8276
3662 9941
3339 9641
2945 8997
3525 9568
2123 8429
3091 9406
2555 8522
3772 9742
3126 9346
2803 8773
2771 8810
3697 9933
3228 9249
2548 8501
2635 8835
3604 9948
2128 8344
2499 8461
2424 8616
2521 8456
3163 9359
3118 9422
3632 9939
2360 8667
3586 9959
2987 9026
2546 8472
2970 9079
2090 8388
2485 8519
2077 8425
3264 9272
2579 8936
2170 8321
2726 8792
3621 9946
2811 9208
3119 9516
2590 8987
2179 8580
2700 9094
2446 8320
2369 8275
3350 9219
2639 9041
2783 9215
3065 8922
2340 8192
2921 8769
3277 9702
2337 8205
4064 9935
3319 9688
3952 9793
2648 9067
3922 9825
2395 8303
2341 8208
2995 8836
2491 8322
3009 8955
2401 8285
3051 8918
2658 9006
2726 9194
2217 8696
3207 9684
2111 8553
3908 9746
2176 8665
3133 9568
3913 9748
2258 8588
3371 9332
3223 9725
2596 9039
2581 9086
2600 9029
2470 8404
3170 9495
2800 9093
4067 9882
3162 9505
2426 8198
3724 9996
3997 9752
2870 8883
3936 9958
2559 8311
2498 8267
3903 9909
3319 9597
2587 9109
3055 8827
3909 9937
3105 9661
2873 8857
2229 8469
2816 8864
2956 8749
3537 9331
2965 8752
2976 8713
3063 8796
4075 9798
3114 9630
2935 8899
2504 8304
2314 8370
3500 9239
2068 8623
2850 8863
2744 8965
3959 9904
3164 9627
3443 9401
3291 9488
2134 8582
2549 8228
4079 9788
2120 8606
2419 8363
4030 9828
2080 8700
2757 8985
2742 9066
2177 8540
3513 9311
2704 9078
3957 9874
2756 9005
2567 9206
2909 8879
4027 9801
2474 8284
2676 9090
3074 9722
2073 8676
2413 9065
3146 9806
3311 9962
3943 9569
2461 9111
3978 9601
3741 9361
3242 9894
3239 9898
3066 8692
2408 9076
3782 9435
3980 9645
2306 8993
3168 9798
2574 8231
3937 9546
3951 9538
2993 8607
2103 8711
2541 9179
3610 9260
2717 8359
2058 8756
3399 9985
3794 9369
3200 9936
4042 9624
4029 9703
2241 8864
2361 9051
4011 9670
2981 8651
2699 8420
3298 9869
3292 9901
4060 9646
3782 9393
2817 8569
2558 9095
3108 9822
3028 8618
3766 9417
2954 8693
3974 9477
3085 9865
4006 9519
2281 8802
3035 8528
2607 8380
3881 9649
2664 8436
3879 9659
2577 8335
3950 9673
3207 9774
2136 8947
3998 9514
2525 9062
2079 8868
2428 9153
2709 8273
2782 8217
2780 8219
2970 8530
2705 8283
3685 9384
2819 8658
2926 8639
2813 8239
2772 8198
2732 8312
2149 8880
3790 9240
2830 8661
3757 9334
3271 9770
2373 9140
3587 9463
3605 9442
3773 9284
3829 9230
2995 8525
3494 9890
3851 9218
3857 9247
2200 9111
3637 9510
3580 9960
3034 8398
2214 9139
4089 9441
3464 9872
3436 9840
3544 9926
2167 9047
3328 9763
2979 8327
3660 9593
3721 9675
3465 9932
3938 9259
3899 9328
3963 9270
3829 9659
3726 9694
4082 9389
4066 9344
2602 8521
3984 9467
4017 9436
4041 9382
2840 8296
3902 9293
2391 8748
3720 9718
2430 8705
2880 8387
3826 9590
2815 8568
2894 8385
3331 9874
3967 9452
2623 8615
3026 8271
2877 8352
2433 8735
2658 8642
4024 9234
2534 8779
2634 8698
2721 8466
3467 9791
2831 8373
2586 8608
2170 9152
3856 9390
3763 9586
3567 9769
3470 9801
2720 8553
3630 9700
3566 9762
3719 9545
2779 8458
2571 8664
3629 9723
2483 8811
2762 8468
2564 8666
2110 9178
2410 8844
2059 9185
3010 8232
3867 9457
2544 8733
3355 9963
2542 8735
2115 9138
2147 9108
2219 9040
2991 8275
2719 8544
3903 9022
3397 8518
3254 8370
2420 9572
4020 9126
3619 8753
2315 9503
2468 9662
2389 9584
2628 9836
2702 9895
4024 9106
3217 8381
4030 9096
3628 8726
3660 8823
4004 9115
2454 9686
3453 8508
3536 8594
3994 9170
3776 8841
3645 8820
3287 8349
3589 8782
3094 8282
3804 8850
3827 8892
3380 8548
3176 8251
2707 9927
3165 8200
2515 9611
4054 9101
2290 9385
3266 8354
3153 8250
2399 9524
2436 9705
3187 8222
3813 8853
3971 9203
2346 9563
3198 8205
3593 8829
2166 9463
2797 9833
3442 8695
4059 9053
2589 9875
2722 9773
3586 8845
2962 9990
2344 9663
3272 8276
2518 9547
4041 9047
4064 9027
2332 9656
2470 9472
2488 9502
3594 8876
3861 9147
3695 8922
2403 9689
3369 8596
3193 8391
2516 9579
3727 8752
3088 8367
3516 8572
3555 8481
3273 8202
4017 9083
2476 9575
2116 9354
2612 9978
2552 9527
2570 9944
3990 9028
3774 8811
3112 8447
2294 9262
2077 9409
3104 8444
2696 9836
2214 9292
2524 9522
3795 8739
2562 9978
3288 8224
2578 9960
2411 9617
2254 9268
2254 9269
2193 9326
2991 9897
2132 9565
3106 8488
3701 9057
3868 8712
3854 8728
3305 8703
3565 8438
2291 9709
3322 8664
3066 9951
4043 8931
3214 8615
2463 9397
2333 9261
2479 9372
3005 9867
2865 9734
2431 9287
2236 9605
2262 9706
2932 9800
2261 9707
2516 9451
3786 9097
3202 8646
3926 8723
3691 9005
3675 8988
3243 8674
2938 9779
3742 9175
2180 9687
2480 9446
3728 9165
3816 9143
2952 9943
3065 9883
2436 9451
2205 9714
3282 8637
3267 8628
3389 8377
3790 9031
3523 8264
3810 9070
3666 9158
3477 8206
2221 9526
3044 9848
3993 8760
3295 8564
3321 8532
3650 9200
3666 9191
3771 8963
3986 8747
3683 9177
3532 8305
3163 8678
2407 9381
2220 9579
3858 8917
2185 9536
2048 9678
3588 9172
4026 8808
3023 9754
2477 9339
2820 9950
3377 8431
3798 9015
2823 9954
2350 9417
4031 8789
4070 8717
2376 9381
3052 9756
3505 8256
3992 8809
3010 9783
2331 9443
3430 8348
4059 8736
2105 9786
2759 9409
3518 9145
2619 9265
3698 8319
3268 8906
3755 8377
2655 9290
2855 9522
2682 9315
2927 9589
2094 9780
3145 8787
3840 8476
3409 9036
3529 9193
3531 9195
3862 8502
3752 8330
3313 8915
2911 9595
2180 9889
3573 9180
2831 9508
2299 9943
3855 8480
3262 8846
2942 9549
3756 8338
2854 9570
4032 8580
3309 8875
4012 8678
3874 8556
3946 8505
3748 8439
3940 8503
2248 9885
3642 8295
2951 9690
2685 9246
3335 9059
3236 8908
4043 8610
2144 9738
3946 8453
3574 9113
2793 9369
3548 9130
2425 9999
2821 9597
3495 9180
2938 9478
2078 9883
3107 8870
2703 9225
3229 8731
3904 8647
2159 9959
3781 8269
2923 9698
3824 8317
2716 9229
3183 8958
3365 9150
2715 9223
2820 9627
3791 8301
2188 9774
2057 9899
3781 8294
2834 9654
2268 9844
2680 9430
3384 9098
3283 8801
2939 9679
3684 8401
3799 8302
3563 9040
3955 8648
3638 8328
2060 9935
4003 8551
2693 9282
3334 9162
3440 9150
3575 9016
3980 8543
2812 9254
3898 8679
2888 9621
4053 8503
4085 8473
3435 9113
3866 8684
3570 8965
3554 8986
3264 8765
3350 8722
3839 8698
2701 9611
3888 8247
3315 9211
2576 9498
2687 9581
3879 8255
3733 8588
3448 8793
2869 9238
2372 9831
2775 9712
3437 8775
2692 9640
3411 8831
2551 9947
3084 8993
2373 9835
2431 9806
3232 9106
3255 9093
3076 9009
3361 8724
3733 8620
3314 9161
3465 8886
3751 8679
3564 8879
2395 9759
3989 8400
3150 8968
3296 9128
3647 8566
3749 8683
2904 9224
2910 9227
3814 8638
3709 8487
3678 8509
2914 9222
2650 9535
3809 8601
2656 9497
2708 9710
2974 9444
3572 8847
3641 8635
3983 8201
3640 8639
3858 8341
4047 8259
3802 8534
3967 8432
2404 9975
3780 8530
2592 9655
3737 8448
3496 8755
2529 9794
2527 9849
2927 9413
4068 8264
2630 9704
3569 8799
3665 8702
2325 9893
3649 8694
2379 9972
3805 8479
3278 8972
2674 9652
2451 9813
2833 9430
3943 8365
2804 9529
3915 8350
2264 9999
2522 9728
2394 9857
3844 8408
3507 8793
3738 8560
3324 8974
2728 9563
2720 9561
3624 8660
4574 8670
4766 8861
5147 9245
5785 9877
5274 9366
4815 8924
5466 9551
5884 9961
5811 9896
5245 9318
4692 8778
4846 8911
5075 9201
4302 8426
4816 8948
4629 8753
5554 9620
4375 8510
5869 9924
4941 9063
5828 9962
5626 9685
4763 8875
4781 8859
4181 8297
4134 8293
4235 8399
4270 8424
5496 9534
5059 9092
5357 9380
4265 8416
4110 8261
4547 8589
4978 9021
4794 8938
4912 9061
4986 8996
4155 8292
4358 8549
4871 9058
4825 8881
4918 9049
5108 9092
5628 9608
5032 9182
5646 9847
5018 9184
4826 8865
5413 9637
5571 9543
5714 9942
5231 9446
5870 9827
5519 9473
4252 8201
4444 8649
4720 8935
4631 8847
5273 9273
4888 9144
5306 9243
5679 9867
5202 9462
4282 8221
4503 8484
5345 9300
4293 8317
5663 9892
5586 9580
4283 8196
6093 9994
4243 8282
4477 8630
4940 9117
4702 8844
5181 9447
4170 8342
4461 8624
4118 8392
4321 8255
4546 8486
4779 8771
4122 8434
5195 9405
5972 9811
4942 8771
4246 8582
4443 8265
4255 8587
4909 8763
5921 9789
4951 8779
5062 8920
4461 8306
5308 9629
4853 9175
4453 8257
4623 8996
5079 8953
4184 8552
4758 9124
5449 9338
4749 9144
4378 8237
5298 9610
4347 8637
4725 9021
4144 8573
4699 8981
4517 8426
4671 9072
5966 9757
5975 9731
4165 8477
4658 9065
5913 9796
4260 8645
5956 9766
4715 8969
4544 8355
5451 9251
5187 9513
4179 8504
4797 9167
6010 9729
4257 8670
4906 8874
4674 9158
5908 9860
4201 8701
4967 8956
5509 9246
5043 8751
4415 8343
6082 9837
5954 9965
4790 8960
5159 9631
5820 9990
6073 9732
4146 8591
6086 9851
4866 8896
4394 8420
6134 9784
4705 9134
6064 9827
4346 8493
6137 9763
5004 8791
4105 8662
4198 8633
5573 9242
4952 8888
4879 8941
4681 9130
4624 9210
5154 9672
4141 8646
6114 9737
5323 9511
5434 9418
4633 9197
5307 9548
4491 8307
4332 8469
5468 9382
6102 9773
5011 8815
4578 9186
4961 8547
4398 8999
5881 9450
4544 9171
4268 8889
5870 9465
6045 9607
4806 8411
4438 9072
4499 9147
4812 8444
4625 8224
5131 9785
5952 9588
5093 8656
4449 9051
5670 9245
4924 8552
5756 9257
4904 8562
6113 9660
5081 8583
5347 9916
4575 9088
4436 9014
4920 8538
4821 8374
5237 9753
4873 8563
4667 8263
6125 9582
4111 8840
6139 9586
4536 9010
5112 8567
4163 8917
6036 9484
4489 8976
5366 9839
5792 9273
5839 9326
6055 9475
5836 9323
5759 9425
5132 9891
4842 8286
4596 9038
4926 8578
4397 9107
6128 9521
4679 8326
5017 8539
6034 9553
4355 9159
4615 8399
5341 9746
4169 8857
6048 9585
5073 8451
4344 8746
4220 8860
5352 9732
5304 9812
5768 9338
5938 9669
4549 9023
4849 8688
5636 9478
4457 8801
4314 9168
5859 9704
4670 8498
5502 9841
4530 8865
4576 8950
4902 8254
4636 8454
4802 8668
5624 9945
5603 9922
6128 9428
5978 9328
5639 9515
5558 9880
4551 8951
5837 9724
5875 9671
4775 8595
5990 9297
4626 8490
4783 8596
4103 9020
5498 9796
5932 9235
5642 9548
5506 9928
5198 9989
4960 8235
5096 8358
4734 8496
4826 8586
4125 9037
4771 8690
4452 8766
4428 8720
5013 8393
5210 9991
5703 9496
5722 9530
5983 9277
5074 8368
5020 8442
5088 8334
4989 8211
5645 9596
4533 8897
4177 8998
5471 9767
4735 8454
4734 8452
5902 9358
5488 9968
4482 8704
5817 9535
4367 8839
5724 9680
4940 8412
5517 9758
5495 9956
5803 9534
4337 9060
5533 9739
4552 8784
4137 9137
5511 9752
4600 8807
5759 9695
4097 9122
5379 9888
4177 9204
4133 9102
4887 8376
4921 8329
5682 9603
5009 8227
5023 8237
4537 8705
5740 9682
5772 9523
4306 8978
4462 8876
4215 9141
4969 8362
4194 9126
6068 9329
4244 9052
5788 9555
5700 9616
5924 9468
4406 8937
5061 8229
5814 9559
4385 8896
5695 9692
4774 8517
4768 8516
5938 9431
4240 9080
5754 9616
4587 8709
6124 9218
4425 8871
5077 8226
5980 9378
5456 8529
5745 8824
5254 8340
4445 9550
5303 8353
4581 9724
5164 8247
4225 9370
4297 9429
4395 9526
4516 9613
5794 8841
5297 8348
5127 8246
5461 8545
4810 9980
5138 8229
4165 9341
4404 9487
5765 8901
4603 9658
5229 8234
4809 9870
5488 8504
4823 9884
5619 8611
4689 9735
4121 9294
6008 8992
4481 9691
4186 9277
5543 8653
4519 9676
5887 8851
5569 8625
4548 9654
4188 9263
5461 8483
5747 8714
4118 9322
5431 8520
4322 9313
5851 8798
5878 8802
5022 9989
4450 9727
5279 8193
6140 9053
4329 9291
4773 9728
4800 9829
4451 9669
4353 9639
4561 9593
5641 8866
6103 9082
4755 9790
6127 9024
4136 9375
5249 8248
6033 9003
4418 9726
4216 9415
4838 9767
5833 8714
4717 9897
4592 9525
4132 9453
5365 8254
4678 9866
4572 9480
4654 9979
5209 8335
5237 8366
4515 9598
5915 9157
4474 9626
6099 9010
5873 8729
5349 8212
5590 8482
5169 8390
4274 9295
4155 9413
6109 8925
5498 8312
5867 9199
6055 8867
5553 8372
5585 8406
4147 9506
5039 9914
4287 9638
5917 8711
4540 9379
4934 9831
5553 8339
5742 9032
5239 8536
6045 8877
5387 8248
6060 8852
5005 9932
5796 9197
5440 8202
4454 9260
5204 8461
4601 9378
4947 9736
4943 9775
5375 8606
5491 8210
6099 8880
5197 8494
5881 9116
5034 9921
4246 9701
4184 9518
4932 9779
5313 8633
5688 9025
4487 9469
5942 8781
4979 9743
4581 9313
5144 8604
4416 9416
6026 8706
6080 8777
5678 9125
5607 8299
5906 8860
5101 9826
5907 8833
5013 9735
5327 8540
5723 9160
5509 8209
4431 9431
5790 8962
5235 8687
5246 8675
4909 9865
4528 9236
5297 8473
4537 9234
4468 9432
5766 9012
5675 9112
5832 9073
5340 8550
4270 9491
5083 9755
5287 8550
5607 8230
5326 8460
4225 9539
5134 8653
5844 8979
5897 8923
4517 9329
5563 8290
5909 8949
5696 9121
4463 9353
4449 9350
4587 9228
5458 8373
5939 8921
5964 8866
4414 9425
5469 8361
5240 8590
6139 8707
5922 8923
5041 9803
4455 9373
4327 9499
4328 9961
5484 9067
4195 9834
5861 8424
5735 8298
5386 8967
5190 8790
4162 9810
5899 8475
6136 8681
4883 9473
4870 9492
5763 8336
4245 9858
4183 9804
4242 9906
5078 9703
5375 8909
5240 8778
5122 8758
4703 9322
4929 9591
4858 9410
5855 8421
4820 9448
5172 8822
5798 8418
5053 9706
4313 9857
6018 8665
4763 9414
4289 9886
4899 9537
4250 9983
6031 8680
5927 8512
5347 8840
4752 9469
6043 8693
4652 9308
5010 9699
5598 9135
5459 8992
5149 8804
4841 9363
4222 9730
4339 9869
5947 8517
5171 8780
4108 9868
4736 9216
6017 8450
5076 9553
6048 8488
6060 8485
5290 8736
5398 9114
5319 8776
5437 9132
5562 9001
5773 8215
5597 9030
4233 9749
4800 9314
4653 9358
5351 8781
4247 9787
4795 9237
4991 9681
5935 8598
5507 9022
5556 8969
4753 9262
4751 9264
5314 8704
5883 8243
5503 9136
5653 8389
4115 9920
5151 8907
5725 8331
4160 9878
5064 9494
4965 9605
4598 10000
5120 8937
4207 9860
5504 9068
5770 8294
4993 9581
6071 8536
5865 8218
5787 8302
5621 8962
5778 8298
6103 8493
4742 9340
4990 9602
4330 9751
4855 9719
4769 9632
4951 9286
5715 8512
5030 9394
4787 9639
6122 8433
4842 9677
5776 8631
4579 9931
4411 9747
5193 9059
5654 8507
4385 9745
5922 8214
5163 8978
5493 8783
4882 9256
5438 8708
5667 8472
4894 9250
4625 9517
4867 9278
4541 9856
5075 9454
5057 9347
4954 9240
5185 8970
5788 8656
5028 9448
5823 8691
5665 8561
5082 9355
4595 9888
4400 9832
5672 8562
4976 9232
5218 8963
4890 9342
4936 9261
4586 9871
4464 9750
4395 9823
6129 8325
4910 9306
5688 8526
4606 9861
5196 9011
5453 8900
5974 8415
4400 9890
4649 9661
4647 9651
4789 9504
4979 9445
4866 9371
5136 9102
5712 8692
5134 9131
5878 8543
4969 9408
4377 9907
4819 9598
4555 9850
5637 8628
4377 9900
5109 9289
5565 8824
6049 8297
5260 9028
4394 9955
5497 8883
5019 9303
5166 9187
5264 9054
5947 8427
5799 8566
5355 9016
4759 9537
5415 8958
5813 8559
5674 8689
6035 8271
4566 9782
5888 8417
5919 8445
5145 9213
5249 9060
5401 8944
5156 9163
5181 9164
5174 9166
5446 8894
4378 9955
4592 9738
5397 8943
4560 9772
5794 8541
7639 9683
6807 8861
7426 9490
7934 9967
6987 9049
7760 9799
6690 8762
6558 8576
6696 8713
6951 8966
7481 9490
7435 9504
6188 8220
7177 9279
6649 8655
6204 8197
7374 9460
7055 9139
7361 9468
6790 8889
6214 8313
7925 9911
7168 9283
7794 9782
6312 8429
7376 9367
7075 9198
7021 9017
7779 9783
7715 9846
6933 9027
6182 8319
6775 8749
6746 8709
6225 8206
6588 8668
8042 9995
7709 9850
6724 8748
7251 9272
6337 8362
7110 9149
7052 8973
6339 8260
6711 8895
6322 8251
7714 9901
7226 9397
6986 9179
7417 9325
6900 8800
7280 9447
6631 8573
7856 9771
6758 8952
6462 8602
6501 8649
6352 8318
7346 9244
6422 8632
6266 8405
7771 9972
7255 9464
6783 8910
6395 8265
6427 8666
7631 9481
6981 9091
7287 9392
7497 9604
7158 9017
6518 8614
6637 8510
6528 8539
7883 9744
6220 8336
7438 9708
7869 9822
7245 9385
6629 8449
7286 9360
6315 8259
7455 9714
6331 8277
7622 9513
6832 8770
6872 8750
7529 9321
7362 9666
6706 9014
6674 8983
6749 9048
7224 9533
6970 8758
7995 9781
6482 8258
7994 9760
6506 8310
8101 9862
7948 9768
6912 8741
6665 9007
7961 9777
7218 9499
6355 8696
8088 9908
6576 8350
7329 9615
7066 8884
6809 9128
7598 9368
8148 9965
6281 8648
6927 8774
6150 8525
6924 8768
6337 8591
7507 9244
6865 9118
6647 8359
7577 9419
6820 9201
8168 9917
8069 9951
7193 9538
6145 8538
6395 8605
6827 9155
7975 9805
6329 8660
6512 8221
6513 8220
7343 9665
6582 8390
6179 8535
7161 8832
6429 8288
6504 8430
7016 8928
7362 9544
7667 9341
6668 9090
8175 9855
8028 9933
7352 9519
7671 9325
6268 8671
7051 8738
6263 8669
7959 9912
7472 9349
6718 9099
7431 9394
6478 8443
6543 8249
6477 8437
7563 9266
7990 9871
7342 9580
7391 9500
8075 9807
7452 9428
6862 8966
6234 8594
6384 8481
7967 9934
6883 9015
6946 8959
6561 8318
6503 8325
6514 8347
6788 9066
6592 8243
7928 9997
6945 8919
7533 9365
6514 8329
7925 9993
6555 8292
6933 8938
6199 8759
8043 9576
8139 9679
7341 9916
6692 8245
6280 8849
7076 8638
6461 8999
6741 8270
7406 9970
7803 9316
6938 8506
7902 9471
8114 9619
7081 8587
7402 9929
8038 9541
7707 9279
7369 9966
8109 9606
8142 9701
6798 8357
7693 9251
7733 9220
7879 9461
8027 9577
6286 8892
7950 9531
7086 8601
6183 8732
6876 8417
7147 8619
7006 8479
7780 9253
6769 8242
6956 8546
7721 9318
7091 8672
7816 9436
8079 9688
7742 9314
6244 8708
6259 8721
7942 9569
8098 9674
6559 9202
6554 9196
6630 9119
6604 9142
7840 9435
6175 8803
6791 8195
7985 9652
7880 9294
7176 9870
7152 8567
7695 9350
7224 9908
7129 8532
7316 9754
8003 9685
7056 8455
6296 8719
8093 9532
7112 8558
7123 8570
8155 9585
7749 9449
6935 8635
7921 9309
6356 8825
7597 9986
6361 8809
7905 9298
6844 8200
7956 9633
7333 9757
7887 9335
6381 8791
6944 8603
7946 9653
7823 9293
7214 9964
7262 9882
7205 9952
6607 8967
7834 9299
7723 9440
7638 9988
6915 8663
8127 9572
6201 8930
7246 9903
8123 9562
6490 9145
7897 9274
6597 9004
7047 8557
6260 8837
6708 8385
7416 9741
7795 9348
7412 9736
7879 9670
6421 8727
7104 8391
8019 9300
7135 8403
8092 9352
7072 8372
7180 10000
7517 9853
8089 9400
7748 9574
7639 9971
6788 8609
6378 9152
7479 9755
6196 8987
7508 9829
7935 9676
8169 9438
7499 9841
6908 8636
8002 9219
7730 9584
6299 9176
6455 8819
8004 9216
6175 9050
6457 8831
6296 9183
7662 9894
7087 8419
6327 9190
7854 9725
7931 9647
7141 8371
6203 9068
7550 9765
6302 9154
8163 9405
7746 9507
7592 9930
7789 9486
6192 9043
7811 9696
6594 8870
7799 9503
6276 9198
6650 8848
7716 9550
8008 9254
7953 9315
7977 9307
7920 9604
7154 8327
6522 8719
7127 8352
7041 8440
7724 9557
6892 8599
6593 8894
7900 9635
8008 9420
6539 8718
6943 8345
7060 8211
6375 9071
6772 8702
7873 9556
6170 9100
8013 9434
7800 9702
8181 9301
6598 8803
6523 8915
6553 8757
6829 8476
6925 8383
7562 9790
8119 9217
6441 8852
6335 9084
7503 9864
7990 9444
7568 9799
6842 8557
6244 9148
6889 8458
6406 8930
7448 9980
7997 9434
6627 8715
7776 9612
6822 8520
6618 8745
7801 9601
8017 9386
7024 8332
6166 9233
8158 9170
6295 9351
7756 8799
6613 9666
6444 9531
6804 9859
8060 9058
7485 8478
7490 8554
7601 8600
7896 8947
6883 9934
7549 8531
7883 8932
7492 8555
6340 9460
6545 9634
6445 9493
7984 8972
7230 8195
7993 8964
7830 8872
7908 8869
6979 9986
7435 8527
8009 8975
6639 9638
7511 8477
7227 8300
7444 8564
8115 9169
6842 9945
6288 9459
8050 8980
8062 8982
6471 9518
6417 9592
7218 8261
7323 8416
7947 9077
7825 8943
7454 8545
7242 8245
8048 9205
7206 8364
6480 9690
6525 9712
6677 9880
6541 9474
7773 8905
6634 9599
8112 9000
8009 9193
7770 8954
6332 9236
8164 9037
7271 8397
8058 9169
7861 8729
7751 8939
7283 8414
7681 8881
7438 8634
7247 8433
6748 9884
7211 8425
7337 8301
7658 8492
7699 8921
6834 9853
6315 9339
6810 9803
7578 8514
7775 8837
6582 9578
7228 8408
7901 8760
6162 9464
6209 9390
7553 8558
6853 9781
7884 8767
6658 9975
8068 9075
6496 9625
8065 9086
7847 9120
7609 8371
8162 8942
7276 8544
7909 9202
8033 8827
7351 8617
6486 9333
8172 8904
7912 9165
7944 8751
6487 9337
7202 8466
7565 8379
7331 8602
6150 9543
7033 9789
7360 8581
6442 9324
7441 8280
7444 8287
7525 8238
7800 9013
6950 9845
6930 9793
7945 8785
7407 8631
8162 8888
8033 8762
6336 9629
6635 9398
7614 8419
7260 8508
7855 9166
7980 8795
8047 8724
7046 9976
6467 9410
7890 9044
7047 9742
6246 9711
7231 8625
8004 8907
7454 8333
6477 9438
7088 9764
7399 8560
8030 8900
6247 9720
8012 8942
7663 8263
8094 8759
6399 9557
6488 9459
7653 8270
6545 9276
6453 9351
7501 8441
7958 8867
7842 8988
7934 9023
7383 8467
6636 9253
7119 9733
7899 8983
7795 9123
7187 8642
7720 9211
7442 8389
8051 8868
7906 9019
7840 9081
8047 8886
6271 9637
7878 8989
7517 8381
7948 8940
7268 8581
6300 9599
7769 9151
6461 9429
7637 8252
6191 9668
7440 8447
8005 8887
8097 8788
7657 8209
7193 8677
7596 8272
6947 9949
6397 9475
7686 8199
7237 8774
6415 9994
6242 9835
7885 8388
7610 9140
7095 9657
7940 8468
6297 9866
7171 8726
7999 8487
8039 8574
8095 8578
7657 9207
6292 9905
6218 9825
7735 8217
6200 9751
7281 8770
7625 9200
6199 9741
7989 8462
7381 8936
7373 8946
7512 8986
6700 9327
6304 9956
7009 9511
7188 8786
7291 8754
6932 9560
7142 9642
8140 8579
7328 8954
7087 9715
7017 9482
6387 9872
8078 8682
7023 9480
6189 9802
6778 9238
7354 8918
7809 8428
6926 9587
7844 8410
6222 9776
7040 9472
7891 8279
7524 9186
6789 9231
7173 8842
7929 8310
7029 9700
6708 9377
7674 9069
7421 8810
6887 9337
6859 9301
7592 8970
6906 9310
7640 9087
6570 9987
6219 9953
6347 9830
7460 9104
6232 9953
7493 9208
6771 9421
6371 9761
8139 8462
6815 9305
7233 8849
7754 8345
7648 9012
7101 9576
6377 9777
6364 9733
7012 9656
6728 9367
7427 9187
7135 9533
7976 8654
6868 9267
7812 8300
7481 9168
6730 9379
7763 8380
8074 8568
7319 8805
7212 8927
7742 8394
7267 8856
8026 8287
6854 9664
8147 8404
6813 9621
7290 9073
8171 8422
7568 8862
8078 8320
7892 8644
6599 9942
7003 9289
7074 9392
6740 9536
6845 9641
6895 9719
6635 9969
8134 8413
6973 9249
7587 8895
7237 9048
6556 9910
7671 8898
7940 8242
7345 9094
6753 9508
7583 8920
8126 8439
6612 9881
7909 8619
7708 8524
6571 9983
6877 9609
8126 8427
8080 8393
7366 9114
6615 9910
7698 8561
7066 9470
7022 9225
6721 9514
7383 9148
6698 9542
6741 9509
6909 9614
7817 8701
6721 9529
6755 9498
7528 8722
7254 9004
7222 9034
6771 9715
6285 9996
7998 8383
7912 8554
7082 9257
6893 9573
7571 8731
7347 9020
6529 9745
6970 9384
7971 8369
7774 8650
7364 9052
7117 9302
6623 9795
6515 9964
6794 9512
6419 9911
7633 8820
7667 8789
6935 9393
6673 9662
7745 8691
8049 8386
7809 8500
6600 9854
8190 8262
8057 8387
7787 8657
7673 8761
6520 9913
7380 8977
7332 9069
7560 8769
7170 9167
6763 9636
7582 8783
6982 9365
8116 8291
6751 9606
6596 9758
6849 9501
6649 9765
6428 9982
6932 9456
6421 9969
7575 8817
7445 8946
6957 9412
8124 8279
6943 9458
6860 9505
7603 8797
7606 8792
7806 8589
7927 8451
7367 9008
7584 8794
7647 8741
7919 8464
7545 8838
