1000 1001
330 331
433 435
672 674
941 942
704 707
88 92
592 596
945 949
952 957
82 84
208 215
650 653
724 732
628 636
161 168
755 761
439 444
211 216
853 862
389 393
213 217
246 251
981 984
180 187
68 75
480 496
608 624
809 825
674 690
516 532
271 286
773 790
265 284
902 915
970 978
515 539
615 638
588 597
901 924
706 731
302 308
71 93
9 19
974 981
47 51
776 788
583 603
649 661
716 720
227 254
800 829
325 347
1 30
866 893
870 889
398 430
153 184
21 55
402 438
222 250
392 428
138 174
856 892
860 888
151 178
401 436
448 486
131 165
3 43
973 997
130 171
351 373
410 432
906 934
735 755
391 426
282 311
456 485
6 40
581 618
12 60
197 244
384 433
533 548
194 240
84 102
540 559
592 612
916 928
593 613
848 869
535 545
990 1000
642 692
735 744
2 58
782 822
320 378
525 566
284 288
669 673
841 884
595 622
786 815
477 483
344 358
792 806
908 946
585 631
414 417
515 572
270 335
680 745
933 999
425 493
262 322
528 597
182 240
3 69
813 874
443 499
801 873
814 870
567 638
415 469
938 992
645 719
925 983
37 105
785 861
818 894
922 983
689 764
698 756
312 375
63 111
527 606
522 603
803 882
189 239
389 471
145 194
689 738
643 720
270 346
275 327
299 383
670 714
276 322
259 340
551 624
23 79
58 98
398 471
38 124
400 458
642 728
800 890
292 383
176 235
667 704
170 246
531 591
694 746
921 964
429 499
266 340
32 126
50 108
702 736
772 858
130 221
20 75
31 64
34 125
804 891
549 634
303 334
523 618
560 593
572 605
52 86
132 230
391 484
7 100
703 732
830 861
546 577
935 962
659 758
174 200
805 835
652 747
282 370
703 727
188 213
780 869
540 629
157 247
797 886
305 349
147 255
786 894
802 847
813 832
701 723
821 859
798 880
434 477
567 600
693 730
45 93
437 453
300 348
542 622
419 466
4 118
649 762
778 895
919 994
440 462
443 461
156 228
522 626
283 353
826 833
49 77
6 122
569 581
955 965
784 878
815 849
364 492
120 248
309 437
295 423
846 974
866 995
39 165
566 692
53 182
89 218
831 956
578 705
589 718
865 994
12 136
283 415
811 941
824 958
268 395
575 696
85 221
64 200
790 926
23 158
104 225
122 243
779 898
35 169
51 191
318 435
30 144
574 688
562 700
863 977
635 757
545 686
582 713
543 656
598 729
263 407
788 900
56 170
379 489
584 730
13 158
377 490
109 254
24 140
557 697
308 417
32 181
841 988
568 685
794 911
381 491
812 954
854 960
587 733
573 683
801 950
627 745
361 498
329 466
838 986
327 474
620 753
297 438
337 497
808 904
123 218
365 460
336 497
524 685
583 741
90 249
891 984
783 940
7 163
514 678
366 459
52 146
112 214
587 749
257 422
15 168
18 181
268 427
78 230
840 992
768 936
637 725
827 914
105 195
883 985
774 940
614 716
71 236
60 151
639 724
344 500
360 452
355 463
542 690
26 183
332 482
328 487
823 920
563 668
367 479
559 671
82 227
886 967
110 220
274 416
890 968
61 142
359 468
802 913
313 397
16 164
260 432
779 959
346 495
569 652
301 411
594 740
554 668
275 420
87 238
551 669
792 930
605 743
599 748
261 441
121 197
548 664
595 751
872 982
621 722
857 998
262 454
332 396
377 441
10 202
68 132
342 406
580 646
556 750
517 710
352 421
117 176
287 473
333 394
543 728
607 664
550 737
793 977
59 242
768 969
875 929
857 915
885 958
97 173
571 759
602 662
868 937
358 424
372 442
257 462
355 428
108 163
799 976
577 654
590 670
45 252
289 496
281 456
859 906
845 924
610 688
524 734
851 897
633 682
360 444
78 154
833 917
880 933
599 640
772 989
570 739
25 195
22 205
837 926
74 150
29 193
123 166
314 487
38 251
81 143
775 985
18 205
10 234
256 480
291 451
512 736
516 740
848 944
15 238
376 409
828 989
351 445
348 447
565 726
530 759
856 957
585 684
124 154
117 147
771 997
26 253
580 675
876 900
610 651
847 934
341 446
300 455
528 763
11 231
298 454
34 206
553 709
113 156
636 657
264 486
623 641
609 655
127 144
66 173
843 932
74 186
553 729
819 963
631 647
570 714
49 192
376 393
114 128
604 686
77 190
873 922
591 700
8 252
296 476
28 232
350 425
533 738
637 650
579 699
810 978
280 481
43 210
561 712
91 161
887 909
307 463
9 245
846 946
41 212
273 494
293 474
893 898
526 753
63 318
712 969
112 370
512 770
549 807
523 777
653 911
29 286
711 964
89 349
247 498
16 278
48 310
134 385
222 473
175 424
243 500
56 319
65 329
17 281
691 955
702 950
654 902
220 470
209 475
547 808
710 970
539 791
232 485
532 794
253 493
563 803
630 871
557 828
644 917
193 467
680 954
576 851
204 472
214 450
248 492
209 453
655 923
627 871
217 460
534 771
99 373
20 258
141 411
696 942
196 467
184 416
102 380
663 909
667 896
763 999
675 959
556 816
660 905
544 829
14 272
600 838
149 394
526 785
159 447
42 267
518 807
81 371
629 855
54 277
666 953
106 334
547 775
760 988
632 860
11 302
95 378
707 998
198 481
598 881
234 450
62 278
665 945
88 369
73 352
562 795
125 343
679 907
683 903
614 842
148 442
179 413
737 975
31 304
172 412
666 938
17 290
55 259
555 799
661 929
223 490
172 409
62 267
103 338
46 280
185 399
143 440
166 401
19 292
601 878
687 918
731 993
190 386
94 354
579 895
626 844
5 314
169 406
521 822
44 364
129 449
517 837
219 410
98 291
72 265
8 330
83 273
560 882
135 452
199 388
606 797
752 947
129 455
561 887
677 995
42 365
630 817
554 877
111 293
651 961
529 858
723 920
28 336
617 805
743 939
157 464
568 885
101 299
4 331
216 407
113 289
115 290
552 889
722 899
596 774
765 943
725 903
39 372
739 944
204 408
115 295
231 434
662 963
70 272
50 356
639 809
180 483
67 276
694 993
613 818
555 883
701 996
564 877
36 382
138 464
619 817
152 451
67 287
611 831
617 821
21 328
590 787
59 357
594 780
106 309
659 972
754 914
611 770
537 888
186 472
107 264
103 260
721 948
709 931
134 494
544 842
162 457
672 971
757 921
236 385
94 307
90 311
203 421
70 297
634 789
1 369
175 479
625 769
160 465
76 317
612 789
525 892
179 449
225 402
758 901
513 884
35 341
80 294
36 339
693 973
249 384
682 979
531 874
177 459
44 342
742 925
751 916
57 325
208 429
96 285
765 899
635 773
212 427
620 787
13 397
198 326
73 457
534 918
565 949
37 420
578 960
33 418
177 306
226 353
747 872
711 836
185 317
237 363
41 431
527 905
576 966
715 844
133 269
207 326
207 324
96 491
748 864
201 324
100 489
645 776
673 812
601 980
128 271
27 404
584 967
550 951
229 375
53 422
229 374
588 991
607 972
69 465
162 310
546 951
224 374
155 269
536 910
541 907
233 368
5 412
529 904
660 782
708 862
164 319
167 315
586 982
541 897
14 403
513 927
206 337
697 806
72 488
127 478
756 853
705 867
201 362
119 468
616 971
520 939
121 476
633 990
656 823
741 834
65 488
192 362
619 961
521 930
571 912
628 991
761 850
210 382
224 333
40 390
538 948
137 294
536 936
648 824
733 879
242 321
136 316
244 320
126 458
211 359
564 896
87 482
160 277
22 419
530 935
25 430
552 927
537 928
643 826
608 986
695 781
145 301
83 495
188 256
2 446
149 296
57 388
721 876
33 414
155 347
153 345
746 810
646 839
717 783
135 323
535 979
658 854
239 298
766 827
24 478
250 316
766 825
616 943
520 975
150 350
764 820
641 840
101 431
241 315
582 908
514 968
187 368
602 913
79 387
140 321
657 863
671 849
91 404
676 875
233 313
183 357
518 980
640 850
85 390
116 423
719 796
141 345
752 804
734 778
97 436
171 381
148 323
95 392
678 881
114 426
196 285
110 439
139 338
713 784
718 791
698 864
589 919
80 395
167 380
615 956
575 996
178 366
76 400
519 987
749 816
92 386
137 343
727 777
538 965
54 470
139 363
146 371
142 367
131 354
133 356
625 912
762 795
119 405
159 379
687 843
647 867
118 403
215 306
644 865
241 279
717 811
767 793
226 261
648 879
107 387
199 303
255 279
677 845
116 413
219 304
203 288
48 475
681 834
191 339
558 962
684 832
46 448
223 305
228 266
574 976
99 396
237 258
609 910
104 408
61 461
676 852
708 820
152 361
189 335
202 312
245 263
586 952
86 418
623 923
695 835
658 868
744 798
120 399
109 405
604 932
715 819
726 814
235 274
47 469
742 796
573 966
706 830
681 852
27 484
66 445
754 781
507 1000
509 987
504 947
502 953
505 937
502 931
510 855
511 839
510 836
58 717
507 769
505 767
501 760
506 750
503 691
508 699
509 679
503 663
511 665
501 632
508 621
504 558
506 519
