100 99
72 74
24 27
5 6
52 55
88 92
35 37
66 68
9 15
25 30
82 91
23 30
21 28
1 11
70 77
36 47
3 14
70 72
45 61
71 87
35 51
68 85
11 26
12 31
64 83
45 57
78 90
47 53
67 88
38 59
4 25
73 87
43 53
34 60
46 49
18 51
24 58
19 59
1 41
75 98
2 40
14 36
20 62
6 42
13 32
23 58
22 56
76 99
7 54
20 32
85 99
9 63
28 42
10 48
4 62
8 50
33 96
18 81
39 100
37 97
17 84
26 95
2 69
29 86
12 71
22 93
17 64
16 65
31 77
29 73
13 89
5 80
21 67
8 95
10 82
3 91
60 100
56 96
19 78
15 80
63 94
40 74
49 83
44 79
7 98
44 69
55 92
39 75
33 76
57 86
50 93
43 90
38 84
34 81
54 66
52 65
46 89
41 94
27 97
48 79
