10000 10001
2516 2517
802 803
7248 7249
2116 2118
1881 1882
7853 7854
8385 8386
2594 2598
3329 3332
8171 8174
7802 7807
139 141
4707 4709
2082 2084
8529 8535
4112 4119
7882 7885
8520 8527
8486 8494
9619 9627
2992 3002
3713 3725
5075 5087
7830 7835
5681 5695
5428 5434
8180 8187
8778 8794
2187 2202
7425 7440
6272 6289
5740 5758
5220 5238
7874 7888
2822 2837
2592 2611
3872 3891
160 179
931 951
620 632
1256 1277
1001 1020
2759 2770
7460 7473
9736 9757
2669 2683
6501 6515
7791 7799
3598 3607
1706 1715
9069 9076
7136 7161
1317 1343
2148 2174
5450 5456
3334 3357
4364 4375
9376 9403
9292 9303
1187 1215
875 887
7491 7519
8772 8793
200 214
6083 6109
5442 5468
386 413
2798 2801
6319 6320
9828 9851
9389 9394
7342 7345
4755 4787
8279 8311
9218 9250
8136 8169
6604 6637
6214 6244
1990 2021
9935 9964
5710 5741
6281 6314
3969 4005
3851 3886
4369 4404
2711 2737
6300 6330
9538 9572
1286 1313
3485 3514
7127 7152
8916 8947
6795 6828
6802 6842
9819 9843
2635 2658
8642 8683
7701 7740
8071 8110
1491 1529
4296 4322
6942 6964
5143 5181
5784 5810
6282 6304
6045 6071
529 570
7636 7679
7115 7143
1431 1466
3209 3236
5833 5863
1119 1136
9417 9446
5902 5950
7240 7288
4100 4149
1566 1580
5777 5795
8837 8887
779 824
6087 6132
5121 5170
7191 7203
6209 6261
7749 7793
8013 8056
6222 6267
4365 4411
7706 7724
5201 5223
5966 6009
4043 4083
4181 4205
990 998
7327 7335
4630 4655
3462 3519
2692 2749
9738 9779
9228 9270
5015 5037
8579 8633
4380 4391
4951 4972
7495 7548
7686 7741
8017 8047
3409 3438
1752 1767
5207 5224
4263 4327
3389 3453
8364 8428
1671 1734
6668 6733
3773 3838
3761 3826
5272 5339
3858 3926
9858 9926
8842 8911
7299 7365
5159 5216
4143 4199
1839 1894
7073 7144
6023 6094
899 968
4627 4696
898 974
7334 7402
3995 4054
3845 3912
7965 8016
4362 4420
4617 4678
6944 7024
9137 9185
1160 1241
1802 1883
8329 8408
5426 5475
5803 5881
7953 8002
9644 9727
7820 7903
9476 9559
5656 5708
8234 8318
1164 1242
2453 2499
4756 4802
900 978
1307 1347
1044 1100
5663 5702
8871 8958
1159 1244
395 464
6941 6982
2480 2540
1553 1613
9124 9208
7190 7242
7193 7239
9137 9199
2440 2519
2075 2116
2840 2936
6542 6638
4230 4327
8584 8681
6839 6869
9730 9825
2189 2281
5932 5960
938 975
1811 1910
9628 9721
5889 5991
8608 8646
9880 9982
2363 2396
19 116
2070 2175
6674 6779
8337 8440
2091 2113
674 718
681 708
3082 3175
2615 2649
4643 4684
3759 3807
2839 2919
1455 1503
6941 7021
5520 5601
3746 3792
3353 3435
2817 2930
6199 6212
7206 7253
2483 2503
7329 7380
9747 9829
7967 8041
9356 9466
318 329
4780 4827
4540 4548
6943 7015
6323 6346
3735 3821
3385 3395
2596 2654
3974 4093
8989 9062
7716 7775
3487 3554
8472 8549
2229 2251
1209 1223
8203 8309
8765 8771
2472 2519
3715 3836
2595 2723
2677 2805
9087 9215
9322 9450
1851 1977
778 905
2340 2471
6987 7112
2588 2712
8247 8371
9234 9366
4135 4258
7435 7566
9779 9909
2596 2723
5752 5887
539 659
7020 7140
6230 6366
9284 9420
9823 9942
2914 3048
7693 7814
575 691
1052 1168
9294 9411
9767 9897
95 208
5693 5810
9329 9470
9008 9120
2939 3050
9265 9379
3670 3781
5389 5534
1294 1434
3877 4017
2836 2944
5235 5351
5714 5830
2872 2989
3867 3982
259 406
4720 4837
5958 6099
6447 6586
3183 3319
6724 6876
3158 3279
9736 9873
8236 8373
1846 1964
9545 9683
3609 3717
8982 9098
7519 7619
844 977
828 929
5162 5303
5981 6080
8768 8926
2633 2774
363 500
4702 4801
1842 1938
288 384
6435 6531
9495 9654
2305 2467
356 454
3405 3567
516 679
3701 3798
2067 2224
303 396
2345 2445
7780 7873
7444 7601
2156 2250
2682 2780
6736 6902
5218 5316
9338 9426
786 955
4395 4482
5663 5814
4182 4348
1574 1676
4125 4278
9297 9466
6914 7086
5233 5341
3152 3325
4613 4776
8202 8359
2681 2775
2320 2494
1389 1474
539 692
2904 3048
8054 8135
3612 3758
9322 9432
6418 6561
5421 5529
5223 5330
4166 4336
1110 1248
2414 2520
9480 9662
2310 2481
3954 4037
1869 2042
7033 7118
2157 2261
8707 8891
1402 1475
8298 8403
7222 7311
582 764
1901 2006
9749 9902
3172 3288
3381 3465
6436 6553
4133 4251
3613 3747
5469 5603
3666 3821
1396 1483
1871 2032
4726 4809
5692 5884
6707 6898
3405 3471
3595 3784
273 466
8208 8404
9548 9608
8262 8322
5459 5526
9227 9422
4649 4847
8245 8435
5213 5275
6976 7046
3367 3552
8319 8376
4635 4819
3171 3242
8303 8358
9800 9857
5152 5353
1848 2034
1302 1500
5969 6043
3127 3324
3388 3568
1337 1525
8293 8361
3112 3302
7725 7907
4721 4769
1860 1940
1889 1969
6194 6370
9275 9451
6968 7145
1793 2003
2307 2512
8713 8922
4133 4337
1137 1189
7736 7916
8268 8345
5133 5336
9748 9922
8739 8949
6512 6566
3853 4058
5897 6097
1046 1231
5165 5364
6179 6394
8255 8422
7959 8142
3136 3226
4179 4233
8565 8623
3122 3305
3634 3817
8216 8387
817 1005
2398 2434
358 443
2319 2514
4699 4741
6004 6058
7441 7631
5733 5818
3444 3476
6437 6597
5749 5781
4636 4861
1792 2018
5436 5598
6189 6351
3645 3806
2684 2719
8797 8894
2415 2443
6752 6788
1086 1243
4368 4597
2173 2203
2410 2445
65 166
311 479
8245 8413
8573 8596
5976 6065
1089 1195
5938 6104
7792 7834
553 706
9842 9881
4445 4529
109 129
8462 8674
5993 6021
2862 3009
8480 8655
1646 1694
93 173
3914 4026
8450 8690
6695 6871
8995 9170
1029 1271
8001 8114
2158 2202
6494 6570
17 228
8714 8959
8763 8909
8997 9171
1304 1519
8549 8594
7522 7573
9799 9919
6493 6565
6500 6556
2074 2275
3599 3830
4621 4852
2852 3037
4626 4843
5203 5289
2890 2993
8734 8933
9776 9931
771 1023
32 221
587 694
7225 7364
6758 6811
7529 7572
7713 7900
8026 8100
9279 9409
1391 1424
8753 8910
1641 1897
6669 6925
8192 8448
579 834
6845 7100
7300 7558
3607 3860
2714 2974
3668 3920
1146 1406
2685 2937
208 469
6713 6972
641 902
9346 9605
134 398
5842 6106
4734 4983
2815 3061
5267 5529
767 1012
4194 4462
6896 7164
6766 7011
4225 4495
4213 4474
1620 1883
6675 6940
2133 2373
2646 2886
8879 9151
1621 1860
6258 6499
2645 2887
731 969
6908 7151
8767 9004
1623 1859
8810 9086
5803 6079
5190 5458
6797 7065
3584 3861
4295 4561
2196 2435
1048 1295
8811 9084
756 1004
751 1015
6790 7071
7896 8129
2792 3058
3241 3507
7285 7534
5870 6133
8442 8678
4153 4388
6892 7153
7704 7941
3228 3458
3622 3896
5858 6140
4320 4544
3096 3384
4109 4396
5779 6066
2780 3070
1139 1361
7811 8097
9238 9525
4337 4565
3729 4021
8307 8535
646 931
3636 3857
3225 3516
8903 9186
4310 4592
4278 4497
8359 8576
6681 6961
7374 7654
5201 5497
1790 2004
9357 9639
5292 5510
7792 8026
1569 1802
2279 2508
3593 3877
3745 3983
7214 7424
5370 5588
7752 8038
2703 2976
4302 4606
1637 1877
1079 1287
7415 7620
1561 1837
7773 8040
8832 9141
2579 2853
5698 6004
8929 9174
5655 5920
4292 4604
2742 2958
2086 2334
4320 4568
3276 3572
9434 9698
5313 5625
5202 5482
8713 9009
196 509
6321 6536
5648 5929
2657 2906
212 495
2208 2461
5860 6105
6153 6455
2170 2363
3154 3347
2624 2817
1705 2024
9356 9677
3249 3571
6186 6504
3230 3549
3674 3865
38 354
3800 3996
5260 5576
6685 7001
9260 9578
2711 3024
4732 4916
9434 9618
1162 1475
3126 3455
6789 7116
2220 2534
7331 7657
8326 8652
2651 2832
6816 7147
6389 6590
9300 9496
3290 3479
2170 2359
8343 8666
2063 2369
4219 4405
6215 6409
8368 8702
6295 6617
2053 2378
9452 9661
6362 6539
2663 2869
2148 2358
7751 7957
8203 8537
6221 6431
3219 3520
9364 9664
6368 6581
5214 5387
2749 3051
7305 7647
9261 9594
2691 3035
12 340
4252 4548
1253 1468
5193 5392
8354 8699
2787 3001
6301 6599
7235 7449
6265 6434
4155 4455
51 367
5249 5596
7258 7431
1208 1510
1179 1477
5722 5892
1085 1373
1092 1316
2810 2970
11 363
1207 1495
5277 5629
5853 6077
23 374
5320 5545
4650 4937
673 962
4294 4517
1191 1476
5342 5565
64 292
7851 8143
3227 3582
4723 4886
3152 3381
3681 3847
103 256
6191 6471
5828 6060
7177 7521
1786 1939
8812 8965
5686 5983
4280 4562
8917 9151
4318 4533
6700 6983
4719 4867
6147 6511
8718 9058
4719 4866
8225 8524
7866 8151
7830 8187
3741 4082
55 344
7272 7431
6696 7000
8225 8528
1267 1409
2716 3055
3237 3537
5138 5478
246 387
2760 3005
8857 9196
4290 4532
4183 4385
8413 8619
2586 2925
58 333
7757 7994
3726 4086
9365 9709
573 836
1633 1816
6727 6974
7760 7978
5137 5482
3189 3337
2129 2349
5848 6053
9299 9517
7304 7670
4325 4506
4632 4967
4189 4386
2176 2304
7224 7609
3768 3898
255 381
7404 7534
1659 2040
680 811
2110 2490
196 320
759 883
3808 3941
1024 1413
7928 8063
7823 7944
5829 5954
1053 1429
2076 2452
5829 5964
9253 9644
553 930
6768 7164
7365 7497
5672 6053
8403 8542
8247 8633
4759 4888
2808 2935
8728 9111
4330 4474
4843 4987
7341 7485
1718 1828
2272 2418
3685 4087
1041 1410
6698 7097
5252 5392
4260 4401
632 1005
3288 3406
5676 6074
1033 1425
6800 6921
9221 9628
3144 3538
7410 7528
584 979
3771 3879
7351 7467
5325 5457
46 435
7423 7522
3786 3924
9326 9712
7360 7518
8368 8495
1635 1987
169 265
6829 6925
5764 5924
7271 7623
6221 6639
3203 3360
5783 5940
3638 3986
3653 4064
667 830
1585 1943
6701 7051
6388 6482
2700 2859
7732 8083
8434 8538
8941 9031
8338 8505
9453 9542
4228 4392
2792 2884
2227 2334
8941 9024
5222 5579
6837 6936
9372 9521
9448 9541
1235 1405
8326 8488
6860 7011
1542 1974
6161 6561
719 894
8202 8635
244 326
8290 8656
230 341
2094 2461
5807 5916
2788 2898
5849 5999
4797 4874
9360 9511
6244 6611
2719 2854
1656 1985
8238 8599
6837 6927
8898 9080
8710 9146
57 388
7214 7571
1071 1425
6754 7132
4157 4482
3779 3964
2089 2537
8317 8636
7827 8018
6329 6525
675 870
5790 5979
3649 3975
3192 3518
4743 4929
5686 6128
3663 3976
4812 4868
119 447
3275 3330
159 342
9325 9636
167 365
6679 7133
7237 7567
5738 6054
4824 4885
2726 2923
3073 3532
5338 5399
7821 8000
7926 7995
2693 2891
9304 9622
9240 9686
7779 8108
7402 7461
3304 3384
5852 5900
5267 5443
5202 5506
7266 7602
5782 5959
6851 6929
8195 8657
2283 2360
6725 7062
3645 4073
762 814
126 426
8349 8521
1221 1296
1080 1517
5724 6025
7680 8149
5774 5976
7812 8018
219 268
3315 3371
5721 6017
3799 3854
112 426
3742 3909
7287 7596
9357 9558
5324 5399
3647 4067
8401 8461
8428 8496
1685 1864
8228 8698
111 432
3148 3475
6263 6568
2672 2960
527 1007
3609 4089
7172 7653
3230 3452
3628 4046
1106 1456
6849 6947
238 269
4834 4865
1710 1869
8208 8691
5652 6135
1253 1281
8313 8605
7381 7473
8422 8451
4245 4467
8777 9135
2053 2530
7714 8138
6855 6959
8885 9052
52 478
1111 1469
62 468
1589 2015
574 981
8833 9066
6686 7154
7230 7632
8789 9147
4118 4601
5687 6104
6702 7105
2674 2946
3222 3431
3135 3533
1275 1289
7861 8007
608 915
3588 4080
1132 1432
6291 6503
7421 7433
1758 1835
3775 3912
8747 9180
9341 9610
9384 9567
9449 9502
8443 8451
3766 3919
225 280
3087 3573
6232 6562
8815 9109
2815 2820
9428 9519
6862 6962
3179 3478
8896 9021
8778 9143
5322 5431
7284 7562
7812 8058
3173 3482
6277 6522
3264 3776
133 645
4484 4997
1211 1722
7383 7894
7641 8155
8503 9012
3234 3750
158 666
6613 7121
5122 5638
372 882
3246 3752
6481 7001
2365 2868
8476 8981
6447 6950
8452 8973
7627 8130
6341 6863
8479 8981
5610 6112
5274 5776
2191 2692
2426 2934
4347 4855
7422 7921
5586 6082
2471 2998
8209 8704
9395 9889
50 545
4178 4673
1380 1904
7525 8049
8308 8800
1476 2001
6558 7048
7630 8152
314 813
4289 4822
2223 2743
3177 3697
6261 6765
2432 2969
3317 3820
6273 6808
8612 9149
9280 9817
4438 4941
5409 5946
4273 4781
1049 1541
2247 2779
8397 8913
3142 3675
4410 4900
359 889
3340 3858
1470 1953
6337 6878
53 533
8663 9207
366 847
3407 3950
3383 3862
5135 5678
7411 7890
7613 8092
281 827
123 601
6165 6711
395 943
2447 2985
4097 4646
1216 1768
226 714
75 611
2290 2779
7264 7753
7186 7739
6356 6909
3232 3722
9216 9770
6429 6967
3467 4000
3445 3929
3406 3939
8376 8853
4115 4669
8361 8839
4329 4806
5518 6049
5352 5848
8379 8843
7351 7815
3272 3833
2256 2786
9226 9784
5324 5886
7363 7921
1291 1848
3442 3910
1264 1733
3098 3628
125 586
5590 6113
8685 9173
2080 2585
3498 3987
6416 6953
5315 5881
7183 7730
5230 5715
7367 7930
4439 4969
2179 2748
1451 2027
1035 1611
5454 5903
67 513
5166 5740
4200 4651
1161 1738
1438 2013
2512 2963
6405 6982
5277 5854
198 642
7428 8000
3194 3644
5280 5862
8240 8823
7437 8010
2294 2750
4243 4827
7336 7904
493 932
5594 6035
5377 5960
7598 8167
2064 2650
8303 8741
8442 8880
9339 9777
4330 4769
1485 1926
4407 4988
3542 3997
7504 7963
9262 9829
2348 2913
6185 6759
2123 2587
1261 1724
8423 8886
2349 2943
4463 4925
2507 2968
1051 1614
3544 3968
6397 6821
4154 4704
7184 7754
4168 4628
3243 3831
5551 6130
5361 5804
8661 9096
9441 9916
6523 6948
6228 6667
8510 9057
7487 8032
3074 3683
6544 7153
2252 2734
6196 6742
358 773
409 1018
7635 8112
21 625
3388 3928
9273 9821
7461 8001
8509 9048
9292 9769
2282 2700
272 886
1282 1892
4587 4995
5530 6131
3342 3940
6620 7094
7478 8028
5139 5752
7511 7996
5591 6075
8553 8965
7227 7767
6250 6662
137 740
7661 8064
194 684
6527 6929
4589 4994
8362 8901
6390 6809
7401 7833
8629 9157
2114 2611
9444 9877
3440 3842
7621 8119
6361 6827
5161 5723
2286 2717
110 541
253 654
8662 9125
3382 3906
4444 4906
1527 1921
3077 3699
5583 6073
2270 2729
5125 5746
5503 5896
7624 8127
7548 7947
9362 9962
8410 8867
1382 1821
7241 7730
4397 4945
8508 9024
6326 6858
1499 1958
1052 1633
4242 4847
149 747
5184 5694
175 720
6322 6861
8680 9064
8583 8967
6355 6739
1372 2013
180 565
1300 1941
3131 3769
8565 9207
19 656
1170 1553
135 515
1334 1970
6334 6714
4338 4727
3074 3719
3373 4008
6572 6954
3404 4043
8283 8924
7511 8144
5319 5696
1128 1760
162 554
2312 2944
8297 8928
2087 2733
7376 7774
6355 6749
2333 2962
2542 2913
5573 5962
8331 8708
4195 4851
7198 7822
1126 1783
239 638
3523 3921
2284 2686
6482 7104
7419 7784
6265 6892
8256 8918
4163 4820
3168 3831
3565 3962
2119 2768
240 615
7382 7745
5496 6127
220 582
9272 9890
3284 3663
3420 4039
9366 9741
2430 3042
1260 1648
5308 5665
7220 7849
6408 7061
4182 4808
6358 6729
8441 8795
6163 6833
3305 3658
27 696
7527 8132
7267 7879
7520 8132
1291 1966
177 532
7179 7854
1436 1850
8687 9033
9353 9774
5146 5821
6576 6935
4519 4879
6521 7120
7256 7923
7544 8147
9340 9943
3395 4079
450 879
9273 9876
5250 5679
2448 2879
6243 6860
2508 2940
8414 8814
489 856
8495 9118
8363 8730
1505 1875
6618 7016
4099 4784
5588 5991
7515 8168
2142 2794
1045 1697
1167 1595
5263 5691
4096 4790
21 675
503 833
6444 7060
6144 6840
4307 4713
8621 8982
2314 2998
4483 4927
9429 9833
5406 6050
2338 2975
1411 1854
2356 2954
8288 8926
9311 9952
9312 9951
9416 9847
8580 9019
3247 3695
8555 9131
9346 9794
7669 7988
306 1008
8363 8809
5214 5788
7363 7681
6160 6866
2450 2902
7320 7772
5554 6006
6407 7107
3500 3946
4508 4954
6332 6778
501 829
7175 7887
8256 8840
3477 3932
8643 8970
1050 1744
4151 4860
9289 9858
5563 6000
5447 6027
7499 8071
90 660
7516 8082
6585 7031
5408 6126
8566 9145
155 587
6543 7007
3341 4063
1187 1649
9267 9953
8269 8863
7585 8051
231 564
8526 9117
1184 1652
2548 2848
9468 9768
6520 7084
5260 5720
5605 5937
250 559
2488 2926
2271 2568
7592 8063
6262 6817
6493 7050
7671 7981
3260 3680
7173 7896
8616 9078
6206 6881
7602 8045
4607 4895
7598 8014
7318 7798
317 991
7595 8009
8287 8893
1525 1809
2504 2860
6381 6665
2265 2623
5295 5705
3537 3897
3558 3854
6217 6816
3524 3886
2437 2927
1057 1739
6338 6696
9438 9781
4210 4766
4259 4687
7645 7984
3441 3999
498 797
1352 1976
4569 4905
9267 9923
6437 7125
4150 4807
494 795
473 812
6490 7087
8674 8980
3574 3841
4523 4956
7505 8102
5420 6100
5195 5811
227 538
5329 5672
8550 9116
418 857
3497 3922
2267 2599
439 843
7256 7844
4477 4992
6326 6731
5378 6140
5307 5701
5151 5857
2491 2747
3183 3951
4447 4701
1053 1823
2049 2819
1160 1931
1320 1579
8667 8920
2136 2908
1106 1878
3374 3626
9630 9882
9622 9875
7545 7804
3303 4065
2171 2940
1171 1940
1388 1643
1362 1626
4511 4759
1285 1549
8402 9178
7275 8035
1515 1762
6574 6823
6547 6810
1130 1888
3296 4075
2409 2661
460 704
9515 9767
3324 4081
4104 4869
3123 3901
1507 1779
22 774
5138 5890
1401 1640
2129 2880
8474 8715
4537 4779
8197 8983
8508 8751
7336 8123
3433 3709
2110 2858
5386 5662
7353 8109
348 585
6184 6973
76 858
6340 7122
9701 9970
3250 4010
1054 1798
5233 5993
424 690
2420 2670
7672 7906
5372 6118
8429 9206
8541 8774
7345 8106
1313 1596
4376 4613
7576 7813
1516 1778
2455 2696
1066 1845
5481 5705
7188 7989
5225 5963
9617 9907
5294 6028
1143 1876
2405 2625
3218 4023
6230 7027
5514 5804
2070 2865
9251 9988
353 585
1471 1687
6634 6850
4561 4856
3495 3725
9671 9965
7489 7786
6182 6922
74 871
3306 4036
2188 2978
7648 7886
7252 8059
6462 6673
8558 8769
7181 7970
1128 1880
4549 4853
9503 9775
5303 6023
123 842
3114 3864
1097 1915
5343 6125
4221 4942
9264 9987
8346 9129
6653 6862
96 852
7435 7743
7187 7975
5424 5636
430 664
9633 9879
8604 8874
2400 2647
490 722
5366 6094
3307 4050
2293 3020
3493 3740
7408 8137
4162 4984
9485 9783
1292 1591
1522 1737
7213 7958
8439 9163
1365 1640
3076 3897
6316 7057
6580 6793
8697 8900
3339 3637
4566 4840
4190 4894
9604 9924
7269 7973
355 546
192 898
65 771
1163 1993
2515 2705
8400 9106
5578 5768
1245 1950
9500 9816
9474 9798
6492 6680
2432 2757
6217 6924
6415 6730
8316 9018
6219 6915
3251 4090
7348 8189
3242 4064
1399 1597
3467 3777
3156 3864
9642 9958
5158 5994
3460 3785
3181 3872
2217 3044
6449 6783
8328 9176
7589 7925
7580 7885
7390 8079
150 964
2204 3023
1353 1562
1359 1564
5500 5679
6406 6741
7420 8111
6319 7163
2407 2610
1113 1804
168 1021
6491 6670
2231 3041
6223 6937
8694 8878
8615 8959
7517 7684
7337 8179
8267 8976
3430 3642
3083 3927
8472 8772
1407 1570
2296 2981
9683 9870
2423 2601
192 927
1474 1693
8456 8791
5296 6096
1182 2047
3253 4055
7357 8159
5556 5846
368 532
4501 4849
7292 7961
4188 4922
6325 7123
3370 3661
7376 8121
327 557
4434 4665
7453 7798
1098 1830
1332 1624
505 662
1280 1647
3101 3949
8531 8738
8405 9124
8483 8786
5440 5683
3291 4015
4126 4970
4590 4762
2465 2772
6497 6676
1268 1922
4376 4718
6171 7021
277 610
1232 1961
9563 9761
446 709
8514 8761
5264 6125
6247 6938
1079 1865
8646 8889
9514 9898
8227 9122
9616 9745
4515 4641
1258 1896
5503 5885
3145 4042
7425 7810
8432 9075
4450 4838
9504 9892
5433 5820
5268 5905
4231 4865
3281 3929
7475 7867
9485 9861
7550 7927
2303 2933
9474 9865
275 671
5456 5853
7617 7756
2480 2622
8210 9116
1113 2006
8587 8708
1280 1680
8272 9152
6577 6689
336 705
2269 2892
7356 7982
7259 8137
2127 3036
1120 2035
8673 8821
4408 4781
8370 8999
4260 4914
441 558
5417 5822
5168 6056
7176 8080
4353 4760
8462 8855
3472 3594
2547 2665
5190 6108
7199 8069
9614 9748
7630 7764
1282 1689
2223 2866
1049 1924
7262 8131
6635 6773
8327 8985
3302 3961
4513 4609
1445 1541
1379 1731
3372 3726
4324 4935
40 907
1366 1781
3414 3829
3159 4084
7497 7914
1089 2020
5184 6117
8498 8852
7316 7986
1319 1664
2271 2936
4 940
3325 3925
5570 5738
3267 3946
5269 5951
5559 5660
7230 8085
7471 7811
7178 8103
6596 6761
2468 2570
1455 1537
7656 7750
8614 8712
1532 1619
5460 5883
191 783
7236 8180
9483 9914
5271 5926
6540 6718
2096 2947
5196 6143
6205 7054
9692 9839
5411 5776
3161 4077
2222 2843
2370 2804
5213 6123
6189 7067
5224 6111
8529 8934
7386 8045
5276 5924
1181 1828
47 918
2162 3016
3308 3926
3244 3856
6489 6886
4477 4797
466 530
6593 6657
1096 1929
5307 6010
6588 6781
3099 4056
6192 7155
213 785
6399 6971
5531 5726
7398 7971
9497 9948
401 599
4532 4722
6201 7167
1094 1935
3285 3868
1060 2029
6652 6709
4550 4620
5439 5877
5513 5699
4505 4690
3558 3629
4234 4934
7469 7905
8212 9176
8505 8949
5349 5929
3216 3933
8292 9129
9589 9912
81 897
2152 3000
3115 4091
7359 8046
5410 5875
8542 8847
8664 8714
8645 8727
7506 7809
3280 3844
9427 9991
1374 1672
9564 9866
3496 3711
8274 9093
170 882
9507 9979
9668 9756
2213 2943
421 638
8391 8988
7204 8191
8502 8938
5379 5855
2387 2702
7301 8024
6445 6899
6268 7074
422 633
3244 3916
4460 4750
236 782
3509 3671
1284 1767
2323 2800
1393 1685
1179 1919
9501 9977
7594 7758
4597 4624
7477 7891
5444 5794
120 927
2186 2925
9699 9739
5425 5849
6588 6740
8365 9028
2333 2807
3399 3756
331 672
3222 3963
3350 3835
6200 7125
7612 7761
2388 2746
7445 7931
5434 5844
4381 4850
7512 7863
5572 5675
3503 3679
122 906
5517 5757
6255 7071
7637 7717
5127 6135
7384 7978
7617 7731
6243 7056
5278 5997
8593 8804
6498 6807
3488 3670
1381 1682
414 617
5276 5995
1135 1943
8571 8833
2095 3028
8352 9051
2397 2721
491 535
6566 6746
3538 3631
2164 2953
4301 4915
118 904
7366 7992
9658 9796
5580 5682
4341 4874
3393 3774
6309 7002
2367 3391
2417 3440
2850 3875
2498 3520
8909 9935
8693 9719
7142 8164
294 1314
372 1392
6518 7538
125 1144
2216 3245
2843 3870
1016 2046
8783 9801
2902 3921
427 1443
2515 3547
8595 9625
7072 8106
2688 3723
3041 4074
6695 7722
2760 3782
471 1496
540 1549
6688 7729
2214 3252
6911 7916
6270 7277
2958 3994
2055 3091
13 1048
6884 7922
5112 6126
733 1738
754 1770
556 1588
6178 7226
8879 9910
5072 6089
937 1971
8604 9606
155 1159
2926 3954
6484 7496
2135 3146
6162 7180
2315 3348
412 1468
2439 3495
944 1936
6269 7260
8532 9591
844 1897
241 1239
967 2017
2859 3852
6165 7218
2488 3472
6906 7890
2676 3678
8744 9731
506 1494
6571 7559
8381 9360
8254 9235
2277 3275
6874 7924
935 1928
393 1446
2785 3793
2239 3213
2221 3231
2991 3997
79 1148
6618 7662
3057 4036
204 1274
956 1930
6149 7219
2421 3394
2874 3842
7133 8165
2060 3125
165 1182
2172 3136
8838 9914
8688 9676
8813 9809
8741 9755
8479 9505
5008 6062
2308 3387
8797 9826
370 1331
438 1527
610 1571
8721 9811
7070 8156
523 1608
301 1390
3024 3989
97 1062
8320 9415
6428 7508
2871 3965
6197 7295
8917 9887
2756 3727
6264 7220
5024 6124
6666 7751
8239 9314
463 1409
2375 3336
7148 8099
6882 7859
2394 3336
2475 3577
8487 9589
2557 3502
5095 6068
2389 3329
403 1479
2382 3355
6704 7781
2857 3967
8528 9478
3036 3979
6184 7295
6621 7557
8312 9248
2581 3660
2426 3360
2106 3169
6614 7565
523 1622
878 1843
6928 8013
627 1555
6252 7180
8912 9905
6485 7478
2789 3713
2826 3950
8889 9949
827 1885
6589 7643
2803 3739
79 1063
6290 7418
2423 3358
6945 8008
716 1702
2518 3516
6591 7637
5053 6103
428 1479
265 1378
3002 4049
636 1554
7101 8147
186 1237
2161 3102
8780 9763
8195 9324
156 1260
2762 3770
6836 7876
8642 9650
600 1578
2599 3664
8485 9554
6741 7725
6594 7611
6198 7247
3057 3979
6523 7424
7017 7954
3019 4022
6705 7756
8892 9922
2295 3208
6882 7837
6383 7279
8536 9688
7022 8174
6329 7224
6631 7525
7083 7977
5021 5918
2735 3625
346 1501
6382 7273
8924 9812
2766 3655
8411 9298
74 1216
7036 8182
8939 9831
943 1826
2739 3646
8556 9698
6678 7833
484 1396
512 1682
475 1353
2276 3190
8834 9744
8507 9641
6993 8130
8194 9361
8248 9387
6241 7413
6557 7434
2321 3465
252 1125
736 1657
8311 9452
9108 9999
6538 7441
892 2016
8229 9401
2436 3354
6254 7408
355 1532
8816 9967
6690 7869
55 1174
8831 9950
6350 7276
2945 3874
957 1822
737 1605
138 1070
8336 9268
2483 3350
2718 3640
2128 3318
8200 9390
6227 7413
165 1026
792 1983
2563 3754
2689 3624
377 1488
8328 9249
602 1776
6713 7827
8518 9708
6867 7800
6957 8070
6563 7432
175 1027
179 1054
2660 3786
1022 1871
2875 3977
2100 3206
7012 8150
2738 3585
766 1610
2781 3689
278 1442
6312 7196
8869 9744
826 1932
2195 3115
332 1526
492 1367
456 1395
6363 7264
270 1458
8516 9720
8597 9513
7049 7988
2428 3522
153 1063
891 1988
8749 9874
8779 9972
371 1459
8729 9945
468 1301
2215 3174
8453 9668
2341 3553
604 1688
181 1139
8539 9629
8558 9640
779 1996
6707 7924
2559 3383
2155 3234
8750 9959
770 1992
2736 3706
8200 9410
8577 9547
8695 9533
143 1091
8268 9345
2978 3948
722 1538
2393 3464
2544 3362
2533 3382
8911 9756
747 1599
217 1037
6779 7852
5052 5995
885 1965
5115 5921
3062 3885
5059 5912
752 1580
6958 8178
416 1405
550 1787
861 1923
888 1959
6819 7747
2144 3202
926 1916
6951 8133
7136 7938
615 1668
8441 9242
8550 9605
8819 9872
8211 9462
728 1598
2848 4038
2534 3328
6384 7190
560 1751
829 2005
3065 3857
8539 9650
2256 3130
8406 9277
6335 7252
8300 9351
7088 8028
2612 3801
6552 7541
547 1741
534 1784
6949 8138
6413 7677
2524 3373
2395 3498
996 1815
857 1962
8199 9460
5038 5981
6940 8175
959 1867
2108 3272
510 1290
8795 9903
2226 3143
470 1312
530 1764
8239 9433
2856 4063
736 1559
6691 7899
2425 3456
7036 8069
2604 3798
2421 3470
3038 3874
6748 7840
2462 3427
8730 9959
878 1936
7037 8067
9204 9995
6624 7455
8392 9672
6403 7171
8692 9461
3022 3788
8459 9225
8637 9406
6879 8155
8251 9535
811 1582
2299 3581
5118 5880
2300 3579
6213 7501
210 1497
362 1121
6708 7999
6509 7265
295 1065
2368 3150
2695 3976
6402 7181
5113 5878
8351 9616
247 1510
6240 7537
2946 3728
703 1965
516 1815
868 1649
8278 9539
872 1651
6369 7677
6732 8017
8207 9490
2150 3448
834 1628
2122 3413
6225 7502
2473 3209
8433 9681
5114 5850
6975 7711
977 1776
568 1817
7137 7872
8647 9444
6589 7326
6340 7655
666 1982
9213 9945
6642 7383
7162 7903
2510 3304
9050 9852
2052 3363
6344 7663
8962 9770
8760 10000
262 1068
166 1421
2878 3605
5044 5784
43 1286
6365 7667
8579 9388
775 1591
2827 3643
447 1166
2671 3934
295 1045
2195 3489
6826 8088
6345 7674
2071 3363
2424 3149
121 1356
2358 3075
2182 3505
507 1228
6639 7384
2767 4087
669 1956
6818 8091
567 1805
6476 7286
8216 9506
770 1593
600 1891
3017 3826
6985 7794
8463 9266
596 1898
8595 9389
8992 9758
577 1918
6630 7385
2123 3339
2659 3875
2979 3810
8669 9372
6803 8145
2156 3375
751 1964
9077 9782
229 1441
2146 3366
459 1167
2424 3133
2638 3851
2724 4065
935 1775
2315 3139
2412 3109
8316 9525
6207 7542
8618 9440
6758 7980
2773 3998
8374 9725
2310 3146
778 1606
6785 8141
655 1986
980 1689
2626 3855
8334 9667
688 2046
2895 3585
8569 9257
604 1807
990 1675
389 1232
9071 9786
2942 3624
6975 7785
6371 7604
6602 7325
2608 3944
9159 9887
8419 9659
6784 8153
6912 7770
2783 3972
190 1506
658 1998
2159 3379
2495 3299
8492 9328
2328 3141
2638 3859
2642 3855
6371 7614
6888 8117
2151 3385
292 1146
2890 3605
5037 5874
7045 7909
2119 3365
35 1345
6700 8014
2267 3512
93 1336
6526 7195
886 1552
2533 3203
7148 7818
947 1748
2631 3887
223 1463
485 1165
6345 7585
659 2042
8217 9584
5098 5763
6339 7594
2249 3490
334 1059
8218 9588
9202 9885
6532 7412
260 1141
5077 5796
8638 9423
2615 3909
6913 7795
6932 7783
7075 7895
391 1266
8467 9317
6166 7520
8244 9538
6999 7713
8975 9848
6348 7611
6756 7964
686 2007
135 1533
2227 3528
6918 7805
6726 7997
2374 3130
60 1344
6439 7259
2921 3604
8266 9527
243 1421
859 1573
8448 9342
182 1481
2575 3952
2236 3523
6792 8183
6333 7618
795 1690
3063 3702
478 1116
6766 8172
2897 3797
567 1971
6759 8162
563 1973
819 1723
3030 3678
9093 9740
5007 5638
160 1322
6584 7218
618 2022
8523 9414
2258 3420
2386 3292
5082 5716
6806 7960
9001 9894
3058 3682
9069 9981
5107 5731
2648 4041
502 1127
2676 4069
6314 7483
2460 3086
8859 9993
6628 7287
8395 9560
2835 3717
683 1852
580 2003
2343 3263
3046 3710
2203 3331
2562 3995
8460 9365
5054 5671
2924 3830
2175 3556
663 1803
8859 9989
2630 4057
9097 9750
5079 5704
644 1829
8970 9899
8425 9547
8553 9419
11 1448
7126 7797
6819 7943
379 1246
2589 4027
6420 7346
8628 9234
8493 9355
2160 3543
2234 3346
8253 9621
6605 7268
1012 1630
6776 8146
9006 9860
6719 8084
8669 9334
2113 3565
6408 7332
415 1074
626 2015
9175 9850
2257 3455
6769 8159
2120 3576
8881 9985
8339 9506
6299 7464
549 1937
106 1502
59 1422
6373 7504
8367 9498
2567 4016
2666 4061
2114 3578
6463 7303
9105 9769
6697 8081
8670 9318
9042 9962
2704 3881
745 1872
6527 7366
6552 7202
496 1099
956 1543
6969 7810
2347 3223
2381 3315
6575 7185
6321 7536
9063 9894
6920 7881
2354 3312
889 1723
2487 3187
2470 3170
6868 7952
458 1039
521 1999
5099 5677
347 1180
8973 9930
9101 9796
83 1433
2446 3141
48 1531
6162 7641
8350 9557
6761 8101
6824 8037
205 1283
442 1140
2586 4052
6347 7429
7143 7721
525 1986
2869 3813
6461 7405
2865 3811
7051 7769
2232 3435
6852 7959
2947 3668
6188 7675
5094 5694
50 1515
2118 3484
6554 7232
6595 7193
5035 5745
5080 5635
6192 7659
364 1201
2218 3447
8509 9440
8668 9217
635 1957
6223 7569
8499 9427
6441 7369
8236 9677
2463 3197
2137 3515
3034 3641
911 1644
2137 3517
5043 5719
8514 9382
872 1677
2145 3460
6901 7952
7061 7795
8252 9690
6384 7446
3062 3601
475 1084
863 1720
2693 3949
6161 7673
2197 3452
6336 7465
6193 7640
3047 3597
8381 9558
6603 7207
453 1064
3022 3619
392 1125
6592 7213
8309 9624
8338 9599
8469 9464
627 1949
2572 4066
8626 9308
8387 9517
8339 9597
6359 7480
44 1500
5119 5647
9186 9747
405 1127
2226 3392
9180 9774
6397 7433
2464 3157
2971 3694
178 1351
6841 8015
6777 8079
2556 3083
6458 7373
6152 7679
8356 9555
6272 7543
3035 3619
6426 7395
841 1714
657 1898
2243 3391
2096 3534
7160 7687
6795 8052
923 1435
2158 3694
238 1774
2163 3698
822 1332
2834 3345
6607 8140
9136 9652
2048 3591
6546 8085
8945 9465
2466 4011
5001 5504
6716 7221
444 1974
8425 9955
6834 7352
8822 9340
9113 9618
6880 7403
2830 3330
6145 7693
6546 8094
220 1745
6286 7808
82 1629
6473 8006
464 1984
8299 9851
2566 3095
2121 3674
8784 9283
6630 8178
62 1579
302 1851
6396 7913
2731 3261
3053 3578
9070 9593
6249 7806
40 1584
6600 8144
2751 3238
329 1874
2286 3829
6985 7506
6573 8113
436 1962
8768 9310
2073 3641
780 1324
2357 3861
8745 9225
9037 9581
2956 3501
3071 3550
6899 7378
6838 7319
6348 7917
7130 7672
2463 4028
2885 3430
7004 7551
8217 9786
2359 3859
9128 9613
8978 9527
6987 7533
2147 3652
6781 7258
2117 3693
2492 3988
452 2029
473 2032
8424 9921
6930 7483
2569 3106
133 1710
6587 8080
9003 9479
6972 7440
312 1813
2327 3898
9191 9674
6210 7788
8196 9771
2233 3720
9139 9602
6931 7458
5083 5608
7046 7605
3016 3581
2667 3165
2181 3763
7078 7568
6409 7998
8746 9245
427 1939
2437 4029
361 1873
8443 9923
8928 9432
7019 7507
2647 3182
8722 9259
6917 7484
8389 9983
9156 9726
6475 8048
6164 7727
2368 3965
8830 9283
150 1704
6893 7379
9066 9556
845 1394
2833 3409
6524 7996
6959 7535
2714 3291
2931 3377
597 1047
437 2039
7138 7584
488 1963
8777 9228
2511 3977
626 1076
715 1164
8527 9992
9035 9484
8873 9441
6599 8077
2056 3651
3011 3469
178 1788
7099 7668
831 1391
78 1566
2201 3784
8215 9797
8543 9997
6611 8065
186 1769
3067 3496
7135 7563
6797 7385
2656 3125
280 1870
6293 7875
9101 9685
7003 7427
2793 3248
9170 9609
700 1248
8955 9382
831 1377
2564 3163
349 1794
9162 9621
2637 3117
2907 3387
2972 3580
2072 3704
5014 5622
6279 7911
6711 7254
6675 7282
651 1257
822 1364
7043 7649
9049 9531
6402 8032
5017 5626
6338 7846
5095 5507
752 1175
8265 9761
2124 3621
1021 1428
9117 9716
9178 9651
2279 3724
7047 7660
520 1124
6516 7961
274 1916
741 1163
337 1855
419 1997
6342 7862
2153 3611
8816 9219
319 1867
308 1856
5111 5507
170 1759
2285 3736
2910 3371
378 1804
6980 7474
9044 9507
555 1107
8226 9818
2348 3925
843 1330
419 2010
6642 8075
2122 3632
549 1118
2230 3789
8382 9925
9067 9495
6919 7547
6380 7824
7132 7584
6251 7702
2802 3212
7139 7581
6731 7221
2345 4009
6734 7375
858 1497
2373 4038
2248 3660
696 1084
2885 3521
8431 9835
8193 9861
1018 1407
6186 7852
2841 3486
7129 7505
6994 7642
6387 7803
602 1235
2375 4045
2771 3167
6591 7987
13 1693
6863 7263
44 1726
49 1698
2341 4022
1002 1401
2637 3289
215 1601
1016 1376
2392 4032
937 1329
6891 7282
605 1223
8720 9354
2661 3326
273 1930
8961 9626
7138 7545
9113 9477
6430 8066
8323 9759
9189 9592
2662 3320
285 1981
2521 3960
2919 3526
117 1751
9084 9694
173 1550
835 1504
2504 3947
5078 5493
9007 9612
2680 3294
6659 7333
6237 7931
6349 7787
246 1630
2886 3567
616 1218
324 2030
108 1735
5109 5465
620 1217
805 1416
6187 7814
2591 3249
6650 8020
9119 9521
994 1357
110 1729
2707 3132
5026 5389
6935 7591
799 1454
6594 8051
766 1100
6155 7871
6606 8059
6822 7187
2616 3214
6876 7274
106 1757
8280 9952
976 1385
6817 7192
9008 9609
6532 7997
6694 7327
6844 7175
2306 4030
2876 3456
397 1841
9090 9534
2567 3258
743 1114
8241 9868
7029 7627
2419 4044
569 1272
2673 3248
8360 9834
2981 3425
413 1880
375 1970
5045 5491
833 1414
2064 3801
6226 7835
2374 3980
6311 7789
6443 8160
8434 9785
235 1574
2901 3480
2994 3453
2552 3895
2825 3526
8404 9755
7047 7496
136 1624
7109 7444
241 1571
6586 8047
2805 3107
2097 3815
82 1668
8792 9359
8831 9383
8853 9293
2941 3492
2429 4004
6955 7665
619 1200
2497 3869
7114 7446
6555 8005
8325 9819
209 1585
2222 3662
66 1699
6689 7360
8953 9240
8827 9370
5093 5383
6405 8161
6534 8034
6479 8107
651 1134
148 1650
2216 3662
9042 9652
7082 7500
9169 9526
6827 7244
6238 7865
2433 3945
8762 9426
8731 9458
2764 3111
2914 3470
2905 3509
214 1595
12 1762
2390 4024
801 1486
8865 9296
962 1328
2850 3536
183 1603
8215 9955
799 1514
8270 9912
6633 7966
8811 9362
6307 7769
8766 9412
880 1419
444 1856
6825 7253
5046 5450
2880 3518
8264 9910
8204 9971
6145 7937
668 1437
7026 7280
8915 9680
6335 8124
717 1481
2917 3169
8954 9724
2097 3894
9140 9395
763 1523
216 2002
342 1628
818 1081
9067 9319
2242 4047
2604 3361
6841 7604
677 1451
905 1158
320 1616
960 1233
7089 7328
351 1613
28 1807
2929 3170
2834 3073
6269 8046
2063 3867
9203 9447
6151 7955
6180 7984
2435 3734
434 1703
5066 5343
6373 8179
2229 4002
3042 3322
9063 9343
2864 3113
8822 9583
7100 7334
2502 3802
2836 3081
6632 7926
2562 3362
6558 7870
2069 3892
279 1589
2051 3873
6188 7950
2240 4067
2894 3178
7055 7338
823 1040
2861 3077
5060 5356
6357 8188
5105 5338
9034 9313
2484 3737
2844 3122
954 1172
9179 9460
830 1038
6949 7188
6831 7582
660 1447
6782 7501
570 1294
2259 4071
7056 7332
8703 9931
105 1884
2674 3399
171 1950
8913 9703
738 1493
7013 7250
6822 7569
816 1032
6777 7489
2656 3417
2272 4060
8515 9855
6518 7755
8624 9869
6281 8116
2382 3696
6835 7565
2867 3084
2900 3179
2918 3110
404 1749
2439 3780
10 1865
6231 7956
7083 7400
6466 7681
102 1827
301 1643
6423 7761
2493 3834
809 1134
2808 3504
630 1343
128 1993
992 1194
6922 7232
6531 7880
8533 9758
454 1674
630 1339
8895 9713
6995 7196
339 1539
6661 7509
700 1517
6541 7900
8673 9907
628 1319
7165 7337
6354 8070
2263 3970
5119 5290
919 1217
291 1653
5084 5258
637 1322
721 1417
5014 5326
899 1242
2446 3796
311 1645
2625 3355
995 1209
963 1176
6648 7843
6389 8110
6962 7278
9011 9326
6856 7573
207 1937
263 1625
434 1773
2564 3419
890 1061
8868 9723
5061 5274
854 1078
2893 3116
2311 3686
8719 9582
606 1340
5022 5373
6843 7640
7134 7355
2523 3773
248 1951
8458 9827
2401 3595
851 1087
823 1115
392 1766
6309 8139
775 1143
8915 9635
6416 7777
6872 7593
8861 9711
6498 7696
9068 9247
8724 9575
7022 7194
7053 7416
860 1066
6202 8012
5096 5278
195 1979
643 1531
6542 7927
2117 3902
887 1036
8605 9958
6740 7471
8589 9974
6503 7707
187 1990
802 1116
2338 3676
6870 7593
6726 7622
3061 3191
234 1896
6358 8020
9134 9261
67 1991
8890 9534
2311 3714
665 1308
6989 7371
798 1177
7156 7292
575 1462
806 1199
2253 3908
2088 4001
622 1508
6953 7331
8994 9384
2067 3992
6344 8003
99 2030
6715 7606
723 1373
3008 3150
8940 9570
849 1246
2550 3686
8677 9845
2796 3454
8682 9848
2535 3700
8875 9528
8790 9669
9164 9305
2636 3546
6830 7481
8782 9686
6996 7372
245 1900
9097 9232
8776 9681
2959 3093
171 1841
971 1105
2888 3282
9166 9300
648 1299
8656 9803
6399 8036
2516 3656
2346 3767
2854 3259
96 2045
6474 7895
6801 7436
2176 3870
2950 3097
8785 9678
6446 7857
2571 3499
2905 3321
7072 7168
671 1342
8971 9386
8555 9929
1006 1101
9100 9263
86 2034
5009 5173
2630 3552
2258 3956
6387 8021
8801 9670
8614 9729
411 1587
8757 9629
7060 7228
3029 3196
6983 7406
613 1487
2095 3973
8582 9773
6424 7860
6203 8087
236 1857
330 1764
7 1960
8705 9649
5009 5153
820 1157
2263 3942
9000 9369
45 1951
115 1984
6239 8171
6877 7531
584 1535
2066 4011
8473 9888
6732 7664
6328 7940
316 1665
5060 5241
8876 9489
2130 4076
6641 7759
9056 9438
6520 7878
374 1718
406 1622
784 1233
331 1673
2597 3559
9079 9397
7157 7223
2777 3354
500 1584
2465 3684
876 1193
163 1893
6722 7556
2952 3151
7052 7243
6385 7993
6573 7781
8993 9449
2303 3894
6414 7879
6298 8019
2807 3389
60 2038
483 1577
8603 9809
9174 9245
6292 8031
327 1674
563 1533
415 1615
729 1288
446 1647
954 1131
6167 8134
6698 7675
518 1492
2924 3263
7006 7309
2093 4088
2346 3839
8705 9684
25 1999
6607 7705
2690 3418
810 1264
960 1050
206 1813
3011 3096
2094 4085
6378 7985
2740 3432
45 2033
6159 8146
8500 9961
8490 9975
6815 7490
2291 3885
6494 7808
6210 8093
8696 9752
2160 3985
131 1890
6392 7962
6647 7700
825 1245
2219 3918
261 1763
2685 3483
6939 7421
205 1834
114 1941
8601 9854
8966 9454
603 1458
2520 3633
6821 7503
2371 3759
832 1196
913 1149
6379 7943
6485 7865
761 1300
102 1928
7089 7262
6247 8072
963 1075
337 1697
6233 8105
2955 3194
2735 3422
86 1956
593 1443
325 1719
2085 4055
6557 7791
2391 3748
2473 3676
6496 7829
837 1203
6259 8068
9188 9235
4 2044
838 1214
6516 7820
7163 7170
2385 3755
6799 7540
790 1259
8826 9607
2896 3246
408 1638
371 1676
8493 9938
1780 3828
1797 3844
5564 7613
1536 3586
5297 7347
605 2648
6141 8184
61 2107
6127 8169
5923 7973
6121 8175
1025 3078
1756 3803
896 2952
755 2810
1285 3340
1371 3410
5602 7659
1406 3444
1019 3056
897 2957
5073 7134
543 2575
1176 3208
1350 3414
5118 7151
1666 3729
68 2130
1328 3367
5084 7109
1839 3893
34 2104
728 2755
1955 4024
132 2207
1892 3962
5288 7350
1150 3166
694 2710
5987 8003
5812 7828
1149 3167
5754 7768
748 2767
29 2105
5781 7857
257 2340
213 2288
1250 3269
501 2525
1789 3797
499 2521
5131 7200
967 3051
528 2621
6002 8031
767 2769
2026 4037
1118 3182
6123 8154
5053 7055
145 2210
5112 7117
397 2491
5537 7575
1206 3201
5427 7428
1750 3823
6002 8008
1168 3245
2022 4056
66 2172
794 2852
305 2319
1530 3525
721 2707
1681 3794
1750 3733
953 3069
6024 8143
595 2587
607 2582
6008 7985
1210 3318
6133 8121
5992 7972
30 2131
655 2753
5165 7267
5762 7891
5108 7077
5359 7357
6114 8112
5157 7281
5643 7775
5761 7893
463 2458
259 2390
1787 3757
6078 8168
452 2451
336 2312
5175 7279
5888 8024
48 2153
5659 7746
5319 7326
1065 3186
5447 7450
5005 7120
1724 3810
5069 7059
5750 7703
1058 3137
394 2537
5662 7802
1457 3540
5016 7165
6032 8181
5998 7947
1537 3687
2039 3984
5445 7458
708 2733
1701 3788
91 2098
89 2099
5508 7662
1205 3294
1111 3131
1029 3177
765 2704
1488 3517
154 2292
909 3043
1707 3781
1560 3702
5841 7840
1725 3790
390 2549
1757 3753
116 2050
1753 3758
6112 8087
1627 3618
5004 7158
410 2529
5416 7507
1755 3751
98 2079
934 3032
1193 3287
1507 3484
1135 3311
5030 6950
5453 7629
5161 7340
1428 3347
5113 7038
1096 3265
1715 3642
1879 4062
1980 3895
780 2951
5712 7901
154 2068
70 2262
507 2410
1115 3274
680 2617
5737 7928
2019 3953
365 2558
1583 3772
1967 3899
1942 3840
1801 3999
5641 7839
5105 7017
866 3067
5948 8101
5406 7556
925 2816
5192 7381
1746 3661
1700 3589
1007 2893
5562 7448
1202 3089
1818 4030
5189 7392
1946 3890
932 2830
1044 3262
6137 8019
885 3038
698 2582
41 2181
826 2967
668 2609
6116 8009
804 2954
2016 3919
480 2383
1727 3597
803 2967
2005 3936
1001 2908
699 2574
362 2527
6095 8058
1712 3592
5237 7373
926 2855
6114 8027
1958 3868
6011 8129
984 2915
6087 8060
5034 6934
1651 3790
449 2431
1372 3555
1496 3431
1033 3273
1547 3787
203 2058
305 2547
6069 8055
1728 3587
5323 7183
6086 7939
901 2883
5086 6936
5966 8072
1288 3535
1625 3742
1039 3270
18 2264
6090 7936
648 2627
5884 7735
5668 7919
1400 3508
1190 3178
5412 7656
314 2551
1234 3103
5520 7517
537 2775
249 2102
5968 8095
924 2892
1773 3644
6008 8105
5580 7453
1102 3228
1516 3390
376 2475
1138 3238
5489 7589
1074 3303
5441 7574
738 2619
2001 3848
6001 8104
290 2553
734 2560
462 2320
5209 7303
1909 3989
1034 3307
890 2968
5208 7354
603 2744
1393 3474
5004 7016
5155 7367
1140 3217
5621 7443
5488 7575
5769 7777
5305 7249
6088 7969
486 2316
895 2964
5813 7774
5015 7035
765 2576
481 2316
390 2411
5823 7762
1816 4086
1568 3792
781 3069
5345 7185
5706 7866
5403 7658
713 2618
216 2093
1576 3805
971 2877
1717 3651
5281 7255
1661 3722
307 2500
1963 3923
5596 7460
5451 7603
5772 7796
1763 3610
5838 7733
1251 3103
1806 4083
5845 7722
100 2404
1244 3549
871 2660
5703 8004
5273 7578
794 2590
59 2366
5827 8134
1346 3140
5188 7490
5680 7990
1772 4075
1641 3937
5280 7592
958 2741
5614 7397
1094 3402
768 2572
613 2920
1716 4026
5420 7202
773 2581
1472 3280
5174 7462
715 3034
5519 7325
149 2438
5609 7418
5698 8023
813 2619
1801 3615
958 2728
5234 7524
922 2701
1147 3436
1226 3539
5560 7329
5103 6901
5228 7542
80 2381
5153 7487
2027 3828
5925 7738
1460 3220
701 2973
5464 7290
5021 6846
5341 7673
262 2083
5199 7530
5558 7315
153 2495
5285 7555
1900 3659
647 2991
1309 3124
5751 8029
5598 7412
80 2429
5545 7300
5346 7628
5900 7714
5542 7304
5889 7726
5143 7463
1752 4076
5179 7439
678 2963
455 2288
1014 2753
5081 6894
821 2573
120 2369
1270 3535
5301 7564
768 2618
5147 7457
5680 7946
750 3026
1654 3915
5047 6794
278 2089
1686 4054
5031 6887
1099 3338
1051 3418
1403 3129
805 2663
5125 7494
5744 7987
5818 8188
5961 7680
5609 7328
1586 3961
5506 7369
282 2134
1823 3664
5197 7455
782 2653
1269 3491
5256 7646
6042 7884
787 2628
1123 3380
112 2344
877 2612
792 2627
1477 3225
1858 3612
5600 7297
442 2264
1558 3956
5388 7278
5354 7560
5232 7443
1198 3531
482 2183
839 2594
1169 3572
348 2106
5342 7608
1973 3794
486 2177
1186 3530
1203 3546
5618 7320
506 2198
5838 8099
1992 3750
2014 3761
893 2578
5885 8082
5380 7275
1601 3889
624 2816
914 2787
1526 3204
999 2708
5059 6832
1635 3863
1655 3843
366 2075
1587 3910
5080 6830
1073 3401
1853 3652
27 2402
1107 3369
1806 3698
552 2900
6018 7934
190 2499
1878 3627
810 2644
542 2912
5426 7244
258 2178
1558 3991
144 2322
5522 7184
1692 3871
1155 3328
1572 4000
6051 7719
5387 7311
674 2855
5050 6719
677 2851
84 2514
1133 3562
1821 3738
1618 4053
279 2192
725 2909
380 2294
3 2441
2017 3691
1977 3635
5120 7562
319 2228
5089 6762
5674 8097
323 2254
1899 3814
6047 7698
1567 3985
85 2523
5148 7570
429 2082
5285 7466
1565 3981
203 2395
1599 4012
732 2895
1472 3155
1238 3394
5358 7546
5292 7481
1868 3796
5606 7294
6095 7767
953 2592
1267 3433
194 2392
1119 3524
5684 8111
1889 3837
5825 8029
5296 7468
951 2602
1908 3817
5396 7306
200 2408
1077 3476
5132 7597
1820 3774
281 2234
1711 3852
5100 6735
526 2986
376 2268
5725 8186
5801 7950
1122 3531
601 3059
1227 3424
1901 3782
6056 7685
619 3013
5 2474
5039 6656
987 2667
5142 7590
6084 7796
1271 3398
1133 3551
1998 3709
122 2505
5171 7552
6096 7779
1238 3426
1243 3438
623 3033
1844 3714
1177 3374
5032 6687
5645 8122
1968 3592
5374 7495
979 2664
445 2054
187 2304
917 2601
912 2605
5709 8176
718 2928
5836 8050
1117 3554
5270 7510
5497 7353
1664 3905
641 2883
1151 3515
1555 4059
1844 3837
842 2689
6066 7801
1142 3514
2000 3614
271 2240
5462 7321
408 2120
1444 3190
1430 3140
5220 7607
525 3033
5335 7426
1989 3602
649 2910
5198 7574
484 2109
1521 3112
5141 7631
274 2249
398 2133
522 3025
1575 4092
572 3040
1219 3357
151 2376
131 2401
497 2066
5394 7414
5661 8185
5253 7523
5642 8173
5587 7227
5523 7291
5101 6660
1706 3904
5923 7880
5287 7500
5944 7892
1360 3261
1202 3423
5152 7629
1858 3757
1047 3576
6058 7749
104 2457
663 2916
421 2134
146 2406
1529 3085
5516 7288
1042 3559
1367 3233
997 2591
1478 3133
5621 7182
1002 2583
260 2298
6119 7705
291 2268
5859 7964
5401 7398
1684 3220
5369 7929
5501 8061
1112 3673
147 2706
746 2280
1030 3588
26 2584
417 2979
1840 3378
1753 3290
235 2799
5144 7709
5320 7886
5058 6602
5116 6644
1637 3180
5248 7819
438 3000
5127 7689
1194 3749
296 2872
1736 3289
881 2403
5882 7401
504 3052
211 2758
5986 7543
5096 6654
909 2458
5525 8077
467 3018
1402 3936
5896 7442
5465 8005
543 2111
5851 7419
1721 3224
1783 3286
232 2761
569 2072
1197 3727
5116 6622
152 2747
698 2206
1588 3088
1258 3791
5176 7709
1224 3822
647 2208
1819 3379
10 2595
5001 6560
904 2466
481 3019
5379 7976
164 2696
5328 7933
126 2640
574 2065
5243 7764
1463 3975
1152 3760
152 2730
267 2873
809 2330
1736 3327
5769 7358
5654 7215
5952 7547
139 2743
5155 7711
985 2535
368 2894
1698 3229
741 2266
607 2079
293 2916
1768 3241
498 2995
1818 3416
5193 7690
184 2812
1512 4012
1978 3583
517 2112
309 2928
189 2811
226 2730
5398 8030
5368 7858
853 2329
573 2163
6085 7563
851 2332
5971 7452
5172 7803
1888 3378
614 2101
998 2485
34 2678
5145 7757
1754 3215
5041 6628
1439 4039
1371 3843
554 2166
1011 2479
1868 3345
1759 3202
1290 3927
1699 3267
378 2842
1257 3721
944 2513
1642 3080
5832 7339
1043 3703
84 2609
5228 7689
861 2362
1502 4025
402 3070
222 2739
941 2496
22 2683
5163 7748
1457 4034
527 2171
1198 3803
817 2372
1691 3309
540 2149
1564 3173
5048 6593
1652 3086
9 2675
5225 7699
5321 7858
5366 7818
1314 3932
758 2184
724 2132
5443 8131
5211 7899
5101 6508
968 2379
1303 3988
157 2590
1656 3323
5602 8033
5928 7596
5869 7273
5615 8043
1312 4007
693 2109
690 2107
1903 3557
5978 7638
1022 2416
25 2710
852 2500
204 2654
740 2166
5707 7391
1518 3963
1657 3308
117 2784
1669 3090
5271 7695
1679 3094
1210 3616
1454 3892
1321 4018
5549 7990
1665 3100
5246 7907
992 2430
1817 3463
157 2621
5697 7393
508 2909
903 2342
1800 3497
5824 7265
787 2481
900 2342
661 2103
119 2772
1093 3814
42 2702
5432 8093
5489 8151
439 2847
1015 2399
5505 7977
5332 7804
1075 3743
252 2641
1310 4019
1612 3298
5194 7908
72 2791
5582 8062
5046 6407
250 2632
1994 3448
302 2972
5537 7955
1852 3471
1733 3185
251 2639
670 2090
6122 7518
5684 7296
5195 7935
5024 6421
982 2400
5906 7588
6031 7480
6046 7462
1185 3608
5106 6475
859 2528
1730 3198
256 3004
864 2525
6107 7450
865 2469
1265 3636
5449 8076
6139 7485
1853 3573
5632 7368
5357 7719
6059 7526
5183 7922
5569 7948
1301 4058
533 2266
658 2112
1220 3606
218 2568
1325 4089
1520 3878
249 2606
5310 7785
5414 8190
1466 3939
433 2920
548 2302
624 2218
586 2192
1491 3849
562 2287
1779 3118
1551 3281
5635 7395
5074 6451
5063 6438
1358 4013
5031 6467
5819 7263
1825 3527
1760 3079
5780 7283
511 2838
385 2923
5681 7387
5633 7403
18 2809
1277 3601
233 2565
1912 3464
6097 7457
5222 7831
5540 8021
916 2407
5388 8191
5081 6442
346 2990
5108 6400
903 2418
1756 3114
5866 7197
508 2821
1000 2321
5327 7734
6045 7527
5012 6511
744 2069
1862 3512
35 2781
798 2528
1087 3776
1659 3451
789 2068
343 2646
263 2565
6020 7302
5824 7619
1272 4092
161 2980
612 2412
5158 7982
5639 7439
1944 3217
1470 3764
156 2966
414 2708
29 2839
5651 7449
742 2541
5170 7993
6030 7298
5467 7766
1155 3981
1910 3192
121 2934
5312 8145
1382 3700
31 2829
5160 7994
5212 8010
5057 6359
1317 3634
1673 3486
1269 4066
6019 7316
1397 3693
5359 8183
423 2750
689 2472
1183 3972
185 2980
5394 7692
6044 7298
495 2800
1034 3882
1887 3199
1747 3570
407 2740
1240 4091
5102 6346
5130 7983
1948 3258
451 2789
961 2278
5630 7897
1195 3971
1604 3437
920 2225
5301 8094
5357 8128
6070 7323
5742 7488
6102 7416
1686 3513
1144 3913
5733 7508
917 2214
1156 4023
1905 3138
1252 4049
818 2052
5661 7467
254 3017
24 2849
712 2546
6091 7409
1014 2253
5541 7838
465 2797
598 2411
1514 3754
1281 3648
1098 3848
1765 3494
5459 7696
841 2061
522 2383
276 2642
5914 7260
5259 8141
1340 3707
1093 3853
617 2336
1298 3675
5027 6378
1461 3838
739 2479
5941 7289
1153 4046
667 2505
5806 7676
1449 3834
5933 7294
1392 3620
5571 7831
5360 8100
5841 7559
1150 3881
5645 7514
850 2058
1279 4006
739 2489
531 2376
6000 7211
622 2355
1810 3148
5958 7192
1273 4006
946 2259
1212 4061
5840 7601
640 2530
621 2318
2020 3207
1737 3501
1847 3153
1793 3174
1364 3635
488 2688
1355 3617
711 2477
5949 7255
1534 3733
1562 3441
1387 3591
6063 7361
5409 7759
1907 3100
1721 3528
1239 4005
1335 3653
1835 3160
1369 3626
576 2355
5175 8004
445 2761
5501 7688
1975 3265
147 3045
1247 4008
697 2498
1274 3969
1327 3666
1185 4060
5348 8090
1638 3353
5782 7657
1494 3669
5289 7980
5019 6174
1268 3955
727 2384
5980 7387
1795 3211
5880 7537
5736 7649
2041 3187
656 2330
1771 3425
1368 3795
6049 7210
5035 6183
815 2209
2035 3171
5552 7712
7 2966
77 3039
101 3063
2026 3198
1626 3534
5306 7983
1746 3396
431 2617
5673 7615
955 2092
1838 3257
1336 3744
289 2745
1913 3297
221 2884
1560 3457
33 3004
1749 3403
1607 3545
769 2209
5337 8057
5114 6234
5109 6228
1968 3090
1095 4069
1129 4045
5560 7708
1358 3819
1809 3255
591 2536
1190 3841
1355 3811
6040 7216
5219 8139
1305 3760
127 3029
1794 3240
5524 7742
373 2777
538 2486
1237 3960
148 2873
129 2860
5713 7676
5535 7729
1424 3647
5157 8074
6038 7225
1602 3571
5943 7301
970 2169
699 2317
1453 3610
1929 3134
385 2614
5110 6222
5688 7552
440 2561
5020 6181
379 2752
1420 3639
5 3006
6074 7169
5404 7847
1617 3564
1583 3473
565 2442
1586 3570
1212 3964
268 2766
5455 7821
1912 3259
730 2329
6142 7229
1994 3087
1949 3163
151 2897
5739 7587
5927 7407
1842 3320
884 2239
1446 3691
1805 3266
5325 7965
5077 6148
1863 3221
451 2577
5614 7740
1453 3705
840 2204
114 2983
5073 6148
839 2193
5843 7429
5371 7981
558 2553
759 2351
1214 3943
351 2694
691 2409
1435 3649
1166 3924
1398 3756
5479 7867
6036 7240
5634 7647
1003 2100
1197 3917
5595 7738
5589 7735
524 2543
5052 6239
5451 7848
5989 7296
5922 7364
544 2503
5446 7841
1522 3611
1849 3283
1568 3530
261 2799
6024 7266
791 2300
985 2098
1836 3264
1102 4002
519 2538
5448 7845
6101 7226
1349 3765
893 2189
1020 2062
386 2672
1847 3269
6019 7281
1153 3957
1908 3201
5876 7426
94 2982
5210 8098
5974 7342
933 2140
1575 3550
5188 8125
5039 6229
350 2725
735 2339
5569 7741
5831 7482
1938 3180
832 2238
5398 7912
5337 7974
5836 7475
816 3888
1030 2055
5044 8117
704 3778
354 3428
17 3097
6043 7059
788 3869
5475 6506
1330 2360
287 3349
5936 6970
127 3188
233 3298
1121 2154
5722 6737
6010 7030
5238 6266
6067 7075
5284 6324
1342 2351
911 3998
1036 2078
1540 2583
581 3665
2033 3045
5611 6655
5485 6521
6081 7127
1046 2049
411 3459
537 3584
645 3740
5912 6915
1966 2994
5882 6886
5049 8089
400 3505
5568 6625
913 4019
864 3907
469 3574
5911 6964
1228 2280
5375 6363
1658 2655
1388 2377
487 3522
5795 6790
5823 6810
383 3417
1743 2793
1608 2671
5543 6528
1604 2668
1924 2988
8 3105
661 3775
5701 6767
1331 2335
202 3300
1384 2393
1449 2456
1600 2675
5649 6692
5304 6285
369 3401
6022 7102
2043 3010
480 3548
687 3730
1270 2251
1056 2077
650 3764
5467 6501
6051 7069
1273 2235
1995 2953
247 3252
5579 6536
614 3618
1845 2931
460 3466
1765 2722
5186 6149
1154 2250
774 3918
5837 6789
5919 6999
5128 6211
5025 8170
6054 7146
1915 2870
509 3507
5347 6316
806 3958
255 3247
1741 2717
5906 6978
5866 6843
1991 2965
5695 6764
946 4070
1703 2803
1785 2732
531 3654
1211 2285
1293 2394
91 3084
95 3080
1857 2838
1777 2726
1660 2603
6085 7058
290 3454
489 3511
1255 2233
5792 6911
1788 2716
1917 2844
1814 2933
1346 2337
5666 6721
678 3779
1535 2457
876 3845
6046 7156
521 3682
1427 2552
5544 6596
5821 6867
6063 7135
1284 2422
1040 2146
5332 6310
1692 2795
1931 3068
689 3785
982 4014
1959 3039
400 3562
5065 8115
1777 2698
303 3411
5539 6623
5029 8152
289 3489
5010 7954
1224 2121
487 3429
1183 2076
5463 6612
5002 7945
503 3443
448 3397
5022 7963
1812 2962
5476 6636
664 3602
1790 2677
2014 2901
999 3948
6131 7032
762 3703
973 3907
862 4048
5051 7989
5182 6320
796 3987
5294 6177
472 3400
1972 2853
181 3108
24 3210
1902 3066
5352 6268
87 3266
5088 8053
5272 6157
5432 6575
20 3214
1262 2164
5759 6884
589 3793
1791 2658
5427 6574
591 3823
5417 6537
5856 6721
16 3250
5815 6677
6 3237
5557 6422
5624 6491
796 4025
1335 2449
6132 6995
5816 6672
68 3309
1690 2608
309 3487
902 3884
707 3689
557 3718
5700 6895
1861 3049
448 3437
251 3158
652 3617
5129 6308
6136 6998
5321 6246
1408 2353
598 3815
1520 2371
6137 6988
6106 7023
846 4088
1979 2828
1480 2431
1204 2051
5907 7076
1073 2185
5857 6744
137 3123
5772 6710
725 3688
477 3424
643 3646
5693 6787
407 3368
1404 2492
5532 6492
5126 6343
341 3479
1772 2607
571 3832
458 3343
5767 6722
5106 7991
589 3723
401 3415
1906 2996
1866 2957
1324 2539
1386 2477
5584 6425
5137 6360
6111 6932
5771 6720
144 3164
47 3299
5248 6220
5179 6391
294 3563
72 3205
760 3637
457 3334
1199 2144
682 3704
5283 6257
78 3226
5876 6688
856 3982
1903 2999
1302 2510
5685 6893
5244 6308
1596 2790
300 3575
754 3625
140 3159
1862 2971
1833 3060
1834 3060
491 3380
5396 6644
681 3656
934 3911
5159 6341
53 3286
1207 2131
1829 3021
1661 2709
1161 2147
1019 3856
865 3978
966 3882
649 3685
5766 6763
731 3627
950 3911
5572 6453
422 3412
1072 2242
5364 6150
361 3482
1843 3008
286 3563
5167 6361
991 3879
1303 2543
5659 6883
5200 6313
2041 2819
5133 6391
735 3620
5937 7117
1124 2201
1696 2653
1399 2441
947 3916
1988 2757
1321 2088
520 3850
608 3938
1381 2150
5400 6171
5362 6646
5945 6717
1838 2600
5640 6926
5069 7877
5593 6352
683 4001
1822 2580
5910 6684
888 3699
5544 6307
5692 6967
5549 6310
323 3151
1385 2149
2009 2773
5192 6468
5311 6578
5712 7005
1556 2842
5117 7917
201 3547
1639 2932
676 4017
1068 2361
593 3908
1145 2415
1989 2771
1508 2290
815 3639
929 3769
492 3316
5601 6393
1812 2573
5553 6312
6037 6796
1487 2261
1819 2561
5067 7889
6030 6804
1420 2199
1013 3822
836 3673
786 3596
229 3579
1419 2197
172 3506
5091 7933
1241 2502
1067 2356
479 3327
1501 2301
118 3415
1660 2911
113 3410
5959 6755
5922 6663
51 3349
1471 2200
5709 7018
5968 6775
5448 6240
5168 6424
1060 2317
1523 2265
142 3492
5362 6616
1117 2422
8 3364
5546 6278
423 3210
6134 6875
1297 2111
5227 6469
1557 2874
1028 2357
609 3920
1688 2986
1365 2145
606 3944
5334 6624
217 3566
1266 2501
6128 6855
1196 2454
5257 6579
1315 2078
283 3109
551 3865
6052 6811
5986 6690
237 3500
6032 6868
5492 6193
1861 2563
1174 2513
6076 6907
5282 6634
5720 6930
1318 2157
1808 2651
5556 6392
653 4032
73 3332
5423 6242
1434 2260
6014 6704
5287 6633
312 3176
5899 6747
720 3971
185 3566
5890 6746
176 3561
1953 2811
5879 7085
5669 7039
364 3127
1069 2416
1572 2938
1511 2183
901 3813
5550 6350
5793 7104
5215 6461
571 3935
308 3154
1247 2489
5286 6606
197 3503
1603 2857
1621 2878
1740 2983
5515 6368
222 3506
14 3426
5268 6649
105 3335
1433 2295
1544 2918
1462 2246
5834 7098
497 3200
191 3533
1088 2354
1171 2539
227 3483
1734 3007
433 3274
1422 2293
14 3442
925 3809
5642 7030
1850 2628
1221 2490
1623 3031
384 3072
1444 2085
5067 7753
245 3446
1985 2629
5210 6622
580 4033
6028 6665
1582 2984
6025 6671
5646 7048
1810 2709
551 4014
286 3221
583 4044
726 3933
5154 6569
1465 2101
1663 3059
5973 6873
1609 3012
330 3271
5789 6928
5867 7014
1594 2997
5787 6923
306 3235
5719 7110
5298 6435
5819 6952
1349 2257
1180 2313
5054 7723
986 3650
594 4042
5577 6225
1755 2882
5775 6934
1492 2127
1077 2478
920 3587
5016 7683
1262 2419
1521 2159
5606 6264
1614 3025
345 3321
5717 7159
6098 6768
5688 7066
340 3319
325 3296
1092 2531
1105 2550
1327 2182
609 4040
5500 6357
1120 2506
639 4052
5806 6917
1933 2593
1082 2454
1254 2379
201 3428
5534 6195
1669 2858
825 3720
5594 6251
5429 6276
5708 7166
895 3787
5477 6353
1546 3007
1131 2526
5266 6439
383 3273
1456 2054
1831 2705
6099 6757
1287 2224
5845 7010
5799 6943
2007 2670
1006 3671
38 3485
5633 7098
791 3755
866 3806
405 3113
5169 6541
524 4018
391 3143
5555 6259
5514 6219
5930 6891
5783 6997
1379 2215
272 3285
5595 6174
5209 6559
6139 6717
6007 6847
5282 6506
5627 6199
30 3539
5536 6253
6060 6753
5756 7090
1418 2138
5176 6632
1436 2125
5665 7152
1055 2507
952 3692
1390 2232
1440 2168
1631 2949
6072 6754
1713 2922
455 3099
1639 2951
734 3903
812 3789
5856 6913
1735 2851
1398 2194
556 4040
310 3292
1218 2350
1911 2715
5878 6939
49 3551
860 3762
432 3166
1318 2248
2023 2569
5996 6786
5671 7113
471 3128
6042 6773
5552 6208
207 3390
6029 6783
1326 2269
757 3846
394 3193
777 3839
907 3708
1374 2217
472 3104
242 3338
5310 6470
5868 6933
1278 2309
198 3386
1483 2102
5744 7053
1620 2987
952 3655
228 3812
6018 6530
1467 3001
124 3711
5558 7090
5354 6895
389 3970
1329 2870
5641 6158
5413 6946
2025 2531
685 3239
1666 2188
5797 6315
476 4051
70 3657
1782 2297
1887 2384
1480 3015
6055 6583
5910 6404
518 3093
1114 2633
5522 7041
5442 6993
1337 2861
1338 2863
714 3295
790 3331
5136 6661
5236 6753
284 3850
785 3335
5745 6246
6110 6601
5604 7155
1702 2238
5234 6763
623 3189
1771 2289
5149 6663
188 3751
5748 6255
5967 6484
5066 7638
548 3129
140 3731
863 3392
504 4059
83 3696
1707 2184
5449 7018
987 3582
1464 2973
307 3862
5136 6709
6050 6533
5658 6205
972 3556
5185 6760
5088 7625
1619 2168
994 3529
1854 2322
1646 2115
1877 2427
1415 2985
142 3745
1983 2448
5487 6976
5353 6854
5150 6705
1893 2389
5299 6787
5834 6395
360 3930
5498 6991
57 3599
5801 6303
1799 2352
1882 2413
1714 2186
1879 2414
5798 6300
970 3569
906 3510
5825 6396
5312 6909
318 3840
1213 2813
5761 6336
5019 7642
5908 6480
6079 6651
1960 2541
428 4074
777 3407
594 3092
474 3996
5262 6856
646 3278
108 3621
1234 2712
1711 2277
5864 6306
6055 6636
5538 7150
5917 6481
2024 2469
5076 7577
1694 2254
161 3824
965 3478
1680 2244
5607 7091
1667 2260
5926 6513
5961 6417
5373 6820
92 3590
459 3984
707 3231
1418 3030
141 3795
1695 2241
5265 6897
350 3903
1315 2882
5026 7616
5512 7146
1780 2199
1377 2818
315 3928
6040 6651
1469 3032
5787 6398
1593 2143
1489 2999
1782 2206
5599 7095
5565 7126
1540 2152
1569 2124
840 3365
572 3155
5917 6514
1648 2048
867 3346
1498 2987
5049 7624
564 3142
5875 6273
5430 6980
5117 7567
578 3121
6062 6621
5424 6979
328 3900
1350 2864
43 3667
5092 7580
1667 2298
912 3561
5944 6465
92 3623
1041 2669
335 3891
853 3369
5861 6297
5528 7141
936 3542
5607 7065
5706 6196
1473 2881
1307 2970
5012 7445
1995 2377
5971 6608
652 3082
219 3677
5245 6906
5288 6703
61 3765
5860 6252
2031 2406
352 4073
1090 2763
399 3846
6001 6650
814 3490
5778 6175
1495 2904
169 3622
334 4033
5718 6343
212 3654
5988 6647
1946 2318
1573 2225
6134 6499
849 3527
36 3762
1338 2989
283 3980
1249 2681
5075 7498
5603 7034
928 3386
1658 2273
5940 6569
6039 6410
5408 7101
299 4020
835 3548
1796 2468
326 4070
5070 7535
5089 7491
5541 6919
5865 6218
5785 6202
5309 6686
5925 6534
1229 2665
5969 6645
1225 2668
1947 2364
5247 6872
1917 2517
654 3110
940 3333
1361 3064
6009 6608
88 3827
409 3890
1610 2273
180 3615
847 3555
755 3165
868 3541
1740 2173
1083 2697
874 3545
1452 2847
995 3408
5196 6905
513 3254
5237 6861
1616 2282
1316 2974
1095 2813
5483 7121
5941 6543
5300 6664
1484 2929
94 3808
1031 2745
143 3633
1590 2185
581 3205
1415 2887
456 3849
5227 6826
1447 2917
928 3427
5859 6176
5593 6938
1581 2281
695 3186
275 4053
1547 2252
5564 7035
930 3434
5656 6353
1154 2632
1846 2556
862 3477
39 3820
5212 6807
1874 2462
838 3466
1344 2956
716 3072
1742 2050
1289 3012
1744 2077
5631 6961
5700 6283
975 3359
1378 2995
6034 6464
5894 6610
5265 6725
5691 6382
1766 2108
224 3643
756 3119
5395 7118
1781 2090
2044 2332
333 4013
1663 2207
942 3404
854 3508
1872 2482
5985 6533
387 3941
1634 2180
6122 6412
686 3145
5346 6666
729 3120
1615 2213
1417 2915
1808 2555
248 3603
1354 2982
345 4021
5365 6682
5230 6814
5734 6295
1440 2898
417 3922
1031 2804
5888 6643
5245 6793
1162 2687
5056 7477
727 3105
465 3878
1512 2832
6034 6504
5068 7472
749 3091
1010 3341
6036 6507
5786 6245
1885 2141
5938 6194
2021 2276
5741 6508
1826 2080
1452 2734
6041 6299
1556 2327
6027 6280
1188 2977
5682 6455
5689 6463
555 3372
939 3235
75 3905
5757 6519
1442 2729
5323 7111
5800 6565
77 3906
1490 2755
5331 7106
58 3880
1563 2313
90 3913
621 3449
745 3580
5584 6853
5764 6545
5919 6153
5811 6564
1299 2571
6110 6342
1230 3031
5259 7058
590 3412
1855 2084
1 3866
1570 2366
224 4094
182 4009
879 3184
5964 6253
637 3423
296 3596
737 3525
1408 2724
5079 7411
753 3543
1170 2996
657 3513
5311 7063
1925 2220
964 3310
5419 6657
1894 2125
1597 2323
5480 6727
1729 2545
225 4048
880 3137
410 3752
1726 2444
547 3344
702 3469
873 3162
1389 2649
477 3816
1899 2142
145 4004
867 3156
73 3966
338 3690
1072 2824
5865 6609
5786 6560
1745 2540
942 3219
5954 6271
5486 6736
673 3553
1981 2301
267 3659
5928 6248
6102 6294
5563 6907
5374 7103
616 3370
380 3640
5003 7375
1129 2863
124 3899
5517 6853
223 3990
441 3827
5242 6960
5883 6576
5177 7029
949 3301
1716 2532
989 3212
5730 6451
1276 2990
5575 6805
1561 2378
1404 2607
631 3364
1438 2762
5573 6801
5231 6971
5683 6502
5625 6828
5957 6160
5085 7307
1803 2140
2012 2187
1283 2644
9 3934
726 3457
5551 6904
536 3393
869 3135
69 3871
706 3481
5690 6497
242 4015
921 3268
5470 6659
6029 6352
474 3716
1629 2307
5697 6432
1320 2634
197 4007
5723 6457
588 3375
1513 2701
1416 2797
5785 6652
396 3818
6011 6173
1013 3218
1370 2610
1907 2074
919 3326
1727 2518
760 3474
1778 2456
5091 7305
534 3450
5675 6471
1306 2679
1348 2602
15 3937
172 4035
1192 3015
5490 6658
1326 2655
5142 7012
1731 2486
5670 6483
89 3887
293 3667
5033 7390
938 3283
1538 2427
5734 6431
5454 6708
650 3569
1833 2132
5949 6208
5130 7031
5710 6448
1832 2135
5685 6474
377 3832
821 3254
808 3243
1577 2474
1895 2275
1229 2889
719 3402
5539 6694
159 3863
921 3088
5627 6770
5901 6279
1719 2364
494 3680
552 3494
5521 6687
352 3825
986 3147
5090 7280
1255 2932
535 3459
6089 6236
1552 2438
85 4034
270 3737
5895 6288
5070 7257
5726 6598
5985 6393
5604 6780
1920 2073
1058 3003
1403 2786
158 3847
6014 6375
1506 2680
1849 2211
950 3116
5515 6673
1996 2128
1137 3052
1333 2728
1725 2339
5466 6852
167 3896
5036 7219
5469 6850
1876 2292
1360 2801
5773 6444
71 4068
298 3721
1927 2083
218 3967
1311 2744
5283 6916
5057 7270
869 3277
1191 2831
1208 2833
5472 6857
5571 6767
669 3376
515 3502
1109 3064
915 3132
132 3883
5952 6385
1380 2774
1231 2941
1206 2821
2045 2126
254 3914
561 3461
781 3256
1200 2822
764 3397
5198 7159
5468 6885
5129 7088
5297 6920
5616 6730
5040 7179
5523 6703
1138 3020
583 3577
1945 2086
64 3968
1368 2713
5173 7158
52 4080
1347 2695
5390 6859
5932 6377
1064 3054
356 3746
1799 2241
1683 2388
1980 2165
5774 6468
1341 2806
271 3780
1671 2380
470 3613
1653 2494
1642 2470
1010 3134
5240 7092
5461 6809
5758 6579
1412 2634
6031 6209
1513 2616
828 3311
5577 6682
631 3491
304 3812
1204 2912
5657 6605
317 3816
6061 6267
5760 6486
5618 6693
54 4079
959 3172
1305 2754
1293 2769
1227 2837
6048 6270
1222 2841
5953 6302
5550 6769
5492 6804
5269 7028
1236 2867
5247 7064
1070 3014
367 3719
845 3239
6048 6218
855 3260
5887 6420
676 3400
1423 2657
1297 2814
1944 2167
1824 2255
1414 2678
1906 2178
1919 2190
1261 2846
193 3893
5546 6750
5950 6347
640 3446
1226 2877
5830 6460
988 3111
1311 2788
138 3953
5527 6764
5863 6427
5832 6452
1798 2296
5455 6832
599 4695
264 4360
424 4523
804 4896
561 4660
510 4599
629 4708
99 4209
769 4885
243 4326
665 4748
206 4312
31 4098
63 4123
776 4899
761 4811
801 4891
164 4255
313 4357
382 4415
653 4814
357 4399
596 4639
297 4452
98 4147
163 4343
412 4554
87 4109
753 4778
71 4121
712 4777
997 4999
353 4357
577 4649
611 4618
692 4825
109 4099
339 4412
855 4903
550 4694
211 4262
440 4545
36 4185
37 4186
783 4996
210 4191
742 4715
939 4921
299 4541
253 4202
983 4936
257 4513
276 4534
634 4825
240 4180
113 4308
328 4582
670 4656
425 4377
436 4356
713 4731
130 4150
360 4573
381 4550
388 4409
972 4979
2 4295
266 4556
748 4645
322 4494
316 4593
349 4496
237 4157
168 4216
453 4372
343 4486
107 4280
449 4379
425 4468
402 4428
288 4607
710 4644
430 4429
282 4605
174 4165
359 4490
63 4306
536 4854
300 4572
485 4374
984 4909
461 4403
420 4442
393 4471
612 4961
176 4536
404 4250
335 4161
115 4476
347 4170
566 4900
873 4730
892 4712
793 4620
199 4572
450 4319
437 4264
545 4927
529 4917
684 5000
996 4812
590 4990
1017 4809
130 4535
266 4156
519 4913
230 4574
232 4560
884 4683
560 4987
416 4332
502 4281
16 4417
595 4871
635 4910
499 4267
103 4414
784 4722
375 4117
528 4981
482 4229
244 4499
789 4728
1 4463
239 4511
966 4791
808 4700
910 4858
636 4873
195 4533
490 4253
973 4685
357 4326
945 4663
908 4615
310 4285
264 4249
435 4130
1003 4730
923 4623
104 4606
980 4680
146 4402
976 4720
2 4515
209 4464
202 4454
69 4584
988 4714
370 4300
744 4951
763 4920
695 4979
322 4238
772 4816
711 4890
369 4271
399 4204
1009 4629
234 4365
174 4422
807 4814
850 4768
97 4508
993 4579
662 4245
820 4400
26 4637
324 4940
948 4541
1011 4600
42 4644
618 4223
76 4697
800 4406
978 4552
134 4765
332 4944
514 4129
924 4536
544 4101
896 4519
945 4502
88 4724
15 4640
697 4234
284 4904
981 4577
23 4641
914 4516
644 4284
703 4227
6 4664
304 4978
107 4642
177 4861
969 4485
269 4957
199 4754
37 4723
111 4658
933 4551
258 4966
517 4192
1004 4489
287 4985
724 4275
819 4436
382 4882
793 4457
693 4293
313 4938
846 4409
568 4166
101 4837
965 4424
688 4128
916 4354
772 4510
420 4921
961 4446
1008 4432
874 4553
39 4738
443 4892
685 4106
983 4472
514 4269
33 4752
231 4691
81 4836
891 4558
476 4971
579 4350
705 4220
189 4611
54 4745
496 4912
1009 4403
723 4122
493 4902
993 4397
702 4206
128 4693
461 4891
546 4346
875 4534
837 4506
46 4849
757 4117
592 4275
562 4311
758 4125
682 4164
625 4227
28 4840
578 4279
100 4754
188 4673
285 4638
20 4883
848 4184
56 4919
797 4108
277 4614
511 4842
41 4926
467 4811
588 4437
344 4676
321 4700
701 4512
709 4568
776 4140
297 4608
1023 4309
56 4886
800 4111
597 4453
922 4258
629 4430
512 4415
315 4731
918 4308
32 4964
974 4232
418 4842
672 4586
948 4345
957 4339
321 4622
628 4388
3 4949
743 4543
848 4104
881 4139
592 4363
679 4546
457 4783
541 4475
941 4292
883 4120
566 4416
542 4449
184 4920
526 4490
746 4450
462 4675
824 4268
634 4590
429 4664
749 4467
730 4421
1017 4184
687 4363
936 4108
877 4296
639 4569
298 4748
403 4665
989 4211
908 4131
633 4554
910 4155
215 4971
733 4377
559 4584
338 4763
717 4354
162 4973
710 4374
870 4276
373 4774
788 4291
894 4263
183 4972
750 4402
483 4669
136 4950
642 4456
732 4400
505 4631
576 4529
1000 4123
807 4305
193 4918
949 4173
431 4689
1905 4976
1323 4393
1354 4431
1484 4553
1482 4556
1309 4375
1627 4692
1375 4432
1158 4244
1056 4146
1875 4928
1141 4192
1632 4725
1109 4169
1611 4692
1103 4207
1259 4297
1334 4371
1430 4528
1156 4271
1445 4491
1151 4171
1505 4564
1097 4208
1276 4288
1600 4610
1370 4382
1236 4241
1251 4267
1230 4224
1362 4355
1254 4277
1081 4193
1123 4152
1256 4277
1739 4758
1413 4582
1192 4293
1055 4205
1112 4140
1410 4598
1636 4636
1545 4744
1730 4672
1550 4746
2047 4986
1132 4329
1459 4405
1528 4465
1220 4174
1565 4753
1432 4373
2023 4970
1922 4877
1027 4236
1147 4335
1485 4443
1439 4361
1709 4666
1165 4119
1785 4707
1605 4830
1222 4186
1696 4610
1557 4785
1758 4729
1720 4639
1426 4411
1473 4459
1426 4414
1923 4911
1594 4746
1450 4383
1551 4793
1681 4651
1189 4127
1375 4510
1091 4226
1732 4618
1754 4629
1969 4962
1108 4237
2037 4907
1935 4975
2028 4879
1592 4828
1631 4792
1304 4593
1684 4728
1126 4254
1448 4433
1071 4307
1172 4201
1961 4776
1503 4314
1359 4169
1104 4439
1567 4887
1543 4878
1678 4997
1967 4795
1942 4739
1945 4739
1188 4484
1437 4284
1554 4926
1863 4712
1490 4323
2012 4845
1545 4923
1504 4310
1712 4999
1366 4193
1173 4525
1411 4281
1948 4775
1518 4306
1103 4466
1357 4210
1602 4989
1184 4577
1395 4145
1576 4974
1607 4877
1493 4228
1423 4316
1891 4663
1519 4282
1130 4413
1083 4453
1797 4698
1926 4838
1832 4686
1884 4666
1431 4349
1904 4615
1902 4633
1528 4226
1427 4333
1677 4876
1148 4600
1683 4884
1795 4747
1108 4573
1784 4983
1881 4801
1914 4835
1110 4559
1796 4761
1460 4138
1339 4261
1952 4608
1814 4794
1524 4168
1215 4352
1351 4344
1090 4605
1873 4846
2025 4648
1978 4721
1831 4841
1691 4948
1761 4913
1173 4419
1085 4580
1082 4581
1972 4695
2008 4657
1145 4500
1088 4526
1325 4291
1429 4196
2040 4619
1709 4958
1387 4254
1925 4733
1278 4356
1864 4791
1279 4352
1539 4096
1169 4758
1662 4215
1632 4203
1775 4348
1104 4676
1296 4875
1890 4478
1295 4881
1265 4817
2011 4602
1136 4693
1175 4785
2011 4604
1397 4959
1679 4259
1086 4625
1612 4195
1467 5000
1578 4121
1542 4159
1292 4918
1306 4903
1791 4286
1895 4389
1394 4919
2018 4522
1786 4273
1178 4823
2009 4491
1976 4587
1152 4819
1356 4888
2038 4512
1369 4864
1770 4272
1219 4775
1548 4199
1559 4218
1345 4911
1954 4562
1761 4240
1076 4674
1043 4713
1590 4172
1675 4341
1728 4160
1947 4378
1609 4298
1820 4504
1544 4239
1670 4110
2002 4440
1827 4521
1655 4347
1837 4514
1101 4829
1670 4118
1498 4939
1181 4623
1836 4542
2010 4424
2036 4449
1035 4765
1644 4342
1122 4863
1275 4699
1672 4139
1913 4564
1524 4934
1701 4113
1205 4611
1252 4691
1662 4294
1618 4331
1026 4799
2000 4462
1687 4136
1225 4619
1825 4578
1717 4214
1186 4711
1975 4466
1748 4115
1800 4547
1722 4215
1263 4670
1057 4848
1142 4771
1482 4883
2031 4401
1700 4218
1511 4870
1376 4995
1909 4498
1982 4438
1742 4130
1705 4167
1592 4311
1157 4724
1911 4483
1062 4816
1563 4321
1028 4858
1859 4163
1636 4452
1032 4873
1830 4132
1987 4288
1920 4229
1606 4431
1546 4359
1499 4821
1952 4270
1363 4675
1464 4780
1450 4798
1886 4164
1059 4925
1024 4897
1038 4909
1078 4882
2008 4349
1792 4134
1934 4265
1042 4922
1581 4353
1333 4635
1037 4898
1824 4114
1441 4757
2043 4290
1933 4279
1061 4895
1548 4407
1927 4283
1213 4994
1932 4298
1323 4717
1067 4962
1954 4334
1400 4661
1386 4647
1743 4481
1918 4145
1461 4836
1530 4779
1025 4946
1732 4498
2019 4276
1789 4522
1645 4406
2028 4235
1465 4830
1310 4727
1478 4789
1811 4198
1886 4136
1069 4945
1240 4952
1654 4594
1536 4487
1509 4716
1617 4571
1695 4370
1263 4991
1708 4408
1955 4152
1769 4468
1250 4989
1934 4142
1840 4242
2036 4183
1713 4372
2004 4220
1678 4391
1509 4687
1957 4105
1747 4479
1384 4806
1634 4563
1598 4492
1363 4832
1914 4302
1352 4862
1650 4552
1997 4214
1080 4998
2037 4171
1708 4461
1249 4905
1412 4682
1921 4177
1178 4943
1298 4851
1308 4857
1383 4738
1704 4430
1383 4737
1201 4957
1489 4670
1870 4282
1774 4378
1866 4287
1341 4808
1486 4667
1348 4796
1534 4612
2372 4417
2636 4681
2849 4904
2782 4823
2509 4551
2542 4581
2236 4274
2524 4557
2529 4598
2765 4821
2682 4706
2062 4116
2413 4470
2161 4207
2544 4591
2444 4525
2584 4657
2482 4507
2574 4643
2664 4648
2835 4947
2579 4689
2641 4627
2718 4824
2449 4567
2244 4237
2751 4853
2325 4446
2732 4860
2308 4433
2417 4390
2759 4767
2397 4358
2727 4856
2738 4817
2593 4677
2871 4947
2752 4774
2699 4835
2065 4217
2558 4496
2825 4985
2179 4336
2554 4494
2922 4893
2662 4638
2247 4286
2756 4799
2398 4387
2763 4788
2620 4798
2794 4716
2396 4570
2447 4358
2643 4831
3065 4981
2977 4908
2576 4736
3027 4930
2948 4880
2650 4813
2589 4742
2200 4102
2306 4509
3026 4977
2532 4423
2440 4384
2527 4471
2613 4764
2297 4179
2600 4741
2684 4818
2362 4501
3071 4941
2087 4244
2988 4889
2798 4696
2091 4241
2802 4686
2526 4451
2283 4181
2243 4221
2139 4248
2725 4704
2720 4710
2167 4272
2626 4747
2620 4855
2891 4996
2984 4967
2212 4212
2580 4804
2776 4621
2467 4473
2162 4270
2945 4956
2191 4178
2722 4732
2056 4328
2806 4631
3047 4866
2059 4322
2391 4540
3043 4876
2484 4443
2782 4654
2666 4762
2328 4585
3044 4880
1106 7335
2141 4266
3005 4932
2071 4373
2154 4448
2903 4679
2324 4103
2459 4239
3003 4770
2497 4317
2434 4257
2906 4735
2278 4547
2826 4653
2270 4601
2643 4986
2937 4688
2237 4503
2976 4751
2588 4908
2829 4668
2742 4993
2262 4588
2907 4711
2455 4266
2081 4380
2545 4303
2081 4382
2305 4158
2284 4520
2927 4646
2452 4318
2399 4110
2570 4953
2386 4097
2433 4312
3014 4764
2451 4297
2165 4398
3046 4795
2845 4729
2686 4890
2478 4299
2935 4626
2425 4113
2353 4187
2606 4933
3021 4771
2289 4481
2551 4230
2057 4472
2350 4185
2331 4204
2557 4225
3053 4753
2180 4602
2404 4325
2139 4570
2210 4387
2770 4944
2522 4190
2476 4138
2691 4875
3056 4733
3018 4702
2115 4565
2862 4792
2776 4931
2255 4435
2939 4839
2246 4440
2060 4516
2559 4176
2464 4112
2460 4141
2237 4364
2302 4427
2868 4749
2143 4580
2831 4786
2104 4485
2511 4106
2506 4126
2960 4678
2997 4706
2690 4949
2548 4141
2764 4887
2748 4958
3050 4616
2325 4338
2459 4208
2959 4705
2485 4187
2969 4715
2443 4216
2795 4894
2823 4863
2291 4367
2889 4426
2585 4124
2624 4170
2442 4998
2899 4444
2875 4393
2343 4914
2942 4451
3023 4560
3055 4592
2405 4932
2737 4243
2193 4786
2331 4924
2190 4773
2631 4212
2324 4896
2955 4542
2212 4761
2428 4929
2326 4907
2652 4124
2603 4202
2993 4595
2380 4872
2337 4965
2577 4189
2099 4705
2365 4968
2846 4425
2623 4196
2896 4366
2992 4591
2856 4425
2605 4172
2299 4767
2699 4333
2697 4321
2352 4955
2231 4826
2155 4637
2211 4831
2736 4147
2194 4632
2938 4599
2879 4527
2659 4339
2930 4576
2103 4773
3027 4420
2827 4499
2721 4153
2965 4367
2177 4634
2765 4177
2866 4524
2948 4379
2828 4526
2687 4313
2673 4315
2911 4596
2059 4794
3037 4457
2921 4575
2975 4390
2274 4697
2476 4975
3054 4394
2888 4493
2436 4930
2694 4160
2622 4345
2809 4144
2640 4252
2629 4246
2964 4418
2949 4434
2899 4495
2845 4546
2453 4980
2703 4206
2812 4122
2635 4269
2057 4846
2245 4652
2450 4984
2768 4156
2136 4790
2741 4167
2228 4679
2245 4668
2698 4209
2501 4923
3006 4285
2758 4544
2408 4718
2818 4107
3068 4334
2387 4677
2169 4953
2614 4370
2493 4760
2314 4642
2126 4966
2706 4539
2092 4870
2536 4802
2783 4595
2546 4800
3009 4343
2403 4698
2840 4129
2309 4671
2174 4928
2385 4628
2814 4535
2796 4518
2961 4314
2347 4708
3066 4264
2496 4755
2778 4480
2613 4458
2138 4869
3013 4261
3010 4256
2876 4191
2578 4469
2778 4531
2790 4492
2061 4963
2652 4398
2549 4737
2903 4128
2713 4578
2151 4892
2731 4567
2105 4933
2555 4740
3049 4246
2639 4558
2335 4757
2230 4924
2791 4456
2720 4399
2221 4898
2881 4304
2961 4100
2367 4777
2402 4857
2361 4772
2205 4867
2785 4478
2754 4448
2420 4818
2679 4574
2522 4714
2196 4899
2566 4543
2645 4500
2274 4902
2344 4844
2538 4652
2336 4841
3040 4137
2950 4175
2287 4901
2727 4459
3028 4101
2560 4563
2824 4316
2715 4428
2326 4813
2746 4454
2554 4634
2198 4982
2598 4549
2597 4555
2205 4978
2784 4368
2219 4954
2235 4938
2370 4788
2823 4351
2509 4661
2820 4350
2487 4680
3665 4690
3777 4804
3712 4743
3403 4416
3447 4475
3741 4745
3493 4538
3098 4158
3594 4654
3771 4766
3368 4366
3419 4464
3193 4180
3945 4935
3684 4682
3728 4772
4020 4993
3860 4897
3439 4441
3352 4384
3356 4389
3413 4460
3236 4248
3600 4655
3889 4977
3883 4969
3128 4222
3540 4509
3804 4752
3805 4749
3256 4331
3731 4800
3197 4137
3204 4319
3195 4135
3901 4963
3432 4361
3783 4768
3747 4810
3616 4683
3463 4588
3672 4660
3930 4916
3468 4579
3306 4251
3322 4235
3683 4630
3295 4265
3422 4386
3706 4614
3532 4528
3337 4488
3778 4672
3473 4371
3181 4328
3078 4224
3358 4505
3429 4596
3468 4383
3735 4609
4094 4964
4010 4917
3206 4134
3983 4910
3398 4583
3161 4344
3436 4557
3763 4624
3590 4770
3216 4148
3351 4530
3094 4283
3284 4217
3450 4545
3278 4211
4085 4936
3314 4175
3499 4458
3184 4274
3461 4423
3658 4750
3974 4931
4078 4901
3421 4502
3270 4116
3188 4257
3095 4301
3480 4418
3631 4850
3687 4793
3085 4335
3992 4988
3767 4703
3104 4304
3598 4862
4028 4940
3993 4968
3317 4102
3185 4232
3657 4789
3251 4173
3323 4603
3118 4395
4027 4796
3117 4394
3316 4576
3313 4583
3162 4421
3297 4555
3707 4937
3917 4735
4016 4742
3942 4688
4078 4782
3632 4980
3376 4213
3623 4961
3301 4514
3443 4154
3293 4489
4072 4784
3475 4303
3583 4255
3076 4455
3287 4531
3529 4268
3902 4694
3314 4507
3421 4142
3144 4412
3557 4249
4029 4803
3955 4859
3102 4503
3312 4476
4003 4659
3712 4884
3931 4805
3107 4486
4047 4710
3108 4493
3344 4262
3799 4960
3800 4960
3575 4174
3366 4250
4095 4671
3343 4300
3279 4359
4077 4645
3716 4942
3377 4346
4093 4656
3223 4422
3923 4736
4071 4659
3232 4469
3541 4098
3458 4194
3434 4233
3277 4392
3951 4740
3748 4943
3807 4912
3900 4815
3276 4404
3973 4734
3439 4973
3124 4662
3313 4852
4057 4575
3268 4803
3606 4127
3835 4342
3121 4640
3300 4854
3213 4763
3359 4871
3153 4681
3732 4238
3952 4461
3119 4622
3604 4144
3940 4429
3819 4289
3931 4465
4090 4566
3196 4684
3138 4726
3904 4470
3586 4148
3866 4396
3802 4323
3147 4725
3200 4807
3690 4131
3175 4653
3092 4703
3770 4340
3253 4839
4081 4518
3724 4309
3589 4188
3608 4162
3672 4103
3079 4709
3081 4717
3818 4231
3766 4313
3994 4585
3191 4612
4003 4571
3876 4447
3804 4256
3630 4176
4051 4524
3164 4829
3544 4955
3262 4662
3224 4617
3739 4111
3991 4355
3560 4990
3743 4105
3768 4143
3462 4881
3938 4603
3669 4340
3888 4504
3791 4198
3195 4810
3519 4878
3310 4701
3101 4778
3978 4413
3157 4845
3718 4159
3560 4946
3255 4616
3753 4197
3126 4859
3947 4538
3772 4201
3603 4299
3271 4633
3935 4480
3233 4674
4050 4410
3701 4253
4068 4360
3593 4324
3730 4223
3681 4236
3293 4650
4031 4419
3688 4247
4062 4317
3986 4247
3679 4442
3160 4959
3199 4974
3568 4833
3333 4625
3648 4437
3966 4203
3139 4948
3511 4782
3732 4488
3705 4441
3536 4848
3564 4815
4082 4305
3884 4107
3958 4165
4072 4315
3710 4427
3915 4222
3451 4685
3120 4872
3738 4517
3957 4151
3873 4197
3149 4868
3876 4200
3692 4385
3510 4834
3809 4539
3176 4915
3075 4952
3824 4497
3630 4445
3089 4965
3943 4114
3504 4805
3396 4658
3488 4822
3990 4332
3836 4487
3168 4893
3993 4120
3342 4751
3629 4520
3959 4351
3825 4473
4041 4161
3416 4820
3352 4756
4031 4146
3445 4832
3697 4586
3734 4362
3695 4594
3638 4521
3481 4667
3106 4992
3614 4530
3677 4589
3408 4833
3240 4889
3356 4783
3833 4426
3229 4906
3749 4381
4035 4219
3880 4240
4084 4149
3959 4287
3348 4828
3449 4787
3736 4436
3282 4864
3708 4527
3783 4369
4095 4132
3411 4744
3211 4950
3600 4559
3227 4991
3521 4647
3257 4939
3744 4435
3207 4976
3215 4982
3650 4537
3361 4826
3351 4844
3715 4479
5010 9089
5140 9216
5169 9252
5851 9927
5011 9102
5025 9148
5023 9088
5429 9494
5589 9718
5139 9268
5600 9672
5721 9843
5092 9167
5639 9772
5762 9901
5585 9696
5410 9488
5147 9256
5718 9837
5300 9359
5581 9715
5335 9448
5390 9543
5071 9091
5284 9462
5430 9571
5570 9626
5126 9315
5747 9749
5664 9799
5630 9623
5822 9941
5082 9130
5554 9667
5696 9778
5367 9348
5650 9830
5521 9703
5419 9564
5687 9806
5458 9515
5731 9753
5444 9529
5495 9717
5206 9436
5491 9725
5805 9762
5813 9762
5670 9918
5728 9981
5355 9332
5331 9331
5763 9763
5154 9347
5348 9286
5177 9371
5457 9717
5526 9532
5674 9863
5760 9776
5637 9908
5717 9956
5034 8979
5765 9785
5302 9331
5574 9492
5476 9654
5809 9831
5464 9604
5131 9428
5123 9436
5358 9229
5055 9049
5134 9445
5261 9314
5542 9559
5217 9364
5363 9224
5773 9846
5135 9478
5998 9824
5918 9745
5525 9347
5628 9445
5308 9632
5164 9523
5470 9337
6107 9980
5061 8930
5425 9220
5576 9457
5029 8856
5485 9260
5347 9632
5124 9537
5008 8919
5256 9665
6082 9871
5017 8905
5983 9743
5942 9828
5540 9458
6124 9915
6141 9898
6088 9896
5239 9490
5439 9306
5530 9469
6071 9936
5178 9552
6064 9947
5436 9296
5553 9439
6047 9967
5313 9648
5756 9999
6083 9904
5913 9836
5404 9318
5141 9583
5013 8942
6130 9842
5290 9518
5397 9361
5460 9425
5376 9350
5975 9936
5483 9443
6086 9804
5490 9464
5474 9453
5334 9543
5943 9888
5612 9335
5533 9279
5581 9320
5970 9973
5631 9301
5239 9693
5939 9859
5620 9282
6093 9845
5518 9271
5355 9554
5437 9348
5030 8732
5532 9254
5973 9961
6012 9920
5935 9874
6026 9783
5207 9704
5204 9707
5942 9974
5275 9562
5098 8750
5333 9489
5452 9353
5231 9641
5892 9934
5100 8736
5171 9724
5149 9679
5930 9976
5415 9456
6115 9787
5421 9463
5255 9562
6070 9815
5205 9655
5586 9270
5512 9324
6084 9772
5868 9990
5134 9700
5146 9710
6015 9864
6061 9815
6120 9704
5345 9953
5934 9516
5187 9798
5309 9915
5050 8625
5363 9983
5755 9333
5770 9373
5115 8684
5730 9343
5840 9421
5735 9336
5062 8677
5110 8659
5107 8660
5258 9891
5183 9746
5286 9865
5062 8695
5028 8599
5729 9302
6016 9656
5189 9855
5293 9960
5839 9354
5197 9739
5766 9408
5651 9305
5306 9968
5240 9780
5956 9482
5180 9838
5302 9954
5754 9251
5982 9479
5094 8634
5208 9732
5946 9574
5846 9399
5241 9754
5123 9824
5714 9278
5172 9817
5843 9405
5058 8625
5494 9989
6035 9706
5789 9447
5833 9291
5254 9728
5933 9642
5895 9600
5677 9383
5835 9281
5654 9370
5820 9266
5975 9689
5711 9409
5826 9310
5205 9928
6016 9504
5792 9231
5874 9309
5886 9295
6015 9674
5218 9950
6073 9592
5746 9393
5261 9801
5771 9285
5206 9866
5725 9404
5236 9877
5800 9290
5988 9607
5315 9768
5920 9675
5023 8564
6069 9561
5047 8538
5872 9217
5251 9841
5104 8452
5043 8517
5673 9424
5254 9852
5735 9368
5543 9895
5935 9262
5798 9637
5852 9688
5864 9697
5064 8385
5617 9978
5533 9878
5622 9978
5473 9836
5033 8356
5990 9334
6065 9378
6076 9387
5007 8344
5086 8390
5531 9857
5610 9973
5916 9272
5770 9639
5903 9250
5788 9649
6022 9385
5775 9663
6108 9454
5984 9301
5535 9893
5435 9735
5065 8438
5869 9638
5755 9512
5743 9530
5644 9561
5970 9226
6081 9373
5713 9487
5217 9991
6103 9406
5405 9841
5592 9911
6093 9400
5415 9822
5104 8329
6113 9371
5505 9982
5006 8206
5028 8230
5619 9844
5027 8234
5078 8280
5955 9420
5844 9540
5422 9919
5972 9414
5778 9486
6072 9254
6116 9282
5102 8261
5623 9806
5418 9872
5965 9459
5807 9581
5652 9692
5011 8285
5498 9908
5996 9378
5636 9675
5585 9733
6067 9316
5333 9986
6059 9328
5428 9941
5727 9660
5790 9595
6064 9302
5487 9863
5858 9481
5617 9759
5548 9794
5904 9471
5963 9403
6092 9276
5074 8224
5711 9659
5749 9603
5905 9451
5907 9455
5547 9812
5221 8294
5481 8544
5898 8960
5871 8932
5934 8994
5567 8620
5344 8437
5914 8962
5145 8249
5977 9083
5702 8805
5383 8482
5901 9002
5987 9032
5578 8679
5150 8238
5385 8506
5980 9064
5528 8621
6118 9168
5185 8313
6100 9198
5215 8223
5502 8511
5678 8810
5235 8246
5372 8378
5613 8618
5120 8272
6012 9005
5657 8779
6013 9000
5381 8530
5186 8226
5780 8948
6078 9183
5244 8222
5568 8612
5386 8548
5817 8907
5791 8937
5472 8470
6090 9142
5871 8850
5956 9017
5872 8821
5902 9096
5367 8305
5132 8324
5384 8601
6101 9031
6098 9029
5619 8548
5391 8598
5870 8823
5376 8602
5013 9992
5861 8775
5567 8477
5732 8903
5340 8319
5566 8475
5802 8716
5414 8590
5842 8824
5246 8401
5349 8277
5791 8747
5211 8430
5242 8396
5660 8865
5827 8830
5263 8240
6119 8999
5163 8426
6105 8984
5947 9214
5750 8880
5156 8418
5948 9211
5676 8933
5279 8278
6017 9034
5704 8838
6033 9054
5479 8629
5453 8600
5931 9203
5767 8792
5369 8218
5200 8373
5898 9196
5378 8681
5658 8945
5587 8483
5380 8694
5416 8666
5839 8764
5967 9144
5281 8281
5356 8213
5668 8996
5575 8384
5511 8320
5862 9198
5226 8546
5187 8522
5893 8716
5495 8295
5799 9142
5828 9168
6117 8944
5494 8289
5403 8204
5729 9078
5422 8246
5099 9969
5273 8578
6037 8846
5650 9014
5255 8611
5040 9879
5989 8782
5097 9927
6005 8794
5972 8806
5045 9864
5623 8392
5174 8567
5160 8554
5649 9047
5653 9053
5463 8222
6143 8876
5927 8819
5605 8380
5401 8262
5724 9020
5032 9929
5393 8306
5431 8274
5908 8828
5140 8573
5018 9971
5072 9916
5751 8986
5318 8619
5590 8357
5018 9954
5591 8365
5655 9065
6020 8954
5747 9200
5999 8936
5064 9792
5377 8330
5817 9010
5664 9134
5128 8583
5855 9039
5831 9045
5164 8632
5854 9028
5314 8536
5440 8410
5381 8347
5097 9846
5805 8972
5732 9158
5847 9072
5250 8491
5199 8676
5473 8397
5478 8394
5397 8377
5847 9082
6006 8900
5504 8242
6057 8735
6003 8907
5561 8192
5249 8511
5166 8686
5667 9187
5979 8858
5850 8991
5350 8481
5063 9737
5393 8414
5547 8315
5103 9791
5370 8491
5266 8515
6109 8718
5728 9140
6138 8749
5561 8302
5768 9040
5093 9789
5437 8420
6021 8799
5513 8275
5931 8944
5375 8484
5493 8340
6044 8829
5005 9839
5461 8374
5156 8640
5340 8507
5435 8412
5371 8466
5339 8497
5262 8547
5219 8590
5628 8210
5669 9163
5055 9795
5407 8990
6091 8653
6033 8598
5742 8294
5486 9060
5977 8531
5666 8232
5743 8290
5006 9600
6138 8693
5753 8296
5020 9614
5474 9073
5978 8525
5899 8467
5350 8956
5809 8362
5111 9707
5232 8814
5519 9133
5574 9188
5648 8242
6077 8607
5180 8735
5893 8482
5291 8835
5620 9182
5407 9010
5982 8560
5559 9112
5502 9038
5913 8489
5808 8322
6136 8652
5452 9081
5438 8968
5252 8883
5003 9660
5226 8787
5305 8834
5812 8335
5329 8943
5613 9133
5891 8517
5264 8919
5181 8820
6057 8672
5646 8258
5548 9184
5644 8257
5555 9213
5984 8498
5897 8541
5951 8552
5056 9624
5957 8477
5689 8288
5962 8464
5151 8771
5527 9162
6052 8697
5423 9039
5802 8395
5835 8353
5891 8559
5915 8567
5947 8533
6005 8453
5068 9663
5204 8743
5144 8812
5361 8839
5316 8883
5699 8251
5480 8977
6129 8587
5759 8196
5921 8609
5939 8627
6129 8562
5391 9095
5402 9106
5270 8733
5936 8635
5624 9075
5121 8849
5592 9032
5611 9082
5510 8980
5038 9529
5291 8758
5365 8789
5221 8899
5124 8867
6142 8534
5360 8796
5317 8808
5251 8755
5405 9135
5488 9158
5229 8923
5445 9202
5446 9212
5295 8721
5336 8806
5229 8914
5304 8711
5583 8972
5736 8364
6068 8562
5484 9131
5167 8936
5042 9598
5794 8300
5637 8406
5299 8807
6007 8609
5314 8725
5647 8407
5253 8796
5779 8264
5048 9571
5612 9011
5632 8417
5471 9150
5597 9022
5597 9017
5953 8617
5477 9102
6039 8572
5566 9043
5797 8277
5582 9023
5707 8378
5071 9533
5777 8293
5536 9046
5511 9072
5484 9105
5739 8341
5438 9153
5877 8692
5148 8991
6092 8393
5814 8636
5994 8292
5182 9007
5808 8610
5965 8282
5911 8206
5413 8764
5915 8199
5326 9171
5322 9194
5441 8802
5509 8864
5816 8606
5191 9071
5615 8901
5328 9210
6026 8353
5690 8465
5402 8758
5076 9465
5894 8232
5748 8516
5122 9015
6075 8333
5703 8570
5608 8877
5090 9380
5873 8631
5653 8540
5471 8726
5765 8654
5974 8219
5909 8260
5562 8939
5466 8712
5557 8934
5753 8492
5203 8966
5412 8817
5051 9443
5509 8925
6120 8369
5727 8454
5344 9146
5085 9351
6121 8370
5318 9112
5499 8731
5629 8860
6013 8219
5737 8449
5385 8803
5873 8603
5178 9041
5293 9181
5715 8486
5194 9012
5162 9130
5499 8952
5992 8430
6041 8209
5395 8858
5643 8576
5384 8835
5516 8704
5945 8372
5002 9221
5087 9293
6080 8275
5538 8756
5433 8869
5990 8391
5351 9029
5191 9189
5826 8551
5042 9236
5626 8787
5793 8459
5634 8622
5667 8589
5716 8699
5243 9172
5330 9061
5317 9085
5382 8893
5083 9319
5508 8760
5815 8458
5036 9233
5524 8788
5327 8971
5796 8546
6003 8372
5496 8882
6038 8283
5368 9013
5909 8411
5997 8354
5298 9056
5955 8337
5837 8478
5041 9316
5279 9027
5216 9091
5462 8882
5257 9068
6115 8198
5879 8464
5411 8906
5382 8940
5418 8897
5867 8455
5400 8937
5616 8706
5640 8688
5904 8426
5599 8737
7531 9576
7322 9375
6537 8591
7765 9821
7086 9127
7023 9061
6678 8733
6733 8774
6477 8518
7621 9687
7882 9944
7397 9463
7625 9691
7469 9528
7343 9401
7639 9664
7034 9058
7736 9764
7080 9141
7644 9666
7150 9201
6166 8244
7842 9862
6715 8734
7238 9315
7119 9194
7246 9323
7616 9702
7863 9886
6448 8476
7975 9994
7644 9715
7246 9313
6562 8592
6871 8942
6681 8738
6488 8547
7817 9909
7837 9889
7533 9555
7454 9505
7123 9110
6756 8748
7558 9679
7284 9277
7588 9709
7237 9230
6842 8951
6263 8249
6910 8881
7241 9241
7270 9271
6470 8468
6614 8578
6864 8837
6550 8640
6656 8791
7223 9312
7293 9258
7883 9884
8025 9998
6627 8634
6333 8420
7530 9520
6286 8405
7782 9789
6712 8803
6317 8433
6751 8706
7776 9791
7405 9394
7310 9455
6530 8678
7666 9620
6626 8586
8040 9985
6567 8653
7700 9849
6570 8644
7913 9881
6182 8279
7902 9901
6206 8269
7107 9136
6417 8551
6992 8998
6908 8836
8052 9996
7217 9289
6977 9021
7889 9900
7587 9693
6204 8259
7868 9788
6440 8617
6365 8287
6986 9160
7800 9979
7197 9374
6172 8351
6942 9114
7665 9591
6180 8355
7362 9291
7745 9930
6672 8861
7008 9197
6473 8667
6623 8523
7715 9911
6836 8737
7310 9243
7206 9392
6235 8396
6323 8235
7370 9299
6597 8543
6172 8321
7119 9041
6438 8582
7634 9587
6296 8250
6900 8790
7842 9729
7415 9297
6818 8709
6505 8654
6271 8407
7838 9780
6706 8856
6394 8276
6519 8665
7139 9037
6276 8235
7452 9651
7370 9339
6996 9191
6645 8513
6360 8301
6714 8844
7932 9803
6684 8875
7536 9673
7064 8993
6609 8556
6207 8321
6275 8258
7070 9055
6823 8804
6411 8648
7572 9553
6197 8435
7668 9522
7171 9413
7024 9143
7541 9661
7707 9939
6242 8360
7488 9611
6683 8912
7006 9107
6354 8220
6317 8317
7396 9265
7610 9580
6587 8557
7157 9004
6469 8606
7620 9503
6331 8282
6865 8752
7199 9469
7597 9551
6701 8910
7291 9363
6820 8781
6440 8641
6946 9161
6998 9147
7773 9900
6757 8854
6155 8447
6592 8504
7141 8988
7576 9569
8186 9988
7447 9239
8011 9802
6311 8611
6490 8284
6638 8424
6489 8286
6910 9209
7591 9391
7116 8902
6529 8333
6772 9081
6168 8469
7052 8860
6921 8728
8133 9940
7313 9602
7394 9718
7211 9535
6671 8986
6410 8223
6888 9215
6486 8270
7568 9352
6146 8475
7032 8801
7103 8870
7583 9349
7476 9256
6495 8257
6170 8504
8034 9792
7655 9412
7009 8773
6791 9122
6966 8723
6771 9045
7208 9486
8057 9822
6668 9003
6603 8417
7605 9375
7042 8873
7140 8904
6398 8658
7968 9742
6528 8366
6550 8377
8060 9804
7603 9344
8044 9823
6381 8670
6988 8825
8120 9869
6648 8398
7438 9269
7007 8802
6784 9152
6643 8371
6306 8675
6969 8824
6956 8813
6616 8348
7248 9494
6287 8649
7538 9269
6544 8409
8006 9743
8054 9788
6812 9175
7247 9473
7459 9330
6889 9144
6178 8570
6874 9090
7043 8923
6835 9193
7358 9701
6914 8798
7633 9358
6774 9001
6788 9179
8076 9965
7112 8874
6303 8701
6848 9126
8128 9895
6772 8989
6735 8998
6912 8809
7448 9330
6332 8662
7499 9255
7209 9541
6235 8501
7470 9280
7173 9578
6846 9166
6488 8233
6325 8643
7299 9716
6510 8214
7176 9585
6844 9159
6957 8877
6848 9025
7816 9995
6467 8390
7553 9223
7068 8724
7115 8770
7174 9613
7097 8754
7618 9294
7239 9673
6723 9165
7020 8957
7937 9875
6986 8927
8190 9832
8125 9765
6366 8519
7410 9579
7344 9514
6507 8438
7233 9695
7826 9997
7561 9238
6237 8703
6200 8602
6441 8331
8098 9735
6190 8585
6808 9023
7191 9662
6595 8296
7845 9993
6577 8220
7168 9645
7942 9897
6376 8537
6598 8308
7312 9509
8050 9924
8165 9810
6159 8630
7079 8732
7189 9640
7544 9413
6401 8382
6649 8243
7551 9396
8074 9797
8068 9813
8123 9834
6296 8522
7938 9942
6948 8946
6183 8689
7066 8780
6236 8586
6315 8572
7254 9615
7010 8894
6989 8848
7274 9653
6426 8389
7182 9710
6185 8649
7454 9471
7972 9926
8016 9906
7085 8776
7040 8807
7606 9311
6248 8581
6749 9139
8015 9917
7242 9656
6829 9054
6170 8684
7344 9544
7210 9682
6881 8984
6952 8916
8090 9830
6619 8230
8166 9752
7198 9697
6156 8717
7019 8554
6337 8898
8023 9556
7324 9880
8037 9569
6981 8525
6670 8194
7427 9998
7269 9844
6792 8347
7201 9781
7293 9832
8092 9610
7939 9492
7399 9968
7979 9523
6847 8358
7317 9871
6427 8960
6157 8726
6383 8946
6539 9108
6869 8394
7691 9258
8189 9695
7251 9847
6535 9121
6169 8753
8120 9619
7755 9317
7754 9338
7799 9286
6866 8419
6990 8568
7174 9777
8153 9699
7093 8591
6514 9033
7763 9325
6241 8798
7915 9386
7898 9368
7076 8679
7828 9431
7704 9309
6331 8957
6526 9014
7816 9410
6978 8457
7970 9577
7836 9431
7805 9264
6548 9177
7851 9446
7170 9810
7309 9949
7872 9363
7942 9552
6951 8561
7843 9461
8173 9655
6275 8921
7372 9878
6204 8800
7014 8506
6692 8314
8041 9483
6814 8440
6422 9086
8055 9502
7910 9355
6227 8766
6554 9204
7864 9416
6780 8205
7251 9766
7394 9883
6555 9185
6742 8237
6782 8445
7314 9750
7147 8559
6400 9092
7005 8664
8177 9590
7904 9320
6956 8613
6274 8719
6512 9214
6981 8663
8158 9549
6903 8291
7951 9627
7724 9402
7951 9625
6502 9201
8104 9520
7080 8496
8065 9496
7945 9620
7720 9398
6156 8851
6412 9107
6626 9026
6280 8746
6302 8763
7856 9237
8035 9669
7682 9381
8163 9546
8053 9689
6434 9103
6254 8925
6615 9059
6436 9104
7850 9246
6720 8437
6298 8748
7285 9933
6432 9114
7228 9862
7991 9612
7979 9623
8154 9574
7349 9737
7312 9773
7739 9467
7308 9805
7807 9405
7732 9456
6600 8974
7699 9435
6751 8343
6478 9095
6712 8436
6880 8237
7374 9728
6679 8408
7207 9972
6294 8770
6258 8871
6973 8683
6963 8676
8086 9537
6706 8427
7853 9335
8025 9603
7966 9666
7832 9287
8095 9599
6291 8818
6635 8969
7847 9284
7062 8574
7652 9996
7870 9303
6568 9026
8022 9657
7160 8456
6480 9120
7666 9986
8149 9508
6765 8348
7128 8490
7137 8466
6151 8947
6815 8297
7361 9782
6349 8757
6620 8997
8115 9544
7033 8581
6289 8815
6748 8355
8150 9430
6559 8862
7789 9580
6549 8855
7697 9491
6806 8597
6729 8524
6403 8710
6629 8931
7703 9488
7579 9884
6629 8930
6965 8253
6257 9083
6572 8866
6831 8608
7782 9590
7037 8301
7636 9925
6163 8961
7583 9868
6556 8847
6540 8863
6453 8736
7793 9572
6794 8607
8119 9377
7094 8352
6825 8639
6152 8990
7108 8415
7612 9890
7823 9647
6339 9187
7670 9943
6800 8627
6889 8650
6175 9019
8022 9341
7876 9706
6991 8289
6428 8755
7081 8345
6525 8783
6900 8647
7486 9738
7720 9500
7744 9588
7877 9712
8184 9422
6545 8870
7949 9274
7873 9723
6364 9184
6297 9126
7653 9946
6483 8723
7054 8398
8088 9435
8012 9224
7691 9549
7832 9682
7614 9970
6883 8623
6578 8958
6147 9038
6324 9210
7752 9499
6304 9205
7122 8327
6590 8935
8148 9358
6927 8273
7430 9816
6796 8658
7771 9530
7999 9308
6390 9109
7721 9548
6564 8897
6547 8948
7082 8386
6716 8532
7706 9584
7658 9860
6567 8918
6415 8829
7503 9787
7787 9491
6419 8808
7111 8379
6465 8765
6285 9200
6745 8665
6798 8463
7626 9800
7778 9696
7763 9680
7142 8291
6582 8752
7836 9498
8109 9252
7297 9994
6305 9002
7683 9615
7509 9944
6454 8888
7145 8312
6318 9020
8073 9243
7914 9593
7915 9597
7110 8273
6472 8927
6896 8552
7044 8221
6718 8615
8075 9233
7906 9598
6413 8851
6582 8744
6322 9005
7615 9757
7669 9808
7510 9969
7929 9566
6290 9013
6458 8850
8126 9239
7694 9634
6723 8687
6641 8769
6460 8845
7162 8267
7687 9653
8135 9333
6738 8672
7710 9643
6421 8866
7482 9856
6770 8648
6367 9060
6858 8564
8038 9433
7801 9670
6945 8350
6974 8446
7003 8344
6356 8976
6775 8624
6190 9190
6745 8593
6535 8781
7599 9825
6743 8600
6845 8557
6887 8501
6903 8484
7514 9870
6232 9100
7686 9694
7577 9793
6327 9070
6664 8659
7550 9891
7884 9516
7652 9734
7050 8302
7396 9987
6655 8727
6231 9150
7479 9948
6370 8974
6195 9183
7788 9601
6864 8510
6865 8481
7578 9835
8030 9388
7905 9493
7442 9957
6433 8921
6395 8963
7826 9579
6894 8471
6495 8868
8162 9246
7743 9665
7750 9657
7002 8357
8177 9230
6918 9990
6216 9288
7716 8742
7702 8725
6500 9575
6778 9854
6734 9802
6406 9475
6158 9223
8081 9115
6604 9671
6813 9873
8089 9111
8142 9153
7936 8975
6517 9573
7825 8832
6454 9509
6266 9327
7437 8474
7674 8685
7420 8416
6379 9418
6619 9722
6456 9497
7595 8584
6771 9808
6277 9377
7404 8393
7822 8872
8042 9036
7554 8613
8062 9046
7663 8644
7976 8963
7998 8979
7894 8955
6233 9332
7861 8836
7257 8298
6522 9550
7399 8412
6685 9766
7451 8480
7962 8996
6631 9636
7434 8526
6752 9765
6452 9585
7946 9036
6446 9576
6813 9940
6351 9350
6791 9932
6585 9714
7382 8346
7667 8638
7986 9059
8185 9128
6581 9702
7794 8742
7815 8914
6838 9966
6245 9278
6612 9608
7290 8231
6583 9705
6364 9404
7766 8759
7205 8260
8157 9148
6549 9713
7582 8696
6510 9481
6168 9329
7841 8908
6776 9751
7250 8227
8170 9115
7968 9043
7650 8596
6191 9304
7718 8793
6284 9459
7600 8655
7389 8284
6459 9658
8118 9015
6249 9450
7315 8213
8102 8992
8078 8964
7417 8307
6433 9643
7417 8306
7268 8431
8091 8969
7908 8818
8166 9087
6870 9807
6617 9536
7289 8421
7476 8616
6879 9795
7695 8849
6226 9421
7234 8418
6625 9536
6214 9442
7513 8700
7308 8228
7834 8756
6517 9691
6150 9398
6676 9892
8039 9172
7350 8197
6654 9545
7498 8690
7492 8701
6677 9903
7513 8675
6466 9721
7347 8207
6890 9814
6154 9399
6377 9259
7359 8315
8067 9030
7217 8439
7494 8577
7245 8330
7414 8254
7212 8423
8039 9132
6580 9594
6442 9700
7231 8429
6146 9430
7380 8193
7712 8950
7957 9155
7515 8588
7901 8709
7923 8745
6898 9775
6680 9976
6459 9690
6334 9306
6667 9966
7762 8887
8158 9016
7313 8310
7678 8470
7479 8671
7829 8828
6220 9381
7930 8720
7734 8902
6404 9714
7561 8575
6724 9917
7635 8489
6487 9645
6897 9740
7463 8231
7512 8281
7797 9076
7746 9025
8118 8885
6224 9557
7521 8295
7215 8488
6181 9518
6386 9727
6287 9601
7307 8580
6216 9560
6933 9732
7967 8717
8140 8922
7371 8668
7272 8560
7008 9849
7409 8682
6423 9227
7516 8259
7276 8563
7654 8388
7172 8487
7063 9905
7925 9181
7286 8540
6411 9249
7944 8740
7919 9154
7856 9089
7737 8968
7726 8987
7096 9856
7790 9044
6429 9255
8084 8872
7935 9154
7731 9073
6330 9726
6164 9553
7074 9957
7875 9099
7324 8660
7041 9928
7529 8224
6538 9411
8126 8951
6154 9539
7261 8465
8116 8952
7167 9902
6262 9508
6960 9827
7651 8375
6627 9397
7283 8485
7044 9939
7493 8221
6173 9540
6224 9482
7523 8255
8007 8729
6238 9472
6144 9567
7391 8639
6234 9531
6958 9805
7708 9080
7149 9867
7189 8563
7586 8388
6478 9257
7911 9088
8148 8892
7678 8342
7388 8630
6613 9407
7710 9074
7388 8626
6476 9276
6256 9473
6449 9287
7013 9746
6376 9631
6944 9820
8164 8805
8043 8938
7958 8852
7571 8214
7824 8985
6179 9647
7992 8884
7684 9098
7356 8499
7456 8367
6283 9476
6250 9722
6212 9685
7610 8233
7234 8657
6994 9921
6924 9882
6487 9408
7813 8978
7698 9099
7321 8450
7306 8471
6328 9510
7209 8631
7124 9840
7664 8276
7934 9050
7881 9057
7484 8341
7971 8840
8036 8904
8107 8711
6551 9274
7015 9938
7748 9212
6278 9532
7555 8248
6388 9546
7549 8383
7771 9119
7690 9155
7238 8585
7093 9850
7468 8444
7532 8380
6430 9423
7379 8449
7855 9085
6374 9524
6292 9542
7229 8686
6260 9634
7747 9118
6954 9975
7737 9177
7868 9053
7692 9197
6464 9379
7685 9190
6215 9635
6496 9349
6211 9638
7000 9918
7451 8445
7335 8512
7859 9048
7539 8323
6367 9511
6965 9933
6372 9501
6293 9582
7161 9733
7786 9110
6548 9321
6274 9596
7632 9169
7539 9074
7528 9065
6812 9374
7860 8375
7354 8895
6674 9242
7765 8285
6697 9248
6386 9977
7910 8427
6992 9566
7643 9173
7688 8198
7626 9157
6699 9275
7322 8843
7909 8436
6669 9247
6362 9932
6683 9229
8160 8698
6203 9760
7960 8454
7102 9633
8163 8700
7038 9563
6256 9814
6990 9577
7177 8739
8011 8545
7067 9648
7772 8304
6445 9984
7108 9705
7348 8857
7319 8890
6839 9369
7622 9193
6318 9886
6693 9232
7888 8421
6728 9342
7346 8842
6966 9487
6984 9586
7557 9145
7639 9195
7948 8497
7073 9631
7918 8400
7671 9161
6979 9475
7277 8751
7566 9164
7650 9121
7608 9211
7825 8402
7027 9526
7422 8888
7883 8332
7715 8299
7339 8931
7091 9720
7728 8318
6947 9587
6902 9390
7095 9711
8182 8622
7599 9205
6282 9937
6802 9417
6744 9222
6931 9586
6369 9859
6803 9457
7839 8444
7623 9123
7456 9030
7079 9678
7995 8530
7553 9192
6859 9376
7733 8263
7956 8545
7920 8325
6260 9731
7084 9684
8113 8651
8061 8455
6288 9963
7600 9165
6786 9468
8042 8468
6857 9290
6984 9676
6375 9826
7633 9047
7243 8908
7634 9051
6169 9876
6327 9784
7893 8261
6176 9904
6878 9295
7447 9094
7349 8743
6201 9899
6691 9392
6177 9906
6799 9244
7178 8862
7096 9519
8096 8503
7203 8884
8172 8566
7040 9499
7068 9472
7969 8637
7438 9104
7892 8266
7760 8432
7590 8964
6380 9807
6970 9630
8122 8478
7314 8759
7609 8977
8136 8544
6313 9730
7317 8761
6284 9760
6738 9470
6167 9913
7694 8383
7718 8340
7362 8817
7581 9006
8066 8502
7864 8205
6833 9222
8056 8641
6229 9964
6660 9400
7323 8740
7423 8767
6885 9253
6662 9415
7554 9027
7318 8788
7492 9094
6963 9719
7819 8271
6849 9220
7932 8250
7236 8844
7949 8645
6728 9345
7540 9149
6760 9380
7902 8211
7744 8334
7208 8935
7728 8416
7579 9035
7607 9062
7039 9646
7205 8950
7087 9595
7340 8825
6851 9237
7660 9018
7524 9138
7131 9484
8078 8534
7195 8899
7204 8956
7912 8243
7850 8310
6305 9853
7231 8929
7697 8399
7770 8324
6213 9883
7790 8369
7025 9617
7113 9513
7953 8691
6372 9734
7392 8707
7149 9480
7470 9160
8086 8561
7343 8775
7200 8905
8083 8569
7661 8967
7271 8845
6187 9946
6750 9391
6824 9307
7333 8785
6774 9344
7849 8286
6798 9337
7338 8786
7783 8349
7233 8891
8176 8460
7646 8995
7682 8447
6374 9753
6419 9751
7406 9195
6747 9565
6601 9934
7128 9424
7025 9336
7472 8762
6710 9510
7940 8212
7330 9138
8033 8305
7502 8799
7144 9467
6640 9956
7352 9132
6923 9244
7532 8827
7466 8754
7201 9016
7780 8575
7844 8632
7378 9167
7776 8574
6524 9820
8161 8384
8027 8314
6653 9951
7778 8512
6198 10000
6472 9838
7368 9199
7341 9092
7874 8680
7166 9429
8044 8263
8181 8409
6418 9790
6755 9550
6646 9947
6477 9853
6739 9570
6877 9708
8002 8304
7586 8848
6743 9573
6401 9778
7069 9385
7245 9077
7377 9192
7131 9442
6997 9327
7465 8722
7918 8661
7717 8473
7570 8878
7855 8594
7049 9396
7887 8689
6509 9811
7081 9367
6699 9493
8114 8332
7871 8702
6805 9687
7560 8906
7628 8841
7742 8568
7154 9402
8157 8342
6563 9960
7400 9127
6968 9321
7768 8457
6584 9963
8156 8335
8048 8229
7106 9367
6515 9764
6571 9980
6414 9813
7920 8620
6450 9837
7758 8494
7474 8784
7869 8671
7009 9218
6737 9522
7878 8610
7092 9425
7784 8461
7026 9236
6450 9818
7124 9407
6479 9790
6875 9646
7648 8854
8167 8336
8049 8201
7486 8773
7862 8651
8064 8446
8096 8415
7105 9281
6457 9913
7389 9052
7004 9437
7114 9288
7129 9307
7459 8864
7546 8953
6873 9565
6658 9606
7432 8846
7564 8715
7974 8366
7130 9298
6854 9551
8124 8241
6425 9867
7393 9079
6890 9596
7651 8820
7701 8588
7549 8932
7727 8628
6977 9437
6301 9984
7898 8519
6456 9893
7057 9231
7355 8987
7099 9241
7212 9103
6955 9352
6702 9611
7077 9219
7645 8826
6785 9512
7045 9263
7028 9439
8103 8201
6513 9920
6916 9393
8073 8252
6443 9885
7235 9209
7194 9125
6505 9896
6926 9419
7216 9206
7042 9285
7817 8513
7809 8521
7941 8399
7436 8896
6905 9524
7386 8983
7078 9323
7222 9208
6762 9637
6834 9568
6937 9418
7186 9156
7302 9040
6551 9793
6840 9568
6615 9742
7846 8571
7407 9009
7169 9182
6637 9741
7848 8520
7723 8650
8108 8265
6529 9833
6553 9840
7430 8943
6640 9754
7897 8500
7806 8592
7526 8841
6462 9937
7377 9022
8127 8271
7464 8920
7493 8886
6610 9771
6904 9477
7330 9055
7261 9123
