10000 10000
7764 7765
3490 3491
6646 6647
7577 7579
8652 8655
5441 5445
8825 8828
5962 5965
9668 9676
464 473
7508 7518
5521 5531
7540 7551
4390 4392
3189 3195
8066 8077
8552 8568
1538 1552
2502 2514
5103 5113
736 758
7213 7226
9153 9176
5796 5816
3947 3958
3913 3927
10 42
3727 3754
1490 1524
4739 4773
650 684
342 369
8346 8370
3221 3263
9753 9778
1802 1830
6798 6818
8392 8420
7168 7212
7831 7847
4300 4349
7619 7664
2654 2666
2846 2858
6727 6769
975 1014
7195 7202
5594 5606
3651 3711
9107 9133
7513 7527
8580 8635
8961 9022
3643 3706
2573 2639
6927 6988
9238 9301
1978 2047
6788 6851
6447 6502
2481 2554
6401 6479
9866 9925
673 753
2437 2517
8474 8523
7990 8036
4026 4073
3608 3661
4918 4963
3464 3549
6307 6388
8198 8286
2437 2525
7460 7550
6697 6771
5801 5875
6295 6348
2734 2802
1850 1895
6968 7015
4629 4682
8709 8805
4789 4823
6843 6872
3370 3406
4099 4197
7979 8013
3336 3439
3205 3308
5672 5698
6432 6475
8736 8780
7458 7502
8610 8654
1032 1127
6671 6781
2323 2401
2827 2931
1974 1996
3501 3543
9106 9193
9896 9941
660 745
5659 5734
929 991
9507 9564
7511 7638
263 390
7194 7320
6238 6365
5691 5823
6953 7085
9509 9632
4646 4771
6500 6626
9526 9648
8960 9094
8527 8647
2094 2214
103 234
8791 8921
6266 6378
5393 5504
4944 5057
8225 8370
3636 3751
1662 1773
2361 2477
9833 9980
5217 5367
9844 9955
1321 1456
3675 3778
9030 9178
4988 5089
5951 6049
3435 3573
5453 5586
5699 5859
4925 5020
7017 7115
3076 3239
9534 9626
9812 9969
8289 8391
9482 9634
7971 8073
350 499
7035 7126
4980 5082
3857 4030
6144 6326
4934 5105
3955 4036
822 910
3160 3296
6966 7055
7174 7356
1796 1982
7724 7830
578 761
8964 9151
4469 4553
8816 8911
8973 9138
104 215
584 759
348 412
6180 6372
3628 3820
4208 4273
7463 7654
2174 2239
555 744
6201 6394
8713 8911
356 418
6917 7118
298 481
5668 5864
2921 2980
6237 6291
8231 8425
7738 7925
5742 5793
1798 2007
6521 6573
8257 8340
5380 5585
9516 9721
2833 3012
8771 8853
5996 6075
8260 8351
1877 1928
4160 4254
1057 1278
2640 2703
8016 8113
4109 4335
7721 7883
774 997
6431 6648
6147 6372
4730 4765
9577 9600
4187 4274
3108 3279
888 916
638 658
3113 3268
282 500
6209 6319
6218 6330
583 695
9485 9727
4701 4782
630 645
9222 9461
7449 7660
3635 3781
776 1023
8781 8885
9040 9128
9781 9932
7430 7679
1349 1471
3871 4068
9239 9452
8772 8889
9004 9169
9496 9702
4955 5029
7250 7340
4414 4545
4203 4244
6206 6463
8768 9025
6876 7133
4837 5092
6740 6997
5764 6022
2674 2928
5161 5421
5708 5961
8755 9018
4752 5017
6248 6499
7760 8029
2254 2496
2143 2384
3822 4065
61 306
2201 2441
6297 6537
1050 1291
5812 6054
5776 6020
695 931
2773 3009
6659 6933
4740 5010
9405 9643
1657 1902
7260 7492
1095 1374
4278 4527
7340 7606
9237 9486
7345 7596
5726 5952
8876 9102
4334 4557
8903 9187
2660 2880
6197 6417
6663 6945
4614 4911
2188 2470
2224 2458
7883 8167
634 855
3655 3959
2642 2914
4657 4864
6356 6630
5241 5450
3830 4037
5283 5520
588 889
667 941
3706 3907
7788 8023
9467 9664
1233 1514
8323 8639
6694 6939
158 416
1546 1844
1567 1887
7327 7646
5815 6133
9313 9506
6260 6449
5220 5420
229 429
4251 4562
3259 3570
253 436
5237 5436
111 294
6839 7165
1083 1392
5796 6120
3162 3351
2102 2424
1730 1933
5242 5429
5869 6077
609 818
7394 7601
3314 3489
2049 2386
37 374
6794 7134
5165 5497
2608 2916
1100 1304
1719 2016
5311 5608
7783 7999
8256 8472
7328 7674
8854 9163
2073 2375
3725 4076
7701 8052
2242 2465
6855 7075
1787 1951
629 784
7212 7499
5360 5528
6807 7167
5660 6004
8777 8994
8275 8510
8758 9048
7719 8008
7309 7677
9458 9602
3598 3966
5213 5420
6341 6580
2740 3013
711 949
5367 5508
4333 4505
7336 7645
3782 4019
7188 7532
3588 3965
8864 9179
7776 7964
7200 7516
6351 6577
4681 4919
2618 2884
7199 7521
6253 6419
2219 2516
2061 2442
2794 2914
20 413
8304 8698
6887 7020
68 463
6797 6913
6173 6544
3798 3928
2685 3053
3693 4093
20 389
5849 5960
4709 5111
3242 3384
7307 7448
9470 9581
6272 6421
7374 7515
5248 5398
6760 7166
6840 6959
8727 9101
2141 2503
2814 2917
8257 8669
4112 4493
7280 7663
2570 2965
6371 6524
2650 3066
8723 9139
2633 3048
7299 7457
4134 4484
5172 5527
512 931
9378 9473
2242 2407
3669 4083
176 278
6342 6496
6732 7140
6835 6936
1148 1488
9288 9700
8775 9194
4801 4975
6895 6977
4152 4503
7681 8113
8353 8467
725 864
5873 5959
6729 7167
209 358
3262 3337
8934 9041
6207 6535
6765 7127
4112 4522
9909 9998
5123 5566
3747 3868
4262 4455
7745 8064
582 901
6775 7092
7920 7988
561 1012
6729 7041
2195 2393
647 843
7819 8006
6721 7052
4763 4948
559 1021
122 430
1672 1885
2291 2342
114 421
1708 1909
4631 5070
4764 4933
8958 8995
6869 6922
4774 4985
4308 4404
1549 2028
7347 7505
3629 4046
6245 6534
6780 7064
3194 3487
3276 3369
9282 9637
7881 7968
9408 9513
2671 2950
734 820
3103 3573
7787 8065
3284 3391
8735 9204
4692 5055
1624 1972
6770 7070
6791 7019
2261 2343
1746 1824
8802 9110
1717 1856
1683 1894
8847 9081
1594 1986
2071 2539
4683 5047
5280 5469
3304 3350
1190 1368
6165 6635
1136 1649
6652 7165
6604 7117
8457 8971
5281 5795
9406 9917
1074 1589
5602 6123
1117 1614
5212 5704
5553 6053
8471 8962
7270 7795
9415 9937
8192 8731
8397 8913
5158 5690
8607 9091
5171 5679
423 954
8407 8906
9310 9792
4601 5081
1299 1842
4595 5074
6183 6662
6633 7112
7567 8109
3340 3887
6509 6985
6446 6923
171 653
4555 5090
3450 3923
7388 7925
6296 6834
5156 5646
3370 3841
8238 8706
6228 6776
2462 2995
3291 3829
6616 7158
4164 4714
6651 7115
4406 4870
1054 1582
3120 3586
5350 5842
3169 3671
7541 8003
4458 4946
118 590
378 834
6240 6745
3161 3680
2115 2680
105 597
5178 5636
4 571
1365 1898
7384 7911
7221 7796
1285 1862
3233 3813
3260 3832
5272 5853
3278 3723
6582 7155
4283 4862
8240 8823
8339 8923
7331 7915
5159 5742
2052 2639
4413 4976
5182 5744
5489 5921
1299 1858
2163 2593
3450 3880
84 518
67 529
5622 6050
2065 2628
6384 6823
3165 3589
3478 4047
9470 9895
3404 3861
1342 1892
3274 3728
7333 7935
7203 7800
6325 6894
4267 4848
8612 9209
6370 6847
5543 6138
3572 4010
3533 3987
2399 2817
217 646
6322 6866
1298 1904
4174 4652
5419 5964
7578 8178
4572 5044
274 894
9433 9908
6423 7033
9243 9845
60 588
8588 9213
6387 6785
4189 4649
2093 2649
7565 8184
1329 1860
1134 1560
2548 2947
5597 6058
5146 5731
7437 8055
4315 4775
6414 7024
7214 7761
459 948
2526 2910
8658 9043
8486 9127
7248 7892
6211 6854
6400 7046
4377 5023
7448 8095
8311 8956
1052 1680
5186 5839
8303 8929
289 943
7422 7793
7230 7857
3531 3931
4571 4943
7382 7747
8478 9099
4222 4840
1200 1574
3082 3740
5211 5836
2549 2925
1406 2022
5140 5775
5452 6097
4366 5011
365 1011
7632 8014
1298 1932
4554 4949
1322 1931
8208 8881
2206 2620
9383 9732
9639 9986
185 540
4312 4723
5591 6012
437 793
2384 3069
3301 3656
3523 3950
7638 8059
292 906
5536 5904
1254 1620
3210 3641
4422 5106
2208 2580
2486 2816
7628 8059
7464 8080
3275 3699
2327 2990
7361 7800
246 591
6614 7023
3398 4090
8570 9159
6174 6819
185 519
2229 2679
9257 9962
2396 2975
6259 6832
7631 7946
5614 5928
3416 3999
3208 3648
3341 4033
4485 4939
6275 6732
2098 2813
3315 3644
7596 8060
7456 8177
5595 5897
9360 9794
7560 8028
2452 2881
7549 8104
294 1022
8572 9120
2207 2626
8502 9192
4118 4809
9249 9982
6358 6710
7487 8158
6228 6837
8518 9124
9463 9749
8402 8752
6238 6844
5328 5683
9295 9899
7312 7797
3180 3722
4517 4930
4434 5045
74 685
8322 8805
3318 3601
7436 8166
4575 4916
2322 3070
8676 8968
5129 5860
2315 3064
2075 2798
377 908
1329 1990
5214 5801
9291 9907
5 767
2235 2630
7348 7753
8407 8746
2512 2862
3409 4014
50 818
351 607
1523 1778
3558 3815
1355 1610
5629 5877
6299 7058
5480 5729
4525 4775
3120 3898
7624 7875
3451 3703
7272 8037
5221 5994
2255 3039
7344 8097
4343 5093
7290 8040
1517 1790
2170 2927
6433 6708
8599 8833
6349 7130
383 616
2389 2637
8505 8737
9570 9851
6219 6993
7606 7853
6203 6951
5121 5916
2147 2942
3255 4009
4556 4819
6155 6955
2318 2606
33 768
2409 2632
7281 8019
2295 3026
3319 4048
3514 3728
122 849
5403 5687
9487 9791
1512 1752
9557 9828
9538 9843
1478 1778
5202 5990
6468 6770
412 682
3157 3939
2113 2937
7169 7992
8503 8718
7539 7753
2216 2962
6608 6890
4232 5043
3581 3782
5374 6082
1312 1632
1348 1541
1384 1577
8619 8936
284 600
1361 1557
389 707
8624 8950
2447 2759
7639 7837
7239 7947
6419 6751
7562 7878
5537 5871
7433 7769
5431 5734
260 599
8458 8793
7298 8150
9673 9887
2125 2836
497 683
6572 6902
1053 1857
5128 5973
6435 6782
7405 8115
6429 6781
8682 8843
399 750
7531 7690
3266 4000
3470 3821
6466 6694
3359 3704
3153 3894
2232 3026
8204 9063
8362 9158
2124 2849
3571 3740
2209 3025
4278 5062
6550 6886
1037 1919
3324 3982
4513 4818
8315 8975
4392 4702
1052 1898
3530 3772
8532 8739
2505 2750
8659 8868
6355 7076
3184 3849
8515 8760
9640 9939
4410 4673
8554 8727
8278 9003
3270 4024
7303 8184
1474 1602
5548 5677
6524 6911
2418 2801
3186 4086
9592 9981
3564 3690
8382 9014
4284 4917
3461 3599
2161 3067
8447 9077
82 984
3384 3763
8285 9168
1128 2040
8638 8751
2532 2678
6314 6968
467 577
5506 5654
5338 5966
6204 7080
6262 7138
2203 2829
8549 8946
4336 4967
3326 3941
1386 1777
4147 5039
368 749
2388 2762
4202 5108
2 928
4453 4806
4589 4686
190 794
9727 9817
30 953
3449 3793
5498 5840
5425 5787
3553 3658
1341 1676
6331 6921
8493 8862
231 851
337 741
6313 6941
3230 3882
6261 7107
3554 3674
1474 1656
6397 6977
6343 7035
1065 1940
3550 3681
7559 7736
2265 2918
8595 8785
67 897
6246 7076
1185 1890
2187 2893
4304 4886
4151 5104
9544 9857
8548 8877
5333 5918
9477 9928
3403 3718
8306 9151
4494 4672
4422 4758
5516 5725
6396 6957
2324 2752
5460 5761
8684 8762
6257 7078
143 856
2292 2860
3305 3888
5223 6076
1316 1784
2382 2706
8526 8850
6494 6787
7525 7864
5543 5752
4415 4832
7492 7846
286 765
331 680
397 622
5391 5867
4551 4642
6321 6996
8475 8958
9592 9886
52 979
5481 5761
111 902
5132 6118
7271 8075
6628 6665
6298 7029
3315 3842
401 610
8344 9068
4546 4665
8358 9053
7378 7983
2537 2580
5377 5886
7605 7754
1114 1957
312 1336
27 1051
4630 5655
4933 5956
4842 5864
6653 7678
7005 8030
8737 9764
2828 3850
4876 5898
8652 9675
2103 3135
4337 5370
6375 7404
972 1991
8304 9341
8887 9912
4178 5186
5051 6057
4259 5297
8395 9436
6861 7898
8894 9895
6656 7705
6822 7868
8780 9814
444 1440
4561 5617
2077 3133
4816 5873
8899 9954
7067 8121
8797 9851
2409 3407
558 1544
6483 7540
4909 5895
187 1169
8192 9258
8504 9490
6506 7488
4168 5218
4124 5174
2585 3634
7160 8148
2946 4014
840 1893
7162 8151
820 1796
172 1181
2879 3854
7095 8067
2122 3199
6508 7514
8676 9682
6512 7496
2984 3985
4448 5469
4416 5501
4830 5856
6612 7572
2743 3829
2274 3232
2952 4042
4580 5542
8252 9343
6331 7423
2960 4053
8542 9496
8426 9389
6376 7329
128 1226
4238 5314
4233 5316
8438 9400
2243 3212
6347 7323
4288 5265
4192 5170
4670 5740
6175 7244
8390 9365
6415 7516
8442 9390
608 1588
8309 9248
265 1361
2490 3555
8791 9739
4600 5541
6926 8019
2906 3847
307 1388
4732 5667
2154 3083
2657 3584
4927 5978
508 1433
3003 4060
8622 9670
686 1735
2617 3664
4668 5717
966 1967
4715 5634
2278 3212
4176 5179
6181 7242
2945 4078
620 1566
2884 3894
8783 9789
741 1686
2521 3498
6212 7218
2194 3300
934 2001
4516 5587
2346 3408
8462 9588
8935 9884
8400 9387
7006 7971
6418 7532
2968 4071
6646 7561
6487 7637
551 1700
900 1792
89 1244
2808 3710
8338 9236
3024 3927
392 1295
8936 9839
8794 9938
6590 7478
2572 3713
8749 9891
142 1025
8803 9964
921 1800
2662 3827
2662 3824
6464 7639
701 1573
766 1639
2352 3498
6576 7466
176 1068
941 1843
8458 9620
4391 5511
8894 9758
8618 9487
2338 3463
4839 5698
7007 8185
2991 3848
6675 7867
4491 5410
4697 5875
6377 7235
6647 7515
8517 9704
4895 6066
723 1662
2563 3758
2145 3278
6229 7418
4389 5514
4456 5593
6806 7716
813 1951
4601 5450
6728 7932
8226 9367
1004 1877
873 2000
2292 3149
2959 3892
2241 3194
8873 9746
2840 4003
958 1795
4104 5301
2723 3614
4352 5565
8587 9524
2259 3091
6359 7191
2592 3808
51 1265
2779 3608
4883 6105
8440 9268
4324 5162
5016 5974
6938 8149
634 1707
6832 7778
4398 5628
6679 7875
788 1985
8575 9642
942 1910
2231 3181
740 1592
8835 9823
4721 5805
6539 7510
2454 3400
6884 7738
2561 3808
6209 7330
2576 3828
5076 5937
6560 7494
2738 3669
8244 9437
8459 9698
2291 3097
7134 7989
939 1856
3031 3897
8585 9574
4542 5454
2280 3099
267 1528
6197 7361
8489 9694
129 1145
807 2013
6366 7205
4376 5604
2529 3356
495 1297
8848 9839
511 1279
2894 3662
3050 3817
4819 6096
9129 9901
6378 7660
6660 7949
213 1500
9203 9978
883 1658
4301 5574
2999 3771
2838 3611
76 1347
2370 3154
333 1117
2123 3418
6919 7701
157 1422
372 1127
9122 9905
787 1547
6999 7759
5024 5818
4370 5129
4688 5964
6234 7495
4206 5488
395 1195
9000 9738
4120 5435
23 1331
6907 8159
4772 6017
569 1820
670 1979
4766 6072
2920 3663
2318 3113
8608 9352
4797 6036
2369 3178
4907 5639
198 1515
229 1482
207 1504
2525 3311
2084 3346
8509 9221
2744 3968
6514 7243
6966 7695
2099 3343
7114 7924
6960 7792
4511 5341
291 1120
6467 7168
853 1553
2616 3965
253 1467
8699 9404
2434 3274
4268 5600
6650 7350
643 1998
9134 9952
7125 7835
4227 5581
2145 3374
757 1978
26 1365
524 1859
2109 3437
6974 7790
4346 5547
4294 5524
6511 7229
4385 5235
2294 3493
7036 7721
2193 3526
2310 3164
6912 7771
7041 7898
2618 3942
6286 7635
7146 7860
4751 6127
2566 3942
4364 5228
4583 5254
2973 3838
6825 8138
6327 7635
2473 3276
6554 7420
860 1594
8979 9844
4701 5940
2638 3876
2901 3647
4858 6033
6193 7514
110 1282
4489 5348
4276 5572
2245 3509
8590 9471
2753 4016
2080 3411
6302 7658
2139 3375
4190 5418
4810 6078
3021 3770
7081 7902
9024 9785
4677 5948
2132 3373
9116 9958
8399 9653
6691 8024
4766 6117
6806 8170
4843 6038
6641 7311
5114 5765
4165 5434
4739 6140
6725 7994
216 1369
6149 7553
2432 3076
6902 8049
2056 3471
2087 3502
971 1601
841 1731
6439 7341
689 1850
6916 7819
521 1926
5053 5682
4428 5340
4763 5899
503 1126
6799 7966
4279 5412
8603 9224
2560 3988
509 1130
6838 7982
6289 7432
946 1577
819 1710
6609 7247
2529 3199
4224 5407
4788 5908
2587 4027
2818 3746
6465 7392
4266 5387
7132 7806
4921 5787
2439 3108
2739 3862
9008 9878
5085 5754
2972 3643
6153 7586
2353 3229
19 1469
174 1280
978 1661
8564 9413
243 1351
4496 5157
6580 7170
9070 9943
2124 3568
4431 5363
8488 9365
498 1101
6274 7491
509 1080
7054 7752
2519 3088
4942 5769
303 1255
2484 3196
9080 9906
988 1558
2081 3563
188 1399
6991 7811
7013 7861
2220 3453
376 1194
2317 3289
9019 9964
4432 5256
6256 7593
8650 9232
441 1125
6556 7233
6584 7269
4863 5921
2159 3504
4203 5514
8466 9456
4219 5529
912 1650
2179 3431
2524 3128
4765 6008
8385 9511
5083 5693
2743 3920
4799 5975
2776 3890
2446 3173
4685 6049
8505 9428
8377 9556
9197 9731
4097 5615
9158 9769
3029 3621
4151 5573
6985 7866
3000 3661
7080 7774
8483 9428
8628 9292
6303 7527
7162 7680
9178 9766
514 2046
6613 7209
1022 1538
4897 5852
9183 9761
736 1823
2992 3507
540 1055
6178 7718
34 1574
4454 5987
4597 6131
6870 7377
2053 3597
990 1490
7006 7506
2612 3129
4188 5713
6631 8169
2200 3735
9137 9662
2978 3506
6359 7879
6335 7855
2483 4002
4326 5876
8983 9476
4459 6015
8981 9473
8760 9261
4214 5731
2994 3493
5102 5623
4830 5316
2823 3356
2442 3991
8202 9751
406 1928
8441 9945
188 1692
4680 5224
839 1383
2362 3866
443 1945
2822 3362
8788 9328
7037 7512
4277 5776
305 1812
6289 7863
2674 3156
2464 3977
8325 9900
9171 9721
4408 5907
8849 9402
9014 9499
7011 7501
2658 3152
8217 9773
6827 7327
6355 7911
6516 8001
6201 7692
6329 7820
2834 3364
5069 5626
6934 7457
4394 5906
712 1264
2577 3115
2649 3171
4845 5334
6438 7963
7120 7661
2403 3934
6266 7751
4747 5301
8865 9375
7127 7657
4953 5478
729 1254
6733 7181
4186 5658
6674 7251
8888 9466
417 2018
5005 5576
9167 9609
6235 7709
6994 7450
6179 7786
6248 7716
2866 3454
97 1581
269 1859
6280 7879
8239 9854
2177 3792
657 1216
6918 7511
4660 5222
2516 3975
9214 9645
4474 5934
6676 7232
264 1884
449 1941
4638 5195
2800 3238
6395 7853
4884 5443
8908 9371
2404 3900
2522 3968
2578 3150
2967 3529
4725 5163
6840 7399
4717 5133
6842 7386
4716 5133
2466 4032
2574 3180
6936 7547
4274 5847
713 1196
6320 7894
150 1777
4915 5466
4761 5362
2458 4087
6905 7316
984 1462
414 2033
2627 3116
4552 6073
208 1697
2492 4047
8884 9408
6976 7476
6253 7704
2896 3366
6156 7803
4460 5915
4114 5738
2335 3940
2342 3933
2091 3670
972 1457
706 1091
6741 7382
5032 5422
6469 8131
2226 3637
704 1096
584 1217
4260 5678
574 1205
212 1631
861 1494
73 1735
8732 9362
4521 5944
8940 9336
4248 5644
355 2037
364 2042
2622 3240
644 1043
8212 9868
6429 8068
6367 7749
3004 3366
6538 7953
566 1197
6422 8074
279 1929
2930 3565
3015 3430
4155 5786
8220 9917
251 1625
764 1110
3061 3419
4107 5797
4133 5781
973 1407
293 1936
4903 5521
792 1455
703 1031
101 1756
6333 7686
4503 5930
93 1762
4616 5303
6818 7266
9079 9654
7095 7541
6214 7813
9208 9531
6903 7220
8830 9403
9028 9601
2908 3482
7083 7533
8338 9812
6430 8153
9048 9616
4719 5283
4183 5785
691 1123
544 1267
2771 3078
2290 3623
4804 5138
2683 3244
2339 4084
6884 7219
6208 7832
8205 9941
4754 5194
8311 9903
8912 9225
6981 7583
2929 3499
536 1218
4246 5706
8362 9847
8659 9998
7139 7486
2345 4086
4814 5137
2184 3688
2299 3611
4476 6045
79 1710
9206 9492
2068 3831
8831 9372
4660 5328
804 1475
1016 1296
8914 9274
8796 9398
6650 7952
235 1536
8405 9785
2121 3748
8891 9302
8830 9360
9013 9690
8439 9752
2889 3512
22 1767
4257 5712
513 1271
2926 3480
4645 5331
519 1264
2257 3625
4912 5576
5061 5436
4644 5342
6568 8018
8829 9345
147 1647
8900 9273
2326 4075
6800 7277
753 1039
6843 7611
980 1232
4571 5855
494 1769
2970 3218
2505 3776
4439 5725
2191 3973
5106 5369
2820 3080
513 1293
2645 3416
462 1731
2887 3145
4550 5833
4472 5736
9152 9426
6416 7684
2172 3944
8455 9747
2756 3537
6744 7503
8609 9913
8216 9985
2397 3652
386 1688
2803 3560
8501 9769
4161 5981
2828 3089
6688 7485
87 1865
266 1556
2982 3257
4358 5657
510 1756
2513 3828
2501 3811
2312 3630
6406 7712
321 1638
4191 6007
56 1809
585 1379
8880 9628
6643 7903
4769 5517
4447 5746
170 1924
4170 5989
8524 9827
140 1982
2390 3685
2655 3433
7065 7342
8681 9937
6189 7956
4398 5653
2183 4027
6547 7855
895 1090
340 1642
669 1443
896 1215
8990 9249
2951 3271
4282 6139
6220 7951
644 1472
6485 7698
6273 8137
6789 7628
4847 5541
4732 5431
90 1802
507 1707
4643 5490
6757 7479
7087 7417
8800 9527
6834 7658
6664 7505
4476 5670
6943 7237
117 1835
4416 5662
4715 5428
4831 5567
8734 9599
2606 3404
6980 7207
676 1479
8717 9582
6948 7232
6739 7478
8541 9784
9142 9427
2282 3980
6596 7852
6222 7974
869 1036
4155 5970
2854 3148
1017 1171
2837 3195
2681 3350
4408 5719
6591 7887
4724 5381
6952 7257
4142 5980
694 1477
2414 3613
4801 5556
756 1409
4127 5994
2732 3546
4590 5785
6399 8071
4139 5971
2847 3175
2962 3306
4320 6040
9188 9369
4563 5806
4797 5571
2758 3513
964 1094
2236 3903
2766 3401
2840 3217
6541 7687
4131 6056
2610 3518
7000 7381
4116 6021
460 1629
8797 9679
6531 7697
4837 5494
9154 9297
8636 9768
892 1259
316 1701
730 1344
4976 5355
595 1480
6595 7768
9074 9449
6585 7714
8344 9987
854 1227
4137 6068
4853 5461
932 1031
904 1067
9168 9331
884 1239
8599 9791
2612 3484
170 1794
6179 8073
4613 5551
2394 3825
6807 7483
4147 6046
4247 5926
6448 7809
4655 5534
4694 5604
5112 5196
2794 3422
4658 5511
9159 9329
2249 3967
7142 7248
7161 7246
4256 5912
2878 3206
2170 4032
7136 7259
2691 3389
7030 7368
668 1315
2993 3086
8616 9833
8969 9416
4759 5462
6154 8136
851 1168
8895 9593
8922 9501
2954 3149
4871 5325
2461 3670
4474 5814
6589 7794
2430 3761
8992 9455
539 1483
4738 5458
9004 9464
9184 9269
7088 7272
4544 5657
4547 5656
9214 9250
4479 5795
7040 7261
6279 8024
2277 3844
6503 7813
6245 8071
4260 5959
2127 4010
4524 5705
4698 5564
335 1705
2722 3397
217 1843
6407 7917
2479 3652
8987 9462
4657 5598
829 1228
2320 3809
875 1176
4680 5563
6310 8021
785 1250
2230 3906
7048 7294
911 1144
445 1605
2156 3988
6749 7589
7022 7319
4160 6074
274 1769
6788 7544
8808 9621
147 1901
1425 3473
258 2306
4578 6624
113 2162
1962 4009
484 2528
5269 7315
4762 6802
194 2250
4623 6662
1970 4025
4337 6397
4297 6341
5800 7844
4884 6937
4608 6670
1690 3732
1 2062
1463 3494
5780 7808
4379 6415
236 2296
5603 7668
5618 7659
4707 6778
1974 4013
4835 6910
1284 3354
5250 7325
1757 3836
1008 3025
4998 7079
4347 6361
1854 3865
5463 7549
5001 7074
4454 6474
5937 7967
5117 7122
6140 8140
5396 7461
5807 7835
4726 6722
1944 4013
1971 3972
1472 3575
4675 6778
1394 3406
1801 3893
1744 3822
5721 7707
5419 7529
4977 6965
743 2723
5153 7268
4676 6658
4352 6470
266 2371
4218 6195
1819 3922
1671 3789
221 2199
1483 3456
5058 7055
1880 3849
1596 3693
4598 6567
4118 6212
1799 3924
1618 3590
4710 6706
5474 7479
834 2842
1776 3753
5244 7207
4711 6715
5889 8031
6084 8091
4740 6875
1065 3190
5972 7988
5044 7124
6021 8166
221 2233
4741 6881
1969 4055
4653 6730
1726 3796
1712 3804
2010 4023
575 2642
307 2396
5167 7263
1075 3139
5274 7402
1624 3625
5170 7235
4649 6746
1306 3438
909 3065
5192 7231
4745 6896
4399 6486
1260 3221
4561 6571
974 2996
1097 3123
5332 7336
5125 7289
492 2450
1296 3472
1956 3876
5778 7703
1243 3166
126 2294
4641 6824
1370 3539
5463 7645
553 2725
1084 3251
1629 3791
352 2547
200 2141
5615 7545
4164 6364
378 2530
4324 6270
1075 3241
4893 7047
1516 3446
436 2345
184 2086
5225 7414
4689 6897
1993 3945
262 2471
245 2135
1587 3729
144 2100
819 2966
1623 3835
1209 3093
636 2768
4103 6313
168 2055
1135 3294
1086 3215
933 2839
5009 6949
937 2844
5601 7508
5810 7685
4230 6206
4729 6851
21 2223
5201 7403
4768 6683
4807 6779
613 2777
4437 6633
5920 8093
533 2773
230 2087
4811 6666
9 2248
745 2600
1481 3336
814 3048
5205 7314
1475 3339
1179 3155
4253 6229
2045 3895
5501 7607
4870 7117
442 2423
4968 7077
425 2407
5831 7702
4113 6339
220 2062
5574 7445
4847 6714
6112 7991
5210 7309
1040 3272
1656 3744
1104 3209
368 2475
938 2935
1572 3834
1106 3250
6141 7965
1125 3206
5876 7696
4303 6187
135 2146
5406 7672
298 2499
862 2996
4288 6187
5315 7215
1961 3908
790 3065
4627 6908
4974 7068
5229 7326
1883 4015
5220 7312
5597 7465
422 2387
5109 6914
124 2182
1825 4058
4971 7063
1384 3477
5440 7615
1035 3338
1773 4079
4314 6623
4156 6458
4204 6501
1286 3083
1039 3329
5361 7649
1834 3642
5252 7568
4124 6410
1113 3407
1167 3480
1271 3566
2012 3783
1828 3641
4096 6431
4654 6961
5923 7680
1716 3985
1715 3990
4708 6978
214 2544
981 2803
5172 7443
1814 3646
1042 3386
5821 8085
6062 7812
314 2064
4936 6754
381 2134
5036 6791
1963 3712
562 2844
5748 8026
4676 7031
5616 7365
955 2701
4790 7040
5755 8013
4284 6538
5700 8061
329 2164
163 2460
812 2579
45 2413
5004 6860
118 2359
5656 8027
798 2650
5845 8081
4658 7034
1654 3901
427 2278
861 2576
1781 4024
320 2063
478 2190
1175 3521
1955 3835
85 2319
4959 6657
1404 3107
1923 3804
6065 7889
5878 8086
351 2110
6018 7907
5771 8170
4188 6459
4637 7034
1171 3577
1652 3864
4514 6350
847 2594
5594 7351
1922 3821
5817 8137
4350 6542
1198 3551
5019 6888
1011 2688
5199 7482
119 2305
1161 3569
367 2070
6088 7857
5701 7999
1699 4063
6014 7682
4351 6530
5913 7782
4621 7053
939 2603
5781 7956
5169 7605
4891 6813
5277 7446
5620 7295
799 2705
1536 3983
4253 6413
448 2131
4395 6328
475 2120
92 2504
5174 7586
4153 6573
59 2476
5175 7597
1416 3090
1093 3545
1159 3354
35 2493
4738 6946
5587 7282
1579 3976
1780 3921
5080 6783
1579 3971
5076 6780
4414 6293
4338 6494
1829 3721
1091 3566
1290 3237
1738 3962
1230 3452
336 2275
5455 7419
878 2778
2029 3673
4604 6217
560 2949
486 2128
4209 6600
154 2336
6136 7748
1099 3575
1562 4005
1339 3322
4667 7161
5291 7528
1810 3798
1211 3454
6068 7794
4567 6160
5005 6730
4115 6618
5337 7442
5663 8146
1287 3287
334 2202
1972 3681
45 2555
1402 3234
248 2336
917 2636
1741 3863
482 2105
5893 7899
5423 7374
5595 7225
5955 7846
4938 6831
4586 6157
786 2805
5050 6738
713 2848
521 3040
88 2482
5417 7363
69 2479
6042 7796
859 2729
4535 6210
5244 7563
1622 4015
1300 3309
4294 6460
5404 7398
4221 6534
1638 3994
5614 7187
5416 7381
1583 3118
1833 3368
5671 7202
1855 3385
1226 3789
1799 3328
297 2862
847 2375
806 2350
1258 3811
1204 3773
5758 7287
288 2859
5960 7493
5627 8181
777 2310
4451 7027
4173 6748
5385 7963
4612 6167
290 2870
1925 3472
5962 7517
4635 6147
5900 7468
6051 7555
6044 7613
1163 3752
4877 6441
5304 7836
1942 3504
5579 8172
4328 6848
4418 7018
379 2898
4470 7004
757 2271
1139 3679
5395 7997
1683 3261
4952 6504
448 3057
4756 6310
1952 3474
865 2387
598 2149
5165 7710
434 2949
556 2069
5924 7453
4705 6237
1636 3161
1439 4002
349 2912
1241 3737
1669 3269
534 2131
4882 6484
5309 7930
5372 7860
5692 7286
5889 7499
5402 8017
5405 8022
1153 3788
5413 8043
1846 3449
5512 8135
4245 6852
5507 8145
6025 7643
6030 7642
5259 7901
226 2741
1366 3854
1564 3140
5945 7520
1281 3931
4241 6858
1397 3886
6138 7590
4183 6667
993 2494
6086 7577
4142 6769
243 2707
1788 3229
4962 6403
4240 6899
4716 6159
1989 3494
1174 3826
5319 7842
5405 8056
5968 7480
5588 8125
4509 7159
4258 6862
874 2311
5695 7249
1578 3163
968 2490
1970 3520
538 2153
925 2542
5949 7497
4686 6200
5759 7175
4273 6856
1805 3443
4244 6890
343 2856
295 2982
4098 6785
627 2293
5037 6442
249 2672
1983 3382
542 2196
4248 6675
1729 3153
4992 6428
1485 3920
306 2991
1959 3385
1664 3102
4663 6294
1743 3182
5240 7897
4504 6970
4778 6152
947 2327
4625 6326
915 2356
1503 3959
899 2347
1864 3555
1693 3126
4749 6177
6001 7647
1291 4005
216 2667
776 2495
5503 8135
5769 7217
212 2666
597 2283
4785 6158
5718 7401
898 2370
5211 7834
5892 7621
5813 7284
5158 7908
5101 6447
4109 6856
381 3000
4604 6964
1770 3106
1510 3884
1459 3960
1157 3657
5263 7746
5524 8027
938 2426
4530 7010
1554 3264
1583 3324
4857 6186
1051 3791
1784 3104
1277 3623
278 3021
5542 8057
5449 8105
336 2992
5605 7942
6016 7523
1010 2321
4757 6269
1690 3187
552 2244
4270 6722
4291 6702
4590 6915
1798 3574
1290 4091
4235 6777
1840 3523
4467 7046
4107 6909
232 2591
961 2365
5366 7689
4731 6523
1787 3578
1260 4078
5560 7868
4572 6872
656 2453
510 2809
4659 6459
3 2827
742 2538
6045 7313
1310 3600
4157 6963
4457 6759
1889 3182
1217 4050
1768 3579
5956 7249
4978 6244
5441 7766
4861 6634
175 2998
149 2959
1953 3259
1096 3922
4255 7044
5427 7720
5273 8122
73 2924
5475 7750
645 2467
300 2564
5779 7613
5008 6304
5213 8044
5052 6285
4101 6961
4576 6869
549 2320
802 2068
5009 6311
4574 6889
1633 3417
5803 7569
1241 4066
1786 3524
896 2239
6025 7369
5677 7534
2011 3230
5344 8101
993 2215
675 2533
963 2187
6127 7334
240 3001
53 2943
4235 7105
1020 2230
4192 6957
4446 6673
5910 7238
1869 3100
1517 3772
5215 7949
5844 7558
1077 3943
1725 3567
5229 7998
4982 6178
6115 7351
4642 6516
6091 7325
4428 6676
5432 7779
4951 6155
763 2470
5351 8122
5298 8173
6072 7390
208 2998
5772 7652
6122 7298
313 2641
5078 6332
5920 7243
4318 7090
5581 7841
5841 7585
5723 7467
5075 6305
47 2909
5762 7665
1201 4039
697 2510
4796 6596
4827 6562
6008 7170
4853 6543
5361 8074
1014 2189
4397 6742
5394 7785
5910 7275
5765 7672
2019 3171
1605 3524
4207 7150
5454 7884
4643 6566
5696 7623
242 2938
257 2697
718 2374
200 2882
4375 6812
4477 6896
5356 8034
5602 7788
868 2282
5201 8159
4615 6536
478 2641
5789 7442
5525 7706
5568 7760
4647 6582
6139 7273
1575 3508
1427 3591
5477 7921
5798 7474
599 2497
1935 3095
1101 4049
1534 3683
5379 7838
1615 3538
380 2785
5389 7827
808 2231
1435 3588
5794 7426
4679 6630
5125 8102
4111 7083
1962 3086
5812 7441
5809 7444
1460 3612
729 2417
4500 6717
375 2782
5820 7445
659 2360
1607 3563
2020 3146
5257 7974
1733 3445
199 2934
1043 4001
4270 6940
5605 7761
551 2451
4850 6471
5177 8076
1797 3251
4420 6899
5983 7399
1525 3663
4982 6346
2031 3118
5532 7774
5072 6168
825 2288
4872 6340
4973 6305
577 2449
4323 6962
4318 6924
781 2265
5719 7554
4768 6517
4100 7122
928 2169
4744 6481
698 2400
924 2112
709 2329
5404 7874
1621 3466
5662 7617
5599 7743
633 2459
470 2613
1253 3846
1448 3659
4687 6571
5519 7786
1672 3437
773 2285
4551 6701
4888 6386
1847 3290
904 2149
4681 6564
4899 6348
4212 7045
349 2732
1278 3852
1829 3286
5439 7882
4424 6833
1048 4065
5938 7371
4794 6465
4703 6563
1523 3597
2034 3084
296 3369
5756 6783
132 3203
233 3310
1394 2426
633 3696
4773 7852
1723 2737
1607 2637
4221 7286
4772 7849
6028 7043
4566 7622
465 3525
4566 7616
450 3540
1012 4066
4120 7183
5424 6439
4488 7570
5046 8107
1761 2815
5589 6602
5720 6727
4620 7724
4924 7962
1103 2152
1348 2403
4305 7417
2032 3032
4817 7931
504 3538
4271 7300
4905 7940
1130 2119
1496 2550
601 3702
6055 7062
1897 2907
4603 7625
6113 7123
4986 8009
5033 8090
535 3618
5747 6725
5690 6658
6013 6981
5918 6950
205 3319
4661 7695
4796 7814
490 3496
5833 6796
4365 7498
5559 6640
31 3158
728 3730
5637 6735
1199 2276
5907 7000
4411 7543
887 3899
5502 6451
4628 7770
1053 2130
4417 7440
4978 7968
130 3286
5082 8079
4439 7426
6012 6954
471 3471
1294 2391
5838 6802
756 3755
4223 7200
196 3236
517 3684
1213 2270
4399 7497
5062 8096
920 4095
5115 8092
409 3569
4328 7297
1653 2591
1559 2684
4211 7199
5464 6453
446 3539
1768 2693
1888 2829
2034 2973
1073 2142
5263 6368
1035 2171
5663 6767
4729 7688
690 3779
4827 7849
1116 2094
6090 7097
419 3536
5371 6286
1196 2266
1930 3059
4755 7912
4697 7717
5858 6815
4883 8045
4906 8106
1786 2683
1347 2498
5203 6354
400 3346
4890 8088
1 3203
711 3651
2022 2915
4299 7246
1028 2177
5103 8038
1410 2313
5468 6615
882 4089
1578 2726
5034 7975
1947 2838
4849 7807
5714 6877
5014 7961
2024 2919
1311 2447
4553 7512
4854 7783
1953 2864
106 3320
5945 7082
5109 8033
5071 8026
5046 7982
1652 2796
320 3544
1473 2393
4910 8119
1314 2488
315 3489
152 3074
405 3342
4708 7928
1555 2702
1696 2561
1666 2592
1342 2461
1751 2676
5261 6184
65 3303
1102 2277
4360 7587
4815 7779
1274 2134
1990 2922
1892 3017
5140 6329
4165 7411
5190 6384
132 3122
1178 2092
4936 8190
4108 7345
125 3266
268 3532
42 3307
64 3201
1028 2246
1981 2942
990 3864
4401 7671
4833 7718
5659 6867
5778 6747
4858 7728
4443 7573
5903 7104
1346 2445
4931 8076
280 3528
1061 2293
4779 7802
869 4017
5911 7105
4306 7173
5162 6387
1303 2509
5006 8020
4809 7699
1848 3043
5355 6199
1156 2137
5881 6692
1938 2895
4520 7542
816 4079
632 3736
1598 2782
5219 6275
3 3298
1987 2855
643 3687
1749 2609
1210 2140
1284 2530
5318 6191
4256 7242
457 3363
2005 2879
1023 3861
6059 6983
4296 7205
4907 8134
523 3812
1455 2399
4325 7189
1563 2792
195 3127
779 4094
4348 7178
5461 6563
4453 7570
4417 7608
5378 6648
5708 6838
5276 6241
4321 7196
4502 7528
5295 6575
556 3885
815 3629
970 3784
5208 6492
4904 7725
5929 6700
4297 7631
4900 7714
1398 2175
870 3695
4591 7396
75 3392
752 4094
526 3840
228 3562
4233 7578
4614 7957
149 3457
5943 6690
959 3754
5122 6423
1182 2440
2002 2757
487 3327
1791 3047
6061 6836
4824 8131
134 3483
6084 6873
4654 7984
1900 2636
4369 7218
1170 2487
1168 2488
4180 7548
1603 2921
4974 7749
32 3339
532 3896
4371 7230
694 3992
1858 2668
764 4051
4864 7728
408 3243
4609 7986
920 3757
1593 2831
4736 8121
936 3729
4141 7447
4405 7177
1354 2166
2021 2778
909 3790
5839 7048
5860 7084
5572 6284
4505 7379
1288 2115
4700 7959
529 3930
1071 2402
93 3347
1167 2497
4166 7446
994 3762
5528 6336
4792 8160
472 3202
4734 7972
5856 7101
1207 2538
5894 6747
1476 2203
4999 7910
1450 2249
5990 6661
4430 7208
4321 7559
1423 2281
2007 2736
1628 2868
4965 7693
1479 2223
1274 2448
1188 2510
327 3115
4421 7209
4479 7185
5227 6427
4889 7787
923 3816
5280 6612
5266 6629
5324 6587
1287 2160
1470 2247
5985 6680
219 3490
1186 2527
4403 7245
734 4000
1685 2836
5180 6590
476 3166
133 3334
5491 6389
4378 7314
5717 7135
17 3483
1399 2300
13 3462
424 3107
1194 2337
51 3519
1189 2344
4991 7922
56 3510
4356 7316
5998 6911
735 3917
4981 7910
1111 2500
623 4091
1108 2508
4565 7244
5811 6952
5641 7060
4607 7265
5302 6422
4691 8179
560 3987
361 3279
5218 6597
5221 6594
5339 6515
318 3223
648 3873
46 3460
5095 7757
1977 2578
4353 7338
178 3353
1543 2987
5072 7778
1461 2054
4633 8106
874 3806
2036 2626
54 3457
4182 7662
4652 8086
5529 6181
5291 6421
5861 6949
4977 7859
777 3787
1494 2069
5530 6236
109 3499
671 3929
5646 7113
2028 2603
29 3541
4920 7921
913 3672
4563 7193
841 3715
5683 7160
649 3906
355 3247
710 3851
1406 2227
4181 7579
5819 7029
8 3544
4353 7377
5164 6655
297 3325
455 3090
1458 2148
310 3297
714 3858
1228 2324
5418 6386
211 3338
1143 2477
946 3689
1897 2742
4169 7574
6069 6741
421 3140
4637 8191
5338 6457
1795 2789
5345 6408
4196 7560
6037 6776
712 3878
5724 7086
123 3465
809 3802
822 3778
1827 2775
453 3122
5078 7713
61 3525
1202 2379
543 4069
4776 8020
1748 2857
1162 2420
609 3169
454 4038
5068 7629
4778 7339
926 3485
1153 2692
5835 6349
4365 7947
1760 2279
906 3469
5924 6445
1293 2822
1521 3068
4512 8109
4241 7839
5378 6925
4700 7247
5323 6879
5496 7022
596 3148
5453 6997
952 3488
5590 7119
5428 6959
5929 6455
4360 7958
1695 2176
4242 7858
696 3224
4193 7747
1360 2932
5073 7671
16 3639
485 4045
5018 7602
1609 2144
5128 6690
587 3173
935 3475
4881 7461
5430 6912
4558 8180
498 4041
4514 8089
4986 7489
1283 2872
4520 8084
1899 2390
1862 2427
5070 7667
6039 6570
232 3797
1658 2107
4710 7204
227 3744
1419 3022
5247 6713
5764 6339
5782 6353
5909 6495
866 3368
182 3837
5561 7157
370 3903
830 3440
1095 2569
1941 2500
84 3590
4624 7237
4792 7405
1303 2881
4342 7840
189 3819
4568 8079
4696 7183
1210 2786
1105 2568
879 3382
4433 7944
967 3485
186 3814
4840 7349
5123 6750
5743 6193
328 3863
4482 8162
1866 2344
4473 7962
399 4074
5094 7555
1762 2186
876 3334
5688 6230
631 3096
1005 3458
438 4057
182 3783
5564 7118
803 3409
4380 8046
5562 7113
92 3624
5226 6685
5181 6724
1758 2210
1420 3056
5310 6849
5982 6622
1066 2728
1169 2581
4277 7742
956 3378
962 3410
640 3092
5848 6221
4497 7940
1513 2943
359 4080
4983 7663
919 3343
5196 6868
4359 8095
1527 2926
6129 6504
5671 6334
1561 2179
855 3532
1686 2058
4963 7679
5887 6242
4283 7711
6105 6527
5465 7153
726 3193
1072 2719
6041 6440
507 3914
4425 8191
5144 6830
877 3547
1063 2705
4594 8010
554 3219
5673 6288
6114 6488
4705 7387
1822 2468
1047 2729
1004 3375
5027 7520
6092 6409
31 3801
1975 2417
1960 2415
5870 6182
5142 6878
1222 2574
636 3255
1765 2089
5861 6185
6087 6409
5496 7094
5006 7489
1115 2708
28 3795
5392 7109
4984 7599
1633 2233
1416 2897
1135 2737
130 3682
1085 2783
430 3915
1359 2986
1401 2975
4970 7554
4602 7955
5768 6241
1201 2651
1688 2162
1368 2994
945 3421
1776 2078
1229 2621
4722 7296
1026 2806
1509 2832
1755 2082
1163 2672
1522 2830
4597 7945
723 3117
4146 7885
527 3312
1335 2615
4194 8035
4460 7789
5758 6527
795 3096
4916 7223
4984 7291
1869 2121
5792 6564
353 3685
5190 6979
846 3147
496 3830
4216 8063
5647 6407
1531 2802
6128 6393
1220 3023
4868 7176
5148 6928
1573 2346
1086 2861
4157 7977
1242 3022
1453 2744
1912 2158
1570 2362
5870 6645
1703 2492
5995 6263
5121 6940
1486 2768
6111 6398
5640 6443
153 4026
4122 7998
5936 6164
1792 2085
141 4011
4229 8099
5437 6682
5759 6483
1873 2173
5791 6577
1706 2436
1443 2700
6118 6358
730 3562
201 4092
5592 6893
425 3743
1149 2891
791 3104
4743 7600
5481 6750
4467 7755
5237 6989
6107 6369
5650 6440
5735 6491
743 3545
605 3427
4606 7873
4560 7919
749 3501
4698 7451
2023 2211
486 3745
4504 7890
6134 6333
1722 2545
1684 2521
17 3934
1570 2419
1482 2712
5122 6992
5473 6707
875 3135
4807 7568
550 3441
6074 6381
5669 6525
4159 8039
4570 7810
1687 2509
943 3316
339 3598
5464 6715
6081 6309
4545 7848
5204 6969
1860 2089
5312 7087
1921 2286
370 3613
5268 7142
1902 2076
4779 7640
1925 2289
6000 6150
569 3393
5321 7089
1032 2929
5858 6552
1980 2240
1434 2788
5517 6898
5307 6971
5270 6934
4746 7435
4667 7610
5867 6505
1580 2472
1486 2634
5349 7008
5086 7257
1146 3058
690 3387
5665 6568
512 3466
2046 2165
1414 2571
291 3757
1440 2607
1705 2361
4501 7684
893 3311
5832 6491
222 3910
4987 7392
1292 2711
4675 7646
5132 7057
7 3992
1199 2830
5546 6667
1727 2333
6101 6257
5750 6610
1003 3150
1986 2151
4964 7372
4305 8060
4459 7878
1818 2217
1514 2652
4946 7397
4435 7914
4487 7740
5653 6574
5085 7267
4937 7305
5559 6773
4935 7301
2016 2082
693 3446
5031 7267
5643 6606
4354 7877
5012 7261
1164 2886
1230 2818
838 3211
6058 6247
6098 6172
1133 2979
996 3125
1763 2354
5525 6724
95 3981
4578 7735
1628 2441
76 3993
4368 7877
4475 7854
602 3468
1026 3033
197 3865
363 3767
1309 2754
1107 2956
371 3731
5334 6967
1320 2763
4418 7847
4821 7475
180 3932
5928 6338
4243 8057
4714 7552
5538 6734
359 3723
4252 8048
246 3866
6106 6196
4666 7637
1695 2415
1013 3079
179 3909
1301 2787
1463 2625
1879 2209
1927 2175
477 3621
824 3265
967 3134
4480 7802
60 4038
4104 8182
1280 5377
1499 5593
1855 5948
501 4593
1054 5146
1449 5548
3037 7131
995 5092
1432 5535
3035 7123
1323 5409
1215 5299
1681 5788
2457 6551
1871 5953
1113 5207
53 4154
2063 6175
4 4117
157 4236
248 4331
3302 7413
325 4438
1667 5783
222 4298
572 4650
3886 7990
481 4600
1571 5689
2412 6518
2341 6462
3982 8083
3232 7358
1861 5979
731 4805
90 4218
960 5088
2738 6803
407 4532
2554 6617
2565 6689
1764 5824
3143 7265
1433 5553
3705 7764
2696 6823
3281 7393
3007 7054
14 4159
3412 7525
3005 7052
2014 6124
522 4671
1665 5815
3488 7574
3953 8009
1674 5808
2192 6314
3794 7918
3084 7216
3535 7664
2670 6698
3688 7725
431 4586
2058 6220
2988 7147
886 4913
3038 7063
1576 5730
3619 7785
581 4622
1771 5799
2474 6631
1351 5386
1257 5286
1235 5250
3341 7519
3183 7228
582 4624
1739 5788
1428 5580
326 4383
858 4865
402 4556
2680 6695
387 4579
2190 6382
619 4617
3487 7676
2843 7039
772 4961
468 4529
3516 7641
2526 6587
464 4533
2710 6897
1534 5526
3833 7825
2433 6632
13 4199
654 4834
2759 6826
2661 6677
1435 5611
3440 7427
3469 7673
3770 7887
379 4355
557 4693
108 4119
3734 7914
1949 5917
1604 5829
1170 5136
1446 5413
2219 6191
3720 7692
2146 6374
3365 7584
2379 6605
1147 5373
4071 8032
4043 8012
1502 5462
2859 7073
563 4793
1844 6078
2274 6255
823 5049
3607 7833
1531 5492
3062 7014
3015 6998
1087 5293
2772 6720
1699 5687
2736 6692
4006 7985
2222 6198
1376 5625
2095 6325
3459 7455
284 4481
2933 7147
2741 6699
2354 6572
1398 5609
3747 7681
2017 5955
2147 6342
2506 6498
779 5025
2761 6755
2536 6469
1246 5232
1030 5302
1529 5451
680 4635
3859 8103
3587 7861
3396 7666
1425 5414
2620 6790
398 4402
432 4367
350 4577
660 4651
2450 6480
1721 5754
1485 5390
1156 5184
3020 6920
2420 6576
1826 6119
789 5075
1415 5440
3075 7364
3132 7412
2541 6436
2811 6711
2599 6891
2747 6773
3327 7216
3312 7231
1006 4927
3337 7640
183 4195
886 5027
1008 4901
100 4275
2050 6357
1755 5644
3042 6970
155 4163
1666 5722
1152 5210
1395 5544
4062 7939
1720 5735
2123 6292
3868 8188
2684 6812
316 4574
626 4752
1276 5151
3210 7279
1910 6033
3646 7893
2099 6366
1706 5703
2186 6264
3980 8062
2101 6343
3131 7375
159 4202
2010 5932
3568 7434
2845 7143
2589 6887
3103 7395
2852 7130
1076 5323
3759 8111
2150 6502
2427 6265
2719 7069
1080 5435
3967 7803
702 5051
1382 5216
1427 5275
2181 6541
677 5036
3011 6858
3823 8165
1701 6062
755 5119
1269 5625
2834 6687
1069 5408
1749 6085
1123 5490
2144 6513
714 5080
664 5002
890 4712
1581 5950
1385 5245
1689 6028
3628 7993
1187 5557
2015 5832
4070 7934
982 4815
3192 7522
2634 6993
2503 6364
2237 6561
770 4638
7 4390
3176 7498
3225 7611
3004 6809
3157 7536
241 4567
2981 6786
1513 5326
2448 6328
3780 8172
828 4629
3167 7542
3475 7352
1246 5619
2317 6176
1252 5577
2958 6819
3534 7395
3726 8096
1640 5978
733 5097
815 4634
1684 6051
233 4560
1848 5636
873 4695
2831 6705
665 5081
2544 6321
4011 7913
1219 5505
3735 8148
2658 6945
3132 7544
1976 5884
1444 5346
2623 7032
1606 5900
1995 5767
2325 6232
3742 8144
1839 5728
1429 5317
965 4756
3176 7481
2766 7071
1569 6003
2588 6990
971 4760
329 4125
3807 8072
1069 5495
2267 6529
2026 5809
411 4344
58 4445
1637 5890
2025 5774
3686 7937
2957 6885
754 5016
2183 6636
3332 7274
1214 5582
3198 7438
1852 5709
429 4313
3043 6805
304 4167
181 4557
1750 6063
1565 5985
621 4881
3177 7447
319 4286
321 4290
649 4874
852 4816
848 4821
3328 7302
1584 6071
254 4470
3989 7708
1643 6113
261 4239
2597 7086
914 4633
2066 6557
2635 7108
1894 5865
223 4429
2049 6547
102 4595
254 4456
989 4679
969 4691
592 5068
2111 6562
4067 7805
3345 7311
2594 7101
2288 6511
1913 5849
1493 5238
559 5003
345 4348
1119 5624
2218 6402
1745 6010
2675 7128
3394 7404
2250 6500
3601 8126
385 4144
2174 6607
3287 7526
3397 7409
1064 5532
3824 8004
2332 6312
2699 6963
3742 7970
1242 5479
2060 6578
1183 5471
2645 7060
832 4737
3531 7178
1918 5820
2435 6208
3858 7894
485 4129
3626 8175
840 4749
3831 7985
289 4329
3867 7895
747 4902
3984 7773
2900 6810
3891 7907
701 4972
1549 6108
722 4867
237 4409
534 5059
3966 7851
788 4813
796 4800
1353 5269
800 4860
3214 7507
1801 5846
2918 6841
702 4958
2400 6273
3708 8094
1456 5204
3665 8118
2623 7126
3401 7328
621 4996
797 4855
4019 7775
454 4139
1372 5297
1711 5952
871 4759
791 4838
256 4338
2101 6599
2151 6549
604 5038
1413 5233
1849 5836
2366 6347
2905 6830
799 4839
2299 6401
2825 6901
2197 6505
944 4685
11 4596
1183 5791
1597 5180
3054 6637
2713 6301
3725 7304
2728 6317
3928 7517
3895 7473
1720 5296
1709 5285
2746 6323
1049 5651
495 5091
1391 5987
4031 7603
1466 6069
413 5004
1724 5294
762 4332
593 4167
3160 7759
1992 5585
1392 5993
3527 8156
1726 5278
650 4266
1836 5389
3945 7502
3024 6649
3957 7519
2139 6768
1698 5262
915 4543
2646 6267
1362 6015
4007 7562
2070 6712
3331 7981
3105 7694
3087 7712
1211 5771
27 4650
602 4200
2380 7038
3303 7891
3357 7977
1870 5498
980 4577
279 4898
3068 6603
857 4462
3290 7906
2008 5601
1107 5738
705 4347
3357 7969
2625 6269
1305 5927
3252 7818
2909 6499
687 4334
2557 7103
3402 7945
616 4128
114 4664
3238 7917
1518 6050
3283 7838
3604 7259
2351 7038
3213 7900
3933 7436
2201 6859
98 4656
1653 5159
508 5038
2660 6199
1381 5942
1874 5382
34 4727
2562 6231
3955 7462
295 4990
992 4541
3595 7252
2225 6865
3690 7179
2297 6808
2814 6300
2863 6477
1450 6088
876 4366
1120 5635
3940 7431
2435 7143
210 4791
3571 8084
2923 6403
3295 7862
3344 8058
1939 5624
3733 7418
325 4917
3419 7976
2507 7096
2264 6828
3926 7459
1545 5247
2213 6867
1590 5198
1424 6121
2775 6318
3912 7473
1832 5459
537 4198
1193 5672
224 4706
2677 6391
2211 6689
3738 7192
1946 5401
3143 7876
2910 6621
2668 6376
434 4918
3823 7273
1851 5555
2013 5460
1938 5400
2367 7091
3582 8050
28 4755
2899 6599
1206 5666
1151 5866
1526 5998
2491 6947
4085 7535
618 4336
1058 5822
1090 5855
801 4542
1984 5472
1428 5941
3785 7275
3330 8097
62 4762
3395 8167
778 4526
1150 5851
2941 6619
1679 5160
1375 6135
204 4711
3478 7997
3559 8012
3774 7189
3918 7648
3832 7254
1871 5629
3702 7363
458 4989
2582 6318
2377 7152
1364 6125
281 5028
4004 7449
1248 5726
136 4663
3816 7208
1203 5746
1083 5882
1248 5666
3231 7772
2846 6621
3836 7224
1875 5527
3280 7700
2869 6642
169 4718
2659 6319
1929 5444
880 4543
332 4995
3926 7558
398 4958
2648 6281
838 4501
1310 6091
2893 6551
598 4237
109 4790
3634 7407
4061 7484
3881 7627
3877 7622
2632 6315
3649 7330
1267 5648
4090 7454
1617 5300
1979 5470
1121 5767
573 4309
3759 7236
2932 6552
439 4955
2073 6888
3635 7362
2953 6520
3310 7706
2925 6554
3260 7748
3662 7350
442 4931
3361 8157
1269 5643
2562 6402
2770 6611
40 4906
3267 8129
3697 7538
1137 6005
1449 5804
1085 5946
2605 6436
3051 6369
3032 6356
2256 7132
657 4508
773 4106
410 4747
3666 7491
2707 6530
3431 7797
1728 5586
3411 7744
3177 8061
2534 6898
2869 6176
2969 6287
161 5047
1994 5331
3247 8117
85 4942
3786 7636
121 4967
1462 5800
2431 6751
3919 7277
3285 8183
1333 5654
3547 7935
2720 6533
2083 6918
2791 6593
167 4993
986 4349
1930 5282
1664 5545
1828 5134
1642 5447
579 4461
1601 5486
1281 5681
2406 6738
532 4384
3435 7773
3622 7441
1048 5935
2253 7156
1817 5155
2263 7149
3645 7424
309 4618
3442 7734
3358 7768
975 4231
2130 6939
3386 7798
191 5101
751 4539
3907 7190
1852 5227
907 4316
3388 7780
2036 5292
872 4145
1041 5963
2331 6721
373 4648
3937 7169
4082 7318
2404 6668
2097 7001
2633 6433
180 5084
2453 6904
568 4437
1375 5681
2920 6171
3151 7995
1033 6013
1497 5804
3719 7665
36 4947
549 4444
2888 6194
778 4214
2309 6779
2189 7154
3750 7462
1721 5432
106 5099
3664 7634
2751 6460
166 4901
1237 5968
3898 7356
3756 7463
2798 6498
3486 7698
2308 6792
323 4814
304 4798
3978 7172
357 4843
685 4386
468 4699
1963 5179
3665 7618
3191 8163
1816 5248
2506 6739
2821 6300
1352 5841
1027 6042
1221 5982
1112 6083
1944 5124
2724 6456
2258 6988
3253 7979
3414 7926
1641 5577
3172 8134
3939 7364
1872 5368
2378 6883
330 4832
1606 5610
1149 6099
792 4264
1208 5896
1659 5578
3292 8045
1363 5857
632 4555
929 4117
4076 7256
2432 6709
2826 6335
81 5094
1173 5933
1526 5710
705 4472
1715 5386
2518 6764
181 4878
2654 6624
2104 7047
505 4678
156 4957
2624 6529
3392 7810
3381 7926
3557 7713
997 4128
2993 6260
1064 6112
3111 8175
589 4487
2207 6995
2388 6810
1789 5427
249 4904
857 4234
1088 6037
785 4292
2691 6490
2332 6854
4042 7191
1916 5282
2663 6584
3668 7604
4020 7253
661 4468
2276 6914
515 4581
2088 7104
3201 8043
1239 5947
269 4834
433 4673
3253 8007
302 4828
3264 7987
433 4674
57 5066
1401 5773
3335 7922
2383 6842
1495 5665
3138 8117
2850 6357
1079 6094
3503 7765
1272 5893
2368 6846
3768 7494
3060 8180
497 5616
2116 7238
3211 6281
2698 7816
1179 4249
455 5571
940 6057
2210 7332
3896 6974
1467 4531
1891 4971
3910 6990
346 5456
24 5141
638 5747
3692 6754
384 5520
1639 4726
1147 4201
3007 8107
236 5371
148 5262
226 5369
1822 4867
859 5957
1745 4851
545 5635
3969 7075
3720 6827
2710 7858
3152 6261
2380 7530
2129 7287
1744 4856
1838 4869
1619 4728
3593 6693
1542 4662
1238 4327
3520 6641
2629 7799
2086 7186
3097 6189
3035 8174
998 6096
1257 4319
1042 4133
2512 7655
1975 5007
3837 6853
1305 4386
4006 7067
2166 7241
2005 5015
164 5351
220 5279
2136 7195
816 6003
3701 6705
1184 4325
287 5465
1597 4724
250 5299
652 5830
2037 5049
2681 7732
1886 4878
2110 7278
2731 7929
945 6117
407 5569
1918 4905
1696 4859
1973 5099
3054 8112
865 5888
1302 4468
2381 7464
2551 7582
2616 7762
1224 4261
2651 7733
112 5150
3220 6374
1373 4393
2289 7300
2287 7322
3029 8098
2460 7652
850 5931
1058 4187
1845 4943
3220 6383
3055 8083
3550 6560
1832 4950
575 5697
3292 6306
1785 4742
784 5999
1585 4786
3254 6195
2227 7220
3976 6913
3777 6731
1588 4798
1020 6006
9 5253
154 5143
426 5415
2185 7175
2793 7782
1245 4173
1999 4957
1891 5110
2314 7580
686 5689
3885 7098
3205 6162
3746 6714
272 5512
720 5709
2178 7197
708 5723
43 5259
116 5332
1661 4829
133 5157
422 5383
258 5539
1458 4373
1648 4823
292 5516
504 5457
719 5733
259 5545
2531 7496
1339 4500
999 5974
354 5584
1359 4605
2980 7953
175 5145
1952 4887
1319 4511
2116 7419
2963 7980
3144 6391
3648 6784
38 5348
172 5231
426 5487
669 5720
1722 4733
3761 6774
940 5995
3388 6645
223 5141
3794 6681
75 5255
2715 7767
3552 6445
2019 4915
681 5757
131 5206
197 5138
1041 4296
112 5289
352 5561
1621 4748
2001 4875
581 5790
681 5749
3680 6845
3197 6307
3060 7978
1718 4713
1397 4522
1326 4558
737 5632
3102 6396
1040 4339
2205 7289
3294 6203
3859 7163
752 5661
47 5313
366 5505
2452 7524
1596 4812
2686 7822
3917 7103
107 5272
2025 4890
1386 4510
415 5483
673 5716
1328 4549
848 6055
1893 5022
2180 7288
1757 4641
1333 4552
2898 8108
2555 7428
1663 4736
1282 4605
3848 6665
3481 6301
1489 4310
934 5807
2480 7354
1131 4449
1782 5116
835 5704
2867 7743
3071 7923
2819 7693
2164 7547
717 6111
1725 5039
3028 7872
530 5894
4064 6903
3602 6922
3701 7021
477 5319
1165 4502
813 5686
1805 4625
2246 7642
64 5470
4054 6857
3505 6294
2074 7472
1286 4141
1557 4926
492 5312
3860 6712
3277 6625
1403 4182
1909 4677
1302 4134
2244 7669
732 6126
3234 6555
2682 8003
4074 6864
1764 5087
281 5154
3843 6718
1789 5053
710 6023
2473 7400
4051 6800
2635 7944
3257 6653
3880 6766
3887 6761
2304 7239
1292 4171
2897 7704
1488 4250
1614 4869
3405 6144
2205 7632
1754 5013
135 5591
3956 6693
1619 4871
3293 6539
3256 6639
1316 4220
2692 8152
858 5691
2271 7614
1138 4374
3426 6148
1295 4201
148 5619
1237 4530
377 5137
2824 7777
4062 6839
1788 5013
3017 7843
740 6024
6 5482
2611 8031
369 5150
3305 6553
1947 4841
354 5136
2752 8116
1980 4811
480 5273
3041 7834
1542 4989
400 5359
3620 7079
2694 7938
1072 4533
3056 7798
894 5880
3855 6792
2511 7240
3943 6895
2751 7989
2792 8035
1172 4377
3270 6475
479 5202
2269 7506
606 6094
567 6054
2330 7305
451 5200
4085 6753
868 5872
94 5578
3793 6982
1044 4483
1452 4148
1934 4631
3764 6958
3617 7099
3470 6164
2313 7317
1669 4889
3730 6924
1276 4450
1532 4194
2864 7826
1943 4661
1800 4780
2142 7675
230 5455
139 5410
3810 6984
3099 6583
3889 6813
1118 4592
2018 4684
3496 6170
1363 4320
1559 5026
1888 4822
3517 6154
1465 4110
1191 4383
309 5260
2739 7951
516 6073
2579 8110
496 5198
247 5448
911 5711
2169 7608
3413 6295
49 5618
4083 6711
2644 8082
671 5977
2815 7992
3698 7097
1116 4496
1319 4330
3495 6263
642 5970
3632 7137
1691 4937
850 5774
954 5732
622 6031
3372 6350
2590 8188
1371 4280
3916 6831
4088 6684
2030 4618
977 5685
1372 4281
3938 6789
2730 8006
2422 7322
2096 7644
1983 4690
3883 6874
1560 5098
3448 6284
153 5485
3721 7036
213 5411
3814 6928
4088 6670
3383 6337
3614 7145
1793 4856
3805 6948
1676 4979
1330 4301
2781 7970
3509 7092
2155 7791
3946 6510
1273 4863
1501 5077
2495 8119
4084 6654
2543 8165
1263 4833
601 5193
2002 4547
3587 6161
2429 8041
3072 6678
3705 6254
951 5551
3213 6804
2463 8070
3245 6833
846 5458
2655 7233
1954 4482
1421 5037
1752 4346
2416 8018
1876 4464
1476 5088
2810 7389
2198 7870
2977 7561
1857 4458
2721 7306
158 5811
1430 5030
1126 4695
3733 6311
3141 6775
1258 4825
3672 6251
380 5967
2072 7727
458 6130
2306 7994
288 5914
844 5488
3749 6296
706 5375
3262 6784
2321 7983
484 6107
3580 7100
1611 4106
428 6126
2755 7296
129 5829
3710 6202
1236 4753
3258 6908
3410 6932
1772 4267
459 6019
78 5638
693 5373
3576 7089
3533 7044
1307 4945
1061 4718
2586 7254
676 5353
2463 8143
3085 6748
95 5645
2659 7217
2718 7370
3790 6299
1527 5026
62 5737
3649 6169
2928 7466
2787 7358
2041 4519
21 5706
1946 4602
2549 8080
103 5633
1651 4123
1882 4403
699 5330
2259 7865
3207 6892
3870 6517
488 6040
3695 6174
2797 7321
2812 7304
2866 7495
1842 4427
2947 7673
30 5732
2051 7801
1324 4951
1906 4361
1837 4433
3619 6239
2221 7889
3497 7124
2469 8154
2701 7181
2423 8183
665 5149
1921 4357
466 5972
3001 7486
3477 6930
1766 4206
824 5552
653 5127
1356 5063
2540 8039
2106 7863
2858 7588
239 5728
531 5251
3851 6555
423 5942
2472 7996
4031 6443
1461 4897
2125 7896
1192 4670
3983 6424
2266 7746
870 5631
1698 4152
1369 5058
1468 4903
161 5693
1410 4892
3909 6619
1001 5495
3719 6183
2610 7315
3518 6938
1648 4310
463 5993
715 5228
2085 7821
8 5792
1477 4975
2790 7245
2408 8133
3957 6618
3699 6338
2984 7452
1673 4156
930 5396
483 5979
1224 4720
2133 7919
3500 6935
499 5966
511 5953
558 5264
924 5468
2696 7240
1009 5425
1847 4596
1868 4495
2888 7564
3139 6790
1572 4322
593 5271
3671 6288
703 5239
3609 6353
2410 8099
3853 6598
2373 8078
3491 7016
2601 7397
4060 6418
1874 4509
679 5224
1564 4302
2839 7620
327 6035
2389 8077
935 5503
3655 6302
3436 7093
26 5827
2913 7612
1341 5091
2196 7754
884 5546
3712 6239
3537 6960
491 5896
811 5583
2799 7176
1613 4263
2228 7775
457 5925
2108 7888
2059 7909
3677 6323
2264 7722
2733 7262
893 5518
998 5394
3009 7477
2341 8147
3596 6395
3792 6184
613 5276
1553 4333
1066 4822
2454 7831
2117 8004
2753 7621
1176 5021
2297 8190
3123 6969
2804 7678
3760 6586
244 6143
1719 4538
3890 6205
2978 7346
2915 7283
2718 7567
3515 6826
2916 7285
3425 6771
3875 6192
2349 7737
3185 7012
2334 7691
3925 6210
3100 6917
3553 6906
2581 7432
408 5766
2443 7828
2026 4341
1873 4209
1005 5327
1576 4364
899 5287
1093 4960
443 5790
648 5550
1030 4909
3191 7003
1816 4136
2602 7450
1190 5012
4073 6365
1045 4899
3581 6853
3583 6852
3420 6752
1166 5041
2923 7211
445 5884
2038 4279
1950 4317
1218 4993
3119 7019
72 5903
1515 4770
2251 8065
1554 4446
2878 7283
3570 6845
530 5442
3691 6458
2761 7576
2312 7770
2178 8144
150 6083
664 5582
3546 6796
3242 7164
2397 7691
1988 4252
138 6099
2008 4227
3159 6923
393 5844
1390 4659
1454 4851
1288 4694
1377 4671
414 5825
2180 8164
2985 7369
1981 4317
1555 4466
3072 7010
3389 6745
1010 5271
1373 4664
1273 5023
583 5423
927 5365
3724 6627
2160 7967
2892 7228
1350 4662
1436 4844
2438 7927
1307 4713
1496 4780
3325 7049
603 5411
1899 4115
2745 7619
1617 4397
59 5958
2364 7745
3010 7234
845 5325
1853 4285
1548 4492
164 5927
4058 6233
4044 6223
1166 4874
771 5254
91 6109
2527 7767
3514 6704
1352 4802
3248 6975
3935 6351
2126 8158
1634 4594
1357 4828
1345 4818
1000 5243
505 5740
3953 6375
2968 7182
3766 6432
4017 6182
771 5268
1704 4400
3463 6686
1569 4536
800 5306
1939 4105
317 5793
781 5264
1142 5097
955 5147
827 5274
2522 7801
1202 4887
1623 4592
3476 6707
903 5166
1875 4345
48 6043
2607 7556
2316 7842
880 5342
128 5940
1906 4295
2647 7649
2870 7297
2165 8141
2646 7662
439 5647
3875 6297
1612 4599
3918 6385
12 6092
74 6026
4048 6162
2218 8041
2225 8052
1677 4426
474 5661
1426 4699
388 5710
1407 4789
2899 7320
2152 8100
1524 4665
1600 4494
121 6070
3069 7213
2056 8152
438 5733
80 6020
1157 4944
2848 7414
1598 4585
1158 4956
696 5476
611 5566
1380 4794
1231 4880
427 5707
2582 7670
3393 6816
3666 6579
755 5392
917 5233
608 5509
737 5382
2040 4114
2364 7888
3399 6825
614 5513
136 5991
364 5763
3497 6726
173 5954
2664 7576
363 5784
827 5313
2824 7413
1019 5124
337 6481
83 6226
2885 4935
2954 5001
2429 4475
1992 8142
1668 7820
863 6998
881 7037
3322 5366
3078 5131
809 6951
3014 5079
3323 5353
474 6601
3724 5784
1056 7222
2734 4788
348 6470
173 6327
1660 7777
3105 5183
2694 4774
2039 8150
2079 4158
3321 5339
1021 7128
2552 4573
3424 5446
2545 4569
3551 5622
2653 4723
1565 7731
3749 5770
2988 5021
131 6322
760 6857
1378 7504
1993 8187
1932 8120
1771 7902
1926 8115
1609 7807
2061 4149
1249 7385
3813 5853
1018 7107
420 6559
1631 7780
39 6170
3592 5685
2989 5100
2970 5083
1491 7569
2955 5064
910 7114
493 6569
2377 4367
2621 4731
1062 7264
2883 4875
3138 5130
3676 5652
79 6151
3027 5017
388 6607
125 6192
2395 4363
611 6706
2006 8069
1327 7546
2060 4185
2906 4879
3417 5376
3376 5484
3129 5209
3932 5950
1382 7429
2552 4507
3970 6119
3857 6004
1174 7408
889 6943
1529 7582
2443 4588
2004 8124
1045 7295
1540 7791
3008 5035
353 6412
2103 4184
3869 5996
2241 4272
2360 4426
2711 4836
1934 8186
1104 7204
1736 7871
1355 7475
936 7121
2690 4859
1070 7255
160 6362
1364 7470
1779 7816
2876 4928
285 6496
39 6233
3579 5509
4092 6014
2496 4419
3995 5919
3106 5287
2983 4896
3521 5446
1318 7598
3678 5843
4030 5939
2045 8048
2577 4743
3360 5558
2965 4866
849 7110
810 7090
89 6336
3293 5188
2779 4674
1867 8146
2553 4451
38 6332
3227 5120
332 6608
3800 5703
2254 4177
1221 7269
2411 4554
218 6270
2270 4219
3766 5651
1956 7937
976 7032
932 6925
3330 5544
214 6268
2663 4813
2485 4382
3515 5399
641 6703
3164 5358
1047 7333
863 7148
273 6565
716 6777
2531 4436
3951 6102
391 6462
2071 4269
3223 5164
3606 5802
1322 7572
594 6803
447 6526
1711 7789
923 7005
219 6173
2113 4230
2570 4800
2882 5000
3159 5275
3117 5344
2733 4707
35 6380
1110 7303
2953 4956
405 6466
409 6478
2301 4138
2735 4727
2401 4537
831 7141
1592 7909
4087 5930
951 7018
3200 5216
3986 6000
2192 4212
3638 5843
942 6987
2234 4178
2676 4764
3236 5197
2640 4793
238 6151
3892 6110
466 6456
3306 5120
2378 4513
2912 5003
3548 5424
3235 5197
3694 5760
4072 5913
3302 5143
1426 7523
1097 7355
1575 7893
1914 8072
623 6811
3825 5637
2498 4407
404 6497
1694 7784
2039 7936
735 6696
390 6526
1660 7808
2995 4941
4036 5946
338 6230
41 6444
589 6984
317 6200
662 7056
3833 6143
1349 7234
1240 7647
592 6999
3360 5169
2316 4125
2964 4741
1887 7757
2969 4746
3870 5645
835 6743
539 6927
3413 5184
3414 5187
2100 4385
1077 7459
1308 7179
1142 7534
528 6921
2376 4179
3434 5238
2661 4987
3495 5305
1317 7227
1358 7276
270 6188
3784 6125
44 6410
3739 6076
768 6695
3377 5145
3511 5278
1503 7412
3820 6080
1751 8187
3856 5694
449 6383
3188 5467
1580 7964
2128 4449
3202 5552
3365 5142
110 6493
1663 8011
2081 4373
70 6525
595 7016
524 6967
2556 4289
2 6461
2895 4720
708 7163
1728 8064
4025 5887
919 6864
205 6532
3777 6027
1414 7370
3333 5194
1781 8100
2240 4498
1251 7600
2722 5111
3604 5954
547 7028
751 7094
2720 5115
836 6681
2053 4442
2764 5011
3179 5385
1876 7735
651 7151
2833 4725
2514 4276
2392 4158
171 6604
3308 5508
3714 6123
3170 5384
3429 5135
826 6736
1050 7537
3692 5888
3087 5475
1105 7487
908 6910
3995 5865
275 6247
1587 8005
49 6473
3500 5333
1611 7986
127 6405
3272 5555
2462 4322
1937 7918
1478 7353
218 6565
3799 5973
1245 7513
3952 5877
2090 4527
3124 5554
2746 4914
271 6278
617 7139
2157 4582
2167 4603
1591 8123
2774 4953
2706 4866
1797 7829
2585 5000
3884 5821
1451 7224
1208 7471
1074 7594
3016 4688
833 6873
2243 4442
688 6954
2533 4217
4035 5727
722 6991
742 6982
503 6231
1750 8055
3626 6027
371 6354
3872 5763
1492 7280
2709 4912
2092 4491
2539 4162
3146 5606
3163 5610
3704 6090
1318 7317
1626 8169
3578 5193
1708 7960
2961 4647
1388 7387
1092 7676
1136 7625
1234 7531
3624 6035
4093 5702
3591 6075
2325 4265
310 6283
2406 4313
2232 4473
2689 4928
2780 4893
3423 5277
2356 4343
470 6163
3121 5620
2629 4992
25 6623
1056 7654
3686 6048
2772 4892
3441 5304
3428 5289
1438 7251
3991 5721
1038 7616
1311 7376
3799 5895
2908 4750
2167 4517
251 6446
3709 6056
2489 4207
1253 7474
1212 7524
1571 8185
1315 7416
775 6875
2329 4295
44 6606
1498 7225
3954 5777
3002 4702
2812 4888
1337 7389
3430 5249
1059 7627
1367 7359
548 7116
3424 5256
3711 6038
2886 4781
1263 7427
2754 4908
688 6976
3536 5153
1160 7546
3650 6064
2199 4452
237 6425
3839 5898
2842 4844
2537 4126
2072 4576
1350 7352
3380 5322
651 7028
3340 5901
2695 4229
2584 4123
2267 4824
3445 6006
1046 7699
144 6805
2614 4144
780 6411
842 6477
168 6816
3301 5868
493 7137
2891 4423
2900 4441
3841 5391
1098 7771
2153 4733
2816 4375
1500 8132
1304 7938
3184 5739
1115 7750
3660 5203
1186 7869
2098 4627
2687 4190
3186 5713
2652 4223
3873 5381
2343 4865
883 6484
1615 7270
2236 4757
933 6540
952 6546
1151 7762
3126 5634
830 6411
190 6793
2168 4672
3044 4575
627 6216
3526 6136
2749 4226
3615 5152
3867 5412
15 6735
1561 7258
2865 4466
3297 5794
2699 4303
1451 8174
373 6973
988 6548
3196 5686
3425 5933
1338 8054
3769 5364
1913 7476
3053 4515
202 6808
1775 7354
1141 7715
2593 4216
656 6346
1540 7263
3541 6030
2208 4861
1343 8032
1189 7872
3962 5407
537 6271
1419 8163
1644 7173
1872 7483
2222 4805
970 6567
2017 7566
1793 7537
2795 4249
392 7164
1747 7334
1209 7884
1709 7384
142 6904
1465 8143
3434 5916
2673 4102
2572 4213
187 6848
3727 5364
4056 5540
828 6464
1261 7824
969 6583
1813 7530
203 6836
2997 4405
3033 4440
3222 5655
3897 5563
3510 5939
2394 5087
2669 4331
901 6412
2171 4850
3198 5874
1181 7697
817 6588
709 6219
1024 7822
3577 6007
3796 5188
2481 4896
1518 8056
1015 6509
272 7050
692 6190
2471 4923
1070 7856
1922 7453
2678 4311
3556 5957
120 6874
1878 7667
2054 4771
1380 8130
2608 4246
3797 5235
82 6900
950 6417
1585 7321
927 6452
2323 5055
2334 5041
981 6501
1084 7821
1879 7653
2611 4225
1206 7682
1703 7198
1313 8091
1736 7284
2015 7522
3802 5223
3975 5434
1840 7565
888 6597
2523 4965
435 7026
1907 7602
2807 4150
2023 7460
1447 8036
677 6243
2789 4143
1261 7719
1803 7617
1297 8154
2876 4599
3178 5798
3039 4371
3756 5217
4003 5485
3313 5695
2564 4298
3055 4384
1659 7337
2725 4215
561 6370
3396 6032
242 6698
2057 4817
1024 7897
1129 7856
1256 7730
2419 5032
1220 7705
2704 4175
1244 7741
2887 4518
1412 8038
203 6696
472 6972
3800 5181
4080 5398
1417 8047
1249 7689
3020 4391
3226 5751
3776 5173
241 6663
3002 4429
766 6153
3082 5885
2064 4841
2771 4137
678 6236
692 6223
746 6167
1034 7924
1346 8125
2311 5112
1300 7702
902 6276
1917 7294
2027 7400
2475 4783
3773 5562
3277 6085
3421 5718
3549 5846
3444 5753
652 6531
578 6480
1841 7203
2811 4591
2675 4455
1195 8124
2903 4174
3936 5242
2212 5048
964 6360
1336 7717
70 7014
2587 4411
2114 4962
2785 4544
2260 5105
624 6486
2907 4220
14 6950
3659 5473
1038 7973
2517 4857
744 6598
1222 8168
2837 4130
1509 7901
3415 5743
867 6235
557 6420
417 6811
40 6931
3891 5135
299 6679
1758 7651
3059 4302
987 6373
2298 5060
94 7009
541 6434
1936 7376
1539 7490
2118 4868
4070 5284
215 7061
1949 7390
2861 4197
1240 8082
1991 7308
2596 4463
2713 4564
2989 4323
3805 5523
3141 5899
4008 5350
2215 5096
502 6822
2421 4645
1836 7292
1111 7943
700 6625
2627 4381
1343 7776
1379 7683
1362 7730
3309 6024
1969 7380
2067 4990
979 6334
3181 5891
3774 5584
2413 4610
4037 5300
3726 5628
3400 5692
620 6425
2997 4291
2012 7339
3349 5741
1266 8075
1681 7659
3522 5817
3775 5569
3012 4282
1779 7564
137 7158
2185 4873
1007 6249
2445 4619
3394 5835
1122 8171
255 7023
1423 7709
1724 7471
461 6744
3594 5535
1100 8153
2303 4969
2047 7271
758 6510
2485 4653
1129 8177
674 6457
3051 4208
1197 7984
1976 7206
2936 4327
2747 4379
2024 7241
2605 4492
2810 4443
10 7081
2622 4507
2693 4387
48 7068
1547 7591
1235 8063
2999 4122
3645 5522
2583 4536
1507 7763
625 6595
393 6717
2790 4434
3109 6046
431 6672
3528 5641
1806 7375
801 6368
391 6726
4023 5236
2405 4769
3508 5744
3653 5504
1062 8161
3845 5314
1911 7359
2595 4587
2543 4646
1742 7428
2979 4200
2575 4548
1520 7739
1140 8127
2911 4242
2602 4583
1971 7293
201 6919
1987 7180
2569 4569
18 7106
4035 5139
574 6639
115 7074
2331 4808
3979 5214
867 6324
282 6850
3763 5483
3133 6116
567 6638
3731 5448
2155 5045
2804 4394
629 6548
4001 5189
2080 5061
3554 5639
987 6204
2894 4263
424 6723
264 6883
341 6821
2212 4949
2096 5057
3741 5486
1912 7310
994 6171
3376 5834
3904 5306
2508 4656
821 6345
2352 4812
1275 7943
3189 6026
3249 4272
2807 5878
3912 4939
4008 5035
1959 7072
2520 5599
2188 5252
3771 4787
679 7854
3556 4589
2275 5352
853 8025
2765 5824
3188 4196
3111 4148
475 7630
1675 6814
2009 7116
3888 4902
2363 5421
3915 4947
476 7620
1309 6404
1568 6713
605 7751
3197 4198
3905 4954
12 7184
1713 6829
3390 4387
2455 5557
739 7873
4007 4997
774 7973
1312 6404
2697 5805
1019 8157
2371 5476
2507 5612
3172 4163
2358 5406
2945 6059
1532 6615
3006 6034
3130 4116
4021 4999
3167 4204
2368 5492
1446 6545
1233 6377
1219 6394
2464 5530
293 7455
1128 6226
953 8066
462 7666
2340 5400
2119 5240
2220 5356
3142 4099
3877 4960
1965 7144
2478 5609
720 7833
913 8155
3155 4121
1539 6728
1886 6929
3844 4948
903 8149
3902 4973
2478 5626
2986 6142
2059 5212
3458 4565
1001 8126
3739 4803
2048 5208
1775 6835
2504 5526
285 7490
925 8189
1920 7138
3467 4584
396 7656
3110 4162
2295 5265
3964 4882
603 7732
193 7344
2048 5234
166 7379
721 7844
2883 5941
2565 5757
312 7488
77 7223
3911 4925
2326 5482
877 7952
3908 4922
3307 4245
1442 6620
2204 5347
3317 4213
3207 4102
2619 5816
1999 6987
1533 6523
2617 5822
4021 4914
2484 5437
624 7931
3003 5943
3114 4262
2161 5372
2750 5680
362 7653
1418 6426
4077 4988
3618 4784
340 7623
490 7551
260 7583
447 7458
480 7550
2127 5329
2256 5199
311 7592
3344 4528
1718 6677
3077 4258
1548 6820
2856 6018
3066 5969
1665 6701
3889 5020
1552 6847
1677 6718
2695 5684
3981 4922
2631 5886
3399 4606
1627 6880
1637 6878
1635 6879
2981 5912
1997 7027
2868 6132
974 7950
3037 5917
2795 5674
2216 5225
570 7928
3486 4445
3136 4228
2584 5852
2854 6115
1687 6737
2136 5279
3557 4396
1063 6382
224 7210
16 7386
3679 4754
3225 4169
767 7726
731 7690
2712 5707
1996 6937
198 7184
1508 6461
1878 7051
1551 6865
1431 6518
1650 6801
1827 7111
2434 5479
2469 5443
1448 6479
2609 5851
66 7337
1933 7009
3767 4696
3476 4452
1155 6258
3638 4804
1234 6177
3738 4719
3689 4767
1966 7001
1748 6700
3422 4516
3760 4682
528 7915
2176 5243
2067 5358
2248 5175
3462 4231
2689 6016
1060 6437
1036 6414
2902 5716
1958 6820
101 7521
1422 6283
999 7905
3273 4559
3101 4378
562 7995
2977 5803
3860 4639
2904 5715
71 7500
489 7394
3559 4332
3582 4341
3077 4361
4057 4820
2502 5335
2035 6882
2756 6102
2257 5570
1654 7013
3038 5834
4081 4836
1880 6734
183 7585
2671 6009
1251 6644
3193 4462
3806 5065
1655 7008
57 7470
3921 4678
36 7484
572 7972
1670 7069
1049 6405
3616 4926
3620 4923
3124 4372
2194 5554
3810 5056
3484 4287
3432 4172
628 8017
3993 4799
726 8176
4054 4848
4041 4846
1835 6668
2109 5402
3929 4721
3893 4636
3352 4146
3380 4126
102 7501
3089 4413
3818 5063
637 8016
3642 4885
194 7661
137 7590
259 7219
1144 6473
3249 4480
2813 6095
3468 4287
1671 7091
3610 4908
691 8069
1089 6521
3063 5837
159 7589
839 7804
2518 5354
3869 4640
1098 6519
3617 4894
1680 7120
1034 6472
2302 5565
174 7656
1353 6159
3088 4438
2924 5675
1924 6860
3428 4140
1968 6905
1358 6148
3846 4684
1441 6379
1078 6522
1834 6759
1646 6971
1089 6420
1146 6444
3593 4959
1733 7059
1212 6629
1566 6980
2535 5309
2079 5444
225 7615
1667 7133
1247 6591
1678 7151
1794 6752
958 7899
2349 5195
2852 5699
1484 6315
87 7485
3134 4436
1277 6544
394 7396
456 7335
2825 5753
3999 4846
4016 4802
995 7824
573 8011
1604 6973
725 8111
3768 5059
2558 5251
732 8098
2964 5866
1863 6855
2253 5452
2031 6763
343 7378
376 7421
1438 6166
719 8002
817 7870
3694 5089
699 7978
738 8051
3121 4515
1055 6540
2892 5848
286 7302
3787 4945
273 7307
1537 7071
3631 5040
3147 4587
797 7869
2643 6128
344 7420
3130 4510
2600 6031
1830 6798
2044 6740
3707 5074
769 7851
1968 6682
2631 6121
533 8101
184 7433
33 7571
383 7373
3345 4261
2556 5192
3654 5107
43 7581
1519 6232
3204 4412
2835 5802
1015 7756
3984 4651
55 7563
1685 6953
1140 6601
1550 7088
647 7993
4040 4616
1442 6242
3372 4335
1833 6893
2402 5286
522 8130
1551 7108
2938 5814
3676 5008
1506 6194
2871 5863
885 7845
3183 4540
1785 6956
3125 4579
3502 4217
267 7388
516 8156
1460 6251
3304 4407
3610 5114
1131 6543
3947 4748
772 7916
2052 5612
3534 4135
1138 6558
2677 6041
1325 6337
3261 4432
1411 6259
1338 6344
3042 5649
4012 4703
2097 5573
2238 5451
3535 4154
2338 5335
2665 6047
2826 5885
342 7343
2873 5827
191 7493
947 7752
1459 6216
2875 5831
2088 5588
2200 5477
2337 5343
2563 6141
268 7948
4059 4570
141 7823
1645 6249
3036 5592
2405 5986
3282 4826
1285 6926
724 7385
1431 7065
3517 5042
3074 4626
2328 5897
1823 6413
2132 5702
1102 6746
2373 5971
2157 5755
1608 6225
3951 4469
922 7552
1774 6389
2107 5664
4059 4550
1625 6215
655 7313
2027 6603
2446 6063
854 7543
1081 6680
3224 4795
3879 4355
1808 6454
1919 6488
3640 4127
372 8028
3268 4845
1694 6324
2776 5365
1734 6379
177 7839
2268 5868
206 7934
2272 5840
612 7255
2359 5891
2540 6104
585 7292
1806 6453
3412 4968
1943 6569
2865 5390
3973 4549
1747 6290
3633 4210
2398 5914
1279 6837
1811 6489
1511 7085
41 7781
3420 4880
1732 6280
346 7958
314 8042
3114 4730
1889 6449
3585 4177
1528 7082
1367 6916
3158 4611
1408 7125
525 7256
866 7477
3313 4777
3949 4406
2917 5433
432 8173
105 7734
1839 6512
2644 5173
2117 5664
1238 6846
3283 4795
3998 4598
3215 4838
518 7279
1439 7156
2466 6089
1184 6863
2465 6101
1387 6942
2520 6048
1436 7141
2143 5669
3707 4097
1593 6211
4052 4526
3030 5547
444 8129
1018 7545
1262 6762
2808 5245
2376 6093
3098 4767
3961 4607
1966 6441
2439 5901
177 7739
612 7407
3606 4250
3633 4285
2950 5387
3879 4521
2043 6506
1815 6532
1429 6915
2118 5854
3974 4381
2731 5168
160 7740
1396 7146
615 7365
2075 5823
3779 4199
2391 6130
385 7975
3785 4193
639 7383
3347 5050
2286 5700
793 7595
2418 6081
1927 6451
3405 5113
1079 6786
832 7669
2395 6124
2385 6122
271 8114
3977 4404
3295 4704
1810 6610
576 7299
1883 6559
3398 4994
2841 5596
3631 4330
700 7290
3850 4546
1713 6267
683 7264
2758 5131
748 7201
3612 4307
453 7946
1412 6996
3708 4268
1393 7072
1405 7084
3801 4108
1813 6592
4050 4359
2601 5374
2440 5983
318 8164
976 7435
3335 5084
1520 6956
3379 5102
3291 4613
1067 6859
2863 5583
1121 6787
416 8002
1535 6941
482 7936
992 7430
3348 5107
1885 6581
1958 6476
1268 6687
2173 5782
1177 6772
594 7357
959 7504
2133 5797
2937 5515
1223 6708
1825 6613
3630 4315
1809 6628
1861 6578
892 7556
1550 6388
811 7633
3650 4280
2351 6100
335 8116
2933 5513
1108 6824
3265 4669
3027 5422
2604 5330
590 7503
895 7293
256 7688
3667 4441
339 7769
235 8160
2690 5518
1148 7020
2247 6103
2120 5976
189 8110
1143 7011
3574 4835
3815 4593
2774 5568
1158 7057
3775 4518
456 7890
2414 5748
1603 6489
3527 4826
3640 4389
1907 6252
2604 5388
1923 6306
1344 6755
3119 4873
641 7592
2904 5236
1002 7367
2262 6137
2372 5749
1646 6495
2285 6108
2742 5506
1094 7025
2487 5760
948 7308
2138 5986
2182 6079
2272 6106
2714 5537
406 7850
1519 6829
675 7648
1973 6390
228 8103
3214 5067
2456 5854
661 7634
2353 5750
2557 5813
3675 4370
3605 4444
1525 6844
2296 6065
763 7601
311 7805
2764 5510
1697 6634
2235 6133
750 7584
2889 5126
1582 6497
452 7828
1727 6636
3954 4129
2939 5160
1537 6482
2990 5370
1006 7355
1408 6871
394 7891
3765 4588
193 8093
301 7795
1510 6841
1960 6345
3081 4972
2234 6098
113 7960
1627 6450
156 8181
2287 6022
2566 5484
2422 5660
3636 4447
244 8089
1562 6519
733 7603
277 7781
3342 4735
245 8068
3041 5267
3589 4465
1689 6637
3128 4941
2111 5961
1530 6797
313 7758
1522 6794
2573 5493
366 7703
2300 6023
2793 5522
814 7253
3786 4534
107 7959
3241 5077
2436 5880
4095 4226
2191 6129
437 7882
240 8049
2374 5828
2542 5741
2476 5673
837 7360
2206 5915
2006 6227
1044 7058
3840 4232
890 7411
3316 4991
1917 6385
3961 4340
1630 6611
1632 6638
2511 5697
1586 6589
1896 6393
1191 6965
2273 6002
856 7371
2421 5862
2328 5772
949 7201
1767 6514
1114 7119
2619 5549
357 7933
3192 5090
1807 6291
1421 6672
615 7674
3216 4913
2438 5668
698 7454
2784 5445
1332 6801
3561 4687
1405 6871
900 7215
1849 6293
1644 6593
2078 6064
247 8025
1533 6733
283 7848
2955 5176
506 7758
117 8141
2425 5825
2044 6213
843 7410
2410 5847
2035 6222
794 7332
3320 4924
2137 6044
3937 4265
3246 4966
3233 4970
365 7841
3267 4879
303 7906
401 7772
3622 4584
3998 4176
2976 5231
1492 6660
1046 7111
1826 6390
973 7192
1616 6535
724 7437
957 7268
2767 5397
178 8040
1360 6795
2873 5346
2224 5997
1250 6972
18 8178
1599 6622
162 8000
1192 6986
1818 6398
2740 5456
3700 4499
2014 6196
3044 5134
3919 4257
275 7933
3031 5176
2303 5904
2357 5850
798 7406
138 8058
2459 5737
2262 5922
535 7651
3838 4363
1025 7159
2330 5869
2523 5676
3958 4225
2319 5879
2930 5258
1437 6756
3248 4940
1473 6719
1155 9344
347 8536
842 9038
587 8782
1137 9332
262 8461
531 8734
199 8392
1078 9254
775 8980
402 8582
404 8577
1612 9819
804 9022
789 8974
1738 9942
1182 9346
1763 9982
1484 9708
341 8567
83 8305
1159 9377
1134 9286
871 9036
386 8626
1017 9160
823 8964
1737 9983
674 8856
1487 9716
162 8350
618 8790
796 8993
1403 9530
591 8710
1071 9318
358 8491
600 8725
1543 9801
460 8604
1203 9444
586 8723
1162 9427
483 8633
526 8809
957 9174
1535 9616
1193 9414
810 9050
833 9011
494 8604
58 8270
127 8203
1323 9566
1150 9220
1243 9383
1505 9630
1332 9653
165 8231
580 8899
670 8717
1340 9641
1772 9842
115 8403
338 8688
1178 9278
1289 9644
761 8785
1504 9547
610 8905
543 8874
1294 9659
231 8282
926 8992
1530 9531
1374 9628
1567 9949
255 8253
152 8283
1643 9902
1647 9897
80 8350
276 8646
1692 9800
1007 9018
748 8763
1411 9561
375 8620
576 8859
501 8494
204 8211
1655 9878
1418 9576
411 8562
356 8584
916 9057
1173 9320
829 8764
1198 9644
1119 9565
1881 9823
762 9202
24 8466
1881 9810
637 9072
97 8556
227 8690
1231 9692
672 9141
1468 9386
1330 9234
469 8436
207 8686
565 8983
15 8490
1471 9368
1498 9456
1838 9728
1109 9573
211 8677
1937 9894
1942 9902
1511 9439
1205 9612
1851 9729
1954 9880
983 8937
554 9070
467 8341
488 8354
1454 9443
1139 9534
646 9161
1334 9319
465 8322
2042 9900
1371 9222
878 8718
1895 9742
1103 9530
395 8445
1389 9242
296 8272
1391 9232
1945 9958
345 8230
1154 9474
2004 9813
1268 9597
252 8567
2029 9825
234 8551
50 8611
604 9160
91 8654
1059 9661
715 9066
1854 9882
169 8449
1270 9567
123 8649
1812 9888
403 8229
905 8766
1493 9327
571 9092
566 9206
912 8787
1029 9676
428 8293
387 8265
596 9113
1882 9867
1457 9316
25 8640
852 8846
1866 9876
1272 9498
1266 9494
960 8740
1908 9874
520 9188
1760 9996
1389 9344
179 8542
1317 9416
617 9107
96 8602
2030 9709
1161 9870
1013 8690
1903 9573
689 8378
151 8839
1730 9425
22 8706
716 8408
978 8647
108 8821
806 8508
2043 9696
1770 9457
290 9023
1546 9239
1262 9969
787 8502
1905 9563
1177 9899
37 8729
1955 9697
1223 9859
374 9010
553 8302
1106 9755
546 8297
1357 9987
983 8600
452 9099
538 8264
1610 9246
1563 9294
1867 9495
1821 9536
1761 9407
19 8819
663 8436
1967 9674
1636 9231
1704 9411
418 9166
333 8993
769 8561
642 8432
1087 9803
1693 9450
100 8730
2000 9552
1674 9227
523 8330
1275 9841
1558 9370
1863 9674
261 9105
662 8195
126 8933
1141 9942
1914 9695
5 8867
1589 9372
1766 9290
1904 9693
962 8566
1831 9618
362 9180
1247 9829
65 8833
471 8982
225 8738
1905 9650
684 8292
514 8398
812 8675
639 8367
1645 9401
1759 9226
2038 9504
790 8650
1180 9793
759 8215
619 8330
550 8388
1152 9830
1029 9965
887 8605
1915 9610
555 8410
786 8672
143 8822
1734 9277
1002 8468
473 8999
319 9152
2009 9510
502 8948
206 9164
678 8612
1009 8435
1385 9834
1808 9241
2003 9438
541 8467
29 8975
81 9027
1846 9253
944 8357
1742 9686
1584 9514
360 8819
1320 9780
1313 9789
195 9186
1964 9358
88 9084
1453 9866
579 8555
1723 9617
2020 9419
1831 9224
1544 9528
1308 9771
985 8417
996 8414
1393 9804
570 8453
1753 9627
145 9170
382 8765
704 8585
420 8942
1989 9359
367 8765
1595 9570
334 8724
1803 9303
202 9130
580 8482
78 9001
1395 9755
864 8201
1602 9515
491 8832
192 9133
1505 9871
921 8424
326 8755
54 9039
1324 9808
323 8764
46 9131
1691 9500
1741 9537
825 8374
721 8513
1815 9349
1622 9666
489 8831
1998 9304
1409 9763
727 8565
487 8768
564 8605
697 8457
1400 9930
322 8948
1444 9747
104 9183
305 8838
1791 9542
96 9177
276 8878
328 8951
872 8360
635 8626
547 8681
382 8880
1003 8255
210 8966
1678 9563
520 8670
330 8851
72 9106
1864 9363
1673 9557
1746 9521
146 9078
396 8810
1820 9467
658 8565
898 8298
1819 9457
1896 9347
1402 9876
1441 9809
2033 9216
1997 9279
300 8926
11 9208
1712 9541
1331 9931
347 8866
301 8918
831 8386
1512 9750
1774 8943
1729 8901
1702 8867
682 9889
165 9399
1782 8928
1915 9058
1265 8403
672 9863
1608 8802
546 9737
754 9923
1432 8621
1965 9114
1434 8614
52 9334
68 9223
1283 8516
1670 8907
1545 8793
500 9637
1591 8803
542 9803
1470 8678
1259 8371
1164 8405
687 9934
1321 8522
614 9729
545 9802
1082 8277
86 9255
1641 8730
1132 8223
1236 8355
1961 9169
717 9911
1037 8333
435 9522
1948 8986
2021 9064
630 9976
1445 8490
270 9629
361 9717
186 9240
403 9520
1334 8593
1556 8895
663 9786
1424 8511
360 9691
1595 8846
1590 8950
1133 8361
324 9602
1378 8613
1252 8236
1675 8771
192 9228
1227 8219
1200 8290
277 9670
635 9896
238 9271
747 9777
1804 9175
299 9718
765 9757
1229 8232
140 9315
1908 9115
1964 9053
1452 8367
1845 8753
803 9765
1306 8211
517 9999
1099 8539
69 9559
1314 8250
1732 9182
795 9735
120 9572
1586 9005
844 9811
410 9403
280 9275
250 9681
63 9491
1400 8276
163 9617
1737 9210
1160 8637
1464 8320
1420 8373
918 9901
2032 8910
1335 8200
322 9218
99 9505
167 9709
71 9480
606 9994
446 9448
879 9782
308 9325
1994 8873
315 9299
308 9285
1445 8401
1516 8345
252 9611
1682 9195
1920 8954
956 9922
139 9716
1381 8421
302 9391
66 9664
116 9724
1430 8223
145 9500
55 9657
1957 8747
1702 9012
1634 9201
124 9702
1376 8446
1076 8596
63 9627
239 9543
783 9894
860 9974
1804 8871
1109 8702
134 9517
783 9919
479 9323
23 9633
2041 8782
263 9392
1870 8947
1740 8965
1417 8259
845 9856
1841 8931
1073 8675
989 9734
1740 8976
415 9283
344 9350
891 9881
324 9382
440 9307
1027 8672
146 9591
930 9796
1175 8550
1679 9085
1668 9079
1916 8841
196 9523
1716 9027
1682 9061
1068 8661
986 9760
1213 8512
1754 8999
1717 9034
1903 8557
209 9938
1216 8902
6 9743
1489 9176
1337 9002
1256 8956
1568 8251
99 9855
770 9502
283 9988
32 9735
667 9398
77 9827
1415 9140
991 9707
1124 8786
1370 9069
151 9898
1714 8335
1780 8372
1649 8249
1995 8578
1172 8927
1739 8346
802 9589
907 9682
963 9625
1366 8972
1931 8656
1345 8986
1817 8514
1502 9144
914 9720
985 9651
808 9540
1340 9043
1016 9609
1132 8733
1060 8784
1853 8521
1124 8722
1753 8352
1328 9033
966 9659
515 9340
1950 8479
807 9634
384 9995
1499 9047
727 9305
782 9601
1821 8589
1188 8757
2003 8512
1204 8739
625 9449
881 9706
1618 8393
1325 9142
1948 8449
119 9960
1112 8953
666 9272
1232 8820
1984 8553
2011 8561
1469 8977
1651 8415
1714 8194
982 9577
1599 8444
1759 8218
1187 8811
1326 9189
563 9447
565 9440
965 9490
155 9795
1506 9016
1884 8583
1868 8594
1814 8692
1977 8540
891 9630
1765 8194
805 9677
552 9409
1289 9184
1495 9021
536 9450
1501 9006
1935 8570
98 9877
1613 8373
86 9903
738 9240
1377 9116
1387 8811
265 9737
1255 9190
1890 8294
922 9374
836 9282
1225 9166
1640 8545
1507 8942
564 9529
1207 9145
1508 8939
780 9219
805 9258
397 9858
548 9515
1057 9009
826 9256
1616 8518
527 9493
977 9418
728 9668
628 9578
1900 8307
1620 8566
1811 8246
1145 9055
257 9768
441 9875
506 9936
451 9966
1033 9020
1088 9081
469 9966
1824 8220
525 9521
1413 8890
1790 8638
746 9643
1783 8629
1225 9103
1626 8476
1541 8514
862 9238
782 9311
1487 8861
1354 8735
837 9235
1180 9157
1911 8237
1092 8991
1464 8932
586 9518
640 9701
950 9424
905 9454
937 9422
1807 8296
1270 9117
918 9466
631 9498
1390 8707
1783 8601
1081 9047
666 9696
718 9651
1185 9182
655 9486
1657 8696
450 9797
1165 8965
419 9775
1396 8952
1447 8746
568 9655
1700 8500
287 9869
1466 8748
659 9477
607 9672
968 9296
739 9594
1082 9120
1630 8644
1743 8528
1988 8292
961 9314
626 9685
544 9607
1122 9171
1940 8229
1154 9015
1301 8877
707 9595
1985 8316
1865 8438
821 9461
882 9396
440 9840
1404 8886
1491 8733
1383 8885
654 9565
668 9547
1901 8378
1497 8705
1481 8720
1327 8947
1480 8724
1600 8608
1000 9229
1437 8827
1214 9049
1837 8394
331 9889
760 9492
1635 8590
1118 9136
461 9762
1356 8893
885 9357
897 9339
1521 8714
2855 8997
3071 9213
3552 9710
3543 9669
3519 9642
2590 8711
2727 8893
2799 8944
2667 8778
3318 9431
2350 8459
3572 9683
2559 8663
3758 9861
3018 9191
3363 9484
3826 9922
3326 9423
3361 9491
3627 9745
2532 8667
2843 9050
2567 8774
3045 9123
2598 8800
3716 9932
3609 9811
3427 9512
3709 9776
3668 9754
2867 9059
3780 9879
2595 8826
3455 9509
3637 9838
3190 9256
3254 9429
3585 9836
3540 9638
2474 8665
3963 9999
2686 8710
3034 9123
2290 8329
2307 8574
2322 8593
3170 9441
2835 9111
3137 9413
2885 9154
2911 9173
2931 9215
2903 9177
3040 9076
2673 8932
2559 8550
2800 8784
3565 9549
2444 8484
3358 9655
2515 8575
3691 9947
2896 9185
2106 8326
2258 8301
3745 9824
2553 8506
2941 9147
2534 8495
2385 8576
3426 9652
2770 8708
2589 8900
3657 9872
3094 9421
2315 8661
2357 8683
3600 9975
2383 8610
2760 8742
2974 9072
3390 9680
2971 9068
2451 8554
2217 8278
3061 8951
2974 8860
2769 9170
3989 9873
4020 9918
2536 8419
3019 8921
2971 8841
3558 9459
2102 8492
2168 8546
2952 8852
2940 8798
3137 9578
2480 8347
3273 9698
2703 9121
2872 8712
3275 9722
4043 9976
3567 9429
2335 8224
3289 9624
3064 8890
3187 9525
2780 9115
2551 8382
3548 9357
3944 9786
2730 9202
2596 9086
3381 9326
3095 9545
2228 8663
2195 8694
3373 9284
2575 9058
2860 8799
2586 9057
3222 9705
2967 8725
2090 8623
3580 9333
2358 8381
2648 9173
4012 9788
3938 9970
3005 8749
3282 9537
3956 9959
2880 8917
3250 9508
3874 9908
2314 8348
4022 9774
2700 8982
4075 9847
3904 9954
2716 9017
2613 9095
2972 8750
4045 9849
2398 8424
3455 9417
3905 9974
2560 9143
2392 8345
3329 9415
2709 9052
4028 9837
3175 9652
2493 8295
2985 8818
2715 9083
3165 9657
2524 8250
3081 9697
4034 9777
2214 8530
2213 8541
2430 8327
2786 8417
2760 8397
3812 9442
2260 8924
2987 8614
2927 8544
4018 9635
2456 9148
3179 9807
2355 8981
2847 8503
2112 8809
3101 9782
3010 8687
2643 8291
2074 8751
2083 8728
2948 8634
3281 9967
3058 8630
2762 8334
2957 8640
2202 8919
2546 9149
3753 9464
3960 9516
3415 9997
2657 8252
3219 9975
2874 8540
3092 9852
2181 8943
2656 8203
3156 9787
3795 9378
3595 9337
2408 8988
2255 8887
3239 9948
4069 9569
3280 9816
3162 9936
3883 9632
2944 8469
2355 9135
3923 9678
3819 9332
3098 9861
2983 8455
2784 8262
2698 8225
3586 9394
3284 9831
2845 8616
3673 9452
2499 9087
3243 9750
2369 9212
3299 9763
3530 9995
2624 8323
3244 9832
2307 9157
3946 9645
2084 8937
2489 9076
2546 8996
3878 9712
2748 8293
2588 8389
3036 8507
4052 9533
3874 9673
2832 8701
3714 9324
3049 8454
3997 9580
2302 8708
2809 8697
4004 9381
3847 9220
3845 9217
2366 8756
2154 9062
2935 8290
2763 8669
3717 9618
4029 9380
3034 8387
3474 9865
2122 9041
3674 9542
3843 9245
2647 8520
3332 9764
3616 9472
3008 8419
2936 8284
2156 9032
2237 9105
2934 8260
4018 9345
2138 9071
2095 8980
2491 8955
3762 9714
3444 9776
3465 9934
2269 9110
3677 9489
3781 9621
3979 9432
2261 9088
2298 9132
3713 9688
2670 8460
3047 8325
3969 9442
2902 8242
2284 9097
2851 8266
3387 9815
4077 9374
2685 8452
2598 8543
2614 8523
3658 9527
3453 9730
2158 9195
3882 9389
2757 8520
3855 9373
3217 9986
2664 8689
3049 8306
3448 9955
3023 8302
2382 8941
3362 9857
2273 9030
2966 8253
2333 8883
3644 9614
2449 8741
3997 9259
2184 9023
4072 9298
2252 9073
2372 8836
3353 9944
4063 9245
2597 8678
3717 9538
2301 9012
3682 9646
2412 8864
2716 8525
3994 9294
2535 8754
2482 8804
3964 9386
2717 8522
2483 8804
3352 9935
2890 8337
3438 9906
2956 8274
2748 8547
2104 9179
3016 8238
2857 8399
3996 9339
4029 9300
2960 8313
4046 9253
2721 8524
3506 9820
3447 9856
4049 9261
2279 9444
3492 8621
2091 9248
2638 9795
3564 8700
3970 9111
2348 9529
3371 8499
2076 9223
2339 9532
2198 9395
3131 8210
3924 9086
3323 8400
3900 8977
2251 9445
3769 8844
2801 9927
3110 8222
2163 9295
3916 8972
3269 8324
2519 9619
3142 8195
3216 8406
2077 9300
3073 8269
2457 9684
4053 9112
3085 8256
3374 8572
2735 9977
2797 9909
2769 9864
3331 8538
2714 9920
2468 9726
2108 9312
2726 9979
2126 9262
2304 9568
2571 9835
2424 9499
2226 9425
3383 8530
3660 8736
2245 9393
3218 8423
2057 9328
2805 9868
3856 9066
3507 8648
3594 8823
2788 9829
3245 8239
3467 8456
2238 9263
2051 9361
3505 8484
3978 8978
3698 8939
2783 9798
3862 9096
2765 9810
3443 8662
3913 9198
3948 9156
2547 9560
3079 8364
3653 8938
3687 8904
3395 8684
3447 8645
3288 8299
3112 8342
3127 8328
4055 9064
2630 9862
3377 8689
2486 9586
2515 9493
3871 9175
3827 8761
2791 9772
3379 8674
2305 9683
3718 8786
3743 8777
2416 9639
3576 8482
2347 9719
3734 8779
3378 8656
2682 9884
3911 9135
2669 9860
3513 8531
3349 8703
2365 9687
2704 9852
3596 8928
2494 9555
3298 8207
3925 9146
2140 9391
4022 9026
3654 8892
2093 9430
4067 8930
2851 9761
3423 8284
2363 9272
2309 9218
3067 9952
3503 8332
3436 8264
3700 9042
3941 8770
3208 8613
3136 8558
3807 9200
3355 8237
2367 9219
2944 9916
3936 8799
3014 9862
3881 8808
3168 8481
3442 8240
3355 8280
2268 9624
2853 9825
2890 9740
3371 8294
2055 9558
3258 8680
3062 9893
2348 9338
2148 9523
3684 9011
2428 9255
2114 9502
2501 9380
3237 8644
3209 8683
3561 8333
2280 9613
3529 8358
2204 9715
3971 8945
3200 8691
2129 9510
3511 8398
3602 9067
2284 9623
3154 8492
2283 9579
3584 9090
3542 8277
2066 9631
4039 8795
2905 9924
3990 8712
2558 9310
2820 9892
2913 9920
3542 8318
3603 9146
2922 9921
3046 9802
3930 8949
2901 9957
3019 9850
3647 9100
3683 9172
3696 9162
3046 9762
3853 8904
3418 8351
3697 9144
3741 9040
3093 8666
2172 9647
3737 9036
2875 9965
2528 9273
3429 8383
2823 9946
4082 8748
3482 8314
3299 8448
2433 9316
3479 8317
3116 8646
3018 9760
3070 9744
3715 9075
2193 9568
3348 8430
2431 9346
4028 8637
3605 8215
3703 8308
3716 8321
3615 8218
2159 9831
2135 9821
2727 9385
4081 8703
3028 9691
2252 9923
3256 8874
2197 9870
2796 9421
2150 9799
3439 9035
3607 8241
3788 8423
2755 9453
3512 9088
4064 8671
3063 9672
2849 9569
2381 9994
2821 9545
3972 8649
2939 9526
3204 8906
3285 8837
3226 8907
2781 9359
2386 9984
3656 8209
3314 8872
2263 9869
3231 8957
3263 8925
3300 8835
3296 8840
3963 8465
3228 8945
2850 9551
4034 8625
3030 9633
2688 9463
3950 8471
3094 8812
2568 9353
2946 9472
3144 8910
2767 9287
3235 8745
3522 9039
3364 9141
3080 8858
4044 8543
3288 8783
3817 8305
2050 9886
3174 8896
3765 8221
3112 8834
3592 8354
2745 9234
3755 8199
3839 8274
3935 8685
2919 9685
3359 9129
3109 8862
2817 9667
3367 9186
2874 9724
3974 8526
2687 9399
3252 8824
4056 8456
2615 9447
2583 9414
3317 8743
2513 9989
3632 8421
2105 9957
4040 8488
3227 8826
2065 9971
3459 9056
2229 9814
4068 8448
2281 9741
3481 9084
3560 8974
3367 9167
3433 9091
3402 9125
2221 9818
2871 9679
3240 8789
3803 8228
2749 9661
2940 9337
2961 9366
3052 9451
2948 9352
2679 9594
3013 9431
2541 9983
2853 9270
3333 8720
2976 9402
3006 9377
2702 9647
2656 9544
2958 9382
2665 9536
2724 9613
3952 8281
3948 8261
3732 8639
3351 8763
2425 9804
3842 8247
2819 9280
3901 8318
3627 8544
2411 9767
3185 9021
3460 8905
3583 8882
3473 8896
3818 8632
3391 8812
3408 8707
2963 9419
3168 9017
3174 9020
2717 9665
2548 9898
2567 9561
3667 8496
3057 9364
3678 8498
3271 9131
3464 8954
3432 8731
3764 8642
3516 8902
3479 8938
3902 8259
4089 8324
3722 8692
3228 9187
3996 8222
2708 9488
2653 9688
2455 9745
2951 9229
3052 9312
3736 8463
3751 8509
3599 8595
3949 8433
3246 9010
3403 8916
2628 9703
3011 9319
2428 9944
3986 8247
2877 9370
3045 9292
3452 8918
3461 8744
3809 8527
3803 8555
3145 9211
3451 8909
3639 8576
3752 8464
2308 9924
3492 8806
2467 9838
2599 9705
2340 9963
2777 9481
3603 8641
2444 9816
2806 9504
4061 8197
2877 9441
3834 8487
3151 9104
3456 8801
3852 8429
3872 8385
3748 8515
3899 8412
3914 8365
4033 8233
3050 9244
3750 8528
3075 9204
3321 8961
3073 9209
3091 9193
2841 9443
2550 9738
4744 8843
5383 9475
4481 8587
5126 9227
4145 8255
5768 9885
5499 9582
4728 8815
4354 8469
4166 8287
5308 9381
4362 8470
4791 8875
5627 9701
5415 9478
4539 8601
4344 8411
5139 9271
4735 8794
4745 8865
4140 8196
4489 8609
4415 8470
4610 8744
5399 9532
5200 9342
4548 8693
5871 9949
4179 8289
5680 9734
5670 9759
4410 8571
5155 9314
4911 9062
4238 8389
4424 8452
5270 9433
5649 9792
5352 9393
4307 8332
5161 9289
4251 8447
4722 8726
4534 8668
5303 9432
4829 8882
5736 9756
5590 9646
5621 9610
4621 8847
5715 9940
5261 9226
4787 8767
5305 9257
4326 8309
5556 9507
5395 9604
5241 9440
5850 9796
4979 9196
5401 9658
4450 8641
4810 8814
5539 9479
4499 8501
5359 9288
5409 9608
5166 9349
4184 8437
5417 9606
5780 9773
4289 8312
4751 8757
5863 9820
4849 8752
5449 9611
4690 8859
4655 8934
4420 8591
4781 8801
5426 9706
4143 8434
4820 8715
4464 8598
4293 8226
4300 8230
5426 9689
4640 8913
5881 9731
5239 9356
4309 8660
5570 9409
5579 9411
4806 9162
5326 9694
4168 8536
5015 8838
4388 8246
5064 8927
4523 8380
4311 8655
5992 9842
4312 8643
4400 8236
5183 9506
4351 8673
4271 8589
4938 8814
5295 9608
4308 8697
5343 9714
4693 9083
6001 9822
5489 9281
5285 9623
5341 9710
5567 9355
5067 8957
5958 9854
4293 8700
6114 9945
4237 8630
4898 8729
4932 8711
5232 9524
5613 9384
4316 8602
5467 9235
4581 8365
5104 8889
5321 9603
4758 9180
4195 8495
4995 8915
5977 9742
5234 9494
5206 9520
4531 8411
4372 8319
4119 8569
5600 9362
6080 9910
5598 9379
5607 9368
5905 9875
4634 9113
5984 9956
4519 8235
4528 8254
4172 8643
4506 8201
5154 9656
5397 9358
4180 8648
4854 9065
6104 9848
4186 8691
4617 9126
4396 8348
4430 8444
6011 9933
4580 8275
5536 9246
4706 9181
4966 8870
4998 8770
6002 9911
4478 8376
4855 9008
4096 8653
4537 8308
5320 9479
5002 8795
5499 9376
4760 9028
5258 9559
5311 9567
4374 8437
4512 8261
4419 8356
4782 9031
5249 9579
5018 8817
5925 9931
6019 9837
5558 9287
4254 8556
5938 9921
4357 8432
5019 8813
5054 8773
6009 9858
5336 9508
4785 9037
6005 9865
5266 9583
4136 8662
5167 9775
5347 9961
4920 8500
5770 9348
4368 8991
4132 8758
4689 8263
4275 8869
5826 9435
5226 9845
4825 8441
5667 9217
5031 8580
4750 8361
6010 9552
5727 9333
5678 9221
5073 8698
5177 9748
4910 8477
4668 8196
4149 8713
4704 8286
5327 9968
4356 9019
4506 9181
5230 9767
5118 8629
4608 8267
5156 9832
5922 9583
4130 8815
4885 8517
4609 8273
5151 9806
5148 9805
5976 9483
4380 9029
4205 8756
4465 9003
5267 9935
5288 9972
6052 9720
6067 9711
4842 8375
6116 9658
5079 8627
4712 8205
5779 9460
5705 9254
5989 9501
4761 8416
4952 8483
5292 9939
5185 9790
5523 10000
5786 9247
4340 8818
4860 8315
5826 9290
4362 9089
5052 8496
4409 9140
6052 9514
4495 8989
4997 8478
5862 9338
4622 8337
4457 9161
4620 8364
6137 9564
6109 9584
5110 8537
5766 9266
4803 8310
6043 9555
4742 8268
5908 9689
4329 8740
5859 9267
4171 8861
5260 9818
4388 9212
5007 8535
4161 8869
5818 9309
5108 8479
4486 9074
4983 8578
4113 8935
4717 8340
4181 8878
4314 8743
4538 9029
5493 9846
5926 9263
5984 9326
5931 9252
6011 9321
4240 9096
4402 8747
5874 9704
5149 9990
4098 8985
5652 9483
5414 9733
4234 9132
6142 9430
5515 9890
4493 8870
4777 8581
5890 9267
4994 8368
5902 9276
4189 9071
4210 9034
5010 8402
5494 9780
6017 9410
4876 8266
5022 8406
5507 9928
4919 8288
5215 9991
5892 9308
4191 8963
5472 9790
6070 9448
5502 9759
5042 8408
5911 9341
5589 9918
6029 9468
6134 9348
5745 9481
6097 9304
5393 9883
4440 8914
4964 8427
4471 8933
5608 9841
5999 9422
5752 9693
5951 9367
4135 9102
5442 9960
4980 8409
4477 8912
5694 9614
5510 9783
5773 9535
5388 9914
6131 9289
4153 9090
5065 8200
4632 8670
5944 9451
5696 9622
5714 9604
4286 9065
5988 9404
5095 8254
4427 8854
4709 8635
5789 9598
4894 8440
4185 9139
5674 9665
5879 9497
4900 8404
4269 9054
4401 8901
4224 9077
5375 9990
6086 9276
4497 8810
4264 9046
4110 9201
5623 8695
5345 8418
5497 8562
5842 8926
4228 9354
4461 9598
5837 8920
5531 8588
4632 9728
4382 9478
6060 9101
5298 8343
5337 8435
6071 9089
4239 9397
4345 9400
5949 9087
4150 9340
5965 8963
6132 9124
5607 8631
4103 9302
5630 8623
5191 8212
5936 9060
5828 8848
5883 8876
5730 8767
4540 9699
5430 8553
4862 9885
5219 8197
5320 8353
5857 8845
4222 9233
5363 8321
4121 9322
4138 9308
5819 8908
5471 8487
4393 9553
5838 8883
5246 8193
5315 8258
4639 9883
4559 9546
6036 8978
5191 8384
6032 8984
6100 9051
5168 8383
6135 9063
4573 9549
5688 8879
4783 9783
5380 8606
4431 9684
5981 9155
4175 9453
5684 8850
5909 9125
5474 8657
5533 8489
4776 9744
5147 8352
4215 9420
5127 8376
5534 8481
4529 9590
5255 8271
6089 8962
5540 8552
4525 9599
4170 9369
5762 8798
4306 9231
5919 9215
4808 9774
4683 9891
5633 8940
4281 9291
4105 9468
4290 9269
5329 8233
4786 9806
4255 9315
5675 9007
6077 8888
4490 9347
4524 9376
5429 8248
5575 8393
5799 9143
5745 9056
5549 8377
4485 9371
5478 8313
5257 8619
5480 8271
5830 9199
4478 9303
5024 9867
4488 9379
5322 8673
5648 8995
5116 9930
4562 9454
4498 9390
5550 8336
4484 9412
4376 9306
6039 8915
5028 9961
5284 8695
5845 9094
5682 9060
5491 8234
4412 9318
4934 9757
5310 8667
5729 8973
5357 8577
5459 8227
5093 9872
4132 9554
5189 8499
5163 8529
4131 9635
4350 9596
4568 9306
5360 8563
4585 9324
4532 9265
5617 8310
5751 9210
5182 8624
4339 9596
5810 8996
4369 9351
4319 9539
4448 9469
4100 9625
5808 8976
4304 9588
5988 8897
4535 9242
5631 8273
5650 9149
5029 9749
5293 8476
5209 8685
5905 8868
5560 8206
4243 9519
5152 8606
6082 8704
6067 8821
5379 8388
5307 8560
5060 9736
4358 9418
5376 8401
4483 9296
4425 9375
5222 8625
5340 8454
5368 8485
5775 9061
4895 9972
4508 9330
5144 8680
5997 8860
6110 8742
4969 9874
5642 9207
5975 8872
4877 9485
4211 9846
5711 8263
4737 9355
5596 9164
5071 9692
5354 8953
5033 9648
5980 8513
5487 9037
4940 9576
6029 8617
5580 9194
5538 9093
4619 9251
5069 9700
5096 9666
5384 8994
5783 8380
5308 8845
4669 9230
4247 9890
5290 8863
5187 8822
4770 9364
5130 8754
5777 8360
4961 9566
5935 8559
4101 9799
5632 8262
4421 9996
6093 8582
5611 9127
5403 9045
5066 9605
5317 8852
5642 8287
4205 9784
4932 9503
5963 8464
4626 9293
6060 8653
5630 9119
5290 8898
4644 9293
4929 9512
4292 9897
4342 9863
5967 8507
4648 9309
4921 9548
5872 8326
4891 9580
5466 8998
6120 8597
5447 9016
5294 8750
5324 8776
5934 8611
5756 8434
5724 8396
6066 8480
5640 8347
4985 9708
5991 8702
5679 8374
4111 9877
5992 8651
5613 9033
5621 9042
5178 8851
5722 8426
5034 9503
4236 9781
4611 9401
5433 9093
4259 9826
5500 9150
5171 8955
6095 8451
5806 8288
6079 8560
5025 9585
5119 9517
4636 9423
4930 9622
5030 9584
5519 9044
6053 8574
4852 9236
4692 9396
4666 9439
5969 8631
5230 8856
4299 9779
4929 9660
6047 8545
5638 8451
5281 9128
5098 9465
4753 9606
5658 8450
5533 8836
5205 9038
4615 9497
4852 9687
5438 8719
5056 9458
5296 9095
5712 8551
5902 8245
4490 9910
4734 9528
5408 8817
4872 9311
5288 9200
4612 9560
5207 8970
4831 9600
4395 9801
4954 9279
5439 8792
5947 8279
5349 9097
4564 9892
5438 8778
6087 8381
4784 9675
5923 8355
5117 9342
4950 9426
5500 8952
4463 9962
4623 9603
4435 9929
5040 9259
5701 8664
6034 8207
4630 9662
5118 9298
5416 8858
5185 9203
5362 9025
5457 8930
4541 9736
5100 9301
4628 9640
5932 8336
5676 8592
4981 9397
4996 9283
5357 9002
5043 9336
4886 9437
6103 8217
5086 9233
5739 8634
5906 8390
6061 8312
5054 9320
4423 9880
4471 9879
5882 8472
5318 8997
4486 9824
5883 8465
4523 9797
5575 8745
5246 9103
4582 9746
5603 8726
5336 9005
5253 9085
5014 9327
5048 9286
7422 9469
6644 8701
7341 9405
6363 8394
6262 8291
6979 9059
7799 9813
6392 8414
7077 9100
7078 9098
7626 9703
7850 9860
6716 8715
7815 9919
6666 8753
6849 8959
7886 9968
6474 8564
7696 9808
6160 8272
7030 9015
7865 9979
7825 9940
6224 8213
7360 9351
7736 9840
6585 8688
6742 8732
7262 9237
6145 8268
6760 8741
6862 8832
6710 8807
6476 8477
7597 9726
7809 9943
7932 9888
6279 8410
7904 9859
7236 9251
6290 8442
6586 8658
6635 8579
7266 9225
7685 9834
6817 8917
6626 8597
7913 9873
7136 9112
6684 8807
7886 9904
7643 9636
7415 9334
6617 8538
6463 8627
6753 8941
7347 9277
6340 8276
7756 9950
7324 9230
7353 9260
8087 9984
7440 9612
7726 9907
7061 9013
7573 9525
6406 8615
7129 9082
7398 9281
6570 8461
6452 8600
7193 9385
7098 8971
6592 8563
7599 9495
6995 9198
6719 8834
6150 8379
7832 9766
6185 8342
7409 9266
6664 8909
7002 9108
6361 8214
6163 8386
6809 8781
7580 9543
7429 9690
6574 8525
6528 8548
7614 9558
6166 8445
6186 8391
7548 9619
7729 9925
7575 9581
7624 9417
6276 8583
6632 8428
6507 8303
6821 9122
7140 8946
7402 9725
7566 9366
7618 9434
6640 8425
7073 8891
7338 9654
6594 8415
7343 9615
6234 8573
6157 8480
7362 9713
6989 8827
7211 9489
6932 8789
7154 8884
6264 8511
8118 9981
7609 9460
6424 8267
6992 8709
6272 8668
6448 8301
6265 8486
7171 9575
8105 9933
7335 9678
7066 8944
6575 8387
7367 9663
8123 9927
7668 9353
6731 9165
7301 9475
6515 8443
6362 8534
6942 8849
7196 9615
7451 9356
6149 8594
6454 8366
8162 9848
8104 9779
7633 9331
6901 9055
6763 9156
8042 9948
8133 9843
6225 8682
7950 9904
6254 8622
6620 8221
6946 8929
6442 8430
7874 9989
6320 8568
7481 9459
7051 8774
7629 9244
7469 9471
8120 9835
7194 9677
8000 9887
7424 9446
8127 9817
7148 8714
6654 8208
7186 9725
6955 8922
6964 8898
6146 8693
6317 8529
6983 8516
7056 8598
6202 8759
7366 9929
6643 9185
7965 9482
7100 8615
7025 8559
7099 8603
8021 9585
6256 8788
7319 9916
6720 8300
6508 9054
6180 8721
6546 9130
7102 8579
8186 9671
8161 9695
6213 8716
6207 8820
7710 9299
6434 9075
8070 9681
8090 9667
6909 8356
7093 8687
6520 8985
6671 8298
6962 8532
7197 9850
7026 8474
7180 9830
6876 8369
7250 9788
6533 9205
6557 9196
6685 8299
7102 8510
6817 8227
6450 9136
8108 9519
6850 8270
7954 9631
6145 8855
7121 8519
7004 8642
6933 8628
7423 9822
6168 8892
7700 9394
7053 8485
6492 9205
7150 8519
7939 9641
7031 8664
7059 8508
6550 8998
7017 8666
6282 8761
7823 9275
8034 9686
7905 9305
6602 9078
6549 9001
7826 9260
6485 9109
6277 8773
7814 9284
6224 8853
8151 9488
6437 9197
7135 8468
6392 8759
7182 9950
6600 8984
6316 8829
7380 9733
7096 8557
8067 9556
6542 9045
6704 8428
7064 8569
7149 8462
6765 8329
7172 9953
6661 8431
8092 9591
6782 8341
8054 9626
8008 9638
7342 9793
8023 9636
6703 8412
8007 9650
7391 9770
7110 8497
6536 9073
7152 8463
6737 8366
7050 8331
6877 8671
7033 8316
7723 9518
6493 8792
6799 8581
7518 9807
6316 9145
6205 9000
6947 8245
6683 8506
6367 9207
8145 9465
6930 8248
6652 8919
6566 8842
6716 8460
7042 8369
7784 9553
6861 8694
7630 9971
7049 8372
7929 9671
6758 8537
6975 8317
7557 9926
6156 9032
6609 8855
7859 9722
6944 8297
6774 8504
8062 9265
6427 8779
7439 9819
6920 8285
8189 9387
6285 9174
7804 9511
7456 9853
8033 9216
7723 9551
7145 8327
7636 9915
6399 9104
7595 9946
6255 8989
7024 8198
8136 9407
7830 9711
8140 9395
7106 8258
7007 8413
7930 9593
7526 9953
7066 8209
7655 9836
6487 8920
6438 8886
7880 9562
6146 9109
8088 9274
7657 9805
6482 8949
6678 8636
7598 9730
6455 8857
7012 8404
6605 8825
7961 9388
8094 9307
8138 9228
8171 9252
7683 9680
7715 9717
6416 8903
7587 9853
6556 8828
6688 8645
8005 9388
7987 9438
8176 9247
6756 8596
6804 8549
8114 9280
7871 9548
6513 8837
6227 9126
6304 9046
7348 8375
7260 8281
6472 9550
7529 8558
7278 8319
6352 9410
7864 8875
6271 9322
6250 9343
6309 9392
7443 8453
6931 9993
7258 8314
7812 8871
8053 9052
7792 8769
6723 9849
7755 8816
8132 9211
7885 8844
6761 9772
7185 8279
6978 9992
7003 10000
6889 9893
7510 8473
7291 8244
7641 8586
7955 9031
7368 8349
6793 9951
7226 8300
8029 8966
7425 8546
6400 9575
7976 9024
6757 9741
6758 9740
6767 9732
7480 8533
8047 8990
6522 9474
7324 8420
7425 8571
7222 8269
7980 9134
8044 9192
7045 9985
7829 8722
7766 8923
7727 8866
7221 8379
7862 8738
6507 9715
6217 9424
7190 8331
8015 9199
7171 8363
6907 9809
7722 8839
8182 9049
7594 8473
6312 9243
6795 9778
7331 8216
7214 8339
6218 9354
8030 9118
6866 9748
7469 8677
7896 8721
8102 9067
7941 9163
6165 9434
8010 9114
6579 9574
8085 9026
7401 8241
6886 9787
7444 8651
7916 8704
6363 9270
7288 8343
6669 9973
6292 9325
8139 9009
6581 9550
7188 8427
7129 9951
7157 9970
6188 9505
7467 8228
8078 8863
7112 9947
6240 9589
7817 9119
7153 9963
7434 8214
7840 9148
6935 9739
8014 8787
6553 9350
7553 8359
6699 9997
7836 9147
6528 9384
6426 9264
7285 8539
6244 9554
6408 9278
7609 8334
6614 9455
8051 8776
6344 9718
7644 8349
7942 8769
7482 8307
6545 9435
7536 8251
7366 8586
7198 8531
8022 8705
6258 9513
6381 9649
7408 8592
7306 8686
7557 8416
7346 8665
7535 8193
7539 8199
7021 9752
7252 8493
6503 9241
7903 9121
7421 8573
6277 9476
7817 8968
7694 9098
7155 9855
6169 9620
7612 8243
7070 9743
6158 9629
6627 9335
6215 9699
7845 8960
7500 8422
8128 8813
7373 8547
7581 8234
7604 8204
7507 8429
7593 8296
7472 8433
7533 8357
7675 8242
6561 9323
6330 9590
6152 9669
7900 8979
7468 8443
6308 9587
7166 9765
6371 9535
6303 9539
7509 8328
7895 8969
7790 9137
6885 9988
6274 9571
7941 8931
6172 9723
6958 9926
6373 9480
6250 9607
7912 8967
7969 8916
7415 8450
7711 9191
7881 8396
6161 9753
7276 8806
6749 9297
6221 9821
6900 9445
7571 9092
7806 8295
7733 8232
7954 8498
6669 9262
7282 8790
8050 8535
6308 9871
7687 8235
6360 9973
8139 8699
6743 9317
7591 9108
7403 8925
7588 9189
7357 8959
6691 9313
7708 8282
6828 9446
7966 8533
8168 8633
6814 9420
7867 8431
6214 9756
8053 8494
7410 8879
6766 9264
7416 8857
7811 8418
6674 9335
7393 8842
6881 9361
6298 9967
6380 9882
6287 9977
6986 9533
7880 8368
8128 8632
6246 9758
7109 9663
7039 9723
7957 8607
6863 9285
7737 8371
7876 8265
6198 9912
7372 8796
6282 9754
6268 9956
6558 9991
6994 9719
8015 8679
7131 9587
7677 9044
7818 8224
7866 8202
7607 8967
7843 8210
7431 9138
6868 9321
7742 8320
8046 8617
7827 8283
6190 9959
6278 9800
6892 9250
7729 8446
7062 9541
6762 9406
6894 9268
7948 8657
7686 8409
7741 8413
7329 8775
6673 9462
7465 9153
8001 8618
7509 9150
7383 8762
7763 8363
7731 8395
6352 9771
6468 9794
7323 9117
7187 8987
7815 8591
6768 9597
6471 9815
6537 9881
7015 9329
7920 8679
8112 8359
7981 8243
7927 8660
8147 8439
7996 8219
7707 8491
7438 8766
6736 9571
6430 9770
7991 8206
7002 9317
6435 9826
6651 9914
6649 9915
6906 9660
7439 8772
7229 9069
7650 8881
8087 8384
6659 9562
6428 9798
7042 9436
6252 9993
7610 8924
6616 9905
6243 9992
7908 8584
6686 9586
6697 9540
6815 9713
7144 9373
6655 9864
6772 9484
7281 8970
8179 8335
7206 9051
6929 9363
8037 8422
8081 8213
6656 9605
6709 9656
7575 8728
6891 9595
7310 8988
7452 8840
7406 9080
8142 8280
7349 9007
7650 8824
7744 8674
6490 9980
6882 9546
6870 9572
7538 8897
6478 9978
7923 8521
6702 9707
7626 8716
7174 9165
7837 8534
7210 9190
7892 8475
7720 8696
7904 8497
6880 9522
7326 9035
6588 9828
7177 9172
7793 8620
6764 9649
8155 8249
6944 9412
6642 9751
7318 9082
7043 9330
7391 9006
6657 9712
7274 9118
7227 9155
7670 8719
6467 9913
