10000 9999
5746 5747
6734 6735
684 686
7825 7826
1809 1810
3705 3709
9816 9820
5122 5130
3797 3804
7408 7417
8259 8266
1671 1676
4564 4575
8116 8120
2019 2031
8406 8411
8272 8287
4136 4153
3503 3518
4556 4574
3011 3024
6957 6974
3439 3452
7758 7770
6341 6352
5928 5950
203 211
1672 1680
9153 9178
2090 2102
3201 3228
3370 3383
2248 2280
670 702
1099 1130
524 557
3667 3697
1693 1727
6352 6389
409 444
7562 7596
7303 7329
979 1019
8278 8318
3608 3632
5528 5554
4550 4588
2503 2539
9304 9333
7888 7934
7301 7338
2333 2349
3094 3110
729 744
9732 9782
4506 4520
4752 4771
8479 8490
6408 6461
149 162
397 436
4370 4395
9178 9187
4318 4324
6471 6524
6747 6752
3017 3058
8455 8506
3337 3380
5466 5476
5376 5439
1701 1765
1685 1750
5031 5092
1666 1729
7052 7113
5890 5959
8077 8136
7319 7378
2308 2370
3263 3320
7823 7878
2055 2126
5521 5595
8760 8818
9118 9170
2821 2889
6708 6777
7994 8052
7458 7533
2111 2160
643 716
4635 4683
950 999
7221 7270
7865 7916
4020 4066
8627 8676
6317 6394
5397 5442
1720 1760
1328 1384
921 961
5823 5863
1818 1856
7468 7542
2486 2541
8721 8780
2578 2639
2345 2422
9528 9563
7949 8041
527 618
5509 5600
3365 3395
1175 1265
3998 4089
2460 2550
6278 6380
7691 7776
5123 5231
8720 8828
7210 7239
6066 6082
7304 7417
9610 9723
5545 5592
1160 1274
7861 7878
8204 8319
2587 2668
5650 5742
2211 2270
7717 7768
6559 6626
1572 1625
5019 5093
8964 9092
6491 6618
9032 9162
6420 6551
8545 8674
4633 4764
3132 3257
812 933
2648 2769
9081 9203
6983 7116
1811 1951
5899 6022
7798 7931
7486 7600
9828 9962
4929 5070
2836 2950
116 231
1037 1182
5433 5549
2395 2511
5194 5343
3103 3210
9057 9206
7197 7301
2376 2517
2904 3014
3343 3473
1098 1237
4195 4348
8017 8142
3416 3576
7200 7297
3165 3327
4948 5105
1597 1690
9480 9632
6764 6852
9229 9383
8799 8948
3917 4065
7970 8079
5984 6093
9776 9886
7247 7421
589 767
2324 2470
4177 4323
1351 1524
833 1013
4958 5099
74 243
6466 6655
7433 7604
5208 5350
4664 4742
5906 6061
7205 7397
64 129
2563 2753
2308 2496
9083 9151
7774 7834
112 181
1645 1707
6925 7114
4130 4330
2685 2743
1058 1257
3185 3258
6487 6555
829 1009
6425 6615
5923 6125
21 219
1374 1425
5969 6046
7174 7383
7295 7342
5464 5513
3118 3324
6270 6314
4893 5064
7495 7570
50 229
891 940
1332 1507
4972 5045
5452 5526
4981 5038
6218 6294
2648 2692
8298 8373
2342 2500
788 1008
262 483
9805 9898
6457 6609
6005 6045
1628 1716
8313 8338
5482 5505
9844 9882
2938 2964
9525 9669
2843 3051
3179 3227
4870 5111
35 210
4639 4845
1114 1192
4428 4543
792 1004
5151 5354
6956 7130
2839 3040
848 935
7481 7617
7962 8163
3332 3581
2824 3060
5241 5252
8243 8397
5192 5303
1383 1432
8891 9147
1188 1446
2649 2906
7752 8012
7695 7946
3234 3492
7917 8170
4828 5083
6750 6998
5880 6128
5835 6080
704 974
6212 6484
5856 6128
7788 8061
1152 1426
3076 3351
7895 8131
8217 8460
2747 2990
685 955
3821 4090
3241 3518
1274 1506
2642 2888
2561 2843
3312 3563
5299 5550
4172 4435
554 821
2116 2405
8766 8988
3701 3926
3295 3578
2228 2450
1646 1864
7807 8024
8718 9001
8207 8486
4347 4561
4268 4487
6844 7063
2186 2465
2083 2316
5751 5957
6172 6446
1096 1403
6698 6937
6300 6575
615 851
7875 8182
1624 1901
3730 4004
7828 8099
5129 5427
582 892
2746 2950
614 859
3275 3574
9470 9662
2086 2404
1230 1419
4806 4995
8344 8669
681 1007
587 781
5177 5490
9349 9673
9329 9535
7289 7479
2720 3055
156 462
9411 9617
9299 9472
5324 5529
1110 1283
2762 2975
5218 5428
1035 1372
1273 1441
9368 9665
4798 5095
2795 2993
7907 8120
4753 5068
3700 3881
5204 5387
235 395
7183 7534
3715 4068
4654 4934
5697 5931
3822 3973
3214 3554
7859 8158
2095 2370
638 787
6762 6919
5874 6045
7402 7557
546 850
5120 5489
8335 8702
3152 3362
3747 4055
7795 7942
9457 9606
8895 9159
2081 2392
2166 2316
8314 8449
3147 3376
1075 1358
577 831
6239 6433
8244 8522
561 846
8301 8684
1077 1463
2137 2522
7799 8180
597 977
4773 4896
2647 3026
2056 2446
18 405
9336 9712
691 827
5642 6019
4214 4607
47 420
5128 5508
151 282
760 885
4214 4600
1214 1329
8762 9130
4681 5081
2282 2427
6379 6522
3812 3958
4803 4945
8812 9214
7704 8075
8371 8480
4171 4573
2066 2436
6148 6546
7265 7671
668 779
5727 6088
1776 1896
7777 8185
3837 3940
7823 7957
3694 4084
7224 7587
4170 4566
4825 4933
1674 1814
249 359
8949 9067
58 410
4663 5015
9351 9509
3707 4063
7722 8078
2261 2417
2256 2423
1088 1513
6888 6977
5768 5922
9229 9638
2750 2834
198 362
519 938
8380 8461
4748 4926
7264 7635
3099 3501
4209 4552
3743 3877
2764 2929
4155 4486
7752 8182
6782 7104
7182 7600
1636 1956
7720 8168
8209 8657
6657 7107
1249 1314
560 1011
588 904
6148 6592
5374 5435
4308 4369
5843 5910
1551 1994
2243 2309
9426 9499
3175 3501
8303 8612
7284 7608
1617 1949
1059 1516
4141 4605
1224 1304
1257 1336
3703 4002
2273 2356
112 422
9427 9483
5218 5563
4176 4491
7286 7595
3132 3554
2150 2489
3089 3534
5883 5915
1603 1955
68 421
7680 8161
7737 8155
2672 2963
8429 8457
77 426
2598 3022
1764 1804
3589 4072
5287 5449
2689 2926
7320 7528
7399 7446
6366 6447
4198 4498
6871 6947
3663 4027
1118 1451
3722 3964
8914 8996
1753 1838
3301 3357
9377 9561
2213 2398
2581 3054
8740 9176
8381 8512
4612 5114
2079 2529
5593 6105
7660 8174
2051 2564
3383 3903
4268 4773
6329 6834
8430 8930
3184 3708
3382 3899
7353 7860
2327 2842
9291 9796
8619 9146
7621 8151
7276 7806
7589 8113
1235 1734
6186 6719
8408 8910
6506 7036
51 548
87 591
2240 2776
5340 5828
6632 7153
2210 2744
9374 9861
213 718
5232 5740
8475 8967
5605 6137
5122 5663
4206 4720
79 593
7374 7889
8269 8786
1122 1661
2410 2890
4491 5032
3344 3894
5214 5753
6630 7105
1065 1550
8365 8837
6323 6815
8687 9155
6651 7114
5262 5819
6599 7152
8447 8904
6342 6897
242 709
9371 9891
439 909
7626 8176
7382 7917
2075 2592
1206 1677
4225 4797
5370 5831
5586 6034
7469 8045
3399 3847
4101 4679
5160 5739
1104 1557
7414 7856
3484 4059
6610 7061
9270 9841
6475 6915
9239 9823
8634 9201
1038 1602
9378 9967
4488 5062
7525 7979
3479 4056
384 976
256 852
89 524
1071 1658
5191 5649
4390 4976
1310 1865
1345 1814
9442 9915
3198 3623
8262 8730
3541 3979
5144 5702
4258 4860
6273 6878
6523 6938
2351 2894
8683 9097
2153 2573
1298 1910
1254 1667
8459 9068
3372 3909
3289 3763
5266 5881
1445 1995
3100 3699
7214 7774
8458 9082
8446 8847
150 743
5410 5969
305 837
9447 9875
1337 1868
7551 7943
1057 1625
7406 7830
6428 7013
3184 3594
9272 9795
2050 2690
1025 1664
2332 2974
7347 7729
9425 9811
7326 7708
4593 4978
3474 3857
6252 6888
3135 3771
1074 1718
1375 2008
6537 6913
8519 9166
6349 6727
6564 6952
8671 9040
5453 6082
1436 1806
2313 2970
84 704
3229 3592
6188 6842
5536 5946
254 613
6458 7078
7483 8103
4461 5107
1352 2007
9256 9911
3213 3629
6604 7020
72 746
1386 1992
1048 1722
2287 2637
4283 4632
9283 9958
110 715
3429 4035
6498 7108
3145 3822
3347 4020
1152 1578
3411 4094
5190 5876
3162 3816
3562 3928
3299 3664
9265 9858
8270 8955
7434 8127
3247 3609
3477 3885
3149 3829
5612 5974
4294 4733
1087 1668
6510 7122
347 998
2176 2622
8244 8842
5334 5736
4606 4928
3513 3847
9427 9836
8557 9133
6246 6822
1376 1953
4302 4623
3424 4005
6440 7151
5382 6094
2062 2759
3156 3742
5432 6130
4218 4791
4182 4743
1433 1867
8615 9077
2185 2650
6340 6679
5599 5897
4480 4950
1417 1873
9283 9883
6361 6656
3453 4007
1193 1651
8476 9158
6171 6849
7340 7799
7537 8108
208 525
8604 9026
2434 2908
5455 6033
9339 9892
6233 6790
9269 9941
7234 7841
5185 5794
2383 2985
2244 2594
5215 5817
6149 6882
8459 9187
8534 9150
8348 8823
7333 7753
8440 8724
2553 2839
1467 1877
6223 6816
2523 2859
2475 2911
1453 1883
7443 8165
8333 8826
6250 6813
6248 6815
5381 6141
6532 7036
4186 4768
126 642
2052 2808
3144 3912
1412 1668
2432 2691
7208 7981
1400 1661
9491 9748
8533 8786
7331 8106
3381 3644
7588 7848
7480 7733
3572 3833
3325 4080
2126 2881
9585 9825
4255 5006
7267 8048
1485 1753
5139 5895
8649 8927
8439 9199
3381 3628
6631 6910
6606 6868
6319 7092
3415 3660
4110 4882
5508 5785
7264 8061
4267 5046
5306 6042
8394 9195
8610 8835
1491 1783
2330 2623
2358 2577
6271 7000
8600 8882
5497 5714
8678 8907
7210 7943
9557 9829
9637 9879
6146 6960
2255 3066
3429 3667
2250 3068
2261 3042
3575 3790
7461 7711
8205 9015
2100 2831
6182 6939
8662 8936
7257 8038
1184 1951
8495 8814
5546 5864
7636 7831
3098 3934
3293 3993
6400 6727
378 563
8482 8811
3215 4038
3504 3834
2510 2692
1235 1950
8251 9076
4115 4930
6316 7165
5624 5803
1415 1748
5196 5913
6203 7011
5167 6007
2222 3063
5132 5973
2148 2878
4383 4677
4210 4905
6242 6975
2059 2902
9660 9954
8407 9096
4116 4939
3510 3798
7439 7791
2512 2737
1258 1928
2173 2840
7243 7980
7611 7890
2404 2573
2149 2828
8398 9124
1135 1796
1394 1567
505 660
2125 2851
6561 6864
4121 4973
4149 4929
9709 9880
6645 6787
5264 6119
2299 2947
9567 9764
5562 5830
3350 3690
3128 3908
6616 6822
5478 5657
6215 6968
8416 9056
3363 3747
63 958
3407 3790
177 821
9526 9904
3287 3920
3117 4010
1495 1631
9653 9789
1228 1861
8680 8801
1277 1908
6452 6845
4463 4837
7245 8135
7656 7778
9507 9903
4588 4706
6584 6696
2244 2903
5351 6003
4427 4829
6322 6949
5611 5746
403 522
1195 1841
5426 5806
1047 1931
2334 2690
2133 3016
394 532
1358 1745
5441 5854
2330 2744
1138 2006
7322 7998
7248 8181
7201 8071
6587 6685
2379 2787
3393 3816
8502 8861
3505 3610
7241 8162
5607 5707
3505 3613
1037 1952
8483 8844
5410 5778
4231 4916
4315 4975
6183 7058
4580 4690
5348 5970
7205 8082
8435 9028
2221 2837
2319 2742
5549 5652
1225 1904
6580 6670
8515 8952
3304 3923
2162 3017
5353 5973
2224 2828
3480 3620
3188 4041
3215 3890
6496 6817
8313 9144
6224 7060
5274 5983
5491 5814
3284 3857
4312 4895
3321 3888
6635 6689
5628 5687
3543 3612
5311 6003
6543 6722
3134 4083
1103 1920
2360 2793
6490 6792
9488 9922
3271 3859
7305 8031
4428 4763
1144 1967
304 743
4239 4951
2094 3062
6565 6781
7515 7809
8222 9156
1310 1732
5212 6022
6320 7019
1469 1633
6275 7004
5267 5964
1292 1772
3163 4025
7607 7765
7483 7903
4122 5118
1243 1852
4501 4722
5500 5787
1531 1555
9513 9921
4539 4688
8584 8804
7300 8041
8314 9108
4582 4617
1284 1782
490 536
2479 2651
7652 7698
6615 6703
8431 8982
6475 6832
2329 2789
6423 6891
9573 9880
5559 5706
152 870
2758 3783
2453 3479
6154 7176
8219 9241
2643 3671
6769 7796
6992 8022
4269 5281
7085 8098
4344 5352
6994 8002
2482 3488
763 1768
3047 4083
2436 3486
185 1186
2585 3586
4111 5137
2984 4023
2921 3958
270 1297
8708 9765
8204 9261
5047 6037
6571 7567
2915 3911
4955 6014
8196 9249
2491 3484
458 1517
6795 7852
2516 3581
729 1779
8530 9599
4913 5918
6712 7689
6891 7898
4578 5585
2473 3485
6973 7944
7145 8159
742 1744
8447 9416
3037 4069
8712 9776
697 1664
127 1094
2290 3272
8285 9319
2053 3129
4267 5269
932 1947
6419 7468
2053 3141
6480 7440
6 1095
2934 3895
2787 3746
2114 3072
353 1315
3002 4088
351 1307
4403 5494
4730 5695
4681 5644
2808 3774
4099 5189
612 1571
8296 9251
8682 9633
2599 3692
2429 3377
7076 8169
255 1201
6213 7189
117 1061
3043 4019
8558 9533
876 1848
8232 9341
4189 5131
4984 5922
644 1759
1018 1958
284 1404
8198 9319
8582 9700
6704 7762
8808 9739
2173 3097
2396 3386
6689 7751
1001 1934
2431 3348
8629 9694
6738 7742
6602 7591
4864 5998
7050 8186
2481 3521
585 1594
7144 8091
4189 5163
2506 3516
4321 5271
4536 5582
6778 7693
6390 7311
2896 3882
6525 7431
901 2047
918 2028
4743 5884
6437 7513
6560 7644
4618 5751
8875 9942
2448 3566
7126 8023
477 1372
4858 5752
4168 5325
4122 5266
7091 7995
4770 5675
8773 9929
2343 3498
4284 5170
6990 8129
569 1704
4328 5242
315 1455
8372 9250
2455 3328
492 1398
349 1473
4994 5919
6991 8145
6967 8104
756 1643
4479 5599
2916 4036
4444 5629
6245 7364
4962 6081
8195 9376
6969 8093
6263 7376
8890 9757
8518 9710
6419 7610
6557 7478
738 1614
2177 3117
216 1142
2802 3676
8885 9755
898 1837
114 1218
2358 3463
423 1302
4348 5198
34 1174
2635 3838
2618 3724
2485 3330
6239 7397
6516 7631
9139 9999
4801 5759
5016 5927
2289 3121
8904 9737
6417 7632
2614 3828
95 1179
2177 3140
6344 7168
2706 3675
2339 3561
8938 9761
6177 7405
649 1607
10 1240
8456 9690
6255 7356
2520 3340
52 1262
2326 3532
417 1402
4590 5429
8785 9869
801 2045
4389 5573
72 1193
8601 9592
442 1368
8592 9587
8417 9221
6834 7766
7072 8006
8743 9934
6536 7522
4832 5643
6351 7202
7049 8036
4227 5229
8729 9975
6848 7728
8218 9450
789 2021
4380 5613
144 1122
5098 5912
4312 5163
3065 3854
5043 5962
707 1594
560 1737
4384 5594
292 1499
2925 3694
8565 9329
2477 3241
4248 5533
9074 9845
4808 6080
2595 3882
4418 5195
4829 6103
6819 8111
606 1874
8581 9352
715 1990
6513 7295
6666 7940
224 1519
5082 5834
6940 7692
7069 7820
2700 3997
4676 5975
361 1146
174 1469
8299 9598
4761 6028
4772 6066
2459 3203
9046 9806
223 1477
143 1427
2784 4093
672 1981
4460 5235
4944 5745
6978 7779
6760 8011
4541 5278
5096 5837
6723 8037
6389 7635
2715 4019
4484 5293
6900 8157
6271 7509
4259 5512
4275 5534
8985 9780
945 1695
5077 5883
8442 9684
4376 5174
8252 9486
2754 4081
4594 5313
328 1148
169 1436
2542 3291
4997 5811
5001 5823
815 1561
4276 5516
677 1948
2919 3678
7079 7837
6378 7632
6843 8065
4657 5898
891 1600
8760 9987
6752 8028
6521 7236
8491 9238
1001 1750
6612 7403
4915 5644
2272 3488
2115 3329
9011 9840
4412 5247
8566 9266
4196 5409
8374 9713
4490 5312
6469 7177
2186 3526
6953 7780
8476 9298
125 1331
4709 5930
290 1139
4522 5368
4634 5961
7160 7851
6986 7705
6597 7318
6538 7390
7110 7827
6334 7654
6282 7634
4788 6125
6697 8051
7003 7681
2218 3568
186 1511
4246 5579
6902 8104
6927 7761
4781 6092
5099 5770
562 1878
2454 3315
2279 3458
133 1504
2732 4041
2093 3403
2979 3781
447 1239
9215 9878
873 1541
711 1962
6261 7451
84 1338
4320 5518
8809 9991
6678 8057
7035 7700
2491 3273
700 1999
4392 5212
2452 3309
4564 5294
4799 6084
8464 9324
2328 3173
7142 7835
2082 3423
467 1197
2335 3230
2882 3782
6358 7506
786 1687
926 1560
6556 7188
4419 5323
6464 7369
2969 3600
4782 5924
6348 7488
2766 3906
2418 3327
82 1503
589 1984
741 1899
7166 7790
772 1686
6243 7670
6685 8072
4696 6095
2941 3813
382 1255
6655 7269
2420 3310
2373 3289
8646 9306
797 1725
9101 9772
4600 5210
4824 6010
4976 5845
6359 7537
6980 7916
5063 5743
8382 9494
383 1238
2145 3533
556 1921
2467 3086
2681 4055
2619 3989
8615 9236
2590 4010
2323 3238
244 1345
6209 7671
5065 5758
2304 3255
9154 9850
8585 9264
7066 7713
2202 3366
6980 7930
4282 5380
4427 5364
4712 6057
6515 7346
207 1291
6311 7521
682 1890
4339 5434
6973 7927
6899 7993
313 1268
9175 9735
9148 9836
4751 5980
8379 9582
8 1502
355 1205
8444 9514
2181 3411
7019 7869
177 1382
2923 3767
4149 5608
4651 6133
4394 5365
6396 7459
425 1097
4207 5518
2577 4087
440 1119
812 1739
4135 5568
4279 5456
7017 7813
6156 7649
4461 5251
915 1635
2408 3224
4417 5297
4178 5538
4255 5486
2671 3997
953 1615
6596 7218
631 1933
4899 5848
4108 5623
6692 8152
7146 7702
881 1677
246 1290
542 2017
4146 5683
4163 5698
6616 8154
8848 9363
5035 5551
4478 6008
143 1672
6589 8117
344 1875
8353 9898
575 1075
8789 9305
7044 7561
4595 6115
6824 7355
4442 5966
7070 7560
6757 7293
4230 5791
4168 5713
6236 7750
480 2043
4242 5769
6452 7976
2447 3986
905 1428
8249 9767
4362 5929
9162 9708
8210 9780
4496 6072
184 1681
30 1591
6329 7826
4764 5298
6955 7450
4430 6012
2403 3927
8920 9453
595 1126
6196 7682
4173 5755
2994 3467
6883 7386
2294 3791
6600 8179
550 1050
2864 3341
4902 5400
4643 5148
391 1976
4599 6071
495 1964
6999 7443
581 1024
8999 9568
2107 3699
2634 3072
8317 9783
907 1473
8357 9966
428 2023
8424 9894
9118 9681
6951 7528
2235 3819
6481 7936
2625 3091
41 1658
2297 3757
841 1309
813 1402
4945 5385
894 1316
6687 7236
6741 7182
528 1100
825 1380
6605 8080
4820 5257
420 2042
4351 5793
2980 3579
164 1787
2567 3175
442 2010
4524 6092
4489 6120
526 1132
8782 9258
7121 7604
4153 5726
2520 4031
6158 7781
3 1646
639 1040
2735 3295
2240 3762
5105 5507
6441 8031
9064 9502
8330 9980
5067 5555
6493 7973
8303 9750
4652 5205
294 1887
8756 9293
2049 3704
5074 5544
778 1392
8941 9366
6477 7985
2944 3582
4296 5815
5076 5461
3060 3445
647 1030
2657 3299
4553 5963
863 1501
6644 8054
2474 3880
4313 5725
8317 9977
987 1363
4379 6035
4156 5812
8358 9775
6312 7713
380 2032
659 1055
500 1912
8887 9274
430 1827
4662 5304
4733 5363
2472 3878
6923 7578
36 1718
2762 3167
4801 5209
166 1598
6741 7372
4890 5510
2721 3133
2066 3724
6532 7963
8934 9287
6844 7198
168 1548
202 1644
8797 9467
2338 3973
6275 7722
438 1823
789 1471
7002 7664
4184 5876
8372 9753
8825 9428
2449 3900
8938 9284
2490 3860
6410 8101
2726 3092
6929 7587
4520 5914
942 1308
8704 9394
669 1067
641 1079
8224 9878
2764 3195
4530 5896
9017 9603
2715 3110
2432 3902
2307 4029
5074 5485
5097 5417
120 1722
735 1051
335 1930
2340 4066
6181 7906
4445 6037
8220 9941
453 1807
8917 9246
763 1079
2637 3201
592 1181
4708 5289
9140 9594
4947 5533
8722 9410
4160 5776
2251 3611
6874 7178
4752 5185
5004 5469
6871 7173
3015 3347
8200 9949
4545 5911
4891 5581
8428 9787
9069 9658
157 1605
2817 3545
2206 3654
6875 7169
4163 5788
4948 5556
8713 9448
4631 5366
546 1217
2574 3309
2913 3460
9009 9684
2922 3468
205 1579
2161 3734
646 1134
6880 7176
806 1486
2650 3251
476 1846
4466 6047
376 1943
9126 9558
4815 5183
2799 3102
4510 5996
6697 7389
968 1341
2390 4003
6812 7268
6297 7779
7051 7536
4198 5786
6345 7733
4243 5743
4854 5131
6625 7905
7016 7273
131 1921
6764 7534
499 1777
2663 3428
6499 7782
4554 5839
214 2000
4689 5462
6843 7612
9196 9444
521 1280
6765 7526
4411 5687
6459 7735
8532 9817
444 1713
8942 9727
2378 3672
9081 9325
3052 3320
5073 5320
2380 3669
2697 3475
8905 9683
6169 7939
8457 9747
9163 9424
4831 5570
6410 7703
2579 3341
932 1211
4686 5457
6905 7640
721 1520
16 1843
9122 9345
2907 3192
2353 3604
6794 7596
6403 7717
2279 4033
742 1472
8675 9930
2877 3095
274 1593
8733 9520
7093 7320
4954 5236
8724 9530
7138 7373
4572 5868
6364 8173
8536 9835
8251 9999
6286 8122
4613 5425
849 1124
6687 7465
6807 7585
2099 3845
8601 9888
500 1742
2991 3221
6473 7794
6890 7633
2702 3509
4767 5539
4225 6077
6408 7732
5058 5375
4211 5966
7032 7238
6660 7482
8723 9516
9100 9420
7140 7333
2667 3370
280 1628
165 2019
472 1694
5104 5302
2781 3483
8595 9940
4578 5802
362 1568
3055 3236
948 1279
4334 6050
2363 3700
2305 3665
4844 5567
4724 5415
141 2009
37 1905
6903 7585
537 1359
506 1708
2554 3746
7154 7336
8614 9978
8773 9496
8801 9535
1022 1185
930 1218
810 1099
25 1916
5028 5314
6547 7925
4558 5801
238 1929
2855 3148
9068 9223
2746 3543
67 1836
435 1731
2168 3848
9190 9367
4968 5145
6914 7280
2810 3465
2514 3751
5038 5336
4407 5711
6564 7896
672 1500
266 1655
4373 5738
6857 7497
785 1171
861 1247
6915 7296
2599 3491
2394 3807
4548 5698
2252 3915
6144 8073
8988 9365
160 1834
884 1278
166 1837
185 1845
5044 5177
4794 5429
6809 7433
189 1839
6460 7855
804 1207
6766 7677
8984 9355
2241 3927
6668 7579
6803 7435
342 1743
20 1934
4603 5728
4827 5440
1015 1131
7151 7282
6485 7926
6989 7401
2684 3545
371 1749
8520 9952
2912 3272
2352 3736
4194 6091
9114 9264
8821 9695
8807 9675
3071 3155
6793 7463
8977 9406
4995 5164
8974 9377
2332 3756
434 1536
6746 7657
2862 3225
609 1497
4783 5396
2989 3089
2999 3083
6439 7832
816 1167
6784 7490
8659 9751
4788 5488
5003 5199
6874 7454
6830 7530
952 1149
78 1931
4795 5501
8465 9943
6758 7584
9184 9257
8878 9573
4952 5267
6533 7753
5035 5221
4517 5739
175 1888
2288 3875
295 1780
2716 3400
6345 7964
6311 8050
8555 9918
41 2044
6168 8143
9180 9227
658 1349
6839 7533
576 1434
2939 3232
8798 9602
8547 9917
4710 5510
8755 9682
118 1940
4635 5631
2263 3891
2532 3585
4994 5221
343 1725
513 1514
320 1712
8483 9939
9102 9340
9100 9343
45 2009
2996 3136
845 1209
4877 5368
6578 7754
8653 9781
170 1872
8730 9697
6882 7449
2459 3687
8512 9919
1958 4006
904 2953
5779 7825
71 2115
779 2831
752 2805
1101 3144
5633 7684
4848 6906
881 2939
4125 6163
1698 3756
4274 6306
4379 6411
1124 3188
1059 3122
4652 6719
4416 6483
147 2180
5879 7918
987 3008
5575 7642
648 2728
4680 6761
5066 7147
167 2181
5536 7556
59 2078
1623 3711
5000 7072
1211 3218
115 2136
275 2366
5661 7725
566 2567
5578 7675
1190 3220
4666 6665
1256 3291
5446 7538
1793 3892
662 2723
4570 6637
368 2376
5021 7076
4998 7103
1442 3483
5061 7166
5347 7384
148 2217
5878 7881
1140 3124
5965 7951
4749 6856
4213 6195
1432 3550
1813 3923
1848 3966
5071 7048
1356 3332
668 2773
4936 6914
5049 7157
4621 6720
4364 6466
4164 6154
5790 7889
5027 7148
400 2497
298 2424
565 2662
427 2558
4645 6768
1335 3425
497 2471
4935 6942
5997 7991
1389 3379
886 2856
277 2378
958 3038
4943 6956
5908 8049
843 2862
5542 7617
594 2613
4718 6662
5010 7162
1575 3661
953 3027
1945 4082
4515 6607
4320 6285
1295 3425
4699 6709
5023 7152
5052 7118
6118 8084
5451 7473
124 2054
5692 7750
4894 7012
5588 7599
1509 3481
5968 7982
4840 6762
1125 3297
4398 6570
5976 8157
4846 6761
5818 7741
507 2419
97 2280
4104 6274
4521 6435
1105 3290
4097 6284
5112 7031
5658 7829
4146 6307
377 2536
989 2895
567 2725
4707 6903
4497 6407
4965 7154
5293 7226
202 2130
4861 6756
292 2494
4222 6372
5015 6924
5997 8177
5310 7199
1348 3559
66 2278
4102 6306
6060 7945
5592 7550
4734 6873
544 2695
654 2601
679 2560
4817 6776
4883 7097
5818 7700
4706 6860
907 2853
738 2641
4456 6622
1850 3981
5144 7328
5273 7202
167 2075
1756 3680
5888 8124
5167 7315
1479 3450
173 2067
777 2998
4247 6231
5722 7834
1998 3852
639 2749
5613 7471
1696 3683
5305 7292
5345 7204
2011 3870
5090 6948
5945 8191
636 2740
4439 6559
5638 7886
1077 3326
1081 3317
134 2135
4285 6249
990 2826
1516 3384
5996 8121
5004 7001
1301 3522
5474 7605
92 2187
4349 6181
673 2680
1885 3972
4693 6798
5772 7760
194 2082
761 2584
4715 6792
1542 3808
4636 6907
6090 7968
4712 6788
43 2245
4526 6492
5238 7296
736 2585
5110 6922
53 2249
5690 7879
5273 7577
4912 6704
1411 3202
836 2630
5333 7638
4506 6297
1526 3314
1133 3433
4505 6301
6062 7851
4252 6555
5403 7187
4284 6581
922 2704
1580 3878
1969 3773
5831 8136
5719 8005
5044 6816
1285 3088
4485 6288
6123 7933
4911 6710
5667 7994
5715 8010
5348 7623
221 2552
967 2786
4746 7087
1078 3344
5458 7285
5486 7241
5799 8078
1216 3561
1100 3430
1731 4072
5102 6851
1105 3452
4990 6736
4254 6576
4721 6976
4814 7165
1527 3267
5042 6794
4898 6682
542 2852
1815 3628
1924 3775
5977 7781
1003 2775
5872 8140
1858 3711
5242 7492
5075 6892
1174 3497
1626 3866
4301 6543
5108 6838
4117 6486
5560 7419
5979 7711
1450 3311
5338 7583
1381 3107
781 2629
1159 3535
4200 6433
4791 7163
1114 3348
4887 6726
5375 7598
1574 3957
5503 7212
1056 3444
732 2954
5405 7242
1309 3146
5763 8154
5233 7467
1926 3805
1862 3613
6000 7723
5580 7319
5527 7372
5369 7589
1480 3240
1026 3426
5206 7477
1173 3574
175 2507
1446 3266
6056 7885
5309 7643
4410 6237
1054 3446
4456 6145
2038 3740
1794 3689
13 2406
1796 3695
139 2535
1282 3183
5006 6883
5355 7558
4641 6988
4470 6168
307 2140
1017 2696
4871 6771
204 2488
1915 3597
5412 7260
5744 7945
5147 7521
1400 3075
4228 6648
4911 6736
4688 7120
5319 7494
1780 3959
1730 3910
4542 6200
1005 2666
172 2340
974 2630
4494 6150
6062 7719
4106 6528
931 2600
1897 3810
4793 6962
2039 3707
5982 7890
994 2671
4455 6377
5540 7211
4631 7046
1831 3764
5417 7354
4845 7033
5990 7922
1470 3115
5648 8069
883 2789
1621 4034
4256 6455
969 2654
661 2818
4885 6797
220 2374
4577 6267
5231 7667
4271 6451
1189 3387
4209 6638
1454 3084
4137 6538
1520 3157
5722 8189
5428 7315
664 2865
4796 6933
652 2854
1754 3952
4188 6640
4437 6393
633 3028
874 2757
5760 7984
1907 3779
5480 7384
430 2079
1642 4057
1711 3866
351 2281
1276 3403
1784 3919
4167 6653
1090 3576
1754 3936
312 2180
1447 3099
6072 7684
5304 7429
1337 3207
1961 3607
4759 6952
153 2393
280 2265
5132 7630
1529 3130
5235 7606
5624 7231
4414 6391
944 2682
1653 4027
1946 3668
5576 7193
4212 6566
733 2830
5807 8059
5404 7368
2027 3646
4748 7002
4665 7141
431 2162
4271 6513
1127 3512
4651 7112
4260 6464
473 2109
1389 3208
4120 6654
4357 6371
1568 4039
42 2498
5909 7932
1497 3123
1654 3996
5316 7470
1024 3569
5358 7455
1252 3349
5396 7398
1164 3449
5072 6693
4329 6430
1248 3352
330 2227
5135 7668
15 2546
4933 6840
1468 3138
4666 7109
5322 7882
5625 8185
4534 7095
1698 3235
5305 7867
4605 7167
408 2972
788 2322
721 2263
1626 3164
960 2503
5882 7410
5166 7718
913 2456
6101 7644
4551 7117
5528 8084
4360 6918
301 2850
5692 7212
13 2588
5262 7832
4395 6963
5901 7445
1647 3191
288 2873
4434 6984
323 2905
629 2159
4613 6175
5869 7414
5384 7955
4963 6520
4388 6970
1983 3486
1847 3349
478 3069
4757 6321
236 2763
5608 8143
2020 3523
4790 6302
1433 4016
590 2149
179 2712
4524 7047
4138 6657
4762 6326
4118 6714
5664 7180
5505 8109
775 2346
4602 7127
245 2779
448 3054
1355 3940
5339 7924
1112 3688
5164 7710
5495 8004
1353 3967
340 2915
986 2530
79 2679
5816 7297
5442 8056
4102 6717
278 2858
4906 6421
4399 7023
5827 7298
2034 3507
164 2790
734 2202
6 2624
902 2496
5719 7199
5357 7844
1177 3795
1084 3702
1861 3336
212 2714
1880 3351
1488 3968
273 2884
5955 7445
1396 3874
2022 3517
4301 6803
1553 3151
4702 6206
5054 6623
757 2199
4471 6943
1315 3914
896 2537
4504 7156
5610 8070
5643 7270
5356 7811
882 2306
1344 3888
4696 6185
5673 7259
398 3068
5133 7806
445 3019
1252 3730
5420 8020
4208 6665
920 2530
5896 7539
340 2863
4597 7054
4710 6170
5382 8058
6041 7655
5678 7249
96 2785
5207 7894
1041 3731
5083 6488
5732 7392
5836 7240
56 2749
1449 3884
192 2634
4510 6932
86 2780
533 2206
1843 3519
1819 3467
4400 7073
4299 6751
5462 8131
4486 6931
1742 3161
637 2277
6085 7517
632 2272
1321 4021
5484 8137
1025 3748
579 2277
1564 3252
470 2942
713 2145
640 2088
4476 7127
6107 7543
390 2870
4435 7137
1991 3442
1129 3806
4602 6979
1680 3114
771 2495
5872 7246
5933 7571
4960 6623
860 2457
759 2098
5630 7992
220 2586
1321 4078
791 2524
4874 6598
4982 6587
885 2488
5014 6470
5765 7253
1743 3103
1113 3721
158 2638
4974 6590
5219 7858
761 2091
5759 7337
6065 7527
5246 7849
1226 3602
4105 6870
4793 6233
1856 3491
4899 6599
6069 7504
780 2533
5411 8138
4698 6323
608 2187
1920 3436
268 3041
1443 3917
5663 7409
4969 6534
4507 7028
5374 7694
1639 3222
1398 3975
646 2164
4412 7119
4103 6898
5559 8001
1585 3274
784 2540
1830 3546
201 2612
984 2342
879 2449
648 2167
5514 8053
730 2522
5248 8064
950 2230
1989 3268
5987 7265
413 2719
367 2668
4443 6744
4850 6641
2002 3281
4714 6510
766 2550
934 2223
564 2367
5228 8034
5919 7183
1332 3620
4583 6901
5580 7896
6016 7316
5967 7258
5463 7746
5468 7754
871 2161
2004 3267
5808 7597
579 2397
6055 7353
5964 7251
4606 6881
4807 6626
647 2466
5203 8053
5048 6303
73 2913
1121 3912
1014 2268
642 2473
844 2172
1248 4050
4637 6446
5802 7582
5661 7464
1895 3154
4843 6621
4825 6639
5134 7990
5233 8008
4527 6805
4540 6791
4766 6563
808 2154
4583 6820
5086 6298
5607 7842
5087 6298
4131 7013
4483 6853
737 2470
1096 3843
5857 7594
231 2987
1104 3868
856 2069
140 3010
888 2103
1835 3195
839 2070
4358 6743
4264 7161
1275 4009
866 2096
1294 3674
6001 7204
4442 6668
925 2250
740 2483
5067 6290
1495 3726
308 2670
4452 6718
5756 7463
4629 6473
1117 3841
451 2719
5671 7545
4848 6545
5423 7758
772 2151
4381 6782
1938 3313
2042 3230
1577 3406
4596 6813
4363 6759
4128 6990
4249 7147
5965 7230
5571 7863
5929 7262
6119 7326
1390 3605
450 2748
341 2602
4129 7006
5632 7555
4375 6802
5968 7382
1551 3465
213 2899
4842 6509
4529 6710
1889 3302
1909 3324
6061 7207
1339 3760
4660 6584
498 2687
1299 3741
1147 4084
4338 7037
4727 6631
6112 7281
4971 6392
1371 3784
5326 8029
5496 7915
655 2331
4253 6920
1434 3599
93 3019
543 2438
2041 3171
5632 7579
4381 6784
4900 6330
4782 6414
4202 7112
5187 8161
6051 7175
335 2794
722 2426
4455 6863
5483 7874
5323 8032
970 2150
5165 8065
4644 6539
344 2794
4910 6300
5335 8034
4234 6962
4812 6517
4741 6460
4235 6961
1817 3235
1003 2132
4882 6354
4340 6964
1319 3814
1329 3824
4866 6339
159 2907
4910 6379
4907 6382
941 2155
1225 3841
768 2249
447 2678
1960 3171
6064 7292
5113 6196
1821 3280
1871 3229
5945 7404
2025 3121
563 2538
4440 6786
774 2266
1832 3317
1468 3682
4191 7041
787 2252
5710 7569
4252 7038
5431 7893
1812 3318
5745 7570
1870 3245
1256 3852
4459 6796
5459 7866
486 2572
5389 7911
6085 7209
4655 6595
4669 6611
1911 3206
1606 3511
557 2526
1587 3527
580 2480
42 3039
4698 6573
5229 8085
1785 3331
1749 3369
4453 6808
5597 7715
5981 7330
5226 6250
4295 7363
5733 6754
1657 2686
4816 7895
4581 7661
1852 2864
5828 6856
478 3538
1140 2169
4120 7191
5419 6436
4684 7747
1110 2118
5059 8147
5516 6558
625 3684
5862 6896
4955 8012
4668 7716
5140 6157
4265 7344
5448 6505
5414 6407
5053 8095
1907 2897
6032 7090
4738 7844
657 3768
5036 8069
1121 2120
5278 6327
6073 7056
1887 2933
4920 7956
5653 6713
5370 6357
5126 6198
1076 2054
1853 2825
1915 2893
15 3126
6039 7086
1846 2826
5258 6324
533 3626
4761 7846
6122 7082
4556 7567
4116 7255
1911 2867
5487 6442
5575 6530
1881 2847
996 4012
515 3659
4732 7734
4509 7639
192 3211
903 4044
1350 2314
620 3616
4616 7749
1482 2437
4612 7755
5445 6420
1147 2089
4299 7327
258 3415
5875 6825
5958 6941
1008 4012
771 3935
5603 6589
5640 6742
824 3943
1826 2941
760 3737
4305 7349
6078 7131
1666 2791
334 3368
369 3350
4611 7780
4493 7658
5682 6751
1669 2795
1413 2539
959 4047
1260 2205
675 3792
4476 7432
4737 7925
5785 6895
5590 6574
347 3360
1450 2513
477 3494
4358 7549
6089 7093
1091 2111
366 3346
5091 8092
5352 6295
485 3482
1078 2231
4115 7313
846 4042
4555 7502
1394 2548
4444 7643
6015 7159
983 3934
5714 6875
1094 2255
1815 2974
1543 2711
4886 8071
947 3873
4533 7462
341 3520
5659 6798
5487 6647
617 3825
4944 8137
412 3334
5253 6174
4404 7592
1828 3001
5176 6310
1968 2832
1735 2662
1619 2801
342 3572
5523 6449
5321 6251
2017 2885
5239 6354
937 3855
4514 7428
457 3439
4730 7888
5380 6575
1514 2374
1242 2146
1700 2591
6076 6919
1420 2359
1283 2495
627 3791
1790 2627
4402 7564
5647 6833
5749 6858
1840 2959
5873 6705
1084 2301
726 3603
748 3625
4859 7740
1176 2131
4622 7874
910 3907
5934 7136
1949 2893
1847 3046
4382 7628
4535 7525
1214 2157
4804 7703
5690 6889
5060 7953
514 3803
947 3945
5198 6290
4453 7609
5995 7094
5753 6823
1895 2951
5971 7091
4224 7266
775 4068
913 3957
840 4015
5223 6272
5393 6646
1795 3044
5680 6872
4701 7863
6028 7010
909 3938
5359 6175
4656 7875
6020 7024
4888 8173
1463 2369
4721 7815
322 3508
1202 2117
1761 2582
1633 2713
807 4060
4687 7859
976 3885
4371 7187
4549 7366
61 3390
961 3778
6109 6873
834 3654
5176 6462
482 3301
5076 7891
5660 6933
4289 7627
1221 2505
5292 6563
1826 2610
1036 2334
4922 7721
4866 7697
803 3639
4451 7287
4436 7245
622 3959
1996 2774
1271 2541
1825 2619
1851 2593
805 3640
518 3867
666 4026
402 3251
5939 6673
4357 7203
1612 2923
957 3735
5147 6448
4993 7850
1521 2269
4641 7951
4800 8175
962 3826
4505 7337
28 3373
4406 7172
1505 2258
749 4057
4174 7547
5202 6501
6060 6811
1219 2555
5766 7102
5836 7158
4220 7489
1456 2189
6008 6725
1990 2811
537 3879
483 3293
311 3081
4098 7485
4338 7603
4623 8014
4783 8169
3 3396
4350 7609
4826 8083
5596 6294
4197 7465
109 3361
1169 2525
5288 6629
4279 7674
360 3111
5169 6497
331 3098
5448 6169
1 3412
1547 2909
4238 7641
1155 2527
4150 7531
4938 7701
832 3618
731 4025
4849 8083
204 3502
252 3487
4137 7498
5617 6295
5406 6260
148 3583
4560 7357
559 3904
6104 6839
5517 6397
4961 7696
956 3789
247 3461
5892 6768
830 3659
5532 6372
6015 6662
1759 2982
5500 6151
4526 7379
5470 6366
1116 2521
853 3805
1554 2970
4876 7812
1728 2889
6097 6747
6112 6763
4147 7615
113 3583
2026 2660
499 3196
5186 6611
5920 6835
104 3580
718 3930
1636 3057
434 3108
5012 7695
1805 2705
5686 7082
4849 8046
4972 7884
208 3441
4803 8032
4342 7509
4559 7275
4691 8183
5240 6620
4185 7676
248 3409
1869 2784
4580 7254
4509 7214
5026 7697
4437 7395
653 3893
5495 6349
1438 2085
4896 7836
6030 6707
4767 7969
5039 7790
6113 6691
4123 7640
379 3256
4359 7363
1772 2857
1871 2697
828 3835
866 3754
4745 8003
1844 2814
5595 6167
1595 3061
1407 2223
1005 3645
6083 6672
5829 6929
5704 7069
692 3948
1523 2091
5338 6402
4804 7965
1701 2943
1491 2056
5988 6841
5421 6387
616 4023
857 3718
364 3213
199 3363
4099 7653
1599 3033
271 3305
809 3777
4670 8150
2003 2618
654 3943
310 3292
5230 6533
6007 6812
4109 7649
306 3292
980 3621
5154 6608
5017 7787
6098 6694
4347 7427
1333 2251
1634 2972
814 3374
4942 7503
833 3395
929 3490
392 3979
1456 2996
5871 6378
4241 7831
747 3308
77 3652
1051 2578
4886 7453
5563 7094
5296 6846
5760 6287
744 3321
5056 7637
1873 2375
5254 6801
5773 6293
584 3154
596 3151
5856 6395
4932 7513
4956 7491
32 3647
187 3748
4717 7282
137 3755
1181 2751
687 3211
1485 3050
4538 8082
5120 6700
1542 2089
1264 2783
263 3895
1573 2068
1944 2475
5128 6716
5654 6178
4396 7961
5742 6235
1035 2611
136 3760
1361 2920
4784 7306
1275 2752
488 4054
1012 3531
4879 7472
1902 2349
5637 6211
5959 6400
1778 2229
281 3920
602 3091
970 3457
5712 6171
305 3965
4619 7239
4811 7302
722 3202
6136 6568
798 3406
4124 7756
5601 7088
4245 7876
1950 2508
4675 7184
1073 2658
4244 7872
4511 8139
5675 6269
336 3846
5665 6262
5027 7673
5645 6230
123 3622
5713 6159
226 3715
692 3286
4713 7179
5952 6434
1590 2132
4626 7280
4560 8114
4667 7256
5540 7104
1135 2571
485 3971
4918 7519
587 3105
936 3523
645 3305
155 3830
790 3449
4352 8047
5610 7045
5821 6351
5763 6385
819 3393
703 3276
5781 6371
4368 8039
5882 6274
1215 2759
276 3944
76 3634
4523 8148
4269 7724
205 3656
559 3240
5294 6695
6111 6485
1449 2853
5366 6776
5982 6606
5750 6375
5269 6660
4126 7819
705 3159
6039 6401
572 3242
4941 7642
4676 7388
6104 6467
5172 6825
4591 8050
4792 7207
1009 3408
1748 2165
778 3499
424 3851
5781 6193
4855 7260
1373 3062
1263 2628
27 3767
5112 7508
211 3710
993 3404
1430 2872
1598 2193
650 3130
2025 2395
5391 7097
6026 6450
964 3454
5761 6205
1494 2838
5328 6672
4592 7985
4368 8146
703 3197
6036 6487
4863 7227
1459 2933
1729 2057
1878 2463
1823 2518
489 3872
415 3925
4378 8145
410 3921
5373 6707
1136 2751
513 3283
5894 6613
1043 2756
394 3933
5029 7548
6065 6504
1010 3368
4166 7837
571 3296
283 4032
4800 7200
5660 6398
5034 7500
679 3150
4694 7355
561 3265
5499 7050
5180 6861
1272 2570
1588 2247
1168 2660
946 3396
5509 7027
1673 2174
591 3254
257 4088
5885 6147
1440 2910
963 3389
1533 2813
1357 2639
4653 7471
354 3681
319 3642
216 4061
4894 7195
1159 2946
835 3141
512 3334
877 3179
773 3074
5646 6406
5658 6416
183 4028
4579 7919
1515 2788
4243 8067
243 4065
5809 6562
180 4001
1835 2110
4277 8096
1041 2823
52 3875
4772 7612
1016 3298
4425 7763
5960 6228
1052 2819
5475 6723
6114 6337
5769 6570
1413 2726
157 4024
4625 7476
5681 6423
1161 2976
695 3485
1558 2364
5384 6691
1631 2418
4637 7472
5993 6215
1694 2480
415 3757
4159 7948
45 3865
390 3763
5236 6989
1180 2981
501 3788
610 3416
5252 7102
5525 6827
4862 7615
1632 2337
4747 7625
5611 6824
354 3617
486 3749
811 3182
495 3754
407 3794
5157 7021
1383 2606
5479 6699
475 3733
5182 7025
686 3582
965 3222
4913 7269
1182 3018
5928 6268
801 3189
1592 2401
545 3450
4384 7804
1199 3059
105 3893
5119 7328
4642 7549
1669 2533
321 3617
1270 2967
1426 2801
5639 6500
5591 6835
1762 2439
6114 6276
535 3455
4608 7535
1751 2471
915 3298
1923 2290
5408 6740
1125 2835
5556 6850
83 3876
2011 2211
1580 2389
4481 7935
1724 2499
5460 6699
4620 7564
22 3990
186 3898
1575 2469
5552 6706
734 3419
534 3487
523 3458
822 3261
800 3243
852 3288
461 3650
5620 6779
910 3073
1917 2284
5758 6639
1301 2695
144 3843
58 4013
5075 7243
4847 7542
604 3527
960 3165
5953 6368
1203 2833
6031 6188
1621 2546
1017 3166
5199 7142
228 3918
386 3624
620 3526
1737 2402
5107 7261
4201 8135
358 3784
1820 2220
270 3772
5281 6931
831 3212
124 4047
1062 2965
1357 2809
889 3276
4532 7693
5903 6324
5579 6775
4792 7430
731 3428
1559 2519
1250 2850
1216 2822
5526 6750
6023 6221
25 4050
6041 6226
4916 7416
539 3542
658 3420
765 3378
470 3609
4113 8129
749 3389
4646 7668
5849 6411
4956 7311
4855 7460
5447 6800
684 3451
1819 2241
1714 2409
827 3296
1247 2820
5243 7079
429 3697
189 3937
1287 2778
1657 2468
395 3669
925 3139
6088 6167
5657 6649
135 3938
5893 6370
4903 7375
1221 2868
5300 6981
1818 2283
4868 7415
174 3930
5258 7025
5117 7168
3650 7746
352 4449
541 4639
3968 8066
3007 7098
2562 6661
1937 6043
3559 7661
3273 7362
479 4563
1616 5724
1775 5859
1340 5425
1230 5313
2957 7042
2624 6737
426 4539
1649 5731
2437 6545
4045 8153
2565 6674
3082 7197
3304 7411
250 4321
1960 6068
4021 8105
1038 5136
1586 5676
2062 6160
977 5070
975 5103
3146 7274
44 4111
3785 7914
4014 8075
2123 6253
3459 7595
3197 7252
723 4857
3397 7529
3821 7901
2735 6814
1032 5178
2603 6681
2061 6201
2682 6735
1645 5720
501 4547
1736 5887
334 4473
329 4465
456 4593
2337 6424
3811 7898
140 4278
3811 7903
3140 7290
1184 5279
2113 6145
2352 6514
626 4663
3338 7495
4003 8174
2175 6193
3625 7782
1296 5471
1886 5902
165 4340
2073 6219
1966 6140
2315 6494
2336 6518
232 4273
2210 6392
4028 8166
119 4140
971 5013
2291 6317
3786 7849
136 4331
3688 7692
3180 7177
469 4541
2966 7164
776 4963
673 4817
2190 6398
548 4693
1088 5170
3858 8033
2688 6899
3394 7478
101 4112
4079 8090
129 4343
1577 5727
1581 5723
1269 5250
195 4283
1710 5847
1954 6110
39 4187
978 5039
650 4852
1236 5291
1892 6116
26 4250
1689 5659
1515 5481
3575 7541
745 4716
3931 8156
3260 7220
221 4180
3535 7493
678 4653
1611 5830
2259 6238
2485 6459
3504 7486
1128 5351
2490 6453
412 4364
3521 7505
127 4333
199 4181
859 5064
2877 7086
2995 6949
2288 6247
418 4405
3905 8153
3689 7920
1779 5738
1609 5842
2246 6234
46 4275
2860 7089
2412 6642
3649 7902
2730 6666
858 5113
3009 7010
530 4790
2829 7080
2105 6303
40 4238
1231 5225
1379 5578
3364 7566
209 4219
1178 5169
2275 6223
1408 5420
2497 6511
1827 6029
847 5088
511 4431
1527 5447
1076 5255
2072 6316
2021 5970
2481 6409
2067 6314
3265 7291
1860 6143
53 4235
1388 5587
1608 5768
818 5106
3101 7391
1609 5773
2048 6340
3838 7736
1212 5237
1082 5360
1891 6056
936 4964
1919 6064
555 4836
2898 7043
2717 6734
1327 5627
241 4132
923 4942
1368 5519
371 4522
858 4996
57 4327
4007 8007
630 4758
1884 6076
3514 7514
387 4451
1352 5544
3306 7179
4037 7972
2800 6673
1862 6053
1234 5175
339 4533
2600 6848
3825 7704
139 4193
2386 6585
1391 5507
3040 6925
4062 7982
2557 6413
336 4513
108 4254
497 4354
982 4901
3339 7678
416 4438
2483 6469
3670 7841
1685 5741
2636 6833
1360 5551
409 4454
1801 6134
3664 8017
696 5049
1602 5952
3220 7574
4051 7894
356 4195
1801 5646
1739 6083
943 4774
2532 6381
1263 5606
525 4871
3405 7233
2314 6151
2124 6465
2887 6729
2178 6547
2610 6944
2918 6772
2803 7143
899 4758
934 4787
1415 5265
206 4566
1102 5463
3925 7759
103 4475
3534 7378
3592 7958
3391 7201
1162 5524
1447 5255
285 4157
3717 8100
1464 5274
924 4798
808 4620
4053 7923
3219 7605
911 4776
128 4519
576 4968
2377 6240
2676 7005
467 4345
710 5100
939 4737
1564 5936
3540 7419
736 5071
3269 7669
2124 6526
1617 5986
1834 5662
193 4597
2232 6541
3224 7586
2176 6586
195 4604
152 4569
2293 6583
1288 5194
3826 8113
446 4346
3410 7190
1112 5404
1539 5957
1918 5688
625 4919
803 4708
2821 6733
2479 6373
3448 7219
4018 7929
2653 6928
87 4377
337 4097
1060 5493
1089 5395
126 4397
855 4610
2858 6771
2754 7064
372 4142
878 4661
2435 6360
1227 5527
283 4165
1836 5708
4075 7817
963 4769
3765 8150
2313 6253
1832 5708
3872 7749
747 5005
774 4705
1900 5637
2010 5811
3989 7932
183 4572
2360 6231
1761 6030
1130 5402
575 4940
2105 6474
3227 7656
338 4132
1758 6054
190 4549
2861 6829
3250 7474
1671 5894
1687 5909
327 4292
1638 6117
2644 7123
3723 7939
607 5079
2371 6346
3472 7194
1115 5589
1766 5993
318 4273
1445 5162
740 4982
1982 5674
306 4261
3727 7960
3793 8006
890 4834
3420 7364
3569 7272
1997 5716
3984 7691
1532 5216
1660 6113
2765 7021
2281 6472
2462 6207
173 4367
972 4719
392 4141
3257 7452
3864 7870
3125 7581
3134 7574
511 4181
3916 7910
1390 5343
1510 5204
798 4780
3982 7741
701 4873
3049 6748
1972 5634
264 4286
708 4979
2121 6654
1982 5641
1706 5917
2658 7131
329 4339
104 4563
2239 6404
3651 8184
3087 7602
815 4754
3490 7196
2995 6669
3657 8073
1 4545
1813 5841
1045 5584
2283 6445
680 4974
3818 7981
1702 5999
1373 5268
2899 6810
2207 6484
2209 6508
2927 6847
2792 6968
1923 5715
2310 6356
3366 7412
3635 8167
2298 6444
3955 7845
1439 5193
2898 6789
1552 6087
2200 6465
370 4270
3550 7170
3894 7912
1459 5228
1824 5824
345 4281
2661 7044
2243 6432
263 4323
3359 7418
2830 6889
780 4837
1630 6071
1000 4611
230 4361
1167 5472
2355 6338
1323 5337
1435 5225
1452 5215
2336 6356
3417 7341
2341 6353
3319 7426
806 4819
3216 7526
3221 7522
595 5034
2761 6960
1020 4614
3112 7634
3594 8183
1149 5506
745 4328
2606 6191
769 4355
1777 5362
1483 6095
917 4498
3643 7228
2099 6714
1705 5283
1460 6079
2651 6224
369 4988
688 4285
3440 8062
1549 5149
2215 6837
1849 5418
3903 7467
3438 8058
2050 6679
2188 6804
3067 6625
1013 4585
179 4780
3364 7940
1985 5602
2563 6187
1566 5173
1659 5206
880 4417
2782 6383
1751 5349
883 4416
2903 6500
2669 6232
3994 7586
2196 6829
3899 7431
2820 6456
3258 7814
2289 6860
3178 7767
1789 5314
3018 6537
59 4735
2905 6431
1311 5974
49 4728
2312 6981
3672 7190
3358 8016
527 4160
582 4105
3270 7817
3977 7641
3948 7485
3529 8088
3169 7732
481 5047
809 4464
2631 6173
3345 8015
2191 6864
2874 6490
3088 7792
777 4458
1957 5574
1747 5303
277 4989
24 4722
2698 6395
1809 5472
1378 5904
693 4295
1365 5926
856 4396
3752 7389
1313 5972
1709 5336
1991 5567
1940 5612
583 4154
1917 5629
3649 7361
2554 7034
3373 8109
3316 7797
1362 6096
601 4315
2232 6716
2268 6745
3702 7422
724 4191
2125 6849
1592 5301
2874 6580
266 5018
1821 5517
1905 5603
2743 6180
1199 5691
4000 7477
2366 7083
3960 7662
1022 4457
156 4614
433 4909
432 4909
1959 5432
469 4983
2064 6838
404 4915
2512 7033
90 4851
2623 6289
919 4409
2943 6609
475 4980
86 4838
1410 5938
1169 5664
3931 7657
1976 5386
3069 6479
36 4759
1347 6135
1106 5860
2420 7118
3287 7789
1465 5890
3638 7306
1364 6121
3074 7871
3476 7978
1882 5529
3422 8090
318 5114
2070 6867
3918 7560
2535 6945
3246 7784
538 4304
3427 8108
1164 5724
3354 8138
2320 7106
928 4467
2562 6358
2372 7057
2120 6800
1183 5700
2868 6634
3353 8134
1208 5735
1974 5460
1758 5181
2194 6774
120 4765
1557 5363
2571 6369
2179 6765
4074 7428
3108 7883
835 4530
2170 6795
3463 8048
556 4309
725 4143
1548 5367
551 4316
906 4234
1544 5385
88 4954
3799 7636
3419 7775
462 4810
401 4756
3661 7496
2219 7084
2381 6730
2792 6624
273 4634
2310 6669
3641 7474
1726 5557
3335 7690
1132 5985
1204 6074
97 4977
3000 6313
3618 7473
1616 5443
1539 5392
1870 5213
3795 7616
794 4098
1378 5754
3677 7493
828 4134
899 4249
840 4182
1080 5926
2741 6571
3071 6368
643 4508
1697 5504
417 4738
244 5079
1763 5573
2018 5320
3648 7531
3987 7358
914 4287
1346 5740
3078 7977
1562 5419
2886 6258
98 4950
2253 7160
3150 8059
689 4484
3549 7912
2625 6519
2945 6327
3771 7554
3278 8180
3481 7843
4095 7365
94 4965
547 4382
2620 6524
1205 6132
2875 6265
1053 5976
1286 5696
3020 6282
163 5093
3431 7726
346 4627
265 4675
3725 7618
1403 5684
3759 7679
2880 6162
3729 7621
979 4229
1901 5179
553 4478
3778 7578
19 4937
1261 6070
1622 5389
315 4711
1531 5799
1021 4257
1650 5422
133 5081
255 5023
3638 7511
1781 5524
2484 6870
2688 6627
4024 7388
1128 5900
3665 7476
1788 5531
3116 8007
1141 5913
145 5119
610 4370
1674 5627
2421 6663
3531 7864
762 4483
3145 7987
3557 7833
1977 5318
3288 8024
2609 6579
1798 5253
3947 7407
3560 7789
3402 7885
1305 5790
3648 7626
2236 6966
372 4863
3666 7647
1999 5184
296 4775
3723 7451
359 4853
178 4902
3809 7540
1411 5652
2153 7153
3013 6237
3225 7938
3858 7308
1314 5820
1933 5139
3836 7523
2986 6197
2702 6447
1973 5143
2742 6421
2804 6482
1185 5895
1642 5581
154 4925
508 4692
267 4770
674 4363
2367 6805
2869 6296
928 4110
3035 6260
2439 6711
3244 7964
2325 6821
3587 7602
1232 5987
2137 7149
181 4877
2564 6591
3168 8155
1912 5315
1016 4164
303 4755
1129 6101
751 4434
1249 5983
3282 8044
792 4263
75 5108
2544 6705
2157 7084
1278 5948
509 4664
2077 7125
209 4889
2204 6997
297 4835
3732 7519
3926 7323
1562 5589
880 4257
2615 6629
1158 5971
2133 7043
3427 7867
402 4682
3022 6164
3890 7406
3961 7332
644 4441
3338 7892
2101 7125
65 5025
1419 5737
3080 8172
720 4404
3636 7633
1421 5732
918 4223
937 4162
405 4729
3602 7651
373 4740
2275 6930
3950 7324
543 4586
1794 5367
268 4857
324 4786
566 4558
1145 6017
2616 6595
829 4289
2761 6453
2844 6369
2216 6998
3174 8088
3460 7803
1045 6122
967 6086
2946 8070
791 5906
3493 6562
1435 4508
2969 8081
2673 7802
813 5921
1374 4432
730 5844
3123 6179
1291 4378
2117 7254
630 5731
3551 6602
3823 6905
2460 7563
3970 7067
2444 7575
3153 6221
361 5493
90 5189
2611 7699
2213 7303
3673 6780
346 5503
2195 7349
1975 5008
4030 7065
989 6135
1553 4667
2008 5106
3126 6170
3217 6333
1778 4802
2012 5100
227 5330
1093 4215
1052 4142
3386 6414
1652 4672
2676 7745
1300 4386
3656 6783
1050 4130
2112 7289
1541 4670
3455 6468
2696 7861
1466 4487
3762 6799
3495 6553
2555 7620
955 6139
1747 4755
3002 8184
20 5202
218 5265
3079 6218
2032 5055
3801 6806
2607 7776
665 5833
2798 7864
113 5158
4006 7164
1980 5089
1441 4607
2937 7974
3328 6495
3573 6551
585 5677
234 5261
3493 6594
2674 7701
212 5308
1111 4159
2727 7886
3070 8087
1170 4345
246 5275
3170 6159
187 5332
3974 7145
141 5372
682 5851
1648 4609
1187 4305
1956 5078
1044 4199
3856 7012
887 5891
3881 7005
460 5561
262 5491
2329 7532
1054 4203
4073 7058
2980 8152
3466 6647
56 5190
519 5767
1741 4685
1489 4432
1254 4199
2684 7934
2080 7332
1137 4341
3253 6195
3840 7047
1438 4374
609 5866
850 6105
2242 7246
423 5418
843 6107
1233 4161
3796 6724
3587 6802
3766 6693
3190 6373
912 5892
3827 6757
2724 7730
397 5402
2300 7275
860 6087
2849 8125
2911 8130
293 5511
1325 4489
3233 6149
2863 8074
3118 6280
4089 7007
1550 4777
3259 6161
1540 4778
3758 6686
748 5725
869 6100
1349 4596
2627 7922
1997 4991
3312 6213
2383 7673
438 5377
324 5619
2678 7887
2686 7879
2888 8179
893 6086
1377 4573
3955 7117
2812 7747
271 5582
2221 7279
2057 7371
1806 5069
2519 7444
2616 7933
3515 6525
194 5124
1702 4704
2007 4880
3511 6527
2918 8110
2036 4924
2013 4887
1640 4771
2802 7742
109 5283
3378 6653
1044 4292
1116 4237
374 5543
1197 4223
2556 7470
531 5824
3853 7129
19 5318
3164 6283
2565 7900
2184 7250
1028 4319
2129 7345
427 5449
552 5834
3014 7973
108 5263
2154 7308
1894 5002
33 5325
1538 4847
633 5783
1941 4986
3196 6284
3734 6759
3268 6199
1572 4823
3362 6614
3003 8013
2583 7904
3525 6463
3839 6658
3012 7993
1466 4421
3780 7108
3448 6264
10 5387
1535 4350
3177 6504
3953 6773
3189 6515
2106 7475
1204 4537
3797 7110
3522 6357
2728 8112
1047 4366
2128 7497
2450 7304
2293 7663
2729 8115
3627 6967
1166 4499
2399 7232
1312 4096
954 5784
1715 5008
1377 4165
793 5693
455 5346
1258 4559
1266 4567
1366 4222
3183 6468
2188 7584
3704 6996
261 5160
2 5423
3185 6494
1111 4454
3063 7877
3525 6391
663 6051
1151 4425
3266 6644
897 5814
1939 4779
2101 7439
2005 4846
3300 6617
2030 4816
619 5931
1799 4678
1853 4729
2306 7238
716 6024
311 5234
3646 7035
1942 4819
29 5464
799 5720
2531 7339
1213 4598
2930 7712
2575 8029
3871 6732
3264 6549
2184 7647
1474 4245
2930 7723
1736 5011
363 5168
1064 4467
901 5854
1528 4260
3352 6212
2613 8043
1802 4714
3262 6622
490 5257
4049 6836
3849 6767
4094 6808
2182 7648
2440 7407
1091 4388
2107 7507
1070 4423
948 5855
93 5424
3008 7855
2222 7646
2557 7309
3136 6450
995 5777
3942 6677
29 5480
368 5127
1576 4959
1344 4155
549 5979
3755 7124
3842 6786
2527 7263
2196 7444
3119 6574
2264 7514
669 5918
727 5972
1144 4604
603 6108
3489 6185
878 5861
1525 4217
2710 7963
2590 8081
3627 7099
1774 4988
2786 8054
1246 4424
236 5499
728 5954
1850 4768
1395 4335
3048 7796
816 5805
2318 7312
3367 6328
531 6067
2626 8160
3941 6855
3630 7051
2504 7277
74 5615
4085 6738
2551 7262
1034 4512
3246 6402
618 6084
3991 6694
3675 7150
3519 6153
3194 6604
106 5586
665 5923
2848 7835
2359 7307
3740 6945
2709 7976
2274 7516
3104 6624
1081 4601
3025 7696
572 6141
1361 4240
3610 7134
78 5515
753 5940
2635 8077
3004 7803
300 5355
1086 4598
4091 6706
802 5865
1936 4700
55 5626
3277 6403
1944 4682
1693 4936
2861 7931
773 5842
1611 5011
4036 6684
1133 4532
2832 7881
3671 7053
1356 4246
1042 4557
2769 7950
627 6035
2301 7453
3674 7099
3541 6199
484 5126
3544 6202
1127 4485
671 6012
496 5140
1210 4446
3869 6904
1513 4108
2846 7928
2084 7619
3431 6287
2615 8158
1131 4482
2524 7217
2675 8093
1855 4814
2487 7237
1393 4229
1157 4465
1563 5101
2018 4632
3692 7057
2498 7231
1381 4248
2968 7783
2355 7987
2860 7469
666 5275
2547 8177
1222 4805
2182 7810
2809 7420
1844 4408
3346 6940
3095 6680
2817 7438
2617 7222
1107 4700
450 6093
540 5133
2348 7998
3643 6191
3097 6671
2271 7880
2556 8164
719 5332
4048 6603
367 6002
3839 6370
4035 6621
3464 7063
2199 7862
2896 7538
3800 6394
328 5995
1601 4197
3607 6194
1219 4843
3850 6434
3443 7003
3284 6908
1769 4291
1299 4926
1842 4383
2043 4565
3676 6258
1237 4858
1293 4921
2493 8068
17 5672
1816 4387
741 5342
151 5804
607 5220
3311 6866
1156 4794
61 5635
227 5853
601 5222
297 5992
2388 7952
617 5165
1437 5080
1670 4288
4079 6569
1002 5548
3506 7162
4069 6572
1831 4462
379 5943
3410 6943
3031 7576
1424 5057
1691 4297
472 6027
1640 4158
1102 4633
196 5779
1556 4172
3384 7008
2543 8119
3462 7135
1123 4665
1366 4876
2046 4517
1723 4327
1714 4334
916 5576
1189 4856
2445 8147
3446 6953
258 5981
1260 4749
555 5193
1039 4716
1717 4304
2534 8067
67 5669
917 5628
842 5411
3205 6892
2426 7952
504 6036
588 5153
1430 5115
1703 4298
706 5295
1418 5095
814 5440
178 5853
3507 7132
2601 7256
2073 7784
2644 7206
1334 4930
768 5492
3846 6514
3323 6787
2733 7380
2883 7482
2869 7500
287 5990
3278 6837
868 5400
62 5822
32 5796
238 5736
784 5531
3749 6190
3492 6959
437 5925
1448 4920
2461 7949
854 5574
3199 6890
895 5609
1583 4281
2596 7346
3180 6900
517 5276
634 5347
864 5626
27 5767
24 5764
3454 7139
3693 6384
793 5511
3512 6950
640 5152
339 6130
2458 7992
2452 7991
2778 7294
769 5541
1198 4619
3279 6756
3673 6386
1561 4277
3101 6832
3897 6548
1654 4313
1295 5055
1512 4953
1488 4962
1904 4547
1250 4689
3737 6189
2451 7978
3006 7426
1406 5058
1898 4565
573 5372
2158 7853
1317 5089
2509 7947
2665 7343
1457 4983
3191 6847
2659 7339
875 5537
1172 4703
624 5307
2405 8105
2857 7675
3056 7459
3928 6539
3769 6252
3710 6310
3976 6480
2141 7813
3606 6350
1414 4959
188 5733
520 5329
131 5721
1442 4985
3033 7429
121 5797
498 5935
80 5774
425 5961
3827 6163
7 5863
2 5859
1392 5010
3862 6642
4060 6458
2346 8141
507 5916
2922 7554
3779 6187
759 5150
2594 7371
2486 8028
316 6103
2515 7999
2733 7235
1947 4468
2694 7286
403 5986
2593 7381
2122 7870
1161 4734
3100 6885
3615 6374
2609 7368
1618 4265
142 5749
2215 7770
1350 5051
2925 7571
2871 7624
2492 8003
1569 4318
2962 7313
1537 4354
2198 8085
3980 6281
1040 4885
309 5683
2119 8001
2687 7545
3615 6422
3035 7377
3886 6178
862 5203
3176 7014
1610 4420
2354 7740
3836 6643
954 5301
2507 7876
2589 7436
1979 4266
459 5850
3906 6227
2591 7437
3056 7394
1253 5111
3859 6144
1695 4492
1141 4966
3300 7159
3497 6842
4018 6308
1656 4463
2339 7736
3418 6726
229 6139
3131 6948
2428 7772
1330 4624
991 5373
1716 4502
3744 6531
1898 4174
997 5312
2521 7935
261 5667
3786 6637
3614 6457
282 5681
872 5191
91 5994
1532 4813
2098 7936
3536 6884
2198 8098
3586 6454
2464 7830
1599 4360
4071 6367
46 5911
4040 6385
2640 7530
3548 6886
1115 4966
569 5383
1866 4213
1198 5102
2039 4278
1605 4356
1481 4744
3495 6886
1272 5053
2872 7294
414 5847
1896 4129
2736 7677
1682 4575
550 5481
1521 4769
118 5924
3371 6777
3045 7350
2209 8178
3058 7334
3128 7020
2948 7377
3986 6343
3726 6619
2271 8072
3624 6512
3921 6153
655 5590
3371 6770
764 5542
3032 7298
1261 5040
458 5780
1334 4713
294 5703
2078 8060
2707 7665
492 5775
198 6053
581 5414
3176 6926
3621 6467
1699 4548
3761 6617
1397 4638
1103 4900
1662 4373
598 5435
2703 7650
623 5377
30 5998
121 5899
1682 4577
2151 7955
1382 4626
2453 7906
2175 7944
3584 6521
433 5835
863 5156
2729 7637
2171 7942
3685 6427
2116 7995
2129 8144
1020 5240
314 5820
1454 4646
1232 4952
4058 6227
2230 7999
384 5645
1355 4805
355 5869
3210 6916
3441 6910
117 6117
755 5473
3466 6681
670 5386
1799 4253
3199 7140
3094 7053
3206 6938
3514 6695
2421 7914
2393 7928
284 5821
871 5317
1227 4975
158 5947
515 5541
2881 7398
3588 6573
3653 6638
2659 7630
2478 7683
3375 6785
3655 6633
1492 4704
3029 7267
2952 7230
952 5135
2012 4196
2502 7805
4016 6155
1936 4139
2966 7211
2462 7715
1423 4657
1665 4415
3783 6406
1387 4776
1582 4589
2226 8055
2282 7983
3374 6887
2006 4127
3977 6211
1563 4561
697 5490
2484 7800
2387 7839
830 5361
2713 7510
1423 4699
3417 6797
4093 6177
3414 6793
2416 7824
3379 6866
3801 6456
690 5459
4076 6152
2767 7466
2001 4148
1327 4810
1822 4342
2487 7772
1877 4280
724 5433
1048 5109
3247 6977
1289 4838
383 5775
1465 4683
839 5300
460 5689
1163 4990
484 5651
2245 7986
1087 5063
2270 7972
1942 4205
939 5207
694 5451
2837 7400
3596 6643
449 5694
3567 5614
1651 7794
3282 5331
930 7075
1584 7730
54 6192
1421 7562
1782 7921
1401 7550
2429 4468
1692 7824
3438 5474
2239 4274
1795 7948
719 6879
3725 5789
257 6418
2172 4201
2829 4888
94 6217
2015 8132
1650 7791
1420 7597
2046 8156
4053 6129
1696 7814
1932 8107
2543 4552
4038 6126
2574 4647
493 6596
714 6880
1043 7225
3548 5622
3983 6052
1031 7208
2047 8144
2951 5032
2402 4429
138 6331
3871 5932
130 6326
2745 4751
64 6263
508 6597
1613 7793
567 6667
3471 5583
3802 5787
3727 5837
3407 5388
2670 4650
57 6269
2476 4585
584 6656
119 6207
564 6781
2976 5098
919 7133
3787 5761
1893 7983
2433 4557
3770 5879
219 6292
331 6427
1397 7461
2234 4330
3595 5723
599 6658
1868 7962
2319 4440
2932 4908
3113 5232
1209 7394
3578 5537
92 6146
586 6701
314 6482
3549 5557
3181 5127
2604 4672
3939 5902
3685 5642
1554 7805
2890 4901
3172 5141
3030 5031
1891 7959
350 6442
1566 7786
3469 5625
491 6558
1154 7412
135 6399
4064 6040
2835 4970
1596 7751
60 6208
1582 7763
3792 5806
1840 8014
1326 7505
239 6288
2994 4914
2677 4852
1405 7672
272 6550
1113 7390
2434 4361
389 6409
2303 4211
2771 4702
988 6993
1462 7480
1138 7421
685 6690
1764 7787
1512 7544
3803 5705
3741 5647
35 6321
3394 5585
1839 8124
1773 7800
1171 7173
3663 5849
228 6259
2894 5077
240 6251
1245 7232
1537 7838
2886 5094
2700 4654
2654 4859
325 6627
626 6869
3593 5795
3662 5858
1864 8165
1965 7938
1395 7622
2357 4480
1157 7229
7 6335
3682 5848
1234 7272
2477 4375
452 6527
1487 7539
3698 5838
206 6256
765 6722
1343 7678
3086 5322
3949 6057
3285 5136
279 6610
2528 4391
399 6472
972 6923
1957 8044
1978 8055
3499 5477
443 6516
2193 4190
3813 5685
309 6628
3564 5437
3314 5158
3743 5707
1588 7905
3137 5270
752 6696
3942 6078
723 6667
3308 5173
326 6556
251 6176
712 6675
138 6225
1752 7683
3908 6042
3377 5614
1613 7853
3330 5601
1838 8141
4011 5960
60 6362
2887 5025
14 6376
1935 8040
521 6894
455 6443
3500 5441
1443 7502
3595 5862
920 7030
100 6283
2955 4987
96 6289
2991 4958
2785 4629
1097 7356
872 7070
145 6246
3077 5362
182 6222
1908 8076
1652 7816
1306 7654
1506 7455
1505 7393
4086 5878
2335 4126
1829 7719
2276 4576
3637 5936
3204 5506
2183 4481
2219 4525
3489 5286
1255 7648
1955 7850
1929 7810
123 6519
3995 5782
1347 7250
1072 7457
795 6670
3745 6068
1188 7603
1678 8086
3148 5461
491 6386
756 7149
1543 7966
3513 5280
2932 4718
3770 6049
3987 5774
1614 8016
3356 5123
3234 5565
2320 4144
3739 6074
2092 4367
951 6801
2714 5052
1713 8086
541 6965
317 6165
3232 5513
4090 5840
2425 4180
3848 5670
2949 4778
2309 4138
845 6783
656 7074
776 6715
3119 5401
3307 5587
746 7120
635 6983
480 6365
2529 4316
3413 5227
3250 5616
1992 7819
2088 4459
2957 4807
3916 5638
1587 8063
1676 8128
2093 4448
3776 6029
896 6863
2806 5030
2294 4518
509 6319
713 7068
503 6305
3046 4796
1913 7714
349 6150
552 7028
1612 7953
3897 5735
836 6683
3718 6118
225 6529
2811 5019
3115 5454
3155 5430
1534 7323
903 6881
278 6257
1879 7743
2055 4462
1842 7769
224 6542
603 6955
529 7009
3297 5525
2108 4424
4046 5819
1457 7367
3360 5214
985 6823
596 6954
2866 4787
2540 4206
2234 4415
388 6157
3280 5467
2657 5101
2327 4250
3382 5286
2935 4839
223 6478
2547 4194
3157 5572
296 6330
2777 4939
1647 8188
3904 5843
1143 7652
2572 5016
1624 8140
2104 4513
2128 4555
3590 6043
530 7055
1979 7718
2353 4270
3551 5247
849 6896
1655 8149
1083 7576
3325 5470
2476 4104
2341 4224
1023 6743
758 7007
3601 6075
3051 4673
1663 8146
2425 4298
3579 5197
3478 5153
2620 5003
1046 7598
2805 4940
2147 4569
2415 4306
1773 8019
2582 5033
2127 4495
770 6851
3974 5699
3802 5917
2963 4697
1101 7559
2112 4490
3376 5371
520 7107
1431 7259
2587 5078
1371 7317
1308 7379
512 7123
3670 6021
3414 5250
2967 4673
753 6951
3865 5838
3598 6102
4040 5649
3093 5583
4026 5729
971 6678
3565 5171
3946 5813
2782 4865
3026 4658
933 6724
1137 7572
2063 4584
3194 5520
1163 7520
2848 4811
3255 5467
2218 4422
2928 4766
2143 4528
1021 6674
1558 8166
474 6184
1735 7989
2077 4590
1500 7215
2731 4947
2845 4836
1876 7854
4078 5653
1338 7366
3398 5307
2260 4394
3887 5841
3944 5783
172 6828
3205 5765
3432 5994
2409 4971
3397 5958
16 6676
4004 5538
1906 7546
2689 4232
2469 5036
2699 4226
2849 4392
3911 5453
1359 8004
1212 7856
3524 6091
370 7011
2400 4977
2904 4426
1399 8035
931 6582
1604 7249
3887 5430
122 6755
3016 4562
2253 4822
2584 4100
1063 7739
210 6862
851 6477
1565 7171
1049 7687
681 6280
471 7158
1971 7575
1085 7706
3021 4586
3080 5666
3817 5315
1427 8127
3708 5201
3713 5295
997 6603
571 6164
1306 7989
2390 4967
3728 5284
2183 4797
153 6818
3331 5951
1596 7170
2065 4655
1709 7314
848 6417
2058 4687
3259 5886
1187 7908
2934 4414
502 7100
2014 7572
2870 4477
535 6236
2716 4311
2238 4851
615 6186
2583 4185
2103 4728
3982 5569
2160 4671
3053 4540
1954 7667
3369 6011
1755 7310
1303 8013
3214 5845
245 6826
3133 5730
1623 7223
1785 7321
2438 5092
662 6388
2731 4296
80 6709
892 6426
574 6230
285 7029
3480 6129
146 6904
1629 7223
2143 4660
3956 5401
2266 4779
3593 5245
1481 8125
3864 5485
468 7074
1229 7866
2201 4833
3413 5933
249 6785
3539 6058
4039 5566
1721 7360
2652 4133
3570 6024
1686 7403
1808 7568
2152 4842
2666 4329
879 6636
1346 8134
2561 4228
3306 5741
2113 4809
3787 5186
2300 4726
2741 4158
3066 4470
3372 6048
2040 7540
2841 4500
3539 5955
2396 5068
1294 8094
391 6935
2171 4841
805 6582
3735 5124
2081 4789
2431 5097
2297 4719
2362 5037
505 7022
1150 7911
1800 7569
2732 4150
2971 4359
2443 4884
959 6431
2718 4152
398 6950
3863 5566
3985 5436
3984 5437
1458 7967
1943 7481
982 6520
2681 4310
2414 5057
3498 5915
1416 7996
2192 4644
2979 4372
2633 4337
1477 8060
1014 6479
2375 5117
2992 4362
4064 5466
924 6438
750 6229
1074 7822
3717 5178
1560 7385
1343 8189
3310 5677
466 6934
1259 7727
4043 5390
1932 7499
1393 8121
1409 8010
264 7111
3599 5341
2148 4785
3387 6126
4008 5502
2788 4156
54 6894
3216 5705
2156 4789
1180 7744
3571 5935
496 6928
1282 8162
667 6267
2037 7441
2822 4576
1493 7997
3038 4407
2357 5084
2443 4961
3468 5991
1629 7350
3540 5951
1894 7565
2237 4685
385 7026
1471 8011
411 7022
536 6382
510 6918
1093 7871
3067 4353
1684 7279
2528 4892
1972 7498
1644 7535
707 6592
3045 4326
727 6612
137 7052
3824 5621
326 6721
1061 7970
1684 7580
1804 7172
2447 4742
1300 7710
3832 5618
289 6701
2045 7409
3558 5867
2501 4808
2818 4114
3566 5887
3402 5721
1388 7801
437 6819
1312 7737
1711 7606
2500 4826
1643 7499
1824 7169
3721 5547
2580 4400
307 6677
3892 5138
474 6908
2643 4472
1600 7532
2190 5026
2664 4421
3476 5817
2090 4869
1733 7658
3712 5552
3949 5213
622 6495
680 6553
2836 4134
690 6529
2092 4889
3619 5397
3475 5796
1659 7491
3356 5668
468 6893
1108 8047
3160 5989
3666 5484
3345 5679
2225 5007
1297 7726
3149 5903
3590 5445
2269 5022
191 7163
2720 4581
3668 5393
3769 5631
1567 7512
3226 6098
1974 7423
1341 7793
1854 7283
3270 6027
2328 4694
2570 4420
1595 7541
2605 4450
1002 6331
387 6865
295 6773
2721 4594
2765 4504
1914 7215
408 6862
2645 4355
2407 4656
3999 5319
3720 5584
2185 5072
2852 4221
1638 7484
1530 7840
3006 4325
2581 4430
2917 4154
317 6749
1783 7573
3556 5766
1494 7860
2628 4385
162 7111
1910 7185
3832 5520
659 6650
319 6739
83 6972
2632 4409
2772 4518
457 6845
3932 5161
1424 7910
628 6412
85 6958
2783 4515
2914 4127
2768 4525
3910 5179
2767 4528
3745 5598
2545 4720
3640 5562
3855 5261
375 6901
1518 7786
636 6649
448 6725
973 6219
488 6767
3138 6090
3223 5914
2760 4422
4034 5197
951 6200
3032 4183
3390 5807
3361 5808
3568 5729
3713 5395
3547 5711
3239 5939
1479 7762
2568 4497
3245 5943
3753 5426
1574 7613
1691 7424
2505 4695
3719 5415
631 6614
1416 7721
2723 4353
3050 4175
3639 5521
3570 5716
4082 5205
3953 5334
3891 5272
2596 4495
2237 4881
3706 5591
1462 7707
2665 4551
2768 4448
1924 7220
3950 5342
69 7156
406 6692
299 6809
2842 4264
1601 7669
790 6304
51 7045
875 6364
2004 7276
2214 4893
3137 6138
2398 4834
3678 5602
2940 4290
2144 5087
3228 5980
1412 7748
1429 7765
3867 5337
3909 5249
281 6876
1540 7628
1425 7771
1872 7322
802 6383
726 6425
3217 5953
1767 7479
1293 7900
2525 4622
464 6659
1305 7884
3877 5360
2908 4233
3388 5866
3616 5622
2307 4820
2841 4288
1439 7748
3956 5289
1191 8057
3556 5636
1589 7639
1627 7608
1800 7404
2131 5046
651 6509
2504 4640
980 6205
854 6335
1740 7462
290 6861
1875 7331
303 6879
1649 7553
3729 5473
200 6970
3010 4145
3003 4175
2063 5115
3652 5553
605 6568
2233 4943
867 6299
2291 4875
1985 7225
1504 7705
298 6865
3988 5224
1637 7577
2087 5082
943 6225
1634 7580
1528 7686
3524 5691
1704 7511
321 7488
1422 6541
443 7614
4031 5050
583 7744
3815 4832
1859 6987
1418 6530
1697 6827
1226 6342
2816 5900
1386 6503
1455 6591
2935 5991
217 7369
3142 4179
3901 4904
1320 6462
2772 5827
356 7548
9 7184
2948 6046
2579 5641
2608 5674
203 7383
1622 6730
2553 5604
1987 7132
1183 6332
1867 7023
373 7506
259 7460
1962 7042
2060 5157
3011 6127
3863 4923
3591 4650
2752 5870
312 7447
3471 4543
2069 5156
2544 5570
214 7396
1190 6292
1703 6804
1107 6240
2312 5436
3337 4413
1429 6560
3681 4695
1173 6307
1324 6422
962 8188
3861 4949
1264 6320
614 7716
193 7299
1879 6932
3552 4516
1095 6147
2931 5942
825 8062
2347 5475
28 7252
1959 7150
3780 4750
1608 6661
1970 7167
2879 6001
1583 6753
3905 4879
1478 6536
1475 6540
1994 7066
2247 5271
2873 5992
983 8068
2254 5277
2929 5925
1788 6826
3082 4188
3077 4178
2085 5245
3323 4259
1803 6999
2262 5259
2348 5489
826 8039
2936 5927
4013 5065
2382 5416
2461 5621
2350 5444
2267 5297
1206 6363
1948 7155
3039 6063
844 7996
1555 6754
1320 6489
3030 6055
1830 6997
3794 4774
2774 5795
504 7565
453 7613
2122 5174
757 7818
3800 4775
3124 4276
4030 4927
2770 5718
1790 6778
1498 6492
3799 4703
380 7670
1069 6304
2685 5875
388 7435
1380 6645
2740 5670
2536 5498
1085 6318
1086 6315
3065 5999
2592 5815
782 8089
1277 6244
2566 5789
3193 4322
1811 7048
3840 5022
922 7941
2859 6025
656 7731
3127 4241
176 7191
2910 6137
739 7755
2071 5311
1545 6818
2748 5655
1033 6308
333 7651
1458 6428
598 7908
3159 4324
1675 6712
2510 5498
2169 5324
3552 4438
3558 4433
2036 6979
2653 5861
1797 7101
1762 6744
3693 4822
2773 5737
3193 4293
1593 6788
1667 6717
288 7583
1049 6363
1039 6348
4044 4873
4059 4892
2361 5630
2333 5588
2538 5408
1876 7071
1029 6350
2005 6937
2406 5546
2799 5666
3698 4799
2386 5535
357 7592
2845 6096
3580 4402
3212 4162
3964 5042
3967 5040
2810 5685
1098 6299
1939 6978
2457 5450
3443 4519
1559 6850
3954 5028
2061 5333
2350 5623
3453 4516
1384 6577
2825 6099
353 7611
226 7224
758 7725
732 7687
2597 5829
1615 6828
3962 5017
663 7795
3365 4544
2604 5833
322 7591
2992 5975
2819 6116
128 7271
2952 5984
3400 4514
2549 5406
905 8037
2866 6110
2119 5291
1029 6377
3147 4262
1656 6807
3738 4725
2321 5600
3253 4166
1223 6194
2827 6131
3644 4806
946 8009
1030 6397
70 7354
323 7614
2140 5282
3960 4999
1170 6544
2734 6058
2973 5784
1663 7034
2382 5192
3653 4931
3537 4310
1745 7129
2147 5482
3902 4659
2262 5593
2121 5465
48 7456
2569 5912
2708 6023
1484 6367
882 7783
804 7729
978 7877
9 7442
2652 5954
2427 5209
3703 4946
2392 5246
1082 6429
1200 6552
3424 4169
4081 4827
2586 5937
1499 6384
1354 6247
1833 6663
2204 5554
558 7937
687 8095
783 7743
3073 4405
364 7258
1604 7027
616 8018
539 7969
2920 5717
2514 5356
110 7504
2855 5656
1220 6534
592 7954
653 8142
1165 6601
2096 5494
4052 4754
91 7442
3530 4227
750 8101
3807 5009
4048 4736
1732 7062
4033 4757
3952 4645
1311 6216
2456 5327
3436 4148
1385 6192
2136 5378
2020 6846
2725 6142
2806 6059
3111 4474
3773 5091
1404 6179
2023 6840
1228 6572
2937 5656
949 7892
1177 6648
3772 5086
1727 7133
818 7760
1851 6745
2997 5846
766 8091
998 7808
2856 5710
1460 6365
1565 7031
3976 4835
2846 5747
3658 4903
3604 4986
1148 6418
251 7563
2798 6044
2384 5155
1706 7135
2891 5682
452 7352
991 7842
2977 5855
3187 4365
451 7357
1063 6567
5 7553
4070 4705
1207 6463
2548 5244
1986 6731
1292 6278
376 7411
1208 6451
3972 4617
55 7610
40 7590
3496 4135
3237 4401
538 8079
694 7968
1273 6511
3079 4511
3810 4984
2816 5788
111 7666
1724 6946
111 7665
3789 4946
2108 5534
3831 4949
2411 5327
3059 5718
3641 5020
191 7450
286 7352
1318 6285
2451 5180
544 8080
3024 5730
2699 5944
2956 5695
1286 6325
600 8171
3461 4145
2192 5413
2589 6059
2981 5651
570 8076
3358 4262
4062 4711
1670 6975
945 7688
330 7408
2758 6010
3547 4121
3281 4371
1322 6376
1092 6528
1410 6214
3307 4398
3537 4119
3834 4924
2958 5703
374 7359
1367 6301
12 7623
4056 4628
3254 4475
1925 6728
1444 6249
2882 5776
3991 4677
2170 5545
1730 6935
2718 5963
1476 6162
2755 5908
1243 6412
1988 6675
2372 5276
360 7345
1820 6854
3036 5639
2607 6131
1774 6963
3398 4251
3657 5014
2865 5840
3985 4724
1486 6184
1545 7137
1155 6507
26 7666
510 7186
301 7360
1662 7056
1589 7130
3750 4937
2847 5871
3994 4715
990 7727
3883 4830
4070 4627
3884 4821
2000 6700
3343 4336
838 7494
1808 6416
1405 7039
2880 5443
1281 6917
1720 6333
3913 4431
1708 6315
3687 4204
683 7335
11 7685
3262 4784
50 7714
2305 5905
2673 5217
378 8040
2683 5224
2258 5825
237 7929
968 7645
1431 7041
683 7347
3831 4332
1011 7660
782 7441
605 7293
762 7387
82 7792
3788 4335
3129 4636
664 7358
1241 6911
171 7821
1787 6355
3113 4608
1391 6982
1570 6152
3562 5056
2001 6650
992 7627
254 7893
838 7543
1417 7096
2955 5560
439 8066
1798 6448
3796 4322
1781 6339
1771 6355
2286 5844
2534 6108
2365 6013
3096 4697
894 7487
841 7434
1287 6976
3898 4466
3633 4216
725 7324
287 8021
2724 5359
1490 7071
1757 6291
1480 7046
3430 4904
1437 7122
2766 5249
3736 4297
2203 5832
1379 6966
1461 7148
1316 7039
1375 6916
2552 6052
3209 4821
3502 5104
621 7218
3158 4662
1069 6732
1857 6432
2051 5728
2940 5403
554 7234
4009 4544
132 7918
2679 5149
824 7507
3774 4306
4092 4496
797 7536
786 7551
1546 6245
2804 5254
1340 6982
1816 6499
1335 6987
419 8159
523 7287
279 8042
1893 6424
834 7484
3732 4331
3122 4786
3954 4592
965 7489
2095 5803
366 8167
3728 4123
3829 4217
2441 5893
1841 6588
3092 4762
2559 6000
1603 6353
2040 6506
142 7709
116 7904
608 7413
2380 6106
739 7291
3907 4570
2311 6044
1288 7061
528 7309
3603 4272
3557 4934
1056 6789
2139 5885
269 8107
3375 5001
1641 6337
454 8046
1630 6388
3915 4582
2646 5371
1909 6619
3961 4567
4080 4447
1882 6634
2413 6109
1117 6893
518 7348
3776 4210
1399 7105
2474 5916
2419 6089
1863 6652
3585 4282
1971 6415
3820 4177
1519 6993
897 7492
1165 6728
3533 4872
2035 6454
2109 5880
2033 6455
1791 6201
1496 6942
1721 6270
916 7516
1573 6380
3013 5388
2302 5684
1511 6957
489 7971
689 7290
2031 6435
807 7659
2953 5444
1452 7009
2414 6048
3322 4648
1036 6878
1610 6302
1689 6209
2422 6063
693 7278
168 7798
3236 4731
3876 4550
3290 4671
1632 6279
1576 6336
3941 4493
3565 4868
1055 6902
549 7375
3658 4256
3835 4119
2389 6073
429 8000
99 7822
2513 5921
1296 7136
389 8052
1168 6753
3456 4979
1451 7006
3988 4450
3935 4521
3555 4890
2509 5942
3744 4187
259 8191
1313 7134
3506 4941
522 7413
1083 6971
3329 4610
820 7217
2823 5121
3473 4760
2205 6038
3286 5080
2134 5977
1546 6405
3833 4584
2408 5755
957 7342
2568 5405
1586 6436
737 7672
2883 5210
1508 6909
101 8063
3143 4957
1153 7067
593 7501
3722 4503
3630 4403
1120 7037
3817 4599
2901 5237
1134 6984
1461 6814
308 7706
908 7330
3571 4828
3012 5364
3614 4399
3027 5344
755 7616
3528 4861
3883 4112
2048 5947
1690 6565
2949 5317
3023 5263
2626 5379
3785 4488
188 8190
1890 6176
3057 5298
2545 5810
2411 5679
877 7209
2139 5907
316 7797
1396 6718
3978 4294
3937 4140
320 7694
1854 6256
2224 6143
1719 6630
1945 6347
4061 4239
3204 5073
3037 5259
343 7680
2875 5219
3422 4615
2622 5479
3494 4860
1068 6988
1683 6640
3084 4969
986 7359
3474 4853
635 7452
2936 5137
2142 5940
3029 5310
1482 6817
2446 5858
914 7422
2276 6025
1569 6483
386 7920
197 8118
700 7624
674 7638
2168 5901
1967 6362
1863 6206
865 7192
1328 6729
2523 5792
2238 6081
2401 5662
2964 5142
1571 6561
942 7213
2468 5665
906 7171
2968 5138
2227 5944
2299 6004
103 8168
2661 5620
1507 6774
2368 5846
481 7801
941 7221
1726 6438
1763 6522
2494 5668
3929 4290
645 7448
381 7901
3174 5062
1409 6688
2317 5804
1220 7014
1756 6526
2531 5702
4092 4186
3691 4546
3064 5201
2208 5898
1719 6429
3355 4785
2417 5850
3924 4351
1738 6502
1222 7016
964 7285
3042 5200
699 7432
1472 6772
81 8164
1369 6895
3868 4266
2747 5383
1067 7146
1712 6517
667 7517
1027 7115
2815 5431
800 7401
3563 4640
44 8160
2739 5501
2892 5251
2321 5825
487 7734
1927 6228
3120 5096
357 7868
2897 5256
1922 6232
649 7508
3819 4406
3969 4190
3482 4731
1150 7068
701 7518
3233 4932
242 7956
3995 4221
2146 6021
3207 4973
1266 6936
992 7178
2197 6014
1123 7055
1986 6190
22 8187
2558 5648
1771 6404
3588 4587
2984 5208
1744 6437
2292 5891
71 8126
3275 4914
1444 6749
337 7848
2986 5200
4086 4107
2956 5234
95 8097
949 9141
898 9090
1775 9966
594 8790
637 8826
676 8877
66 8264
785 8965
1408 9622
1151 9316
1281 9498
232 8392
634 8795
651 8877
184 8351
999 9152
160 8328
445 8599
855 9063
1162 9401
222 8426
1776 9926
215 8431
1428 9645
912 9132
260 8516
526 8780
396 8651
1618 9754
23 8282
1508 9643
482 8628
695 8928
375 8480
1660 9766
155 8384
476 8636
1279 9374
1304 9597
565 8784
105 8206
1448 9664
1244 9388
333 8511
382 8454
1746 9896
269 8566
1517 9619
994 9059
240 8305
1202 9279
310 8635
1733 9800
1556 9882
23 8327
432 8484
708 8787
494 8562
233 8310
1179 9275
580 8934
1342 9618
473 8554
416 8472
873 9169
853 9194
428 8467
256 8640
1526 9524
260 8640
1585 9975
996 9007
401 8538
733 8720
754 8765
325 8586
770 9174
1597 9960
1194 9340
234 8242
1453 9591
1769 9781
817 9196
1203 9324
1142 9362
1307 9727
1267 9241
1217 9263
1683 9853
169 8262
1058 9426
122 8332
1268 9219
1023 8968
652 8817
125 8320
810 9173
2029 9965
1524 9458
1322 9260
796 8725
1066 9504
107 8549
100 8554
440 8361
176 8614
1866 9810
134 8605
1490 9423
534 9022
935 8846
632 9041
1265 9691
868 8778
613 9034
1903 9821
400 8359
995 8923
1191 9629
1224 9716
37 8473
102 8537
817 8816
1284 9286
1855 9852
1899 9762
1865 9733
363 8230
414 8399
1326 9338
1253 9648
88 8448
1146 9505
170 8693
1071 9549
1289 9322
107 8463
180 8659
493 8330
661 9214
717 9121
449 8364
1930 9957
81 8485
161 8663
1318 9309
1065 9554
1988 9912
76 8496
2015 9822
611 9192
463 8260
1160 9479
1963 9784
602 9167
114 8686
1026 9628
43 8629
1993 9814
1215 9500
728 9086
600 9205
2034 9794
1476 9334
988 8815
1240 9569
1006 8791
711 9084
1317 9369
893 8896
1200 9486
1333 9354
1089 9604
1498 9244
628 9139
132 8525
1886 9879
1880 9864
767 9003
847 8859
612 9136
411 8258
1752 9989
1145 9639
1889 9857
890 8860
1792 9959
217 8497
69 8619
47 8666
63 8646
551 9182
1325 9430
624 9103
597 8275
154 8850
38 8749
1092 9800
1109 9819
1290 9988
574 8237
1786 9455
1913 9582
1118 9801
1019 8673
1963 9653
21 8715
1259 9928
621 8266
993 8648
677 8335
1648 9280
1941 9639
900 8627
407 9135
532 8234
562 8205
275 9046
1027 9798
1715 9461
902 8655
463 9094
1984 9610
247 8892
1885 9489
1186 9972
1881 9478
1828 9541
1236 9909
503 9109
1770 9356
466 9147
18 8824
1176 9970
461 9126
823 8514
1953 9687
494 9110
299 9041
1034 9864
1810 9617
1969 9524
106 8930
870 8684
1619 9438
862 8655
837 8656
502 9064
446 8993
1120 9921
75 8937
1968 9490
233 8771
1902 9664
1060 9872
358 9180
196 8831
267 9143
545 8349
1269 9802
252 8764
517 8390
1126 9890
929 8551
1978 9586
302 9188
98 8873
1194 9831
149 8792
1888 9649
1926 9557
908 8537
182 8814
832 8604
1928 9556
1175 9803
705 8223
1937 9596
1033 9959
599 8367
479 8998
940 8366
706 8647
795 8221
1336 9791
274 8725
1679 9630
529 8451
471 8897
1914 9318
350 8771
1710 9614
540 8508
1938 9395
820 8215
823 8211
783 8250
11 9009
981 8425
1797 9285
927 8415
900 8389
1004 8366
1012 8368
1298 9814
4 9025
1591 9598
826 8304
487 8875
985 8343
1980 9459
764 8622
1006 8378
1496 9868
709 8602
441 8923
864 8197
1367 9778
2022 9347
819 8283
163 9160
1906 9244
1884 9261
1535 9870
558 8539
291 8790
506 8844
1620 9519
1440 9948
464 8784
876 8429
1570 9632
1533 9854
2028 9320
1376 9964
38 9131
570 8623
568 8608
300 8886
1607 9689
14 9134
699 8474
2003 9328
1364 9968
1464 9759
1360 9982
698 8469
222 9069
1803 9404
923 8226
712 8565
1285 9925
1330 9968
1946 9304
1578 9705
338 8859
1547 9690
146 9024
553 8700
1995 9239
1470 9827
70 9115
629 8597
975 8233
435 8770
291 8913
239 8987
225 8980
1728 9527
799 8423
1822 9445
1579 9685
17 9198
302 9518
2016 9186
161 9380
578 9803
2013 9165
200 9437
577 9815
1705 8880
1032 8235
1178 8382
1536 8741
348 9588
1353 8544
1407 8534
1406 8533
39 9226
171 9350
365 9538
385 9649
547 9745
454 9714
1348 8561
12 9273
159 9381
1740 8944
638 9786
1770 8876
1738 8834
1802 9027
1241 8338
1916 9005
1529 8620
1581 8820
671 9924
1627 8710
201 9387
1522 8593
1270 8339
1681 8959
1136 8193
1975 9156
678 9950
1363 8489
1331 8524
1324 8622
147 9243
1966 8999
717 9798
1679 8705
1166 8218
102 9456
130 9240
619 9969
2029 9079
1952 9022
1653 8939
1637 8901
578 9954
2030 9031
1195 8192
396 9511
1493 8570
327 9719
1342 8588
1080 8331
1369 8685
1478 8572
944 9996
230 9305
1784 8753
514 9933
696 9847
691 9826
1370 8590
2027 8963
516 9965
586 9912
1192 8283
641 9846
289 9691
241 9718
348 9307
1989 8909
861 9813
981 9948
1172 8606
1860 8783
969 9924
421 9397
218 9674
413 9359
465 9412
869 9842
1829 8761
1251 8702
1489 8399
884 9834
1487 8400
1210 8613
1271 8662
1857 8809
313 9237
253 9681
1239 8679
345 9320
2033 8898
4 9523
1156 8638
8 9546
1385 8234
304 9331
1590 9075
65 9476
1983 8953
332 9226
1792 8775
1977 8958
1000 9890
1153 8651
418 9452
921 9942
190 9711
31 9550
1874 8710
422 9458
1849 8804
1970 8941
1068 8524
1492 8369
842 9772
966 9888
1858 8750
1401 8212
1766 9097
2041 8840
406 9444
1510 8341
1964 8921
1483 8381
889 9730
377 9218
2037 8843
1746 9042
431 9257
1918 8951
459 9280
2035 8831
465 9281
250 9577
2038 8810
456 9300
1201 8492
253 9566
1987 8800
419 9223
1786 9055
1845 8851
1892 8911
436 9242
1825 8851
1635 9124
1897 8865
938 9827
2016 8745
150 9542
887 9894
1817 8907
235 9525
1620 9143
1267 8468
1981 8788
1276 8465
1935 8830
381 9358
1534 8203
1319 8415
1549 9206
857 9553
822 9532
1053 8726
1765 8427
2024 8699
237 9976
1919 8552
1154 8858
1073 8746
1475 9183
1072 8721
1362 9073
1525 9181
115 9818
248 9937
1158 8873
1538 8243
623 9309
89 9834
966 9715
1833 8479
85 9839
2026 8656
714 9462
710 9466
2024 8617
1768 8362
1031 8768
754 9402
31 9811
657 9436
1734 8328
886 9511
735 9357
1883 8463
197 9885
2044 8611
1903 8461
867 9473
73 9771
33 9797
675 9414
720 9397
215 9906
611 9222
516 9314
1688 8434
1223 8887
1108 8742
1233 8867
874 9497
68 9779
1518 9105
49 9905
399 9994
1143 8956
1530 9067
1700 8246
1501 9030
1699 8194
895 9688
1973 8477
1639 8396
1791 8275
34 9870
1387 9179
1993 8568
1139 8897
1262 8794
1767 8273
888 9665
1859 8701
911 9551
811 9706
1109 8849
5 9935
1688 8277
1503 8977
1641 8380
1057 8948
1302 9155
1673 8272
1251 8767
1246 8707
1996 8493
1196 8781
1552 8433
1717 8279
207 9770
688 9303
1692 8315
1467 9042
1365 9151
2014 8500
796 9714
927 9579
1793 8696
1484 9014
1805 8694
1066 8918
1119 8867
1707 8276
1755 8667
1010 9461
1018 9469
1242 9170
1474 8906
286 9748
1370 8791
606 9552
1238 9176
1062 9015
1812 8207
48 10000
1961 8331
865 9285
1789 8660
1665 8623
1757 8690
62 9993
590 9590
984 9440
1213 9089
1196 9104
1046 9002
332 9841
365 9810
1544 8503
1070 9070
1925 8391
1064 9066
1807 8269
660 9686
973 9348
1028 9054
1900 8247
1231 9105
276 9854
99 9992
1339 8788
1927 8438
1351 8757
1323 8793
1042 9061
1606 8504
926 9441
393 9974
265 9865
1584 8624
1922 8198
1007 9321
1414 8713
794 9354
1422 8728
1998 8280
393 9758
604 9669
441 9752
698 9501
404 9790
1509 8778
424 9756
1090 9209
751 9519
1760 8481
568 9722
1523 8752
1354 8846
1015 9267
1106 9111
1245 8984
1741 8453
1303 8926
272 9951
1502 8717
352 9910
676 9587
1229 8986
1675 8529
1280 8922
1869 8367
1244 9023
956 9306
1522 8705
2002 8225
573 9672
1723 8526
1678 8567
702 9541
293 9945
1965 8274
3751 9893
3691 9832
3172 9312
3200 9353
3684 9838
2413 8545
2516 8645
2156 8312
2347 8510
2738 8871
3716 9887
2683 8807
2194 8334
3313 9452
2163 8300
2292 8405
3837 9951
2080 8196
2189 8356
2655 8819
3335 9514
3553 9676
3015 9193
3808 9935
2958 9146
2632 8817
3421 9574
3198 9282
2926 9043
2901 9066
3076 9286
2466 8672
2343 8546
2912 9002
2478 8677
3248 9468
3633 9824
3421 9484
3529 9628
2693 8925
2317 8532
3706 9761
3577 9624
3606 9843
2114 8229
2803 8856
3021 9121
2226 8386
3764 9927
3277 9406
2727 8915
2191 8442
2465 8665
3294 9379
2730 8745
3385 9650
2407 8683
2978 9010
2796 8828
2722 8753
2257 8258
2433 8468
2068 8332
2072 8377
3085 9391
2076 8378
3597 9899
3142 9441
2705 8763
3447 9692
2854 9101
3695 9923
3274 9317
2216 8216
2892 9213
3742 9773
3433 9694
3573 9548
3775 9728
3249 9336
3470 9543
2233 8304
2076 8406
3104 9455
2971 9038
3385 9710
4058 9985
3635 9960
2989 9072
3478 9545
2273 8197
3333 9699
2440 8544
3820 9728
2142 8365
4085 9986
3409 9640
2158 8340
2074 8416
2704 8813
3510 9398
3173 9571
3075 9489
3226 9608
4077 9976
3315 9704
2945 8858
2257 8653
2667 9034
4015 9869
2278 8644
3107 9479
3978 9900
2655 9071
2381 8319
2220 8602
3845 9779
3970 9918
2614 8968
2235 8699
3464 9417
2924 8749
3190 9523
2208 8682
2445 8387
2566 9047
3303 9662
3870 9795
2322 8268
2983 8902
2179 8673
2260 8631
2656 8965
3880 9805
2087 8513
2791 9103
3969 9962
2248 8632
3237 9686
2771 9127
2796 9112
2597 9053
3354 9312
2779 9055
2236 8505
2708 8978
3850 9857
2656 9202
3322 9583
2647 9152
2588 9091
3120 9616
2167 8660
4071 9794
3169 9671
3932 9970
3401 9447
2097 8607
3090 9642
3302 9565
3223 9516
2264 8547
2645 9117
3316 9509
2576 9157
2988 8822
2797 9008
2815 8994
3509 9301
3178 9612
3244 9540
4087 9758
2595 9161
2152 8579
3294 9522
3105 9677
3423 9395
2750 9039
3391 9421
2155 8606
2580 9198
3085 9740
3598 9228
3219 9873
3608 9232
2296 8944
3318 9981
2663 8298
3812 9451
2058 8709
3719 9367
2356 8996
2416 9059
2065 8711
3983 9619
2640 8270
2646 8265
2365 8991
2127 8808
3260 9877
2664 8261
2709 8376
2763 8421
2884 8561
2551 9166
2878 8452
2354 8974
3264 9980
4032 9725
3929 9572
3634 9231
2303 8890
2760 8321
2344 9058
3714 9417
2508 9088
2229 8953
3806 9360
3679 9232
2102 8806
3924 9476
2246 8854
2924 8508
2060 8797
2304 9044
4075 9660
3679 9224
2100 8813
2501 9113
3036 8577
3052 8589
2388 9008
2424 8991
2537 9102
3963 9490
2228 8926
2163 8729
3782 9386
2672 8220
2745 8404
2384 8992
2515 9122
2990 8668
3947 9496
2285 8853
3686 9246
3626 9302
2441 9205
3637 9392
3161 9937
3750 9256
2840 8584
4052 9539
3028 8525
3851 9622
2104 8869
3043 8573
3611 9403
3090 9906
2807 8278
3048 8522
2812 8280
3114 9868
2094 8838
3218 9787
2458 9000
2323 9120
3283 9824
3623 9364
2201 8740
3041 8542
2722 8295
2286 8744
4011 9580
2455 9054
4076 9510
3680 9388
2977 8560
2900 8581
2879 8685
3951 9648
3933 9663
4005 9537
2373 9120
3078 9961
2369 9141
3781 9267
2338 9173
4067 9492
4008 9559
2706 8598
3333 9731
2442 8832
2954 8321
3470 9883
3591 9501
3496 9907
3392 9823
2851 8195
3034 8443
2559 8919
3720 9634
3536 9979
2983 8339
2674 8516
2203 9132
2961 8402
3023 8326
3005 8433
3642 9591
2083 9079
3353 9792
2197 9164
2467 8900
2636 8482
2130 8995
3447 9741
3339 9867
3567 9833
3034 8284
3538 9812
2631 8649
2412 8959
2385 8898
3612 9605
3936 9465
2363 8871
2295 9045
3546 9848
3705 9693
2345 8847
3399 9953
2506 8802
3761 9499
2368 8947
4091 9295
2511 8825
2164 9164
3357 9892
3451 9922
2435 8766
3901 9469
2256 8980
3477 9821
3842 9419
2166 9149
2123 9115
2267 8970
3340 9949
3004 8302
2225 9060
2399 8842
2287 8975
4029 9311
3434 9865
2987 8264
2605 8650
2200 9072
2097 9182
3044 8203
3584 9712
2927 8350
2793 8472
2944 8308
3990 9322
3564 9747
3252 8368
3440 8564
3404 8520
2285 9451
2403 9579
2603 9763
3186 8316
3116 8227
3765 8865
3975 9106
2134 9290
2598 9785
3992 9145
3319 8401
3844 8994
3913 9070
3758 8861
3853 9016
3793 8932
2344 9503
2560 9783
2071 9248
3156 8296
2621 9730
2302 9400
3243 8419
3158 8223
2909 10000
2165 9252
3256 8426
3231 8395
3459 8661
3919 8982
2517 9614
3677 8704
2633 9771
3828 8854
4043 9129
3798 8895
2737 9947
3125 8286
2807 9856
3914 9010
3516 8641
3963 8966
2734 9769
3966 9204
3139 8392
3342 8603
3854 9112
2813 9830
2410 9718
2962 9996
2569 9900
2324 9661
2617 9874
2084 9364
3753 8731
2074 9389
2195 9259
3106 8346
3542 8559
3408 8681
2259 9321
2575 9909
3135 8324
3081 8394
3532 8458
2391 9625
3809 8751
2231 9337
3434 8639
2351 9720
2776 9729
3879 9210
3823 8754
3242 8311
3520 8478
2492 9560
2217 9281
3830 8734
3596 8928
3457 8559
2482 9539
3187 8327
3555 8469
2212 9308
3336 8691
3996 9063
3437 8598
3472 8556
3182 8336
3418 8286
3861 8735
3503 8354
3517 8371
2526 9423
3061 9953
2876 9769
2242 9685
3856 8715
4022 8874
2499 9442
3777 9189
2827 9774
3127 8464
3869 8757
3738 9138
2315 9249
3152 8574
4054 8935
3248 8580
3025 9956
3153 8550
2298 9670
2464 9372
2311 9272
2214 9702
2385 9235
3544 8346
3709 9013
3087 8518
3412 8222
2629 9993
3342 8256
2960 9950
3442 8230
2265 9613
2442 9439
3031 9908
4049 8885
3437 8201
2318 9323
3508 8403
2493 9431
3530 8353
3285 8635
3392 8241
3102 8556
3271 8626
3112 8535
3951 8942
2844 9886
2549 9334
2693 9990
2444 9231
2938 9982
3239 8481
2919 9964
4002 8750
2178 9488
2489 9263
2138 9676
2834 9866
3096 8579
2138 9722
3209 8491
4022 8722
2824 9902
3945 8910
4067 8782
3993 8747
3166 8676
3456 8253
2542 9296
3619 9116
3167 8672
2371 9351
3696 9145
3962 8881
4051 8734
3662 9089
3814 9001
4017 8803
3303 8498
2118 9624
3818 9013
3109 8641
2472 9292
3889 8919
3007 9816
3844 8931
2423 9375
3690 9088
2174 9620
3686 9099
3009 9774
2296 9482
2814 9992
2135 9647
3160 8609
3849 8947
3768 9027
2975 9631
3683 8289
2712 9370
2612 9270
2928 9589
2254 9931
2959 9609
2608 9271
2736 9399
3388 9011
3716 8341
2110 9770
2997 9633
3896 8495
3733 8322
3064 9696
2144 9849
4017 8621
3047 9723
3528 9193
4063 8701
3874 8448
2993 9618
3444 9052
4001 8588
2576 9277
3445 9048
2781 9456
2902 9593
2059 9791
2694 9407
2701 9396
3605 8239
3005 9600
3355 8997
3263 8954
3701 8240
3238 8943
2698 9413
2867 9569
2999 9699
2797 9400
2777 9359
2106 9837
2680 9253
2833 9585
2295 9876
2895 9515
3380 9053
3999 8692
3515 9175
3886 8543
2701 9467
3053 9620
2159 9749
3405 9014
3186 8718
2891 9673
3181 8943
3766 8245
2675 9463
3192 8958
2978 9515
3435 9184
2052 9866
2982 9512
3889 8638
3622 8375
2838 9604
3208 8732
2284 9849
3971 8478
3651 8414
3469 8976
2049 9884
3170 8903
2921 9678
2790 9290
4046 8574
2755 9330
3998 8490
3896 8590
2207 9763
3712 8257
2649 9368
2086 9952
4095 8505
3001 9584
3143 8843
3631 8418
3168 8879
2064 9920
2985 9595
3965 8616
4000 8571
2691 9314
3900 8670
2274 9738
3631 8412
3435 9119
2212 9809
3070 9483
2669 9371
3200 8823
2906 9636
3862 8211
2387 9820
3359 8717
2326 9731
2917 9342
4077 8432
3632 8470
2362 9746
2430 9815
2602 9475
2780 9717
2394 9843
2914 9289
3922 8291
2502 9973
2973 9384
3203 9142
2642 9578
4037 8445
3163 9058
3655 8573
3553 8922
2364 9729
3177 9044
3739 8613
2717 9692
3367 8805
2965 9430
3261 9209
2379 9743
3981 8393
2621 9595
2942 9268
4014 8420
3020 9344
3804 8594
2775 9606
2377 9752
3462 8916
2931 9255
2871 9313
2947 9429
3000 9454
2463 9925
2757 9625
2141 9987
3231 9212
3601 8564
3577 8860
3629 8523
4073 8334
3589 8557
3106 9035
3759 8643
4074 8325
2415 9751
2391 9775
3980 8436
2430 9735
3946 8208
3162 8993
2885 9278
2400 9756
2756 9659
2800 9584
3083 9098
3279 9036
2770 9558
2361 9916
2738 9527
2448 9750
2331 9885
3922 8405
2518 9822
3560 8802
3992 8213
3660 8668
2677 9697
4042 8285
3426 8954
3049 9292
2397 9979
3326 9045
2710 9530
3432 8901
2325 9914
3873 8337
2960 9254
2998 9217
2961 9297
3131 9213
3731 8538
3647 8693
4045 8199
2703 9540
3752 8550
2753 9487
3401 8839
2711 9543
3939 8375
3860 8384
2428 9897
3600 8645
2876 9446
3500 8781
2641 9650
3109 9153
2638 9641
3269 9007
3636 8664
2900 9380
3815 8471
3714 8562
3093 9188
2739 9545
3645 8647
3696 8587
2454 9835
2916 9369
3249 9039
2988 9299
2707 9580
4987 9083
5024 9123
5118 9211
5816 9919
4287 8376
5331 9432
4777 8869
4393 8487
4568 8652
4233 8348
5344 9462
4157 8235
4389 8499
5110 9185
4992 9111
4813 8918
5018 9093
5438 9505
5797 9863
5569 9701
5689 9759
4114 8252
4171 8292
5757 9807
4232 8383
4935 9085
5060 9208
4401 8563
4951 8979
4927 9082
5468 9498
5812 9971
5020 9174
4240 8410
5577 9605
5244 9266
4884 9026
5284 9468
5884 9893
4419 8473
5457 9485
4349 8352
4231 8417
4978 8990
4615 8811
5514 9700
5159 9301
5168 9291
4919 9035
5873 9840
5308 9279
5054 9017
4621 8837
5223 9453
5296 9276
5709 9920
4307 8257
5471 9674
4739 8731
6040 9985
4096 8347
6038 9995
5572 9561
5260 9234
4812 8787
5290 9269
4589 8521
5142 9392
5085 9077
5121 9384
5002 8992
4397 8576
5381 9655
5061 9078
5033 8989
5438 9609
5852 9830
5172 9353
5636 9915
4124 8355
4317 8290
4413 8697
4204 8362
4523 8549
4609 8911
5522 9564
4554 8475
5361 9248
4844 8767
4735 8874
4113 8391
4587 8509
5791 9799
5669 9981
4883 9165
4184 8377
4553 8488
4642 8899
4429 8616
4905 9167
5455 9641
4756 8830
4970 9114
4452 8596
5048 9033
5822 9804
4109 8437
4815 8758
4674 8889
6070 9910
4980 8818
5299 9657
5398 9245
4874 8711
5547 9382
5183 9518
5041 8866
5949 9768
5565 9381
5007 8852
5248 9627
6013 9825
4760 9144
4261 8580
5523 9399
5604 9410
4479 8281
4216 8543
5950 9744
5346 9683
5084 8933
4840 9130
4170 8462
5422 9323
4781 9192
4684 8970
4374 8287
5285 9711
4212 8487
4571 8320
4938 8747
4709 8964
4823 9138
4457 8206
5407 9335
5379 9327
5390 9315
5962 9784
6017 9974
4143 8530
5260 9487
4865 8839
5555 9268
4494 8201
5217 9707
4446 8400
5154 9644
4118 8583
5141 9607
4202 8697
5458 9415
4546 8277
5024 8759
4985 8933
4630 9096
4443 8445
4303 8551
5239 9693
5282 9481
5069 8803
5166 9601
4391 8340
5937 9862
4408 8322
4343 8502
5227 9642
5989 9889
5116 8762
4377 8401
4571 8209
5211 9616
5222 9654
5456 9344
5558 9316
6018 9813
5988 9916
4862 8997
4325 8504
5369 9510
5268 9588
5182 9695
5450 9385
5350 9474
4744 9056
5424 9434
5088 8716
5162 9668
5897 9958
4219 8586
4300 8511
4309 8492
6004 9871
4439 8363
5446 9403
4739 8323
4352 8962
5762 9345
5696 9287
4568 9183
6016 9611
6049 9645
5920 9517
4692 8263
5094 8703
4638 8248
5800 9358
4841 8385
4226 8876
4469 9025
4957 8555
5326 9977
5786 9379
5171 9737
4319 8932
5146 9767
5867 9385
5161 9838
4512 9191
4346 8883
5335 9881
4207 8736
4701 8210
5285 9969
4473 9006
4912 8553
4818 8370
4469 8981
6031 9708
4658 8273
6140 9631
5800 9422
4203 8716
4625 8312
4151 8798
5672 9282
5478 9997
4205 8733
6094 9663
6136 9601
6026 9716
4236 8946
6054 9508
4293 8769
4169 8908
4303 8776
4690 8390
4925 8617
4230 8723
5813 9251
5272 9742
5145 9859
4579 9080
5130 9873
5530 9990
5230 9934
4741 8225
5321 9837
4247 8752
5748 9436
5125 9901
4745 8227
5907 9657
4173 8935
4723 8408
4678 8439
5956 9724
4308 8727
4300 8708
6106 9491
4953 8595
4898 8686
4723 8355
4964 8630
5793 9333
4215 8864
5226 9917
5726 9348
4311 8714
4661 8407
4500 9078
4881 8695
5712 9401
5754 9361
5012 8568
4736 8301
4410 9160
4125 8937
4809 8241
5341 9764
4218 8835
4365 9200
5941 9675
5676 9517
4917 8229
5051 8357
5597 9923
5615 9932
5798 9600
4765 8630
4574 8949
4691 8575
5109 8411
5756 9549
4531 8832
4144 8963
6050 9366
4717 8539
5910 9262
6102 9449
5717 9493
5650 9555
4725 8500
5748 9522
5605 9891
4251 9171
4727 8507
5673 9575
5772 9667
5941 9313
5619 9895
6075 9443
5780 9677
5744 9513
4193 9018
4991 8226
4870 8295
5616 9874
6138 9363
4426 8739
4908 8284
5399 9826
4106 9084
5752 9475
5241 9986
5699 9534
4341 9098
5634 9602
6009 9464
4433 8914
4534 8754
5427 9908
6019 9225
5496 9971
5671 9640
4386 8883
4529 8738
4128 9142
5889 9373
4117 9099
5378 9889
5043 8214
6047 9273
5598 9846
5633 9643
5394 9913
4200 9158
4891 8363
4445 8940
5409 9872
5515 9785
5407 9901
5694 9608
4393 8862
5956 9459
6006 9409
5571 9850
4869 8379
4474 8891
4922 8443
6115 9258
5085 8212
4878 8388
4458 8870
5678 9696
4492 8796
5932 9470
4674 8597
5778 9546
4286 9062
5434 9955
4992 8281
4850 8493
4921 8422
4499 8819
4989 8349
4376 8955
5877 9503
4161 9137
4337 8960
4332 8989
5881 9482
6033 9317
5066 8255
4380 8929
5329 8403
6011 9076
4423 9553
4326 9457
5777 8838
5287 8383
4449 9594
5734 8829
5502 8546
4538 9627
4263 9356
5618 8665
4740 9896
5757 8777
5330 8420
6127 9169
4648 9833
4369 9552
5349 8356
5782 8916
4753 9938
5874 8881
4272 9460
5125 8256
5564 8698
5340 8347
4258 9450
5535 8661
5216 8247
5187 8219
5948 9060
5798 8952
4531 9682
4616 9828
4537 9672
5967 9021
4591 9626
4179 9259
4746 9972
6069 9012
5413 8611
4147 9402
4998 9995
4618 9861
4167 9431
5771 8735
4151 9390
4747 9744
4192 9414
4236 9253
5345 8271
4220 9422
6134 9028
4477 9678
5416 8603
6079 8971
5877 8777
5697 8833
4750 9806
4507 9567
5476 8610
4244 9310
5391 8644
4314 9233
4176 9373
5398 8664
4101 9418
6034 9024
6120 9018
6142 9004
5706 8863
5292 8309
4366 9680
5734 8888
4647 9927
6032 9073
6005 9116
5888 9200
4501 9575
5686 8899
4830 9765
4923 9786
5654 8983
5693 9020
5279 8605
5155 8488
5181 8489
4595 9448
5399 8202
6121 8950
4536 9383
4344 9688
5606 8388
5655 9012
5794 9093
6124 8902
4314 9717
6006 8772
6111 8939
5050 9863
4928 9855
5365 8625
6100 8848
5309 8696
4441 9247
5904 8793
5256 8642
4107 9537
4603 9386
4535 9445
4237 9689
5159 8563
5594 8323
4996 9947
5688 9051
5832 9134
5220 8451
5175 8517
5280 8658
5596 8360
6123 8850
4482 9464
4601 9350
5005 9740
4447 9437
5839 9032
5238 8700
4133 9647
5328 8513
4931 9936
4307 9544
5148 8576
5264 8501
5701 9186
5195 8674
5090 9807
5302 8454
5792 8983
4867 9914
4464 9420
4872 9928
4372 9428
5553 8307
4999 9796
5483 8364
6018 8783
5354 8485
4917 9957
5539 8309
5701 9107
4152 9703
5277 8569
4839 9998
4385 9418
5868 8962
5771 9061
4411 9419
5412 8404
5568 8240
5143 8678
5497 8333
4387 9433
5465 8358
5564 9150
4103 9741
4895 9492
5512 9092
4317 9936
4649 9274
6002 8548
4139 9777
4906 9521
5290 8884
4192 9792
5577 9195
5886 8413
4993 9634
4726 9308
6077 8593
4864 9520
5709 8315
5700 8306
4867 9531
5985 8540
5041 9715
4668 9339
4183 9757
5558 9210
5316 8841
5504 9168
6133 8620
5150 8775
4131 9801
4628 9343
4280 9939
5770 8440
4649 9310
4302 9911
5000 9713
4856 9346
4659 9295
5519 8990
5452 9177
5857 8308
4336 9832
5561 8998
5021 9533
5477 9154
4333 9799
4833 9296
4878 9656
5013 9506
4795 9217
5196 8945
5037 9583
5288 8810
5188 8834
4100 9933
5801 8293
4291 9743
5129 8900
5978 8599
5550 9087
4242 9793
5851 8200
4897 9721
5454 9108
5826 8216
4802 9240
5938 8658
4208 9881
5029 9551
5353 8707
5103 9474
5243 8853
5852 8237
5934 8667
5532 9065
5617 8971
5339 8736
5860 8217
5469 9123
5865 8681
4503 9876
5762 8577
4880 9238
4960 9325
5805 8637
5059 9425
4854 9698
4418 9818
5609 8905
5680 8466
4686 9581
4356 9760
5764 8609
5394 8759
4436 9852
4136 9984
6132 8413
4967 9294
5357 9159
5864 8642
4624 9532
4472 9812
4679 9576
5543 8852
4818 9703
5488 8774
5930 8221
5030 9361
5306 9090
5946 8192
5392 8748
4831 9698
4669 9599
4460 9768
5635 8517
4907 9315
5826 8585
4630 9562
5810 8675
4897 9328
4707 9521
5905 8259
5134 9049
4390 9855
5184 8995
5270 9203
6124 8325
5530 8945
5978 8239
4732 9477
5146 9057
5188 9016
5211 9171
5151 9109
6009 8425
5045 9255
6067 8228
5376 8855
4824 9592
5492 8927
5548 8706
5640 8624
4981 9421
4643 9629
5809 8462
5152 9119
5750 8631
6097 8215
5704 8591
5949 8438
5116 9265
5358 9020
4527 9851
6020 8274
4763 9536
4502 9802
6099 8246
4875 9443
5870 8453
4680 9636
4542 9808
4562 9789
5889 8432
5439 8909
4997 9335
5522 8800
5421 8921
4471 9858
4918 9411
5009 9326
7804 9844
7529 9574
7340 9405
7000 9037
6155 8213
7501 9581
7415 9429
7475 9494
6972 8986
6799 8872
6930 9019
7096 9106
7334 9357
7089 9117
7771 9845
7437 9506
7458 9485
7557 9652
7868 9860
7490 9593
6618 8607
7395 9391
7103 9199
7080 9211
7456 9590
7188 9289
7466 9589
7862 9961
6676 8779
6443 8526
6210 8231
7138 9095
7913 9871
7679 9623
7274 9218
6493 8503
6758 8714
7676 9615
7075 9172
6518 8456
7278 9454
7281 9465
7702 9887
7618 9544
6242 8430
7392 9327
7681 9875
6683 8840
7402 9337
7222 9378
7327 9225
7185 9355
7512 9667
6305 8194
7189 9404
7283 9433
7424 9644
6796 8737
6872 8822
6503 8648
7073 8976
6806 8741
7088 8969
7139 9050
7909 9817
7288 9413
6986 9204
6476 8589
6203 8446
6334 8310
7242 9370
6502 8639
7351 9326
6214 8344
6664 8936
7113 9000
7778 9856
7312 9332
6183 8387
7436 9705
7662 9480
7566 9577
6877 8756
7688 9955
6859 8743
6158 8419
6254 8351
7054 9085
6401 8694
7728 9929
7288 9347
6312 8279
6820 8795
7116 8908
6544 8337
6390 8690
8171 9967
7026 8821
7967 9739
7420 9707
6985 8789
7101 8864
6907 9189
6426 8255
7227 9502
7329 9607
6897 9179
8087 9913
7100 8845
6491 8297
6721 9074
6598 8434
7015 8785
7255 9576
8030 9754
7235 9478
6262 8496
7365 9613
6248 8484
6273 8654
6166 8514
6399 8618
6550 8398
7773 9988
7582 9412
6651 8352
7081 8951
6548 8444
6182 8527
6934 8829
6165 8569
7336 9670
7095 8920
6869 9125
7520 9233
6478 8253
6746 9006
8133 9907
8026 9773
7546 9216
6868 9128
7098 8761
6917 8833
8170 9839
7555 9227
7299 9484
6859 9051
6713 9129
6338 8528
6220 8671
8118 9762
7338 9526
6266 8666
7385 9596
7024 8917
7659 9294
7601 9247
7857 9994
8036 9945
7004 8856
6632 8236
7370 9473
6430 8402
7527 9387
6898 9021
6234 8587
7438 9435
6852 8978
7980 9973
7273 9651
7302 9565
6325 8553
7077 8824
6569 8267
6293 8560
7109 8748
7181 9702
7373 9507
7335 9559
7180 9724
7663 9245
8133 9777
8114 9797
7381 9512
7756 9293
6702 8254
7141 8695
7370 9944
7077 8625
6720 8282
8043 9547
6601 9197
6841 8336
8049 9562
7030 8541
6731 8292
8022 9571
7847 9362
6374 8912
8115 9611
6508 9047
6906 8385
7361 9983
7777 9311
6322 8946
6361 8863
6831 8418
7785 9252
7064 8650
8123 9704
6635 9149
6488 8975
6381 8886
7386 9862
7941 9570
6703 8261
6577 9181
6686 8307
7854 9408
7253 9760
7690 9341
8149 9646
8005 9666
7032 8703
7712 9389
7284 9978
6498 9197
7062 8452
6690 8373
6204 8868
8027 9666
7317 9742
6965 8618
6554 9019
6613 9075
8035 9679
6161 8893
6867 8316
6309 8727
7764 9446
6156 8894
6921 8637
6579 8966
6912 8632
6505 9128
6633 9005
8025 9630
6266 8882
7975 9709
6858 8199
6887 8233
6557 9043
7193 9943
6985 8582
6375 8755
6969 8687
7155 8494
6578 9071
6763 8374
6708 8414
6281 8805
6944 8652
6222 8894
6387 8709
7186 9963
7416 9732
7653 9956
6583 8888
6760 8570
6607 8924
8175 9460
7195 9984
7897 9671
6780 8536
8187 9438
6501 8770
6254 9029
7085 8326
6474 8806
6927 8224
6947 8208
7802 9542
8148 9449
6265 9030
6332 9215
7815 9687
7263 9998
7126 8324
6912 8276
6286 9177
6659 8542
6830 8654
7872 9635
6576 8915
6204 9048
6255 8969
7629 9899
6996 8254
8117 9435
7902 9646
7625 9905
7735 9651
7698 9623
6926 8329
7808 9481
6261 9212
6444 8870
8020 9434
7924 9572
7144 8306
6481 8906
6608 8779
6964 8360
6831 8499
8172 9330
6486 8950
7686 9638
6440 8841
6739 8689
7927 9554
6257 9172
6586 8726
8019 9440
8102 9234
7558 9778
7979 9372
7984 9352
6715 8578
7060 8232
7078 8294
7367 9991
6244 9125
6958 8428
8181 9271
6740 8592
6197 9201
6682 8670
7674 9788
6341 8972
7620 9738
6680 8663
6652 8746
7708 9668
6954 8437
7487 9946
6924 8427
8025 9396
7599 9793
6235 9131
7811 9586
8100 9302
6554 8815
6166 9185
8139 9276
6241 9110
6489 8868
7775 8799
8015 9038
8030 9052
7827 8855
7809 8836
6770 9847
6688 9766
6810 9884
6641 9721
7590 8621
6264 9332
6343 9416
7847 8872
6549 9626
7923 8956
7515 8523
7192 8202
6664 9755
7593 8636
7899 8896
7629 8657
6439 9528
6173 9277
7196 8248
7664 8643
6671 9788
6210 9338
7857 8845
6593 9726
7430 8519
7387 8345
6441 9578
6855 9859
6636 9637
7899 8849
8122 9194
6229 9216
7873 8857
6497 9529
7593 8688
7764 8719
7316 8393
7257 8249
7739 8794
7865 8924
6567 9679
6241 9224
6360 9393
7883 8893
7767 8737
7588 8669
7226 8260
6461 9654
7699 8862
7966 9107
8151 9049
7393 8305
6523 9706
7240 8410
7807 8940
6605 9566
7405 8318
6226 9409
8064 8981
6531 9493
6291 9220
8018 9161
6359 9288
6393 9318
6189 9346
7325 8236
6318 9242
6268 9408
7547 8633
6336 9220
6172 9432
6836 9842
7228 8436
6277 9288
6347 9221
8103 9065
6884 9782
7988 9190
7757 8857
6542 9563
7646 8455
7977 9202
7645 8449
7573 8521
7926 8744
7921 8751
6769 9903
7544 8600
7974 9157
8112 9050
6711 9944
7351 8263
7882 8763
7271 8342
7947 9208
6217 9407
6476 9659
7556 8571
6471 9284
7650 8422
7738 9023
7059 9877
7757 9029
7552 8329
7418 8692
7128 9931
7524 8311
7216 8486
7785 9086
6922 9746
6684 9989
7915 9163
6445 9228
7689 9003
6202 9500
7244 8548
6216 9570
7724 8961
7897 9207
7425 8238
6220 9597
7821 9148
6496 9298
7812 9136
6344 9726
7391 8679
7090 9867
8163 8925
6593 9471
7622 8441
7059 9946
6620 9365
7194 8528
7720 9080
6259 9504
6991 9753
7581 8395
6535 9439
7768 8960
6566 9471
7376 8626
6921 9831
7277 8477
8097 8913
7266 8467
7447 8288
7121 9897
7040 9983
6470 9415
6540 9230
7175 8578
6174 9621
7840 9004
7838 8979
6296 9495
7919 9087
6415 9375
7314 8450
7959 8836
7891 9033
6277 9497
7975 8889
7446 8370
7523 8389
6588 9235
7305 8506
8176 8772
7960 8866
7341 8466
6396 9534
6552 9307
7410 8510
8178 8764
7038 9904
6238 9615
7986 8931
7325 8527
7396 8498
8119 8812
7128 9733
7425 8421
8026 8892
8190 8728
7631 8228
7310 8575
7685 9207
8027 8879
7601 8265
8132 8765
6313 9556
7400 8470
6346 9926
7965 8460
8002 8531
6992 9538
7930 8424
7971 8501
8009 8529
6857 9424
7049 9621
7869 8354
8123 8594
6276 9902
7015 9548
6920 9508
7907 8409
7244 8719
6208 9734
6198 9853
6755 9260
7954 8515
7318 8903
7731 8297
8111 8691
7946 8535
7950 8531
7518 8961
7655 9095
7524 8967
7761 8245
6243 9736
6272 9963
7788 8193
8008 8497
7181 8816
7833 8423
7119 9547
7423 8827
7561 8972
6974 9655
7307 8706
7362 8776
7709 8342
7873 8268
6909 9331
7206 8884
7229 8878
7427 9104
8102 8509
8038 8698
7213 8880
7454 9091
6876 9342
7961 8634
7880 8300
6936 9661
7300 8738
7143 9536
7087 9477
8110 8450
7707 8361
7745 8435
6160 9895
6939 9635
6279 9790
7828 8238
6702 9360
7773 8345
7157 9529
7594 9062
6877 9230
8033 8628
7321 8768
6775 9390
8116 8558
7115 9495
8096 8572
6995 9612
6995 9652
7769 8369
6328 9809
6180 9940
7343 8796
7344 8774
7449 9191
6748 9564
7092 9398
6737 9560
8092 8343
7820 8583
7464 8739
7852 8608
7233 9037
6913 9237
6854 9680
6546 9860
7829 8591
6413 9745
6821 9658
6946 9219
8186 8409
7268 9031
7958 8242
7216 8985
6961 9243
6512 9819
6733 9568
7845 8596
7008 9297
8023 8293
7203 8987
7503 8820
8099 8350
7219 8973
8021 8299
7619 8957
7161 9393
8051 8250
6449 9848
7174 9036
7766 8474
7913 8633
7018 9275
6766 9531
7759 8471
7448 8769
7858 8680
7457 8827
7997 8294
7937 8291
7374 9133
7380 9137
6885 9603
8000 8231
6971 9300
7839 8688
6791 9719
6585 9930
6994 9254
7816 8689
6790 9725
6779 9472
6853 9656
7496 8758
7040 9222
7081 9262
7198 9113
8094 8214
7261 9168
7065 9236
7559 8712
7990 8359
7887 8541
7909 8567
8045 8441
7552 8732
7846 8507
8130 8289
7001 9466
7818 8494
8056 8412
7682 8612
8042 8397
6309 9997
7510 8957
6911 9555
8128 8302
6742 9701
7568 8742
6507 9938
6646 9804
6941 9376
6600 9736
7440 8912
7237 9094
6594 9734
6590 9851
7029 9405
6405 9932
8106 8288
7018 9382
6581 9829
6698 9720
8089 8267
6811 9550
6535 9808
7957 8386
6959 9463
7017 9394
7738 8677
7348 9040
8074 8290
7399 8973
7607 8792
8126 8271
6628 9749
7836 8552
7124 9250
7248 9127
7988 8396
7247 9140
7083 9303
7106 9278
7251 9135
7843 8540
