100 101
16 17
22 23
26 27
82 83
4 6
21 23
53 55
76 78
8 11
89 90
56 59
25 29
64 68
57 61
3 6
1 4
32 39
41 46
66 69
50 58
65 72
34 40
19 24
7 12
5 9
18 30
21 24
1 15
81 95
35 44
66 83
13 31
78 91
13 27
65 87
71 94
77 84
75 82
14 20
70 92
42 49
75 80
67 95
64 93
73 84
44 50
68 100
15 46
2 33
8 43
7 35
11 45
3 36
26 50
74 98
12 37
28 48
2 47
5 40
10 36
14 33
81 97
20 38
30 45
80 99
29 41
85 99
16 39
18 37
86 97
9 49
22 47
19 42
10 48
17 43
28 32
92 96
31 34
94 96
25 38
93 98
60 100
58 91
52 85
51 86
63 88
58 87
55 90
54 88
54 89
62 79
53 71
56 74
59 79
57 77
60 73
51 69
63 72
62 70
52 76
61 67
