100 100
14 15
4 6
41 43
20 22
8 11
3 6
27 29
49 55
67 68
18 27
85 92
87 93
19 25
54 58
65 77
21 25
80 94
69 74
72 88
14 30
42 62
10 31
4 19
42 50
47 54
33 56
68 94
64 91
72 83
13 17
65 95
16 48
5 37
9 40
1 32
23 53
12 43
16 60
8 36
26 52
13 61
29 47
9 58
80 99
21 38
7 51
5 50
89 97
23 46
20 45
22 44
12 49
90 100
93 98
24 39
28 35
26 88
17 87
7 78
46 99
15 66
3 83
31 77
11 89
2 81
30 73
24 79
59 97
28 70
2 92
63 96
63 95
1 96
33 67
41 74
36 71
48 86
51 84
59 82
38 76
37 79
44 70
62 82
35 78
10 100
56 86
45 66
18 98
60 76
52 69
40 90
57 75
39 85
34 81
61 73
53 64
34 84
32 91
55 75
57 71
