100 101
16 17
30 31
78 79
33 34
9 10
93 94
41 45
40 44
51 55
32 37
1 4
82 87
66 71
27 29
75 76
7 15
87 95
54 62
2 8
71 76
84 88
36 41
66 79
81 92
22 25
51 60
3 19
72 91
77 94
64 83
15 27
3 23
68 80
4 18
5 19
11 28
6 31
75 82
67 89
13 22
6 26
1 28
69 88
78 83
72 86
47 48
73 86
74 85
64 97
17 50
8 45
5 35
2 37
70 97
14 38
25 48
12 38
11 33
9 35
13 39
7 44
29 49
12 34
77 99
21 36
26 43
24 46
24 32
30 39
90 99
18 40
90 96
10 49
20 47
14 50
23 43
16 46
20 42
21 42
93 98
54 100
52 96
48 100
58 98
63 100
61 95
62 89
57 81
59 80
55 92
56 85
53 91
58 84
52 68
59 74
53 65
63 73
61 69
56 65
57 70
60 67
