1000 1018
33 35
163 166
681 687
264 270
720 727
779 780
929 934
496 504
544 552
869 879
739 744
982 986
662 666
598 600
610 620
898 914
525 541
768 785
65 80
289 304
933 950
620 634
419 441
749 759
359 379
15 19
577 605
335 339
109 112
424 437
462 464
715 747
389 420
773 801
215 243
141 168
6 35
527 553
71 96
917 957
463 486
961 1000
75 97
662 700
2 41
910 930
659 702
909 931
91 116
276 292
671 686
84 102
131 177
30 45
261 310
603 623
650 702
848 870
23 46
387 440
783 819
519 570
860 867
857 870
547 611
525 588
796 861
308 373
7 70
265 331
412 479
142 205
817 887
551 608
691 756
305 377
58 115
411 465
777 835
292 360
385 462
312 361
158 202
161 244
286 331
403 454
440 494
901 978
778 850
779 850
159 198
645 734
429 502
183 233
669 765
284 380
390 485
693 726
648 748
945 981
539 638
640 742
424 448
257 360
825 851
24 115
555 583
46 66
414 499
433 478
688 735
679 712
308 325
171 218
549 599
274 353
524 632
169 221
32 85
301 344
522 637
796 875
17 105
933 988
162 219
287 357
299 336
14 117
794 871
306 332
678 729
861 988
512 641
69 199
838 960
856 991
336 471
836 972
802 938
325 460
844 966
81 218
358 490
806 938
858 983
364 482
561 703
262 392
599 729
383 495
617 761
842 987
119 229
280 396
546 695
529 644
777 924
611 757
849 969
775 926
834 985
788 911
612 762
533 650
13 146
622 753
48 144
362 459
876 968
568 668
512 678
803 900
356 460
352 457
288 395
607 755
772 937
866 972
107 197
31 177
531 675
11 186
824 905
350 492
883 967
83 231
800 917
319 393
78 248
318 393
639 712
53 141
44 148
22 174
770 952
49 139
309 399
20 168
558 659
545 671
821 907
815 913
606 736
856 921
381 444
90 155
627 690
838 900
345 410
540 735
536 733
321 390
66 139
542 727
333 388
792 977
586 640
13 198
41 229
840 901
259 467
265 472
528 705
379 425
885 935
323 400
317 494
893 942
570 748
582 657
625 680
854 909
297 498
44 241
591 658
827 997
43 244
827 987
65 160
327 421
869 903
64 163
370 406
328 430
807 961
40 206
559 711
885 924
5 239
588 672
80 188
847 931
303 449
92 172
273 481
530 739
575 717
95 170
629 640
1 246
557 730
617 670
607 680
808 977
1 251
12 240
368 397
18 236
793 999
540 738
322 445
154 410
666 922
576 833
247 502
596 854
719 973
60 319
556 809
126 376
708 962
224 488
572 822
75 320
603 855
122 375
613 872
148 409
553 807
585 839
563 828
579 849
238 509
120 363
222 458
526 795
77 340
36 318
719 980
578 862
67 351
183 426
715 981
637 866
652 942
594 881
149 434
618 832
660 958
113 346
151 443
61 272
76 355
639 848
612 843
160 402
210 480
230 468
594 865
253 457
521 828
139 446
101 338
150 431
3 314
129 442
622 853
756 968
208 492
200 500
128 445
250 452
149 465
94 282
624 820
62 378
234 431
134 451
581 771
90 275
707 906
754 955
130 456
167 491
636 818
20 326
178 486
164 497
203 414
137 476
716 922
227 442
50 361
56 355
732 896
746 951
51 339
566 852
651 1000
606 824
40 335
221 436
206 423
21 383
29 369
240 413
555 836
143 480
609 782
751 927
88 296
9 376
677 983
73 314
2 369
691 967
57 333
681 989
220 427
132 511
150 490
547 863
687 979
125 257
179 463
530 878
531 878
633 774
74 309
534 916
247 372
535 914
696 831
186 317
641 776
49 443
29 407
764 887
693 830
157 272
673 812
619 998
513 910
565 933
223 334
689 803
187 296
89 461
216 332
696 813
26 399
15 408
658 773
725 845
194 347
182 300
587 976
648 790
705 867
627 976
722 886
631 978
668 825
100 461
721 890
571 919
515 941
216 374
165 266
676 789
96 466
18 417
173 286
217 365
113 455
567 896
643 826
698 771
692 781
140 310
39 412
618 982
71 506
156 291
102 422
651 842
545 995
654 845
551 995
202 271
103 418
253 315
708 770
657 855
153 351
192 262
752 823
685 871
25 466
677 873
614 939
760 822
146 348
236 291
656 863
203 281
185 363
127 428
538 969
170 381
47 503
194 282
88 384
76 405
181 366
516 984
126 419
193 284
716 786
633 934
5 474
601 952
634 923
108 392
205 297
232 268
224 261
189 347
21 509
195 298
676 847
758 795
521 998
534 999
767 781
142 380
213 295
72 444
646 882
685 857
187 334
754 772
42 477
252 260
589 945
568 966
25 487
89 601
191 703
289 801
295 806
191 701
279 789
450 961
260 769
398 907
228 738
125 628
311 829
439 955
155 661
468 986
214 710
55 550
133 663
185 683
107 632
373 864
105 638
301 823
217 706
116 616
472 965
237 752
455 985
137 663
371 851
111 590
304 787
271 811
152 700
130 679
450 996
317 795
182 657
251 723
112 602
254 725
48 542
54 536
249 726
408 951
417 912
24 554
316 783
327 883
245 704
55 513
190 646
439 911
176 649
242 713
181 654
111 595
212 744
178 652
298 788
241 718
487 935
398 975
64 514
121 575
39 608
106 546
95 532
388 975
106 550
98 558
79 514
122 567
387 974
51 636
129 721
60 621
372 805
389 980
302 892
246 674
481 949
52 609
34 631
438 992
403 965
435 996
294 892
188 743
256 859
322 798
69 537
290 895
85 520
27 582
508 930
245 683
103 569
429 973
341 820
497 915
416 963
53 593
329 813
237 649
377 799
209 697
454 940
58 592
34 584
79 548
151 764
340 831
117 538
401 993
123 522
211 672
161 722
483 918
219 686
313 844
366 792
171 733
259 884
491 915
50 586
61 583
402 1000
63 581
134 762
8 629
230 667
365 786
505 889
268 908
167 548
99 742
405 784
328 974
358 993
124 763
458 834
342 990
82 728
8 642
208 602
274 927
93 720
190 563
104 760
294 950
228 628
83 706
375 997
244 614
345 970
306 929
315 943
54 674
489 894
232 624
180 557
87 717
30 644
302 946
173 560
320 991
10 661
45 690
470 841
175 527
436 790
316 920
16 692
277 944
473 895
386 804
74 749
4 675
441 785
67 745
179 543
6 694
87 741
476 872
133 560
78 763
26 684
109 731
478 873
354 984
84 751
10 695
37 667
287 928
288 992
123 697
394 846
484 800
413 857
446 884
459 768
362 934
264 964
446 880
391 841
204 541
214 516
438 864
176 615
321 921
140 598
169 626
404 840
407 843
432 877
127 673
353 896
16 753
225 515
152 635
120 670
386 868
420 835
227 523
425 833
511 791
324 940
382 919
62 724
344 948
415 880
17 766
400 865
200 573
28 746
252 517
255 518
226 539
464 811
226 537
507 775
3 765
505 774
426 853
371 908
128 899
297 554
501 753
110 875
267 526
195 971
158 916
397 647
32 812
86 858
470 730
166 939
147 925
258 524
489 743
38 808
2 780
175 928
196 971
154 904
209 962
215 964
352 630
180 941
38 829
456 724
192 989
312 549
475 709
506 740
434 685
368 623
256 543
270 559
364 590
57 797
305 532
104 846
357 589
326 621
281 565
293 520
12 802
145 958
93 876
503 710
73 891
164 912
43 799
498 711
332 633
422 656
159 937
120 832
184 897
138 947
469 750
283 544
124 839
234 977
266 567
82 879
242 947
233 936
374 564
248 956
510 699
501 688
378 562
263 591
72 769
212 926
81 797
98 814
204 898
131 977
263 597
22 837
323 535
101 816
276 577
437 736
278 576
238 953
11 860
479 647
153 960
448 665
132 990
250 929
36 889
453 664
110 819
197 920
37 888
367 561
196 932
311 596
108 776
409 767
303 585
401 758
341 562
269 613
427 707
234 899
428 709
91 818
211 953
499 664
118 794
23 891
31 882
435 734
189 979
300 604
283 619
77 830
94 810
447 714
199 944
418 731
100 793
293 600
411 741
193 959
467 684
9 904
174 815
56 954
255 893
354 737
483 614
267 653
430 552
172 810
449 582
144 792
63 950
223 853
27 913
493 615
258 655
432 574
415 528
207 832
162 816
404 518
273 642
507 616
452 592
453 595
201 862
469 578
337 713
290 699
135 798
330 723
343 718
474 579
367 757
275 655
493 625
145 780
485 580
19 946
231 837
488 587
59 925
329 737
504 593
28 949
349 759
42 902
59 918
385 556
313 660
447 529
473 630
7 936
348 755
235 859
114 963
14 959
396 574
52 902
384 564
156 809
475 622
416 533
471 610
350 747
433 519
484 604
220 868
4 956
451 635
359 732
201 882
118 970
210 784
249 826
33 994
213 787
330 643
222 791
508 566
307 761
254 821
70 906
47 994
68 905
394 580
184 886
165 874
279 728
225 814
500 571
498 573
280 714
495 572
135 852
119 932
307 742
121 943
243 805
421 626
99 954
391 605
92 903
337 653
406 584
97 897
239 782
235 778
136 874
285 766
269 745
477 569
136 877
395 622
482 517
342 689
382 665
147 890
114 923
86 957
299 704
207 804
157 881
346 694
343 698
324 682
338 701
68 948
277 740
423 597
138 894
349 682
143 888
370 645
201 817
278 750
356 669
496 523
