10000 10000
169 171
1617 1618
2737 2742
594 597
2883 2890
1972 1981
1396 1406
4913 4923
9456 9469
1751 1754
3092 3097
5125 5128
1730 1740
9260 9277
4615 4629
4966 4981
8708 8720
736 757
7206 7216
7680 7705
3943 3965
9700 9726
3911 3930
4109 4115
8517 8538
449 478
2579 2609
6721 6754
2953 2989
3350 3379
8967 8992
3346 3385
8595 8632
8262 8301
5839 5859
526 546
7174 7211
669 688
4992 5038
1873 1918
8389 8436
6171 6185
8982 8997
1671 1715
8658 8679
7749 7792
5906 5924
8660 8685
6228 6254
5535 5541
9867 9905
2638 2676
2142 2146
4954 4967
1094 1145
3632 3697
7337 7400
8127 8190
2216 2284
8475 8543
3233 3305
6017 6089
5415 5486
5396 5469
2462 2516
6962 7032
4664 4722
6171 6224
2576 2652
7571 7647
3712 3789
1086 1136
672 750
8885 8955
9633 9713
1189 1269
2333 2381
6169 6216
5516 5597
4287 4333
6570 6655
5276 5322
3645 3690
9348 9437
681 755
7591 7673
1289 1367
8884 8939
5288 5367
7096 7129
2099 2129
7809 7907
3365 3399
4926 4957
9226 9321
781 872
9647 9673
8834 8933
3729 3830
7841 7881
7689 7777
8120 8149
2482 2525
3469 3580
1723 1738
7600 7618
700 718
4667 4680
1565 1646
4100 4208
6428 6505
2061 2170
7578 7661
6819 6875
6073 6081
2353 2376
9002 9043
3507 3530
7180 7287
6841 6850
3485 3553
60 66
7719 7768
2351 2477
5225 5355
2564 2694
6736 6866
9510 9634
6213 6337
7985 8116
6206 6329
8776 8911
2360 2480
4174 4293
9271 9404
1556 1688
8453 8586
5124 5268
6990 7134
4106 4250
4991 5103
8050 8160
5399 5507
7000 7117
5442 5591
9304 9422
6695 6832
3881 4030
1868 2006
7788 7927
9077 9193
9513 9653
4884 5002
1880 1990
6190 6320
9285 9434
6772 6870
8278 8434
3906 4071
3091 3259
2142 2294
3350 3518
3591 3759
5200 5368
2879 2966
6156 6310
8783 8933
9076 9176
6204 6290
6443 6533
1329 1409
1122 1235
3440 3521
6688 6802
1303 1444
7956 8098
2175 2249
8031 8168
1895 2000
2889 3070
6949 7068
4725 4815
3425 3547
6674 6830
4721 4812
8538 8676
2635 2804
8781 8946
8731 8923
4192 4256
6215 6278
537 730
4919 5107
3845 4035
1635 1701
8471 8657
4185 4255
7983 8167
4171 4226
2683 2736
4701 4753
7754 7814
4115 4318
1603 1677
2056 2264
572 749
5717 5764
8213 8388
6258 6305
7171 7382
5986 6068
6223 6297
4946 4997
6005 6050
4640 4856
7004 7044
7197 7367
4116 4303
2397 2433
6683 6855
5734 5819
9791 9953
3437 3507
8561 8622
7009 7041
9303 9396
7027 7060
7993 8144
3172 3215
5683 5852
5188 5291
8492 8669
5421 5599
382 397
329 445
3954 3975
8971 9213
4435 4517
3417 3490
4711 4763
2573 2801
4111 4338
3342 3571
3120 3278
9809 9903
2589 2787
4246 4502
2291 2547
1680 1939
4793 5050
8721 8981
2049 2309
4197 4449
4682 4940
237 491
8853 9107
8715 8973
2218 2476
2643 2907
602 851
6686 6935
7727 7973
8192 8462
4823 5080
4796 5038
735 973
7225 7466
5151 5386
4624 4872
9324 9588
7681 7963
255 484
704 987
4768 5051
3080 3348
6787 7071
2759 3033
1744 1999
1233 1521
3216 3506
7798 8018
62 279
1134 1351
6738 7032
7213 7430
7686 7978
550 778
7387 7670
2222 2432
7690 7972
8379 8596
3668 3963
3155 3425
8940 9183
239 476
8370 8582
5132 5433
3225 3500
1778 1988
4315 4589
4207 4441
1673 1982
7195 7468
7213 7445
1758 2022
8211 8491
15 310
7784 8019
4171 4468
3187 3404
3177 3371
4818 5008
8281 8475
8395 8585
2256 2451
5262 5581
4834 5030
9234 9558
8823 9009
3222 3536
7189 7506
182 497
6168 6481
2727 3053
6714 7024
8245 8575
1607 1804
4818 5022
7237 7432
2128 2333
4103 4424
1655 1831
2733 3069
3613 3916
9469 9644
78 287
2177 2512
4701 4879
9816 9995
200 411
4638 4941
2665 2864
6895 7094
5764 6109
4689 4875
1657 1827
6659 7000
243 430
9268 9577
598 776
2716 3010
248 422
8806 8966
7746 7971
1098 1323
5145 5499
605 831
4611 4960
4102 4453
3214 3565
7717 8001
9434 9663
5257 5612
677 963
5702 5934
5133 5477
2769 3000
4758 5119
3268 3503
8393 8613
6682 7030
6289 6652
7874 8111
1099 1339
1741 1980
6827 7130
4158 4427
4709 4880
8426 8604
4684 4922
24 352
5809 6091
9449 9621
755 911
1081 1351
5843 6060
7919 8080
4673 5057
2066 2450
9338 9723
9311 9693
561 949
7405 7528
3234 3365
651 780
7715 8107
2113 2504
6810 6928
6173 6550
6312 6436
7920 8063
3181 3554
8383 8494
3743 3852
1770 1913
3588 3991
9366 9474
8878 9019
3812 3953
7281 7655
3603 3979
4345 4448
6244 6653
2217 2352
191 294
4617 5008
9386 9526
3285 3400
5867 6006
7894 8008
5208 5574
2755 2908
4211 4562
5803 5900
9322 9666
4319 4470
6184 6529
3243 3329
7203 7566
3626 3975
9431 9593
1647 1984
7325 7474
4251 4404
4828 4973
6292 6439
38 402
7691 8125
3323 3405
7168 7606
5737 6111
656 807
6825 6942
529 934
3733 3885
9324 9680
5284 5401
1026 1471
2707 2860
5293 5394
7755 8180
8355 8547
8758 9206
5279 5471
4715 5033
5689 6139
6349 6409
1192 1388
4186 4511
7826 8020
5360 5432
7338 7523
1049 1490
4824 4884
4321 4396
616 933
9288 9605
9295 9601
8864 9071
2595 3052
3623 4072
6672 7135
9280 9616
1779 1826
2627 2965
4742 4945
9296 9610
6391 6443
75 406
3148 3474
3108 3526
558 973
1789 1817
2080 2500
5770 5996
5807 5961
26 509
1686 1905
1619 1977
2079 2548
7291 7568
91 432
8227 8655
4729 5015
7257 7593
2249 2363
5788 5992
2284 2329
7863 8014
2624 3005
8464 8977
6557 7071
5363 5879
5148 5658
2182 2689
5170 5690
137 641
5246 5749
9272 9780
7381 7896
6620 7122
6313 6823
6193 6719
154 660
1323 1829
6544 7040
6550 7045
315 815
2406 2931
1365 1869
3502 4020
1109 1615
9327 9844
5373 5857
332 849
5436 5922
5551 6065
3509 3989
2059 2602
4294 4837
4406 4882
6179 6663
5144 5693
9280 9829
8427 8909
4149 4627
6361 6897
4196 4684
6607 7141
9386 9857
8529 9087
1341 1805
2528 3024
6566 7063
308 774
5388 5951
8646 9205
248 717
5593 6126
5537 6038
7483 7948
104 593
8234 8721
1509 2014
7403 7894
8222 8736
7327 7840
3424 3872
9235 9811
3183 3629
2497 2947
4297 4747
3107 3681
1528 1980
1056 1637
226 676
144 726
5155 5739
2372 2830
3099 3664
3462 4045
25 597
4593 5054
5221 5674
5211 5643
3468 4061
5580 6046
375 805
6474 6942
2141 2568
8665 9102
3492 4093
6250 6707
4245 4814
1276 1703
5449 5908
361 823
32 639
3139 3618
6145 6759
261 867
3409 3894
6475 6947
369 793
2396 2869
2499 2985
1347 1832
8433 8861
6346 6822
5509 6120
5557 6107
1206 1752
38 584
2474 3013
2345 2886
8447 8847
3196 3597
1511 1940
8679 9108
5346 5777
7575 8164
4592 4997
5584 6053
9319 9746
6179 6742
5441 5942
5161 5726
2358 2881
6166 6753
5317 5821
1479 1982
8674 9117
5463 6101
8391 8769
2336 2982
7633 8024
5295 5669
6321 6715
1186 1576
5395 6047
7306 7686
6464 7116
7427 8077
6307 6700
8520 9178
4488 4890
1527 1892
506 878
249 623
1406 2025
7632 8007
2439 2832
8264 8927
34 698
3131 3747
1400 2017
1401 2021
4530 4910
9259 9909
4504 4870
3328 4003
4477 5086
2065 2741
431 779
8241 8855
6251 6851
4106 4771
4098 4779
2496 2924
7591 7946
9262 9856
271 928
7449 8105
6314 6682
1216 1649
4554 4985
446 781
452 880
7279 7897
7529 8159
5561 5889
2110 2694
5444 6140
7537 8137
2233 2563
4196 4831
2120 2806
7500 8178
2440 2870
3187 3788
2470 2841
1210 1659
7277 7855
341 919
2062 2762
8638 9082
436 881
1332 2035
2273 2598
6201 6910
7602 8053
5252 5710
2172 2743
7581 8017
6371 6703
4311 4632
1245 1550
9310 9866
4593 4900
1304 1997
4416 5014
1142 1696
3109 3826
1326 2041
173 628
4156 4838
4144 4842
2067 2760
8529 9098
8569 9122
3446 4013
6151 6876
9239 9975
9457 9747
4284 4702
2114 2721
6144 6883
8480 9157
8280 8895
3229 3701
5296 5720
7512 8113
4356 5103
6277 6766
8479 9203
5183 5842
5472 6031
4484 4980
1144 1674
4128 4821
2210 2647
4183 4781
5491 6025
5626 5888
32 730
5274 5729
1387 1943
3115 3798
2251 3018
460 717
3463 3716
2548 2800
3295 4057
3330 3588
8405 9170
353 616
8286 9040
2300 3054
3128 3882
2220 3006
2438 2706
4297 5085
7434 7710
8295 9074
8544 8821
8490 8767
5157 5938
4523 4787
1071 1847
140 912
9535 9763
4602 4839
303 527
5393 5683
9659 9880
1370 1657
5457 5748
1443 1670
3079 3873
6518 6736
2193 2999
7313 8118
5307 6035
357 588
2280 3009
3260 3990
2326 2620
405 702
4425 4730
6302 7082
1270 1986
5621 5826
1376 1624
2217 2961
3433 3665
1079 1805
7480 7683
4227 5048
4203 4944
1082 1798
7555 7871
9576 9812
2076 2849
6344 7159
4295 5112
2452 2768
6588 6907
6518 6705
7394 8106
356 556
7302 8143
9654 9980
1203 2040
330 518
8646 8840
3209 4039
7171 8012
6404 6741
1472 1682
2458 2760
438 740
6317 7166
4299 5016
2327 2628
1140 1831
351 524
3159 3843
4453 4657
288 628
5366 6048
6578 6884
6196 7011
281 590
6160 6984
1402 1570
6199 7022
7495 7708
21 841
3349 3656
6361 7097
3132 3933
6147 7010
2388 2613
1097 1834
3082 3945
3261 4057
2195 3062
339 565
441 734
1394 1563
3193 3859
7632 7866
4161 4907
1098 1825
1270 1946
3499 3781
7645 7858
1460 1733
4408 4682
8317 8975
1499 1704
4544 4788
5570 5814
7499 7742
8240 9029
2107 2894
6408 6782
8571 8717
7635 7844
4462 4628
8359 9181
5407 5731
4506 4839
1104 1837
2237 3011
5163 5973
1087 1856
7627 7753
8212 9111
1242 1881
2165 3057
226 868
4260 4899
8282 9170
2279 2927
9567 9942
9692 9809
2531 2670
9587 9954
426 571
6356 6988
7341 7989
3078 3999
8513 8920
7463 7869
3388 3750
4145 5034
400 523
1453 1587
6401 6819
6551 6709
6651 6744
6221 7145
7614 7707
7665 7764
4454 4800
8508 8852
7311 7975
6508 6853
2525 2679
7377 8058
7283 8152
2558 2645
8421 9032
2053 2984
3522 3695
5562 5652
2498 2669
3312 3904
6247 7126
2153 3034
208 867
8691 8775
2491 2574
7468 7834
6549 6690
3336 3775
4357 4799
2208 2842
7196 8103
2431 2756
349 737
5165 6032
1309 1698
4389 4836
4519 4708
7220 8176
2453 2641
4319 4890
4320 4902
7672 7743
1447 1647
435 633
5558 5752
6510 6817
21 986
9636 9846
6308 7030
1525 1575
5499 5806
2536 2622
6515 6821
5340 5893
5391 5846
1386 1718
3382 3818
103 955
1301 1737
5139 6094
2407 2746
6382 6963
362 692
2271 2877
6230 7093
3551 3644
8314 9113
5425 5845
7209 8140
7407 7945
4241 4983
7362 7972
5228 6027
8486 8910
5183 6102
3080 4065
7606 7775
3573 3615
6358 6972
9504 9933
5583 5666
9589 9883
36 971
9632 9807
7391 7984
2339 2772
9495 9967
7170 8186
3579 3584
7610 7745
6252 7056
5298 5967
2129 2990
1364 1707
7240 8119
4354 5376
6618 7640
8521 9547
4649 5676
4289 5316
2516 3548
622 1638
7028 8061
4819 5850
8835 9865
8630 9661
4428 5447
392 1412
4806 5833
8714 9733
235 1274
2651 3657
641 1683
3050 4089
6434 7479
4647 5682
184 1198
2498 3540
494 1526
4953 5954
5084 6087
8531 9551
2969 3972
6517 7528
6694 7737
2605 3634
2540 3532
2103 3095
2078 3135
4934 5991
149 1207
8374 9365
8260 9312
4352 5413
4478 5467
6876 7929
7160 8159
6396 7380
2836 3900
8879 9862
6182 7183
6286 7330
2565 3624
7029 8026
6621 7666
146 1213
462 1534
6842 7818
4107 5179
6296 7337
4627 5666
5036 6040
8841 9917
3017 4092
2334 3368
8413 9444
885 1870
2667 3664
347 1382
6771 7757
4961 5920
6993 7954
969 1930
8461 9550
2946 4038
8621 9707
4609 5703
2933 3890
2202 3282
7130 8083
358 1327
670 1748
6708 7800
413 1488
4529 5628
6672 7774
2838 3928
8578 9680
8753 9827
2416 3364
4360 5468
2528 3508
2175 3114
6788 7901
678 1788
6293 7375
8596 9679
162 1278
8407 9354
198 1176
6242 7228
4900 6010
2639 3601
4205 5170
455 1432
5081 6072
6479 7470
4586 5515
982 1972
2545 3475
2766 3757
6863 7852
2365 3417
4543 5594
252 1177
121 1041
492 1412
2503 3502
8356 9421
8242 9304
766 1685
2188 3303
8485 9544
2599 3658
2312 3429
7010 7949
2426 3336
511 1419
4135 5202
2171 3073
4889 5989
6698 7765
8736 9890
4418 5574
754 1655
6512 7669
154 1040
2326 3485
6662 7821
2455 3354
648 1541
158 1038
557 1724
8686 9599
668 1545
4429 5595
556 1722
8645 9555
7131 8002
2366 3492
464 1354
3030 3915
552 1717
392 1301
966 1881
2556 3421
8390 9316
8929 9795
863 2044
272 1462
8269 9450
2782 3705
6368 7240
4968 6082
8345 9267
8635 9489
6524 7638
313 1426
6753 7885
6998 8187
2838 4027
6532 7466
2150 3286
4379 5546
6520 7626
6944 8084
2604 3736
6692 7824
2070 3232
6390 7232
165 1042
8694 9537
5015 5934
2906 4064
2288 3149
6625 7516
2767 3598
831 2046
813 2030
43 1263
5110 5939
6710 7920
6543 7496
2832 4056
627 1721
668 1623
8948 9791
2343 3563
469 1304
562 1791
6760 7847
8644 9492
2794 3642
1017 1833
3007 3949
435 1377
599 1668
479 1292
7087 8060
848 1924
8790 9870
4265 5235
4140 5367
7144 7988
789 1992
8406 9227
8932 9786
6417 7664
2441 3432
2745 3675
2979 3905
6628 7424
4551 5411
94 1211
8258 9380
204 1066
2985 3905
6476 7589
54 1244
2802 3614
957 1872
530 1788
8575 9616
8626 9539
2248 3129
6496 7569
6341 7223
6342 7218
6201 7373
8311 9345
6627 7444
2658 3739
4599 5390
6635 7440
4294 5181
612 1695
8358 9307
727 1576
8572 9603
8677 9445
6560 7329
4761 6043
228 1510
4588 5352
5073 5844
2645 3920
8625 9399
636 1915
8579 9355
6803 8090
6598 7372
4936 5699
8439 9724
805 1582
4557 5313
6459 7222
2647 3929
775 1544
2579 3843
6681 7947
9077 9825
4917 5664
3026 3783
9007 9784
2837 3596
4601 5347
4675 5977
9158 9949
2578 3849
6756 8057
2166 3435
7073 7868
4461 5232
999 1784
950 1687
6774 8020
477 1272
759 2002
3026 3828
4904 5647
985 1777
3019 3811
8474 9264
6316 7558
4677 5998
8498 9241
2664 3910
6528 7343
363 1114
2581 3876
88 1386
9143 9861
2803 4032
4525 5278
106 1374
8753 9988
133 1459
6370 7637
567 1807
195 1530
7003 7776
2088 3347
3039 3809
515 1852
733 2018
7127 7912
311 1143
97 1313
6256 7473
2920 3625
4942 5644
396 1231
4143 5482
2053 3395
2344 3183
4978 5690
4152 5489
4651 5985
2621 3959
7110 7818
98 1324
6405 7242
2363 3188
7099 7914
4428 5149
2196 3525
5102 5820
2840 3659
2901 3590
2297 3501
615 1842
4415 5224
2489 3296
8215 9548
4694 5901
8334 9682
2799 4017
372 1044
4750 6127
4810 6059
4809 6058
866 1537
2206 3579
4912 5718
6706 8021
118 1310
8315 9491
4626 6008
959 1747
6922 7782
4740 6121
444 1234
174 1473
8197 9585
9080 9740
2709 4065
958 1739
6917 7795
114 1284
26 1379
5027 5849
6939 7776
8341 9710
99 1311
635 1798
3004 3778
6299 7451
4446 5340
4268 5422
8561 9458
2845 3737
2491 3135
2393 3293
78 1482
4643 6054
6491 7388
6237 7642
9126 9761
4342 5503
2397 3287
8530 9438
2708 3864
4233 5381
4894 5779
225 1391
6426 7306
598 1988
8509 9390
4187 5576
4157 5550
2112 3543
213 1346
7088 7720
2486 3117
5082 5700
4983 5864
8489 9398
4449 5374
4539 5147
2324 3253
2754 3942
102 1474
4342 5458
4607 5209
4138 5516
2369 3302
8341 9532
4376 5298
6932 7864
9098 9766
6989 7904
9047 9978
7109 7787
494 1088
9183 9840
4150 5510
7128 7784
204 1404
4966 5845
4537 5132
6689 8084
4930 5877
6564 7197
409 1059
5106 5705
6615 7276
9156 9848
8310 9672
8386 9597
576 1920
4734 6077
7138 7719
7111 7695
2843 3793
5078 5661
6608 7195
4440 5267
4425 5253
406 1115
9105 9820
4984 5815
6559 7248
6399 7471
4654 6142
8664 9224
8995 9970
8560 9380
2063 3546
6198 7651
4418 5269
186 1389
4355 5338
418 1150
921 1604
7074 7804
2353 3283
2774 3892
2303 3357
609 1923
2688 3944
2791 3855
9037 9892
8979 9977
5046 5724
4982 5788
9202 9753
9044 9913
355 1166
6698 8132
2521 3127
8480 9423
6896 7967
2392 3241
8555 9370
189 1359
4699 6056
4673 6069
2228 3393
6679 8162
8484 9436
906 1651
6943 7909
2475 3152
101 1438
4104 5620
651 1908
8725 9236
2414 3943
2179 3721
4202 5728
6604 8134
2195 3741
4935 5449
2072 3607
277 1796
4120 5642
6956 7486
2158 3709
7014 7538
6523 8046
996 1521
2328 3853
2849 3383
8941 9467
2622 3113
4417 5974
799 1287
4144 5673
622 1141
2445 3985
6322 7854
806 1338
6314 7860
5083 5627
779 1321
7025 7508
2975 3511
2673 3160
2546 4059
461 2023
7055 7589
2543 4036
8934 9418
2770 3325
7083 7556
2463 4014
6586 8075
4472 5963
2246 3824
887 1345
498 1989
840 1407
462 2038
2544 4044
1006 1488
6475 8052
6620 8092
76 1548
6639 8111
4763 5338
2747 3321
5021 5593
6602 8076
284 1882
4497 6103
4583 6063
6332 7924
583 1037
6666 7238
189 1777
296 1893
2831 3393
8914 9373
6364 7819
8282 9741
4967 5424
5091 5560
2211 3837
2606 3185
6144 7775
101 1541
4906 5448
2781 3259
6780 7188
2230 3804
6265 7701
2876 3408
9126 9674
4721 5148
4909 5443
582 1064
5 1642
9204 9607
6490 7983
6354 7850
7142 7582
2739 3274
2374 3898
233 1684
4233 5641
490 1898
2825 3464
6183 7845
2272 3683
4822 5205
442 1849
581 1217
2417 4085
4571 5970
7148 7525
8752 9402
8303 9956
685 1057
4628 5273
2412 4094
2915 3568
3048 3454
7118 7511
547 1209
4769 5179
585 1237
7095 7464
8357 9786
9202 9554
6957 7565
558 1166
2049 3744
2697 3112
9000 9610
8983 9653
8934 9282
8418 9798
6587 7965
2319 4006
4467 6106
2827 3489
6214 7914
664 1076
6561 7949
9067 9669
4871 5544
2904 3560
6632 8025
4905 5531
7050 7486
6292 7714
6613 8035
9093 9523
992 1367
2570 3250
2965 3373
9207 9550
490 1875
4662 5260
8760 9347
4899 5528
7023 7636
7108 7545
6972 7554
2963 3373
9186 9504
8826 9407
4886 5584
8991 9688
423 1903
2056 3779
2180 3657
2118 3720
8261 9867
2337 4081
7050 7514
9165 9503
4129 5874
2312 4060
4737 5204
2941 3496
4693 5251
750 1078
6975 7654
4595 5930
6513 8107
8780 9360
404 1864
7086 7539
6974 7648
714 1045
6273 7774
9197 9522
4300 5678
797 1535
2387 4016
4494 5994
239 1545
9141 9555
4892 5627
2252 3621
257 2027
9178 9521
509 1809
270 2018
649 1124
972 1314
4672 5294
8284 9907
9160 9511
4246 5734
4962 5522
190 1610
4331 5662
9083 9614
2767 3130
6562 8023
8749 9428
6996 7598
6460 8135
8275 9896
6828 7249
2202 3685
8546 9826
2549 3828
2320 3601
895 1146
9078 9329
6351 8135
5090 5354
2523 3794
6328 8114
2848 3114
4141 5926
2147 3944
684 1440
6473 7748
6158 7937
2839 3096
6734 7489
6894 7649
2350 3642
7048 7325
7106 7380
4169 5983
748 1524
6174 7940
4432 5706
6558 7813
2501 3800
6378 8183
8996 9273
3048 3319
6662 7449
917 1205
2455 3766
2699 3498
208 2034
4172 5999
4184 6013
6642 7892
5079 5360
8681 9921
8449 9768
2826 3104
8556 9798
6950 7181
6920 7204
2251 4070
951 1178
667 1461
2269 4083
8477 9778
2437 3754
4350 6097
4200 5959
333 1661
9056 9298
5049 5259
2433 3762
4560 5863
8525 9844
2663 3422
9145 9346
2748 3456
8515 9853
4825 5607
522 1333
8722 9517
6400 7744
6276 8133
2126 3852
4697 5403
7038 7229
8867 9702
8914 9623
117 1853
5114 5299
2646 3356
460 1670
4637 5456
2409 3620
2518 3739
4878 5184
6860 7555
5101 5282
963 1171
2657 3377
8609 9968
6170 8014
4477 5672
2487 3808
4625 5446
4856 5538
2590 3395
2739 3566
923 1221
2484 3818
8541 9731
2199 4040
840 1047
2648 3384
811 1096
5000 5355
8614 9923
559 1353
2338 3653
6325 8157
6498 7695
8705 9582
743 1430
712 1466
6239 7981
3003 3273
8673 9875
6887 7573
4754 5601
2514 3751
4959 5162
9047 9248
6338 8123
2298 3968
8949 9615
2906 3105
7119 7348
2542 3730
4311 6058
8994 9311
385 1791
6934 7273
744 1384
2714 3355
2820 3205
8713 9611
6298 7961
2869 3254
155 1816
6291 7957
4597 5757
8478 9878
8505 9905
8848 9497
4828 5461
6211 8138
6212 8142
6748 7639
2143 4050
575 1458
6467 7884
2347 3748
4327 5992
927 1039
7046 7191
8509 9897
962 1110
2270 3914
4720 5604
6188 8121
8670 9803
8639 9769
8989 9354
6776 7649
4351 5988
485 1658
4536 5671
8739 9660
8800 9665
245 1879
7098 7199
1021 1109
8557 9925
811 1154
4445 5876
7157 7263
473 1653
6485 7929
2595 3470
7155 7262
2924 3266
5001 5158
508 1612
4540 5645
6498 7891
36 1936
2399 3817
2911 3304
4949 5346
6789 7485
6733 7668
6290 7976
6226 8175
6354 8045
661 1322
8671 9824
7165 7228
160 1889
4558 5644
5025 5219
6726 7552
8905 9487
6163 8148
4990 5305
74 1933
6450 7930
7162 7223
6173 8147
2472 3704
316 1772
8411 9993
5027 5239
644 1360
2923 3262
6176 8183
9136 9320
1019 1059
4287 5990
2728 3441
637 1447
796 1222
6958 7412
429 1654
6320 8044
6197 8169
6982 7323
6743 7561
847 1199
4918 5333
4244 6007
8848 9591
8463 9959
4220 6036
794 1267
938 1093
2874 3275
4974 5276
4394 5848
6673 7651
4216 6027
1013 1025
4266 5982
8444 9992
2593 3541
8640 9780
4362 5887
6465 7863
5096 5150
2191 3961
4318 5929
4807 5439
256 1784
8759 9678
6781 7553
8738 9694
2556 3584
4670 5570
2693 3451
54 1993
1262 3310
5518 7565
138 2185
4376 6428
5790 7835
4154 6205
1952 4007
743 2799
5865 7906
1925 3976
1095 3146
4920 6965
753 2785
4159 6190
5130 7192
341 2375
16 2051
780 2841
1046 3072
4992 7062
176 2215
89 2113
5669 7739
4492 6573
4504 6585
1380 3399
448 2531
1845 3857
1108 3185
4864 6954
1428 3518
5089 7115
1812 3902
1219 3310
1983 3986
623 2655
725 2788
5754 7755
1675 3774
4373 6432
5146 7202
1555 3627
1706 3728
5137 7211
5540 7582
1940 4015
5042 7054
4170 6262
687 2705
5772 7884
661 2775
109 2095
5823 7933
5332 7319
1401 3389
4508 6616
4409 6527
5451 7436
109 2090
1353 3329
316 2422
766 2738
4538 6646
4166 6154
4711 6696
5609 7590
342 2311
4891 6986
1141 3108
1920 4050
5664 7794
5225 7226
5548 7675
1849 3939
493 2481
4950 6921
1911 3880
5339 7300
5411 7490
510 2460
4316 6335
5018 7161
5311 7385
1730 3749
4380 6517
5109 7065
5100 7042
4220 6157
5042 7104
4601 6540
1967 4058
5339 7341
5021 7146
4616 6770
1584 3658
4819 6824
786 2926
797 2915
1005 2962
5920 8096
5851 7771
6114 8034
932 2852
1064 3240
5474 7650
5743 7915
5906 8087
232 2158
707 2628
5258 7170
4508 6420
5694 7858
1594 3765
4382 6542
1007 2943
836 3028
1742 3677
716 2655
6122 8062
5073 6981
6071 7969
5342 7241
1909 4077
336 2506
1312 3515
4397 6582
4802 6751
4331 6262
333 2514
854 3060
411 2361
4430 6634
4377 6589
4964 7107
4286 6169
891 3036
5879 7773
1922 3881
6124 8007
812 2951
4390 6537
682 2565
82 2274
472 2408
83 2274
835 3056
617 2780
5480 7646
4745 6707
141 2103
5756 7878
6132 8015
214 2071
227 2082
4724 6837
4286 6269
5308 7295
5121 7364
5948 8186
4368 6614
876 2980
5022 6999
1797 4047
4638 6868
4501 6489
39 2283
194 2063
4779 6779
1786 3624
5409 7666
5341 7177
1121 3252
1872 3973
1767 3634
1992 3871
4829 6660
5909 8137
1180 3197
5426 7635
219 2111
1450 3407
1937 3956
1974 3923
4443 6588
4535 6493
1984 3884
1768 3589
4898 7116
1954 3923
59 2243
5430 7631
602 2720
1067 3280
1842 4046
1204 3144
4295 6200
511 2302
788 2582
177 2484
4180 6483
5168 7482
1269 3577
5555 7359
1874 3651
5285 7607
5573 7383
1606 3925
721 3010
4797 7081
5766 8081
4741 7058
777 2577
4210 6507
5534 7298
1362 3148
1519 3277
1995 3822
5553 7320
4563 6394
1422 3236
1581 3846
6005 7769
4427 6246
4817 7167
859 2676
4225 6577
5454 7295
4775 7061
1998 3836
5795 8080
1559 3873
4474 6220
1229 3573
1378 3163
1318 3101
5386 7217
4866 6713
621 2897
966 2810
4698 7012
139 2485
1771 4052
5464 7271
5493 7221
4791 7158
161 2533
6038 7888
997 2733
4805 7052
705 2952
5322 7552
4130 6504
1484 3206
1206 3581
1346 3081
5177 7541
5175 7547
424 2278
4550 6281
5652 8004
4541 6380
680 3066
1258 3519
1883 3597
5660 8010
6137 7840
4955 6658
380 2085
4423 6172
5897 7765
4259 6654
4431 6162
53 2408
1609 3863
4612 7012
691 3027
974 2734
372 2071
5484 7176
4096 6501
4862 7067
4189 6459
1168 3576
1746 4025
1767 3978
4863 7057
5680 8030
4284 6611
885 2564
975 2748
920 2795
4739 7152
4584 6301
4458 6175
5036 6874
5084 6826
1024 3446
4688 6950
1069 3418
4422 6207
274 2152
4731 6913
458 2231
112 2317
5168 7501
762 2951
5936 7758
306 2124
1672 3850
627 3063
4505 6161
4399 6311
5241 7664
219 2384
1518 3170
48 2495
410 2069
1904 3839
6135 7781
924 2568
506 2159
848 2758
4676 7123
6123 7795
1806 3734
388 2079
4116 6536
860 2752
603 3012
1417 3094
5054 6684
5214 7677
824 2715
855 2802
5719 8176
461 2154
5253 7469
5481 7362
5914 7862
157 2352
5823 7953
42 2436
822 2692
6012 7887
1462 3077
1551 4026
536 2989
4400 6280
4257 6425
884 2765
4153 6649
340 2196
5070 6671
123 2490
4292 6406
1293 3278
6091 7688
4812 6927
690 2929
1229 3339
5679 8167
4157 6644
1960 3684
5007 6723
327 2186
987 2571
653 2905
4312 6415
4977 6822
5861 7997
5995 7856
4359 6362
5847 7945
5099 6667
6141 7709
5186 7586
5812 8021
5883 7962
478 2108
446 2140
5484 7311
4486 6242
620 2953
4517 6211
600 3006
883 2708
1115 3516
4611 7147
5987 7817
4829 6961
702 2896
1044 3556
5288 7514
2026 3609
5610 7199
901 2675
193 2359
5577 7231
817 2761
71 2494
2025 3600
5281 7515
4149 6607
1289 3317
1538 4095
5624 7173
1876 3755
408 2968
4555 7114
4816 6353
1349 3911
4291 6848
5277 7838
1725 3257
4277 6844
4693 6236
1104 3675
1100 3655
4558 7107
5691 7222
5478 8040
4760 6294
5140 7707
5759 7279
4685 6236
1105 3648
907 2457
842 2392
127 2669
83 2624
6115 7670
5068 6619
5026 6581
4407 6959
266 2835
5216 7807
5500 8030
4686 6253
5304 7836
416 2949
1802 3362
5780 7356
5840 7418
1558 3133
1539 3112
1615 3169
1225 3814
566 2055
1336 3849
1810 3360
5563 8073
1738 3321
5530 8110
5334 7907
4276 6785
4450 7002
5126 7741
740 2265
1973 3467
96 2654
1451 4075
5742 7214
4230 6855
964 2437
4224 6852
108 2600
4930 6404
5418 8032
4364 6983
4141 6758
4193 6701
745 2215
382 2864
1342 3952
898 2509
4789 6373
5562 8171
299 2937
5387 8025
5237 7713
4307 6789
5919 7497
4391 7039
952 2529
5972 7437
816 2411
1174 3789
1290 3927
5599 8066
937 2551
5479 7942
453 2983
6026 7657
4112 6773
1979 3548
4801 6313
590 2087
4749 6375
253 2711
1118 3635
1913 3348
6119 7562
4350 6801
1033 3705
4904 6489
5552 8129
4566 7076
5013 6631
4421 6960
5755 7182
4546 7092
4414 6985
4308 6829
576 2106
4237 6903
94 2597
1836 3415
5637 7289
4148 6728
4705 6172
5462 7976
533 2155
5547 7979
1746 3154
260 2949
1424 3858
4117 6806
116 2801
6055 7457
5312 7750
468 2898
5686 7345
4625 6301
269 2947
2027 3448
5407 8075
4603 7023
4952 6606
5750 7406
414 2823
1786 3171
1793 3483
983 2380
5979 7622
5832 7255
1728 3167
5287 7687
1370 4091
5984 7620
5865 7247
5097 6479
5051 6429
886 2513
4577 6985
1835 3459
1061 3724
1731 3177
4267 6657
4864 6571
5723 7415
1271 3673
1027 3757
1855 3473
1089 3825
5929 7579
5202 7905
1548 3256
4795 6158
4307 6756
1612 3318
5088 6491
1031 3771
4223 6851
1001 2388
1366 4073
50 2807
1603 3211
313 3057
149 2648
1376 4015
6065 7550
1277 3629
5869 7229
68 2709
1238 3591
5129 7898
4675 6288
5431 8163
1614 3227
1486 3864
5821 7275
4646 6385
102 2751
2035 3369
703 2149
4098 6872
1705 3190
1865 3497
1965 3404
6115 7425
354 2950
5539 8006
4713 6273
4322 6664
864 2443
67 2734
1515 3844
5173 7877
827 2506
707 2096
5648 7395
1678 3194
296 3038
4791 6208
2037 3340
10 2803
52 2765
5575 7992
1568 3362
4422 6724
5451 7759
4845 6633
5399 7697
4365 6661
1740 3527
1442 3758
1361 3679
982 2265
4796 6574
608 2420
4731 6511
443 2735
1487 3799
5907 7179
1122 3963
1130 3955
1477 3806
5851 7616
1916 3168
1619 3406
5358 8177
978 2290
30 2878
995 2242
4907 6153
1682 3505
5720 7548
402 2743
4232 7085
5654 7472
1783 3537
4370 6709
378 2643
1932 3239
4714 6471
1020 2258
1864 3174
1011 2268
4855 6616
4439 6776
1536 3375
5134 7999
5262 8124
5650 7456
568 2316
5336 8173
6061 7322
5894 7230
4285 7045
758 2510
1048 3875
1825 3100
5402 7717
943 2287
4441 6680
5611 7849
4781 6639
4347 7102
5923 7270
1860 3075
6117 7340
1969 3320
455 2699
5474 7724
784 2143
692 2555
4552 6808
5155 8049
5862 7605
1854 3179
1431 3777
993 2232
5285 8191
981 2190
420 2811
5325 8108
630 2323
4136 6976
1338 3666
646 2543
1761 3464
1125 3855
1149 3857
4406 6746
152 3061
5995 7174
1330 3679
5810 7647
760 2454
5549 7875
1888 3087
1083 3914
5215 7982
5477 7703
356 2576
1344 3636
1450 3805
1935 3319
4298 7094
4512 6877
5498 7687
303 2640
679 2520
4458 6677
396 2572
4158 7103
739 2402
6037 7191
1505 3682
989 2136
1244 3930
535 2448
4219 7155
4913 6330
4663 6586
401 2591
5161 8121
1126 4087
5844 7494
2009 3146
725 2369
5247 8170
986 2127
4362 6813
5094 6257
65 3032
631 2542
5953 7389
4238 6929
4996 6180
5972 7412
1390 3790
6101 7284
4182 7157
6032 7220
1147 4062
1192 3840
758 2398
5450 7930
1208 3848
5891 7347
500 2629
5667 7570
1143 4037
5344 8018
5206 8164
1964 3103
5437 7817
5044 6145
798 2219
1112 4078
523 2492
4989 6341
1597 3460
394 2608
4330 6992
5529 7715
1075 3976
4469 6857
5912 7333
1157 3899
810 2197
4873 6345
148 2900
4255 7007
4231 6982
572 2557
785 2259
5923 7392
4785 6516
4959 6298
852 2194
818 2293
1420 3652
4328 6945
4280 7026
1621 3487
5293 8038
350 2707
5786 7508
1458 3709
1687 3396
138 2911
4175 7063
4507 6726
48 3053
6079 7264
1815 3272
1065 4086
5443 7843
792 2296
1859 3234
5603 7682
1357 3759
433 2642
230 2821
4844 6410
4288 6951
4353 6889
5394 7931
6086 7215
4317 6967
1824 3274
5596 7728
1567 3570
2042 3092
5028 6231
5035 6232
168 2908
657 2405
1475 3636
1588 3532
1102 4021
5488 7820
5950 7363
5965 7344
1753 3364
1189 3931
869 3940
6043 7065
20 3094
734 3804
4534 7605
159 3228
4229 7302
5663 6678
113 3195
4669 7729
4500 7577
93 3155
133 3210
5946 6955
2001 3008
776 3868
1729 2774
5910 6913
4272 7335
956 4004
6012 7013
517 3615
833 3933
4582 7622
231 3271
4985 8024
6021 7079
6111 7163
4889 7985
563 3611
5578 6626
1442 2442
4221 7254
1814 2875
1622 2681
521 3641
6078 7052
1956 2966
5861 6871
4788 7814
4313 7405
5118 8139
5240 6222
5791 6825
4271 7321
1181 2213
5416 6416
4314 7392
6090 7153
1002 4052
5308 6275
1074 2162
4874 8011
5793 6880
977 3987
1300 2390
1989 2950
5868 6831
322 3334
5331 6295
1510 2466
816 3959
5643 6723
638 3637
1155 2255
4429 7424
1910 2872
5270 6342
1540 2644
4212 7205
722 3713
1215 2283
1901 2875
439 3552
243 3236
4751 7896
1410 2522
1494 2445
4656 7787
4929 7962
5896 6997
1106 2060
1664 2783
495 3471
4867 8035
5523 6643
4552 7593
5813 6868
4351 7324
5182 6237
1125 2054
1911 2847
5193 6177
4596 7580
5965 6948
141 3300
695 3805
1609 2597
5928 6981
1855 2896
5571 6579
5062 8119
719 3772
244 3202
5707 6717
4892 8043
1524 2446
200 3251
2007 2988
1611 2614
5508 6650
1998 2894
784 3985
5888 7041
5321 6219
343 3539
5266 6167
5133 6283
4114 7316
5986 7146
5713 6877
1036 2178
4561 7518
5319 6231
4289 7251
5249 6162
839 4051
1328 2469
2012 2890
5101 8059
100 3315
1441 2358
875 4083
1539 2715
4193 7419
6061 6966
5370 6246
1978 2855
4639 7809
4420 7643
2046 2913
5742 6861
1443 2304
5622 6482
1963 2828
1484 2405
5883 6738
4544 7529
1360 2554
5111 8027
416 3341
1891 3020
1030 2229
4372 7584
6098 7015
5426 6535
128 3125
1739 2685
4364 7611
67 3316
22 3246
5012 7981
1347 2554
185 3075
1807 2995
1417 2356
1058 2204
4532 7434
4618 7861
4312 7194
4322 7200
309 3574
5487 6572
1470 2424
5895 7105
5800 6752
5637 6861
90 3218
4927 8181
1219 2061
5733 6826
1034 2245
5609 6457
4623 7903
6015 7086
4804 7701
5410 6647
4381 7624
6031 7002
4999 8016
1433 2382
4302 7215
5143 6389
143 3181
5115 7967
6138 6943
4914 8151
5076 7987
18 3322
5188 6316
50 3291
1899 2945
713 3619
4213 7301
1212 2126
4495 7549
991 3883
355 3479
4521 7519
4100 7410
5993 7070
5191 6334
1306 2535
5876 6666
1169 2159
4393 7638
124 3203
4348 7676
5774 7053
4591 7402
1951 2712
4186 7507
1503 2261
451 3279
1094 2378
980 3803
1286 2068
5470 6221
1435 2178
4108 7446
5688 6946
4468 7278
4963 7801
4813 8150
665 3973
5153 6461
1113 2427
216 3580
944 3732
5353 6604
5925 6656
5613 6347
4876 7722
1053 2362
5606 6350
5569 6376
1629 2932
5909 6716
190 3479
1813 2623
2047 2773
201 3558
1345 2161
5029 7829
456 3324
1851 2575
4344 7629
4736 8117
224 3541
5835 7164
4928 7799
870 3665
1038 2361
1023 3784
5172 6412
5462 6255
84 3439
1307 2086
1564 2850
4546 7420
742 4002
1188 2529
5030 7904
2008 2719
920 3807
454 3201
998 3758
1245 2452
4574 7317
1683 3032
4266 7654
5968 6685
39 3434
6004 6713
1495 2183
4235 7641
2009 2698
1899 2623
896 3796
5860 7089
5838 7064
621 3899
4591 7352
4813 8085
5382 6238
12 3413
5245 6436
4347 7585
1908 2603
4658 8022
5955 6693
5229 6411
5649 7033
1503 2231
4594 7320
4850 8088
442 3280
5655 7036
984 3765
5947 6740
4944 7712
573 3919
5898 6777
5145 6506
8 3455
1736 3007
1919 2566
4570 7331
4622 8052
2001 2732
5300 6601
1552 2925
731 4004
4885 7831
1308 2207
5719 7123
5134 6539
1927 2562
1493 2128
1446 2080
5914 6812
425 3119
4726 8177
4659 8123
4792 7984
5194 6594
459 3138
574 4021
6047 6676
1941 2590
2032 2684
4782 7971
1282 2189
4681 8134
4491 7172
656 3841
6104 6730
1185 2354
5223 6644
4898 7857
5678 7099
5535 6149
575 4001
1663 3041
4770 7938
124 3549
4123 7609
5223 6597
4281 7453
4452 7360
6057 6669
1887 2810
2022 2639
485 3150
383 3284
4135 7574
4237 7487
45 3486
1914 2761
1120 2519
1411 2100
4465 7368
1957 2591
1793 2747
5943 6796
5264 6444
5059 7806
5553 6159
5736 7080
549 4069
4438 7317
1512 2093
4937 7822
207 3335
5875 6970
942 3687
5582 6148
5903 6852
1418 2118
5232 6589
1944 2633
1579 3071
1944 2637
300 3322
5305 6511
5717 7043
800 3831
1934 2646
5970 6794
1956 2680
6016 6748
1792 2781
4204 7603
373 3222
1033 2538
1027 2532
4940 7851
4976 7833
5605 6153
1628 2993
1024 2541
4483 7277
4961 7823
4487 7272
4225 7539
1633 2962
126 3466
1759 2857
5974 6817
5237 6541
4222 7556
536 4066
6051 6749
2008 2598
6131 6668
4651 7210
4101 7693
1858 2376
58 3639
577 3151
4565 8154
606 3150
4392 7992
5120 6674
1225 2778
4974 7546
629 3169
4869 7443
4496 8071
894 3430
4747 7315
4901 7484
4614 7196
1440 3003
5891 6435
990 3582
1419 2984
1377 2887
4244 7859
5024 7561
1890 2379
4385 7946
1493 3070
1650 2114
6067 6530
4735 7246
888 3402
6143 6603
5791 6315
787 3366
5416 6941
5107 7621
953 3457
1179 2723
1823 2342
1036 2613
980 3567
213 3817
5575 7047
564 3188
186 3832
249 3773
5396 6992
308 3955
4434 7960
5217 6701
2029 2465
4388 8049
4568 8078
5289 6911
230 3760
948 3554
524 3163
5035 7667
1602 2074
4645 7292
4132 7805
5526 7119
4575 8070
4481 8155
386 4056
5244 6695
6052 6648
1069 2673
595 3085
1224 2710
1431 3016
5260 6867
5243 6692
4804 7332
6045 6654
1031 2660
841 3370
1183 2811
941 3528
2039 2449
5335 6833
4689 7227
4879 7524
47 3650
6 3688
683 3268
770 3437
4877 7549
849 3360
5991 6422
5696 6196
1601 2101
1171 2790
1066 2652
4162 7732
6107 6572
638 3081
4471 7951
659 3311
4182 7722
5590 7083
290 3935
5747 6387
5460 7125
1275 2686
5378 7044
1708 2091
4194 7909
5171 6843
4366 8071
1224 2625
4375 8094
4285 7735
5127 6795
1749 2139
6130 6525
860 3534
482 3958
513 3220
1050 2701
792 3456
5753 6369
5190 6879
1900 2551
5912 6531
742 3195
2002 2383
4134 7864
4397 8115
5357 6733
826 3482
1751 2167
64 3809
1527 2901
1621 2290
4844 7236
1669 2093
4725 7388
4933 7662
1743 2148
5064 7526
4168 7911
539 3243
1991 2423
6064 6401
374 4039
4262 7700
5601 6994
5043 7431
1699 2070
820 3458
279 4000
909 3381
1080 2688
5460 7147
5505 6974
5519 6960
1354 2955
5822 6269
4998 7491
5869 6186
1522 2874
5430 7166
4140 7908
5697 6280
1877 2457
5087 7443
4187 7830
794 3540
4954 7573
187 3691
1931 2395
6011 6575
5548 7028
5947 6627
643 3161
4853 7209
6125 6449
305 4076
256 4062
1017 3366
4264 7752
143 3694
1018 3352
5733 6272
2045 2331
722 3124
340 4018
5289 6734
5335 6719
1305 3056
1828 2509
1253 2574
4744 7268
5012 7544
6124 6400
4630 7419
136 3686
5977 6583
4545 7982
4243 7804
5135 6911
86 3750
209 3616
1642 2200
1381 2967
1997 2367
1558 2276
1163 2681
4681 7354
467 3879
5242 6799
5779 6245
988 3371
242 3594
957 3397
401 3945
5933 6612
5240 7033
1279 3068
1691 2463
5579 6862
5802 6575
1735 2511
5214 6997
1311 2580
307 3646
5981 6224
1262 3040
795 3093
4236 8067
6088 6360
5620 6885
4660 7462
5053 7342
1414 2706
282 3599
431 3768
88 3904
1959 2239
1230 3031
727 3533
1409 2714
5452 6743
345 3653
1620 2377
1466 2724
4806 7640
1965 2226
5647 6446
421 3718
1481 2797
5438 6683
119 3922
5496 6750
1718 2449
905 3246
5522 6837
4240 8120
4119 7998
31 3893
1520 2779
362 3649
5738 6470
302 3587
5556 6809
761 3543
1616 2430
4704 7503
254 4049
4772 7572
4383 7727
1160 3001
5847 6629
4831 7660
1553 2340
5580 6905
443 3726
902 3262
110 3926
989 3301
4838 7645
5094 7384
4300 8179
648 3528
347 3608
5197 6921
4857 7612
4137 8044
689 3575
1572 2403
4560 7832
4987 7219
4464 7737
1945 2259
4863 7604
1065 2914
5511 6859
1158 3019
4845 7586
1810 2115
5898 6239
4592 7845
403 3781
4382 7753
4127 8006
5323 7057
5178 7008
4581 7871
4964 7224
555 3447
1261 2995
1326 2672
4927 7264
266 3669
5628 6815
6048 6340
1943 2291
5749 6419
1581 2373
319 3670
1799 2156
297 3650
6104 6323
4445 7734
4660 7513
994 3212
1106 2877
1719 2520
233 3994
480 3731
1433 2797
542 3432
4181 7977
4432 7724
741 3480
4757 7656
5657 6502
757 3466
851 3283
5514 6664
207 3917
1660 2558
4569 7770
1551 2444
1960 2094
229 3938
5936 6327
554 3491
5064 7235
5432 6839
540 3470
262 3732
686 3386
715 3422
5379 6805
343 3776
1630 2502
5824 6488
916 3084
4426 7889
4165 8153
5402 6791
4167 8154
4309 8011
1951 2048
5489 6869
466 3700
1455 2569
5727 6648
5953 6379
5310 6932
815 3205
4639 7604
5006 7205
771 3245
4213 8155
5275 6964
394 3640
871 3282
4174 8182
4341 8012
522 3510
391 3640
5864 6440
716 3341
940 3176
5270 6995
4489 7759
2015 2073
504 3647
4215 8126
5853 6420
4717 7588
4976 7356
4915 7422
393 3654
4587 7716
1848 2280
5932 6396
5873 6433
5491 6818
5536 6769
114 4003
1284 2768
471 3586
5371 6958
1966 2166
4190 8068
768 3290
5550 6772
1620 2447
729 3332
5329 6924
1085 3042
61 4061
759 3347
847 3242
542 3576
4902 7374
317 3797
5537 6730
5698 6569
5971 6335
5025 7245
4385 7887
894 3217
5091 7186
6118 6167
961 3123
1390 2717
532 3552
5565 6729
5271 7009
4800 7479
4859 7427
1907 2184
254 3845
4855 7435
5363 6925
1282 2812
5940 6347
2173 6271
2208 6306
3992 8093
59 4156
1862 5964
1534 5618
2679 6778
407 4505
3409 7490
2007 6083
559 4663
4069 8189
150 4239
3335 7454
2783 6853
3826 7918
3349 7433
3523 7644
3696 7791
2770 6899
642 4774
1947 6078
2819 6948
832 4969
3110 7183
3686 7756
1667 5801
2981 7054
1084 5137
640 4782
1121 5198
3619 7699
40 4121
599 4709
1719 5762
465 4582
80 4199
620 4692
3046 7135
3726 7860
749 4817
1234 5356
3017 7158
3491 7580
2427 6458
3275 7305
2205 6367
4043 8072
3618 7780
3450 7475
3599 7749
617 4642
1839 5988
258 4431
2725 6891
2788 6827
275 4417
903 5077
886 4901
17 4162
3988 8129
2238 6376
3427 7476
891 4897
1822 5957
3886 8050
1885 5890
2275 6274
132 4326
2961 7154
77 4138
2310 6497
218 4274
3145 7203
3403 7456
3064 7060
2422 6426
546 4687
3903 8017
3967 7952
1011 4994
400 4578
4034 8116
1368 5423
4009 8145
3129 7233
580 4669
366 4375
1228 5302
2840 7011
202 4278
1702 5850
1692 5856
284 4451
222 4190
173 4142
2998 6962
3875 8102
2993 6970
2115 6351
1209 5172
2307 6541
2793 6758
3638 7865
2362 6581
1713 5667
2285 6267
1886 6085
3481 7430
2690 6690
2763 6763
2292 6230
773 5031
3529 7531
4072 8013
2826 7084
2886 7136
3559 7489
4 4270
2050 6312
956 4887
2798 6722
908 4896
1235 5217
895 5069
3074 7350
637 4805
2201 6177
3269 7293
265 4529
3465 7474
2157 6358
3960 8132
1716 5640
2348 6545
2626 6786
3504 7538
1927 5955
3897 8189
2507 6414
2211 6248
2567 6860
3084 7360
291 4590
1310 5587
1253 5160
3769 7799
2885 7051
4074 7994
1232 5124
3060 6946
3940 8115
2944 7001
1032 5329
3821 7732
3673 7810
1500 5377
440 4454
1123 5251
1649 5778
419 4423
525 4841
2619 6879
2817 7140
1286 5600
3049 6926
451 4395
1060 5324
629 4765
3969 8041
1198 5191
337 4538
2091 6343
2400 6540
728 4662
1632 5776
1398 5511
872 5020
3074 7414
1643 5789
2831 7160
527 4853
2301 6150
3478 7531
3578 7428
1975 5961
2642 6998
1987 5831
2895 6731
179 4533
3995 7826
3711 8051
3589 7944
510 4336
2883 6739
251 4587
163 4531
926 4748
1423 5272
3950 7797
3448 7267
1892 5759
932 4792
492 4337
3701 8043
1926 5798
3752 8074
2614 6933
3592 7979
3783 8163
1912 5725
1671 6050
3192 7517
672 4998
3874 7690
587 4960
3454 7253
1629 6001
2281 6596
3795 8190
3198 7504
3194 7509
2700 7101
1203 5506
1149 5455
2116 6519
710 5105
1648 5963
3909 7806
1402 5185
586 4977
751 5076
1669 6075
297 4118
483 4316
2156 6447
2308 6209
4080 7861
812 4714
62 4471
2929 6712
1418 5312
790 4700
3931 7696
2731 7136
4078 7842
3178 7462
1948 5840
3339 7239
2763 7067
263 4179
3305 7613
1809 5700
940 4852
3997 7879
1857 5659
1922 5849
1175 5578
3231 7616
1132 5389
3811 8065
3495 7364
1689 6141
1561 6014
2846 6775
3503 7365
2028 5760
2439 6378
2391 6202
1170 5629
842 4645
2268 6579
3331 7282
732 5037
2245 6582
689 5058
2493 6344
1790 6024
3337 7294
3770 8141
3164 7460
1717 6092
3909 7740
3867 7778
2736 7114
167 4573
3964 7681
2424 6149
2263 6568
2497 6209
2293 6516
2504 6217
1072 5554
131 4353
3225 7453
2243 6469
2342 6304
1999 5701
1705 5927
2426 6388
502 4217
1316 5300
1383 5366
613 5108
3735 7941
293 4279
1308 5263
2462 6157
3710 8170
526 5018
3226 7439
3996 7689
3949 7925
862 4807
1374 5317
106 4598
130 4387
3141 7655
3124 7575
1210 5406
2209 6407
3790 8038
3704 8144
578 5096
3989 7743
1429 5177
3481 7221
3247 7426
3697 8156
86 4603
3290 7530
325 4340
609 5074
950 4608
1771 5971
237 4436
1893 5852
2282 6480
959 4613
2921 6867
265 4274
1184 5405
3625 8086
1275 5435
1656 6074
2986 6766
3793 7957
1128 5551
1280 5320
221 4372
301 4327
1202 5497
399 4163
3380 7417
346 4247
358 4267
2037 5691
2932 6842
4063 7697
384 4176
3162 7563
587 5017
3505 7266
2289 6437
2020 5682
2541 6202
1349 5277
2428 6309
3535 7190
180 4463
1734 5917
3886 7922
1599 6110
3118 7624
2277 6413
2481 6233
2828 6884
613 5004
1715 5976
3907 7853
2064 6655
330 4261
3240 7495
3763 8003
569 5067
1220 5431
1399 5250
2225 6470
1058 5594
2033 5640
513 5115
3569 7178
1774 5907
3161 7588
674 4956
1182 5473
2434 7042
1930 5515
2737 6324
231 4833
1067 5677
3585 7177
3699 7290
2690 6281
2432 7051
357 4968
810 4391
3542 8153
3416 8023
943 4542
612 4214
2738 6305
1116 5711
3043 6640
3295 7883
3342 7963
69 4688
1549 5141
786 4360
518 4125
1268 5871
3376 7980
3266 7900
2687 6240
348 4988
2004 5621
3051 6600
3535 8169
194 4837
525 4133
3820 7366
3294 7924
1654 5213
585 4197
607 4209
3400 8039
1745 5374
3142 7798
2511 7165
3961 7498
2222 6811
1519 6105
787 4388
2586 6178
2992 6538
2851 6425
2343 6940
502 5066
1638 5211
1726 5248
2004 5524
2843 6490
192 4738
853 4374
122 4671
3141 7680
2095 6761
1851 5501
3550 8089
3863 7518
2026 5542
3539 8095
1800 5445
4023 7674
1051 5718
1624 5142
2777 6295
1867 5380
2212 6891
2323 7004
606 4111
1560 5193
321 4882
3445 7974
775 4435
1506 6068
3713 7382
64 4631
601 4097
2297 6816
2355 7016
2612 6255
1561 5186
2927 6452
3756 7415
2415 6964
1578 5238
3861 7497
3149 7696
3706 7207
245 4757
319 4958
129 4832
2499 7074
1477 6055
76 4649
3771 7390
3692 7179
3967 7447
3545 8112
996 4493
3232 7882
1604 5166
771 4456
1052 5751
756 4249
879 4354
4017 7617
2978 6610
1197 5853
1967 5597
2742 6338
2098 6727
1318 5969
3276 7867
3862 7535
1474 6075
3801 7328
1291 6007
654 4339
3536 8109
1933 5616
1668 5370
3719 7417
1711 5167
2013 5469
2487 6966
259 4993
1263 5738
949 4402
1372 6100
3189 7932
2633 6336
2418 7167
1589 5304
1660 5362
1415 5911
1119 5838
3641 7336
2099 6823
1070 5817
2959 6424
1054 5766
1543 5278
2794 6256
1020 4455
543 4228
1822 5509
13 4753
1260 5745
1012 4459
22 4790
42 4746
3860 7601
2112 6885
3221 7731
3948 7626
1888 5576
1774 5190
1766 5199
1331 6042
1970 5403
3257 7699
770 4520
1182 5685
2786 6222
3440 8158
3102 7855
1227 5753
2479 6940
2617 6282
2021 5457
2292 6722
2824 6590
540 4260
1355 6131
2401 7128
1042 5803
1926 5436
1397 6095
1174 5676
2459 6951
519 4283
937 4456
3175 7844
3438 8109
3887 7658
2807 6193
3042 6442
2873 6641
823 4606
2121 6784
2210 6763
1256 5665
2545 6971
737 4139
1616 5275
3922 7583
2278 6697
1714 5245
232 4665
1283 6098
893 4527
2891 6552
635 4271
900 4433
4042 7455
788 4547
2689 6233
3627 7410
3096 7874
3044 6462
2771 6152
3258 7777
3054 6451
1587 5357
3328 8158
3628 7411
2805 6165
905 4457
2670 6287
1397 6039
117 4759
2451 7029
3482 8060
4091 7452
3710 7318
701 4181
2357 7132
3723 7269
1917 5517
1554 5347
323 5040
3971 7543
1530 5903
1456 5957
3471 8056
2539 6930
2678 6284
1600 5307
2169 6791
3105 7902
850 4525
2419 6771
2272 7137
3695 7534
552 4394
925 4254
3570 7927
3247 8105
3433 7790
2776 6608
3264 8136
2827 6146
497 4858
35 4911
2367 6706
1131 6010
3780 7637
2912 6257
3693 7550
2402 6774
1457 5797
3994 7308
2081 6967
3865 7169
2075 6914
2296 7139
2145 7036
1008 4334
115 4947
1817 5176
2378 6767
2703 6567
379 4690
3453 7766
2997 6302
3932 7273
3549 7908
3045 6366
6 4922
223 5089
2429 6717
3689 7464
1105 5904
1531 5818
3862 7253
2731 6632
3490 7910
1914 5181
3742 7641
503 4797
1850 5233
3853 7238
1769 5541
2141 6929
3974 7371
1894 5175
2526 6796
2154 6968
263 4691
1427 5831
1966 5371
1623 5389
1119 5892
3079 8026
3775 7650
1579 5493
3980 7379
217 5049
334 4648
1333 5714
1325 5706
1196 6084
1071 5959
1200 6105
4059 7346
1215 6102
3728 7677
644 4596
3891 7234
2381 6716
1756 5549
1490 5793
466 4775
3065 6275
1444 5855
1773 5521
1531 5767
1361 5677
30 4962
2661 6424
1737 5559
3519 7872
1844 5195
2923 6379
3866 7322
2382 6862
3791 7502
557 4526
3630 7597
1015 4222
241 4987
2120 7106
610 4585
270 4741
3792 7516
496 4732
1077 6052
2366 6831
217 4939
694 4386
2269 6986
3156 8131
70 5087
20 5006
1392 5866
3602 7560
680 4403
1420 5649
275 4749
1133 6093
3970 7202
1845 5265
3186 8150
2012 5241
551 4481
1985 5222
3313 8022
1380 5836
3510 7711
1342 5783
3238 7951
3158 8188
2214 6924
398 4643
1565 5555
1366 5880
3610 7594
665 4393
3420 7917
3109 8086
3778 7542
227 4951
1713 5381
457 4735
2391 6880
3951 7384
1436 5670
1168 5930
3847 7357
3942 7389
3742 7461
363 4823
196 4986
52 5002
998 4184
3037 6243
3354 7898
3252 8054
2704 6482
2777 6427
3564 7721
969 4108
1478 5635
2144 7078
3410 7828
1195 5987
1022 4148
1598 5619
1404 5809
2263 6937
1037 6082
1517 5695
2530 6704
1554 5569
1138 6049
3384 7916
1266 5927
3667 7558
3719 7505
1373 5765
889 4257
645 4444
2212 7038
697 4451
1884 5254
2266 6918
4067 7231
3063 6165
2728 6474
368 4755
3835 7455
182 4945
3741 7541
2515 6714
3796 7483
1139 6044
2981 6228
3913 7354
3735 7522
2750 6472
203 4924
3820 7446
674 4440
314 4801
567 4555
3607 7659
3551 7712
2976 8098
1897 4973
2198 7314
1505 4580
1084 4153
178 5301
469 5598
1986 5065
331 5466
2221 7358
2020 5104
677 5808
73 5201
1306 4352
3338 6416
767 5859
1136 4176
1000 6089
1592 4634
3450 6488
1218 4321
242 5334
1850 4894
348 5497
2956 8101
176 5273
1196 4231
1126 4173
2996 8088
2665 7751
2964 8122
955 6036
2822 7990
3082 6206
2394 7532
1711 4761
376 5455
3474 6565
2988 8091
40 5136
678 5790
1627 4706
2861 7956
1165 4279
2973 8102
4011 7061
3359 6495
1613 4621
2618 7802
359 5414
1828 4965
3106 6243
2814 7868
3251 6384
675 5863
3047 8099
23 5203
2031 5033
3431 6433
3136 6155
350 5397
1783 4793
605 5651
467 5532
2168 7208
2191 7391
2649 7688
632 5673
2239 7404
2235 7406
3442 6440
3164 6150
2792 7859
1236 4234
405 5579
2149 7226
807 5958
77 5167
2834 8054
1297 4469
2510 7592
93 5178
941 6090
3815 6799
7 5231
1875 4921
25 5236
3219 6397
3022 8097
531 5730
2594 7763
2650 7723
448 5556
18 5220
132 5372
693 5836
2089 7248
1239 4269
2371 7481
2939 7943
1866 4917
488 5527
2434 7426
3303 6247
463 5453
9 5259
3127 6324
843 6095
3255 6195
1073 4276
3525 6464
1151 4344
2854 8110
90 5330
3355 6546
111 5349
376 5619
293 5545
3496 6438
825 6057
215 5189
3363 6576
2318 7578
3678 6859
2540 7546
1220 4179
2253 7252
2282 7280
634 5857
618 5834
2892 8173
1159 4132
798 6077
2094 7304
49 5271
2064 7351
3441 6614
1573 4748
3603 6841
1352 4579
3761 6687
2089 7321
1117 4332
2102 7296
1641 4830
2380 7668
2825 8113
1563 4770
588 5878
3812 6751
2534 7517
3457 6460
2220 7185
3672 6887
2638 7822
2418 7603
1249 4131
280 5596
3249 6260
2240 7175
1090 4235
2109 7409
1486 4355
2478 7551
1056 4337
172 5246
1200 4195
3583 6444
3981 7001
2176 7252
2653 7816
3438 6585
1808 5065
1961 4979
2991 8053
2630 7837
1757 4609
960 5918
2902 8118
3823 6670
2163 7312
3998 7037
3999 7035
2262 7217
1533 4378
2666 7808
3021 7974
1664 4716
1103 4258
3680 6798
741 5642
853 6074
3851 7163
2354 7617
276 5607
1379 4503
3180 6297
425 5468
1249 4122
2939 8064
659 5743
3582 6402
1026 4349
1144 4473
3120 6453
1226 4559
3410 6229
994 5866
1173 4509
434 5306
3411 6234
1479 4301
2137 7507
570 5940
2604 7970
4 5387
2972 7820
1001 5880
395 5274
119 5476
3312 6628
3385 6189
662 6018
170 5567
1421 4248
1407 4201
71 5456
3394 6234
3192 6496
1247 4548
922 5765
803 5635
889 5723
2999 7824
1246 4598
933 5773
1170 4539
699 6034
534 5951
2011 4850
2724 8078
1250 4553
3877 6665
3869 6705
1846 4635
521 5924
926 5808
1750 5112
3143 6519
2859 7706
1504 4306
863 5741
386 5296
1199 4509
2088 7450
96 5458
3298 6609
3786 7161
837 5745
640 6069
238 5592
1819 4652
845 5751
3821 7127
3453 6214
2488 7301
3571 6348
3856 6703
2254 7564
2682 7993
2820 7745
3542 6289
73 5390
997 5794
2943 7734
683 6112
1076 4472
2483 7421
2453 7387
1693 5075
2340 7275
1039 4447
3369 6264
2325 7236
1427 4290
1359 4126
1696 5105
1254 4532
2252 7579
1303 4169
2075 7492
193 5534
55 5480
1785 5017
321 5152
397 5359
3682 6919
3046 7811
3235 6598
2260 7614
845 5670
3414 6205
1946 4854
240 5533
105 5401
1876 4644
3309 6556
1062 4439
3023 7869
3819 7070
764 6020
4037 6845
1838 4694
1523 4232
1504 4252
1667 5119
2224 7631
1184 4384
98 5600
1957 4647
224 5475
2197 7440
3780 6988
428 5158
2240 7502
2749 7987
320 5327
4022 6694
1074 4514
1704 4924
695 5922
782 5787
3762 6954
892 5862
1073 4522
235 5495
2837 7816
675 5949
2250 7509
2228 7444
3004 7709
3228 6463
1283 4263
2201 7484
2185 7470
1309 4282
2524 7284
1589 5023
1449 4103
1549 5055
3301 6487
1358 4349
931 5655
1821 4777
181 5376
3139 6645
2937 7873
216 5473
2967 7725
3288 6499
1153 4415
253 5442
13 5581
1099 4491
869 5797
2256 7442
2173 7615
3888 6898
3344 6355
2450 7249
2495 7289
1193 4463
2438 7246
744 5921
66 5512
1977 4723
1090 4488
573 6135
1590 5117
2147 7592
3379 6392
1237 4377
268 5313
3773 7027
3157 6555
1858 4755
2847 7886
1878 4743
3 5586
2006 4610
580 6033
113 5542
3917 6810
103 5567
1499 4099
2910 7815
3867 6850
1639 5052
4006 6778
936 5748
2489 7268
3208 6486
2909 7810
4066 6658
2610 8146
802 5827
434 5200
1703 4932
3430 6274
782 5867
3746 6980
1142 4497
304 5336
3090 6650
285 5364
2729 8005
2970 7786
3838 6923
3993 6767
3494 6225
2925 7834
3523 6203
1322 4304
589 6070
3 5624
2759 7996
3173 6553
1993 4661
3929 6820
684 5292
2135 7767
1968 4528
968 5577
3015 7621
1464 5050
3631 6187
3475 7062
1287 4866
1260 4842
1640 4207
4007 6574
3970 6536
1963 4513
581 5198
3143 6732
1570 4143
855 5465
1617 4161
892 5486
3334 6928
3013 7634
2933 7522
3829 6381
2631 7260
2773 7369
3850 6422
2083 7742
1848 4389
2936 7526
3747 6332
1070 4622
971 5608
1929 4522
1955 4480
1009 5586
1692 4281
3829 6365
1645 4165
3877 6413
3605 6204
520 5154
834 5481
2612 7192
2104 7702
2615 7193
2717 7347
2693 7345
3661 6267
57 5646
170 5778
3023 7671
1662 4166
3202 6840
87 5741
2349 7953
4023 6537
3698 6192
514 5185
595 5143
2713 7377
1015 5561
1749 4229
875 5434
2168 7723
995 5552
1708 4345
1421 5080
428 6138
978 5508
1476 5011
1352 4880
3083 6739
1562 4163
2587 7233
960 5531
1613 4118
3138 6684
147 5837
868 5380
2267 7867
2858 7499
271 5998
1844 4437
1231 4780
3620 6208
2205 7928
2227 7893
1201 4822
3808 6279
212 5811
922 5618
3794 6331
3449 6931
3800 6325
2176 7918
2659 7187
538 5227
1128 4634
3018 7608
4048 6562
211 5792
907 5631
51 5703
1630 4136
999 5520
1522 5003
258 6011
2560 7291
2583 7276
1759 4258
3515 7108
3265 6846
1150 4860
2534 8036
3043 7521
125 5886
2573 7310
1007 5483
1976 4414
896 5382
417 5931
504 6002
939 5415
2322 8094
2030 4448
1507 4972
3706 6389
202 5721
3708 6383
4073 6522
1761 4215
515 5268
2203 7692
2151 7934
57 5794
1709 4145
1861 4569
99 5886
2616 7333
1212 4642
2865 7599
859 5625
548 5255
1112 4860
2716 7227
3123 6808
3292 6769
947 5404
4013 6402
1265 4702
3167 6894
2187 7736
2199 7716
3746 6166
35 5780
2057 7857
91 5858
56 5761
1438 4903
3098 6816
1537 4283
2262 7789
1806 4530
1675 4150
3524 7034
2974 7519
1758 4124
2032 4402
2566 7361
1819 4572
3137 6792
642 5195
2435 8009
3774 6261
3524 6927
1204 4708
1776 4128
2328 8136
367 6076
2611 7399
1596 4329
1221 4637
3344 7113
705 5144
4079 6453
1029 4824
935 5498
2335 8128
2751 7262
269 6127
913 5490
3779 6186
3179 6785
2082 7880
2518 7996
698 5204
3058 7452
4029 6477
534 5350
374 6022
1934 4475
2560 7413
1178 4719
1677 4218
1731 4155
3784 6197
2223 7760
3383 6710
2682 7547
3098 6936
370 5744
1211 5048
3666 6485
4090 6386
501 5884
3245 7078
821 5182
1884 4178
1405 4716
2766 7644
151 6017
3182 7031
3731 6542
381 5728
2653 7491
1580 4403
2348 7692
4082 6355
2096 7954
3508 6807
673 5506
670 5563
2936 7261
2470 7808
3242 7043
1445 4751
3444 6744
3696 6494
1317 4619
1448 4742
1695 4528
924 5299
3692 6492
822 5122
1394 4678
2609 7431
459 5885
2270 8166
1838 4119
3593 6448
1356 4727
2730 7572
120 5944
2105 8058
2987 7400
577 5378
2539 7848
1818 4185
1179 5086
220 6041
370 5684
3957 6194
2796 7595
338 5658
1197 5095
3058 7352
3896 6259
1556 4442
14 5952
582 5384
2179 8140
3168 6959
312 5736
796 5197
3937 6192
1886 4109
3040 7349
2552 7854
1780 4515
3050 7346
3118 7031
3563 6834
1006 5303
3718 6621
2816 7261
890 5156
1516 4787
27 5956
2411 7691
2792 7560
2219 8139
2656 7425
3359 6781
1709 4559
1694 4604
747 5513
1765 4486
1568 4420
3947 6159
3207 7150
1247 5045
1092 4910
657 5626
3766 6618
1697 4557
752 5532
1223 5034
1130 4871
1800 4198
1941 4324
3345 6755
3103 7018
1019 5250
2107 8002
295 5722
257 5758
1627 4568
3825 6514
3102 7066
1483 4687
24 6044
7 6018
3901 6328
649 5391
3513 6718
1426 4635
287 5782
250 6003
2806 7548
760 5490
1712 4412
964 5192
1165 4865
1569 4524
3555 6765
183 5945
1588 4519
2198 7941
2313 7839
3288 6990
1847 4256
3890 6309
1598 4518
3868 6276
2150 8188
1760 4475
4032 6235
3035 7232
286 5763
2414 7886
2420 7895
318 5789
653 5417
3382 6803
3086 7080
1164 4906
2109 8090
3412 6908
1371 4851
339 5881
2804 7512
723 5503
3495 6679
1639 4566
3871 6318
3643 6538
262 5813
1584 4485
910 5176
3439 6873
2592 7576
652 5424
1050 5031
1794 4293
4077 6181
3209 6977
884 5310
3897 6387
1305 4821
893 5297
1091 5007
1894 4265
1500 4620
3993 6219
3654 6546
2746 7533
1208 4975
1335 4847
3134 7138
539 5573
1769 4407
1776 4399
918 5238
1320 4808
2186 8042
1489 4656
3798 6455
130 5990
3300 6912
156 6009
1295 4840
2732 7494
2254 7973
432 5724
240 5916
3238 6987
1028 5098
3281 6944
331 5817
3428 6807
3531 6718
3472 6757
1120 5016
4026 6210
3816 6417
2044 4101
1292 4848
14 6130
1082 5062
1811 4334
762 5383
3066 5114
1781 7921
1815 7955
1763 7910
813 6955
686 6824
3632 5686
449 6599
1700 7852
146 6299
481 6635
3068 5110
3887 5925
3633 5692
1991 8138
1161 7303
2483 4540
486 6647
3402 5465
2662 4734
3299 5369
2036 8175
3244 5303
1114 7237
2983 4999
607 6783
3754 5770
882 6995
2181 4262
2315 4392
2928 4947
3401 5482
3214 5290
3509 5520
220 6393
610 6724
718 6889
2010 8180
2640 4704
1255 7383
2977 5009
430 6559
2535 4564
221 6382
1608 7805
1134 7259
4028 6022
1298 7465
4071 6108
1827 7964
2630 4612
874 6952
58 6264
3708 5694
3633 5746
2214 4325
1172 7378
1228 7296
838 6922
2852 4970
37 6250
2257 4254
3578 5544
3254 5348
2771 4736
3714 5841
3029 4993
3121 5220
3869 5960
967 7058
3777 5783
1679 7893
1268 7343
2092 4210
1187 7421
4000 6142
2914 4925
2668 4620
804 6980
1368 7481
1924 8160
3856 6004
3011 5029
2957 5098
544 6727
2407 4367
3186 5146
2413 4359
1778 7833
1632 7693
3962 5899
320 6451
1317 7505
3111 5203
1797 8048
704 6838
3936 5911
1385 7454
2580 4707
632 6671
92 6181
3924 5933
3755 5842
1996 8117
2935 4877
3267 5311
134 6395
349 6432
731 6747
2959 4876
3115 5294
3106 5291
1101 7367
2819 5000
325 6606
2582 4762
1517 7520
3014 4939
1497 7511
1256 7270
2860 5052
1542 7830
3039 4943
2954 4888
1720 7725
2081 4278
2472 4401
2846 4996
1834 8112
3831 5740
2610 4783
3008 4958
4067 6013
850 7117
3387 5530
2223 4110
844 7149
3248 5139
1324 7567
2250 4206
3957 6096
1846 8083
10 6319
3581 5467
2942 5074
3846 6059
1028 7338
1591 7832
1302 7590
1571 7825
290 6551
2330 4524
2756 4722
300 6548
389 6461
110 6356
579 6904
1964 7952
1865 8182
1779 7731
1457 7536
2238 4218
292 6624
1167 7242
424 6510
929 7015
3033 4895
1634 7851
2918 5039
1356 7557
3561 5408
2703 4677
3176 5283
395 6471
1727 7793
2700 4674
2286 4129
915 6979
1650 7842
2671 4798
3703 5796
3792 5636
246 6178
801 7156
669 6731
3819 5693
4008 6000
380 6564
830 7142
1138 7339
2104 4323
1697 7802
3320 5157
2304 4576
3600 5874
3128 5342
2758 4640
2180 4205
29 6390
3419 5547
3676 5806
3201 5234
1985 7988
1315 7643
3203 5243
3927 6062
2077 4324
1416 7540
1634 7839
2294 4104
2349 4563
1439 7521
1296 7663
3622 5926
1795 7685
2034 7925
3884 5668
571 6963
3590 5901
2960 4766
2948 4746
100 6507
1010 6882
309 6180
3896 5674
835 6737
2047 7916
2428 4200
1673 8095
1004 6906
2033 7911
3672 5967
15 6423
1047 7438
1481 7376
1276 7653
2122 4433
541 6918
1578 7990
2460 4224
2740 5032
2868 4650
1454 7344
1164 7571
2636 4972
1843 7698
153 6587
3095 5427
1978 7838
1830 7682
3902 5656
3292 5623
1559 7995
1223 7657
107 6492
3946 5715
3822 6100
1307 7206
1721 8068
4082 5810
1794 7751
938 6895
2577 4948
3764 6129
1583 8041
658 7125
1829 7778
314 6258
4008 5856
752 7098
3263 5617
1518 7329
819 6755
3199 5423
1259 7611
142 6622
1339 7274
427 6393
2341 4209
471 6272
3865 5696
818 6761
3893 5737
1839 7794
3616 6015
2871 4712
3716 6117
652 7149
2808 5019
2286 4489
3333 5218
408 6386
2 6504
420 6350
4033 5802
732 7088
2207 4590
1299 7266
3361 5205
1811 7783
3078 5488
2503 4273
856 6702
2355 4164
3878 5713
2836 4707
139 6642
289 6232
3513 5315
209 6573
1491 7342
2853 4699
3935 5665
3469 5362
387 6146
1497 7258
877 6888
1772 8036
929 6699
3908 5839
2784 4971
4094 5747
2052 4490
3111 5559
1470 7212
645 6934
3559 5235
1508 7283
4084 5731
888 6881
3685 6140
261 6300
1014 6765
3613 6016
3413 5323
3477 5130
935 6712
3022 4718
1907 7889
2023 7748
2005 7793
3596 6056
1108 7665
2216 4366
1385 7375
4031 5656
1162 7459
1060 7566
535 7101
1885 7926
624 7131
3206 5417
3220 5414
1424 7204
2678 5058
3412 5345
205 6520
650 6973
2845 4772
1332 7309
2702 4919
2899 4846
1274 7493
2650 5019
2559 4155
3239 5475
3000 4733
1129 7585
60 6646
1288 7363
2705 4957
3297 5420
2314 4292
1726 8045
1959 7796
2377 4252
2584 5071
2052 4572
1445 7293
477 6148
3133 5602
89 6534
1953 7747
3101 5630
3020 4655
2121 4526
19 6651
2798 4870
719 6949
1666 8040
3626 6081
3459 5231
1012 6680
1348 7349
489 6168
568 7113
2174 4492
3311 5405
2808 4874
862 6829
1770 7961
505 6156
3387 5326
3316 5377
2253 4410
166 6494
346 6306
135 6525
1515 7184
426 6225
468 6191
2289 4365
3837 5889
273 6383
2986 4692
2152 4503
3436 5267
2882 4419
3378 5937
158 6811
2383 4938
1646 7272
738 6372
1191 7841
739 6372
1183 7829
2192 4764
1974 7610
291 6957
3753 5287
259 6930
2815 4333
814 6458
2909 4426
1181 7815
594 6217
1580 7180
1775 7374
322 7014
1747 7413
389 7075
967 6624
1592 7184
2718 4277
1947 7600
1331 7966
3309 5824
1856 7534
2884 4459
2404 4949
2059 4666
1446 8085
2157 4696
928 6552
2257 4841
1754 7395
2585 4131
2065 4653
3848 5428
3184 5708
1863 7545
3497 6039
3791 5361
2725 4250
508 7100
2795 4264
1693 7385
1728 7300
255 6840
2722 4325
3569 6072
288 7017
1052 7766
41 6754
3356 5969
135 6858
685 6368
3067 4533
2834 4419
1375 7950
1372 7950
409 7115
3153 5634
1226 7837
1958 7679
1896 7475
3270 5787
2550 5032
545 6270
1625 7225
3256 5848
145 6897
2916 4358
2903 4405
1932 7663
3291 5822
2569 4204
1243 7870
1803 7533
3544 6079
697 6366
1461 8156
1155 7913
4064 5514
3649 5164
1755 7350
3734 5368
3499 6084
222 6830
3374 5983
783 6526
172 6872
2122 4668
1929 7678
1983 7623
1467 8130
1003 6545
2553 4995
1003 6544
3435 5904
2370 4921
480 7068
507 7047
604 6176
3005 4545
1681 7407
2442 5108
2940 4606
1916 7678
1861 7619
3500 5931
1529 8055
3375 6049
2683 4330
3835 5226
3842 5526
3270 5715
3211 5661
1742 7257
1167 7704
3833 5230
2298 4706
3776 5209
344 7105
3044 4473
1285 8101
1785 7258
1755 7288
501 6993
603 6398
1996 7530
2003 7540
3116 5771
3574 5982
2521 4979
452 7019
1454 7966
3874 5523
479 7016
2350 5014
2982 4381
3463 5946
27 6875
164 6757
63 6908
1435 8029
2726 4206
555 6371
900 6472
2165 4795
159 6737
2078 4814
2371 5010
3797 5127
3424 6066
3191 5796
711 6163
3493 6001
1334 8162
2039 7457
720 6151
2872 4579
499 6952
79 6804
1107 7823
1314 8191
2536 4872
81 6832
650 6251
2058 4843
2583 4340
2677 4241
2303 4632
2757 4130
664 6271
3987 5492
2696 4194
2938 4502
3941 5513
3235 5711
391 7018
1156 7796
591 6333
2550 4867
2288 4614
3558 5919
682 6227
3504 5962
2549 4873
1186 7772
1636 7525
2138 4952
65 6978
2164 4978
1690 7581
1720 7615
3444 5757
1905 7288
365 6759
410 6806
3941 5236
1685 7559
4048 5314
1048 7947
871 6259
3175 6002
4053 5314
948 6307
2322 4618
2045 7398
1736 7636
1954 7358
1400 7781
3090 5900
2607 4400
1816 7175
714 6638
3614 5434
3834 5598
1384 7756
765 6619
147 7093
1492 7923
3476 5820
667 6576
2244 5097
3423 5746
2546 4803
1013 6343
1043 7968
12 6975
3099 5935
633 6476
925 6315
3921 5224
373 6735
1 6971
733 6630
736 6622
3715 5564
465 6801
1648 7473
923 6360
157 7134
2234 5118
2204 5081
939 6380
1240 8081
2585 4434
28 6999
1035 8000
3556 5800
3802 5524
3126 6009
965 6293
34 7026
2401 4659
433 6882
2421 4646
2465 4852
2396 4617
2443 4830
2601 4479
3703 5408
3745 5625
3990 5324
1684 7630
1018 6310
2663 4411
3901 5219
3982 5358
2385 4661
8 7021
1188 8131
3772 5588
4088 5265
1131 7937
2755 4521
3745 5582
3122 5981
2789 4501
2584 4457
1463 7877
837 6198
3912 5180
3304 6046
2753 4534
1423 7928
2902 4142
3307 6035
1802 7280
1428 7919
2711 4588
407 6890
1585 7503
801 6238
2403 4835
1513 7785
1297 7827
3166 6109
2473 4653
1902 7402
2117 5056
3534 5707
3807 5464
3002 4146
3823 5478
2727 4398
1535 7797
3302 5996
3331 5769
2423 4861
3517 5687
570 6577
3984 5147
3575 5755
3803 5461
2029 7267
361 6886
483 6770
236 7037
1129 8187
696 6442
1931 7193
550 6578
2515 4678
1348 7900
486 6783
630 6636
415 6660
3386 5799
112 7150
2704 4367
1415 7704
2842 4282
1904 7376
2641 4595
1173 7991
2417 4820
1411 7718
2800 4438
2138 5116
188 6938
1091 8165
1665 7465
1296 7865
79 7141
482 6729
1425 7740
3516 5650
2862 4253
529 6565
4005 5136
304 6790
3888 5256
3553 5722
2898 4329
3544 5732
3398 5882
2631 4602
3420 5858
1610 7562
488 6697
564 6645
4041 5131
713 6412
512 6600
2264 4881
1585 7675
1334 7933
1313 7917
543 6610
134 6987
1449 7780
2011 7189
553 6631
746 6456
429 6782
3281 5890
177 7013
2386 4743
1607 7570
2275 4916
3055 4152
1902 7353
655 6487
1051 8130
122 7076
679 6521
3567 5681
3956 5290
541 6595
2318 4847
4024 5210
2446 4717
3841 5351
3298 5893
2084 5059
2359 4816
2235 4956
2171 5010
278 6909
1034 8161
3014 4139
3221 6008
3954 5279
3918 5281
1681 7520
136 7034
185 6989
2971 4195
962 6203
1962 7251
184 6979
846 6322
2468 4698
878 6288
72 7241
1414 6533
3749 4774
1775 6890
3357 4379
3756 4778
2024 7140
2248 5316
75 7239
276 7448
2480 5536
2723 5811
1689 6795
3200 4242
2167 5221
2698 5784
619 7801
3213 4251
1107 6212
3598 4633
1396 6509
1016 8161
1910 7021
3538 4556
1766 6905
210 7408
1321 6411
1898 6991
3193 4177
1004 8133
2844 5942
1432 6580
1160 6308
458 7652
345 7542
1752 6888
1369 6505
1227 6399
1248 6357
1925 7091
4093 5066
1213 6282
3527 4605
1190 6300
2667 5712
472 7653
979 8172
3015 6020
3660 4616
1698 6886
3872 4965
636 7739
1595 6768
2005 7064
456 7559
1350 6409
2945 6094
1701 6901
2895 5917
2327 5441
2230 5344
1958 7152
2429 5412
3368 4466
1343 6501
2130 5129
2935 5932
3612 4672
56 7269
3752 4854
496 7599
911 8174
1398 6418
3480 4604
2858 5964
223 7353
1242 6333
140 7396
359 7439
2957 6116
3443 4378
127 7190
2456 5617
294 7500
3477 4600
4024 5077
3806 4784
2916 5899
1936 7137
1261 6296
2934 5902
3204 4348
3396 4413
3751 4827
3367 4442
2496 5566
1575 6745
4018 5069
3144 4296
763 7803
3174 4326
746 7785
4076 4969
3487 4373
1586 6847
2160 5345
1154 6161
1937 6914
192 7254
2299 5229
2492 5419
1750 6721
945 7977
1501 6468
3285 4175
4044 4950
69 7386
1095 6374
3307 4170
1437 6462
1259 6223
1952 6916
436 7442
4058 4989
3226 4146
1597 6805
2247 5230
3827 4697
824 8082
3363 4494
507 7510
2313 5560
2364 5517
2812 5710
2572 5816
3423 4586
2928 6085
1577 6812
3330 4535
2051 5301
4080 4934
3333 4541
3468 4404
37 7324
3116 4247
4095 4929
1422 6448
181 7178
1818 7077
1555 6866
2969 5978
1009 7986
2866 6132
2632 5775
1055 6359
1448 6497
1319 6637
720 7708
3401 4485
913 8028
3743 4686
1636 6838
500 7463
199 7187
1430 6467
1217 6164
1744 6661
3748 4733
916 8013
1552 6857
890 8096
4085 4911
3919 5013
1117 6278
3851 5072
3157 4234
709 7706
1733 6693
3398 4516
3315 4112
1789 6681
3394 4518
2261 5171
152 7282
74 7328
2330 5622
2829 6113
583 7850
3622 4811
1483 6438
3557 4363
3027 5948
3583 4368
974 7998
2656 5777
952 8010
2181 5233
2028 6938
2279 5151
1264 6154
3926 5037
1063 6362
988 7903
3787 5070
3763 5045
3830 5104
3414 4177
2346 5154
958 7862
1014 7935
3606 4893
1097 6466
162 7596
84 7515
3628 4925
2258 5568
1919 6764
218 7625
2325 5123
1207 6561
3854 4633
1782 7151
4014 4789
344 7235
3021 5841
809 7735
282 7173
2848 5633
2106 5400
278 7218
3431 4160
3452 4180
3691 4931
87 7551
108 7492
3407 4198
418 7307
2524 5365
3938 4680
3072 4395
2339 5135
3906 4719
2031 6849
2660 5962
2589 5939
2721 6030
1053 6445
381 7244
315 7182
1921 6839
3514 4236
4054 4833
2559 5319
1148 6469
3038 5860
2835 5679
470 7403
2500 5369
92 7523
2785 6051
1586 7025
3962 4668
4092 4794
1546 6978
899 7882
554 8033
3104 4460
2321 5212
195 7564
1429 6340
1159 6613
2476 5375
1528 6318
3730 5067
2851 5754
1175 6605
1949 6854
2844 5697
1652 6953
3277 4498
3678 4926
611 7938
715 8104
2226 5590
2375 5153
3434 4099
1137 6427
412 7414
2862 5701
2615 5980
2880 5675
2987 5830
1727 7121
3488 4302
1364 6183
1833 6746
440 7371
2718 6122
2435 5365
3067 5763
3662 4916
3860 4718
1780 7055
3002 5830
2458 5351
2161 5388
3883 4778
930 7713
2888 5835
1139 6640
1145 6653
2960 5653
2922 5871
1826 6820
2425 5361
1625 7122
887 7932
116 7672
3764 4920
1337 6327
3787 4932
1622 7110
211 7488
3427 4343
280 7310
3727 4888
1723 6956
1792 6809
354 7416
351 7365
3924 4809
3788 4946
155 7429
544 8064
2904 5881
3769 4891
2125 5614
1593 7066
3724 4905
3972 4641
1375 6391
1734 7022
1712 6939
1023 7764
3832 4948
2331 5302
3530 4199
1544 7077
1162 6437
1068 6531
2073 5558
1029 6580
1111 6629
3147 4600
2234 5385
503 7234
2241 5492
337 7398
799 7848
874 7890
252 7488
4045 4720
1837 6893
531 8147
953 7800
1948 6749
4090 4665
68 7554
474 7186
2140 5525
3449 4275
4010 4705
1032 6595
3995 4695
565 8184
3152 4480
2956 5725
1883 6792
2505 5149
2603 6143
104 7613
3688 5053
398 7259
2206 5448
3093 4547
3621 5106
388 7260
3273 4371
614 8124
3903 4836
3612 5063
2553 5159
1781 6933
197 7460
1083 6617
3997 4729
4022 4691
487 7169
3844 4834
2567 6113
2696 5984
3051 5634
377 7315
806 7885
2182 5483
1691 7019
3814 4886
3646 5071
821 7878
2132 5543
2478 5208
2092 5589
1180 6502
2616 6083
3572 4105
3870 4835
3648 4160
3834 4346
1077 6708
5 7684
2368 5954
3156 4695
634 7292
600 7243
2306 5908
735 7368
2897 5453
3968 4510
97 7746
2561 5156
3892 4369
3478 5041
2671 5189
1606 6250
1239 6906
3960 4437
2958 5539
3392 4975
1010 7618
3059 5571
3358 4909
2764 5375
897 7602
1403 6991
3231 4777
2998 5504
80 7783
2048 5688
2940 5444
3767 4238
2833 5419
2307 5950
3465 5044
3055 5585
1278 6848
2467 6114
3667 4114
2594 5216
191 7931
3391 4986
3813 4259
1467 7153
1151 6704
857 7433
3372 4990
3418 4878
1971 6630
3921 4361
1232 6794
1241 6787
4029 4577
3289 4740
1594 6244
2017 6591
1981 6617
1250 6788
857 7487
2871 5471
662 7423
3426 4875
1853 6486
3611 4208
975 7587
4009 4549
1511 7049
1699 6349
3119 4703
1041 6752
3738 4328
2775 5283
1557 6240
2148 5651
3406 4918
1841 6473
335 7991
2654 5159
1230 6836
1757 6311
2856 5459
82 7726
3723 4107
4060 4447
1049 6813
2830 5512
3001 5425
2824 5504
470 8031
1735 6218
3089 4766
1465 6953
2578 5249
384 7958
2072 5760
3113 4784
3815 4221
3908 4571
1852 6563
1935 6447
2370 6112
2547 5975
3958 4562
3178 4815
1295 7081
2203 5692
53 7836
264 8099
2754 5228
1599 6287
809 7577
561 7297
2273 5712
2934 5572
560 7299
1452 6936
881 7620
3520 4981
1498 7020
1945 6446
3416 5090
880 7627
1863 6652
1903 6612
2884 5631
2058 5814
2805 5192
589 7309
654 7247
1273 6715
1319 7139
2632 5261
2344 6126
2190 5702
2823 5583
1476 6926
710 7181
2757 5141
691 7265
2557 5935
579 7312
95 7819
1054 6858
3159 4738
3912 4510
2069 5826
427 8051
663 7244
2955 5463
1909 6568
1542 6363
1357 7059
2345 6134
3894 4585
1302 7159
1471 7006
1860 6567
516 7399
724 7216
364 8072
2880 5540
453 7968
2448 6006
1195 6732
3982 4455
3498 4931
1942 6522
2311 6121
2505 5945
3782 4151
1729 6195
3370 5085
1241 6688
3717 4223
3950 4498
4038 4409
2454 5993
491 7915
2488 5819
1643 6499
1631 6484
930 7340
1298 6685
3617 4398
2677 5479
1950 6284
324 7760
2994 5286
825 7212
946 7335
2425 5740
2617 5420
3045 5373
723 7625
1055 6916
4079 4339
3895 4137
2972 5309
2941 5215
1569 6405
3669 4465
3340 4650
3408 4727
3768 4511
2110 5910
2522 5875
3306 5057
706 7662
909 7330
3372 4636
3125 4868
3313 5061
927 7339
4020 4226
1814 6189
2730 5527
1482 6903
1330 6668
3191 4937
3378 4621
3918 4110
3237 5092
1021 7359
385 7875
2517 5782
2618 5502
904 7372
2537 5805
2271 6040
1161 7118
2917 5164
2067 5978
1218 7049
1574 6506
2855 5227
3810 4527
1277 7090
1439 6864
419 7921
2468 5872
2130 5894
608 7476
793 7245
3925 4097
16 8005
1628 6410
55 8033
596 7436
3351 4685
3652 4383
2024 6323
273 7757
1451 6902
1995 6294
3979 4310
2183 6116
2691 5613
2662 5384
3227 5099
2964 5348
2295 6021
2816 5234
578 7478
1526 6786
3025 5284
3390 4683
3920 4133
671 7658
1240 7087
1659 6403
3531 4786
3488 4825
2563 5496
1381 6686
2619 5440
1127 7143
3604 4500
3610 4507
3064 5244
1214 6968
2123 6092
1801 6286
2277 5997
3878 4270
601 7633
171 7970
2145 6123
2764 5446
3374 4773
1760 6509
1113 7124
2076 6028
1626 6603
789 7303
3049 5247
3391 4776
1871 6359
2184 5905
3405 4820
3089 5003
3561 4724
4068 4164
4070 4167
1267 6994
4011 4105
2963 5169
142 7980
1862 6373
532 7607
360 7883
1813 6321
1707 6415
1590 6547
3230 4923
3795 4470
2016 6215
2784 5447
1502 6775
2973 5174
234 8001
3693 4550
3197 5068
1246 7020
1583 6555
29 8104
2421 5827
1290 6845
3308 4955
3338 4786
1536 6584
3983 4147
530 7598
3683 4574
3445 4810
2295 5941
3353 4826
493 7726
1756 6431
3707 4543
1475 6663
3172 5026
1043 7124
2672 5564
947 7294
2635 5510
2134 6023
772 7381
1102 7069
1395 6821
3388 4843
3854 4310
2038 6191
3974 4188
2329 5829
46 8179
1533 6691
829 7394
1078 7145
3717 4452
4088 4123
2260 5943
2575 5610
1335 6865
3643 4573
2867 5332
3162 5043
2464 5705
1928 6245
144 8063
671 7536
2857 5337
843 7355
2409 5785
1694 6508
1547 6649
437 7744
2919 5266
1320 6878
908 7285
2320 5870
756 8945
783 8970
175 8361
921 9109
210 8415
800 9005
1081 9268
1093 9290
1258 9466
904 9114
708 8919
1395 9581
1391 9585
1312 9481
1127 9299
1567 9770
299 8467
137 8368
1538 9787
267 8497
298 8465
178 8329
1550 9806
1236 9374
1363 9496
1676 9922
289 8559
864 9008
115 8225
761 8875
712 8860
834 8983
454 8593
44 8308
129 8410
992 9147
1688 9978
1205 9427
1516 9606
234 8320
317 8534
944 9179
268 8571
1425 9706
1506 9631
414 8672
41 8278
593 8913
906 8970
126 8446
706 8771
1732 9799
934 8993
1254 9327
516 8846
1942 9990
1566 9871
866 9207
487 8574
1315 9661
196 8292
1676 9772
183 8215
898 8994
1216 9313
1 8352
1089 9451
639 8915
611 8909
1025 9395
945 8972
164 8218
179 8204
676 8804
1564 9950
1994 9992
777 9163
187 8317
283 8658
1566 9934
148 8263
790 9154
591 8854
778 9168
1725 9813
167 8270
439 8536
1529 9483
367 8601
307 8648
946 8882
1955 9889
1271 9713
201 8654
993 8939
447 8371
23 8474
1520 9443
379 8296
977 8903
854 8769
1938 9864
1061 9531
70 8536
814 8716
548 8960
312 8220
1804 9768
1100 9579
1382 9302
961 8950
614 9041
1870 9847
1840 9739
954 8838
1949 9891
803 8803
1355 9231
858 8734
123 8496
390 8392
310 8312
873 8742
327 8214
335 8221
228 8624
1437 9416
991 8842
2016 9912
1111 9484
1118 9474
537 9081
365 8207
160 8642
1369 9276
1463 9424
646 9198
2013 9908
827 8791
768 8812
214 8633
618 8985
861 8746
865 8729
277 8296
118 8456
721 9135
1408 9471
1340 9400
81 8660
166 8490
1135 9698
1294 9371
413 8193
647 8985
120 8678
180 8466
826 8861
976 8824
1300 9378
236 8539
375 8397
1085 9601
836 8953
1509 9254
1281 9413
979 8724
1469 9333
1176 9554
336 8347
72 8581
338 8322
625 9121
2 8659
1841 9952
856 8845
1080 9697
306 8424
2042 9761
473 8196
1836 9970
765 8988
463 8237
795 8953
1266 9493
1762 9994
2043 9751
1344 9403
1123 9835
371 9083
666 8339
1156 9869
1641 9319
804 8502
914 8577
663 8321
1753 9409
489 9201
1840 9514
1644 9335
1923 9630
968 8662
647 8354
1201 9885
865 8524
1678 9377
260 9013
1901 9564
1087 9735
2014 9701
1765 9432
1177 9951
1202 9982
990 8591
199 8863
711 8347
1035 9814
533 8267
1866 9519
1185 9929
861 8501
1257 9856
498 9119
592 8254
169 8921
1722 9421
1272 9857
150 8938
1562 9370
1968 9524
1152 9735
817 8633
1252 9837
1238 9820
708 8267
324 9173
2041 9576
519 8340
1743 9308
323 9175
764 8290
983 8565
1706 9230
377 9180
873 8652
942 8450
626 8413
474 9066
2000 9568
2019 9552
584 8444
624 8389
1063 9873
352 9174
1251 9812
311 9101
538 8401
1016 8488
206 8734
153 8782
1971 9579
128 8792
111 8887
1626 9344
334 9104
1644 9356
1193 9802
802 8647
1871 9639
1900 9606
1662 9365
882 8607
748 8195
1255 9751
267 9210
1686 9317
1008 8452
438 9024
981 8495
1680 9323
703 8258
528 8431
1595 9533
305 8763
747 8678
1000 8423
1045 9989
1878 9286
1970 9379
326 8789
63 8999
1897 9331
33 9021
1973 9364
1600 9570
1979 9368
156 9145
1877 9343
1824 9229
188 9105
1614 9569
976 8416
690 8579
364 8799
264 8766
1915 9283
329 8819
1485 9975
2015 9373
1879 9246
687 8700
1724 9705
286 8775
1496 9858
1373 9734
954 8420
1494 9865
729 8636
560 8533
985 8369
1532 9878
1690 9717
161 9175
660 8675
1491 9898
1525 9845
844 8396
353 8930
11 9092
1358 9946
342 8899
1748 9549
28 9148
1787 9562
45 9103
1891 9409
910 8234
1906 9431
444 8717
369 8901
145 8997
445 8713
828 8331
1854 9350
915 8239
1434 9765
820 8439
244 9010
1299 9941
903 8271
1921 9288
1512 9763
545 8689
1803 9432
1618 9611
1714 9582
1663 9634
205 9004
596 8630
51 9169
1987 9255
1938 9342
481 8716
378 8853
2040 9216
437 8783
1700 9561
1325 9939
1596 8764
774 9989
1148 8313
772 9985
1252 8428
615 9836
1547 8711
251 9460
1388 8573
165 9393
332 9557
1821 8964
274 9481
49 9260
1441 8576
1820 9018
1288 8495
1873 9084
85 9338
569 9750
475 9707
1674 8889
604 9828
1830 8990
1257 8403
1187 8350
1092 8314
1710 8849
751 9900
553 9834
1190 8417
499 9658
1764 8878
1962 9185
833 9999
95 9232
1480 8600
745 9917
399 9691
1868 8987
215 9359
302 9588
476 9602
17 9294
1363 8498
658 9969
1605 8738
1194 8387
1572 8781
457 9636
1928 9191
1672 8957
1502 8617
447 9670
1371 8485
11 9355
1452 8494
563 9909
1906 9205
1498 8531
1281 8587
1799 9099
1768 8829
1602 8917
512 9881
175 9266
1135 8434
105 9417
1658 8923
728 9849
1293 8613
151 9277
203 9312
1086 8338
393 9528
1468 8462
1169 8228
696 9742
1573 8863
1341 8578
1896 9131
1808 9174
1233 8218
298 9703
1976 9065
197 9239
1635 8880
1191 8304
2043 8995
464 9480
1540 8921
404 9547
1912 9112
1405 8607
47 9420
1337 8656
371 9624
1480 8487
475 9514
1652 8839
415 9575
1716 8779
1403 8305
272 9244
1611 9030
1773 9210
1763 9204
1661 9066
44 9524
366 9334
1343 8230
423 9347
1057 8453
897 9895
1291 8226
250 9683
1653 9055
1243 8689
984 9960
1812 8743
773 9782
1468 8326
403 9426
919 9942
1329 8307
1387 8238
1316 8289
1593 9086
1453 8420
1605 8975
1152 8651
1571 9075
1975 8935
1264 8608
931 9969
1633 9010
121 9505
1378 8250
1514 8369
1679 9171
769 9827
830 9818
1383 8194
131 9702
422 9422
1350 8232
1285 8309
1389 8220
1732 9142
1147 8457
1823 8811
441 9414
125 9727
85 9692
1472 8265
1889 8936
241 9595
2036 8824
1507 8302
1140 8676
666 9995
832 9940
1460 8237
1890 8955
1153 8476
450 9314
1591 9110
901 9767
917 9783
328 9451
1869 8938
1782 9054
1666 9003
1214 8471
1030 8616
1820 8883
421 9238
1096 8700
1046 8611
9 9649
1279 8516
301 9366
168 9493
700 9986
972 9741
1950 8795
1601 9094
1867 8835
1416 8260
858 9879
791 9927
1637 9144
1002 9739
1880 8891
1835 8904
1665 9061
283 9470
1557 9213
390 9321
285 9455
1645 9118
1492 8231
1969 8774
1857 8889
951 9801
918 9622
1392 9076
829 9531
229 9965
1496 9172
870 9578
1532 9201
1832 8507
1764 8447
247 9963
902 9627
163 9918
877 9587
517 9243
43 9781
1741 8402
1651 8274
846 9570
688 9372
1399 9051
1710 8321
551 9237
1072 8706
174 9877
852 9577
1157 8890
1040 8786
206 9866
1163 8898
625 9272
709 9359
1702 8425
1608 8217
631 9250
547 9336
1801 8552
566 9301
1546 8289
876 9475
1523 9095
1116 8745
1436 9190
1478 9146
514 9342
198 9915
247 9843
1062 8866
1895 8687
1918 8695
701 9270
1336 9139
1101 8898
1495 9030
238 9855
726 9284
1577 8372
212 9801
1222 8806
528 9394
699 9240
738 9281
1393 9177
1631 8433
1543 8360
808 9625
828 9607
1410 9017
1248 8795
107 9943
1172 8745
1103 8945
61 9982
2010 8473
246 9790
1408 9044
1158 8787
46 9974
965 9500
1513 9008
1340 9185
33 9983
1990 8487
970 9512
1413 9071
1469 9046
31 9972
1640 8324
225 9740
1485 9023
1859 8631
1917 8585
767 9225
19 9957
1656 8327
1465 8891
1887 8284
1005 9449
292 9760
1328 8763
1796 8201
936 9383
1553 8448
295 9779
694 9635
643 9624
1075 9007
970 9448
484 9920
673 9604
368 9815
387 9897
1939 8376
1294 8741
754 9670
838 9329
2003 8427
281 9760
318 9851
1365 8723
592 9494
328 9730
1079 9085
505 9911
383 9777
619 9509
1455 8928
1459 8929
1560 8522
1790 8619
1582 8526
1882 8249
1961 8386
681 9671
586 9509
763 9609
562 9543
1874 8236
808 9390
1022 9337
1795 8329
1146 9200
1514 8801
724 9563
753 9573
1487 8793
839 9439
450 9819
791 9357
360 9973
1124 9159
819 9367
1787 8543
883 9430
1273 9040
574 9619
1251 9038
693 9498
1137 9153
899 9265
1110 9189
912 9251
1606 8691
2019 8281
879 9426
1280 8894
495 9773
412 9819
1132 9124
1434 8784
417 9837
1464 8821
1501 8723
1413 8778
1953 8305
1088 9106
1456 8803
1994 8222
1843 8422
1745 8452
1327 8952
326 9886
626 9642
1265 9004
520 9704
1762 8450
1489 8755
1194 9026
655 9575
1068 9153
1362 8892
1574 8663
769 9461
785 9444
1508 8733
914 9326
1473 8767
1393 8846
2592 8737
3687 9824
2713 8849
2177 8334
2555 8683
2119 8277
2527 8650
2267 8391
2881 9053
3483 9604
2634 8810
3343 9515
2944 9124
2587 8766
2920 9037
2276 8397
2695 8876
2200 8371
2942 9045
3216 9405
3647 9738
3484 9641
2791 8927
2244 8442
3651 9729
2796 8872
2169 8252
2745 8956
2431 8504
3638 9854
3069 9140
3568 9658
2332 8534
3170 9257
2050 8268
3609 9800
3367 9589
3586 9815
2281 8383
2891 8978
3566 9652
2461 8696
3947 9986
2085 8270
2527 8622
2588 8814
3397 9527
3684 9745
3676 9770
3223 9455
3655 9790
2494 8644
3725 9971
3158 9428
2300 8319
3196 9465
3547 9565
3224 9247
3086 9344
2675 8931
3230 9230
2980 9012
2561 8852
2246 8286
3617 9914
2479 8500
3272 9300
3677 9923
2086 8376
3702 9938
3737 9789
2467 8454
2702 8744
2892 9195
2127 8423
2236 8212
3550 9584
3447 9668
3237 9238
2471 8465
3165 9447
2868 9103
3489 9501
3494 9499
2946 9020
3198 9401
3587 9931
2194 8283
2316 8669
3473 9538
2900 9091
3753 9841
2740 8815
2310 8686
3145 9376
2562 8937
2974 9073
2856 9176
2866 9155
3173 9367
3047 8980
3816 9757
2057 8446
2907 9120
4089 9979
4012 9902
3126 9525
2209 8614
3608 10000
2571 8967
2060 8476
4055 9926
2680 9067
2461 8325
2829 8724
3992 9858
2324 8207
3130 9511
2134 8521
3377 9233
2398 8316
3052 8904
3964 9817
2954 8876
3314 9664
2163 8512
2315 8255
2471 8422
3153 9488
2124 8461
4041 9869
4087 9906
3870 9817
2780 9110
2570 9029
3190 9510
2456 8396
3345 9284
3565 9399
4053 9871
3041 8833
3462 9440
3284 9660
3680 9996
2475 8409
3065 8842
2485 8385
2357 8259
3269 9651
3403 9264
4016 9776
2607 9134
2379 8394
2658 9187
2526 8285
2893 8906
2674 9208
3204 9480
2863 8866
2930 8956
2664 9214
3077 9629
2537 8304
3461 9242
3984 9743
2236 8479
3036 8827
2581 9138
2971 8754
3299 9546
3971 9769
2809 9046
3308 9566
3760 9990
3880 9874
2523 8292
2782 8990
3885 9964
3932 9886
3998 9821
2444 8265
4025 9840
2374 8332
3986 9794
2229 8550
2241 8469
2958 8792
4035 9754
2544 8238
3088 9712
3389 9439
3429 9345
2712 9072
2674 9112
3351 9467
3337 9465
2255 8508
4084 9728
3493 9298
3009 8761
2490 8259
2859 8918
3916 9548
2720 8359
2789 8429
2879 8503
2786 8426
3977 9626
2308 8977
2193 8836
3085 9754
4002 9657
2399 9027
3656 9325
2390 9087
2131 8825
2133 8830
2996 8602
3934 9583
2602 8219
2685 8271
3323 9928
2601 8209
3663 9334
3690 9256
2430 9018
2394 8988
3121 9846
2066 8794
2991 8675
3151 9759
2822 8532
2629 8208
3983 9689
3327 9893
4027 9697
3253 9963
2338 9026
3083 9836
3264 9895
3898 9556
3939 9485
2102 8793
2233 8907
3934 9515
3861 9571
2242 8884
2930 8458
2413 8976
2221 8912
2447 8974
2596 8353
4010 9506
2519 9055
2839 8604
3662 9410
2992 8510
2189 8733
3670 9415
2360 9131
2611 8358
3250 9771
3061 8553
2412 9200
4019 9516
3593 9385
3140 9958
3644 9369
2608 8342
2691 8235
3592 9376
2473 8961
3142 9962
3258 9748
3900 9613
2054 8887
3107 9873
2779 8303
2735 8219
4005 9501
2867 8586
3891 9609
3736 9250
3212 9783
3631 9454
2508 8969
2410 9132
3025 8472
3166 9879
3324 9772
4074 9530
2668 8382
3833 9259
2162 8869
3208 9808
3946 9648
2172 8871
2464 9084
2861 8688
3184 9901
3325 9758
3810 9217
2144 8837
3286 9789
3059 8451
2337 9171
3907 9655
2530 8980
3073 9977
3839 9223
2815 8198
3134 9927
3486 9883
3813 9696
2393 8798
2701 8577
2151 9079
2098 8992
2905 8266
2687 8556
3484 9864
2596 8510
2600 8501
2416 8815
2975 8373
3560 9924
2084 8968
2976 8336
2132 9060
2493 8844
4081 9410
2386 8807
3988 9389
2387 8808
2133 9070
2882 8194
2833 8272
3879 9317
3712 9671
2726 8684
3981 9408
2225 9212
2285 9150
2101 9057
2762 8605
3358 9799
2887 8228
2105 9054
3512 9940
3948 9216
3537 9916
3635 9566
2744 8651
3720 9724
3966 9224
2314 8822
2922 8213
3411 9938
2335 8860
4047 9292
2931 8432
2997 8246
3882 9388
2878 8374
3722 9479
2187 8965
2865 8337
3978 9256
3637 9618
3522 9833
2517 8805
2074 9128
2899 8416
2885 8441
2117 9094
3889 9463
2346 8930
3674 9617
4033 9226
3700 9656
2299 9015
3037 8206
3294 9988
3715 9567
2588 8641
2469 8777
2068 9209
3352 9966
3671 9647
2218 9043
2926 8340
2160 9100
3122 8242
2400 9569
3261 8380
2336 9507
2266 9433
3827 8951
2501 9667
3501 8618
3326 8438
3533 8668
3137 8275
3606 8707
3287 8384
2813 9962
2620 9764
2062 9236
3767 8874
2477 9650
3659 8788
3436 8524
2164 9301
2507 9705
2087 9220
2513 9717
3332 8483
3605 8754
3555 8655
3421 8557
3241 8344
2809 9932
3744 8857
2787 9945
3689 8789
4049 9198
3977 9160
3136 8198
3889 9078
2097 9337
3842 9035
2309 9551
2136 9235
4068 9129
2729 9959
2365 9581
2227 9442
3289 8328
3076 8279
2321 9541
3223 8399
2137 9221
2404 9530
3279 8366
2301 9375
3097 8316
2686 9752
2684 9755
3182 8197
3110 8276
2224 9412
2626 9781
2410 9490
3271 8263
3131 8378
3602 8855
3314 8311
2586 9884
3443 8698
3506 8511
2466 9520
3604 8832
3698 8936
2637 9936
2532 9542
3218 8241
2627 9952
3740 8761
2979 9997
4040 9082
2692 9776
2651 9964
2170 9414
2994 9998
2659 9948
2347 9620
2332 9694
3661 8841
3215 8262
3595 8897
3219 8287
3876 9206
3452 8617
2155 9406
3520 8470
2100 9452
2389 9612
3847 9180
2776 9731
4051 8973
3353 8697
3707 8857
2657 9862
3802 8752
2306 9714
2440 9594
3840 9209
2146 9368
3265 8250
4034 9022
3663 8883
3189 8328
2356 9673
3390 8643
3012 9926
2482 9396
2888 9792
2910 9813
3952 8828
2938 9839
2125 9563
3526 8400
4030 8873
3564 8438
3029 9935
2232 9638
3577 8410
2108 9499
3517 8346
2948 9901
3965 8785
2599 9994
2077 9516
3711 9038
3165 8558
3088 8484
3721 9137
3171 8539
2502 9464
3318 8649
3538 8342
2873 9852
3326 8628
2317 9287
2373 9231
2538 9377
3512 8437
2876 9842
3585 9041
3455 8235
2364 9314
3953 8726
2385 9270
2139 9532
2912 9736
3091 8570
3545 8370
3154 8511
2123 9508
3076 8566
2441 9466
2818 9851
3623 9052
3392 8251
3296 8549
2817 9860
2111 9651
2341 9384
3770 9003
3461 8210
2415 9459
2372 9445
3467 8233
3733 9009
2921 9934
3910 8943
2818 9903
3030 9825
3199 8647
3249 8460
2083 9628
2302 9535
3132 8696
3217 8532
3472 8257
4046 8731
2237 9573
3476 8266
3428 8322
2174 9622
2406 9353
3761 9027
2474 9296
3343 8435
2368 9405
2722 9379
2854 9506
3100 8729
3062 9712
2119 9793
3024 9688
2753 9420
2153 9831
2287 9953
3229 8850
3361 9006
3442 9058
2605 9278
2192 9860
3702 8291
3016 9695
3514 9123
2621 9249
2593 9279
3660 8300
2853 9479
3674 8319
3147 8813
2644 9340
2744 9358
3460 9148
2090 9744
4055 8683
4042 8694
3991 8616
2213 9956
4086 8629
3562 9122
3838 8375
3824 8379
2977 9711
2247 9876
2116 9744
3521 9111
2903 9486
3671 8205
3180 8755
2666 9269
3858 8562
3836 8348
3327 8862
2188 9960
2719 9460
4012 8640
2850 9549
3233 8918
3031 9632
2752 9402
3529 9141
3681 8417
2889 9676
2131 9941
2135 9949
3557 9070
2913 9709
3213 8704
2636 9436
4019 8481
4075 8568
3729 8200
2893 9683
3980 8493
3376 9106
3210 8750
3293 8827
3380 9116
3722 8226
3785 8288
3207 8748
3951 8642
3668 8442
3966 8653
3913 8701
2486 9984
3028 9580
3140 8957
3969 8506
2055 9922
3785 8192
3727 8280
2814 9255
3630 8436
3419 9088
3244 8816
3915 8598
4054 8459
2749 9310
2634 9391
3936 8582
3639 8390
3572 8965
3346 9194
3801 8229
3458 8834
3594 8456
3087 8972
3895 8251
3562 8935
2606 9534
2952 9372
2334 9728
2512 9973
4001 8326
2769 9718
2695 9642
2459 9910
2863 9218
2970 9387
3546 8931
2097 9996
3415 8726
3317 9140
2919 9251
2750 9720
3160 8979
2508 9880
2710 9664
3937 8246
2419 9775
3725 8687
3799 8628
3786 8620
2661 9475
3297 9096
2649 9523
3276 9120
3511 8922
3451 8706
2389 9774
3866 8293
3255 9014
3782 8516
2772 9558
3714 8449
2384 9939
2917 9443
2978 9253
4028 8244
3034 9299
2778 9556
3035 9291
3381 8865
3117 9143
3740 8455
2741 9518
2918 9408
3260 8981
2968 9258
2821 9393
2793 9564
2625 9716
2319 9912
3306 9053
2813 9546
3928 8431
3738 8486
2351 9966
3645 8702
3699 8624
3200 9033
2870 9471
2305 9930
2697 9541
3996 8273
3859 8412
4036 8203
3071 9263
2990 9341
3426 8881
3248 9063
2305 9945
4031 8294
2552 9766
3224 9080
2395 9914
3595 8680
3694 8583
3263 9042
2436 9834
2533 9748
2790 9492
4043 8254
3267 9023
4063 8224
5150 9244
5695 9788
5321 9418
4849 8949
5704 9805
4273 8377
5315 9416
4217 8309
5804 9890
4536 8631
5663 9738
5325 9435
5572 9682
4410 8482
5885 9954
4953 9085
5762 9893
5326 9442
4851 8924
5772 9915
5671 9758
4335 8404
5684 9737
5196 9330
4499 8657
4493 8654
5433 9596
4811 8832
4172 8195
4666 8810
4168 8221
5773 9946
4154 8288
5359 9397
4576 8634
5685 9838
5476 9529
5142 9335
4769 8896
4754 8944
5606 9602
5079 9138
4683 8748
5612 9605
4396 8518
4671 8788
5330 9382
5825 9908
5166 9307
4201 8223
5385 9598
5525 9709
4386 8537
5775 9972
5815 9931
5681 9805
4514 8671
4482 8701
5735 9957
4928 9155
4268 8230
5758 9971
5126 9352
5735 9961
4520 8507
5605 9592
5269 9227
5435 9637
5400 9657
4126 8380
5272 9274
4703 8954
5194 9446
4288 8306
4512 8468
5187 9462
4995 9012
4963 9179
5870 9773
4664 8958
4832 8750
5206 9348
4305 8201
5445 9628
5252 9309
4862 8743
4304 8203
4846 8718
4202 8335
5180 9435
5440 9648
4657 8899
5732 9872
5632 9980
4752 9107
4869 8710
4211 8567
4767 9113
5120 9482
5122 9487
4478 8300
4461 8318
4483 8343
4323 8695
4767 9096
4776 9137
5623 9452
4495 8339
5320 9686
4762 9092
4280 8615
4113 8499
4159 8469
4936 8804
4849 9181
4794 9108
4413 8202
4758 9121
5255 9662
4578 8408
5056 8959
5187 9472
4460 8232
4723 9014
5615 9382
5519 9413
6125 9894
4444 8210
4799 9199
4191 8460
6030 9947
5913 9794
4938 8727
6139 9881
4096 8548
5046 8913
4531 8409
4189 8497
4908 8799
5902 9850
4306 8619
4623 9072
5976 9944
4523 8239
4356 8332
5083 8785
4556 8285
5350 9586
4759 8962
6099 9797
4301 8535
5557 9263
4760 8964
5543 9275
6110 9795
4857 9062
4121 8636
4405 8351
4615 9129
4710 9161
4446 8425
6096 9745
5398 9429
4613 9165
5165 9703
5109 8760
4243 8514
4291 8464
5896 9937
4679 9115
5286 9540
4935 8864
4670 9167
5454 9407
5958 9904
5047 8782
5833 9417
4553 9163
4424 9035
5855 9433
5636 9219
4756 8349
5309 9910
4151 8764
5872 9468
4125 8720
5966 9539
4320 8950
4785 8361
4173 8790
4336 8942
5887 9441
4744 8366
6108 9719
5162 9752
5318 9983
4652 8214
4713 8277
4728 8261
4412 9075
5997 9528
5009 8648
6073 9699
5078 8589
5125 9822
4780 8432
5699 9257
5138 9855
5882 9364
6136 9608
4464 8963
6120 9630
5799 9424
5680 9289
4212 8719
4361 9097
6118 9572
4988 8697
4191 8905
5063 8550
4984 8666
4551 9059
5004 8491
6014 9686
4261 8712
4658 8348
5805 9218
4230 8759
5248 9785
4790 8204
5184 9979
4624 8367
5292 9747
4570 8982
4840 8231
4515 9079
5152 9976
5005 8528
5121 9955
4443 9149
4676 8355
4865 8680
5921 9675
5657 9458
5804 9287
5884 9232
5985 9619
4565 8999
5327 9785
4597 8963
5979 9644
5756 9350
5834 9265
4971 8299
5704 9544
4982 8310
6119 9440
5828 9684
4346 9195
4249 9099
4881 8199
5546 9904
6028 9362
5727 9596
4411 8727
5675 9476
5088 8403
4436 8800
4309 9197
5039 8338
5102 8401
6025 9419
4542 8952
4827 8592
5825 9612
4239 9154
4484 8906
4580 8875
4908 8318
4384 8820
5653 9536
5729 9526
5379 9826
5218 9991
4298 9132
5075 8373
4768 8649
5422 9796
4363 8807
4803 8621
5750 9477
6129 9349
5781 9696
5854 9643
4636 8551
4619 8564
4421 8902
6033 9243
4303 9028
5588 9804
4750 8468
5061 8283
4272 8976
4700 8703
5111 8276
5873 9559
5392 9911
4584 8770
5744 9691
4490 8742
5629 9810
5082 8298
4893 8364
5011 8225
5100 8287
5730 9687
4599 8768
5928 9360
4752 8489
4732 8645
4430 8946
6000 9392
4479 8893
5533 9823
4343 9011
5660 9685
5812 9597
5632 9674
4674 8584
5343 10000
5633 9681
5952 9363
6071 9320
5761 9571
5843 9527
6080 9254
5739 9603
5768 9572
4308 9017
4783 8514
4305 9022
5604 9756
5529 9829
5668 9690
5005 8307
4771 8540
5989 9059
5785 8862
4299 9411
5837 8903
5331 8414
5123 8205
5494 8569
6063 9151
4826 9930
5980 9032
4228 9374
4358 9498
4178 9294
5538 8639
5614 8650
4369 9525
5566 8602
5795 8840
6128 9152
4374 9508
4203 9305
4482 9654
5918 8998
5412 8548
6029 9164
5672 8809
6137 9151
4387 9583
6019 9166
5395 8540
4242 9437
6034 9159
5828 8851
4710 9777
5726 8709
5868 8844
4739 9955
4561 9652
4120 9328
6136 9104
5295 8384
6054 9161
5638 8816
4575 9639
4773 9944
5257 8202
5568 8520
5630 8565
4589 9568
4416 9677
5439 8623
5709 8922
5494 8684
5913 9093
5641 8854
5615 8527
4808 9831
5892 9142
4765 9774
5341 8299
5427 8587
6053 9062
5282 8294
5949 9208
5786 8784
5638 8908
4610 9929
5774 8773
4607 9521
4690 9859
5072 9985
4401 9701
4338 9252
4513 9590
4516 9540
4654 9932
4248 9339
4730 9872
6029 9057
5781 8825
4192 9371
5117 9987
5565 8375
4335 9699
5140 8455
4332 9722
4269 9659
5421 8244
4941 9811
4315 9726
5055 9882
4113 9529
5608 8385
4296 9722
5999 8794
6086 8947
5297 8583
5528 8357
5973 8811
5994 8751
5585 8343
6003 8757
4583 9391
4117 9565
5591 8351
5328 8606
5199 8448
4450 9261
4357 9300
5256 8665
5438 8290
6087 8858
5333 8629
4914 9808
5545 8394
4897 9796
5846 9136
4474 9234
4313 9649
4942 9764
4371 9336
5639 9068
4868 9832
5938 8797
6103 8869
5116 9863
4933 9787
4476 9464
5047 9778
5213 8667
4594 9332
4567 9308
4253 9488
4134 9655
5337 8523
4549 9297
5941 8865
4499 9221
6133 8809
5878 9064
5960 8919
5093 9793
6067 8735
6041 8757
4227 9518
5589 8315
5280 8463
5472 8400
4240 9505
4564 9318
4275 9477
5595 8291
5466 8419
5689 9090
5261 8496
5500 8382
5060 9734
4183 9620
5437 8443
5196 8576
5485 8353
5698 9102
5207 8600
4476 9388
5716 9088
6093 8728
5487 8368
5505 8297
5708 9125
5041 9818
4216 9621
5592 8245
4548 9258
6023 8819
5816 9025
4537 9283
5413 8415
4883 9491
5113 9723
5318 8900
4188 9822
5611 9199
5769 8333
5409 8996
5937 8503
5968 8535
6037 8594
4102 9742
5659 8208
4859 9462
4726 9316
4895 9485
4317 9921
6099 8652
4737 9385
5404 9013
5095 9676
4626 9279
5163 8730
4667 9225
6076 8591
5354 8926
5222 8787
5521 9127
6045 8618
4122 9762
5801 8337
5507 9144
6019 8641
5040 9716
5897 8527
5174 8831
5716 8216
4263 9961
5877 8356
6134 8612
5392 9031
5093 9663
5372 8856
5662 8308
6088 8611
4798 9429
6133 8601
5485 8960
5771 8445
5784 8418
5915 8549
5501 9212
5352 8812
5128 8845
4124 9882
4883 9631
5169 8892
5212 8908
5328 8772
5905 8580
5639 8346
4630 9352
5349 8826
4127 9919
4629 9392
4991 9685
5398 9146
5459 9215
6070 8472
4290 9842
4745 9267
5554 8974
4858 9274
4655 9453
5518 9034
4214 9918
4802 9229
5364 8740
5721 8323
4147 9967
5495 9130
6042 8517
5648 8399
5406 9214
5092 9476
5687 8404
4245 9843
4712 9349
5854 8240
4341 9732
6060 8542
5975 8609
4219 9859
4715 9361
5502 9091
4408 9784
4679 9542
4915 9266
4885 9233
5258 9101
5616 8951
5353 9188
4861 9715
4467 9852
5242 9064
6062 8381
4380 9736
5207 9024
5306 9133
4608 9496
5001 9362
5645 8466
4644 9472
5023 9403
4903 9217
5173 8978
5768 8623
5429 8732
5060 9450
5410 8722
5792 8597
4581 9936
5602 8920
5587 8940
5428 8715
5343 9118
4496 9937
5131 9033
5226 9001
5418 8802
5239 9020
5714 8477
5160 9081
5210 8971
4994 9425
5452 8730
6128 8360
4848 9645
5254 9177
6080 8352
5603 8843
4390 9807
5263 9189
5020 9459
5264 9188
5709 8504
5966 8247
5470 8740
4466 9737
5807 8492
4896 9381
4887 9361
5429 8894
4980 9446
4696 9675
4506 9743
6064 8229
4728 9710
4631 9614
5201 9162
4951 9463
6066 8211
4605 9823
5113 9306
5450 8937
5654 8627
5356 9028
5916 8372
5138 9147
5393 8890
5956 8424
4462 9920
4648 9626
5832 8560
5397 8879
5280 8989
5024 9245
4370 9900
4764 9507
4943 9357
4912 9461
5818 8562
4756 9560
4567 9755
5895 8395
4641 9708
4554 9732
4970 9381
5915 8393
5829 8470
4314 9997
5798 8574
4487 9828
6026 8302
5646 8682
6106 8243
5028 9295
5767 8552
5944 8392
5383 8947
5752 8588
5776 8551
6024 8306
6097 8236
7401 9448
7079 9135
7873 9928
6711 8741
7198 9228
6553 8590
7035 9061
6742 8776
7811 9884
7812 9892
6285 8364
6594 8673
6187 8206
6762 8780
6669 8747
7334 9358
7646 9719
6910 8916
6481 8572
7813 9898
6900 8900
6254 8279
7005 9063
7847 9885
7628 9718
7397 9438
7447 9512
6441 8554
7256 9247
7779 9775
6973 9073
7736 9847
6365 8335
7594 9720
6741 8711
7429 9552
6892 8881
6961 9068
6601 8599
6463 8541
7164 9119
6869 8886
7628 9643
6863 8872
6229 8255
6609 8637
6339 8367
6375 8331
6235 8247
6249 8199
6207 8272
7934 9870
7243 9273
7705 9838
7085 9173
7467 9553
6468 8506
6253 8428
7046 8961
7075 9001
7912 9849
7730 9889
6227 8388
7133 9025
6583 8488
6740 8948
6965 9109
6407 8610
7409 9303
6515 8666
6268 8406
6263 8412
6512 8668
7905 9810
7144 9051
7326 9261
7327 9253
6798 8756
6478 8688
6883 8739
6784 8771
7762 9876
6483 8603
7738 9974
6455 8698
7569 9538
7612 9578
7583 9545
6596 8467
7846 9854
7459 9721
6777 8870
6503 8590
7072 9034
6266 8336
7112 9016
7661 9502
6419 8672
6503 8606
7154 8969
7788 9874
7132 8925
6901 9203
7263 9561
6856 9167
6548 8349
6947 8751
7510 9306
7156 8954
6213 8533
7056 8837
7102 8870
7274 9584
7537 9325
7393 9665
7939 9765
7669 9427
7305 9633
6330 8595
6452 8217
6696 8986
7053 8888
6779 9036
8074 9906
7073 8856
6804 9128
8067 9919
6865 9196
7313 9681
6252 8493
7059 8912
7553 9412
7671 9394
6602 8323
7480 9330
7008 8746
7467 9318
7761 9984
7357 9711
7323 9679
6493 8200
6920 8798
8184 9888
7151 8886
6878 9089
7379 9650
8142 9896
6871 9149
7369 9637
6477 8248
8100 9948
8042 9746
7332 9690
6263 8693
7120 8786
7959 9887
7287 9727
8055 9976
6392 8554
6367 8519
6657 9114
6566 8248
7091 8749
7469 9356
7126 8818
8143 9832
7168 9641
7188 9662
6524 8407
7438 9378
8148 9830
6874 9065
6353 8546
7103 8707
7278 9646
6984 8843
7097 8828
7667 9275
8185 9779
6182 8692
6303 8522
7596 9332
7942 9947
6363 8454
7411 9517
7527 9351
8106 9800
6623 8249
6915 8932
7194 9714
6711 9182
6352 8505
6590 8274
8065 9841
7584 9297
6478 8381
6185 8670
6216 8627
8070 9853
6418 8430
7936 9981
6904 8441
7891 9425
8092 9625
8181 9725
6912 8459
7790 9313
6188 8765
6593 9168
8093 9615
6346 8925
6534 9117
7048 8597
7090 8592
6526 9050
7370 9965
7892 9468
6854 8429
6303 8867
6560 9190
7007 8473
7700 9309
6329 8944
6210 8712
6291 8926
6941 8525
7040 8663
7772 9220
7758 9237
6406 9048
7728 9326
7684 9315
6514 8987
6449 9048
8056 9490
7714 9292
8061 9484
6384 8833
8047 9502
6554 9193
6935 8545
7109 8626
7733 9293
6200 8768
7408 9868
6700 8273
6445 9042
6670 8330
6893 8298
7906 9323
7557 9999
7336 9767
7112 8519
6793 8223
6846 8233
6521 9184
6919 8605
6814 8253
6945 8581
7176 9888
6398 8791
7334 9750
6339 8817
6634 9049
7420 9803
6260 8910
6547 9000
7003 8677
7200 9887
7255 9877
6764 8362
7298 9797
7940 9678
8079 9559
6638 9011
7711 9470
6352 8758
7944 9700
6675 8445
7069 8558
6385 8709
6625 8984
6915 8703
6626 8991
7673 9991
6527 8830
8004 9286
6441 8762
6397 9192
7694 9497
7652 9981
7922 9704
6569 8882
6937 8196
6403 8732
7761 9586
6725 8544
6836 8594
6218 9058
6797 8615
6319 9090
6907 8661
6554 8877
6615 8928
6454 8714
6450 8718
6535 8902
8141 9353
6283 9166
8028 9241
8174 9384
7629 9863
7595 9958
8019 9245
6529 8917
6833 8656
7458 9802
7271 9998
6864 8634
7535 9757
7129 8363
6843 8643
6484 8744
8082 9454
8149 9387
7623 9913
6637 8813
6898 8567
7786 9708
7747 9668
8146 9305
7461 9899
6643 8801
6881 8564
7902 9545
6584 8737
6331 8998
6702 8584
6304 8968
8165 9291
6762 8667
6720 8699
6592 8705
7831 9557
8048 9397
6421 8915
8073 9281
7679 9782
6814 8530
7779 9646
6768 8638
6164 9156
7849 9595
6902 8483
6923 8414
6556 8778
6174 9158
6466 8859
7899 9473
7024 8365
6277 9060
7866 9560
6793 8559
7827 9594
6317 9031
6152 9187
7835 9591
6248 9116
7422 9993
6194 9164
7720 9687
7482 9925
6760 9835
6265 9341
6147 9223
7601 8635
6675 9759
7821 8858
6597 9693
6184 9269
7608 8603
6633 9677
7960 9021
8172 9162
7619 8681
7702 8765
7773 8817
7448 8502
7923 8901
6261 9290
7718 8802
6431 9562
8157 9115
7597 8682
7435 8515
6849 9868
7741 8814
7441 8518
7418 8365
6909 9894
6435 9592
6750 9730
7782 8762
6374 9400
6563 9666
6828 9935
7872 8868
7208 8256
7441 8568
8016 9019
7676 8588
8077 9215
8178 9095
6611 9640
7493 8662
7423 8297
7674 8545
7694 8851
6369 9343
7472 8598
7361 8295
6900 9816
6873 9845
8091 9015
7501 8674
7308 8252
6605 9593
7437 8632
7843 8735
7763 8943
6678 9899
6170 9383
8103 8984
7964 9123
6528 9537
6279 9285
6815 9821
7642 8478
7767 8850
6676 9950
6665 9924
7948 9182
7319 8257
7791 8888
7997 9194
7807 8871
6557 9543
7416 8227
6395 9246
6430 9721
7853 8773
7656 8451
7738 8907
7729 8896
6513 9600
7771 8873
7568 8547
7214 8411
6800 9830
8029 9130
6641 9478
6364 9252
7297 8312
7978 9169
6326 9289
7880 9152
6539 9346
7498 8256
7762 9049
6500 9331
8037 8829
6558 9351
6268 9574
7265 8570
6430 9219
7609 8345
6421 9271
6434 9222
6423 9278
6976 9839
7895 9191
7890 9184
6456 9228
8069 8880
6599 9456
8151 8942
6543 9423
8125 8959
6983 9733
8122 8958
6408 9293
7162 9916
6532 9411
6457 9328
6480 9242
6155 9536
7879 9097
7355 8693
7639 8327
7958 8774
7659 8378
6388 9638
8034 8756
7250 8458
6593 9369
6370 9656
7006 9729
7730 9069
6377 9608
6334 9689
6266 9482
7532 8216
7965 8808
6414 9339
6357 9640
6591 9276
6394 9599
7404 8555
7901 9050
7396 8553
7256 8661
7428 8330
7913 9086
7825 8966
7986 8874
6636 9333
8079 8725
7856 9002
7458 8377
8168 8822
6439 9401
7846 9016
7513 8443
6623 9340
6465 9453
7703 9127
7314 8482
7451 8363
7198 8620
8108 8728
7401 8542
7543 8398
7995 8838
6220 9613
6549 9302
8008 8847
7095 9848
7386 8457
6377 9534
8089 8770
8032 8893
7683 9186
8087 8820
7290 8593
6226 9635
7471 8408
7752 9139
6835 9395
7660 9196
7926 8437
6659 9222
8100 8610
7148 9706
7351 8895
7789 8293
7563 9089
6175 9749
7250 8796
7506 9052
8037 8566
6348 9951
7281 8805
7524 9074
7111 9695
7888 8398
6725 9315
6969 9489
6667 9248
8097 8589
8046 8513
7096 9623
7072 9617
8000 8563
7959 8481
7544 9039
7803 8268
6345 9968
7710 8224
7936 8512
7219 8818
8128 8580
7224 8831
7939 8523
7587 9192
6249 9762
6199 9850
6337 9875
7017 9533
7478 9069
7876 8344
7935 8354
8069 8664
8076 8685
7307 8941
6969 9553
7432 9056
6699 9282
6270 9749
7634 9150
7207 8777
7084 9667
6977 9520
7485 9039
7005 9519
7210 8796
7286 8719
7685 8313
6241 9756
7721 8362
7770 8402
8152 8528
7574 8986
6818 9262
8126 8499
7397 8823
7318 8708
7230 8877
6285 9753
7989 8608
6336 9814
7348 8747
8027 8699
6381 9804
6160 9907
6570 9987
6656 9389
8003 8690
6800 9249
7648 9045
8009 8702
8166 8537
7870 8193
7285 8885
7092 9590
7172 8897
7121 9503
6241 9902
7286 8868
7082 9598
7390 8710
7504 9100
7120 9486
6326 9833
7496 9134
6689 9419
7201 8911
6735 9406
6728 9404
7881 8243
7331 8797
7828 8599
6687 9494
7201 9005
6592 9933
7792 8573
8171 8421
7370 9157
6847 9645
7899 8653
7876 8659
6673 9478
6790 9629
6454 9771
6530 9891
7100 9375
6892 9672
7299 9125
6899 9684
7994 8209
7897 8692
7143 9430
8059 8264
7326 9133
6523 9806
8114 8324
7754 8563
6844 9725
6870 9618
7943 8269
7133 9363
6691 9580
6834 9698
6745 9483
7567 8916
7304 9172
8145 8333
6720 9500
6802 9715
6495 9788
6925 9322
7527 8704
8127 8405
7768 8500
7316 9211
7104 9398
6780 9473
7373 9036
7733 8637
7630 8772
7445 8859
8062 8430
8039 8435
6677 9600
6896 9574
7039 9447
7450 8836
6835 9495
6996 9457
7089 9240
6773 9669
7477 8839
6797 9522
6747 9627
6917 9415
8185 8253
7999 8440
7812 8526
6429 9943
8015 8350
7576 8779
7975 8440
7698 8690
6500 9861
6856 9513
7969 8387
7750 8612
7393 8962
7366 9006
7769 8625
7477 8924
8047 8325
7185 9211
6571 9792
8066 8301
7955 8419
6931 9441
7378 8993
8057 8320
