1000 1001
862 863
108 110
49 51
792 794
129 133
147 151
456 460
970 975
602 604
289 294
859 860
514 517
640 647
3 11
32 40
245 252
545 552
96 106
918 924
626 632
784 795
615 619
354 367
785 796
288 302
368 382
534 536
629 634
265 280
610 624
710 724
653 671
173 190
267 287
931 951
288 309
229 240
205 216
586 607
681 700
847 857
132 147
454 465
806 817
327 351
421 445
556 564
744 752
582 606
965 989
512 536
366 372
10 16
938 944
682 689
910 913
332 364
93 124
278 311
22 55
29 63
64 98
532 566
706 736
26 57
664 699
199 227
192 229
906 943
853 880
542 571
579 613
927 952
769 806
787 826
452 494
145 186
391 428
912 955
513 557
964 1000
262 299
413 432
662 699
515 558
594 639
73 103
79 97
459 485
903 937
542 560
348 371
145 190
836 875
468 484
834 883
592 610
899 945
348 367
393 442
93 105
77 120
477 491
779 829
528 550
256 311
336 359
207 248
730 738
131 185
665 675
141 177
913 941
520 565
784 814
583 633
474 485
154 165
658 685
155 218
130 199
897 964
901 960
183 241
419 491
644 717
665 723
42 97
49 122
676 751
53 121
801 876
908 961
539 597
134 201
444 492
898 978
176 226
20 71
159 203
406 448
420 499
414 457
1 89
150 206
560 616
822 878
390 479
575 614
21 79
786 840
667 705
539 577
14 85
829 870
684 759
781 854
286 322
33 125
390 475
183 233
139 212
191 224
660 715
805 890
429 461
568 600
659 755
830 863
531 625
270 365
314 350
31 123
63 91
544 580
155 254
156 249
31 121
275 373
6 96
60 90
793 895
641 743
33 70
533 626
271 359
156 244
292 333
424 451
669 758
176 220
513 621
957 977
566 603
791 889
941 962
273 352
659 738
2 113
411 495
290 342
656 740
792 877
958 971
435 453
171 221
166 209
307 331
799 871
809 849
400 489
264 369
160 217
54 77
130 249
946 969
554 593
816 844
570 582
769 893
298 340
422 472
937 982
87 215
303 430
114 240
370 497
375 500
27 159
15 139
774 898
616 748
530 663
117 243
325 450
109 234
802 933
281 401
102 238
837 972
612 750
357 494
843 967
256 397
825 948
771 910
638 752
549 683
344 471
523 644
581 714
622 737
561 702
326 471
583 726
295 437
538 648
327 468
594 705
39 179
55 163
263 403
553 701
590 730
554 703
43 189
815 953
27 140
66 213
30 137
881 998
44 180
85 205
613 765
531 651
110 247
273 392
37 188
102 255
894 999
837 988
105 243
58 160
276 399
857 962
37 185
259 415
569 677
611 766
587 726
632 742
43 180
812 947
817 912
602 760
543 700
343 498
75 238
541 696
551 642
295 385
99 196
375 464
377 478
101 194
550 641
313 400
329 480
551 654
117 223
70 236
549 655
567 669
525 679
793 946
62 146
35 143
601 756
841 996
334 480
381 467
277 443
624 734
100 213
296 409
620 734
519 693
874 984
351 492
320 499
789 934
586 761
34 150
575 651
112 197
571 654
13 187
30 168
276 419
562 645
588 763
527 696
770 954
263 446
315 384
381 454
812 919
313 389
634 711
890 967
533 680
355 477
59 251
104 168
779 970
283 473
268 462
12 207
363 431
290 486
73 140
112 182
783 969
589 650
569 766
72 128
599 670
119 187
301 481
262 458
639 691
850 926
104 165
845 896
94 144
600 662
775 968
810 997
623 703
537 713
570 747
552 763
838 917
514 721
523 735
838 914
782 986
866 950
820 993
860 905
330 412
95 136
547 756
332 404
272 456
362 434
108 181
578 667
116 175
601 645
840 916
370 431
619 694
524 721
573 736
776 982
369 430
41 246
56 231
535 712
379 411
834 930
2 227
46 204
807 965
879 909
627 656
824 987
335 427
86 179
111 138
11 237
20 252
318 470
546 714
548 717
828 981
819 986
65 171
879 901
45 198
338 441
607 692
62 210
310 474
358 394
346 438
844 928
364 385
7 232
94 177
368 415
353 401
74 186
811 987
870 919
9 251
813 991
312 459
892 904
306 455
373 387
547 725
809 991
293 466
91 172
382 393
800 983
296 464
867 923
329 432
378 384
66 184
568 707
360 405
315 453
127 129
308 458
343 424
52 308
161 417
161 416
189 447
76 334
191 445
572 830
148 407
697 954
687 939
158 408
623 873
38 289
611 868
744 993
606 855
172 423
638 885
9 261
111 354
14 259
88 341
690 959
749 995
727 985
131 396
746 997
527 768
719 960
154 394
169 441
716 988
708 981
540 781
39 309
219 457
678 948
754 992
728 971
197 465
40 316
556 825
655 922
576 853
516 785
170 444
650 924
658 900
65 342
8 287
216 463
563 804
588 859
72 336
5 284
41 304
82 328
521 787
697 931
163 440
99 376
135 412
146 398
84 328
709 985
67 350
637 864
722 975
200 470
78 337
120 344
742 966
250 475
578 867
604 893
15 301
135 421
628 855
618 841
674 902
26 319
118 339
675 902
741 963
58 285
157 437
56 272
636 852
630 862
167 398
107 322
203 481
661 959
169 386
7 298
204 482
25 297
548 788
220 493
592 865
153 426
682 921
61 267
643 949
174 409
246 449
648 944
643 955
61 260
673 920
749 983
688 907
597 878
642 958
254 451
521 820
188 386
35 285
87 361
68 379
255 448
635 836
764 963
694 905
630 822
78 271
107 297
25 347
206 396
729 923
543 861
211 407
4 320
584 780
54 371
149 467
557 875
127 312
751 936
17 345
208 408
668 980
664 978
23 347
735 915
28 337
584 773
559 865
712 903
708 907
239 447
753 929
45 380
50 355
75 282
80 258
242 417
617 826
647 979
106 316
51 356
19 324
585 798
591 791
48 361
580 797
746 947
149 463
747 945
234 433
558 885
248 420
723 911
760 932
214 395
69 280
153 452
235 438
764 930
718 942
1 352
537 888
572 861
631 789
86 306
24 380
233 397
113 277
581 801
221 440
535 882
519 866
555 846
209 439
142 488
193 422
36 323
126 281
242 405
126 278
765 917
753 921
605 821
134 495
215 446
12 357
60 341
755 922
677 972
225 395
596 831
603 816
573 854
194 428
217 425
522 891
589 828
170 472
743 916
672 979
529 868
114 260
596 802
42 349
21 365
567 847
541 869
253 388
17 360
69 318
545 858
633 773
731 935
727 939
516 888
59 326
245 392
76 305
47 338
590 819
538 871
148 490
178 461
6 377
593 977
196 325
162 291
137 264
219 346
174 300
136 266
565 951
757 887
608 995
528 915
116 496
681 813
232 366
686 808
164 291
666 797
688 823
518 897
236 356
598 990
50 443
57 435
225 363
701 823
762 880
657 794
230 362
724 856
695 827
754 895
152 279
660 795
732 851
173 317
576 976
524 925
22 388
36 439
122 489
158 269
715 856
706 849
208 324
627 999
164 305
118 483
631 994
668 777
178 292
670 776
555 957
4 403
166 319
48 427
193 349
666 774
123 486
81 460
529 908
133 283
733 835
84 500
526 943
195 353
720 882
546 896
23 436
679 772
640 803
253 345
620 968
618 974
228 321
182 275
18 436
526 936
53 402
88 496
544 904
532 956
520 929
540 949
223 372
720 891
761 850
591 996
68 488
211 383
698 790
748 832
704 877
625 990
729 886
10 442
762 842
661 804
103 469
157 303
175 282
609 980
525 952
522 956
559 920
704 887
222 358
138 307
671 805
124 455
47 404
101 478
553 914
595 1000
100 473
141 304
698 775
200 374
244 330
690 780
767 833
92 483
518 953
44 493
83 402
673 864
646 839
693 886
684 872
767 827
142 331
119 434
608 933
672 869
534 976
695 881
587 909
81 406
579 900
663 848
83 410
750 807
24 466
192 266
202 257
19 479
739 815
143 321
202 261
128 335
614 950
731 778
739 818
733 783
628 934
98 433
711 788
530 961
226 310
241 293
564 992
737 821
585 925
152 333
90 399
235 317
218 268
201 286
38 497
132 339
80 391
13 469
728 768
574 998
636 932
67 410
685 884
598 911
162 376
678 892
637 935
691 873
635 928
210 270
89 389
167 378
125 416
599 906
512 989
653 848
115 429
29 450
92 387
683 884
732 771
71 423
74 426
237 269
745 777
181 340
5 484
151 374
515 994
64 418
8 490
224 258
34 449
707 800
629 918
615 899
652 872
195 294
649 876
718 811
676 835
692 851
52 476
687 839
657 889
680 832
725 831
740 782
713 803
702 852
247 284
214 314
198 299
228 265
115 414
250 279
239 257
32 462
710 808
144 383
709 810
674 845
18 482
109 413
82 418
622 926
3 498
46 476
222 300
741 790
759 772
230 274
686 858
758 770
231 274
646 883
95 425
16 487
649 894
605 938
719 824
574 966
212 302
184 323
28 487
745 786
612 927
563 973
716 818
562 973
689 846
595 940
502 984
504 974
511 940
509 942
505 874
460 849
504 842
505 843
507 833
501 814
510 799
511 798
503 796
506 778
502 757
508 722
510 652
501 609
508 617
506 621
509 577
507 561
503 517
