10000 10000
7364 7367
2821 2822
7493 7494
384 388
3632 3636
6706 6708
6102 6111
2688 2698
6420 6431
5399 5403
6422 6426
1741 1759
4457 4474
7552 7571
8847 8857
2383 2392
3499 3507
9188 9213
5390 5396
67 89
8398 8405
1420 1424
8386 8414
5002 5015
2018 2047
1223 1240
1111 1143
7680 7714
9234 9265
1693 1721
3212 3241
7707 7742
5771 5806
2053 2082
2076 2102
8927 8948
8320 8363
3855 3875
7373 7392
8783 8802
3926 3960
3586 3628
4424 4455
5642 5669
3612 3630
9557 9574
2325 2342
2266 2286
9492 9506
6099 6116
5457 5478
9030 9086
7425 7480
3594 3633
3977 4021
6606 6640
8588 8626
6540 6604
7479 7543
5144 5210
7596 7663
1552 1620
3518 3578
7330 7399
4242 4311
3846 3904
5771 5827
6330 6387
2959 3014
5538 5609
9643 9696
7700 7775
7322 7382
9096 9158
1568 1646
1063 1143
5417 5497
699 746
7337 7419
9137 9187
3873 3955
8891 8937
7304 7387
6581 6630
2717 2761
281 333
8199 8275
4253 4297
6415 6490
9233 9289
678 766
8856 8897
4757 4815
6673 6730
8379 8416
7569 7626
8851 8904
1172 1225
5031 5062
7454 7548
7589 7623
3255 3282
6163 6262
1335 1375
4741 4845
7214 7238
4409 4433
9251 9288
7043 7154
5430 5444
2364 2383
7994 8012
3358 3430
7433 7536
2593 2651
8470 8554
2716 2786
9792 9920
21 150
5494 5619
4719 4841
3405 3531
5699 5829
6954 7085
9268 9395
4883 5019
577 713
112 248
9274 9394
2563 2699
2413 2535
7169 7306
4099 4238
4907 5030
8466 8607
6489 6615
9528 9654
4886 5017
3395 3532
7996 8108
1293 1436
3710 3821
7765 7878
1604 1744
1842 1959
7990 8096
9500 9610
3101 3204
2585 2691
2114 2265
106 246
2413 2544
8252 8353
9312 9469
5656 5765
6746 6852
1905 2031
323 476
4411 4516
1804 1964
802 898
1391 1486
9076 9168
9820 9977
1824 1928
6956 7046
6503 6604
4962 5065
2674 2777
8046 8133
4645 4745
7986 8095
3443 3550
4632 4791
2820 2997
8741 8852
3907 4087
4381 4520
1057 1172
4978 5060
2156 2266
7497 7679
6693 6802
3125 3202
333 501
3190 3278
3852 4020
2925 3024
3128 3206
284 418
5928 6039
4199 4259
4659 4854
7766 7827
7691 7885
1560 1759
6932 7123
343 400
5694 5881
573 757
6914 7115
9851 9905
7787 7840
9767 9963
9770 9958
5233 5308
1066 1252
9583 9632
2932 2980
9843 9891
365 447
5710 5789
1862 1938
6685 6859
6246 6320
3692 3771
5991 6079
7770 7808
7785 7859
6201 6370
7750 7834
7214 7410
3408 3470
815 1008
89 134
3389 3548
5152 5314
72 171
2906 3006
8499 8663
2415 2443
9062 9091
7236 7329
887 913
3631 3785
19 245
9560 9663
5244 5268
9256 9408
5690 5843
7432 7651
7177 7396
4178 4258
2570 2810
271 509
3685 3735
9042 9120
5653 5862
5440 5556
332 440
3876 4049
4402 4548
4190 4263
6658 6907
1375 1444
1597 1853
9265 9520
1223 1477
8245 8498
3818 4066
2620 2869
664 914
621 870
7876 8136
3655 3912
546 813
6176 6448
6307 6578
3285 3524
6810 7049
513 786
6353 6599
31 262
3818 4083
5667 5944
9403 9639
2199 2440
2203 2491
26 319
1694 1976
4804 5090
3315 3541
8912 9207
4702 4982
3228 3508
6901 7132
613 847
4819 5113
2744 2965
3165 3443
230 457
7338 7578
6684 6957
1621 1895
4274 4480
5714 5985
6828 7065
4760 5037
8858 9132
4219 4429
8720 8999
549 796
7924 8142
6780 6982
2182 2492
697 899
4770 5016
6310 6557
756 970
5810 6028
5698 5888
7710 8025
5737 5934
4717 4901
2175 2354
5348 5545
3781 3979
1675 1988
765 941
6724 6934
753 930
7260 7439
7293 7464
6393 6575
4227 4565
6307 6644
8905 9104
2561 2907
2057 2386
1164 1495
8763 9063
8750 9074
3149 3344
1617 1807
2155 2357
4833 5054
2703 3054
5318 5540
2279 2436
6300 6648
5313 5541
5722 5936
8793 9011
3174 3341
1596 1872
8718 9058
757 921
1103 1314
2208 2512
1212 1484
3643 3913
7296 7666
7886 8125
5257 5629
6150 6514
2796 2969
1662 1800
5816 6094
5372 5508
564 844
8264 8496
2203 2528
7304 7668
6707 6990
2171 2310
3648 3901
2291 2445
8300 8466
8959 9089
8342 8681
4208 4367
2752 2881
1187 1314
1576 1961
1060 1446
4124 4510
3113 3499
4844 4975
214 341
4228 4352
5255 5378
1108 1489
9439 9561
1072 1464
9317 9709
2297 2417
3586 3976
7845 7982
3196 3569
4293 4427
8933 9067
1722 1845
1632 2032
8901 9047
4706 5105
541 905
1047 1410
4191 4554
2222 2358
6185 6576
2663 3069
5873 5995
9298 9673
1131 1520
7420 7527
3707 4071
7408 7532
5176 5542
6735 7120
9426 9549
5661 6018
5165 5554
2731 2829
8876 8971
9286 9710
525 932
9311 9718
8831 9173
1090 1518
4657 5021
2074 2487
9232 9663
4670 5009
8717 9150
3294 3437
1572 1936
7752 8189
9349 9523
4147 4490
6809 6947
7745 8188
8441 8516
8845 9008
4100 4537
5144 5542
3304 3368
9385 9576
4737 4928
8277 8599
9457 9522
8247 8691
574 1018
6660 7104
4168 4494
2692 2882
5844 5907
2079 2518
5858 5928
6804 7006
751 805
75 384
3225 3412
1642 1959
9380 9589
5677 6140
5151 5579
4624 5066
223 260
6224 6540
4789 4969
8223 8643
2084 2554
4270 4465
4138 4597
1058 1533
5871 5901
3207 3429
6666 7145
711 800
8398 8486
8951 8990
9248 9674
8293 8590
7179 7655
4817 4925
3712 3949
2070 2553
7907 7948
2748 2892
61 463
59 457
7243 7608
2750 2893
9253 9681
3311 3355
5695 6090
6311 6482
9389 9563
765 779
1096 1471
8254 8649
2212 2387
6861 6965
547 987
4349 4356
8269 8628
8380 8512
7204 7642
2196 2411
7884 7987
6237 6749
3355 3867
7678 8191
5459 5970
3533 4047
7324 7838
8591 9096
8510 9017
2396 2900
5513 6016
3351 3868
8235 8743
8454 8968
2138 2634
4426 4954
4415 4909
3227 3721
310 805
7258 7758
7340 7865
5137 5636
264 784
6321 6824
289 827
4586 5104
320 858
131 671
318 803
2113 2655
1104 1648
5301 5780
6219 6760
3091 3632
445 926
5219 5703
1141 1629
1411 1963
6274 6827
5476 5966
4222 4693
3242 3716
3360 3857
5439 5902
364 861
5459 5984
9391 9883
471 993
5472 5974
6400 6966
8368 8839
273 806
2362 2818
8560 9033
5440 6009
1345 1912
1063 1565
4410 4865
4196 4696
9296 9836
4487 5051
5549 6127
4231 4805
40 618
8701 9145
8595 9174
5418 5999
50 631
5313 5764
3548 3994
277 850
1243 1683
2168 2610
5222 5676
7650 8105
4423 4875
6461 7025
7398 7851
9397 9978
7284 7739
7549 7983
5133 5726
7509 7937
9248 9845
4399 4985
6569 7153
2293 2733
3246 3828
5235 5672
6633 7093
185 741
7348 7892
5571 6051
2459 3065
7268 7687
465 946
1204 1746
4602 5020
4099 4708
5414 5953
2091 2626
477 948
5243 5649
2433 3050
1100 1568
6470 6953
6369 6801
7305 7931
3086 3709
2336 2899
8683 9117
5588 6061
7472 8011
7661 8080
3561 3988
8198 8824
1122 1564
8195 8829
8203 8820
8558 8977
415 798
347 986
4142 4780
71 708
6642 7030
2529 2918
3559 3936
3230 3606
1462 1852
407 797
6202 6832
6176 6828
2214 2603
8247 8890
3544 3925
4565 4952
4527 4896
3302 3689
3264 3664
269 925
2420 3046
9625 9994
2298 2670
4347 4719
3575 3938
5204 5827
9616 9991
5545 5937
8296 8945
8228 8895
7255 7883
8503 9131
8373 8747
7395 7746
8259 8930
7466 8075
3215 3629
4136 4750
6306 6661
6253 6858
2334 3001
2504 2915
6396 6743
1322 1926
8501 9114
5599 6000
8432 8772
1342 1930
3530 3964
354 986
1201 1547
3452 4039
2510 2933
2319 2994
8207 8882
2103 2697
6196 6794
6329 6776
4406 5111
1154 1600
5337 5659
3335 4037
2157 2729
113 692
3112 3822
258 964
8266 8845
5424 6137
3503 3941
6218 6790
6210 6798
9336 9909
9250 9967
4237 4674
5271 5703
2231 2663
6174 6862
7570 8000
436 871
5190 5781
397 862
7400 7740
2101 2785
3182 3770
205 536
3086 3803
2190 2651
6441 7164
8330 8799
1517 1845
7518 8070
2285 2612
8390 8732
1274 1569
3484 3911
5598 5893
351 900
2304 3037
1264 1582
7398 7737
8455 9191
1111 1719
6463 7134
4236 4717
7556 8039
1532 1817
2149 2690
8308 8851
3459 3947
5153 5833
212 572
2275 2569
9221 9967
6545 7037
3280 3645
3260 3666
6183 6871
7246 7870
2502 2871
8208 8929
1110 1700
3179 3737
8619 9055
8297 8860
1441 1876
1445 1884
1189 1630
5272 5731
1123 1688
3442 3983
9269 9930
2379 2996
1267 2035
5225 5995
9685 9942
5425 5682
5329 6098
195 960
7550 7802
7474 7732
7490 7748
4149 4927
3310 4064
7244 8028
248 1001
5216 6001
9706 9979
81 834
2048 2836
2473 2748
1405 1643
7643 7885
5360 6119
6258 7013
8573 8810
268 539
8211 8969
7579 7808
5422 5683
1521 1775
6613 6900
5478 5700
6405 6689
328 623
8369 9110
3577 3793
1178 1968
218 1009
3346 3647
504 725
9678 9955
1219 2028
3432 3672
1480 1785
6223 7035
7341 8089
7210 7967
4367 4666
3142 3952
4228 5042
6364 7147
490 733
4203 4947
8254 8967
4301 5108
3493 3742
3279 4084
8347 9127
9480 9781
2244 2950
61 895
4445 4639
5474 5664
5458 5654
1449 1773
8207 9035
5224 5934
2221 3051
2319 2633
2350 2665
2393 2590
448 647
4341 5042
6541 6853
1458 1786
6522 6706
2287 2982
3363 3689
5127 5964
4491 4800
5168 6014
4319 5008
5290 6117
8568 8744
9475 9810
3558 3765
1383 1588
8327 9171
5262 6106
5350 6066
2312 2654
8623 8951
474 643
1078 1898
8240 9069
8338 9164
5479 5689
9625 9927
2463 2752
5143 5960
8478 8830
2425 2585
492 652
2218 3018
2267 3002
2056 2922
6281 7146
387 742
4104 4973
2368 2598
1120 1798
1532 1690
279 625
4418 4645
2183 3055
6495 6710
2108 2896
2434 2796
1102 1825
8312 8983
3188 3845
1303 1637
5195 5945
8504 8779
9558 9762
7653 7825
7505 7718
135 1008
6341 7100
1054 1893
5383 5756
8619 8912
7174 8058
1450 1750
3106 3932
4252 5091
5231 5904
8289 9185
4483 4611
7188 8084
7541 7927
4506 4633
9630 9757
8543 8924
6613 6742
231 867
2117 3008
6573 6699
2228 2876
8428 9061
3119 4006
3075 3977
86 989
4126 5008
8245 9147
1381 1770
3471 3584
2461 2578
3549 3660
7437 7836
1207 1829
8410 9032
7484 7855
9689 9802
5509 5649
6200 7085
6601 6748
2126 3030
5299 5929
1225 1877
2086 3000
469 587
1320 1672
5159 6022
5130 6057
7497 7917
7614 7706
8614 8706
6458 6812
7510 7921
509 596
1091 2026
4468 4829
1251 1865
4271 4868
5477 5838
7538 7897
1487 1635
9532 9873
5465 5876
8667 8821
7640 7798
4407 4760
1525 1605
5626 5704
7201 8083
1313 1682
2269 2921
5244 6089
3468 3641
6518 6848
2507 2675
3521 3705
8378 8962
3091 4015
8611 8734
3185 4047
3179 4053
3362 3741
2508 2675
471 535
2309 2757
1392 1713
12 974
1377 1698
1210 1913
2352 2803
7630 7690
4244 4945
8383 9078
1148 1974
8374 9085
2550 2621
8212 9183
5537 5741
8450 8910
6489 6807
9657 9847
7280 8126
8195 9165
2282 2852
272 735
8271 9118
3124 4069
8425 9019
425 637
7336 8061
1033 2012
3328 3798
5206 6016
4205 5050
9587 9899
6193 7145
3541 3596
8563 8874
4164 5017
6372 6917
4276 4949
4547 4646
9575 9857
4530 4692
1139 1941
6417 6903
5184 6055
8240 9175
4204 4996
9526 9950
9561 9905
7583 7799
6435 6858
63 982
1170 1915
8304 9115
6292 7039
1175 1916
8261 9129
8585 8804
6235 7092
35 972
6537 6758
1167 1919
304 704
6296 7016
5282 5968
312 714
275 737
7232 8115
7370 7997
6468 6835
8347 9068
182 846
7561 7792
2426 2691
475 545
5156 6110
9700 9758
8446 8965
458 561
3135 4035
4421 4792
8381 9024
1301 1771
4170 5044
4514 4700
4491 5515
4643 5666
33 1058
6563 7584
6596 7616
2259 3284
1018 2034
2150 3183
6941 7956
6242 7273
995 2031
6211 7246
7162 8183
2866 3900
6713 7720
4233 5275
259 1297
4892 5897
4166 5203
2711 3714
739 1780
4127 5127
287 1285
462 1492
6611 7631
6648 7655
2397 3455
200 1258
857 1914
5025 6021
412 1465
2930 3924
6614 7678
6952 7938
6773 7774
698 1681
2854 3848
8387 9452
2435 3500
6912 7984
4631 5670
6446 7455
8867 9872
4234 5305
4410 5385
6505 7517
2051 3127
125 1093
7001 8032
4604 5573
8634 9600
8615 9629
4797 5766
4816 5867
4707 5727
9021 9984
4596 5577
6598 7672
8362 9365
8666 9627
2814 3772
6731 7689
4765 5854
4641 5733
6390 7346
846 1802
4850 5812
7064 8158
4528 5623
8462 9545
7027 7993
4896 5994
4475 5431
6326 7418
224 1197
8298 9255
5106 6079
4951 5914
421 1515
723 1667
6358 7302
2425 3368
896 2001
2861 3967
628 1574
25 1098
2569 3674
5041 6114
6679 7747
2275 3254
504 1454
7105 8087
4658 5733
6192 7272
2813 3749
90 1024
6473 7444
8366 9456
4458 5429
4743 5863
953 2009
2356 3413
6921 8044
2514 3509
419 1483
4856 5777
8919 9915
312 1352
8953 9865
7115 8123
485 1431
4178 5158
4113 5221
508 1417
3003 4046
8301 9237
7142 8095
8487 9564
39 1115
2580 3690
817 1871
5045 6090
8399 9392
77 1074
6948 8101
2913 4064
8226 9377
448 1348
2849 4004
4262 5155
2701 3592
8325 9219
6902 7793
8328 9216
836 1997
4288 5193
710 1615
7124 8029
2309 3470
6626 7534
497 1404
4444 5586
2252 3164
2147 3315
4663 5797
8278 9412
390 1301
4281 5165
197 1107
4799 5672
2650 3789
8877 9786
931 1851
6403 7579
2833 3976
6347 7250
178 1067
6671 7828
4243 5135
2572 3730
772 1946
6833 7727
8936 9800
6635 7499
8302 9420
4936 6122
6897 7762
6767 7883
945 1815
8273 9462
7143 8012
201 1125
7055 7971
5087 6003
8821 9944
442 1303
8731 9910
18 1187
4812 5757
4320 5201
6335 7181
8584 9531
8576 9525
8854 9763
2824 4030
4405 5507
2372 3570
4522 5404
175 1048
6767 7895
4500 5420
3029 3948
2864 3978
2452 3374
2438 3388
4135 5276
8759 9867
2361 3463
8877 9747
6528 7486
4820 5739
7106 8061
4469 5557
4931 6018
3049 3880
6969 8187
8819 9904
968 1804
8899 9734
6203 7421
7116 7947
1002 1837
4608 5834
555 1767
85 1177
2742 3707
8407 9240
4498 5442
8858 9803
10 1241
7045 8017
607 1674
4422 5520
6974 8169
4231 5200
151 1103
8606 9542
8862 9798
4108 5335
6482 7561
6985 8082
6928 8139
4162 5273
6712 7907
6978 8094
4495 5458
4121 5369
8515 9633
6391 7185
8550 9601
6393 7198
4440 5552
2987 3907
8474 9715
7086 8004
6475 7584
8926 9778
2682 3735
6220 7329
6887 7689
2884 4011
4472 5527
63 1229
2657 3733
6154 7423
2887 4018
782 2040
5059 5940
2509 3380
4943 6069
2324 3566
654 1650
8885 9800
6737 7852
2842 4069
529 1809
2859 3624
9044 9815
2843 3608
4128 5414
6173 7451
8388 9676
4559 5318
4778 6051
4540 5302
45 1319
6893 8166
4811 6080
6332 7600
158 1427
2860 3617
4261 5544
413 1170
4322 5613
6224 7488
6410 7192
6328 7594
4496 5250
4096 5395
2360 3118
8276 9538
2827 3602
6571 7345
6925 7697
4142 5426
4255 5506
4944 5709
2368 3167
3037 3778
2482 3245
7061 7818
7113 7913
4614 5927
72 1385
8989 9790
8490 9228
6633 7360
917 1724
420 1166
6944 7691
550 1805
332 1121
342 1144
4834 6093
2273 3534
2233 3478
2639 3967
4153 5384
2665 3931
8290 9552
4478 5194
9206 9922
7149 7897
8336 9638
2314 3133
6199 7424
2400 3159
2758 4095
25 1315
2708 4014
2326 3116
178 1422
4504 5285
1023 1726
6657 8005
2557 3259
4733 5947
6850 8069
8302 9510
7097 7920
1017 1712
7117 7815
154 1489
8536 9236
9207 9915
8659 9374
4224 5582
9016 9846
6892 8099
51 1379
6180 7541
4876 5725
4860 6062
4649 6011
6625 7351
9212 9898
978 1675
4374 5197
4780 6135
6976 7708
8433 9645
6430 7233
6590 7390
8258 9507
2270 3516
4622 5996
2357 3158
252 1432
7154 7830
3061 3729
752 1941
2115 3366
348 1082
130 1508
2232 3536
705 1960
8574 9239
8805 9999
8550 9227
2255 3489
4628 6011
2483 3267
7087 7901
3025 3747
150 1509
2153 3359
2543 3225
2693 4083
2841 3681
8395 9651
6175 7526
7059 7914
4675 5945
6817 8157
4632 5989
5046 5832
8192 9600
9082 9978
636 2044
7167 7806
327 1219
9020 9913
6423 7314
9214 9848
2840 3743
2650 4050
9163 9795
4239 5381
2894 3806
7078 7735
8361 9531
485 1142
76 1497
8319 9705
8499 9381
16 1415
7048 7711
6367 7494
8450 9369
2833 3725
894 1761
9210 9829
8511 9376
8403 9587
6641 7249
706 1890
6711 8087
8489 9352
7051 7721
4261 5382
6788 7968
4495 5163
6597 7264
6237 7672
143 1322
344 1264
40 1408
906 1571
2267 3440
9176 9844
3038 3698
6611 7294
117 1499
827 1684
2349 3228
4958 5871
4160 5617
4351 5451
2878 3723
1011 1604
562 1931
6147 7610
8222 9636
7134 7780
949 1551
2643 4073
9149 9735
464 1130
977 1645
8991 9890
2893 3824
6774 8139
9186 9823
6502 7384
825 1785
5016 5720
2547 3120
6357 7441
6287 7499
729 1823
9098 9794
721 1816
2689 3915
6277 7503
559 2021
2571 4032
6289 7517
2193 3420
8668 9233
2146 3503
2130 3487
736 1839
6881 7985
6372 7476
9064 9919
4264 5503
355 1210
2532 3134
107 1463
6280 7509
4990 5795
7009 7868
235 1333
6472 7336
2500 3108
351 1215
2640 4017
6915 7904
566 2002
4300 5418
4361 5344
8656 9274
186 1360
930 1614
6300 7537
6466 7340
676 1867
621 1922
2923 3739
2050 3571
9150 9804
9146 9801
4361 5370
2638 4027
503 1026
166 1374
4193 5529
7125 7726
6822 8026
2051 3583
923 1636
2867 3788
209 1745
2378 3914
868 1381
241 1776
6165 7700
8817 9331
8758 9269
6514 8054
6251 7789
6321 7862
8266 9794
8350 9878
4465 6008
598 1119
9071 9573
4595 6143
4740 5257
8996 9513
2909 3411
8768 9294
6621 8141
7136 7666
9165 9694
4828 5322
2194 3722
491 2033
4914 5416
8475 9989
6691 7228
6703 7182
82 1654
2064 3637
8771 9318
177 1687
6202 7708
7127 7664
6967 7454
818 1304
8331 9889
754 1246
7042 7598
4490 6054
951 1434
152 1717
918 1467
323 1901
2875 3348
937 1414
9168 9696
4819 5345
431 1948
6690 7190
4117 5667
5079 5601
8335 9911
2142 3686
6294 7854
2065 3624
9174 9709
2754 3326
6228 7786
6770 7245
8257 9854
247 1718
6617 8091
6308 7904
2511 3978
28 1625
4620 5194
6298 7900
335 1801
6529 8134
6969 7550
6980 7437
8376 9970
8873 9465
2876 3437
2917 3377
3031 3458
4201 5695
210 1668
612 1075
4814 5270
8351 9927
2240 3737
2379 3858
4102 5724
6728 7190
4686 5136
6338 7842
531 1138
4247 5878
529 1136
594 1073
2282 3721
23 1651
4372 6012
2263 3775
2740 3294
6923 7521
6302 7925
2517 4025
6342 7850
6495 7987
2337 3918
8200 9831
2158 3614
2826 3450
2392 3881
2506 4025
2170 3599
4594 6020
243 1668
822 1345
8944 9353
2054 3708
2193 3822
202 1611
9203 9584
2292 3703
515 1159
787 1430
6843 7229
41 1698
5011 5400
4298 5702
2288 3709
6957 7613
66 1747
2645 3268
2883 3538
6225 7874
8776 9437
2687 3306
2656 3320
5085 5445
432 1832
7088 7467
6861 7249
2830 3474
4805 5208
942 1328
429 1843
2594 3261
2858 3509
8613 9989
4453 6084
4777 5131
2285 3663
4905 5514
7060 7472
994 1350
8761 9375
2872 3486
2205 3642
2167 3792
4863 5205
4636 5296
940 1281
4393 6023
4286 5646
2438 3894
5103 5471
6587 7945
8927 9323
2707 3110
121 1742
2125 3829
8995 9627
4730 5312
9017 9605
894 1475
6268 7874
2472 3944
4798 5246
4391 6118
598 1175
2546 3891
511 1850
558 1259
9148 9595
999 1312
6370 7717
6733 7301
4117 5853
203 1537
7121 7453
6882 7212
3064 3382
5113 5430
6302 7761
2419 4003
2771 3074
6886 7223
2732 3197
8365 9855
6820 7286
4554 5913
5028 5490
6842 7277
331 1948
2577 3273
24 1729
2577 3275
3051 3376
7153 7469
679 1147
526 1234
4665 5351
6204 7906
6195 7917
8234 9973
4343 5655
5058 5410
743 1029
403 1904
6283 7790
11 1774
2597 3267
668 1146
2132 3762
6469 8099
4219 5788
9097 9569
4586 5890
2321 4088
4521 5954
5035 5447
6389 7705
4866 5615
2941 3472
172 1601
3004 3404
4423 6070
9211 9482
8212 9958
2861 3551
9208 9482
839 1460
4296 5692
6508 8089
6217 7871
4924 5578
7013 7570
2360 4032
4339 5643
8394 9779
2866 3529
6203 7872
9195 9495
4216 5764
588 1200
4830 5155
676 1115
2783 3104
4171 5963
6180 7973
4732 5502
4970 5224
4941 5198
8721 9493
378 1662
8644 9921
4975 5226
7120 7382
2812 3573
6485 7772
4324 6127
2366 3634
60 1841
6733 7491
2940 3186
6298 8085
6892 7651
7054 7326
8813 9597
6864 7617
6660 7440
615 1394
3022 3286
5059 5338
4299 6102
187 1958
4549 5851
9055 9343
8521 9835
4360 5674
361 1610
2458 3774
724 1520
4534 5778
2846 3131
8861 9659
4950 5232
3036 3323
8645 9965
2063 3878
8963 9258
6164 7998
372 1624
4753 5565
7139 7374
152 1975
6606 7934
6524 7759
4734 5453
6508 7768
2992 3206
2264 4079
2268 4068
3041 3289
2719 3493
6859 7664
2905 3097
6552 7896
7118 7310
6266 7992
7043 7366
4246 6097
6821 7662
4581 5801
4784 5629
6303 8143
577 1296
6258 7971
8560 9763
2969 3274
519 1363
6228 7936
297 1661
4790 5600
4744 5599
2490 3811
7000 7170
2978 3321
6533 7902
8596 9928
4296 6036
2165 3883
794 1147
9034 9259
8896 9635
2185 4074
927 1276
8968 9324
4958 5177
9022 9302
6377 8064
4889 5235
2109 3926
46 1861
8493 9792
393 1764
9009 9308
8971 9339
260 1652
2220 4060
4723 5378
8456 9849
2956 3326
2277 3985
2219 4063
6765 7448
2463 3817
455 1713
6786 7674
6719 7495
6919 7294
479 1699
7164 7299
4783 5423
8617 9768
4967 5348
4873 5260
4275 5940
9046 9438
910 1055
2564 3478
131 1808
7009 7413
4120 6030
4735 5606
4140 6070
7070 7172
195 1881
725 1358
5096 5236
4336 5996
957 1059
481 1601
6878 7551
2268 3965
8596 9782
2137 4091
6351 8044
4955 5368
4934 5349
4971 5326
2307 3755
2556 3668
2068 4028
4294 5998
6559 7733
6485 7935
393 1570
6623 7795
2064 4029
6208 8174
8828 9676
8974 9406
2613 3460
417 1555
4337 5957
2522 3694
4809 5501
6449 7813
6362 8046
4417 5879
6348 8059
6940 7339
6738 7662
944 1037
8872 9494
6723 7555
4816 5394
8984 9434
4531 5751
2644 3473
2807 3378
2875 3324
2056 4033
2999 3195
2743 3451
2519 3611
6638 7714
681 1380
4572 5651
8 1991
919 1095
603 1419
968 1050
4357 5846
1003 1085
9051 9356
589 1429
8481 9977
2573 3540
939 1137
2273 3898
6960 7403
6436 7935
3046 3130
746 1334
6564 7801
8811 9609
184 1882
489 1547
4926 5341
714 1326
4479 5787
4295 5922
362 1676
6846 7513
9107 9339
2941 3220
6958 7360
6255 8065
2956 3170
2566 3560
4684 5539
6326 8006
300 1756
2929 3203
2210 3920
5089 5138
2084 4055
144 1892
6727 7601
6872 7471
6552 7791
4206 6038
3012 3132
876 1173
4698 5536
4709 5534
606 1442
8573 9856
2903 3241
5118 5120
6585 7750
2148 3995
199 1848
6116 8164
4428 6476
872 2921
92 2141
1695 3742
4327 6373
4582 6629
1107 3159
4987 7038
1101 3141
5638 7694
5986 8043
1309 3351
1820 3857
4183 6232
4650 6693
318 2350
4973 7036
139 2200
5976 8011
4232 6299
237 2299
5209 7234
5555 7599
583 2649
1500 3523
4171 6250
389 2468
1144 3163
1647 3659
1014 3024
642 2724
6050 8075
991 3060
455 2538
5803 7812
5130 7226
4656 6656
216 2281
6069 8068
5840 7905
1403 3400
5207 7267
5861 7888
1117 3176
169 2207
255 2247
1514 3539
4699 6754
1412 3513
1580 3601
313 2311
571 2564
1184 3231
4766 6817
1687 3796
1855 3963
4536 6654
5944 8049
6086 8079
1230 3202
165 2283
4257 6385
4526 6654
693 2789
4919 7015
1584 3682
317 2414
5498 7470
675 2805
1703 3838
5668 7807
267 2384
5912 8003
5125 7259
5171 7276
5646 7790
422 2503
1769 3724
4376 6527
1834 3906
5139 7291
5455 7462
84 2110
4920 6994
1849 3922
1659 3600
4278 6365
4468 6427
5233 7169
913 3042
227 2192
1083 3151
1405 3336
5302 7361
270 2422
1295 3446
214 2223
5355 7313
361 2323
5121 7291
4938 6961
1132 3095
1440 3547
4761 6884
4371 6509
5633 7807
5126 7288
5993 7959
1424 3345
4578 6499
5673 7851
667 2591
4536 6461
1940 3859
396 2308
6059 7970
5102 7015
4921 7090
4742 6667
5921 8111
1021 2931
5662 7824
322 2509
1688 3607
4843 6778
1548 3736
610 2806
1020 2920
2042 3951
5743 7928
796 2955
174 2105
5057 7001
5419 7602
1812 3983
848 3020
907 2839
4522 6455
5884 7774
516 2727
4111 6315
670 2617
4750 6694
1753 3696
1005 2887
4474 6608
5892 8111
540 2743
1922 3881
4944 7136
878 3039
5799 7701
4309 6246
5589 7523
4497 6438
4910 7062
5604 7516
1951 3879
958 2823
4588 6487
1607 3836
854 3050
4412 6528
4640 6813
1013 2891
4525 6510
4887 7121
4665 6897
4292 6156
5665 7912
1398 3519
5589 7455
65 2189
1979 3957
1333 3579
1438 3409
1871 3968
4521 6521
4902 7159
2024 3897
1953 3958
4757 6732
1765 3644
1334 3564
5044 7018
370 2477
5351 7174
369 2454
851 3001
1812 4095
4170 6308
4351 6159
1938 3939
5660 7915
4988 7051
4276 6221
490 2323
1985 3896
4449 6555
1836 4054
5911 8173
4439 6231
1398 3191
1362 3152
5171 7473
943 2731
840 2636
4870 6658
4651 6956
4869 6668
1028 3342
1885 3665
4736 7053
5652 7962
622 2912
518 2838
1325 3132
4787 7073
4453 6262
415 2185
1011 2789
4553 6367
5188 7507
4360 6162
5729 8058
5321 7634
4680 6996
1197 3504
1966 3763
1798 3608
6019 7837
385 2207
1665 3998
720 3056
4513 6275
1818 3641
1393 3157
391 2209
5238 7505
4623 6951
5135 7461
1962 3716
4664 6934
5142 7481
1485 3325
6055 7831
5179 7434
5499 7242
4223 6477
820 2567
672 2963
1503 3308
4720 6980
828 2568
23 2338
4937 6782
5604 7379
568 2831
5070 6905
871 2655
111 2390
629 2895
724 3054
5027 6815
398 2227
5592 7320
4235 6603
936 2794
4480 6338
5166 7532
5485 7205
5653 8031
4111 6469
342 2077
5304 7668
4386 6252
2016 3760
4341 6564
426 2302
5320 7580
5917 7753
1730 3990
1056 3445
1255 3505
4403 6245
4961 6710
5157 7538
4612 7007
2009 3714
4957 6657
1957 3832
36 2372
5151 7549
4298 6569
4912 6740
711 2979
4922 6751
4336 6551
1640 3841
745 2947
282 2161
4890 6775
4320 6542
5400 7286
5075 6819
610 2834
4471 6151
4751 7167
1280 3187
1606 3889
4234 6653
4467 6155
5490 7179
1463 3276
5645 8049
5845 8104
1356 3276
911 2574
5836 8013
1213 3385
6038 7710
5075 6745
1372 3281
4558 6209
1942 3589
4965 6902
4315 6479
863 2762
5631 7271
5363 7530
4874 6800
599 3021
1553 3979
4199 6652
56 2469
4397 6287
365 2254
4957 6910
1213 3352
4345 6492
730 2943
320 2278
1260 3397
1488 3194
4999 6700
4526 6149
1987 3688
5480 7365
916 2618
4552 6247
134 2345
4877 6818
5507 7219
5791 7982
5955 7921
363 2265
30 2476
1788 3919
5184 7667
5499 7372
4626 7083
880 2763
5267 7471
1709 3856
4634 7077
56 2439
374 2230
763 2874
967 2565
5750 8114
5389 7369
609 2983
860 2714
1198 3430
454 2059
651 2885
1166 3423
783 2782
4807 6931
428 2168
5884 7979
5886 7974
1631 3975
115 2474
971 2578
4378 6339
1221 3358
1174 3400
5673 8183
1934 3694
4802 6946
1888 3712
5158 7623
653 2927
1874 3761
5145 7674
5891 7911
286 2296
717 2858
5362 7450
5452 7333
981 2622
4210 6558
6093 7713
741 2827
5080 6696
655 2942
4542 6223
36 2518
5152 7635
1571 4048
5005 6776
377 2177
5146 7650
4373 6381
326 2237
5728 8092
4417 6333
4945 6481
872 2408
622 2159
1192 3755
1046 3602
975 2504
1594 3122
6130 7675
5635 7178
579 2121
4853 6398
1510 4074
5098 6630
405 2968
47 2594
5857 7404
1933 3458
101 2676
334 2909
855 2369
1962 3517
5237 7788
1515 4082
1728 3289
4313 6851
4413 6951
4194 6782
875 2422
921 2439
4524 7052
565 2069
4488 7082
5169 7699
1321 3853
399 2987
6072 7581
4130 6663
560 2070
1699 3205
1997 3562
1136 3671
4721 6230
1973 3485
4337 6872
659 2238
5628 8145
1931 3492
5512 8103
190 2705
6064 7554
5666 7185
5958 7537
4980 6467
831 2311
4531 7048
1279 3779
1672 3254
1650 3122
1827 3426
1846 3447
5460 7958
299 2926
6064 7669
823 2427
515 2127
454 2954
5276 7890
592 2078
5648 7263
1079 3704
5198 7681
533 2119
5783 7362
1273 3756
4935 6418
1772 3252
5570 8088
5516 8144
1124 3642
5591 8117
1079 3666
5250 7911
5680 7254
4326 6784
1818 3442
4463 6918
663 2301
38 2636
5752 7186
553 2115
576 2091
265 2917
583 2088
5220 7702
4871 6515
1875 3367
542 2153
1075 3659
111 2581
1086 3651
2038 3467
5832 7349
4537 7111
701 2242
5234 7693
416 2848
1595 3257
5798 7205
885 2545
240 2677
5710 7368
790 2449
1661 3317
5973 7647
1735 3149
6021 7438
5634 7310
339 3038
4437 7128
5893 7560
128 2576
4796 6189
873 2555
85 2759
1041 3715
309 2982
5034 6462
820 2464
1558 3203
109 2805
539 2179
5796 7230
1006 2420
487 2939
4466 7148
5464 8184
5718 7412
774 2469
4500 6960
4331 6734
4427 7148
1739 3171
5116 6484
5328 7803
4894 6578
2021 3401
4318 6769
1357 4092
5279 7725
1976 3340
354 3030
4927 6539
989 2408
733 2155
59 2700
2030 3417
5420 8084
1877 3565
5966 7671
5360 7757
4529 6924
1110 3816
5305 7686
6104 7527
5411 8160
4765 6238
4430 7053
5084 6424
4156 6906
37 2797
1746 3103
1052 3793
385 2897
5636 7380
1872 3461
4595 6949
6052 7539
4376 7119
955 2403
4243 6731
4806 6175
4775 6269
6140 7457
1529 3876
5307 7782
5436 8162
4235 6741
4452 7046
4613 6368
5744 7317
1614 3239
1754 3121
4159 6867
5379 8174
4744 6264
5865 7193
5754 7307
609 2195
4646 6356
427 2904
6126 7448
6132 7426
94 2728
5051 6476
5215 7847
4516 7005
2037 3343
4119 6893
530 2284
648 2441
5149 7966
229 3041
5805 7593
5817 7612
425 2735
79 2888
1254 4078
4426 6722
6067 7354
4992 6283
6047 7316
925 2198
4813 6593
5489 7805
5924 7208
121 2932
4226 7052
4528 6847
1777 3582
6113 7406
4492 6813
1047 3843
5817 7597
437 2721
891 2158
785 2052
4947 6213
5297 8102
1849 3105
1599 3366
337 2635
4221 7014
5039 6323
1119 3905
1198 3982
4128 6913
4688 6516
4409 6675
4181 7033
5856 7628
5106 6366
4999 6312
1956 3211
4389 6666
570 2315
1832 3098
5798 7573
1313 3605
5150 7978
5546 7839
5047 6273
5486 7767
1921 3259
4138 6929
604 2407
4398 6674
4800 6652
5445 7800
5409 7711
4903 6168
5220 8027
4462 6703
1896 3114
574 2429
6103 7316
6107 7325
5612 7844
5852 7572
4513 6888
4133 7020
1321 3682
4698 6417
541 2381
5852 7565
1939 3265
4772 6647
5123 8023
1998 3226
1968 3300
4520 6909
4112 6982
6123 7347
939 2291
4339 7081
1866 3094
587 2327
5438 7779
4488 6870
1098 3861
4174 6958
630 2326
5138 8050
5377 7777
823 2133
5531 7929
893 2078
1752 3517
5973 7219
4271 7112
5103 6279
891 2066
5793 7627
4104 7012
688 2496
276 2662
5368 8074
4987 6152
1131 3864
216 2989
5912 7278
1982 3271
1741 3511
6136 7298
387 2815
352 2591
1342 3649
1087 4031
5949 7353
4567 6738
4867 6278
4995 6148
4634 6546
5192 8130
4389 6824
1452 3618
5283 7981
5850 7498
4499 6659
496 2660
1920 3093
360 2802
869 2302
6088 7253
1298 3727
4811 6507
788 2229
5877 7508
1940 3126
429 2575
1149 4062
138 2862
22 2995
1490 3701
1683 3387
6 2986
5333 8056
5264 7999
503 2648
6120 7256
5962 7416
257 2739
4857 6474
908 2104
5620 7744
5875 7495
959 2057
1703 3345
1329 3718
813 2202
1842 3205
953 2052
402 2605
1049 4057
748 2349
228 2853
4224 6977
5731 7585
1125 4000
5274 8031
4476 6842
1723 3453
1932 3140
4906 6368
705 2314
1127 4012
5926 7402
78 2946
4959 6290
5961 7300
5761 7503
2025 3129
4551 6679
5142 8135
1332 3814
1282 3792
4585 6714
1765 3382
1033 4058
522 2526
5183 8171
4238 7003
6141 7211
4821 6403
5095 6192
438 2657
4363 6867
567 2542
4794 6496
5219 8121
5092 6206
6017 7258
657 2378
4508 6727
506 2598
6059 7287
877 2226
4673 6561
13 3053
479 2623
5504 7778
4539 6744
6044 7295
6137 7197
5916 7418
5839 7465
29 3067
4446 6840
1538 3562
5941 7389
1655 3485
1076 4056
6078 7250
330 2727
626 2460
407 2681
1597 3538
6068 7259
185 2891
4217 7050
1193 3933
4447 6826
1371 3756
4831 6439
1577 3537
673 2395
1630 3490
1639 3483
4332 6928
4824 6436
4198 7065
5193 8118
5063 6200
1373 3746
4874 7946
9 3081
4451 7523
1116 2143
1740 2767
992 4067
1330 2359
4911 7977
1782 2814
1660 2676
1527 2555
1847 2872
1760 2800
4960 8048
346 3403
4581 7670
1428 2434
739 3834
1148 2151
2022 3066
2015 3009
130 3229
1626 2680
4993 8098
5558 6549
5780 6839
5568 6629
5185 6244
5388 6442
5365 6354
5173 6172
115 3162
5678 6663
1330 2331
227 3279
4932 8041
760 3784
208 3296
5981 7021
4518 7575
5439 6413
655 3773
5532 6575
1015 4035
1286 2355
5562 6543
4146 7175
5804 6811
66 3192
5374 6341
1534 2501
5069 8178
5616 6576
5755 6715
182 3319
4556 7566
1340 2431
5486 6442
6074 7166
1490 2453
4882 8024
1887 2837
14 3136
5615 6560
1298 2370
1632 2609
1061 2164
5792 6898
718 3740
1646 2617
114 3109
5939 7012
2034 2986
2004 2958
5354 6320
1208 2276
1999 2961
1939 3020
1235 2188
5102 8113
4712 7688
5341 6334
1414 2529
5914 7026
4797 7890
4888 8055
1347 2353
4897 8019
5958 6965
1099 2111
897 4089
1425 2539
1755 2721
4936 7988
838 3897
5683 6732
1923 2819
4459 7659
1789 2681
5365 6256
183 3121
5432 6590
6124 7019
5164 6315
1802 2946
5085 8020
238 3172
4660 7870
4434 7646
4287 7218
1714 2621
4355 7564
480 3440
4302 7262
1978 2856
4977 8162
853 4038
857 4042
190 3117
4182 7363
1579 2749
1889 3063
4622 7832
4256 7224
1408 2328
137 3090
1946 2817
6062 6963
4967 8186
641 3615
5401 6535
5055 7969
4786 7725
749 3698
573 3746
5618 6480
5578 6511
1475 2405
4268 7173
1751 2686
5475 6602
15 3238
1350 2540
985 3959
4432 7679
4137 7302
4942 8191
4172 7422
1123 2256
1897 3036
5225 6366
4603 7500
532 3757
662 3627
1094 2182
5202 6291
832 3969
5596 6429
5652 6870
734 3613
1960 2924
1478 2304
4107 7363
1441 2410
538 3798
5023 8017
1792 3022
5674 6906
5038 8063
6005 7076
5126 6359
1708 2686
709 3607
4529 7524
1725 2667
1686 2625
6092 6933
506 3360
661 3663
4512 7547
1998 2835
554 3831
8 3286
103 3256
5952 7073
1897 2957
412 3448
5109 7952
69 3235
1543 2785
1466 2397
1004 3851
6077 6997
601 3760
1596 2775
5146 6391
4388 7625
5964 7075
4661 7879
521 3834
5583 6459
245 3084
305 3530
825 4037
5295 6225
5772 6771
4738 8067
1564 2843
1007 3813
1736 3012
864 3692
4966 7786
5581 6336
5128 6405
21 3333
639 3951
5306 6568
6101 6855
818 3622
194 3543
1694 2952
969 3807
5228 6516
432 3240
4510 7303
4350 7652
205 3542
5563 6311
4621 7955
5407 6144
4836 8132
32 3329
5139 6449
466 3318
4697 8062
684 3974
4615 7980
901 3758
1135 2371
4223 7504
350 3185
1065 2331
839 3700
4169 7546
6043 6830
5432 6157
5630 6347
5616 6342
1420 2235
4335 7636
5299 6536
278 3115
350 3168
4966 7768
858 3685
4898 7778
5370 6586
4570 7323
1279 2493
1417 2250
4317 7577
5097 7852
5464 6173
5637 6978
5932 6757
501 3263
1599 2933
793 3667
5736 6948
689 4093
194 3471
5567 6385
5607 6313
5772 7107
1000 3768
5024 7920
6117 6836
1406 2093
4448 7221
998 3761
193 3480
4669 8036
4380 7239
5183 6500
5492 6184
651 4052
4597 7338
2043 2715
6066 6866
5032 7880
297 3145
4487 7396
491 3212
685 4042
1911 2576
1838 2629
4901 7752
5632 7021
5397 6267
4305 7615
5468 6189
5074 7840
1930 2808
1407 2060
394 3327
4842 8092
1428 2284
55 3406
1262 2450
507 3195
5857 7008
461 3148
4574 7260
1754 2905
5983 6876
408 3099
736 3940
687 3882
801 3748
1239 2384
6033 6678
4891 7827
722 3930
4158 7604
5774 6914
5493 6373
4804 8020
81 3520
4541 7215
4358 7315
4847 8057
44 3514
1925 2588
1793 2715
179 3369
4649 8118
5013 7735
4484 7200
5239 6609
1019 3677
316 3220
4783 7943
5856 6987
196 3439
4340 7512
1470 2067
595 4094
1758 2928
5435 6292
4350 7501
4365 7358
4145 7554
6036 6688
5047 7682
222 3433
4416 7415
1013 3650
4155 7555
1767 2910
580 4093
1020 3648
408 3108
1343 2178
1574 2971
5868 6994
213 3434
656 3920
695 3957
5907 6865
4993 7746
924 3679
6092 6664
4888 7900
290 3301
1625 2974
645 3906
4504 7248
4560 7193
6100 6686
5417 6371
4986 7857
5791 6996
4613 8137
239 3362
5909 6874
4492 7235
850 3741
4723 8124
4872 7879
5543 6263
1567 3023
1691 2890
814 3837
249 3373
233 3391
4971 7869
1205 2402
781 3797
990 3589
4405 7401
5888 6877
420 3194
1756 2877
1278 2333
717 3886
4169 7597
285 3320
220 3385
6012 6809
4116 7665
162 3403
5021 7796
1771 2817
5241 6549
5401 6389
1673 2916
663 3943
1851 2766
608 3991
562 4041
5496 6276
263 3322
4562 7215
5696 7101
996 3556
6131 6642
5659 6169
2045 2559
5228 6760
1357 2889
1323 2863
1529 3068
5943 6448
321 3910
1151 2678
4124 7703
5919 6419
794 3350
5997 6497
401 3996
4879 7426
5092 7657
4327 7913
716 3266
1903 2401
990 3535
1076 2597
1036 2590
267 3865
5688 6186
870 3444
33 3634
981 3521
578 3162
4125 7687
1720 2211
4940 7511
1009 3565
1831 2363
588 3180
1025 2592
5240 6746
4370 7984
590 3181
528 3124
386 4007
1266 2773
1766 2252
73 3683
371 3929
4344 7893
5256 6822
688 3231
6058 6554
608 3153
4266 7833
5974 6498
4788 7297
5740 6233
6125 6619
1622 2144
4461 8026
1868 2427
954 3469
1200 2696
830 3330
155 3751
634 3141
5352 6825
1467 3070
5792 6374
1590 2161
294 3937
797 3412
5027 7658
4710 7210
4297 7813
5560 7157
4248 7894
4368 8030
5823 6382
4771 7409
446 4076
6076 6639
847 3356
1478 2962
4955 7438
619 3134
4858 7343
4459 7997
5819 6381
5614 7095
1176 2756
1086 2656
1023 3489
362 3893
5361 6803
5642 6248
50 3665
1290 2926
6080 6566
544 3144
172 3780
1016 3473
1524 2973
6096 6587
4677 7209
1188 2761
811 3398
1722 2251
2041 2442
513 3186
4464 7939
6015 6410
680 3281
5217 6684
5223 6887
1394 3058
5025 7457
4994 7427
1955 2337
5053 7481
1263 2666
5836 6214
5346 6761
5030 7469
5999 6627
1019 3446
4626 7324
5608 7032
1507 2931
1493 2881
4442 8140
1695 2055
4607 8034
4799 7199
5610 6988
5119 7512
1535 2904
4220 7893
5894 6570
4236 7712
5140 6840
535 3258
6124 6465
242 3679
4301 7776
5177 6807
5715 6397
1583 2176
5595 7018
1583 2204
4984 7627
4397 8090
4584 8016
4862 7238
1598 2180
710 3196
4759 7211
1705 2069
5213 6880
4845 7251
4250 7770
5936 6641
441 3960
1810 2512
1866 2441
5862 6178
368 4021
4123 7901
1502 2838
5358 6695
915 3418
5585 6936
4479 8117
4745 7234
1089 2701
1716 2169
4362 8133
5830 6166
4369 8131
1927 2386
881 3495
4614 7377
1253 2610
5167 6904
5517 7002
5191 6815
5647 6359
4457 8112
758 3117
147 3662
5669 6395
2 3810
1857 2467
5214 6844
700 3160
4403 8151
5804 6216
938 3407
861 3515
1644 2180
1831 2508
4306 7743
4391 8137
6112 6416
851 3491
6087 6451
1749 2082
5769 6270
452 3891
5164 6875
5329 6698
4273 7754
4109 7923
229 3611
5897 6153
1059 2851
4755 7571
1488 2769
1281 2560
6013 6265
5119 7417
4640 7463
5328 7130
5325 7110
1181 2966
973 3270
666 3466
5698 6483
5584 6849
5730 6513
554 3390
6005 6243
1491 2756
1403 2662
5132 6929
1051 2822
4979 7278
565 3371
5026 7356
5473 6720
6023 6310
1022 3292
1917 2142
1689 2492
4775 7553
5402 6716
4690 7546
5722 6515
359 3662
1035 2849
5195 7008
5481 6725
48 3871
4150 7942
4167 8052
4895 7209
726 3553
889 3137
5124 6973
1755 2530
192 4090
1214 2948
6052 6297
4211 8014
988 3298
971 3317
4704 7519
5101 7378
935 3224
475 3738
4758 7639
1283 2631
903 3265
4909 7275
1776 2486
1413 2755
5033 7393
5992 6177
4642 7534
4447 7698
4121 8009
5979 6154
1339 2670
1120 2871
4432 7688
461 3733
5959 6174
458 3728
5049 7397
4393 7796
5036 7410
660 3572
5036 7373
1508 2693
5188 6950
424 3786
5267 7152
1272 2971
5215 6970
1070 2888
4165 7980
4922 7248
755 3481
1022 3221
816 3164
525 3425
4097 8045
5112 7318
4467 7682
6041 6376
1666 2544
1580 2398
4667 7496
1667 2550
4136 8030
611 3348
5835 6579
4676 7485
1203 3018
4412 7751
1203 3016
55 3915
1893 2072
5261 6925
4280 7992
527 3466
5559 6719
4835 7535
87 4057
1353 2758
6095 6239
4279 7972
14 3995
522 3484
5619 6761
5421 6838
5808 6444
82 4046
4216 8165
5762 6434
1522 2643
5436 6814
4718 7628
1208 2842
127 4061
965 3174
1878 2290
5275 6973
5691 6557
937 3073
1578 2435
5713 6651
4265 7941
4446 7922
406 3640
954 3092
5081 7277
834 3316
4538 7692
5825 6518
5429 6797
4180 8175
4791 7435
1090 2951
5451 6796
80 3991
559 3559
4854 7487
1510 2607
5311 7029
762 3376
800 3313
1844 2278
1971 2151
275 3783
5818 6510
5375 6955
1271 2848
279 3776
1937 2123
5238 7084
4211 8105
4396 7926
4842 7478
1191 2939
5392 6863
207 3886
1740 2351
922 3193
841 3242
782 3309
920 3198
1129 2958
5331 6964
1481 2606
4173 8102
5408 6860
1840 2269
4182 8121
523 3556
1555 2556
1305 2793
257 3827
1413 2678
5707 6589
1979 2124
5067 7228
486 3614
4239 8054
5843 6440
1651 2447
4763 7526
1344 2751
2254 6351
1245 5336
2215 6305
2073 6161
1174 5277
1418 5510
2906 6999
4049 8159
3743 7823
1151 5229
3143 7252
1332 5410
2647 6720
1256 5375
2515 6601
2685 6752
1337 5412
1126 5240
2680 6758
3072 7199
2305 6430
3029 7156
944 5010
1470 5526
2716 6836
199 4334
2557 6615
3623 7692
3266 7411
2152 6234
502 4549
561 4612
3778 7925
126 4166
1517 5588
4039 8188
3420 7522
4080 8142
3880 7959
1545 5705
3288 7321
3401 7435
902 5061
3620 7783
138 4300
3887 8040
3910 7950
2125 6151
3104 7275
1697 5869
1474 5518
2329 6472
2446 6623
1502 5514
3209 7388
2145 6198
2562 6741
287 4422
974 5012
3981 8150
2972 7111
1238 5258
3426 7487
1497 5511
2160 6160
3875 8003
2430 6428
2700 6894
3751 7876
694 4818
3590 7777
3966 7961
2640 6714
2131 6201
1180 5367
170 4295
1247 5298
3496 7622
2772 6843
3082 7290
3436 7452
4077 8093
3073 7282
3023 7100
212 4257
966 5043
679 4817
2211 6363
2730 6866
162 4312
526 4725
626 4617
4053 8110
292 4441
2428 6401
3197 7171
3874 8098
3861 8086
285 4505
633 4860
1696 5670
2138 6364
1167 5128
642 4618
357 4591
3130 7350
3908 8138
1649 5887
2486 6457
1536 5776
3944 8185
1763 5751
1530 5484
453 4445
1935 5908
363 4596
1231 5230
467 4464
595 4855
2513 6519
2738 6676
3619 7812
2770 6779
2553 6480
1728 5738
2835 7096
920 4915
852 5112
2113 6380
300 4481
985 4983
1370 5621
4014 7964
2191 6205
3098 7342
828 5001
2322 6565
1581 5781
2851 7067
585 4851
2977 6939
1083 5248
976 4972
4023 7944
2014 5985
1544 5834
1886 6045
46 4328
2505 6414
2190 6214
2638 6791
2179 6218
672 4715
3585 7882
1048 5332
3019 6939
3703 7847
3398 7574
1534 5423
766 4652
3568 7458
2411 6584
1032 5339
867 5040
2952 7005
3675 7821
193 4118
1328 5608
1645 5812
1482 5395
2225 6251
591 4755
2154 6324
669 4674
2829 7122
1361 5555
3380 7632
3877 8131
1455 5449
2593 6854
3166 7348
3145 7331
211 4152
2613 6873
1150 5265
2328 6647
1390 5535
3532 7485
2605 6879
3096 7404
423 4434
1626 5805
803 5083
177 4168
1339 5179
468 4308
15 4366
1750 6101
1138 5495
3373 7208
473 4319
3789 8138
1577 5921
3730 8091
88 4435
304 4157
3791 8129
2416 6270
1522 5373
3191 7544
1484 5315
2841 6667
392 4251
1262 5627
3603 7947
1591 5933
3208 7572
1016 4837
2198 6539
1331 5166
3970 7836
2183 6553
605 4930
2832 6704
3968 7842
308 4119
2208 6531
1112 5501
349 4218
3558 7374
3088 7482
3468 7334
1880 5747
3087 7460
792 4660
932 4746
3131 7445
763 5077
3808 8144
163 4498
2038 5828
3563 7385
3591 7989
1624 5994
3554 7377
1972 5767
3399 7283
534 4899
2089 6431
1249 5593
2708 7084
3764 8078
1567 5925
3415 7274
281 4134
1716 6027
942 4846
2129 6416
3454 7231
1212 5631
680 5099
26 4435
1902 5671
1311 5206
2498 6286
2061 6464
2874 6763
123 4392
327 4114
3354 7245
3402 7197
2109 6501
1064 5488
1830 5758
512 4953
2628 6942
1440 5371
887 4651
2251 6550
3669 7944
940 4849
1211 5605
1904 5678
3291 7557
191 4575
2614 6999
186 4574
3684 7949
616 4866
306 4184
1227 5543
2582 7034
668 5105
2286 6531
309 4187
2587 7028
623 4894
1704 6106
3460 7414
366 4125
3094 7522
3579 7311
1578 5981
4003 7899
3625 8016
77 4406
866 4638
3845 7801
211 4527
3921 7891
2092 6574
770 4736
2039 5748
2957 6665
3825 8053
3770 7999
106 4577
3295 7506
1909 5883
3083 7557
3903 7856
2029 5757
2128 6592
2517 6208
27 4494
305 4260
2506 6236
2995 6698
1611 6097
767 4965
3243 7473
3656 8151
2857 6792
3454 7388
2083 6529
2330 6332
434 4122
2713 6963
1592 6034
637 5073
2044 5712
2260 6520
2159 6594
2864 6785
65 4592
1991 5749
1730 6001
225 4436
3469 7227
1900 5851
2776 7023
1062 5534
1302 5295
3481 7203
1881 5785
2204 6493
44 4589
2262 6423
754 4912
3313 7475
1367 5269
435 4214
2079 6617
927 4697
249 4401
4091 7730
3766 8060
1294 5317
2181 6478
677 4969
3511 7290
2417 6335
2862 6908
1228 5406
3310 7480
1582 6131
2538 6199
1293 5330
114 4503
91 4542
2466 6215
3291 7486
328 4270
731 4915
1450 5191
3863 7930
1305 5364
259 4334
784 4863
1792 5872
1299 5345
329 4282
3577 7181
355 4246
428 4185
3 4598
1391 5272
98 4507
1967 5717
3214 7540
1268 5384
3372 7378
3425 8035
1718 5300
3557 8166
2289 6901
1351 5955
3954 7543
3450 8060
1738 5324
1987 5573
1686 5265
898 4485
262 4879
650 4227
3676 7254
2305 6923
4092 7671
973 4550
551 4139
1691 5269
1748 5316
3637 7204
3416 8010
1553 5125
517 4113
3114 7740
1775 5366
3804 7366
1070 5684
908 4503
3144 7763
2389 7031
3445 8022
3288 7932
3905 7525
331 4974
3490 8069
758 4305
715 4323
2793 6339
2025 5572
987 4598
3178 7749
1826 5389
1714 5251
1608 5242
667 4264
1819 5416
3192 7758
832 4471
4013 7573
1794 5434
1169 5800
3198 7751
296 4881
2220 6805
512 4154
2232 6787
108 4688
2912 6492
3334 7995
1531 6085
4087 7607
2976 6625
1044 5718
1396 5943
1817 5466
3708 7224
2412 6954
1410 6091
988 4502
3701 7225
1967 5602
2919 6441
2340 7029
1185 5875
712 4253
1879 5377
315 4963
864 4408
3588 7261
2050 6744
2709 6350
3148 7696
2489 7140
3555 8067
2855 6467
3293 7866
1437 6138
2083 6729
646 4333
467 5048
1658 5141
690 4288
1486 6075
236 4761
2336 6998
2959 6646
3034 6560
3386 8000
22 4716
2369 6970
2270 6816
1092 5690
1835 5460
206 4686
204 4685
2466 6947
498 4976
607 4313
1402 6141
2239 6712
1224 5696
2353 7096
3474 7960
1518 5986
112 4861
1708 5154
1383 6134
2806 6254
3536 8008
3416 8128
3961 7653
853 4552
1056 5822
884 4564
1876 5621
1422 5935
3307 7754
495 4939
468 4976
2047 5466
959 4377
1969 5399
3175 7872
2496 7016
133 4654
3593 7333
154 4663
886 4568
1808 5566
253 4691
1310 6063
2739 6145
1349 6134
3934 7659
119 4802
349 5098
4005 7449
597 4329
2473 7017
278 5076
2355 7152
4065 7458
3954 7606
2095 6891
3510 8051
2511 6920
3862 7646
1494 5918
1983 5494
2684 6325
3600 7386
3116 7910
1860 5518
1421 5953
1196 5729
3013 6408
2019 5422
3618 7407
236 4643
1563 5322
377 5034
3072 7892
3783 7187
3732 7233
3388 8170
3053 6452
399 4950
345 4994
1316 6143
2961 6477
142 4690
3675 7303
3215 7762
1060 5882
2960 6512
893 4508
997 4359
3879 7621
2498 6950
919 4466
2479 6986
3866 7676
3660 7332
2246 6700
776 4578
3227 7799
965 4392
132 4714
232 4615
3644 7372
3867 7658
1824 5586
2290 6656
1218 5686
1320 6110
2966 6497
2171 6787
3695 7318
1229 5681
2689 6269
884 4212
2975 6301
517 4359
1726 5563
1966 5289
469 4829
686 4519
2831 6150
3870 7188
3031 6363
1588 5433
3165 8019
1397 5754
771 4115
1380 5750
2184 7066
1202 6048
3750 7605
2798 6653
826 4143
3647 7465
2852 6194
3000 6319
478 4809
1914 5229
3375 7734
1373 5700
2809 6624
696 4515
2467 6846
208 5070
1292 5651
2579 6412
859 4218
1706 5519
2354 6677
2948 6316
3919 7269
2601 6407
230 5076
1496 5866
3 4913
3250 8065
3848 7230
232 5086
98 4949
3752 7568
1653 5453
478 4839
3456 7867
3900 7168
2197 7080
3956 7243
2776 6631
3942 7257
1898 5160
2128 6930
1338 5752
1128 5931
3673 7453
2741 6640
3970 7364
862 4116
2406 6701
456 4739
2923 6181
2228 7163
3249 8161
2241 7057
2763 6553
781 4191
1512 5818
1748 5504
60 4968
3739 7629
2424 6702
2794 6588
840 4112
2481 6888
2604 6519
977 4237
125 4897
1834 5239
728 4486
4031 7391
220 5053
395 4840
3285 8113
3085 8040
3840 7270
1315 5701
240 5014
3283 8116
2227 7124
3432 7695
3188 7965
409 4850
810 4161
499 4767
967 4267
3893 7257
650 4582
1164 6113
395 4838
1249 6030
1513 5766
2001 5280
1554 5473
3526 7858
520 4477
1523 5765
2005 5293
1254 6047
1347 5689
507 4737
1308 5735
3462 7931
3693 7443
3483 7909
3680 7648
601 4571
2187 6920
3639 7604
1680 5397
3826 7540
266 4738
4024 7220
2792 6502
3438 7905
1297 5760
2166 7140
1561 5515
718 4443
2235 6946
557 4535
3184 8172
3519 7715
767 4450
382 4832
338 4848
829 4255
480 4677
657 4404
1986 5227
1275 5969
2271 7023
964 4212
2385 6880
357 4822
170 4889
1192 5919
2661 6610
3948 7381
3894 7311
1037 6065
1619 5612
2630 6534
3338 7881
2045 5176
2250 6916
2624 6543
1970 5245
706 4370
3597 7644
2214 7028
148 4929
280 4815
283 4803
3309 7989
2036 5167
3369 7922
1159 5979
1162 5975
1500 5693
514 4579
2679 6548
3045 6147
1326 5833
2327 6896
3097 8177
160 4937
700 4437
1899 5249
2300 6935
2521 6697
2457 6762
1319 5842
2654 6571
2702 6520
266 4861
1641 5522
2706 6511
1762 5404
416 4703
2645 7760
1652 4721
1236 4306
1617 4695
2237 7351
3803 6865
3731 6808
3494 6570
167 5289
1469 4525
3863 6918
1271 4325
1435 4489
3775 6823
3866 6912
3533 6609
2491 7591
1953 5054
1360 4431
2764 7916
2261 7413
155 5306
145 5296
1161 4267
3654 6756
3312 6355
2456 7612
2301 7384
2229 7326
3587 6696
3477 6585
3671 6778
42 5124
892 5971
410 5546
1118 4202
2174 7242
1859 4982
1566 4648
2744 7822
2896 8038
1307 4387
3247 6294
1140 4174
2970 8097
1253 4315
931 6044
3999 7135
1789 4798
1243 4254
1874 4884
1464 4606
1659 4668
2546 7610
451 5519
1177 4310
934 6121
1947 5064
272 5446
1118 4103
768 5982
4030 7137
3687 6662
1121 4098
3805 6841
3239 6350
1501 4534
288 5452
1233 4285
1400 4375
3167 6191
2759 7863
2600 7771
1773 4766
3902 6987
3965 6922
3189 6157
3859 7022
3658 6708
511 5505
424 5591
2998 7990
2195 7184
258 5510
3011 8005
271 5512
2886 8129
296 5536
1462 4415
628 5885
3240 6179
1671 4619
1294 4506
1594 4782
2583 7810
32 5303
618 5874
1779 4712
3032 8004
875 6135
2870 8107
95 5312
3888 7056
1369 4601
1961 4872
2366 7583
3421 6649
3527 6499
3890 7063
3628 6793
1 5284
1230 4203
3902 7060
404 5438
1592 4754
1041 4283
4052 7033
630 5848
3321 6231
2902 8184
2816 8114
1549 4793
1653 4801
912 5930
4045 7030
2317 7603
787 6060
1106 4242
149 5205
3780 6662
411 5469
3992 6993
2658 7854
1984 4880
1109 4229
1797 5078
1735 4628
3686 6834
218 5132
3171 6324
1721 4718
2324 7619
3371 6643
1563 4803
228 5180
2515 7434
1496 4354
957 5991
774 6108
295 5626
2525 7427
1711 4720
4013 6991
1055 4347
2410 7566
3500 6473
3047 7937
2488 7518
1724 4699
2308 7660
1067 4290
1784 4627
743 5644
1299 4607
2965 8059
1232 4159
975 5951
2537 7449
1100 4284
3777 6705
1340 4557
453 5425
548 5841
1429 4461
1821 5093
885 6025
3146 6327
3649 6844
2781 7715
1546 4852
97 5278
2334 7649
1994 4808
3467 6280
1097 4429
401 5271
464 5334
523 5900
807 5687
2664 8056
386 5264
293 5174
1894 4722
666 6029
1160 4511
838 5713
1459 4260
1737 5072
341 5199
2549 7401
744 6133
798 5635
3059 7918
3249 6572
2999 7849
2722 8125
2535 7367
3835 7133
3052 7882
499 5338
1065 4355
3039 7923
692 6040
615 5962
3833 7113
3973 6837
2086 7446
1195 4505
3048 7898
2510 7420
1856 4724
938 5790
2320 7206
909 5813
118 5455
1952 4762
854 5740
761 6083
1444 4249
2445 7344
1539 4925
3768 7047
2839 7766
3377 6259
3384 6266
2551 7349
20 5462
516 5952
158 5594
752 6071
597 5906
3937 6699
2429 7222
530 5983
1105 4353
1757 5005
819 5735
1690 5071
759 6049
1382 4144
1306 4173
2967 7887
1743 5015
2288 7592
3105 6523
3464 6354
1910 4653
3333 6232
556 6002
625 5935
3177 6454
2820 7771
250 5530
2135 7479
874 5640
560 5970
1734 5024
1796 4707
2261 7613
3250 6618
2900 7741
463 5286
2381 7207
246 5532
3161 6451
3476 6399
1088 4396
2730 8132
2223 7617
122 5386
3529 6328
3515 6346
3890 6725
295 5200
3986 6885
2136 7456
444 5316
1082 4418
2899 7723
181 5576
755 6028
915 5650
980 5719
2253 7496
1556 5010
2668 8164
460 5189
3874 6825
3683 7144
3154 6622
3415 6360
3005 7724
1096 4570
313 5291
3972 6673
556 6074
4082 6757
3498 6197
580 6107
2819 7843
2484 7189
4028 6687
970 5743
2807 8018
1241 4478
4062 6777
1168 4407
856 5872
1102 4583
926 5684
3486 6194
294 5259
4008 6680
1280 4272
2107 7567
444 5129
1945 4652
3003 7694
2074 7599
737 5975
2757 8051
2295 7488
2780 8036
3100 6565
1781 4940
1108 4590
2008 4710
829 5763
3616 7071
2859 7915
1308 4318
4006 6753
2014 4631
3573 6204
3069 7734
1984 4620
961 5645
3115 6631
3277 6400
1275 4404
2490 7285
3270 6420
2321 7362
1012 5664
2062 7643
2810 7983
2632 8093
3598 7131
2669 8120
104 5567
1378 4282
548 6142
3826 6953
71 5531
1356 4241
1692 4930
2951 7769
2920 7816
70 5540
383 5274
3477 6259
2584 8190
1044 4594
627 6041
1129 4484
3552 6160
807 5844
1071 4569
3816 6942
288 5337
3998 6759
3178 6544
3767 6988
2462 7265
1924 4485
1390 4972
3811 6369
3779 6337
1934 4493
2046 4602
1196 4779
2602 7213
2187 7810
1354 4929
3126 6717
1769 4324
3406 6976
1806 4352
4 5643
709 5333
2225 7841
1066 4667
129 5779
1005 5625
213 5824
2391 8001
2760 7390
69 5714
3546 7117
483 6139
1638 4220
2653 7239
2584 7172
2401 8063
2226 7853
3506 7059
146 5808
3847 6437
2162 7761
2642 7287
1156 4769
3439 6986
1089 4711
1368 4991
2409 8001
3884 6404
3980 6567
3064 7637
3567 7105
3606 6182
3636 6149
2566 7220
1768 4316
1828 4368
2388 8032
41 5663
3199 6728
2768 7399
3940 6493
1550 4151
140 5811
2541 8109
1372 4893
1088 4611
1542 4163
3870 6491
1449 5100
1459 5110
1888 4390
251 5821
984 5535
1796 4419
715 5260
3581 7095
2131 7705
308 6008
3790 6274
2143 7698
2500 8073
3334 6985
3935 6414
1220 4759
1869 4382
941 5630
3713 6357
3026 7558
703 5354
2176 7895
1980 4587
3137 6681
826 5476
2868 7530
2984 7624
1031 4708
3497 7114
1312 4932
640 5350
1222 4768
1374 4918
3971 6632
1990 4523
3598 6243
4017 6622
204 5795
3252 6852
2007 4517
3087 6781
3924 6432
3844 6513
3048 7568
789 5484
2414 7956
144 5867
1433 5093
2633 7221
1355 4919
373 5896
1822 4448
1244 4771
994 5475
3488 6945
1182 4637
3569 7026
2432 7939
2112 7877
1701 4130
1521 4984
142 5639
2935 7677
283 6032
2347 8101
1706 4132
3364 7082
3610 6293
2501 8010
3133 6826
3017 7504
2790 7292
1890 4601
670 5122
3253 6677
537 5307
2751 7194
1731 4200
2619 7319
1284 5032
3271 6775
2592 7314
3221 6688
2622 7305
831 5511
2119 7933
1194 4624
2479 7957
748 5207
3019 7536
3103 6819
201 5748
3146 6792
993 5413
2497 7941
958 5498
527 5323
2036 4400
3723 6222
2080 7909
2465 8039
470 5905
2382 8071
2660 7341
2967 7515
2116 7817
391 5960
2139 7819
658 5187
175 5758
3736 6219
2720 7283
2024 4413
1670 4176
4048 6406
3684 6322
1705 4222
2085 7932
2828 7637
1707 4209
1882 4486
2294 7723
3384 7129
3365 7108
3884 6605
5 5863
3216 6770
3330 7142
3997 6521
702 5211
3700 6289
1445 4928
1512 4877
674 5189
1616 4280
1240 4656
3759 6212
2554 7957
3615 6383
3347 7143
3999 6506
3435 7069
2641 7335
2474 8018
3795 6187
3946 6545
821 5576
79 5810
1270 4616
3958 6536
2118 8007
2997 7345
348 5716
521 5376
3680 6506
2993 7357
3387 6709
819 5181
3505 6816
3969 6288
293 5681
2101 7970
500 5870
2459 7814
1183 4992
3575 6869
3802 6649
1784 4573
3390 6676
2346 7681
2671 7491
329 5732
3025 7423
1186 5004
3885 6146
1731 4592
2527 7912
2188 8116
3985 6317
494 5842
3796 6634
3936 6238
3720 6600
2898 7191
2201 8158
2170 7986
2090 8034
1015 5309
2516 7839
686 5603
2003 4225
640 5587
3587 6487
1105 4869
1902 4154
1994 4252
1848 4193
833 5147
1371 4609
2723 7673
1062 4986
3754 6646
1029 4952
273 5711
962 5282
3280 7091
1493 4785
3494 6851
2363 7772
96 5898
3729 6650
3576 6806
1844 4186
1989 4277
101 5908
979 5281
2702 7676
2244 8119
3305 7068
1401 4623
4026 6349
592 5415
4016 6344
1985 4281
1161 5104
3887 6229
581 5433
2975 7394
3727 6411
585 5583
1257 4974
2947 7178
4086 6271
252 6006
1012 5246
1678 4356
3177 7138
619 5600
4072 6244
2134 8154
3797 6488
1887 4302
3574 6759
58 6056
2470 7733
4089 6252
1700 4401
2672 7654
2996 7203
3629 6583
1204 4910
983 5196
1965 4150
459 5712
3147 7127
3539 6735
1150 5091
156 5889
3650 6620
2471 7737
1642 4555
3218 6967
2745 7452
1393 4825
3927 6398
581 5614
2169 8149
1365 4857
2797 7516
2825 7352
4036 6263
3994 6185
3449 6860
786 5287
860 5353
2194 7972
3808 6488
3510 6670
159 5926
1593 4482
2272 8027
3849 6322
1402 4806
1794 4287
2616 7559
2709 7466
2683 7620
1702 4454
3077 7109
519 5574
3143 7044
1284 4801
2631 7553
617 5550
2398 7833
2575 7624
383 5814
1487 4610
3302 6955
1049 5079
1602 4493
1363 4764
1025 5072
2671 7611
3728 6468
1327 4858
1000 5182
64 6039
3047 7231
1376 4794
1263 4917
2545 7722
2027 4151
3657 6548
3512 6745
2100 8149
3525 6689
575 5592
2850 7365
3166 7094
1057 5065
2894 7335
1077 5087
845 5286
120 6035
2073 8181
16 6142
1627 4533
3774 6481
644 5483
2247 7991
496 5632
2945 7280
2156 8094
2844 7400
3160 7072
1217 4923
438 5708
2684 7558
2895 7347
2303 7938
749 5392
1603 4540
2561 4608
2886 4933
3836 5881
2076 4123
2630 4673
881 7032
1324 7463
459 6592
1622 7773
2447 4482
2620 4657
2880 4942
3507 5565
3297 5358
1431 7559
1569 7728
1949 8076
3027 5058
3391 5421
13 6168
1457 7590
2596 4669
2664 4722
1300 7439
3501 5553
3748 5816
303 6450
67 6242
3807 5885
465 6645
3947 5954
2030 8135
4034 6120
2260 4345
3551 5617
2012 8178
1447 7560
68 6260
2132 4197
3219 5280
2295 4291
1146 7247
3570 5572
1122 7252
3261 5259
3540 5603
1895 8028
2296 4292
1439 7586
3646 5759
614 6690
843 6926
1042 7253
600 6672
1519 7591
3613 5719
449 6538
3364 5482
1620 7706
2389 4378
3487 5584
1905 7969
2737 4832
1733 7828
2451 4550
54 6240
2258 4229
2736 4841
3181 5175
3229 5319
3839 5796
1145 7202
3988 6095
219 6277
1679 7919
2560 4705
99 6144
156 6399
1384 7436
256 6504
1395 7451
372 6429
390 6636
488 6530
2804 4767
2426 4369
1715 7903
3631 5699
1609 7717
2216 4294
2058 4197
1677 7906
2725 4810
4024 6103
3560 5528
84 6183
433 6594
3872 5978
1384 7445
538 6810
1810 8080
3921 6098
2130 4314
2783 4694
2552 4456
167 6193
3307 5245
2085 4285
3256 5154
2688 4636
2724 4664
110 6384
1739 7764
2548 4436
180 6164
1505 7489
3841 6053
1550 7848
3076 5292
3941 6094
961 7020
1943 7975
1587 7809
345 6634
3402 5625
3283 5216
3945 6109
1329 7556
29 6314
380 6596
1388 7638
3089 5290
2121 4338
4010 5910
1239 7274
356 6618
2306 4541
173 6253
2970 4954
2230 4214
4043 5899
2766 4621
1864 8076
1307 7645
3273 5134
1163 7244
542 6873
1361 7577
3463 5454
1026 7371
2977 4968
2637 4742
3459 5448
2953 4933
2292 4152
376 6582
3813 5687
3299 5168
3661 5786
2711 4672
2241 4118
2033 7976
4061 5892
1287 7644
3801 5634
611 6847
3182 5298
2714 4678
2037 7976
3699 5806
2333 4605
2022 7940
1854 8156
2373 4518
2606 4810
2464 4421
3452 5530
808 7118
4059 5948
952 6992
3502 5447
3885 6084
1676 7782
231 6156
1251 7183
2801 4637
1004 6913
3506 5471
1392 7582
2272 4110
790 7160
298 6597
594 6845
2060 4348
1656 7816
2818 5107
505 6411
972 6975
1937 8037
173 6233
3681 5783
3846 6129
2787 4635
1468 7493
353 6555
654 6772
2795 4625
1618 7849
934 7002
2201 4196
2855 4647
728 7129
3771 6073
1242 7641
2628 4935
528 6933
2927 4713
2803 5108
1822 7703
1072 7482
2257 4571
1670 8077
1036 7424
3966 5746
2775 5082
135 6538
17 6401
2559 4333
2539 4344
2099 4384
3293 5582
1894 7793
2087 4414
2764 5078
441 6309
1258 7669
1274 7642
3534 5356
3123 5393
3011 4839
936 6799
1457 7320
3034 4848
681 7042
1054 7477
160 6541
145 6588
3438 5187
2472 4230
764 7123
3550 5359
3626 5913
2749 5000
324 6257
578 7034
1233 7657
1745 8168
2335 4133
1573 7966
1351 7289
2963 4781
2603 4884
576 7039
1078 7542
2040 7864
207 6542
43 6505
486 6309
3814 6050
366 6186
136 6607
697 7166
3297 5547
3860 5726
632 6962
1080 7539
3914 5633
2990 4835
812 6755
2558 4273
2804 5028
3129 5480
1858 7699
2873 4714
1290 7262
2470 4338
3347 5190
789 6723
2065 4425
2000 7818
3697 5904
4076 5774
1278 7581
2317 4206
2938 4633
776 6763
446 6361
1132 7428
704 7083
777 6754
1003 6791
2289 4509
1482 7334
1087 7506
843 6692
146 6626
42 6490
2209 4561
3605 5990
551 6995
3594 6014
1836 7769
434 6340
3375 5209
848 6695
945 6856
1589 8014
3849 5746
2747 4923
2147 4577
1407 7419
2682 5116
2094 4519
2098 4539
2042 7792
52 6591
2340 4265
3410 5343
1506 7279
3060 4731
682 6949
1415 7189
18 6534
2563 5014
3788 5978
1396 7395
3782 5982
3754 5938
12 6550
2930 4840
268 6288
841 6869
2989 4659
472 6215
1178 7429
264 6295
2453 4149
1466 7192
1127 7618
113 6614
745 6977
1494 7295
1891 7887
2646 5114
2330 4266
1244 7533
906 6715
3753 5915
933 6678
302 6299
1989 7795
747 7004
1133 7636
427 6162
3408 5353
1302 7343
3035 4705
1679 7988
379 6343
634 7109
1498 7195
773 6850
2845 4826
2000 7704
3901 5876
1929 7749
2703 4931
3850 5831
3800 5910
3719 5961
1331 7393
3204 5463
120 6573
1826 7927
3213 5467
2811 4908
58 6637
2990 4726
3102 5575
2358 4335
822 6895
817 6890
3592 6100
3264 5405
3389 5347
900 6747
3653 6053
2087 4551
983 6709
2196 4470
3593 6125
3224 5500
3101 5624
2013 7739
2685 5018
1400 7313
3095 5628
582 7094
3176 5528
1191 7511
1929 7805
1637 8081
1827 7894
2938 4748
2499 4148
1091 7609
1530 7168
3397 5310
2415 4241
3949 5778
2627 4162
3119 5676
2540 5096
1791 7416
5 6668
3829 5369
392 7064
1763 7409
2061 4638
2274 4849
3578 6121
1935 7578
905 6547
2587 4103
1697 7359
614 6264
1039 7696
3234 5821
1628 7293
1491 8177
2322 4918
3580 6105
1869 7531
1531 8157
2315 4908
723 6388
1282 7973
3933 5493
1069 7684
1533 8148
732 6384
4011 5509
1349 8042
1803 7460
3059 4544
3262 5770
3062 4546
3819 5343
2870 4354
1068 7707
1455 8088
768 6456
484 7133
3457 6076
1201 7823
1541 7237
1779 7346
2020 7590
809 6507
1368 7964
1248 7845
3411 5909
645 6349
2533 5037
2276 4776
3581 6067
3055 4512
1234 7837
153 6857
3328 5972
3645 5226
2733 4346
2255 4758
1369 7936
824 6503
731 6331
3417 5947
3135 5725
978 6577
2097 4693
3580 6042
3234 5829
1425 8185
837 6444
2365 4948
799 6517
3916 5408
1485 8096
1034 7783
3810 5263
261 7019
2476 5084
2461 5100
1116 7726
1791 7309
1385 7962
2846 4458
2717 4330
1232 7848
1237 7853
476 7072
117 6664
3344 6032
2017 7521
2249 4687
3858 5524
1030 7809
2867 4532
1035 7811
549 6317
1603 7368
2352 5052
3210 5639
2359 5050
3233 5679
2696 4102
3354 6037
1409 7953
1863 7634
702 6184
1790 7269
1840 7595
2828 4496
1944 7431
1335 8086
3045 4420
3299 5697
1501 8062
3672 5371
3262 5658
3495 5891
849 6644
3462 5920
1634 7370
269 7076
1658 7376
3028 4472
1366 8187
1317 8074
2181 4650
3077 5802
806 6537
2140 4844
1663 7375
4085 5444
3930 5611
315 7055
3405 6133
2487 4878
877 6612
886 6602
2481 4977
1327 8175
1945 7515
664 6235
452 6919
1884 7576
302 7146
3971 5450
1701 7279
892 6583
1209 7797
1820 7633
1965 7520
3661 5251
2163 4796
124 6835
659 6210
3946 5560
2206 4684
1389 8126
20 6848
719 6170
3777 5140
1176 7744
3492 6015
2307 5080
1760 7227
3163 5760
1040 7884
292 7161
76 6803
1272 7719
2753 4131
1112 7866
3523 5931
3501 5956
3850 5606
1099 7846
3769 5204
3172 5770
3013 4395
1664 7281
3337 6138
4086 5376
524 6394
3782 5182
3068 4357
3677 5284
2609 4299
1993 7475
591 6325
982 6443
2934 4215
4044 5327
801 6178
2732 4523
3873 5160
1696 7598
3673 5463
4058 5332
2477 4770
1540 7446
2122 4959
2964 4225
9 6943
104 7024
3275 6096
1727 7588
1050 7942
3431 5755
928 6333
2908 4163
1950 7358
3725 5548
2998 4245
2767 4588
1883 7288
139 7087
2402 4676
727 6655
3651 5481
951 6301
2367 4629
2371 4713
3799 5627
2072 4904
62 6926
593 6496
810 6169
904 6331
2174 4938
73 7036
584 6526
2186 5052
2798 4569
821 6146
470 6894
3549 5860
1228 8182
3871 5156
141 7089
2455 4777
1952 7327
3837 5564
3612 5470
2246 4997
3572 5815
779 6216
869 6177
3414 5650
3959 5170
1540 7489
3785 5516
1677 7626
2579 4443
1068 8037
2006 7327
508 6839
1267 8120
1942 7386
460 6785
950 6374
164 7157
3337 5720
2928 4131
1908 7200
2313 4701
2690 4567
244 7074
747 6589
696 6638
675 6595
443 6875
1286 7780
683 6600
497 6802
3524 5799
1215 8154
2937 4127
3332 5742
3312 6042
2341 4687
2006 7357
1160 8163
3057 4250
1456 7899
1506 7820
105 6937
3912 5181
3042 4247
1309 7784
639 6408
2451 4843
2773 4524
1516 7830
3842 5241
590 6453
1605 7483
3110 5977
1910 7177
2495 4671
1387 7914
2483 4662
3555 5734
3456 5638
4066 5221
95 7126
2519 4701
222 6997
1738 7492
413 6675
209 6979
394 6681
4054 5186
3284 5965
3719 5406
358 6908
1974 7213
2071 5003
1544 7574
1992 7273
2940 4317
337 6899
1619 7670
649 6447
2666 4556
3308 5963
3980 5163
1323 7820
107 7107
3409 5880
187 6930
3753 5379
47 7044
1471 7697
771 6323
330 6904
28 7080
3429 5840
1806 7355
2937 4303
3973 5170
1920 7223
2421 4813
2704 4394
1040 8106
301 6800
2520 4711
176 6927
1575 7576
405 6740
2944 4164
439 6771
2623 4603
1751 7442
1814 7391
2618 4593
632 6580
4068 5162
3399 5769
4008 5223
2430 4782
3404 5788
997 6196
3290 5899
694 6500
164 7024
2374 4753
3922 5256
929 6267
922 6209
3447 5803
1999 7184
203 6932
1304 7928
3547 5691
2769 4400
4012 5199
665 6524
729 6460
1046 8176
3823 5385
2697 4462
770 6378
210 6971
868 6285
198 6959
2424 4754
1027 8168
3840 5357
2552 4629
3044 4107
1928 7289
87 7078
1157 8052
435 6722
2985 4189
1978 7235
904 6257
1801 7408
1476 7743
94 7075
1214 6334
3571 4593
1787 6905
168 7339
119 7282
3356 4379
4002 5029
1399 6527
88 7251
1528 6643
907 8071
606 7760
2236 5293
2750 5807
3158 4167
836 8023
2120 5212
274 7431
890 8047
3993 5004
3140 4188
149 7308
751 7924
3190 4205
440 7588
2018 7165
1819 6916
3984 5007
3992 5048
1165 6313
865 8009
78 7271
3670 4730
3014 6122
3711 4691
2830 5923
1809 6972
1943 7097
2985 6022
206 7422
510 7630
282 7464
3984 5026
1179 6318
1364 6498
1226 6386
3852 4916
1685 6831
2788 5855
2111 5122
3934 4963
2988 6033
2377 5495
4084 5067
364 7468
3065 6073
3892 4980
1209 6392
1359 6412
2004 7056
537 7773
1010 8119
243 7350
3939 4902
2010 7069
1807 6983
910 8134
4045 4996
1980 7159
1188 6379
1367 6424
192 7312
4023 5094
3899 4970
1399 6434
3892 4961
3744 4853
2177 5335
1663 6697
1671 6864
3340 4438
2936 5924
3835 4774
3079 4185
2412 5426
3812 4740
3619 4675
1190 6340
1581 6729
1476 6561
2342 5443
2279 5248
2189 5349
2020 7054
2889 5922
759 7834
2813 5776
1665 6895
4072 4998
852 7995
1880 6952
2653 5677
933 8148
946 8128
1269 6278
2897 5925
1114 6190
888 7951
3258 4291
1723 6855
2890 5942
1595 6726
2668 5870
35 7328
1586 6838
2815 5753
225 7270
3917 5060
2531 5487
2770 5727
2443 5382
674 7728
3342 4509
2234 5161
1867 7135
2599 5811
1276 6248
3804 4681
903 7953
775 8081
3361 4535
3697 4838
2043 7010
2351 5558
2387 5577
3232 4155
2098 5294
1306 6532
602 7930
2768 5745
1856 7141
1864 7150
290 7562
2779 5745
2674 5849
1615 6883
1565 6833
307 7582
3314 4188
880 8159
2080 5266
3263 4105
3156 4323
2901 6114
1778 6730
2520 5472
3396 4605
2318 5559
2134 5359
3717 4671
54 7306
2489 5380
3496 4374
2239 5121
2994 6002
2615 5878
2418 5553
3512 4476
324 7564
3916 4997
2679 5822
4073 4898
3200 4175
53 7397
550 7926
3372 4604
1113 6282
2338 5622
4063 4873
3903 5097
1710 6777
1990 6941
1117 6272
1535 6432
788 8180
1742 6702
4022 4946
3603 4852
3722 4706
2800 5657
62 7383
4022 4956
2604 5830
3199 4244
3908 5035
3955 4995
1538 6899
2673 5763
3482 4463
2705 5732
2801 5641
3621 4825
334 7603
180 7241
2608 5837
2699 5749
3155 4269
2922 5739
644 8070
3106 4385
3331 4096
955 7871
2100 5424
3604 4882
2016 6886
196 7619
2029 6884
3303 4590
1052 6421
3015 5837
943 7844
2542 5346
2694 6027
2262 5595
188 7602
3472 4254
2884 5706
1505 6383
1610 6981
244 7654
589 8025
1758 7114
482 7414
3574 4322
1875 6726
1963 6845
2972 5761
2523 5317
1753 7110
652 8083
3303 4600
3139 4450
1681 7091
3033 5883
2224 5522
3395 4192
3953 4695
3081 4399
2790 6081
2642 6010
1224 6624
3626 4867
1816 6705
1443 6281
2799 6083
963 7918
2524 5363
3339 4132
3237 4501
2850 5648
2007 6885
2105 5387
570 7945
397 7352
1344 6261
3696 4934
4018 4746
286 7206
3749 5020
1461 6286
3898 4731
3981 4812
3007 5886
1788 7103
2672 5939
1693 7128
375 7218
74 7436
605 7963
2283 5549
3929 4639
2281 5550
151 7632
80 7447
2077 5461
809 7779
3546 4240
1835 6752
1896 6694
451 7309
3726 5056
2152 5415
2318 5185
2457 5321
2274 5554
3504 4321
635 7977
2507 5273
241 7586
3043 5815
2753 6037
314 7276
442 7405
2551 5294
2503 5277
1641 6964
3208 4584
1433 6392
24 7547
3765 5073
3383 4179
291 7237
1704 7119
2901 5693
254 7575
777 7776
2023 6796
100 7432
1376 6158
439 7385
1692 7155
3942 4617
1951 6896
2133 5413
2641 5923
879 7709
3595 4991
3168 4372
3764 5057
1135 6425
358 7198
3213 4599
2574 6004
3693 4887
2991 5845
360 7186
1084 6471
2612 5967
3535 4275
1799 6779
3251 4558
2624 5949
1795 6780
1752 7000
83 7633
2206 5402
2832 5786
596 8152
2493 5169
37 7595
3781 4948
2088 5561
1173 6407
557 8127
3522 4177
1034 6559
2993 5668
1673 6940
122 7660
1921 6682
547 8127
795 7815
263 7322
948 7721
3786 4951
2446 5137
431 7183
3759 4878
1250 6465
701 7961
1043 6591
1913 6868
3329 4268
2163 5597
1593 7049
2173 5580
2468 5141
2117 5623
2256 5474
303 7323
93 7656
656 7975
677 7967
760 8002
2737 5901
3169 4573
2344 5268
2883 5887
123 7609
1525 6198
48 7667
2150 5538
543 8155
1341 6395
693 8050
1139 6586
1261 6439
4056 4627
2637 6017
124 7600
1195 6501
3508 4198
3427 4272
1071 6651
3374 4346
3833 4911
1879 6798
2116 5533
3396 4248
2403 5310
3610 5063
3931 4741
1795 6877
3839 4895
524 8173
2325 5364
1786 6943
2910 5819
2980 5697
270 7403
756 7954
3154 4538
1627 7089
901 7791
1207 6491
2172 5521
1252 6409
814 7873
1860 6827
3123 4545
1546 7160
3711 5003
1993 6716
4040 4670
3040 5654
3107 4564
3639 5071
2362 5314
1021 7685
1216 6458
2475 5201
1636 7071
2172 5505
136 7542
3622 5081
1002 7701
3033 5593
161 7841
1168 6801
3817 4331
2017 6627
815 7468
1137 6773
1156 6784
2234 5820
792 7441
1269 6911
3658 4161
482 8169
1513 7141
3015 5579
1205 6841
1064 6692
3752 4263
3232 4784
450 8147
682 7355
163 7857
1027 6672
215 7875
3027 5574
2865 5412
376 8045
2233 5807
2614 5153
1492 7116
699 7331
3772 4262
890 7520
2734 5300
1511 7165
2399 5956
3079 4635
1237 6857
183 7850
4038 4568
1800 6422
3583 5089
3630 4145
1944 6584
3542 5109
1458 7062
3379 4886
368 8021
3324 4827
2533 6082
1448 7041
2787 5320
3514 5009
374 8029
3142 4715
3260 4749
1526 7108
389 8112
2186 5823
708 7411
352 8024
4070 4575
727 7406
2145 5723
563 7180
1865 6409
3854 4430
3219 4818
1981 6655
2380 5896
2471 6115
2298 5820
649 7361
1799 6479
3702 4158
816 7545
2280 5794
1316 7022
3909 4373
617 7226
3449 4906
3717 4310
3301 4785
3498 5118
4081 4517
404 8140
4071 4543
322 7960
375 7981
1669 6361
2107 5734
3537 5007
1504 7102
1337 7014
2127 5679
1585 6229
2332 6009
3904 4390
2416 5911
3359 4981
3972 4591
3763 4312
2165 5656
1024 6766
1793 6512
1247 6829
3052 5529
2063 5753
2823 5489
3423 4903
684 7380
2382 5942
3109 4703
914 7656
92 7712
1602 6207
764 7298
2916 5403
3670 4137
1711 6191
2619 5304
3938 4580
2482 5941
3244 4644
381 8180
2104 5809
3710 4343
773 7567
3236 4655
2809 5234
93 7891
1757 6227
750 7265
1153 6670
3353 5001
1780 6245
4051 4416
3331 5013
3465 4880
3292 4679
1907 6639
3627 4279
1909 6632
3522 4956
1790 6241
1465 6937
3093 4788
3527 4964
2762 5230
2452 5937
2011 6525
3911 4576
2525 6010
2771 5243
3656 4321
1028 6830
1352 7139
3480 4916
2547 5980
3856 4543
1847 6535
3078 4789
3830 4165
1480 7035
1289 7098
878 7640
174 7704
118 7873
3062 5454
569 7297
2659 5339
335 8182
2960 5419
2421 6089
1873 6637
1277 6721
1923 6462
419 7965
3367 5095
1707 6250
3476 4946
2442 5965
4000 4460
3769 4213
2527 5905
157 7756
2346 6136
3214 4700
2106 5869
1472 6936
837 7580
253 7716
876 7607
1612 6295
3021 5393
2485 5992
3582 4899
1155 6748
833 7585
2746 5208
1783 6163
2003 6453
761 7187
2863 5571
1038 6883
3962 4501
1900 6556
4085 4358
804 7639
3392 5043
3566 4893
2602 5342
3526 4914
2140 5801
3193 4748
3183 4762
2068 5868
3625 4304
2373 6075
1682 6547
3706 4475
3211 5000
1689 6554
102 8035
3422 4696
3316 5117
3392 4682
217 8146
3895 4156
1474 6862
1932 6273
2745 5556
1416 6789
2385 5724
2929 5247
2611 5437
3353 4630
4034 4304
2644 5446
1093 7004
1924 6303
2968 5254
924 7299
1906 6226
443 7835
10 7979
96 8002
3063 5331
1736 6628
582 7528
3928 4200
417 7825
2258 6115
1702 6551
1861 6256
1378 6750
3699 4431
2784 5597
2913 5212
191 8066
1346 6783
2253 6128
3590 4408
226 8156
1473 6910
3007 5374
400 7889
2294 6068
3576 4795
2495 5882
2436 5826
1843 6260
1833 6241
1915 6195
1246 7063
3961 4146
2137 5906
1158 7112
2747 5620
2649 5398
396 7903
661 7622
735 7563
3617 4469
750 7611
3646 4456
1613 6426
738 7608
1053 6983
3151 4885
2710 5581
2572 5456
2791 5562
3465 4822
3621 4420
2245 6049
1579 6478
1338 6751
1606 6433
1729 6566
1354 6701
3102 4983
30 8055
1287 6765
378 7702
4079 4226
2154 5915
1324 6749
631 7430
1947 6378
3982 4348
1180 7151
2162 5894
1649 6404
1101 6968
1453 6874
510 7814
2149 5916
414 7908
3017 5303
223 8097
3453 4610
1982 6337
3200 4864
2388 5846
226 8033
2978 5162
707 7502
2746 5428
1227 7003
1774 6525
633 7661
1715 6438
2356 5793
2431 5864
2480 5671
147 7940
3695 4600
3111 5040
3544 4672
3076 5022
2847 5253
1426 6665
31 8068
3766 4394
1926 6170
593 7629
2093 6065
2712 5381
2625 5598
1218 7010
2095 6031
2497 5728
3989 4148
2825 5288
1355 6890
2580 5552
520 7596
2062 6056
2543 5704
2536 5711
1141 7132
356 7886
3436 4807
3216 4924
1666 6450
1370 6889
3830 4419
2480 5637
531 7589
2106 6029
2778 5485
775 7359
1927 6207
564 7565
2878 5255
3127 5006
600 7652
2390 5866
1743 6415
2114 6019
687 7533
3357 4824
2341 5859
502 7742
3750 4460
1863 6285
960 7182
3433 4793
181 8033
2306 5847
159 8007
1969 6249
484 7741
3932 4230
603 7552
2589 5569
224 7996
2647 5513
3074 5088
1423 6762
2249 5932
2683 5533
2914 5258
1907 6297
2840 5366
4001 4175
1858 6316
3096 5111
720 7456
1477 6711
1366 6818
1001 7196
176 8006
2344 5841
99 8090
7 8190
1364 6831
34 8153
778 7415
3352 4837
1647 6546
1787 6406
1273 9467
277 8465
1353 9549
234 8429
980 9177
1437 9619
783 8960
1238 9433
1291 9476
1221 9429
148 8326
713 8922
298 8510
647 8850
613 8819
909 9109
1720 9893
1664 9886
1134 9290
75 8303
306 8469
952 9108
1277 9424
336 8547
1432 9644
1109 9313
744 8925
1607 9842
1566 9769
1451 9619
1749 9964
1388 9516
1479 9607
1190 9447
762 8888
579 8711
1194 9454
586 8716
49 8310
188 8437
1524 9661
1591 9851
1288 9541
1643 9765
514 8780
215 8323
658 8903
1031 9309
1768 9908
1543 9819
902 9178
74 8214
912 9205
552 8781
495 8584
785 9080
1285 9582
1717 9923
1551 9847
1157 9469
1085 9287
1382 9498
1074 9295
799 9056
874 9195
1206 9264
1211 9267
536 8854
7 8342
1248 9337
1654 9964
445 8473
1460 9497
1438 9519
27 8361
690 8704
198 8309
105 8413
895 9162
347 8684
1397 9649
1732 9729
1479 9485
1778 9785
1206 9313
1461 9581
382 8608
856 9094
280 8698
1657 9883
1436 9592
97 8327
568 8913
732 8758
1499 9513
575 8906
301 8664
1152 9334
1453 9557
367 8597
1124 9375
1633 9885
791 9193
184 8262
291 8227
998 8932
1268 9719
660 9104
410 8350
153 8604
487 8417
1045 9501
1140 9599
673 9141
1318 9267
1199 9658
1446 9404
703 9124
883 8795
1184 9615
1955 9875
2046 9933
233 8658
947 8840
1270 9655
1295 9294
251 8633
963 8837
86 8477
1126 9514
141 8640
171 8677
247 8612
1977 9965
566 9059
406 8385
873 8755
545 9082
477 8321
132 8665
855 8712
1155 9698
319 8285
57 8539
1069 9545
1418 9454
995 8839
546 9031
1039 9571
1077 9562
1288 9336
1917 9742
1891 9748
1113 9505
1169 9710
1389 9449
403 8213
1996 9798
261 8329
483 8307
1472 9301
1439 9223
844 8917
624 9194
126 8672
1709 9997
1084 9631
1017 8797
189 8475
307 8340
795 8882
221 8567
1401 9421
911 8761
1386 9436
571 9090
168 8471
1958 9827
4 8643
140 8517
1481 9221
256 8397
1379 9388
662 9037
1889 9917
1289 9428
137 8534
646 9049
572 9183
866 8836
6 8687
1386 9350
157 8563
1892 9867
1516 9246
310 8389
1427 9316
1202 9546
1430 9321
1231 9933
1918 9594
1554 9238
254 8955
70 8779
1669 9361
863 8520
835 8539
2027 9712
917 8631
518 8225
1855 9489
1684 9380
250 8907
726 8423
882 8513
45 8734
641 8373
780 8503
1870 9586
569 8196
1656 9273
1764 9382
1719 9461
845 8462
1821 9566
1104 9751
34 8808
1950 9685
956 8695
1250 9903
64 8719
897 8654
791 8527
321 8985
116 8749
984 8579
996 8580
430 9166
627 8210
1992 9632
1957 9679
1589 9306
1733 9398
1766 9360
624 8202
1193 9940
237 8813
1854 9660
492 9060
1010 8571
1995 9537
683 8225
1158 9741
1145 9970
966 8520
1053 9869
1616 9410
950 8482
1870 9683
344 9158
1216 9824
197 8805
456 9065
19 8887
2 8871
238 8774
1165 9760
414 9009
367 9172
935 8473
1149 9918
689 8308
563 8436
1850 9706
402 9026
742 8244
738 8241
1680 9284
340 9089
544 8440
1257 9779
143 8788
1114 9862
808 8692
540 8445
1539 9440
11 8943
108 8841
698 8285
1600 9386
411 9073
1094 9901
1255 9739
500 8985
976 8511
1678 9342
740 8214
918 8548
409 9056
353 9112
1189 9822
1762 9241
1813 9704
707 8252
2015 9504
53 9013
553 8491
612 8551
2011 9432
1853 9271
274 8729
265 8730
1014 8419
830 8230
1514 9969
314 8737
51 8979
1954 9347
1576 9483
896 8355
1395 9813
1561 9534
1770 9667
1777 9691
505 8915
947 8349
1536 9520
1343 9741
49 8963
691 8697
1443 9961
1970 9442
1971 9447
999 8382
466 8846
1811 9295
129 9187
2023 9349
722 8628
242 9113
567 8537
629 8453
638 8460
2019 9361
217 9130
219 9133
2039 9344
859 8236
1152 9984
102 9190
473 8795
1473 9795
1781 9585
533 8592
169 9004
436 8760
1456 9789
635 8680
1283 9879
494 8825
1537 9622
133 8987
1868 9453
1949 9279
1560 9659
1710 9483
1830 9359
326 8941
450 8812
1377 9943
842 8432
1936 9260
1644 9680
1623 9623
923 8282
1954 9316
1222 9994
992 8243
716 8472
276 8897
388 8786
1528 9761
979 8205
1358 9872
1507 9789
1912 9383
1782 9494
599 8625
793 8424
1511 9744
373 8846
949 8270
1674 9588
1448 9814
430 8784
1712 9551
1585 9678
380 9594
1559 8735
1527 8700
289 9517
1639 8809
1562 8714
719 9950
1857 9046
1613 8790
1318 8506
1983 9121
255 9440
730 9925
493 9674
1634 8773
1509 8660
1134 8287
1142 8263
166 9360
423 9702
555 9833
835 9990
1988 9103
1573 8810
543 9807
179 9445
734 9859
558 9841
91 9275
421 9671
1862 8993
127 9238
1080 8274
38 9292
1542 8823
165 9424
418 9684
1852 9028
1655 8950
1814 9107
1744 8789
437 9534
284 9612
2013 9038
1839 9148
1541 8848
1325 8632
1635 8949
202 9309
1526 8556
712 9812
474 9543
316 9631
1956 8960
1185 8197
325 9711
1640 8900
325 9707
1242 8296
1552 8867
68 9463
1841 9095
1783 8781
669 9766
1469 8449
449 9472
695 9844
1587 8950
1638 8865
1833 9184
57 9460
369 9640
1171 8265
311 9708
488 9527
447 9567
1260 8206
2010 9014
1182 8306
234 9244
1434 8557
721 9773
1556 8937
1183 8602
1163 8578
929 9896
1451 8354
336 9310
1660 9070
1095 8531
962 9941
1975 8864
1803 8723
481 9464
1153 8610
1811 8757
1310 8249
311 9245
340 9337
1423 8352
359 9297
1162 8636
110 9554
1747 9198
189 9727
1797 8774
1051 8536
1772 9130
1519 8375
1362 8203
1266 8617
1838 8818
379 9253
1073 8528
1256 8585
1584 9045
1575 9026
2032 8855
1186 8650
1032 8572
1815 8803
879 9752
802 9813
128 9721
1442 8224
1586 9144
1128 8677
772 9866
956 9770
90 9670
1387 8439
1906 8941
317 9378
778 9895
1468 8209
2028 8799
1964 8729
489 9311
1336 8443
381 9400
1043 8661
1154 8522
1523 8248
1348 8328
462 9217
1061 8694
1545 9181
1179 8526
1311 8394
1007 9783
1549 9170
1265 8494
343 9352
1986 8733
1365 8330
239 9486
299 9418
1495 8246
1631 9142
1608 9123
498 9241
1621 9146
811 9945
2002 8747
2041 8708
1435 9118
620 9323
39 9775
616 9314
1130 8801
740 9449
1 9743
1081 8744
1977 8616
1737 8408
883 9568
636 9327
882 9574
1416 9106
1220 8928
1657 8272
1317 8975
2026 8647
1883 8564
889 9544
1618 8294
1336 8965
116 9801
1570 8221
109 9772
916 9686
1911 8498
1452 9186
1846 8569
1859 8467
1612 8223
1498 9102
1106 8718
1245 8834
691 9425
604 9272
1916 8460
2005 8615
100 9750
1411 9200
1426 9188
1828 8531
1981 8645
928 9689
1837 8532
1419 9201
1925 8702
888 9479
1226 8777
83 9944
1903 8676
638 9457
1908 8686
1558 8374
1829 8577
780 9641
200 9838
1504 9031
422 9993
685 9244
1503 9068
1265 8772
1572 8337
221 9826
824 9726
1045 8901
602 9355
678 9328
1092 8850
1292 9173
43 9968
769 9693
161 9797
665 9328
52 9949
769 9704
991 9515
1813 8672
812 9690
1557 8419
2008 8484
1761 8673
1346 8770
1404 8825
643 9606
753 9722
1590 8484
17 9987
1300 8707
1296 8716
1609 8532
552 9481
1409 8869
1823 8251
1454 8838
1996 8417
865 9297
1406 8783
1038 9018
1873 8295
1628 8545
371 9781
1633 8491
1725 8691
493 9916
1562 8523
586 9496
532 9542
1341 8807
1261 9139
426 9928
1081 9050
1648 8468
1412 8929
1447 8898
969 9390
1734 8622
103 9995
1899 8198
1557 8571
1483 8889
1972 8391
1259 9119
1901 8208
1919 8193
1918 8446
1933 8204
1097 9162
1727 8508
338 9943
1886 8411
1878 8400
1171 8961
339 9926
648 9502
1236 9033
584 9711
1133 9157
1623 8698
370 9951
842 9444
899 9260
1598 8587
346 9954
1825 8348
620 9638
534 9692
1235 8991
671 9552
1973 8292
1042 9155
849 9351
1006 9271
1732 8479
804 9466
1217 8993
398 9838
235 9998
433 9812
1629 8635
1805 8426
1559 8688
653 9573
2035 8218
1199 9027
1291 8934
1885 8371
1181 9074
472 9761
1359 8886
1685 8559
1548 8689
1995 8244
1030 9209
1421 8818
2558 8701
2599 8737
2448 8603
2094 8226
2478 8610
2712 8844
3230 9355
2123 8284
3251 9387
3100 9222
2523 8641
2792 8948
3713 9886
3175 9286
2627 8802
3585 9764
2582 8753
2437 8620
2795 8903
2124 8291
2210 8343
3322 9411
2570 8753
3071 9154
2049 8255
3604 9817
2494 8685
3767 9953
3923 9992
3640 9827
3762 9961
2339 8575
2600 8822
3237 9413
3457 9701
2245 8353
3296 9353
2639 8766
3210 9471
3601 9830
3070 9094
3043 9112
2212 8411
2335 8606
2054 8322
2110 8379
3805 9816
2611 8891
2164 8420
2976 9010
2845 9098
3323 9315
2449 8461
2243 8295
2718 8760
2779 8829
3616 9862
3058 9045
4002 9996
2475 8452
2263 8294
3652 9975
2455 8495
3005 8967
2695 8764
2526 8547
3638 9864
3201 9283
2834 9178
3799 9759
2075 8404
2826 9176
3773 9833
2729 8831
3669 9868
2075 8386
2601 8946
3361 9722
3553 9535
3155 9395
3809 9731
3724 9832
3424 9606
2646 8868
2608 8900
2973 9067
3016 9023
2141 8356
2136 8537
2726 9124
3218 9617
3888 9782
2983 8865
2950 8833
2777 9172
2865 8764
2725 9143
4075 9981
3257 9647
2898 8776
3111 9530
2248 8682
2433 8360
2567 9002
2184 8635
2280 8668
4019 9860
2320 8237
2419 8246
2742 9203
2502 8333
2765 9090
2248 8583
3974 9929
3419 9226
2808 9133
3464 9438
3152 9478
2191 8662
2222 8693
3044 8888
3173 9529
3201 9695
3923 9740
3209 9705
3009 8868
3268 9646
3118 9538
3327 9618
2571 9061
2437 8427
2774 9126
3349 9317
2102 8516
2404 8210
2873 8768
2974 8932
3336 9332
3338 9335
3410 9426
3545 9305
3715 9986
4019 9778
3896 9914
2728 8995
2103 8636
3290 9546
3277 9566
3136 9683
2243 8534
3138 9691
2376 8402
2259 8527
2405 8441
3525 9307
2343 8377
2423 8406
2345 8332
3379 9365
3269 9577
2236 8464
3552 9292
2096 8605
3222 9507
3349 9379
2365 8325
3363 9371
3057 8780
3235 9501
3557 9256
3935 9870
3917 9887
3314 9510
3844 9938
3528 9247
3987 9796
3482 9283
2313 8400
2112 8602
2918 8892
2706 9038
2760 8980
2586 9208
3878 9934
2516 8253
3990 9853
3945 9858
3820 9991
2271 8492
2718 9064
3153 9639
3157 9641
3758 9390
2287 8943
3010 8646
3269 9921
3812 9453
2710 8348
2581 8217
3913 9540
2902 8514
2778 8399
2667 8305
3207 9885
2299 8928
3794 9417
2562 8227
4010 9602
2695 8363
3952 9565
3088 9791
2126 8801
3883 9476
3664 9315
3080 9788
2531 9179
3082 9777
2860 8471
2903 8476
3809 9392
3319 9894
2534 9138
2698 8412
3173 9786
2964 8692
2616 8284
2146 8710
2173 8728
2687 8215
3801 9393
2596 8267
3427 10000
2221 8920
3623 9307
2448 9199
3161 9945
4043 9547
3823 9326
2677 8439
3928 9692
2213 8738
2361 9137
2799 8315
3226 9735
2312 9110
3889 9646
2090 8835
2513 9080
2166 8924
2549 9048
2915 8653
3056 8542
3704 9419
2573 8376
2530 9049
4077 9553
2911 8675
3975 9530
4070 9508
2816 8644
2264 8721
3318 9785
2505 8966
2394 9099
4041 9490
2632 8339
3147 9899
4080 9495
3927 9648
2726 8270
2694 8300
2984 8515
2735 8259
2652 8371
2741 8257
3325 9739
2953 8575
3635 9417
3128 9925
2339 9181
3413 9814
3667 9559
3864 9246
3740 9620
4055 9432
2541 8952
2907 8269
2885 8293
3654 9570
2780 8696
2242 9191
2536 8911
3479 9919
4009 9344
3035 8434
3113 9987
3066 8401
2868 8216
2738 8604
2066 8994
2589 8493
3455 9804
3528 9981
2979 8351
2811 8646
2945 8380
4094 9408
3842 9287
3860 9298
2157 8992
2692 8650
3815 9660
2277 9092
2144 8977
2720 8662
3381 9805
2857 8275
2537 8853
3620 9560
2160 8972
2534 8859
2892 8242
2297 9083
2723 8480
2484 8752
2122 9167
3831 9586
2048 9097
3851 9345
3006 8238
2719 8461
2394 8904
3407 9937
3868 9346
3806 9598
3869 9405
2396 8957
3633 9628
2332 8883
2348 8862
3497 9835
3428 9890
2837 8402
4029 9329
2962 8287
3414 9880
3488 9840
2444 8792
3346 9924
3061 8237
3800 9474
3010 8222
3790 9491
2465 8769
2673 8595
2844 8447
2754 8487
2055 9196
3652 9652
2949 8317
2367 8902
3491 9818
2908 8358
2310 8954
3002 8263
2316 9484
2364 9533
3083 8200
2089 9263
3248 8375
2595 9764
3255 8383
3828 8955
2058 9242
3745 8881
2303 9452
2522 9673
2786 9972
2205 9354
3738 8835
2067 9226
2499 9694
3757 8883
3339 8469
2092 9266
4015 9136
3705 8806
3821 8908
3428 8512
2218 9359
2217 9358
2524 9716
3545 8690
2192 9407
3706 8778
3597 8765
4044 9215
3278 8445
3516 8586
3383 8449
4009 9105
2879 9986
3567 8623
3282 8343
2652 9755
2586 9810
3720 8902
2456 9687
3854 9051
3862 9039
3824 8873
3563 8631
4005 9210
3718 8921
3726 8913
3441 8465
3272 8360
3825 8849
4036 9121
3802 8893
3394 8490
4060 9142
3223 8443
2257 9404
2478 9665
3513 8649
3591 8822
2782 9900
2432 9715
3107 8281
3090 8338
2532 9572
3745 8743
3304 8288
3838 8816
2583 9880
2661 9962
3655 8917
3609 8842
3909 9169
3393 8673
3394 8679
3561 8524
3776 8806
4020 8978
2722 9742
3676 8947
3223 8231
2588 9900
3222 8228
3518 8458
3925 9196
3564 8529
2736 9743
2514 9581
2293 9270
2217 9327
2139 9363
3419 8593
2648 9877
4059 8975
3678 8834
3189 8341
2462 9592
3832 8725
3475 8546
4067 8981
3441 8582
2215 9304
3444 8309
2224 9652
2821 9728
3187 8565
3092 8478
2099 9529
2238 9653
3274 8666
2406 9330
2167 9571
2460 9348
3435 8310
3595 9003
3287 8703
3245 8580
3956 8798
2200 9650
2391 9340
2059 9509
3434 8283
2213 9620
3691 9053
3795 9194
2423 9293
3246 8594
3986 8878
3049 9898
3479 8403
2992 9974
4075 8866
2854 9839
2981 9966
2300 9650
3253 8699
2836 9819
3475 8412
3687 9012
2955 9949
3067 9889
3370 8311
3335 8280
2374 9252
3089 8562
2053 9580
3950 8709
3032 9908
2428 9234
3236 8657
3431 8218
2118 9666
3784 9024
2407 9455
2521 9296
2458 9232
3184 8702
3424 8431
3568 8290
2377 9439
3997 8711
3964 8934
3734 8973
2488 9252
2914 9922
4078 8782
3238 8455
2329 9403
3819 9028
3300 8523
3668 9211
2393 9448
3075 8626
3099 8616
3357 8357
2197 9516
2081 9626
3744 8990
2343 9368
3393 8323
2399 9373
2485 9329
3584 9156
3040 9771
3702 9127
3170 8624
3272 8477
3287 8448
2772 9996
2316 9431
2444 9299
3502 8262
3899 8914
2847 9969
2548 9222
2528 9236
2877 9931
3827 8974
2129 9647
3448 8326
3078 8697
2802 9459
3451 9086
2120 9807
3233 8880
2784 9458
2219 9917
4007 8637
3635 8239
2199 9910
2944 9635
3028 9724
2175 9811
2108 9744
4001 8588
2882 9580
2096 9758
3381 8966
2148 9809
2936 9551
3156 8815
3653 8313
2869 9481
3180 8784
3987 8620
3674 8217
3120 8824
2049 9802
2178 9932
2669 9251
3820 8355
3071 9643
3963 8483
2765 9367
3853 8559
2400 9988
4051 8630
2713 9468
2202 9983
2071 9841
2704 9467
2607 9281
3244 8899
2991 9693
2240 9907
3787 8382
3950 8472
3085 8827
2595 9301
3370 9040
3531 9136
2135 9771
3305 8852
3599 8334
3421 9180
3678 8407
2879 9654
2954 9472
3794 8256
2081 9907
3520 9050
3343 9108
3365 9092
2658 9412
3993 8497
3953 8664
3690 8409
2097 9865
2774 9320
4050 8556
3732 8234
3747 8291
2634 9357
3295 8722
2231 9849
3125 8933
3217 8771
3731 8256
4090 8489
3150 8855
2216 9842
3341 9198
2791 9218
2626 9381
3306 8706
2734 9285
4026 8533
3872 8655
3843 8694
2934 9612
2788 9247
3084 8944
3643 8509
2635 9548
2981 9389
2949 9357
2454 9884
2380 9799
3943 8311
3657 8540
4040 8414
2375 9816
3139 9052
3418 8826
4033 8423
2450 9912
3298 9160
2565 9524
2755 9713
3596 8505
2370 9848
2395 9829
3918 8304
2781 9699
3004 9466
2924 9254
2376 9734
3247 9214
3008 9364
2707 9670
3882 8316
4065 8381
3169 9020
2853 9338
3386 8794
3588 8548
2568 9579
2404 9728
3638 8529
2494 9940
3787 8632
2925 9243
2911 9257
3080 9075
2919 9242
3138 9157
3112 9122
2629 9675
3248 9022
2347 9892
3378 8893
3791 8542
4081 8288
2824 9370
2348 9912
2440 9745
3243 9015
2418 9939
2409 9930
3422 8953
2942 9427
3865 8372
3543 8807
2740 9477
3609 8618
3895 8324
4088 8268
2935 9410
3691 8670
2856 9374
3217 9000
3350 8875
3855 8370
2615 9719
3996 8286
3815 8483
3026 9239
2943 9402
4016 8314
2988 9312
3461 8791
4027 8297
2812 9508
3962 8354
3554 8767
3311 9008
2375 9891
4004 8268
3869 8433
3688 8581
2659 9613
3847 8438
3734 8549
3332 8956
3877 8413
2880 9401
3150 9140
3989 8299
5879 9973
5398 9489
4379 8467
4115 8219
4988 9076
4256 8364
5647 9730
4774 8872
4385 8494
5785 9864
5468 9550
4678 8792
5527 9608
5083 9209
5213 9343
5217 9285
5782 9904
5456 9590
4864 9001
4141 8221
4483 8625
4625 8738
5114 9166
4364 8506
4658 8709
4680 8713
4530 8695
4192 8229
4557 8582
5022 9171
5342 9363
5178 9332
4743 8905
5860 9911
5390 9556
5839 9876
5006 9197
4402 8538
4441 8497
4865 9065
5192 9249
5813 9948
4353 8557
5520 9725
4683 8740
4349 8332
5147 9324
4689 8745
5566 9668
4576 8603
5061 9144
5663 9887
4856 8826
5500 9727
5640 9856
5491 9726
4689 8926
4186 8392
5090 9072
4702 8907
5462 9664
4559 8533
5344 9342
4289 8286
4451 8642
5779 9777
4340 8279
4648 8833
4560 8572
5330 9340
5655 9892
5797 9756
5427 9608
5409 9629
5849 9831
5324 9225
4609 8908
5587 9478
5548 9595
4831 8708
5721 9861
5099 9012
5784 9840
5865 9731
4449 8593
4444 8618
4978 9093
4545 8502
5609 9493
4507 8346
5055 8886
5232 9596
5984 9836
5278 9617
4387 8236
4143 8509
5227 9593
5323 9688
5361 9698
4514 8378
5340 9669
4939 8811
4172 8553
4129 8456
5477 9288
4532 8324
5134 9535
5968 9825
5347 9682
5557 9350
5989 9808
4881 8742
4989 8775
5575 9468
4398 8299
5172 9599
5622 9400
4647 9077
5564 9450
4654 9079
6139 9895
5178 9563
4233 8682
5902 9828
4960 8725
4589 8344
5759 9993
4572 8362
4585 8336
4941 8759
5077 8785
5602 9322
4732 9204
4685 9153
6063 9762
6040 9751
4905 8890
5607 9330
4481 8215
4195 8699
6045 9733
4814 9047
4184 8641
4511 8194
5521 9230
5150 9662
4293 8544
4728 9182
4342 8541
5340 9591
5373 9555
4473 8397
4194 8667
4547 8313
4110 8629
4733 9152
5611 9262
4751 9025
4828 8972
5596 9229
5431 9443
4105 8657
5890 9947
4380 8389
5069 8727
5386 9451
4177 8624
6007 9877
4329 8458
5064 8739
4497 8289
4135 8661
5262 9596
5469 9391
4847 8988
4147 8651
5967 9906
6132 9718
5828 9409
4433 9052
5980 9554
4606 9200
5352 9959
4900 8500
4562 9153
5082 8652
5990 9598
4768 8377
4100 8735
5046 8598
4101 8741
5705 9320
5197 9839
4821 8435
4964 8526
5800 9373
5858 9429
5685 9228
6020 9661
5741 9303
5222 9818
4739 8391
5066 8589
4366 9030
4580 9134
4786 8444
5738 9272
4752 8387
5309 9952
5742 9264
4868 8544
5903 9579
4727 8211
4251 8946
4747 8418
5263 9957
4692 8255
5038 8670
5281 9936
4661 8260
5715 9249
5288 9948
4616 8318
6061 9690
6024 9714
4583 9115
4202 8938
4716 8431
4681 8396
4962 8681
5762 9231
4122 8842
6086 9553
6091 9555
4943 8663
4515 9019
5011 8463
4727 8405
4892 8639
5987 9671
4316 8823
4365 9122
4325 8778
4859 8264
4876 8633
5723 9443
4455 9180
4106 8887
4311 8809
5211 9956
4662 8437
5864 9261
4826 8220
5107 8500
4871 8654
4579 9007
4779 8314
5929 9723
4655 8444
5074 8454
4749 8283
5590 9999
5838 9235
5172 9942
5997 9604
5356 9729
5661 9459
5736 9351
4209 8832
5665 9431
4787 8627
5889 9217
5029 8356
4502 8863
5658 9488
4129 9004
5613 9955
6078 9393
5644 9475
5387 9753
4364 8724
5657 9474
4098 8998
5479 9793
5709 9578
4566 8958
4546 8942
5041 8349
4885 8250
5701 9588
4424 8816
4371 8746
6129 9416
5802 9623
6128 9422
6024 9398
5835 9611
4834 8609
4790 8690
4221 9016
4827 8594
4375 8797
5491 9790
5976 9230
5568 9878
4679 8464
5747 9517
5488 9746
4215 8978
5610 9869
4836 8589
4440 8754
4395 8769
5895 9325
5383 9846
5660 9576
4388 8786
4563 8875
6043 9441
4342 9101
6104 9383
4258 8992
5101 8298
4383 8849
4981 8421
5641 9624
5859 9585
4830 8522
4384 8892
6111 9282
5861 9537
4630 8638
4289 9072
4309 9062
6077 9220
5662 9637
4773 8549
4734 8638
5391 9932
5814 9584
5824 9479
5951 9458
4870 8393
5624 9769
6034 9280
6109 9231
6126 9277
5605 9788
5847 9484
4314 8961
5682 9682
6071 9303
5068 8233
5525 9852
4414 8916
5873 9500
5618 9759
6108 9266
5988 9366
5115 8204
4386 8923
5946 9409
4709 8600
4259 9053
5971 9388
4157 9154
5948 9021
4277 9396
5482 8558
5252 8321
6026 9103
5202 8276
4859 9971
4363 9473
5391 8451
6013 9071
4283 9384
5287 8368
5988 9087
4890 9985
6025 9129
4195 9282
4284 9370
5405 8496
5773 8864
5547 8601
5465 8555
5502 8521
5744 8775
4425 9589
5143 8235
4641 9825
4114 9299
5236 8242
5334 8337
5443 8457
5938 9084
5487 8480
6026 9179
6004 8999
4823 9870
4644 9855
5782 8906
5737 8756
5977 8964
4795 9956
4489 9697
4240 9464
4499 9721
5196 8224
5825 8878
5855 8879
5261 8447
5675 8796
4208 9224
5594 8611
4307 9385
4452 9503
5561 8642
4763 9959
5539 8671
4544 9536
4477 9720
4134 9387
5133 8345
4382 9610
5775 8726
5787 8710
5930 9141
4694 9982
6130 9048
4776 9733
5242 8404
5270 8249
4213 9413
4176 9450
4160 9346
5266 8273
6118 8994
5292 8292
5950 9205
4332 9255
6003 9151
5136 8415
4249 9289
5525 8518
4097 9430
6081 8984
4548 9498
5503 8608
5768 8791
5437 8674
4735 9884
4792 9820
5123 8420
4278 9304
5279 8305
5773 8828
4144 9414
5692 8896
6046 9057
5993 8808
5068 9931
6112 8936
5218 8555
5033 9888
5998 8800
5685 9018
5231 8574
5784 9099
4181 9544
5789 9091
5115 9946
5680 8979
4328 9675
5428 8220
5308 8597
5457 8315
4917 9755
6099 8931
4383 9262
5367 8655
4563 9448
4998 9914
6007 8777
5157 8474
5396 8279
4180 9490
4126 9558
5918 8790
5570 8331
4470 9277
5326 8578
4454 9259
5541 8424
5450 8216
4599 9376
5394 8261
5675 9075
5210 8452
6000 8724
6088 8876
4139 9550
5180 8538
5357 8586
5062 9902
5023 9975
5056 9897
4179 9528
5707 8997
5874 9116
5117 9868
5388 8319
4381 9321
5336 8621
6048 8919
5327 8630
6123 8853
4274 9521
5506 8196
5470 8408
4953 9939
4207 9700
5853 9040
5767 8969
4362 9371
5148 8590
6054 8755
5012 9740
4120 9601
5854 9029
5950 8866
5969 8945
5148 8639
5039 9737
5688 9119
5590 8318
4189 9716
4769 9995
4566 9341
5435 8329
5088 9811
5325 8570
5237 8653
5790 8998
4533 9227
4245 9556
5159 8678
4921 9976
5253 8519
5903 8909
4286 9590
4330 9506
5702 9100
5957 8841
4303 9503
5441 8344
5449 8341
6119 8762
5959 8857
5551 8271
4833 9990
4904 9920
4326 9486
5706 9126
5252 8553
4140 9666
4473 9367
5831 9000
4307 9511
4442 9379
5203 8621
4704 9319
5161 8736
6058 8614
4642 9261
4846 9470
4101 9745
4187 9805
5129 8720
5508 9117
5850 8384
5933 8502
4290 9951
5019 9656
4875 9519
4764 9396
4781 9345
5537 9101
4183 9850
5569 9204
5526 9135
5094 9636
5483 9001
5497 9023
4724 9276
4153 9843
4985 9524
5380 9034
6031 8671
5826 8340
4926 9572
5002 9686
5927 8518
5311 8923
5448 9006
5110 9616
5524 9212
5086 9655
5301 8920
4823 9402
5716 8229
4232 9980
4756 9451
5880 8312
5173 8884
5987 8674
4683 9420
5768 8192
5441 9161
4668 9397
4756 9220
6057 8501
4217 9957
5585 9036
5721 8425
5411 9105
4108 9913
4269 9749
5291 8722
4851 9293
4913 9614
5523 9041
5877 8253
5694 8438
6085 8457
5730 8367
6105 8468
5434 9192
4201 9916
4109 9947
5214 8838
5580 8983
4210 9874
4990 9630
4666 9433
5031 9539
5319 8739
5523 9083
4190 9901
4883 9703
5972 8609
4207 9881
4141 9946
6006 8591
4729 9347
4204 9874
6082 8508
5218 9058
5285 9125
4920 9278
4106 9997
4561 9924
5283 9145
4728 9564
4778 9615
4682 9570
4862 9687
5517 8871
5175 8986
5149 9006
5355 9182
6072 8335
5362 9163
5686 8567
5708 8459
5551 8935
5717 8476
4619 9536
4553 9861
5018 9428
4747 9695
4428 9754
5297 9190
4377 9806
5809 8685
4808 9622
5120 9057
5045 9425
5174 9054
5467 8752
5496 8726
4772 9684
5461 8742
4773 9681
4891 9325
4752 9703
6060 8406
5049 9279
4439 9937
4653 9637
5315 9032
5794 8495
4725 9720
5917 8333
4411 9897
5777 8453
4587 9854
5372 9063
4726 9707
4907 9354
5895 8357
4979 9430
4618 9634
4820 9597
5900 8359
5898 8359
5407 8881
6046 8239
5254 9013
5427 8837
4729 9667
4855 9548
5601 8796
4438 9963
5492 8884
6087 8197
5946 8426
4555 9754
4900 9462
5920 8434
5775 8540
5249 9044
4308 9998
5848 8505
5756 8605
5247 9114
5131 9189
6035 8317
4989 9362
5544 8793
5186 9143
5145 9184
5442 8894
6871 8914
7513 9567
7865 9903
7663 9717
7695 9746
7328 9406
7730 9773
7417 9435
7312 9394
7025 9042
7176 9263
7225 9235
7855 9858
7011 9037
7794 9821
7824 9888
7592 9628
7229 9224
7784 9808
7878 9976
7868 9859
7308 9422
7535 9511
7856 9952
7217 9319
6750 8712
6971 9059
6455 8554
6898 8859
7268 9229
6428 8566
6386 8345
6772 8728
7709 9837
7802 9736
7074 9169
7240 9275
7017 8976
6790 8956
6446 8530
7631 9648
6306 8231
7843 9766
7161 9077
6911 8817
7638 9540
7292 9445
6234 8442
6717 8863
7173 9377
7090 8986
7720 9857
7686 9918
7106 9081
7101 8962
7058 9005
7846 9828
7690 9929
7070 9043
6669 8925
7908 9780
6236 8334
6276 8278
6889 8766
7648 9532
7732 9941
6769 8848
6494 8634
7677 9499
6856 8750
7826 9845
6743 8895
7798 9882
7785 9860
6206 8401
6756 8843
6375 8209
6686 8935
7877 9791
7430 9724
6474 8267
7510 9300
7968 9772
7544 9333
6255 8546
6975 8748
7255 9539
7433 9245
8115 9894
6805 9088
7615 9384
8150 9935
6345 8659
6799 9109
6944 8765
6607 8430
6683 9011
7353 9621
7501 9314
6433 8206
7524 9291
6962 8733
6820 9111
6159 8507
6981 8705
6188 8552
6327 8700
6909 9132
7569 9414
7955 9796
6355 8629
6917 8803
7951 9832
7319 9702
8181 9863
6230 8485
6755 8982
7381 9644
7281 9480
8078 9968
7375 9649
7202 9565
8100 9765
6721 9155
6572 8232
8047 9962
6849 9036
6718 9135
6891 9084
7102 8745
6226 8651
6330 8481
7342 9522
7301 9496
7194 9604
7068 8707
8048 9936
6356 8565
6989 8942
7077 8705
6979 8939
7525 9421
7156 8798
7383 9593
6344 8568
6768 9156
6217 8703
6603 8316
6379 8535
8161 9823
8038 9893
6421 8396
8143 9750
6268 8613
6821 9081
7484 9436
7407 9487
7614 9308
6636 8194
6972 8909
7531 9369
6995 8869
6172 8683
7176 9713
8147 9775
6457 8388
7673 9223
6261 8587
7041 8830
6188 8748
6811 8346
6425 8987
6907 8440
8043 9583
7240 9806
6413 8970
7171 9737
6794 8320
6427 8981
6305 8885
6387 8938
6608 9161
6581 9134
8122 9633
6966 8488
7170 9756
7755 9300
7684 9243
7217 9774
8100 9605
7461 9988
8021 9591
6598 9189
6358 8949
7158 8658
7719 9219
6272 8870
7757 9322
8042 9543
7086 8576
6271 8785
7789 9305
7963 9518
6599 9215
6181 8732
6222 8820
7098 8577
7079 8675
8172 9642
6580 9202
6211 8713
6829 8422
6724 8201
8141 9603
6343 8840
8167 9640
6931 8519
6353 8836
7998 9577
6768 8232
6394 8870
6179 8770
6254 8715
6823 8385
7058 8696
8170 9626
7753 9276
6483 8996
6579 9160
6314 8918
6558 9185
6375 8800
7804 9460
6440 9123
7263 9938
7317 9732
7727 9405
8189 9582
6992 8647
7330 9787
6435 9149
6437 9088
6388 8787
7716 9356
7756 9446
6659 8370
8008 9723
6532 9010
6927 8627
7081 8470
6683 8410
7738 9465
7861 9331
7099 8561
8160 9515
7389 9738
7241 9875
6504 9138
7804 9382
7006 8579
7332 9850
6486 9140
6296 8827
6352 8756
7379 9783
6249 8844
7731 9434
7150 8448
6878 8238
6371 8723
6402 9201
6671 8442
6593 9014
6935 8686
8163 9497
6212 8889
7934 9216
7045 8570
8130 9411
7563 9866
6275 9093
6661 8451
7144 8430
6814 8601
6447 8740
7428 9736
8176 9441
7859 9634
6797 8607
7545 9834
6464 8787
6742 8514
7736 9505
6795 8599
8064 9372
6707 8492
7162 8421
7606 9876
6620 8952
6227 9079
7447 9776
6221 9066
7425 9768
6774 8541
6522 8788
6704 8479
6747 8552
6619 8931
8066 9401
6466 8704
7933 9656
6687 8530
6680 8535
6812 8652
6650 8874
6523 8746
7478 9826
7519 9738
7477 9837
7067 8384
6171 9029
8057 9240
7040 8418
6484 8754
6739 8482
6153 9085
6562 8918
7066 8428
7641 9902
7797 9717
8015 9418
8106 9250
7781 9708
7864 9521
7683 9618
7551 9960
6165 9102
7514 9926
7829 9525
6789 8485
7974 9348
6783 8669
6155 9128
7675 9822
6736 8693
7862 9491
6390 9054
7514 9972
6961 8322
6166 9125
6148 9151
6382 9043
6635 8789
7031 8393
6574 8814
7502 9871
6345 8970
7880 9485
7548 9909
8041 9378
6786 8528
6669 8665
6718 8680
6452 8930
7138 8251
7620 9753
6734 8592
7683 9701
7787 9603
6808 8561
7605 9817
7645 9774
6739 8612
8077 9338
7528 9873
6882 9966
8186 9206
7405 8416
7337 8358
8167 9192
7267 8307
8155 9167
7759 8794
7831 8832
6190 9270
7713 8762
6445 9487
7665 8669
7492 8566
7402 8409
6645 9665
6380 9435
6362 9442
6863 9871
6854 9863
8145 9106
6595 9609
7888 8860
6736 9757
6158 9280
7562 8660
6293 9419
6456 9575
6463 9568
7266 8202
7272 8193
6526 9488
7601 8648
6832 9780
7748 8898
6460 9658
7247 8392
6377 9326
6806 9752
6240 9461
6318 9273
7736 8856
7794 8915
6205 9368
7099 10000
7826 8767
6853 9834
7387 8303
8110 8980
7093 9992
6360 9237
7459 8684
7685 8916
6304 9335
8122 9069
7467 8688
7307 8272
6445 9712
8079 9070
7285 8339
7529 8583
7474 8640
8153 9005
7256 8352
6879 9767
7421 8199
7991 9164
6167 9492
7950 8715
8146 8922
6556 9364
6471 9290
7500 8258
6418 9218
7731 8997
6220 9559
6921 9748
6562 9407
8179 8940
6616 9471
6402 9257
6352 9697
8152 8939
7755 9087
6567 9362
7722 8988
6145 9527
7958 8749
7092 9980
6533 9416
7822 9177
6329 9699
6924 9815
7745 8989
6991 9747
7429 8282
7943 8804
6530 9455
7103 9935
6376 9624
6348 9662
6470 9268
7738 9039
7151 9881
6621 9386
7952 8812
7057 9749
8104 8736
6290 9499
7300 8463
8015 8921
6152 9621
7007 9979
6628 9281
7718 9100
7767 9213
7680 9131
7803 9175
7869 8976
6509 9437
7125 9824
7858 8964
6397 9541
6291 9512
6282 9526
7764 9193
6990 9971
7498 8436
6396 9533
7817 9035
7729 9202
7993 8958
6454 9470
6167 9688
7929 9003
7207 8689
6459 9444
6171 9668
7508 8369
6182 9664
6365 9523
7232 8622
7450 8427
6187 9680
6197 9672
8179 8717
8165 8731
6989 9906
6239 9821
7781 8301
7079 9645
6213 9809
8082 8581
7191 8719
7860 8366
6868 9423
6284 9879
7216 8751
6346 9960
8022 8564
7765 8306
7881 8422
7946 8507
7284 8773
7195 8751
7593 9116
6682 9254
7315 8879
7788 8274
7949 8525
7459 9060
7867 8435
7261 8727
6788 9423
6161 9793
7131 9611
7621 9111
7325 8911
7037 9518
6265 9760
8073 8656
6247 9787
6959 9547
6312 9934
7321 8959
6713 9310
7266 8714
6984 9509
7863 8390
7155 9602
6279 9974
7356 8910
8013 8504
7476 9025
7898 8364
7507 9007
7088 9677
7038 9725
7838 8219
6336 9799
6284 9732
6938 9613
6876 9284
6881 9341
6319 9776
6563 9985
6753 9415
7835 8243
7747 8429
8072 8486
7829 8230
6968 9614
7594 8982
7978 8598
7462 9113
6922 9653
7104 9473
7490 9095
6915 9669
7693 8395
6903 9278
7236 8843
6938 9679
7832 8260
6304 9853
6766 9358
7196 8957
6984 9642
7040 9578
7910 8205
7948 8679
7649 8973
7158 9477
7647 9002
7618 9015
7122 9512
6764 9366
7369 8757
6793 9334
7775 8543
6998 9302
7919 8687
6685 9502
8124 8372
7443 8730
6544 9882
7985 8250
7371 9152
7149 9446
6764 9569
7896 8648
7050 9372
7587 8894
7763 8525
6494 9852
7392 9159
7027 9306
7442 8763
6419 9784
6795 9657
7616 8947
7147 9427
7216 9078
6900 9651
6945 9318
6582 9983
6475 9730
7394 9128
6517 9784
7587 8940
7412 9147
7800 8488
6577 9954
6568 9982
7635 8847
7222 9066
7180 9041
6781 9504
7440 8782
7344 9199
7201 9027
7061 9463
7994 8281
8136 8365
7819 8678
7296 9197
7130 9399
7376 9120
6616 9896
8108 8415
7916 8600
7175 9073
7444 8814
8053 8201
7354 9159
7729 8524
6834 9677
8085 8213
7724 8637
6612 9797
8123 8233
7011 9456
7529 8954
8103 8241
6610 9803
7806 8676
7470 8880
7875 8545
8171 8265
7126 9333
7483 8861
7625 8815
7902 8569
6605 9830
8072 8248
7889 8551
6486 9953
7954 8367
6804 9514
7861 8459
7811 8513
7860 8562
7821 8517
7137 9258
7047 9291
6691 9714
7264 9139
6737 9607
6674 9672
6993 9399
6443 9923
6837 9562
7163 9225
8107 8280
8109 8277
6974 9415
7212 9170
