10000 10000
3656 3657
6988 6990
9656 9658
3688 3691
5545 5546
473 474
1368 1372
8971 8974
7608 7613
2504 2509
6025 6031
3285 3293
819 831
2069 2072
5365 5368
5989 5994
6220 6237
4836 4854
6912 6932
6914 6934
6729 6748
2827 2835
9353 9360
708 734
3880 3891
2659 2686
140 146
9128 9143
402 434
7121 7154
7436 7465
6679 6705
532 563
9628 9652
1289 1313
5465 5490
3672 3700
14 32
2207 2225
2263 2296
9047 9062
2062 2111
2904 2923
1670 1715
8722 8743
6100 6114
1169 1191
1926 1968
2066 2091
8458 8499
90 96
1375 1381
2271 2276
6687 6692
7492 7545
71 121
7347 7411
1026 1091
5907 5969
396 463
6656 6724
6589 6649
155 222
5796 5859
2096 2167
9395 9460
9276 9333
5808 5882
9763 9839
2071 2139
8866 8942
262 331
8581 8651
9530 9589
926 977
8504 8567
4523 4602
5564 5613
9377 9458
5000 5084
6539 6622
5052 5097
9759 9801
7836 7882
9136 9190
5805 5882
1567 1607
6824 6896
4799 4837
7977 8053
3603 3663
9266 9326
3093 3147
8378 8420
4529 4590
9890 9922
7821 7916
2709 2804
8883 8913
1321 1357
4256 4293
1560 1648
5145 5235
2876 2898
6955 6980
9376 9423
9124 9163
2361 2377
6160 6241
7447 7525
440 458
8993 9043
2571 2681
2228 2240
1801 1917
4408 4428
4110 4219
4107 4222
9510 9552
5928 5982
5250 5370
1830 1886
9130 9171
9879 9966
1971 1993
7727 7765
4269 4310
5798 5853
5400 5477
167 218
8466 8594
281 408
6497 6627
821 951
7969 8099
5643 5769
9027 9152
4956 5080
6452 6577
838 963
2590 2712
4167 4302
8764 8887
6265 6386
820 959
3345 3484
1330 1468
12 130
4161 4305
4478 4588
8983 9092
4889 5004
9226 9375
2626 2772
6979 7131
535 655
8282 8387
8044 8181
1843 1961
1873 1995
7733 7855
7535 7669
8980 9098
2851 3004
7499 7659
4955 5115
6703 6798
76 238
7013 7110
3606 3765
6432 6532
4181 4337
3125 3217
9338 9436
3849 4015
1406 1496
7978 8077
578 747
6744 6897
4479 4565
39 139
6701 6785
3340 3489
4400 4511
1647 1728
5667 5772
5246 5329
6948 7051
1285 1460
1085 1161
5704 5885
2596 2705
5394 5540
4698 4845
2865 2953
6975 7044
5480 5587
3128 3204
2080 2204
9591 9674
2147 2270
9221 9402
5666 5789
5656 5848
3908 3972
7997 8189
2593 2785
8546 8611
1600 1669
868 940
9224 9408
625 696
1830 2028
2936 2994
9018 9201
1105 1178
5194 5255
6176 6381
6229 6277
7514 7562
9052 9103
6458 6638
1095 1171
3618 3831
6747 6797
1404 1450
5682 5860
575 743
8724 8909
3896 4067
5475 5560
2114 2201
6738 6798
4475 4519
566 746
4186 4230
6146 6366
8458 8662
4671 4834
1557 1736
810 1013
512 736
1386 1416
3393 3491
5429 5590
7481 7645
1355 1455
4203 4237
524 747
4966 4993
9250 9418
6414 6631
119 158
7711 7926
8283 8370
7426 7656
8727 8957
1610 1702
7243 7334
8547 8590
1367 1465
3454 3472
1348 1460
6454 6599
8479 8686
1894 1940
4355 4593
5487 5532
3398 3506
9773 9944
9549 9659
3104 3288
3386 3522
5714 5803
3388 3525
8778 8881
9022 9154
2378 2487
8217 8423
5897 6135
5361 5616
3113 3368
6234 6488
4828 5086
2250 2508
1217 1479
2780 3035
7710 7958
5725 5972
8932 9198
3217 3483
3750 4010
546 815
3079 3336
7287 7544
6670 6943
7408 7649
1153 1426
5132 5407
8436 8679
8835 9111
7181 7449
1558 1795
4336 4581
2572 2843
2267 2499
3615 3846
5829 6108
4736 5018
3838 4069
6255 6515
8733 8961
89 324
6706 6959
5852 6081
2176 2461
249 487
201 471
162 445
6337 6624
7252 7541
9317 9543
208 499
1267 1488
1582 1802
7803 8030
7774 8055
1137 1371
138 423
4698 4983
751 961
4175 4448
2129 2403
6807 7076
2102 2309
47 283
76 377
1628 1898
4609 4918
7769 8046
3295 3559
2788 3036
230 479
5181 5383
6911 7108
1663 1860
5160 5396
7706 7974
7285 7498
1538 1853
5745 5936
2579 2896
50 369
6278 6594
5353 5548
8891 9213
2224 2551
6364 6555
3169 3366
1186 1514
1700 2029
93 278
3156 3359
2200 2516
9329 9504
4161 4368
7341 7675
3297 3511
8334 8665
6800 7111
3276 3483
2627 2841
5830 6043
2065 2382
8921 9148
2600 2893
2813 2970
2772 2995
153 497
8437 8605
5353 5504
8417 8587
7231 7509
606 818
8728 9077
6754 6927
9389 9664
2628 2858
7802 7956
8906 9125
9374 9710
1556 1892
6661 7029
8836 9204
9398 9671
7275 7450
6261 6406
7262 7469
670 1002
8771 9014
6707 6981
1734 1982
6213 6460
5179 5440
2795 2964
159 480
752 911
1613 1842
6832 6961
9457 9584
1657 2043
9234 9617
6901 7030
4847 4971
4644 5027
178 315
680 802
9294 9667
1557 1944
5641 6020
8882 9023
7184 7582
2560 2959
7192 7561
5154 5555
6902 7012
1627 1997
6155 6556
5195 5587
684 821
8311 8684
4695 5068
9324 9714
5301 5399
8884 8983
8284 8703
3671 4084
7798 8146
17 437
1044 1457
2131 2550
7310 7467
7755 8173
68 483
1606 2031
2122 2531
3096 3507
7367 7531
5363 5471
5341 5491
7204 7573
7357 7439
5829 6006
2590 2986
1616 2021
3652 4083
7682 8117
8362 8477
5346 5467
6155 6578
8392 8566
8763 9092
7377 7534
1773 1837
5360 5424
1035 1483
1024 1472
2809 2872
2573 3023
71 388
8823 9139
6250 6574
9400 9599
1724 1909
2276 2350
3702 4028
7212 7654
234 289
6249 6565
4177 4509
5138 5599
4849 4927
1606 1942
8255 8687
658 834
7866 8043
3156 3456
5158 5619
8302 8635
5792 6007
7889 7942
3321 3361
1222 1310
7729 8168
8863 9029
4823 4876
4634 5062
3794 3855
525 979
1150 1440
6179 6653
6389 6420
6314 6475
1578 1992
2055 2528
5196 5540
606 950
6301 6517
5241 5520
6710 7133
196 296
1705 1861
6208 6573
5146 5610
3314 3331
1592 1995
5306 5454
3663 4027
2248 2365
7784 8093
7348 7490
8958 8968
4147 4549
3171 3476
4801 4921
5359 5398
7378 7464
254 261
6875 6951
8383 8515
4618 5110
2153 2452
6878 6944
3710 3969
7898 7973
1117 1629
5456 5968
1530 2040
7668 8183
6395 6911
6525 7035
3566 4073
3538 4053
6637 7140
409 915
1234 1753
2130 2655
4354 4876
8535 9049
8195 8716
8625 9121
7580 8077
5376 5911
6163 6660
4231 4766
8260 8797
4443 4928
2529 3071
7409 7919
5164 5682
2514 3058
4125 4669
6199 6677
8350 8890
3468 4008
1180 1721
3138 3687
7415 7903
7396 7885
8375 8861
6218 6759
7244 7778
8201 8742
7352 7818
5287 5779
6148 6706
2409 2911
5333 5858
6213 6781
2379 2930
3212 3767
7330 7838
9424 9965
1441 1948
486 985
119 567
6615 7062
8219 8794
6234 6680
1277 1727
7189 7761
8399 8840
8667 9107
5225 5665
6591 7158
3458 4043
4172 4614
6340 6799
5526 6109
5321 5765
1200 1789
6276 6857
4388 4981
1215 1774
4371 4930
6425 6989
8569 9005
9312 9783
3527 3999
8440 8865
4215 4654
7488 7964
7672 8102
3362 3965
3095 3703
3519 4063
6453 6996
9319 9734
2064 2674
1217 1698
1040 1651
5340 5816
1458 2006
8267 8749
3382 3920
5601 6022
8633 9182
5462 5951
2087 2633
2176 2798
3509 4059
7422 7825
8675 9105
2422 2821
4259 4816
7218 7748
6516 6915
6464 6968
7378 7848
3123 3656
1265 1678
4349 4738
2084 2724
2536 2920
197 580
3473 3859
6429 7070
5129 5773
5215 5850
2363 3006
4279 4656
6231 6879
8648 9026
3199 3828
2383 3011
8408 8789
86 731
1156 1545
8247 8890
7213 7840
1252 1641
9630 10000
7385 7766
9626 9995
7485 8110
5457 6086
8426 8829
8492 9140
7321 7681
3422 4039
152 514
5348 5759
5456 6091
4332 4720
9355 9750
4428 5100
7540 8150
4212 4819
116 733
4551 4972
5529 5938
1435 1840
2216 2565
7679 8015
1063 1686
7193 7850
7208 7837
5412 6034
307 900
1350 2046
4351 4675
8300 8912
5130 5815
297 916
7482 8071
7456 8094
3515 3963
8489 9195
6321 6770
5391 6092
4212 4784
8333 8779
8260 8834
2353 3062
4274 4730
3516 3958
9437 9751
6411 7104
1432 1875
7418 7734
4573 4881
2537 2853
1228 1537
1103 1695
6347 6681
6548 6983
3173 3761
36 753
255 551
8230 8958
2284 2614
4467 5032
6327 6763
8244 8937
2524 2819
7516 8124
8433 8720
4344 4635
7199 7929
2266 2611
9458 9752
4314 4656
1461 1880
3263 3664
2217 2649
2432 2931
4184 4779
9272 9932
5153 5847
5430 6081
6244 6812
6378 6674
5510 6014
1279 1543
7228 7878
100 670
4124 4839
3581 3846
3303 3610
5533 5987
1353 1974
8650 8907
2506 2763
2314 2571
1470 1725
7174 7941
6560 6819
4329 5101
8703 8955
3114 3887
6450 6708
38 801
8690 8949
5488 5751
3554 3817
7373 8128
90 855
6422 6683
8250 9015
8368 9150
3310 4065
5392 5632
4381 4621
476 716
9241 9995
6407 6675
13 792
1343 1572
3474 3726
2536 2806
7257 8007
3499 3765
9723 9956
4272 5039
1129 1869
2244 3041
491 717
8315 9053
6268 7003
4559 4840
3154 3957
3237 3980
2244 3054
1523 1759
5224 5956
9531 9749
2164 2907
7646 7919
1066 1819
6296 7081
3355 3625
7558 7861
8680 8923
4537 4749
7638 7907
7462 7699
107 861
3545 3810
6359 7146
9657 9860
9561 9831
8483 8732
8474 8741
7639 7830
8644 8838
9720 9914
7492 7693
2342 2671
8550 8751
1322 1635
7528 7713
6173 6998
1097 1796
8646 8843
7499 7707
6232 6920
8642 8850
425 763
7365 8080
2297 2991
301 628
2288 2987
8424 9140
8666 8839
5496 5669
4593 4780
9299 9997
5379 5725
485 698
7454 7806
3529 3752
229 903
5428 5713
4210 4887
4291 5029
6449 6743
1175 2033
7474 7770
1508 1676
4127 4982
7260 7989
7603 7896
2395 2615
9320 9988
9544 9765
1478 1704
2286 2945
6257 6913
8589 8957
2144 2833
9594 9739
5339 6057
5388 5759
1114 1833
156 1000
9480 9854
6291 7141
2534 2704
1216 1975
275 612
3426 3605
1086 1862
6267 6915
2126 2871
6201 6976
3152 3881
8536 8738
6589 6855
6585 6850
4500 4841
6288 7149
2076 2914
6483 6700
7574 7703
8561 8944
29 927
369 755
6225 7127
9606 9728
8263 9152
97 998
4251 4883
5214 6102
4598 4732
6428 6800
211 863
1272 1908
7374 8030
5136 6018
9581 9983
1531 1641
3146 4062
1107 1991
6493 6858
5153 6070
8213 9100
4273 4907
4255 4869
3116 4022
5428 5800
5494 5866
124 993
6397 7008
4190 5059
2122 3028
2304 2718
348 707
2325 2698
1289 1705
8271 9198
4538 4632
5281 5890
6561 6658
9476 9895
3245 3848
5260 5931
6565 6669
2067 3003
311 671
4603 4689
1403 1744
2418 2782
1437 1585
1210 1815
3145 4071
2121 3046
2428 2771
99 972
2272 2897
5236 6085
7207 8083
9727 9803
356 720
6346 7039
3188 4034
8415 9065
2174 3015
5221 6108
2209 2840
8286 9188
330 753
1236 1903
8225 9117
8232 9110
1184 1888
7243 8073
5161 6123
1144 1978
4484 4673
9684 9745
6485 6802
7358 8054
2345 2784
8361 9059
9643 9825
8574 8884
8688 8762
5309 6001
8244 9209
8548 8873
7216 8190
2472 2663
4512 4719
6360 6921
2553 2600
9523 9953
4364 4831
4392 4860
6270 7083
38 1008
5202 6021
106 946
9632 9849
3365 3834
1113 1977
7409 7954
288 707
3356 3839
4097 5093
7176 8173
4483 4715
5401 5872
5197 6052
7631 7717
2462 2676
7258 8113
3420 3760
1033 2021
2513 2623
8692 8731
7555 7788
5174 6086
49 961
4402 4802
1120 1937
9625 9832
4220 5005
2106 3016
4133 5079
2116 2999
5515 5758
4516 4691
7644 7723
376 655
4302 4916
6387 6925
3326 3840
4300 5324
6418 7443
3036 4063
8545 9573
8453 9474
2522 3538
4791 5821
4421 5449
6682 7701
4591 5631
8291 9330
8853 9860
451 1490
7026 8035
407 1413
6208 7251
4654 5693
6611 7623
2390 3394
2507 3551
2209 3252
8828 9834
6562 7605
112 1128
4282 5280
2439 3484
8595 9608
2828 3856
2399 3395
6762 7755
2089 3083
4568 5628
2207 3259
8832 9894
7019 8012
4672 5739
4687 5732
4720 5724
294 1291
8433 9409
2910 3951
8809 9819
2737 3715
2853 3863
2701 3774
2478 3482
953 1932
6196 7169
7017 8028
4759 5794
2423 3392
6664 7728
2346 3346
4693 5740
921 1954
6989 8051
6418 7468
4832 5792
6902 7859
4278 5360
4667 5757
844 1803
6558 7638
240 1208
6784 7881
2396 3349
6174 7252
4808 5764
582 1546
8770 9742
6412 7491
7041 8145
2769 3712
2916 3894
3001 4074
327 1300
2299 3240
2532 3504
652 1754
64 1048
2424 3360
2969 4033
2190 3286
640 1754
2758 3740
117 1071
4383 5443
6786 7900
6660 7770
4460 5427
2658 3586
6507 7434
6673 7794
493 1417
777 1900
8693 9616
4610 5732
2589 3706
4100 5229
4272 5337
455 1453
5038 6084
6315 7360
2664 3587
8880 9948
2968 4085
154 1268
171 1242
43 1119
6341 7345
2855 3922
6374 7313
8261 9266
2793 3730
4417 5437
6840 7876
624 1549
6171 7269
45 1107
8835 9731
8420 9316
8353 9248
4615 5764
2696 3595
8943 9835
2234 3134
7040 7946
689 1595
929 1839
5065 5958
6871 7768
6723 7891
8551 9719
6923 8088
692 1568
2496 3413
8513 9687
4439 5569
2585 3713
965 1884
998 1917
8518 9693
2703 3603
4561 5454
750 1615
2201 3131
4939 6120
2556 3416
381 1496
667 1597
4941 6119
2354 3480
6201 7316
2623 3729
2457 3369
4632 5801
6542 7484
2478 3357
8473 9642
4193 5333
4151 5249
4325 5203
8898 9844
8452 9651
34 1179
4646 5788
8383 9221
6357 7272
5095 5978
2402 3548
2386 3475
7044 8006
8335 9292
8530 9623
3014 3840
67 1156
6415 7624
6943 8151
6384 7224
6702 7910
2077 3284
7119 7939
4685 5760
6717 7923
4128 5359
2814 3630
2055 3284
8404 9216
6701 7929
6231 7298
588 1689
4861 5674
4258 5240
385 1371
8228 9464
635 1703
2686 3744
8355 9340
2699 3668
865 1982
6223 7343
2720 3648
2690 3686
4205 5256
4999 5986
214 1075
3047 3842
273 1527
540 1787
8607 9591
4312 5169
4249 5232
6760 7810
2961 3963
4573 5431
4104 5351
6487 7608
3070 3854
6867 7714
8456 9724
6321 7237
711 1585
6526 7561
2426 3469
6821 7773
4503 5486
2319 3574
2577 3819
4190 5282
8294 9371
8748 9938
8524 9650
4929 6078
334 1102
104 1385
2232 3514
8668 9439
7007 7772
666 1950
705 1988
807 1570
6285 7560
2774 4048
6368 7655
9045 9810
6209 7497
4434 5211
2537 3296
8289 9579
788 1560
806 1576
5042 5820
970 1732
703 1969
288 1072
8588 9372
4459 5241
519 1812
7016 7803
8450 9238
243 1510
2315 3102
8973 9755
139 1426
4511 5252
5088 5883
2470 3258
5040 5805
9200 9967
912 1679
4648 5896
9089 9889
4637 5948
5028 5760
6568 7308
5054 5786
6833 8086
6170 7474
4194 5451
4493 5284
2956 3749
357 1100
6280 7587
4245 5561
2458 3255
2817 3631
6799 8096
584 1913
2882 3696
273 1061
2069 3361
8265 9596
683 1948
380 1092
4817 6120
8657 9451
990 1765
6309 7577
2510 3315
2369 3196
8500 9332
881 1584
4367 5198
2212 3559
9091 9920
4166 5377
4173 5386
8490 9314
6714 8050
823 1663
3012 3726
6815 8148
8497 9341
2410 3108
2645 3867
8626 9468
7126 7833
6253 7485
6931 7746
2949 3799
8328 9690
4856 6060
4732 5929
552 1918
6218 7452
687 2041
469 1165
2672 3884
4097 5468
2753 3996
836 1562
8481 9342
9200 9872
359 1031
4984 5656
2719 4095
8317 9500
3056 3733
292 1091
2735 4039
8453 9325
2228 3550
761 1939
6484 7230
2342 3149
4471 5147
2316 3168
6468 7210
2368 3119
8477 9330
6277 7658
7061 7930
4508 5357
4179 5409
2893 3646
4356 5232
4267 5598
6149 7536
5102 5781
6685 8033
2952 3829
541 1891
8299 9492
2935 3830
678 1826
4813 5961
2223 3370
8316 9723
8349 9492
4778 5921
6517 7417
6363 7510
2959 3585
2518 3160
6439 7336
2714 3861
729 1878
2112 3535
846 1758
598 1990
6164 7556
4098 5523
3021 3676
6598 7255
5022 5647
4681 6106
4751 5916
2222 3389
122 1517
6945 7865
2809 3936
2721 3896
6764 8182
397 1047
4665 6050
6639 7283
186 1318
2902 3787
6619 7238
3032 3653
8998 9913
9112 9735
3049 3659
871 1733
4234 5417
4663 6035
4899 5767
2695 3873
4811 5997
4208 5593
9072 9946
431 1027
6230 7674
5085 5747
4197 5588
542 1967
265 1213
2762 3967
4922 5775
5096 5726
9054 9960
938 1555
4788 5901
104 1491
4315 5479
842 1782
712 1909
8574 9409
341 1258
7010 7901
54 1417
6687 8159
8268 9614
6396 7480
456 1037
469 1043
2982 3680
958 1657
127 1464
4595 5179
4379 5330
4617 6082
720 1820
6326 7547
4270 5472
675 1900
4262 5481
4873 5848
358 1204
4784 5988
3000 3692
6966 7905
2927 3766
4436 5261
8429 9527
636 1959
4702 6019
280 1221
2620 4066
8469 9419
6731 8107
8441 9497
8358 9542
6960 7888
2269 3389
7109 7716
6697 8136
6806 8053
4117 5617
8288 9604
6555 7295
6409 7404
1005 1547
6778 8092
3025 3638
9196 9739
4380 5364
695 1887
964 1581
8319 9622
2062 3556
6398 7444
6785 8043
8460 9440
827 1748
63 1487
6757 8085
205 1340
795 1770
553 2011
125 1422
8365 9566
8262 9653
2058 3577
6495 7340
4683 6072
2711 3939
2219 3422
4768 5975
2442 3186
2560 4089
690 1867
3 1528
6443 7376
8984 9956
4785 5965
8610 9308
2952 3703
6316 7853
6975 7486
2312 3850
2926 3434
8367 9898
5044 5554
8318 9848
2260 3795
373 1906
8846 9350
2960 3481
6776 7282
4134 5676
4296 5826
6176 7722
9159 9676
353 1907
4240 5763
2808 3310
6722 7256
5042 5545
878 1397
8202 9748
7131 7620
2717 3261
4251 5819
8350 9916
2508 4079
2501 4070
4608 5155
4435 6000
4700 5242
6635 8140
6726 7279
2319 3874
2854 3336
8941 9410
971 1530
4587 6105
4110 5690
8204 9785
6662 7219
2806 3267
6964 7425
6814 7339
6668 7226
2311 3889
611 1108
976 1511
6894 7380
360 1877
4822 5352
2406 3878
2993 3568
8216 9819
2262 3730
839 1281
60 1659
2307 3915
2480 4088
6925 7493
2770 3225
151 1756
4828 5265
8447 9901
421 2039
6322 7910
4820 5250
6455 8047
6788 7389
8278 9741
2544 4011
6487 7948
8975 9554
206 1683
2948 3547
6774 7209
4717 5170
875 1290
768 1377
5093 5508
8773 9252
7128 7611
654 1259
6853 7328
2124 3627
6854 7329
457 1953
2652 3127
334 1824
2922 3332
6621 8114
169 1752
2057 3704
4255 5870
761 1162
7113 7610
4725 5121
7025 7429
948 1473
2939 3342
5025 5588
9142 9664
6628 8082
5090 5530
602 1059
4582 6042
2913 3356
2545 3983
6243 7709
2666 3306
6194 7858
8775 9414
6440 8105
5090 5472
7140 7526
6165 7831
321 1989
4390 6051
999 1378
3060 3442
4739 5124
5095 5486
4433 6107
446 1844
4926 5557
2559 3953
4333 5730
4268 5694
6572 7999
8444 9833
756 1121
6968 7599
2983 3376
7038 7657
8400 9800
7009 7673
764 1125
977 1356
131 1566
4729 5351
4228 5659
6658 7325
242 1645
4491 5908
6755 7363
6795 7209
4884 5559
4606 5978
6856 7278
6305 7686
9165 9573
6749 7413
880 1500
2776 3191
365 2013
2710 3111
6333 7692
6308 7702
6685 7342
480 1876
2378 4094
8257 9975
6643 8005
487 1872
2491 3843
360 2002
2273 3674
8436 9807
4396 6032
4276 5642
4872 5578
6406 8133
2586 3292
8259 9861
560 1271
6929 7643
513 1227
7097 7538
734 1045
603 1175
6940 7633
6979 7569
691 1120
4980 5543
758 1061
8351 9802
6299 7746
588 1173
8977 9675
7043 7518
5033 5494
554 1269
8712 9448
9046 9655
4860 5149
6777 7323
667 1151
445 1880
585 1196
6654 7961
4767 5239
4953 5552
4722 5272
9032 9636
2711 3195
2423 3993
4585 5895
702 1105
8802 9363
8999 9686
8426 9753
6307 7760
2274 3606
4187 5807
8214 9955
2257 3623
4416 6071
179 1604
79 1719
872 1425
4438 6060
2796 3095
4254 5733
8897 9277
4407 6089
8960 9217
8842 9608
2538 3822
4862 5626
6502 7776
7066 7324
75 1869
2227 4020
5037 5290
7129 7377
6503 7791
8882 9659
84 1881
8532 9817
2624 3405
4344 6134
6282 8068
2664 3449
8856 9611
2633 3421
6183 7986
131 1947
4257 6075
4708 5444
836 1125
388 1703
2479 3724
840 1131
6467 7783
342 1650
6838 7571
2843 3134
3024 3318
6388 8146
4414 5657
356 1612
9106 9401
2166 3930
807 1034
8511 9746
796 1073
352 1614
448 1776
5070 5374
790 1060
6469 7799
9074 9286
972 1272
2086 3871
2692 3513
2521 3812
549 1307
2516 3735
892 1087
6769 7477
2469 3808
4995 5317
6742 7441
7116 7300
6904 7600
6986 7168
2608 3455
479 1679
813 1148
4430 5660
7117 7326
8741 9590
2495 3818
4373 5699
5058 5274
1011 1194
2157 3895
6570 7921
857 1026
903 1243
2877 3169
817 1132
2497 3743
4659 5485
8482 9852
4547 5795
2374 3623
4307 6065
9118 9466
832 1064
2213 4047
4456 5634
9183 9397
8949 9624
2562 3436
7005 7214
6926 7290
4180 5920
7142 7315
8791 9506
3013 3251
2900 3107
8536 9761
4697 5408
590 1333
2587 3431
262 1658
5109 5257
2974 3298
2821 3195
383 1537
6449 7759
4782 5422
8639 9788
8631 9779
4657 5556
3011 3147
163 1835
2565 3469
4936 5313
1021 1140
2243 3914
43 1953
3 1928
6659 7560
662 1306
738 1391
7132 7250
8515 9933
8837 9482
729 1366
4825 5450
260 1680
6567 7731
6518 7906
6647 7779
393 1565
7090 7207
5074 5191
4723 5605
4174 6102
263 1694
548 1469
6641 7786
4772 5432
466 1614
4663 5546
6448 7854
2793 3447
215 1865
4999 5144
2803 3411
2313 3753
805 1159
8885 9495
6355 8048
2731 3343
6400 7844
4319 6010
4756 5425
8639 9753
986 1149
4911 5254
8532 9981
4581 5711
8711 9643
5108 5208
6536 7737
4531 5637
4800 5495
2733 3349
284 1700
2417 3785
4826 5474
8623 9750
512 1466
2469 3614
6592 7804
390 1594
4121 6053
6627 7773
9012 9460
7020 7340
870 1189
4678 5509
6268 8122
6929 7387
526 1474
6341 7945
6947 7406
7064 7253
2393 3735
318 1776
6316 8034
6459 7924
8894 9585
4496 5727
2109 4077
4292 5909
306 1760
721 1282
6230 8067
6498 7860
4773 5501
6470 7839
6709 7663
3043 3128
4283 5991
2381 3728
188 1890
4898 5372
4775 5497
946 1106
2282 3850
6520 7836
7163 7198
9145 9310
2483 3675
473 1586
6916 7402
516 1514
6329 8022
4596 5636
6456 7880
2345 3800
4507 5738
8967 9461
8808 9627
2133 4006
6644 7680
2454 3683
4582 5648
9169 9255
83 1963
8700 9732
2639 3510
3028 3118
2223 3923
2326 3818
4277 5961
6804 7529
6489 7847
8817 9615
4400 5839
2892 3251
73 2120
27 2074
5550 7597
5838 7883
901 2944
1942 3985
4453 6509
2047 4084
763 2807
1369 3402
4334 6394
5571 7642
5162 7216
5843 7880
5817 7842
355 2375
4846 6858
1415 3491
641 2724
4529 6550
15 2088
1292 3371
1768 3781
418 2447
5806 7811
4552 6631
5053 7053
1536 3632
1561 3624
5787 7850
1946 4008
717 2814
1011 3008
642 2742
1807 3897
6044 8100
1219 3323
4106 6192
115 2127
5165 7185
501 2505
1029 3137
5381 7489
5754 7742
1819 3933
987 2962
1859 3853
1733 3723
125 2098
4702 6673
290 2416
4122 6216
378 2349
4336 6311
194 2202
4519 6655
1345 3352
4812 6806
4716 6704
4513 6595
5292 7375
1832 3916
5082 7102
5981 7992
4870 7022
4524 6596
1326 3399
1775 3718
666 2803
945 3032
5420 7494
4806 6829
825 2898
5259 7399
785 2940
4280 6344
5945 8009
4636 6766
4859 6792
1580 3679
5635 7797
207 2233
653 2805
554 2642
5304 7361
4643 6746
1311 3429
1525 3470
4733 6657
464 2477
11 2165
1841 3918
5719 7720
1298 3474
1155 3074
1387 3561
1743 3660
545 2725
1319 3490
939 2861
556 2726
4329 6242
4550 6477
4948 7128
4362 6535
1673 3590
1295 3487
1203 3107
4991 7150
4425 6616
4148 6311
952 2863
5828 7763
5611 7539
4896 7096
4960 7162
500 2415
5026 6974
4371 6543
1398 3563
5610 7540
5514 7444
4419 6620
1210 3096
1462 3348
5354 7244
4225 6185
1170 3129
354 2509
5510 7478
4551 6515
4207 6361
452 2418
636 2757
6099 8042
4283 6144
1800 4020
268 2482
5199 7408
4641 6880
4972 7086
887 2996
1965 3945
5672 7916
1072 3316
1505 3367
235 2092
4775 6752
1950 3926
4555 6403
1979 3953
614 2732
1138 3262
767 2609
133 2123
4185 6295
464 2304
5296 7266
5572 7447
5960 8091
6117 7984
4196 6323
5985 8118
4833 6713
419 2425
165 2169
4322 6207
5316 7205
4934 7076
148 2167
873 2957
1708 3658
5894 8160
5329 7222
931 2890
1621 3772
741 2569
4924 7121
1904 3998
1797 4075
1023 2832
1849 4054
5983 8111
5321 7229
1678 3707
5520 7526
4681 6846
5226 7312
4661 6863
2019 3871
1779 3598
5442 7613
876 2668
2036 3829
1798 3589
4633 6938
4569 6365
832 2629
4578 6373
1333 3133
4138 6435
5262 7557
4964 6761
4154 6452
829 2610
5975 7750
543 2830
120 2412
5693 7977
5736 8062
5473 7286
6128 7912
5059 6874
1635 3961
1047 3340
5049 6818
4595 6383
6133 7912
4556 6354
12 2322
5035 6837
10 2347
4187 6522
1094 3428
1089 3427
5603 7360
1574 3845
930 2694
61 2328
1446 3201
1285 3117
1 2344
4335 6598
4968 6721
5922 7688
4409 6163
245 2526
5818 8081
4361 6180
1593 3860
4875 6693
102 2390
5524 7333
4951 6756
856 2670
1999 3832
69 2429
837 2684
1132 3413
5222 7519
4886 6700
1971 3720
4638 6946
579 2940
1327 3088
5898 7733
5884 8131
1785 4027
6141 7870
4157 6526
571 2936
5104 6837
5745 7991
4973 6698
5849 8080
6138 7859
1168 3547
1794 3662
1680 4060
1999 3715
225 2476
132 2507
4707 6963
581 2836
5308 7661
123 2351
5575 7314
5695 8042
4298 6556
1907 3620
4504 6351
24 2368
4506 6339
5822 8165
539 2887
4260 6649
1216 3486
902 2777
866 2621
1619 3852
5373 7581
53 2389
1243 3514
467 2226
5647 8044
1736 4012
620 2824
30 2427
583 2849
1051 3452
5470 7225
271 2151
4711 6926
1626 3888
299 2113
1261 3457
1690 4086
5318 7594
1158 3563
4347 6549
1056 3406
5035 6852
633 2825
1493 3236
1101 3388
4945 6691
5194 7487
209 2471
1653 3842
4815 7094
5078 6828
5948 7750
1951 3813
5408 7260
5324 7600
910 2801
989 2722
477 2140
873 2796
4413 6330
933 2605
4994 6667
431 2086
5376 7305
728 2899
1682 3870
4708 7146
1237 3396
249 2408
1780 3941
808 2746
5031 6708
7 2451
5213 7624
1338 3247
1253 3443
1533 3178
5349 7538
5584 7240
5733 8189
1160 3344
5697 8154
5221 7673
79 2515
180 2347
6015 7903
4629 7095
594 3056
5923 7808
1610 4078
4370 6326
271 2218
4802 7015
1834 3725
1564 4021
4743 6957
775 2731
1099 3578
693 2820
841 2810
5645 8120
1701 3858
198 2417
4544 6266
5309 7430
4817 7021
5057 6783
702 2816
4401 6286
5743 8144
1144 3527
5962 7819
4987 6842
110 2476
2024 3629
1327 3305
1630 3991
468 2078
516 3022
91 2449
1345 3210
4755 7000
330 2182
213 2329
1361 3230
5668 8171
4969 6841
4399 6395
1710 3962
1817 3788
4233 6480
5476 7355
93 2493
5010 6771
1542 4069
6038 7795
4264 6479
4852 6931
484 2061
390 2159
4486 6252
738 2830
191 2384
5797 8020
1423 3197
917 2662
1015 2564
4231 6514
450 2103
576 3000
2014 3621
5246 7557
5204 7592
5893 7930
4839 6375
5338 7899
1456 4018
4245 6801
754 2294
553 2095
123 2685
618 2157
4338 6906
1525 4093
5310 7862
1435 3991
5347 7923
5622 8167
4743 6293
175 2749
1964 3519
5917 7433
4748 6297
4826 6348
1010 2533
5513 8083
4746 6294
5483 8054
5970 7503
739 2242
5438 7965
1943 3508
4780 6282
1231 3816
1885 3444
1442 3979
1683 3256
1751 3324
4470 7002
433 2972
1777 3294
663 2215
5151 7720
4682 6269
1990 3582
1130 3667
416 2973
5137 7726
4566 7062
5583 8079
6118 7589
1140 3639
4658 6260
709 2179
4532 7164
4706 6186
1926 3532
5763 7375
175 2786
5828 7306
5258 7877
4472 6967
1552 3167
5143 7751
6033 7617
6001 7463
358 2864
4232 6879
5512 8159
4180 6666
5979 7428
5009 6606
1798 3430
1172 3828
1781 3220
5877 7318
5300 7895
5776 7411
1439 4091
703 2267
4910 6475
1883 3390
1012 2450
1573 3139
5313 7846
975 2472
4965 6402
6024 7648
4526 7111
200 2721
4803 6312
4149 6745
1764 3208
898 2543
1838 3392
5658 7285
157 2802
5837 7357
5406 8046
1768 3225
877 2335
5528 8170
4482 7152
4462 6940
1685 3302
27 2671
6021 7666
2034 3461
4586 7058
4503 7149
1569 3163
5394 8041
5484 7952
4557 7089
735 2210
5209 7718
4833 6240
243 2673
5495 8180
2035 3440
5350 7779
1305 3999
1979 3379
5590 8031
4865 6539
1293 3974
1456 3899
5119 6511
4177 6848
613 2295
5615 8061
5182 7851
4631 6287
4667 6304
1899 3574
5670 7300
1016 2394
4707 6337
4379 7103
5043 6421
6079 7446
5508 7982
4813 6247
1633 3274
5423 8066
5639 7338
5868 7234
4530 6941
4850 6210
5316 7796
846 2558
651 2107
1134 3798
2038 3407
220 2657
5846 7275
5484 8147
478 2846
4607 6972
4597 6960
1307 4060
5107 6459
5295 7782
5824 7180
4506 6999
5515 8004
611 2227
4438 7045
1836 3579
147 2635
669 2116
4145 6888
1586 3307
1933 3415
5069 6423
1969 3439
4754 6221
122 2725
713 2091
5488 8082
4658 6362
5523 8059
4912 6620
1804 3554
4421 7083
1966 3423
613 2199
209 2595
835 2480
1744 3108
5566 8011
5424 8133
4823 6177
5247 7817
858 2477
274 3050
550 2270
5669 7391
5397 8171
337 2990
2025 3350
4409 6713
5705 7496
1149 3964
4897 6180
1141 3955
5584 7894
1302 3600
1621 3410
5475 7787
4604 6900
1075 3897
5273 8085
987 2262
1375 3666
5452 7747
567 2360
4117 6916
4179 6977
1752 3531
929 2226
5637 7443
488 2815
6013 7274
814 2100
4996 6302
5701 7513
674 2494
5661 7424
320 2653
4665 6436
44 2866
232 3063
5939 7186
5099 6350
4714 6479
1270 4051
1442 3717
5728 7496
1631 3446
1513 3776
189 2966
1858 3183
632 2389
4565 6907
5851 7669
5214 8049
1187 3986
1298 3622
1809 3115
615 2393
1822 3105
518 2361
4487 6853
1997 3214
5749 7475
828 2171
14 2886
5534 7894
5834 7555
1039 3909
6124 7335
1129 3874
4328 7077
4493 6848
4297 7069
5531 7887
5268 8130
6116 7346
5859 7609
6039 7373
4522 6896
5597 7814
517 2398
5176 8035
503 2729
345 2566
6099 7347
4269 7119
5881 7580
1835 3149
247 2960
1431 3824
426 2765
4480 6887
517 2413
5604 7822
1437 3830
4557 6817
5355 8070
4705 6415
5067 6331
2020 3216
1603 3383
1360 3624
4766 6629
1924 3327
19 2927
1045 3988
157 2844
822 2229
1556 3479
1867 3279
5846 7506
4976 6389
5747 7670
1639 3552
1902 3305
1488 3671
5364 8056
4662 6586
1526 3707
4264 6949
5057 6220
1315 3762
1329 3750
2022 3185
5791 7430
4985 6371
4454 6908
5770 7441
4275 6959
1428 3594
1747 3405
6028 7186
4143 7088
1994 3157
4796 6435
5541 7685
6059 7179
4886 6324
1158 3877
66 3046
4852 6480
4477 6873
1693 3387
1275 3933
1589 3485
5493 7900
441 2576
997 2127
279 2749
4405 6814
1717 3358
5889 7343
420 2570
739 2380
4488 6712
1122 4051
1972 3078
4377 6829
1520 3652
5279 7979
191 2826
524 2490
171 2844
5794 7445
1312 3737
5491 7886
5482 7895
1929 3127
5941 7413
5553 7795
4303 6923
1968 3188
1055 4058
5099 6189
1131 4013
1145 4031
2005 3097
1649 3517
724 2329
411 2646
1506 3628
1036 4035
5407 7887
706 2323
5063 6165
1352 3739
5517 7769
398 2648
5793 7542
5880 7456
1624 3456
5799 7550
6074 7267
936 2162
4760 6466
572 2534
4318 6917
1889 3263
365 2739
1712 3439
1884 3260
847 2219
5696 7589
4385 6852
523 2542
4899 6342
1519 3593
5294 8008
6126 7177
316 2774
1220 3882
1838 3264
1959 3159
1831 3287
5564 7758
1515 3608
5209 8106
4333 6937
1866 3250
1654 3466
5261 8049
1529 3588
252 2818
2036 3059
1786 2813
5730 6757
4543 7607
1266 2299
537 3602
40 3110
4545 7630
5369 6390
608 3697
5166 6202
4974 8058
885 3938
40 3135
226 3320
4498 7566
876 3954
4609 7711
5015 8116
1871 2924
399 3500
1411 2464
182 3221
4353 7461
935 3971
759 3794
509 3544
324 3438
1854 2837
1782 2779
4415 7442
269 3363
5911 6969
4385 7440
1357 2431
308 3334
1654 2629
1032 2110
6014 6982
5222 6239
1246 2277
1987 3071
533 3625
1910 2891
1138 2125
4144 7280
4567 7570
1599 2681
344 3359
5229 6181
5050 8176
4827 7824
5378 6478
5180 6258
438 3576
491 3492
5918 6990
5942 7013
4356 7506
6003 6955
4795 7906
1958 3068
5458 6408
4845 7862
4202 7217
816 3950
818 3949
4123 7236
294 3398
737 3713
416 3526
778 3948
1193 2254
5202 6202
1006 3973
1984 2987
1369 2356
5619 6557
1364 2362
5681 6751
571 3668
644 3819
1112 2090
6033 7139
5947 6984
5020 8175
340 3363
4685 7732
4575 7588
5856 6813
4620 7793
4464 7437
4542 7486
688 3634
1746 2646
5949 7098
4794 7731
353 3560
35 3242
6047 6933
1038 2180
1711 2594
687 3617
5238 6392
540 3731
5320 6232
118 3303
6 3223
5334 6211
4906 8125
5992 7153
4930 8155
5251 6169
1766 2685
762 3684
1568 2688
367 3534
5908 7093
4932 8167
4323 7239
5352 6222
4412 7578
136 3106
75 3296
5558 6426
5504 6444
5602 6476
5337 6263
771 4019
4357 7604
1778 2625
4263 7187
4848 7749
710 3699
1062 2205
1004 3921
4534 7432
1380 2523
164 3172
5989 7077
310 3570
1498 2335
4277 7280
1771 2605
1520 2359
5995 7084
5425 6648
5435 6642
4512 7530
710 3597
1539 2760
4781 7805
745 3641
4103 7381
5692 6891
437 3437
1742 2583
5173 6383
694 3691
4726 7848
5207 6327
5387 6632
5206 6322
5646 6889
5332 6204
4129 7368
5969 7099
858 4016
1039 2275
1001 3844
6058 6980
4227 7281
1892 2966
5907 7136
116 3200
4701 7849
2010 2863
4836 7698
4160 7350
1391 2457
4750 7798
4099 7417
714 3633
5245 6273
565 3784
1173 2154
57 3384
4239 7565
4891 7704
4499 7312
900 3712
4309 7632
5751 7026
899 3717
1852 2618
6078 6839
5033 7842
6053 6830
1135 2403
1286 2059
5920 6702
1452 2210
219 3540
5465 6217
1419 2203
5088 7920
2003 2752
947 3744
140 3480
1160 2460
1207 2466
5048 7853
593 3911
5004 7834
1041 2310
5748 7021
4144 7467
884 3688
4115 7437
5013 7819
31 3328
4372 7220
4497 7344
6080 6881
1351 2149
867 3655
4357 7201
5151 6457
4341 7635
154 3517
793 3634
4424 7268
1722 2967
1611 2918
4727 8025
4997 7861
1020 3788
4628 7972
4882 7712
1588 2822
5163 6424
4376 7211
5064 7931
727 4068
4238 7610
5958 6770
4959 7782
4900 7709
488 3282
1756 3047
4562 7401
1352 2164
885 3659
952 3719
1613 2829
204 3465
5152 6501
786 3674
5857 7080
742 4015
206 3458
4375 7259
5651 7007
1178 2518
4905 7780
5778 7135
1949 2768
169 3558
5370 6570
891 3626
4535 7397
5952 6677
5849 7052
4690 7941
343 3087
573 3940
4938 7699
5806 7159
4536 7394
4758 8138
1235 2482
1281 2147
1299 2160
1403 2072
5946 6749
5887 7064
5168 6490
5712 6971
5927 6731
4296 7590
6087 6825
1116 2355
1893 2581
279 3174
440 3275
774 3698
722 4004
5237 6403
280 3182
4233 7678
5561 6338
1380 2079
600 3877
962 3773
4533 7370
5606 6297
4116 7572
5256 6409
403 3089
87 3541
5884 7032
5314 6468
5527 6160
5440 6347
4378 7319
4782 7998
4211 7648
5178 6574
449 3159
4767 7944
1577 3006
4318 7497
4352 7320
4477 7397
4224 7449
2030 2677
1434 2049
1079 2473
646 3864
6010 6884
1016 3686
4294 7512
809 3720
1569 2946
1428 2096
1497 2172
5998 6856
1825 2695
4186 7667
4416 7402
5996 6854
574 3989
522 4006
4422 7403
4206 7616
4664 8087
5060 7796
2018 2643
1757 2924
5190 6644
5850 7023
4297 7551
5144 6575
5818 6914
89 3552
2037 2638
562 3982
4258 7454
1983 2562
1974 2568
472 3174
155 3417
579 3974
6044 6745
5446 6275
5720 7057
1395 2234
4500 7258
740 3892
1311 2255
1841 2791
4920 7918
5704 7071
4102 7646
1325 2293
4396 7414
5654 7112
4895 7935
5413 6340
4197 7556
6015 6813
5585 6197
4947 7863
4940 7851
5874 6938
1336 2256
1542 3055
953 3667
1994 2596
1695 2928
5306 6473
4904 7899
4789 8001
1469 2120
5734 7056
5873 6921
914 3690
996 3612
674 3932
4360 7944
5973 6481
1644 2153
233 3820
4715 7277
232 3812
4301 7874
5111 7655
1919 2415
1181 2703
1799 2323
352 3957
4816 7369
5630 7143
4652 7221
622 3186
4774 7355
5430 6952
1180 2748
1338 2842
4668 7197
6091 6634
5485 6991
814 3341
6129 6615
5721 6257
605 3189
4249 7857
26 3633
229 3784
5518 7102
5886 6351
4646 7188
4809 7418
4289 7922
6140 6602
4821 7405
5915 6434
1763 2264
1484 3057
1827 2334
462 4080
1956 2532
1108 2578
5607 7087
499 4025
4316 7831
6026 6599
192 3727
5623 7096
1935 2496
630 3110
1183 2767
1517 3005
1007 3518
1817 2376
4495 8155
4875 7518
4991 7465
5011 7621
5535 7110
4206 7735
1765 2236
1103 2580
1786 2212
5687 6248
5878 6294
1634 2051
1814 2420
392 4076
1494 2995
4096 7781
5342 6840
4679 7201
1820 2426
1646 2054
4986 7440
4747 7393
5976 6451
6051 6607
4554 8103
5159 6730
5770 6372
1213 2771
5581 7074
552 3143
1202 2781
1724 2259
1960 2503
2044 2444
4323 7827
77 3645
4405 8004
4461 7967
1294 2941
1438 3048
784 3431
5931 6492
1927 2544
4485 8184
1111 2602
5888 6525
1707 2260
244 3701
78 3791
5707 6345
1341 3007
1716 2102
5786 6175
608 3306
4948 7640
4699 7381
5056 7502
822 3494
878 3583
21 3718
4608 7317
1871 2520
1374 3014
1731 2138
5 3743
590 3282
5703 6363
5649 6287
1436 2876
795 3515
5103 7501
4463 8141
80 3827
101 3782
1141 2769
1030 2723
5087 7546
5633 6310
4517 7949
1532 2900
174 3591
5597 7031
1877 2558
4181 7928
59 3734
6025 6438
5640 6328
4855 7237
1737 2173
96 3797
5186 6903
502 3905
5580 7035
4963 7643
6128 6472
84 3822
4330 7764
4900 7579
4464 8114
561 3319
4717 7339
1872 2455
4727 7356
839 3464
406 3929
931 3442
1077 2784
1008 3365
5991 6577
5544 7024
5944 6624
5953 6552
4754 7246
5990 6587
5048 7515
5506 7015
5391 7145
363 3970
4189 7863
5819 6225
1991 2348
842 3495
5187 6828
4191 7856
121 3721
4926 7630
4353 8179
5136 6883
1671 2162
5331 6692
1467 2883
48 3785
5937 6607
569 3270
1807 2063
4731 7549
1421 2699
4558 7881
767 3576
627 3450
5897 6146
5091 7407
5083 7383
1868 2112
5632 6414
5084 7379
1466 2730
2006 2246
5258 7067
94 3916
5441 6739
5941 6182
5912 6156
711 3539
5318 7122
960 3285
11 3870
4279 8098
1564 2313
1860 2129
5183 6953
704 3542
1136 2919
4824 7631
29 3845
5505 6811
427 3761
317 3622
5227 7028
1644 2419
5810 6549
1240 3057
893 3153
1470 2706
2001 2301
1195 2951
6024 6309
536 3381
705 3567
4228 8117
5116 7374
237 4062
570 3342
5936 6150
4752 7591
2016 2265
968 3315
5577 6898
4118 7979
1473 2689
5982 6174
5729 6434
401 3797
505 3767
1850 2165
4550 7817
5336 7063
1957 2282
4121 8008
4106 8024
5186 6935
4840 7614
7 3921
5613 6843
5562 6882
936 3313
1270 2991
5643 6481
584 3347
1668 2520
5636 6489
5860 6585
1192 3062
6054 6393
1192 3016
4892 7292
5984 6147
908 3311
28 3960
1842 2135
4476 7700
4445 7732
4724 7455
1405 2582
5854 6579
4903 7240
1905 2048
162 4049
1184 3027
4 3952
1362 2599
5955 6197
4455 7696
962 3253
1377 2582
395 3825
403 3823
5192 6965
880 3086
1558 2409
1856 2240
4223 8191
5981 6365
4454 7911
6052 6183
228 3936
5862 6499
1972 2098
141 3851
5492 6898
1336 2750
1857 2249
1915 2291
391 3599
4786 7480
981 3161
1068 2977
4148 8121
5385 6791
492 3683
1914 2283
854 3267
1227 2910
4288 8022
799 3208
870 3313
1000 3199
4647 7615
91 4034
58 4001
620 3575
5583 6738
56 4007
521 3497
6132 6228
4350 8031
1977 2075
5664 6533
4387 7813
4952 7423
5826 6506
1421 2597
1665 2346
1182 2869
1895 2251
5412 6793
564 3481
723 3454
5406 6835
5639 6569
5790 6446
372 3780
4489 7737
159 3886
5663 6573
5358 7004
16 4004
5143 7073
4831 7529
1415 2608
1312 2714
889 3266
824 3203
5121 7101
4528 7792
619 3499
4126 8156
1360 2707
4309 7958
1715 2416
4870 7362
4243 8023
6096 6169
300 3814
4450 7852
5557 6778
5389 6877
1303 2757
4492 7775
1522 2593
405 3649
231 3890
5127 7120
1492 2563
1414 2654
1225 2833
5684 6636
1081 3044
1547 2539
1587 2515
453 3620
5003 7272
1559 2548
1901 2184
853 3248
1534 2587
660 3441
764 3355
5249 7014
4490 7789
5880 6416
85 4029
5653 6655
4888 7415
359 3733
1095 2996
1718 2373
5938 6345
889 3205
4625 7660
1392 2701
3425 7521
460 4558
56 4154
3498 7593
2128 6228
24 4127
1268 5373
2625 6728
1672 5765
1823 5906
3669 7748
1088 5201
1264 5346
1430 5506
2326 6401
3786 7901
1154 5269
3229 7303
1431 5516
3213 7318
3968 8091
2783 6851
3403 7511
731 4806
854 4939
2810 6885
1412 5542
1265 5335
5 4131
3768 7838
4055 8186
3197 7248
812 4867
3142 7273
186 4235
2298 6344
1566 5677
718 4858
2679 6721
3196 7242
1384 5470
3178 7261
2059 6194
3211 7349
3685 7771
2099 6156
113 4145
3064 7098
723 4757
1062 5217
3381 7549
250 4275
2000 6041
1076 5245
1698 5864
3704 7730
346 4369
3914 7937
1730 5775
1247 5265
651 4805
1080 5238
2224 6399
1066 5240
724 4738
1775 5817
596 4620
1712 5864
2343 6523
1903 5902
3777 7843
3053 7048
1232 5302
2665 6671
1565 5754
1743 5799
2146 6154
685 4804
189 4308
3373 7495
1749 5823
2689 6892
1627 5686
3758 7872
1334 5444
525 4734
3214 7421
1022 5005
4036 8113
3279 7354
1276 5259
176 4295
950 5070
4007 8158
235 4247
1998 6066
2836 7016
2874 6981
1353 5581
2001 5973
188 4153
86 4304
742 4704
945 4919
404 4381
3009 6986
2237 6193
3472 7453
922 4884
3699 7904
721 4677
2003 5956
531 4740
1206 5167
1362 5576
2491 6432
1701 5689
708 4696
3966 8162
2538 6519
4064 8061
1078 5291
1868 6098
1634 5827
1098 5355
1828 6022
394 4392
1512 5452
2776 6768
2015 6006
2950 6956
648 4642
3066 6993
1083 5271
2306 6575
1052 5299
2119 6391
3555 7504
3325 7246
2114 6385
61 4232
1112 5357
2382 6651
3209 7231
1394 5578
2317 6580
1063 5277
1829 6046
2860 7057
1096 5366
2123 6388
1632 5855
548 4838
370 4528
3401 7565
3240 7276
3460 7490
3141 7298
3602 7893
1555 5844
2163 6330
3070 6962
3780 7691
1886 6030
1667 5715
1811 6083
1899 6073
612 4791
1390 5565
1110 5253
616 4796
659 4676
1622 5774
85 4236
187 4194
1202 5224
1805 6097
395 4439
1580 5873
2183 6233
1334 5608
3391 7649
1554 5836
1570 5827
3081 7400
1771 5642
2846 7162
1015 4880
941 4938
2305 6632
557 4804
2598 6860
2182 6253
3913 8101
973 4897
199 4137
2053 6379
2435 6514
634 4750
3121 7367
2702 6776
804 5075
1451 5468
2199 6255
3166 7335
67 4282
3681 7832
732 4645
974 4914
3432 7573
2667 7018
3549 7388
2002 5840
4040 7885
1167 5514
3335 7183
3323 7666
3357 7191
2802 7161
414 4242
2379 6212
2855 6711
2770 7104
2285 6654
798 4618
2914 6775
3964 7787
772 4636
136 4502
3661 8018
475 4292
1161 5526
3185 7505
351 4220
115 4437
677 4994
3079 7471
320 4201
2441 6304
1069 5383
3301 7625
1480 5349
3746 8076
3404 7267
3265 7662
3035 6900
1588 5915
3934 7790
1181 5548
2332 6190
3019 6905
8 4412
1408 5302
794 4652
704 5111
810 4626
2871 6669
13 4407
4009 7829
824 4614
1157 5572
3640 8059
2990 6888
3330 7236
909 4810
30 4436
3273 7554
225 4522
3085 7494
1319 5227
2443 6343
999 4779
754 5055
2134 6427
3523 7315
495 4287
3975 7890
3595 8029
2273 6583
375 4143
4053 7822
3414 7181
2236 6625
1898 5684
1326 5233
178 4563
3377 7251
2392 6204
2756 7075
199 4525
1339 5200
452 4267
3654 7990
2820 6772
443 4299
2302 6538
3833 8078
253 4484
791 4718
362 4112
2115 6456
2118 6461
3869 7777
1453 5328
3679 7969
1781 6005
244 4468
1197 5421
3747 7970
3860 7829
3918 7884
718 4941
4026 7741
2909 6874
3410 7387
3810 8041
2683 7152
2131 6621
3786 8005
3711 8175
2132 6597
2848 6834
1659 6127
2255 6490
3005 6696
577 5078
259 4244
3129 7585
1317 5308
2014 5700
2992 6698
1262 5492
2845 6790
3962 7905
920 4612
3230 7427
2885 6875
3260 7459
1563 6075
1789 5983
2795 6985
1758 6012
2161 6610
2045 5726
1283 5285
1464 5150
1624 6142
1921 5672
2659 7114
2530 6219
838 4842
790 4793
3400 7399
3929 7926
1543 6056
2431 6349
368 4290
3510 7173
2775 7011
2522 6254
1751 5987
3198 7627
2850 6807
1274 5455
1681 5926
1922 5685
1625 6126
709 4989
3638 8078
1783 5966
1996 5749
2238 6404
1731 6008
2380 6387
3271 7544
872 4777
2934 6836
2873 6909
92 4505
275 4310
1549 6088
331 4237
2968 6736
1726 6004
3580 7223
2328 6356
3873 7917
1271 5434
1729 5903
526 5056
2895 6815
882 4771
3801 7947
3078 7637
1510 5171
4049 7686
3930 7821
4045 7701
982 4622
3986 7752
2971 6726
1494 5131
1400 5286
1791 5917
691 4944
966 4645
241 4372
2887 6818
3180 7562
3124 7645
1848 5841
2612 7130
1727 5964
1526 5122
478 4136
2727 6992
3804 7973
413 4198
3038 6689
2598 6182
2708 6289
1454 6056
20 4627
2694 6273
960 4552
845 4420
246 4863
1262 5863
3319 7932
3971 7567
1714 5311
2152 6758
2827 6405
3412 8026
446 5041
161 4785
370 4961
2957 6552
1297 5892
463 5082
2197 6787
2735 6328
2943 6504
1174 5761
50 4650
3773 7332
1843 5417
826 4384
3162 7745
3353 7938
2446 7086
2888 6505
587 4202
3080 7724
3163 7806
2400 6983
425 4992
2013 5623
3280 7934
2901 6500
1885 5487
1958 5525
2908 6505
3701 7234
2978 6554
1598 5127
1302 5932
1009 4554
2485 7054
1539 5176
114 4687
1913 5433
1949 5594
2108 6772
2050 6729
1732 5263
3982 7619
944 4605
3760 7422
3015 6550
2692 6353
2465 7161
156 4805
1256 5811
3783 7323
2868 6504
1003 4533
1222 5784
362 4917
1126 5638
3237 7876
382 4890
601 4158
2278 6796
143 4835
4028 7632
937 4549
1056 5708
1419 6118
3661 7203
318 4944
3617 7249
3992 7660
607 4139
3184 7684
1620 5154
3805 7338
898 4602
847 4406
3521 8120
981 4526
943 4563
2591 6242
682 4311
3150 7728
653 4338
2631 6200
2831 6512
2702 6158
8 4744
3809 7264
877 4591
3246 7725
1221 5702
859 4575
454 4929
65 4809
18 4762
1041 5785
1248 5737
3512 7985
1984 5449
2730 6177
2034 5503
3766 7224
1070 5793
586 4314
1284 6037
2405 7158
2465 6962
2977 6457
3409 8137
1340 6054
1254 5756
2975 6405
1910 5612
1914 5600
2064 6795
3227 7687
3450 8166
2676 6376
3190 7915
344 5063
2958 6446
1694 5183
2654 6399
137 4655
1247 5752
1640 5312
432 4889
9 4768
2268 6775
2186 6694
2097 6812
417 4878
3875 7564
3738 7210
3222 7719
2884 6646
1396 6087
2829 6590
1720 5133
3126 7811
2678 6348
3648 7420
2355 7053
1941 5419
3857 7633
1252 5668
3092 7888
2568 6349
595 4246
681 4192
3307 7714
3532 7942
1286 6093
1146 5809
3536 7966
645 4170
3452 8108
223 4623
3332 8149
3562 7993
2828 6623
3291 7688
1420 5977
3584 7382
2348 7156
3171 7871
2392 7045
1776 5166
851 4530
2330 7160
307 5072
3524 7975
1933 5480
1024 5861
789 4594
1839 5576
2287 6663
2502 6958
986 4403
2899 6586
2168 6802
1410 5992
2455 7036
2583 6396
3058 6431
2679 6279
211 4643
3198 7820
98 4753
1083 5832
4076 7448
128 4726
2185 6783
2929 6534
853 4514
323 5051
1643 5267
112 4746
3912 7602
310 5065
3100 7907
1388 5742
3076 7936
2076 6936
3250 8118
3051 6380
3364 7724
947 4281
3232 8107
1082 5937
1664 5516
1164 6016
2781 6608
2238 7089
3072 7952
1019 4330
607 4430
785 4098
1309 5646
2683 6510
922 4236
4 4893
2986 6320
135 5021
2504 6867
3739 7559
4078 7410
1501 5825
604 4417
3644 7452
626 4434
149 5044
1230 6124
3607 7476
465 4855
619 4429
875 4163
2303 7127
2847 6198
3803 7665
2004 5374
3616 7435
4044 7392
2473 6789
1067 5895
2733 6528
1784 5589
2527 6895
2362 6667
111 4958
3424 7761
1779 5570
1142 5954
949 4225
260 4670
386 4792
1571 5400
650 4535
347 4709
501 4811
3459 7875
1256 6057
1602 5379
4056 7322
1709 5614
1223 6019
277 4688
46 4969
2027 5283
978 4250
1938 5336
3518 7925
1116 5904
216 5012
1025 5965
1447 5867
2521 6804
3148 7964
2611 6499
2905 6153
603 4362
730 4488
3132 8040
3770 7662
2981 6384
2499 6810
3464 7892
1164 6096
3511 7914
2485 6890
2906 6200
701 4574
1554 5489
1363 5686
1208 6109
3451 7708
2481 6870
628 4380
2099 7002
443 4818
1964 5319
1438 5874
1133 5888
3876 7242
266 4709
1257 6041
645 4596
234 5017
3308 8095
3609 7532
623 4377
907 4349
1571 5460
700 4555
1941 5356
3400 7729
3054 6295
1928 5362
549 4440
1449 5844
1740 5553
2154 6935
3872 7263
2054 7046
1006 4204
1098 6089
1231 5963
2018 5220
2906 6355
1962 5158
2070 7066
802 4270
2540 6754
927 4113
117 5114
813 4284
490 4729
214 4928
649 4383
1191 5951
1677 5396
60 5030
2780 6471
2971 6151
862 4290
658 4366
2467 6719
3300 8058
2020 5243
570 4507
3747 7426
793 4284
897 4132
551 4482
527 4521
2232 6928
1513 5696
3498 7683
4022 7199
2726 6412
2474 6656
725 4478
774 4266
760 4437
1707 5382
2870 6296
2093 7042
2140 7144
988 4201
1845 5248
2275 6997
1142 6094
1475 5753
2610 6536
195 4989
1784 5447
161 4894
2660 6564
1965 5228
3775 7550
3161 8090
3063 6196
1124 6048
3567 7721
1004 4138
2004 5139
892 4276
4024 7283
538 4566
1815 5338
1203 6013
679 4471
3882 7419
759 4388
1661 5544
602 4492
1534 5673
1410 5722
1675 5457
1007 4149
504 4642
2100 7124
3180 8076
2254 6956
3795 7479
3427 7815
2453 6771
2549 6674
1987 5167
2555 6679
2115 7091
378 4745
3247 8028
3748 7504
3039 6186
1709 5464
147 4964
1240 5921
2253 6966
2194 7017
3976 7284
3902 7362
2450 6767
1876 5289
2024 5142
1930 5236
3227 8036
685 5804
1574 4644
1851 4925
591 5703
2257 7386
808 5923
3076 6152
2939 8055
665 5781
1686 4760
1988 5067
799 5903
3317 6372
3255 6310
1908 4965
3837 6894
1976 5038
4077 7157
788 5901
3164 6215
3390 6437
2903 8012
3154 6222
2588 7681
2200 7353
2321 7472
3215 6317
1656 4699
3411 6518
3211 6317
4040 7150
957 6042
51 5140
3529 6638
2766 7913
744 5825
2307 7466
2010 5107
3448 6484
1888 4942
1919 4943
2107 7178
302 5404
1093 4215
170 5273
149 5281
3811 6870
3630 6683
2861 7960
783 5945
1219 4340
2 5173
2911 8039
1241 4320
1515 4561
257 5435
3270 6394
913 6063
2815 7873
258 5436
601 5735
1741 4850
3485 6562
2547 7603
3368 6506
2037 5047
3807 6810
3989 7123
3397 6402
2464 7657
2628 7694
1288 4420
2743 7931
3219 6367
1295 4418
1911 4922
375 5432
3206 6358
1305 4425
3764 6886
2973 8142
3194 6190
1037 4185
3682 6711
2421 7459
1370 4365
597 5645
1985 5016
3672 6657
1018 6049
379 5415
736 5823
2171 7194
2744 7897
630 5653
258 5478
1848 4959
4005 7106
2229 7388
2775 7869
1249 4234
2976 8139
2510 7587
2937 7959
3048 8089
3331 6513
37 5207
1459 4544
4074 7068
3983 7160
623 5655
467 5547
2082 7259
3122 6219
3520 6591
3347 6546
3067 8057
290 5537
3969 6919
3206 6144
3158 6352
2441 7438
1831 5036
53 5310
3193 6391
758 5753
3438 6652
428 5438
1767 4721
3596 6811
4065 7033
2047 4966
640 5661
3856 7055
3754 6709
909 5933
1502 4476
2965 7991
1609 4842
3420 6648
3900 7065
2816 8102
3382 6545
2915 8141
366 5568
2970 7978
1538 4786
741 5719
964 6000
3535 6522
3793 6758
3569 6473
2517 7533
25 5282
41 5268
3151 6386
1944 4902
183 5129
396 5427
3378 6541
193 5120
3453 6588
1607 4741
2742 7794
3866 7134
523 5836
1870 4998
2471 7535
2932 8100
848 6017
3673 6794
2057 7389
1155 4182
3907 7060
2331 7628
1489 4360
1923 4953
657 5706
151 5193
2895 8111
2949 8039
1472 4386
1874 5046
3460 6498
958 5976
2306 7658
1358 4518
3004 8021
3934 7090
2247 7211
1836 5058
2297 7191
522 5861
2845 8172
3524 6453
2445 7548
1985 4915
1457 4419
95 5291
2998 8014
3033 7968
1323 4560
3226 6246
2554 7431
3414 6571
3448 6534
2222 7598
1359 4174
3946 6760
2720 8099
621 5995
2660 8034
1832 4655
1226 4547
3465 6272
925 5783
442 5303
2419 7293
210 5596
2444 7299
693 6074
2268 7628
637 5999
639 5996
3468 6303
1818 4623
979 5833
652 6039
2143 7489
439 5288
435 5292
4031 6816
626 5997
3979 6826
573 5919
3419 6265
2974 7869
1858 4710
1939 4790
4089 6876
3097 6463
374 5210
1676 5024
528 5950
1029 4394
3973 6826
1449 4230
2782 8174
2 5426
3435 6233
2495 7307
3614 6954
2889 7804
2083 7445
3756 7067
2932 7756
1925 4797
510 5319
748 6101
1502 4324
2799 8148
975 5876
1162 4532
3940 6694
3984 6868
2894 7691
1720 5117
1076 4466
1623 4881
1809 4697
1821 4695
33 5483
1575 4970
496 5311
1440 4337
2121 7448
2442 7384
1593 4970
3745 7157
3148 6424
322 5142
3796 7043
676 6140
509 5287
3008 7835
3516 6368
2677 7976
3265 6558
772 5734
857 5691
3165 6462
2066 7543
3736 7166
811 5699
812 5701
2193 7677
2606 8002
454 5290
3550 6320
2440 7398
2400 7183
3700 6918
1033 4474
609 5909
2557 7306
725 6061
2787 8090
1583 4949
1652 4879
2070 7574
134 5381
586 6095
2849 7847
1661 5115
1531 4221
3637 7101
3461 6153
1545 4996
133 5384
2879 7858
1622 5081
897 5648
1881 4808
3908 6869
1673 4891
2422 7394
3447 6370
1684 4865
770 5780
4037 6739
1057 4534
3903 6823
342 5327
2150 7676
1048 4483
1846 4756
3501 6158
1294 4266
2280 7500
905 5677
3639 7069
401 5181
1729 4973
3775 6930
3353 6324
494 5184
695 5913
111 5568
429 5148
1484 4222
1573 5014
3947 6877
3440 6342
2189 7482
2019 4703
313 5253
3643 7046
2073 7591
312 5254
3990 6697
1846 4745
825 5881
3473 6226
2644 8087
1734 4869
2318 7370
3790 6920
531 6101
3213 6474
686 5990
2763 7938
2253 7428
3081 6595
393 5189
508 5169
4009 6756
2150 7592
72 5511
3594 7129
1696 4979
1389 4281
1940 4673
282 5314
2750 8037
1996 4625
1866 4759
2517 7179
589 6034
2747 8027
1507 4099
2945 7781
864 5767
3023 7718
3771 6993
449 5162
3133 6609
87 5563
400 5244
3493 6216
380 5266
994 5644
2639 8097
251 5397
2982 7753
2867 7873
3068 7695
1896 4764
163 5462
3859 6884
1373 4261
3082 6640
545 6106
3670 7082
2301 7425
2291 7438
2800 7951
1159 4472
2371 7356
3218 6803
498 6129
1943 4496
1993 4546
3555 7151
851 5471
3101 6672
3931 6486
3608 6167
2289 7934
15 5662
2258 7879
3024 7622
2180 7826
2085 7740
3888 6442
3259 6817
3548 7105
2320 7986
3002 7576
3862 6450
3681 6214
4030 6553
1911 4447
2434 8104
538 5174
2614 7195
198 5867
1916 4435
3318 6855
3339 6970
277 5924
2266 7915
185 5771
1725 4239
204 5886
1427 5030
180 5761
3029 7651
506 6092
303 5913
2060 7739
2981 7570
2552 8143
3482 7072
865 5467
3181 6743
4046 6645
1390 4946
3572 7093
1481 5003
3326 6844
1030 4674
1689 4317
985 5521
2430 7988
3618 6248
1154 4814
1504 5037
2760 7321
201 5787
2586 7245
110 5683
3257 6886
2838 7542
3900 6494
982 5556
3144 6699
391 6115
2667 7182
845 5418
3084 6763
1337 4958
3591 6240
2296 7825
2555 8081
890 5393
3791 6306
1134 4611
384 6125
1139 4637
2630 7208
1503 5041
460 6076
3523 7088
3109 6737
716 5305
298 5980
3141 6717
3847 6527
3320 6786
3861 6510
2081 7775
1322 5034
3261 6716
212 5717
1932 4365
2574 7311
2203 7704
2104 7868
1346 5062
2847 7579
1115 4830
2723 7205
2798 7273
1896 4578
1121 4843
2433 7949
2797 7265
1393 5118
2436 7947
1168 4639
25 5773
3553 7029
2453 7936
901 5405
1201 4649
918 5389
73 5845
88 5831
3203 6688
886 5586
1328 5013
305 6036
744 5198
2411 8140
1284 5034
749 5212
2168 7883
3101 6825
1372 5092
1027 4794
2875 7554
1317 5020
888 5569
3894 6541
625 5322
408 5925
3884 6545
1461 4981
3017 7433
1182 4701
578 5255
461 5899
1206 4721
3049 7470
459 5900
2634 7299
3503 7014
3378 7163
678 5231
2243 7690
2372 8073
2617 7412
3755 6244
547 5363
333 6045
2787 7218
1862 4501
1792 4564
1486 4888
276 6082
1596 4324
394 5970
1653 4268
1292 5079
1293 5072
3857 6604
1278 4640
3653 6299
2956 7532
3283 6707
212 5685
1179 4728
968 5421
3611 6398
2551 7953
170 5698
528 5368
1693 4214
3705 6290
3125 6873
1716 4164
2912 7569
1462 4935
529 5347
1209 4683
4018 6465
3742 6251
2011 4397
1433 4974
1260 4629
518 5369
4023 6472
3728 6544
1934 4238
2241 8128
2178 8064
2617 7483
3372 6703
1064 4908
3165 7001
3566 6891
2235 8125
861 5205
3300 7148
1582 4389
1117 4950
862 5203
2616 7477
2246 8139
3374 6689
4017 6305
3236 7092
1882 4168
3742 6540
1370 4686
1480 4829
969 5343
800 5175
2338 7738
1127 4990
183 6062
1157 5023
2298 8160
860 5190
2084 7940
257 5664
62 5914
2309 7713
2015 4346
3077 6947
283 5692
3724 6564
1870 4199
2985 7296
1578 4352
3170 6984
595 5497
664 5555
2388 7800
1035 4923
2336 7697
3289 7151
3867 6178
1553 4395
1666 4537
850 5230
995 5342
3462 6843
2632 7541
2042 4295
3533 6899
3507 6796
828 5123
107 5930
2217 8174
9 5966
3836 6583
3913 6149
1089 4877
2859 7270
3716 6601
662 5592
757 5563
1897 4153
2913 7217
794 5195
562 5473
1177 5069
3238 7155
820 5217
3436 6714
3033 7311
2579 7498
2620 7517
2804 7568
2663 7427
471 5810
1912 4115
1361 4666
1497 4788
2170 7956
1796 4213
2142 7983
2331 7786
3664 6433
1581 4446
2056 8060
1447 4818
2230 8131
1855 4169
2117 7987
2484 7884
2372 7743
860 5152
2743 7626
2642 7468
3732 6634
142 5902
1401 4857
3335 6789
2394 7897
299 5807
367 5866
1266 4983
2067 8084
1010 5237
2332 7828
1153 4873
3075 7050
3534 6722
1376 4844
2644 7641
2955 7172
782 5278
2786 7539
3299 7025
4061 6223
2637 7647
2700 7455
3883 6335
1747 4422
1475 4692
3470 6681
1887 4294
787 5257
1722 4384
3276 6998
3854 6293
1406 4837
3019 7254
2546 7791
2567 7577
3304 7030
2163 8172
1342 4769
3636 6551
2838 7349
1166 4906
459 5743
969 5228
544 5512
1755 4467
3651 6635
2713 7473
2095 8070
4041 6245
1801 4261
3687 6603
2169 8151
2284 8003
328 5863
2063 8127
4043 6267
1199 4893
1699 4373
2286 8025
3885 6298
216 5984
3694 6614
114 6088
2994 7177
1199 4883
264 5812
1617 4588
3350 6827
2152 8150
3937 6306
3103 7132
2595 7654
3351 6865
656 5463
16 6103
2181 8013
1755 4370
1687 4446
515 5577
160 5994
715 5377
689 5500
237 5949
422 5750
41 6139
1087 5100
805 5375
654 5461
1106 5001
1394 4783
3283 6924
1668 4452
2947 7266
1833 4299
4088 6172
884 5266
203 5932
1901 4229
350 5815
4057 6195
1550 4579
2569 7652
2103 8154
1185 4943
1516 4611
223 5935
1535 4619
3364 6864
1482 4671
430 5723
3160 7085
2559 7689
3119 7124
2972 7271
2016 4126
3312 6927
456 5687
2005 8149
2604 4653
2687 4733
4055 6100
1962 8108
3150 5192
2831 4872
3549 5589
3425 5481
3942 5998
2061 4103
2132 4184
2089 4135
2570 4613
3402 5445
3065 5110
2881 4945
2988 5054
3937 6002
2148 4208
966 7134
3162 5191
168 6325
4011 6070
3072 5150
498 6611
2009 8187
632 6746
2832 4915
3038 5117
2206 4285
1655 7763
1093 7265
3040 5061
3455 5466
411 6590
1113 7295
2630 4718
3463 5551
2801 4827
2452 4542
3111 5132
937 7042
3942 5962
2407 4426
1258 7364
2616 4630
2033 8129
941 7068
2256 4321
2729 4763
2371 4465
2249 4348
493 6616
1465 7553
410 6563
3026 5096
1604 7807
70 6269
2557 4545
3218 5293
559 6767
740 6820
308 6516
521 6728
2950 5060
1548 7758
150 6357
3592 5710
3337 5455
3889 6009
766 6838
3626 5731
3488 5609
444 6646
3956 5950
3018 4992
2989 5089
2486 4603
631 6695
600 6664
2542 4541
782 7003
3892 5986
719 6808
1407 7462
1501 7553
2031 8115
1050 7239
2576 4686
1212 7395
699 6872
1934 8170
2650 4670
3835 5791
778 7022
2997 5073
1471 7641
883 6932
3740 5883
2402 4363
1425 7675
3065 5011
1551 7780
1003 7040
994 7054
3132 5201
943 7106
2330 4468
484 6548
146 6371
287 6508
1745 7845
3118 5210
351 6442
2261 4259
1778 7812
2208 4312
1602 7736
3880 5971
3995 6119
3444 5387
2778 4773
2744 4666
1374 7640
1735 7744
2511 4423
2358 4543
1044 7326
39 6312
4002 5943
1238 7235
2097 4262
572 6827
3338 5522
1337 7586
185 6181
1123 7423
2188 4112
2113 4316
447 6433
3115 5301
1250 7293
3779 5731
453 6500
2040 8027
728 6779
3637 5777
1912 8156
3801 5756
2466 4359
264 6561
3834 5713
1400 7637
4073 5959
181 6148
918 6951
3722 5688
978 7008
1136 7363
383 6603
4021 5900
887 7117
932 6942
1783 7756
3689 5842
515 6845
1591 7816
2941 5053
1376 7586
2874 5113
3182 5293
2198 4178
1233 7189
1212 7289
2928 5045
3013 4864
1183 7257
1148 7348
1450 7520
2288 4156
3800 5654
2468 4458
3696 5822
1275 7220
726 6663
3832 5673
3090 5315
3301 5172
1308 7629
3487 5453
1691 7753
3935 6029
3322 5161
3925 6017
3727 5722
3423 5513
1541 7890
3254 5230
4059 5891
143 6229
2197 4175
502 6445
3021 4880
3946 6069
1314 7618
3604 5877
3302 5124
954 7001
1296 7668
3898 6110
1669 7778
152 6271
228 6159
2161 4253
1257 7172
1717 7768
3010 4908
617 6791
2158 4254
1628 7852
3814 5652
2719 4716
2269 4142
3475 5478
2500 4402
3433 5534
366 6553
3239 5215
2739 4682
2397 4513
2487 4427
2791 4634
236 6162
1973 7860
1288 7168
3379 5177
1287 7180
1325 7206
3477 5274
1399 7271
3044 4853
3351 5125
2475 4286
3952 5738
2761 5076
2826 4631
1418 7316
327 6247
2889 4712
286 6205
2794 5071
1650 8023
508 6362
2405 4162
2881 4714
1706 8065
2384 4192
2245 4597
2545 4291
2414 4189
3189 5446
297 6175
3145 5489
3155 5482
1321 7188
2007 7914
1527 7368
3233 5600
1973 7921
2027 7854
2214 4579
77 6410
3037 4762
773 6733
54 6527
2424 4146
749 7078
1960 7911
55 6503
1263 7612
1952 7927
2483 4331
2356 4204
2414 4151
2937 4640
4082 5800
2187 4587
1239 7605
3167 5436
1605 7971
1629 7994
2058 4451
1658 7955
3803 6065
2500 4271
1813 7801
1250 7568
100 6423
1874 7719
592 6950
3927 5665
2220 4564
2367 4167
917 6895
1101 7479
1269 7566
883 6670
181 6600
2337 4188
1599 8001
2902 4820
2241 4418
3238 5413
1300 7319
882 6907
3471 5125
2354 4280
1263 7524
3872 5803
2117 4553
3246 5411
2385 4319
1331 7331
2839 4741
3746 5942
1637 8177
129 6420
2381 4315
3153 5575
3177 5616
2082 4539
3893 5804
3126 5551
1825 7864
3904 5851
3493 5177
2263 4427
3512 5157
2498 4191
316 6307
2029 7757
1793 7841
364 6350
475 6271
339 6390
1849 7839
302 6281
1280 7337
886 6876
3187 5592
1609 8165
1451 7174
3135 5521
3417 5367
3585 6067
3387 5262
598 7139
3714 5940
3449 5326
2488 4096
3496 5137
3077 5567
1356 7414
2785 4955
1713 7948
3959 5834
2396 4252
3609 6104
544 7138
2341 4327
433 6261
1983 7801
3855 5831
1577 8161
4083 5689
2865 4859
665 6995
3176 5538
3685 6062
2766 4866
1104 7583
2825 4825
514 7122
3114 5624
3407 5277
1339 7401
3243 5496
384 6227
1521 7204
3488 5239
3642 6114
372 6319
3853 5841
1034 7639
591 7058
866 6845
1642 8074
3092 5620
3698 6035
371 6288
1244 7487
2192 4470
2767 4904
476 6203
64 6569
3041 4622
436 6215
1378 7313
426 6238
1279 7435
2554 4111
2172 4491
295 6352
1211 7491
196 6460
419 6235
3395 5305
816 6862
3848 5879
2369 4286
3583 6143
1511 8166
1631 7261
347 7000
1766 7395
3043 4580
3273 5838
3582 6137
167 6831
3042 4584
3268 5839
815 6436
1761 7405
3142 5715
218 6863
190 6822
2128 4680
3705 5216
3806 5315
3917 5459
2837 4363
470 7113
2109 4638
349 7033
2456 5052
697 6300
3826 5332
3280 5879
1382 8014
2687 4183
3521 6123
1989 7656
1696 7310
1386 8024
3759 5276
2591 4140
1519 8152
1398 8015
3528 6130
4087 5580
3504 6028
3556 6105
643 6334
1297 7983
905 6601
1879 7446
2308 4933
2933 4404
2635 4105
3600 5204
3831 5299
1544 7245
1540 7233
1688 7390
1467 8188
2962 4571
2463 5077
3710 5171
2481 5119
4067 5549
1416 8135
3100 5709
3981 5596
1147 7721
893 6447
2041 7595
497 7074
2320 4931
2439 5075
732 6281
919 6593
902 6609
1364 7950
1579 7281
3012 4510
3543 6027
2303 4770
3820 5297
3977 5591
503 7081
1096 7702
1198 7886
4092 5532
3099 5755
3694 5135
3763 5330
82 6704
910 6630
1079 7774
935 6605
2800 4252
1444 8138
2287 4737
3249 5855
3399 5943
2318 4990
1351 7990
796 6509
3030 4517
830 6477
4042 5566
2088 4700
1228 7864
287 7018
3497 6110
1073 7752
2044 7558
3557 6047
2841 4450
3907 5439
2408 4885
2053 4731
270 7024
1677 7410
2461 4894
2352 5043
769 6533
3868 5529
432 6965
1704 7214
1054 7832
2149 4834
2842 4509
2160 4858
529 6300
3977 5380
2213 4648
1625 7383
2358 5049
4050 5469
1002 6501
3202 5650
430 6973
2506 4956
507 7020
2430 5094
1904 7659
829 6566
951 6443
797 6528
336 7154
2094 4749
671 6203
1920 7461
2370 5098
3849 5537
343 7166
859 6641
2156 4807
957 6416
3030 4475
2904 4598
1366 8185
1100 7933
1662 7372
490 6994
217 6753
2641 4328
2650 4326
481 7004
641 6206
1808 7599
1358 8177
534 6359
2460 4957
1324 8164
3462 5967
2756 4109
424 7010
438 7037
3377 6141
2799 4131
1780 7227
2467 4979
3988 5447
3130 5871
934 6512
2958 4441
1133 7866
1429 8013
779 6610
2026 7475
3269 5660
3272 5650
3155 5768
2386 5001
1422 8018
3640 5348
1102 7827
2759 4122
2588 4289
3881 5620
2691 4188
1544 7400
3416 6072
2862 4559
2909 4540
2609 4307
3120 5842
3729 5235
3636 5328
3010 4391
1382 8079
803 6602
770 6633
3721 5220
3354 6122
1055 7917
3086 5885
312 7115
1405 8072
153 6766
1504 7960
3843 5631
3762 5199
2458 4967
3090 5906
1407 7807
1429 7828
775 6150
2078 4892
956 6334
68 6982
3430 5728
2459 4765
4014 5288
534 6428
3373 5671
798 6161
1697 7601
843 6235
1237 8135
2737 4516
3042 4343
3651 5461
2965 4227
933 6333
696 6560
1822 7175
752 6636
3228 6016
338 6735
1059 7996
3352 5688
3098 5946
2592 4354
3204 6055
1562 7481
1444 7809
263 6690
3264 6117
1122 8007
2388 4723
227 7108
1019 6364
2675 4443
3825 5593
1238 8191
2834 4155
3826 5598
3183 5953
1955 7309
3031 4327
1204 8069
1468 7823
3844 5168
3658 5503
2607 4378
1332 7693
1649 7501
3711 5443
3085 5939
3966 5185
3738 5586
1618 7451
2755 4489
250 7094
489 6822
2272 5039
272 6720
3769 5608
1632 7473
2395 4616
3089 5957
37 7036
2653 4359
3835 5536
2878 4195
2980 4346
103 6919
192 7072
1046 8052
3734 5618
2651 4414
2636 4393
3073 5988
333 6696
326 6688
895 6168
2920 4111
840 6191
879 6151
83 6971
36 6988
447 6868
3051 4224
3412 5695
779 6245
2549 4740
1017 6283
451 6833
317 6734
1150 7946
2259 5031
4024 5325
1802 7292
2265 5024
2649 4389
992 6302
2360 4678
3380 5813
1049 8088
3584 5505
3588 5511
3084 6031
34 7078
1014 6259
697 6448
1225 8003
2997 4159
3022 4165
3992 5139
2357 4793
2312 4742
3106 6061
2060 4995
3215 5919
505 6761
1085 8109
1691 7439
852 6338
3002 4141
673 6458
1788 7527
769 6298
142 6930
3271 5979
205 6992
1094 8153
1925 7194
1749 7536
3367 5762
1119 8184
3429 5837
285 6839
3385 5778
3975 5164
3906 5358
3994 5175
2641 4604
3599 5538
1938 7228
560 6559
2624 4592
2144 5081
2926 4311
1859 7416
2177 4924
1147 8122
3955 5298
1590 7671
3647 5629
3254 6005
568 6652
2032 7221
3406 5768
3935 5272
1893 7330
2753 4358
3146 6018
1335 7935
2857 4321
589 6532
637 6580
547 6633
434 6777
184 7027
2364 4848
2788 4393
1236 7963
3719 5448
4016 5247
4019 5219
2619 4586
932 6262
2762 4382
2851 4341
210 6917
81 7049
412 6725
1303 7882
1411 7772
1675 7531
4036 5156
1185 8000
33 7107
3777 5410
3920 5300
3540 5681
569 6623
1424 7800
2955 4193
4030 5205
293 6857
236 6913
3358 5875
2752 4398
564 6619
2179 4978
3138 6064
1970 7238
137 7037
2647 4515
1861 7345
3075 6134
3932 5289
1594 7629
1976 7233
830 6343
3424 5785
1711 7509
1012 6159
722 6441
3131 6080
3589 5625
2682 4486
1660 6780
361 7528
3708 4734
3293 4313
2850 5926
1387 6511
3997 5017
2807 5875
784 7957
3725 4744
97 7270
3951 4967
1205 6329
868 8040
1507 6639
3391 4403
2462 5522
482 7663
563 7742
3635 4668
415 7567
371 7522
2315 5402
240 7393
3573 4583
1590 6693
3709 4713
2758 5840
2493 5541
2888 5968
3592 4626
1167 6292
1826 6973
1310 6401
755 7891
1187 6274
2704 5809
2410 5448
3805 4863
1201 6291
2856 5899
3995 5055
3943 4931
2364 5403
965 8162
2678 5727
991 8181
817 7962
1931 7079
511 7634
3144 4198
3833 4822
912 8096
3643 4617
3562 4572
3324 4298
1587 6661
756 7875
597 7788
1459 6537
2145 5211
1065 6162
3291 4320
2553 5573
2085 5146
2903 5910
1042 6224
444 7679
888 7995
3354 4444
2445 5579
2357 5490
669 7898
1118 6166
3459 4553
1936 7130
305 7548
4032 5006
3961 4919
3018 6040
811 8063
2142 5128
1640 6718
3091 4171
1248 6332
3670 4619
2484 5609
1672 6889
2573 5740
1746 6835
3642 4696
2343 5445
4032 5026
2917 5894
2375 5411
2552 5533
995 8068
224 7303
3646 4694
22 7294
1906 6939
826 8019
2094 5188
220 7350
202 7328
2192 5371
429 7622
127 7187
1947 7159
252 7314
2119 5160
2808 5769
2366 5453
963 8112
3216 4326
2728 5854
2247 5296
1864 6961
3789 4790
2979 6111
3641 4677
727 7849
3544 4440
207 7247
1656 6906
3748 4641
1719 6719
311 7615
1764 6765
1383 6637
3678 4821
52 7359
3868 5008
2860 6049
3741 4624
1397 6651
4056 4937
2191 5148
1674 6686
1165 6168
1145 6380
837 8147
2925 6133
2271 5188
1299 6542
3665 4812
3883 5045
3017 5993
895 8157
3950 5068
2135 5365
1229 6254
2133 5366
2716 5690
1296 6584
1176 6193
2073 5298
413 7478
1642 6849
1840 7071
1443 6419
1177 6187
3253 4102
2528 5459
1753 6762
4092 4937
1486 6520
1684 6691
1226 6258
28 7333
3003 5889
1190 6173
1777 6730
2682 5830
1992 7028
3241 4116
2352 5517
1509 6491
3116 4243
1260 6188
3268 4100
558 7918
803 8163
2645 5783
3094 4308
2789 5670
1516 6441
576 7815
3862 5073
622 7846
2523 5395
3827 4664
3561 4391
4095 4913
2292 5156
890 8106
3526 4374
2693 5716
827 8169
532 7878
1196 6270
973 7966
1561 6861
746 7743
1084 6373
2858 6131
3706 4771
2527 5380
2366 5605
1476 6426
1864 7082
1821 7167
2333 5625
1009 7957
1038 6378
3443 4502
2141 5307
2817 6121
942 8006
2324 5629
3386 4560
535 7932
2794 5638
757 7705
248 7190
915 8060
3571 4355
1197 6236
2056 5371
1163 6264
2983 5971
3530 4415
2866 6085
1518 6422
217 7200
1413 6524
3453 4487
3891 5064
3088 4332
35 7390
4000 4769
1532 6397
1218 6592
1591 6964
2289 5621
1080 6461
341 7248
1739 7118
2470 5280
195 7620
2026 6893
1067 6444
3985 4761
3362 4139
2839 5659
2834 5662
1670 7051
1084 6451
783 7680
3338 4101
1448 6332
1857 6740
3099 4366
2652 5963
1188 6588
2125 5463
2698 6032
1223 6618
319 7202
2187 5525
2310 5145
1025 6437
1423 6314
3798 5104
1245 6650
3994 4797
1655 7006
245 7644
3629 4868
1535 6356
849 7802
1643 6976
3586 4911
2657 5964
3191 4441
3508 4250
1523 6339
289 7185
556 7965
2944 5811
1761 7125
4001 4757
3682 4950
51 7429
3799 5089
2662 5980
402 7336
3923 4712
2835 5679
2519 5354
3105 4382
3610 4901
3904 4735
428 7404
1054 6492
3321 4538
2567 5955
844 7689
2077 5466
2148 5420
3965 4660
2880 5641
1171 6617
879 7716
2875 5744
3919 4612
1713 7165
74 7431
1541 6987
3967 4653
1328 6243
3309 4536
1687 7105
4072 4799
489 7344
3568 4265
3297 4539
4003 4856
3224 4548
2215 5627
1274 6567
2738 6127
2934 5675
1282 6239
1471 6369
1193 6600
3136 4386
1608 6954
1920 6883
3164 4410
1980 6869
855 7740
200 7588
1863 6699
2412 5122
3385 4183
3027 5795
4058 4778
2208 5585
3759 5085
899 7920
661 8161
4026 4815
593 7974
1099 6454
2713 6116
42 7511
1998 6832
2622 6079
656 7954
72 7627
537 8092
3140 4546
306 7354
1324 6308
2155 5602
3281 4442
3372 4256
4005 4649
3369 4263
3262 4401
940 7715
2946 5651
1882 6859
269 7322
659 7940
2697 5904
3376 4265
3970 4633
3898 4774
2065 5519
335 7407
614 8132
679 7939
267 7331
2627 6122
762 8019
3666 5112
780 7840
2561 6063
3790 4961
2251 5476
3104 4497
1596 7055
996 7767
3477 4129
3055 5723
3546 4207
1681 6950
2220 5403
4090 4674
3020 5748
1671 6974
203 7537
3337 4274
102 7642
3763 4879
1651 7118
4094 4672
2631 6136
385 7232
3322 4408
3611 5087
2599 6115
1763 6948
1396 6335
833 7820
457 7193
4087 4647
2519 5126
3545 4104
3375 4348
81 7559
52 7650
291 7419
948 7790
274 7369
1512 6195
3494 4216
3751 4984
2492 5213
2954 5739
3553 4101
3210 4460
2734 5960
3815 4878
3758 4932
2992 5724
3753 4933
1040 6653
3806 4912
2340 5322
1308 6382
3792 4898
412 7279
2023 6676
983 7715
168 7516
3166 4523
657 8036
3418 4271
1013 7683
617 8095
919 7777
1152 6521
541 8164
1728 6970
3564 4118
856 7843
3570 4105
3295 4387
638 8066
1986 6718
2081 5599
3139 4540
377 8057
1214 6847
57 7739
2672 5234
2317 5896
2566 5135
1224 6849
2741 5307
3530 5061
2338 5933
1255 6903
519 7190
2872 5418
2108 5679
2321 5892
997 7664
1750 6336
2765 5339
988 7626
495 8185
1856 6488
314 7970
2028 6645
1050 6659
2612 5165
675 7353
335 8021
513 7196
3693 4211
1190 6841
4013 4495
1804 6447
325 8038
680 7307
2401 5957
776 7457
2779 5361
1111 6781
4047 4580
1436 7095
1146 6741
3811 4306
3910 4466
357 8017
2621 5131
2961 5542
3978 4541
1388 6997
2446 6068
2680 5187
1474 7167
1242 6887
3926 4459
2722 5276
266 7988
2233 5766
3924 4368
1637 6179
1046 6737
2882 5386
1255 6831
1730 6284
4071 4521
1032 6744
841 7451
1603 6161
2738 5345
2710 5317
1660 6184
1957 6642
2174 5671
3190 4650
3537 5006
285 8002
1139 6675
3502 5066
2690 5350
113 7700
2198 5872
130 7908
2399 5944
3025 5562
2535 6027
849 7457
2278 5782
48 7744
339 7968
500 8071
1151 6665
2673 5126
1528 7041
864 7450
2283 5776
1479 7099
574 7358
2819 5507
599 7379
174 7722
31 7835
765 7291
561 7351
3020 5451
2852 5549
1245 6740
692 7230
3542 4954
2768 5212
2917 5611
1508 7019
2139 5835
894 7661
105 7933
259 8086
992 7543
3053 5493
350 8134
4070 4479
2561 5275
1503 6978
3479 4874
1251 6782
3037 5500
1060 6784
2613 5267
2489 5918
745 7232
3922 4601
349 8176
268 8098
3615 4273
4057 4457
315 8074
2638 5372
559 7324
3778 4214
2043 6478
2985 5404
221 7784
1851 6540
3621 4253
332 8180
663 7215
925 7463
420 7967
1235 6765
3277 4722
2427 6084
1005 7471
1074 6897
3865 4572
3421 5019
3346 5077
3380 5118
247 7741
3644 4342
134 7757
3505 4986
2740 5242
3578 4917
3445 5028
3919 4510
3124 4832
1902 6584
1760 6198
141 7765
442 8032
2196 5711
3394 5023
4044 4369
3409 5007
2071 5878
3752 4169
286 8188
4061 4410
98 7818
1617 6331
253 7703
2921 5507
2038 6427
1850 6612
2373 6059
2942 5519
3220 4710
2708 5223
558 7386
2130 5798
1797 6640
3226 4719
3802 4141
2404 6045
2155 5777
3052 5398
3796 4142
382 8069
319 8129
450 7997
2574 5390
686 7598
615 7525
989 7391
2068 5910
418 7841
896 7301
1891 6246
3007 5303
226 8169
1522 6908
1583 6463
322 7762
2211 6066
1304 6665
3489 4787
1612 6495
304 7717
2104 5934
1481 6878
1350 6750
3887 4150
3192 4962
2448 5771
3426 4735
1897 6217
2867 5138
3467 4777
321 7783
874 7235
3091 4921
1432 6834
2497 5869
2619 5385
1667 6576
2235 6029
3543 4847
165 8094
2925 5206
2434 5820
930 7325
470 7830
3256 5112
2324 5716
726 7572
954 7416
2746 5628
2728 5615
2242 6026
3328 4680
682 7651
101 7980
2221 6113
2603 5477
2857 5223
458 7813
3235 5114
2993 5356
2421 5675
3792 4531
1249 7047
2327 5744
3546 4787
970 7329
1389 6662
1579 6469
82 7996
1434 6890
2675 5378
1793 6256
2489 5835
3924 4128
3903 4170
291 7766
3269 5040
2531 5780
1053 7012
314 7747
1595 6466
2954 5367
1291 6773
414 7904
337 7727
852 7380
2680 5624
1674 6410
3813 4448
3839 4473
2778 5458
1170 6939
3709 4599
2751 5429
1152 6922
1708 6438
3316 4985
768 7309
1551 6557
4048 4162
916 7170
1320 6847
955 7203
3669 4556
1498 6727
3501 4659
1309 6787
3083 5012
1344 6882
3476 4662
3122 5014
765 7514
1023 7255
2745 5399
2349 5789
3277 4988
1418 6715
1485 6782
3793 4452
1951 6184
3984 4136
1646 6614
3172 5086
1399 6860
2984 5140
1349 6905
3647 4481
955 7290
1739 6408
2486 5746
3061 5170
1053 7125
3847 4301
70 8075
3915 4229
3112 5094
3931 4244
2656 5552
2436 5718
644 7510
2811 5416
2668 5560
638 7595
1287 6865
635 7597
980 7170
1648 6568
3565 4660
1313 6904
1605 6559
1301 6862
906 7254
3026 5134
1077 7144
2666 5559
4038 4120
1665 6494
4003 4163
1718 6486
3366 4807
3179 5002
1463 6748
3039 5172
3467 4711
555 7621
2083 6093
2374 5801
660 7527
2166 6030
3536 4651
492 7698
1341 9533
928 9125
1506 9704
700 8873
1446 9649
1110 9281
1454 9654
568 8738
1209 9379
511 8676
1109 9290
908 9132
145 8368
1745 9972
1218 9449
869 9044
506 8651
1493 9703
1500 9705
1630 9833
605 8810
1109 9325
386 8635
368 8523
1166 9393
1344 9599
596 8725
1306 9563
664 8921
984 9116
874 9007
389 8640
649 8908
1664 9937
19 8258
543 8777
743 8892
1546 9813
1068 9331
18 8269
340 8503
1420 9700
313 8529
609 8715
983 9147
1354 9508
441 8663
496 8607
1499 9652
246 8327
1567 9836
1135 9242
1427 9700
507 8576
1254 9370
128 8445
634 8709
683 8747
329 8650
105 8431
1790 9849
20 8348
913 8986
1058 9390
1088 9425
45 8380
1241 9281
158 8198
760 8794
1757 9850
1001 9025
407 8485
688 8707
58 8335
282 8620
23 8352
59 8323
1115 9442
144 8235
1702 9828
748 8743
1692 9815
1550 9923
701 8812
920 9033
580 8855
193 8218
527 8916
771 9183
1042 9420
1276 9243
677 8783
610 8840
1647 9857
911 9087
980 8997
1128 9370
62 8394
363 8605
276 8684
1058 9511
1482 9421
1878 9798
1499 9416
2039 9954
1923 9878
1975 9902
326 8287
1834 9781
848 8816
698 9114
126 8538
750 9162
896 8869
650 9135
668 9138
867 8780
482 8403
1477 9463
1332 9217
224 8664
1320 9234
303 8298
1379 9259
435 8443
648 9154
1492 9375
1267 9660
166 8694
389 8407
1981 9961
766 9131
2042 9891
182 8685
610 8967
242 8597
1799 9837
230 8604
1052 9575
1455 9426
1065 9559
1278 9601
387 8193
1127 9709
94 8660
1978 9776
222 8533
1966 9791
539 9098
967 8786
1847 9888
1314 9402
706 9051
373 8425
533 9142
926 8765
1020 8792
1367 9456
1049 9649
1384 9415
1889 9936
791 8879
103 8668
1261 9555
1123 9635
1022 8766
599 9109
956 8831
172 8553
265 8398
2008 9744
345 8337
781 8902
421 8297
1186 9580
109 8610
410 8267
806 8946
138 8543
1189 9584
1810 9924
1865 9873
1808 9929
462 8236
984 8767
197 8492
1854 9931
1476 9267
1945 9824
684 9046
301 8406
520 9204
55 8649
1638 9318
1 8707
248 8954
126 8829
255 8953
1233 9948
1986 9683
1126 9854
398 9106
409 9146
1163 9903
938 8590
109 8777
633 8272
712 8422
2035 9665
361 9055
819 8461
427 9108
1811 9516
1205 9975
719 8332
278 9042
1086 9845
1092 9737
272 9055
399 9181
1945 9677
1114 9743
1823 9544
1814 9550
944 8686
1273 9880
10 8811
1081 9818
1611 9261
1774 9349
261 9065
1104 9761
1829 9556
1198 9949
323 9019
1051 9831
546 8287
254 8830
869 8676
923 8479
202 8775
661 8218
215 8774
150 8708
904 8474
295 9141
1572 9399
483 9083
647 8222
1742 9301
2000 9589
1769 9295
939 8454
1706 9243
1863 9717
1553 9388
338 9197
1794 9672
1232 9757
2025 9531
1795 9680
1895 9651
1070 9977
1259 9779
1253 9791
270 9168
1215 9821
1894 9602
1028 9954
1234 9787
256 9194
173 8795
2022 9503
621 8343
1174 9834
542 8473
804 8238
781 8193
1509 9974
792 8203
1688 9612
49 9003
22 8970
1395 9837
1347 9826
1615 9572
627 8519
1816 9262
1078 9984
1592 9473
267 8754
1329 9740
1409 9918
1424 9936
400 8913
1487 9864
1290 9794
629 8505
780 8256
1559 9541
2017 9394
281 8781
923 8390
2012 9346
78 9007
251 9112
1441 9927
465 8889
577 8488
833 8237
179 9180
468 8868
332 8760
967 8369
325 8767
1936 9452
715 8628
221 9122
1818 9369
1483 9806
1922 9226
233 9057
177 9019
494 8804
1682 9502
108 9186
1584 9663
32 9137
1697 9525
2030 9339
1905 9446
631 8682
1626 9722
1929 9257
1921 9258
461 8800
256 8877
1844 9348
1495 9830
354 8912
2007 9315
647 8496
95 9188
587 8584
1927 9282
1740 9476
417 8815
2017 9265
63 9192
485 8761
69 9115
1315 9921
190 9044
1767 9484
575 8658
1478 9782
530 8675
894 8326
974 8247
1769 9491
1762 9497
823 8396
1401 9861
1393 9868
423 9639
1443 8615
166 9390
231 9453
1069 8230
106 9313
381 9585
2008 9175
1404 8557
676 9907
309 9517
1524 8683
1137 8274
364 9545
801 9988
284 9521
455 9705
80 9313
1354 8575
520 9789
1772 8923
536 9767
1349 8570
329 9483
1246 8347
1392 8502
1845 9074
690 9976
1812 9050
120 9256
550 9846
1638 8756
477 9610
1194 8435
2023 9149
1489 8586
624 9771
1239 8328
1273 8348
1806 9064
1439 8697
730 9906
448 9641
1970 9182
172 9411
566 9817
132 9462
355 9494
1981 9163
1770 8850
1348 8509
1824 9049
581 9790
1195 8234
1750 8786
1636 8931
227 9321
1620 8920
348 9681
1619 8901
1379 8701
1452 8499
129 9255
733 9843
26 9391
1741 8820
604 9955
194 9218
1576 8937
1954 9059
1879 9109
1806 9160
177 9335
1873 9113
1477 8460
1883 9104
1552 8899
379 9644
481 9529
1915 9121
510 9509
1805 9174
1961 9032
293 9668
1847 9174
405 9587
694 9822
1130 8322
184 9299
1143 8326
1636 8854
1143 8325
300 9688
173 9304
1495 8482
118 9358
583 9918
1445 8356
1365 8276
1323 8232
1790 9211
1748 9171
1200 8632
1601 9034
292 9263
850 9822
336 9308
474 9430
1816 8713
1408 8338
1827 8759
1855 8746
942 9912
1524 8429
1810 8753
1301 8240
787 9786
914 9919
1172 8613
145 9637
843 9847
46 9491
1409 8382
108 9518
135 9669
1097 8462
1618 8988
1402 8233
1785 9120
1028 8542
1980 8935
1318 8313
376 9241
1491 8370
422 9412
1214 8665
1090 8485
1601 9001
904 9952
309 9309
238 9600
1031 8552
831 9808
1342 8270
1772 9117
1890 8726
406 9443
1244 8609
891 9978
1346 8387
1787 9087
797 9883
1762 9061
1277 8564
1224 8541
424 9264
1699 9017
1017 9828
1304 8325
23 9609
164 9477
949 9751
1600 9193
991 9846
160 9485
1652 9178
176 9503
504 9288
1014 9796
1623 9185
1280 8376
1071 8687
906 9804
392 9304
239 9533
1359 8345
472 9231
1188 8563
466 9227
241 9516
1385 8372
65 9640
1791 8981
1316 8395
208 9509
1692 9057
907 9844
1721 8381
213 9945
66 9806
99 9841
1608 8285
582 9311
1540 8223
148 9871
871 9541
594 9334
187 9875
1714 8347
1381 9039
1723 8341
773 9514
1723 8330
618 9307
2046 8653
2032 8654
699 9471
735 9367
976 9624
1875 8451
1963 8696
6 9810
1430 9164
1738 8341
1967 8652
629 9233
809 9548
1043 8825
1082 8790
924 9707
1773 8346
2012 8612
1548 8309
1124 8734
47 9896
1433 8979
672 9269
777 9630
1792 8600
124 9957
1521 9067
1726 8229
1176 8763
21 9910
1589 8342
1230 8809
239 9799
835 9706
1666 8233
1916 8656
1057 8849
616 9433
1735 8307
737 9301
1924 8498
1662 8392
439 9985
17 9897
1463 8973
555 9361
800 9626
673 9244
219 9830
88 9882
928 9572
1710 8299
92 9883
1207 8827
1363 9116
1211 8815
74 9873
713 9239
486 9991
144 9843
42 9934
1229 8747
863 9654
44 9925
1021 9488
934 9557
1331 9157
1828 8670
1490 9000
1090 9026
971 9420
681 9646
404 9885
1458 8891
1365 8799
1803 8199
298 9767
786 9247
1575 8489
1937 8330
1946 8321
585 9576
1445 8839
1505 8900
1639 8513
789 9267
1533 8922
1347 8804
1837 8197
1383 8781
924 9384
1616 8548
1853 8200
1529 8911
557 9498
1169 9128
387 9920
1373 8725
1074 9080
530 9566
1952 8430
1264 9151
990 9359
2009 8331
296 9852
1737 8616
959 9437
1412 8928
1918 8216
1935 8422
1645 8455
1283 8814
1343 8778
1355 8765
881 9222
834 9274
642 9721
304 9904
397 9740
639 9726
1402 8952
1598 8634
1813 8339
776 9358
1485 8773
1368 8904
1738 8539
565 9639
1800 8338
921 9218
1759 8514
1690 8510
328 9964
436 9758
592 9724
993 9298
1930 8252
415 9768
1335 8843
1563 8614
1518 8785
1330 8947
2045 8254
1685 8530
1597 8693
1118 9108
1448 8803
751 9506
1955 8314
1018 9249
643 9570
714 9512
1536 8674
646 9570
1633 8581
668 9593
374 9875
1316 8897
1036 9195
1788 8469
1931 8294
346 9909
1956 8277
1414 8821
1220 9008
672 9560
1852 8386
2883 9027
3235 9382
3558 9722
3242 9354
2079 8251
3093 9279
3168 9291
2634 8806
3435 9543
3060 9176
2281 8410
2658 8785
3569 9674
2101 8308
2848 9058
2979 9191
3613 9816
3433 9505
2705 8920
3298 9385
2340 8555
3428 9524
3094 9282
3292 9349
2938 8996
2513 8591
2252 8366
2748 8922
3500 9668
2870 9054
3175 9230
3098 9331
2525 8627
3838 9867
3074 9338
2951 9212
2736 8910
2640 8751
2492 8508
2300 8311
3219 9240
3009 9036
2264 8266
3348 9607
3807 9799
3311 9295
3446 9687
2740 8722
3286 9328
2341 8589
3309 9283
2648 8951
3289 9334
2490 8463
2674 8901
3771 9731
2190 8246
2432 8506
3649 9980
2391 8598
3722 9805
2173 8375
2293 8251
3241 9337
2607 8948
3627 9972
2225 8279
3604 9971
2443 8547
3401 9638
3224 9320
2626 8880
3690 9884
3575 9472
2050 8447
3597 9997
2277 8673
2274 8678
3034 8927
3232 9640
3998 9877
2170 8566
3120 9534
2407 8296
3221 9605
3179 9595
3612 9998
2300 8680
2715 9103
2377 8273
4037 9950
2935 8791
3266 9697
3067 8924
3996 9904
3212 9633
3175 9558
3864 9773
3537 9451
2092 8471
2370 8316
3865 9820
2651 8990
4064 9893
3927 9735
3258 9711
2449 8390
2665 9009
2931 8746
2969 8899
2118 8472
3229 9727
2797 9102
2302 8602
4033 9900
2218 8666
3173 9493
2613 9031
2126 8509
2280 8593
2632 9011
3069 8833
3917 9778
2688 8960
2773 9045
3902 9915
3949 9963
3207 9472
3384 9394
3928 9939
2183 8459
3418 9429
3050 8825
3334 9365
2734 9021
2916 8945
3200 9493
3278 9558
2868 8875
3441 9431
3754 9986
2640 9208
2864 8858
2912 8907
2231 8455
3383 9344
2231 8567
2311 8389
3496 9322
3490 9317
2792 8994
2230 8572
3551 9235
3944 9892
2550 8248
3912 9881
3506 9321
3080 9683
3113 9719
2764 8979
2237 8537
2715 9086
2181 8553
3152 9660
4046 9760
3990 9848
3945 9880
2290 8452
2963 8808
3478 9323
2387 8365
3031 8745
3987 9836
3981 9842
2211 8865
3304 9957
2295 8952
2637 8284
2239 8877
2525 9157
2812 8421
2736 8363
2575 8211
3605 9224
2156 8819
4025 9629
3598 9257
2124 8807
2824 8484
2792 8410
2783 8428
2915 8528
3852 9535
3239 9874
2601 8222
2922 8531
2716 8354
3695 9297
2539 9172
3194 9785
2397 8990
2512 9111
3925 9500
2908 8465
2755 8342
3290 9869
2759 8336
3069 8618
2885 8476
2718 8385
2258 8883
2856 8525
4041 9647
2761 8355
3863 9595
3675 9253
2661 8219
3233 9762
2873 8636
2533 9056
3768 9264
4079 9574
3723 9220
2279 8822
3228 9736
2896 8645
3109 9916
2923 8695
2877 8611
4082 9552
3987 9520
4045 9577
3029 8563
2406 9153
4038 9569
3909 9709
2777 8304
3040 8527
2151 8917
2907 8672
2459 8992
2921 8617
3938 9637
3947 9634
3590 9421
2891 8583
2105 8940
4029 9578
2177 8790
2886 8606
3732 9329
3684 9346
3635 9435
2281 8704
2333 9207
3121 9949
2869 8667
2105 8918
4093 9490
3781 9269
3678 9388
2953 8573
2751 8266
3151 9911
2239 8771
3281 9775
2294 8713
2327 9192
3993 9368
3404 9800
3082 9996
2840 8208
2854 8237
2878 8243
2603 8506
3539 9921
3513 9902
2717 8582
3502 9906
3968 9372
2438 8857
2474 8844
3866 9271
2514 8930
3557 9940
2205 9132
2305 8757
2823 8242
2606 8465
2918 8224
3581 9914
3978 9415
3809 9647
3375 9825
2575 8512
2353 8800
2158 9021
3478 9934
2175 8991
2101 9047
2790 8606
2933 8207
3579 9850
2052 9094
3997 9246
3437 9960
2615 8624
2404 8936
2186 8986
2437 8724
2468 8752
3525 9808
2437 8723
3737 9487
2137 9153
2314 8851
3893 9391
3632 9616
3655 9701
3541 9840
2350 8841
2068 9148
3445 9951
2967 8253
4002 9230
3505 9757
3657 9701
2196 9016
2589 8621
3778 9587
3580 9807
3329 9908
2684 8642
2344 8929
3769 9588
3607 9689
2789 8491
2087 9207
2447 8798
2202 9039
2214 9081
2438 8806
3789 9519
2194 9072
2178 9056
3052 8200
2535 8705
2880 8359
3821 9479
2052 9199
3783 9524
2636 8632
3451 9869
3787 9523
3876 9433
2976 8286
2322 8941
2136 9309
2137 9297
3741 8853
3858 8985
3486 8594
3650 8782
2138 9302
3886 8992
3693 8802
2433 9614
3708 8812
4014 9151
3112 8250
3471 8598
3899 8994
3878 9020
2111 9245
2250 9440
2261 9470
4081 9181
3619 8717
2541 9695
3187 8256
3928 9069
3755 8860
3804 8934
2216 9362
2285 9430
2563 9790
2754 9980
2494 9726
3308 8366
3231 8408
3312 8376
2189 9408
3244 8446
3457 8659
3577 8609
2594 9851
3619 8824
2700 9937
3560 8630
2905 9990
2479 9679
4017 9170
3782 8867
4042 9126
3817 8859
3317 8327
2411 9501
3879 9053
2308 9598
3948 8982
2365 9536
3314 8306
3596 8845
3397 8647
2790 9829
3757 8745
3157 8403
2385 9688
2245 9290
2697 9755
2325 9600
3697 8938
2727 9732
3408 8691
3751 8706
2548 9553
2530 9546
2090 9369
3901 9102
2435 9527
3103 8360
3408 8679
3140 8445
2351 9621
3170 8412
3673 8858
2440 9539
3257 8309
3252 8313
2391 9603
3207 8274
4066 9018
3193 8356
3677 8894
2547 9496
2602 9926
2398 9646
3808 8721
3956 9093
2741 9793
2601 9951
2420 9603
3654 9030
2184 9613
2823 9729
2359 9276
2193 9631
3201 8592
3645 9004
3045 9968
3064 9966
3202 8603
3959 8811
3593 8980
4035 8926
3776 9184
3492 8324
2943 9823
2524 9469
2503 9444
2947 9899
3976 8866
2543 9411
3137 8559
2488 9367
2929 9794
3244 8601
2367 9223
3628 8982
3344 8234
3895 8715
2852 9838
2919 9770
2401 9260
3905 8721
2336 9328
3531 8346
2204 9678
2541 9396
3613 9031
3851 8784
2511 9362
2195 9676
2818 9821
4000 8959
3136 8480
2892 9772
2498 9379
2134 9521
2975 9973
2938 9745
2942 9749
3571 8351
3066 9876
3911 8744
3184 8448
3290 8619
2448 9441
2376 9275
3815 9105
3662 9010
2556 9343
2110 9661
3573 8305
3243 8495
3434 8430
2206 9496
4080 8828
3034 9812
2512 9283
2989 9784
3779 9050
2339 9401
4075 8823
4054 8779
3836 9052
3299 8512
2188 9508
2862 9862
4023 8735
3333 8373
2292 9550
3587 9167
2048 9678
3158 8583
2145 9648
2146 9648
2897 9858
3572 8231
2998 9814
3432 8329
2428 9373
3223 8565
3343 8427
4068 8705
2279 9487
3001 9811
4052 8760
2502 9270
2451 9319
3061 9729
3802 9005
2106 9666
2540 9239
3757 9040
3419 8357
3192 8824
3749 8358
2822 9474
2693 9347
3875 8494
3601 8220
3209 8838
3102 8719
2879 9517
2812 9449
2894 9563
2136 9796
3222 8841
2143 9853
2051 9760
3676 8312
2656 9284
3960 8540
3677 8314
3130 8723
2661 9289
2572 9250
2337 9998
3341 9020
4081 8643
2363 9986
3520 9088
3466 9160
2604 9327
2984 9697
3714 8395
3522 9097
3616 8300
4052 8602
4090 8629
3231 8911
2732 9468
3275 8862
2175 9769
2691 9429
3272 8849
2248 9877
2049 9823
2999 9684
2191 9958
3756 8391
3117 8769
2413 9985
2747 9423
2578 9318
2980 9681
2622 9287
3601 8298
3692 8210
3234 8925
3330 9090
3333 9093
2696 9228
3823 8295
2141 9940
2221 9764
3329 9099
3339 9088
2290 9855
2964 9499
3885 8637
2159 9981
3294 8776
2080 9911
3059 9579
3087 8852
2454 9993
3695 8399
2890 9707
3393 9189
3503 8968
2185 9774
2584 9392
2093 9863
3772 8215
3941 8654
3181 8896
4050 8572
2252 9827
2584 9389
3650 8442
3770 8194
3869 8615
2805 9289
3841 8636
2707 9306
3906 8584
3278 8704
3495 9064
2745 9323
2074 9928
3370 9203
2655 9347
3824 8238
3073 8931
3533 9000
3403 9133
2754 9259
2618 9427
2706 9337
2075 9973
2564 9461
3660 8377
3939 8601
2859 9680
3274 8759
3176 8855
2577 9489
2546 9969
3901 8254
3245 9134
3879 8226
3764 8627
2669 9568
2334 9747
2580 9498
2670 9597
2709 9606
2988 9397
3816 8689
3702 8556
3954 8303
3631 8496
3564 8908
3371 8717
3689 8526
2425 9809
4086 8411
3177 9048
2948 9404
4085 8393
3565 8879
2585 9567
2930 9278
3736 8661
2526 9867
2456 9935
3980 8405
3463 8926
2647 9486
2501 9887
3287 9096
3716 8677
2978 9417
3841 8301
3821 8596
2529 9882
3837 8582
2316 9840
3374 8872
3958 8446
3972 8207
2195 9987
2339 9905
3325 9071
3890 8353
3745 8501
2901 9410
2505 9809
3680 8701
4072 8310
4091 8282
2764 9581
2712 9532
2475 9742
3415 8956
3731 8504
2811 9559
3528 8805
2773 9594
2643 9698
3045 9296
3943 8401
3248 8971
3205 9029
3288 8984
3509 8818
3774 8569
4012 8292
2963 9305
3123 9214
2581 9690
2429 9901
4010 8312
3327 9002
3234 9079
2463 9802
2592 9721
3944 8374
2387 9868
3396 8859
3249 9041
3665 8625
3910 8359
2669 9609
2884 9384
3360 8919
3345 8938
3143 9146
2383 9905
2597 9691
5617 9715
4424 8526
4130 8229
4527 8616
4300 8384
5579 9670
4140 8226
5008 9119
5141 9242
4835 8950
4445 8520
4508 8587
5279 9345
4691 8817
4342 8402
4801 8932
5219 9284
4358 8494
5928 9984
4527 8580
4168 8295
4176 8290
4213 8257
4920 8972
5098 9126
4433 8476
4504 8661
5710 9758
4988 9004
5263 9434
4518 8688
4150 8302
4108 8279
4285 8416
4627 8816
5252 9447
5741 9736
5434 9565
5702 9772
4345 8340
5000 9209
5644 9853
5036 9173
4455 8475
4339 8334
5433 9656
4885 9110
5185 9413
4411 8638
4494 8456
5640 9857
5708 9926
5231 9471
5178 9385
4583 8562
5499 9710
5423 9658
5621 9568
4474 8674
5108 9071
4877 9104
5343 9340
5388 9641
4621 8874
4577 8527
4219 8404
5284 9236
4293 8308
4866 9139
4916 9094
4975 9178
5674 9887
5021 8997
4248 8227
4918 9101
5106 9033
4934 9211
4980 9162
4203 8405
5796 9829
4690 8851
5189 9345
4413 8696
4669 8955
4864 9161
4772 8814
4119 8411
5571 9484
5234 9405
4195 8371
5439 9711
4485 8533
4199 8374
4223 8364
4217 8364
4303 8212
4776 8819
4205 8371
4923 9180
4895 9208
4613 8951
5393 9699
5415 9682
5498 9602
4501 8559
6131 9993
5405 9703
5304 9285
4461 8291
5130 9499
5658 9992
4257 8626
4242 8586
6073 9891
5032 8887
5614 9422
4147 8464
5105 8917
4689 9079
5102 8904
4125 8500
4902 8716
5925 9743
4247 8634
5567 9357
5595 9454
5518 9396
4241 8623
6107 9874
5985 9771
5967 9730
4949 8730
4158 8558
4217 8490
5464 9231
5442 9237
5283 9671
4374 8304
5565 9428
4480 8427
5574 9386
4345 8585
4200 8478
5362 9610
5573 9403
5594 9307
4676 9158
6055 9763
4287 8507
5334 9553
5248 9481
5940 9913
5382 9353
5335 9540
4505 8204
5392 9352
4694 9167
5384 9387
4758 9010
4781 8964
5498 9425
4218 8662
4615 9130
4862 9038
4982 8903
4868 8886
4589 8277
4210 8653
4971 8874
4114 8657
4520 8293
4313 8471
5591 9222
4209 8619
6111 9733
4306 8462
5927 9978
5092 8761
5278 9597
6136 9756
4152 8670
4453 8323
4568 8245
4748 9058
4628 9189
4469 8321
5606 9247
5080 8740
4465 8332
5999 9582
5959 9540
4935 8516
4135 8739
6104 9694
6058 9632
4351 8946
4853 8443
5327 9950
5905 9475
4107 8729
4246 8834
6090 9694
5022 8577
4705 8262
4432 9083
5757 9296
4146 8706
4851 8385
5120 9778
4449 9042
5858 9428
4182 8801
4907 8467
4814 8439
4742 8379
4132 8731
5066 8585
5016 8669
4260 8930
4639 8280
5755 9268
4160 8720
4843 8378
5097 8637
4375 9038
4133 8827
4562 9100
4830 8380
4171 8744
5729 9220
4590 9095
4661 8281
5270 9976
5845 9383
5479 10000
5015 8672
4600 9089
4765 8417
5742 9233
4887 8599
4861 8315
5678 9380
5898 9601
4481 8970
5286 9770
4976 8700
5790 9232
4599 9063
4819 8258
4585 9082
4339 8807
5952 9685
5225 9970
4469 9173
4851 8273
5543 9987
4987 8658
6125 9537
4166 8944
5264 9768
5244 9927
5972 9704
6098 9583
4406 9206
5663 9438
5721 9371
4951 8597
6094 9483
5047 8561
4462 9129
4390 9199
4200 8867
5009 8540
4800 8209
5595 9992
5869 9272
4589 9015
4925 8678
4753 8271
5814 9298
6076 9561
4844 8198
5934 9666
5197 9889
4841 8196
4871 8681
5709 9404
6112 9489
5974 9635
5133 9999
4304 9172
5074 8406
4367 8712
4156 9013
6008 9332
4901 8235
4763 8588
6135 9452
6143 9442
4703 8575
5649 9522
4792 8604
5916 9273
6077 9365
4630 8510
5852 9718
4706 8528
4739 8629
4755 8618
4874 8241
5539 9884
4165 8962
5113 8373
4977 8224
4724 8486
4905 8317
4347 9134
4576 8886
4498 8905
5832 9620
5698 9501
5680 9583
4795 8671
5422 9801
5930 9280
5539 9928
5856 9613
4946 8255
5027 8407
4704 8468
4776 8671
4278 9165
4525 8915
5554 9932
6048 9439
5824 9536
5694 9662
5002 8202
5667 9634
4770 8481
5469 9947
4423 8896
4728 8690
4606 8821
6069 9274
4515 8754
5914 9352
6046 9229
4854 8549
5109 8303
4651 8631
4838 8568
5103 8269
5890 9383
4305 9078
4952 8432
6142 9302
5691 9619
6023 9262
4947 8442
4317 9076
4457 8898
5762 9513
5106 8281
6139 9303
5528 9780
5974 9467
4571 8820
4114 9123
4331 9048
5612 9818
5843 9488
4514 8810
5050 8307
6113 9261
4494 8769
4798 8556
5527 9793
5395 9930
6050 9336
5774 9557
5814 9556
4957 8379
4684 8608
5705 9636
4343 8966
5450 9917
4713 8593
4998 8318
5582 9780
4975 8337
4679 9798
5141 8208
4574 9685
4499 9629
4124 9228
5320 8414
6011 9068
4134 9279
5601 8698
4846 9969
5876 8916
6038 9141
5264 8372
5737 8782
5924 8972
5808 8860
5501 8517
5893 9022
5816 8956
4688 9752
4684 9733
5326 8320
5344 8367
4241 9417
6067 9194
4524 9717
6103 9097
4157 9314
4432 9522
6040 9213
5922 9028
5410 8521
4130 9293
4172 9277
4635 9832
5954 9014
4248 9453
4209 9225
6037 9197
4605 9607
5905 9066
4113 9322
5502 8450
5269 8424
5509 8699
5766 8710
4520 9515
4119 9364
5758 8948
4997 9994
4335 9333
4737 9754
6064 8976
5409 8576
4159 9373
6138 9043
4577 9547
5868 8768
6071 8985
4798 9741
5166 8349
6020 9016
5779 8750
5634 8893
4397 9618
5243 8377
4601 9535
5157 8418
5524 8541
4152 9463
4155 9455
5502 8612
5535 8573
4569 9530
5683 8918
4398 9667
5697 8881
4490 9596
4594 9482
4108 9486
5741 9070
5707 9037
5271 8592
4340 9725
5431 8252
4176 9564
4173 9538
5101 9974
6130 8942
5871 9201
5414 8199
4447 9339
4896 9734
5340 8695
5018 9909
5887 9164
5752 9037
5947 8831
4361 9311
5720 8975
5530 8397
4429 9236
4567 9356
5344 8580
5700 8993
5652 9073
4216 9502
5180 8539
5218 8459
5071 9890
4548 9387
5128 8568
6112 8848
6004 8711
4221 9481
4334 9621
5635 9091
5912 8857
4570 9310
5782 8966
4196 9718
6097 8772
4404 9378
6090 8797
5323 8529
4411 9380
5622 8297
4426 9450
4109 9645
4449 9412
5678 9095
4376 9393
4463 9413
4451 9416
5375 8531
5295 8451
4178 9698
4364 9407
5630 8264
6121 8784
5325 8461
4395 9447
5655 9177
6036 8772
5706 9115
5891 8914
5870 9023
5993 8893
5977 8846
4954 9856
5416 8438
4350 9505
5323 8491
4607 9245
4442 9400
5182 8660
5251 8558
4444 9395
5802 9051
5929 8914
4570 9252
4610 9219
5426 9013
5159 8736
5657 8211
4226 9870
5419 8999
5582 9155
4789 9403
5091 9713
5147 8718
5294 8885
4857 9445
5123 8735
4942 9582
5437 8989
4123 9787
6077 8600
4960 9545
4624 9273
5402 9008
4164 9847
5714 8296
6009 8514
4829 9441
5233 8753
5627 9145
6043 8659
5797 8425
5105 9663
5474 9009
4903 9586
4909 9590
4736 9436
5163 8822
4752 9456
4871 9571
4803 9381
5149 8826
4458 9991
5680 8285
4325 9866
5862 8329
4657 9286
4226 9982
5401 9119
5341 8789
5736 8419
5718 8391
6068 8487
5051 9519
5531 8964
4137 9865
5847 8310
6095 8554
5812 8221
4288 9835
4675 9454
4977 9665
4218 9935
5833 8305
5196 8947
5270 8788
6132 8502
5772 8264
5547 9070
5226 8876
5441 9099
5676 8444
5865 8242
4968 9655
6011 8595
5853 8245
5802 8259
5025 9547
5218 8844
5134 8928
4120 9962
5083 9512
5297 8770
5184 8888
4235 9842
5155 8924
4431 9805
4914 9265
4751 9612
5216 9060
5076 9432
4978 9342
5717 8524
5784 8577
5735 8571
5712 8525
4747 9622
4824 9670
5857 8641
5019 9406
6137 8412
5574 8929
4600 9943
5275 9131
5007 9407
5550 8863
4927 9225
6023 8369
4693 9571
4725 9548
5312 9210
4592 9912
4576 9897
4783 9699
5200 8965
5788 8645
5499 8737
5460 8719
5746 8495
4963 9278
5536 8959
5285 9158
5604 8833
4394 9804
5603 8837
4616 9592
4890 9326
4764 9706
4431 9784
5821 8640
6007 8201
6002 8205
5116 9341
5865 8544
4730 9712
6003 8440
5414 8875
5390 8832
4867 9363
4473 9962
4240 9989
4993 9238
4810 9565
5558 8748
5046 9256
5618 8813
5345 9025
4882 9399
4584 9795
4962 9422
5813 8449
5208 9196
4940 9465
5633 8628
4399 9879
4909 9366
5193 9101
4692 9604
6083 8209
5607 8766
5260 9040
5666 8702
5935 8432
5750 8599
4913 9424
5570 8736
5010 9335
4456 9870
4322 9994
5029 9294
4761 9588
5331 8995
6012 8331
4910 9431
4936 9398
5626 8709
6830 8878
6421 8478
6824 8869
7213 9251
6259 8290
6429 8463
7346 9382
7865 9903
7959 9996
6842 8871
6741 8776
7867 9892
6280 8363
6358 8434
7845 9865
7824 9917
7396 9419
6250 8261
6411 8511
6467 8564
6880 8925
7760 9746
7458 9574
6212 8194
7678 9657
6944 9066
6972 9067
7241 9232
6678 8783
7332 9464
7483 9575
7614 9696
7670 9620
6985 9002
7749 9766
7674 9628
7590 9679
6725 8757
7291 9227
7575 9702
7341 9432
7684 9863
6582 8498
7762 9942
6496 8677
7063 8978
6732 8905
7302 9216
7133 9041
6587 8493
7636 9539
7195 9356
6690 8895
7138 9084
7476 9642
6470 8664
7351 9237
7759 9961
7767 9968
7896 9855
6485 8697
6606 8544
6376 8283
7385 9327
7582 9564
7470 9702
7868 9845
7617 9480
7038 9143
6546 8537
6695 8950
7112 8989
6881 8762
6530 8542
7710 9923
7056 9077
7546 9631
6936 9202
7697 9979
7442 9725
7867 9795
7278 9366
7584 9562
6684 8935
6199 8393
7612 9406
6417 8215
6319 8614
7520 9324
6154 8454
7690 9989
7667 9443
8112 9888
6301 8578
6537 8361
7552 9378
6381 8649
6227 8571
7031 8798
6643 8415
7507 9343
6367 8689
6734 9085
7583 9386
7602 9355
7547 9287
7253 9577
6192 8560
6846 9214
6720 8963
6531 8384
7141 8864
7975 9838
6866 9118
8168 9894
7229 9580
7585 9459
7971 9841
8017 9730
7165 8872
6581 8416
6630 8381
7196 9538
6957 8780
6727 8995
7537 9240
6678 9084
6318 8644
7100 8919
6671 9060
7980 9792
7060 8953
7178 9593
7247 9526
6178 8543
6366 8608
6465 8388
6214 8643
6353 8534
6622 8278
6963 8864
6994 8903
6496 8439
6705 9135
7249 9714
6612 8306
7993 9872
7116 8805
7226 9617
6732 9191
6507 8389
7304 9528
7607 9223
6668 9150
7571 9248
6385 8516
6686 9129
7047 8764
6582 8205
7985 9871
7999 9983
7665 9270
7962 9939
7981 9958
7372 9479
7508 9351
8033 9908
6933 8910
7611 9312
6346 8468
7913 9999
6803 9076
8144 9786
7153 8733
6735 9120
6210 8624
7156 8710
6283 8562
7137 8730
6238 8613
6885 8987
7222 9783
6755 8289
6996 8534
7192 9754
6400 8963
7301 9859
6958 8486
6909 8438
6152 8708
7925 9465
6809 8340
6188 8739
7371 9945
6808 8333
6710 8239
6482 9035
7989 9513
6289 8847
7771 9285
7123 8652
6571 9096
7103 8603
6626 9156
6759 8268
6482 9086
7398 9929
8093 9645
6604 9215
7308 9915
7215 9748
7706 9253
6286 8906
6274 8902
6544 9177
8038 9514
6413 9024
6864 8320
7754 9246
7269 9776
7223 9824
6941 8518
8045 9526
7320 9924
7953 9551
6999 8503
8109 9677
7812 9446
7268 9728
6715 8275
6284 8934
8089 9716
6419 9085
6969 8523
6991 8508
6572 9179
6563 9179
7263 9766
7855 9427
6928 8557
7197 9826
6529 8965
7032 8702
6206 8889
6750 8409
8143 9542
7902 9300
8103 9515
6945 8622
7342 9789
7943 9619
6816 8246
8052 9708
6774 8431
7976 9650
6819 8253
6801 8243
8062 9692
6626 9030
7705 9405
7789 9418
6747 8434
6910 8276
6821 8206
6425 9138
7909 9288
6650 9034
6742 8423
7202 9878
6608 9062
6491 9186
6593 9080
6768 8394
8124 9473
6370 8796
7937 9669
6751 8344
7164 8501
8097 9576
7361 9738
7173 9931
6207 8939
7212 9979
6221 8854
6924 8656
6773 8360
7382 9782
7059 8560
6793 8301
6407 9206
6844 8270
7061 8546
6147 8954
7738 9529
6262 9082
7676 9970
6164 8961
6892 8692
6464 8792
6377 9205
6279 9127
6949 8197
6290 9136
7092 8336
7618 9959
6901 8669
7793 9560
6519 8796
7677 9942
6946 8206
6524 8787
6866 8682
6682 8483
6613 8940
6942 8231
6430 8740
6278 9149
6792 8630
7508 9744
7052 8388
7877 9623
8132 9361
7797 9504
6315 9166
7552 9965
7006 8240
6266 8981
6716 8521
6497 8728
6431 8801
7120 8272
7623 9797
8050 9457
6977 8396
7073 8239
8110 9249
6872 8520
8084 9229
7458 9856
7792 9693
7085 8192
6252 9155
7653 9813
6272 9012
6576 8714
7564 9777
7837 9507
6318 8977
7530 9941
6474 8842
6581 8830
6613 8729
7493 9866
8029 9357
8048 9376
6987 8344
8179 9254
7596 9851
6543 8788
7107 8223
7994 9444
7902 9534
8158 9275
7805 9627
8101 9293
6251 9090
6205 9170
7682 9715
7148 8221
7943 9469
7928 9478
6382 9455
6752 9827
7696 8726
7364 8397
7371 8409
7519 8522
6724 9820
7635 8655
7436 8467
7871 8861
6850 9952
7992 8987
6788 9900
6805 9919
8134 9202
8056 9024
7596 8596
6578 9611
6440 9490
6249 9303
6531 9661
7584 8673
7460 8545
6547 9689
6170 9300
7250 8195
7523 8497
8137 9114
6354 9351
6275 9434
7810 8927
7296 8413
6836 9963
7578 8699
8123 9176
7785 8714
6764 9737
7523 8470
7950 9075
7200 8352
8067 8962
6375 9315
6597 9537
7826 8727
6680 9886
6493 9691
7712 8870
6323 9268
7870 8755
7277 8419
7524 8683
6605 9567
8187 9068
7995 9124
7594 8457
6523 9692
8163 9035
7987 9113
8065 9003
6769 9947
7809 8755
8123 8969
8011 9203
7636 8552
6554 9511
7484 8579
6794 9803
6551 9554
6736 9886
7961 9161
7365 8214
8186 9001
7403 8248
7282 8362
7522 8633
7998 9187
6264 9381
7366 8217
6899 9747
6823 9797
7892 8758
7609 8538
7287 8322
6157 9466
6377 9235
7406 8212
6753 9885
7695 8945
6430 9696
7984 8752
7169 8448
6404 9219
6263 9598
7155 9977
6629 9448
8064 8847
6360 9673
7175 8466
7420 8681
6189 9525
7692 8978
6912 9759
7664 8401
6285 9644
7922 9168
6379 9672
7736 8976
6618 9450
6647 9414
7412 8647
7084 9881
7534 8280
7126 9967
7100 9862
8032 8795
7879 9212
6187 9495
7359 8578
7469 8210
7533 8236
6157 9551
8104 8939
7593 8428
6260 9532
7109 9876
7070 9933
7034 9769
7288 8480
7982 8818
8116 8915
7049 9953
7366 8622
7432 8292
7297 8691
6336 9653
7604 8386
7563 8435
7823 9205
6276 9720
6224 9518
6236 9695
6579 9271
6172 9625
7515 8413
7421 8570
7981 8868
6513 9467
7606 8249
8126 8749
6325 9507
6502 9470
7039 9959
6292 9485
6628 9336
6361 9592
7182 8620
7776 9156
7065 9781
7754 9190
7289 8663
6462 9360
7317 8507
6937 9899
7198 8621
7294 8648
7634 8293
7745 9215
7814 9017
8157 8734
7276 8617
7137 9775
7799 9144
7575 8263
8142 8732
7844 9078
6934 9925
7225 8685
6303 9546
8063 8871
7384 8449
8178 8750
8026 8836
7034 9893
8047 8845
6594 9254
7751 9123
7874 8998
6530 9316
7297 8555
7305 8549
6145 9708
6566 9291
7687 9193
7545 8343
7872 9006
6967 9944
6145 9713
6256 9605
8153 8737
7909 8991
8020 8878
7963 8933
7517 8354
6313 9896
8009 8522
6226 9812
6185 9764
8145 8641
6805 9348
6171 9738
6859 9426
7262 8826
6910 9435
8016 8565
6953 9475
6393 9938
7011 9549
6851 9462
7136 9686
8121 8591
7616 9210
7502 9073
7143 9633
6392 9907
8178 8638
8010 8472
7671 9122
6779 9260
6211 9762
7505 9011
8000 8484
8051 8470
6374 9859
7955 8551
7352 8909
7908 8339
8126 8646
7135 9638
7576 9185
7005 9510
8190 8579
7087 9682
7184 8813
7392 8803
8115 8505
7472 9147
7785 8418
7048 9477
7115 9562
6313 9788
7730 8357
6922 9618
7653 9081
8152 8517
7206 8888
6666 9364
7551 9184
8119 8488
6167 9864
7059 9528
6237 9971
7176 8870
7723 8345
6241 9943
6369 9815
6820 9244
7834 8227
7833 8228
6809 9305
7889 8213
6723 9350
7927 8249
7734 8441
7764 8324
6166 9922
7114 9494
7694 8400
6617 9990
7495 9127
6952 9673
6209 9895
7513 9137
7288 8848
7951 8698
6191 9946
7652 8988
6684 9445
7080 9555
7466 9169
7725 8402
7488 8768
7512 8793
6797 9615
7708 8475
7274 9069
6538 9858
8183 8421
7453 8718
7972 8241
8136 8414
7147 9459
6893 9716
7893 8655
7334 9144
7009 9280
7606 8852
6476 9839
6413 9774
7650 8900
7097 9374
6455 9756
6529 9898
7264 9036
7171 9006
7023 9306
7707 8487
7219 8974
6861 9712
6417 9811
7672 8892
7171 9028
8182 8382
7327 9175
6712 9586
7735 8550
7685 8535
6535 9941
8016 8203
7619 8862
7145 9354
7147 9359
7337 9166
6445 9792
6995 9251
6439 9814
8045 8220
7945 8319
7079 9438
7503 8758
7460 8799
7256 8996
6733 9520
6676 9578
7142 9368
6790 9478
7521 8936
7808 8457
8075 8192
7647 8787
7075 9263
6508 9982
7601 8742
7816 8464
7091 9258
6483 9930
7857 8493
8127 8225
7924 8554
7227 9107
7241 9187
6471 9964
8037 8398
6672 9662
7286 9159
7434 8895
6918 9392
6547 9765
6871 9569
6780 9675
6625 9816
8010 8437
8072 8265
6978 9344
8130 8196
7050 9292
7464 8943
7507 8856
6521 9910
7027 9377
7563 8793
8119 8288
7726 8694
7376 8969
7284 9133
7581 8774
7500 8876
7424 8933
7304 9061
7302 9075
6596 9777
7856 8519
7327 9063
8105 8275
7625 8756
