100 107
50 51
32 36
91 95
91 94
56 63
86 93
3 14
69 75
17 30
45 61
13 29
2 23
43 61
40 62
1 22
34 58
7 31
10 16
74 81
78 85
40 52
67 93
68 90
77 82
68 91
12 44
25 57
21 55
11 41
18 48
29 62
68 98
76 100
15 38
6 43
28 49
22 57
31 47
28 44
80 96
5 55
14 60
19 33
4 54
18 33
1 52
16 38
26 45
19 36
87 96
13 53
21 47
24 35
92 98
24 88
6 70
15 78
4 71
37 99
7 64
2 72
9 69
17 95
3 76
9 88
5 84
23 69
8 91
25 74
10 89
9 90
27 79
48 100
9 94
26 65
8 86
12 82
11 85
20 75
49 81
37 69
34 67
54 87
35 64
46 77
39 65
46 73
35 68
59 83
37 79
56 83
53 89
39 73
59 84
42 90
32 80
60 72
41 92
42 95
20 97
50 71
58 66
63 70
27 97
35 95
30 99
37 90
