100 107
32 33
34 35
85 86
40 44
81 84
32 37
18 26
48 57
37 41
39 43
39 42
51 61
2 13
76 88
68 80
67 87
2 23
75 94
69 83
8 30
15 24
9 19
12 17
36 57
46 49
66 93
5 37
22 54
66 99
14 45
17 50
21 60
27 50
10 35
25 51
24 40
6 55
30 43
11 61
9 63
28 36
5 56
8 53
11 52
1 62
27 91
20 86
32 99
25 93
15 75
3 70
18 87
7 65
3 69
1 70
6 78
26 83
4 78
16 93
23 90
21 91
31 80
48 96
29 76
13 92
48 97
7 85
51 97
13 89
5 81
31 73
22 64
16 74
60 97
12 82
10 84
2 96
45 79
34 64
44 79
41 77
58 94
4 98
56 95
62 89
55 95
33 73
42 67
46 68
14 100
59 81
52 88
47 66
36 74
20 100
57 72
54 71
58 72
19 97
53 71
38 82
47 90
38 92
49 77
50 78
63 65
29 98
