1000 1108
636 638
881 882
140 143
609 610
835 837
11 12
512 524
274 286
673 687
277 283
615 631
940 958
102 117
640 659
165 177
715 734
779 798
458 477
805 818
203 220
934 945
623 629
612 638
907 913
591 597
613 639
296 307
291 318
584 598
798 830
79 110
899 929
584 618
325 352
539 573
4 34
154 189
192 232
448 490
784 827
412 439
476 503
915 959
921 949
651 677
474 500
258 301
718 766
849 865
838 887
578 630
401 423
215 225
522 572
320 375
664 672
832 890
532 559
215 236
643 696
266 308
439 503
138 203
679 740
776 844
150 210
666 735
301 360
441 510
773 845
12 69
137 194
141 194
941 994
813 893
157 205
267 347
641 723
428 510
10 95
309 355
396 474
58 108
551 624
6 81
304 365
923 965
652 723
402 461
266 362
319 350
3 98
182 212
302 332
771 864
162 193
812 840
319 346
34 71
647 737
187 221
574 600
947 981
393 494
173 197
385 489
163 202
61 84
787 888
676 713
433 479
947 988
297 326
768 882
425 475
151 227
551 593
664 751
172 212
57 64
424 467
131 248
310 333
807 858
946 973
71 199
795 923
793 920
521 651
125 255
305 437
339 471
303 423
7 142
7 141
349 470
581 718
541 656
41 164
514 652
26 149
278 390
554 698
579 721
594 704
116 231
639 747
278 387
857 974
792 911
335 472
847 984
785 905
769 920
782 916
105 245
96 253
271 401
544 702
562 684
853 970
367 496
313 409
828 924
613 709
824 921
543 702
816 915
86 242
836 992
378 477
329 481
336 504
626 731
51 153
807 908
553 642
11 160
259 431
582 746
775 938
256 429
847 994
842 996
883 989
778 933
818 898
831 911
565 645
2 178
57 136
273 419
603 750
36 146
346 492
338 485
825 897
331 499
594 746
878 983
263 446
770 952
355 478
69 251
58 133
885 970
109 210
83 147
261 452
834 899
363 425
60 254
372 439
308 503
97 165
2 198
314 511
123 190
341 403
61 250
343 400
103 175
786 986
310 508
610 686
311 506
332 386
286 464
614 681
637 685
553 761
371 416
46 253
66 150
571 751
259 469
563 741
788 962
552 752
546 763
777 976
367 438
518 732
872 946
43 240
859 903
560 748
118 171
112 173
307 465
577 675
800 962
383 412
861 958
377 410
557 713
40 205
829 984
292 460
538 752
877 902
100 136
323 430
556 706
366 385
516 756
871 919
595 673
609 658
375 388
47 218
875 925
300 475
545 729
261 508
122 129
615 667
275 495
621 657
612 665
95 161
344 422
88 166
174 430
5 260
190 447
679 934
50 305
555 808
97 354
209 466
704 963
87 340
550 803
599 850
602 863
50 308
247 509
35 297
586 838
550 811
108 353
211 478
53 315
140 386
580 854
581 855
65 339
583 852
641 917
164 432
627 871
28 267
640 919
106 371
88 321
558 820
534 780
144 395
80 331
91 327
71 346
517 792
48 272
107 330
210 499
704 993
687 909
142 429
237 462
168 396
221 504
109 331
47 264
155 444
226 453
609 840
650 931
529 827
608 843
204 482
195 493
186 404
677 906
552 792
721 993
636 846
156 431
533 801
223 490
26 303
604 874
690 906
68 380
674 922
528 810
124 320
59 262
159 418
657 940
178 397
200 392
234 426
55 374
101 294
132 455
120 316
749 936
569 895
78 265
27 339
520 833
123 306
59 368
743 939
706 908
167 501
196 407
164 503
116 291
211 388
237 436
633 803
710 924
700 999
193 410
699 999
125 289
545 892
231 440
145 497
643 995
58 346
67 290
236 398
537 890
753 917
184 476
515 871
252 408
694 977
564 851
525 865
163 460
241 414
735 943
239 415
251 398
591 826
621 792
525 891
515 889
574 834
747 918
726 937
220 348
761 889
108 492
531 914
238 367
666 792
744 875
678 805
76 463
65 450
96 483
558 938
575 955
538 927
587 973
111 489
126 502
219 338
19 409
122 497
530 926
584 966
592 960
54 422
135 277
147 257
21 391
566 933
180 295
604 968
229 369
648 797
696 813
191 296
74 467
683 816
32 445
595 974
101 453
180 276
608 962
56 411
661 822
530 948
709 877
585 995
113 475
212 382
34 393
534 954
628 985
695 794
610 972
33 399
87 487
662 806
244 324
635 969
644 823
695 772
646 819
549 925
724 878
608 987
255 322
13 435
617 982
139 330
110 428
185 379
32 484
29 473
228 289
614 928
580 899
74 397
625 953
39 494
100 424
96 428
634 951
15 450
182 376
674 882
20 454
24 459
60 495
219 264
224 308
15 475
631 930
67 405
6 464
128 342
90 386
692 876
637 932
44 501
188 358
151 333
669 839
588 912
672 892
743 826
756 809
168 374
691 876
587 939
572 988
675 834
701 863
746 776
1 482
172 329
130 356
149 370
208 311
564 979
13 486
705 813
676 842
728 823
56 471
22 485
690 839
238 283
739 790
562 964
730 802
81 425
753 781
117 392
589 944
668 866
130 381
317 829
63 573
279 789
40 555
327 836
210 727
336 854
70 576
105 622
268 779
352 872
381 885
252 759
222 725
363 871
192 719
247 742
384 914
273 771
135 660
198 725
339 839
77 603
223 712
472 975
138 658
357 895
426 945
362 886
395 919
21 523
170 693
364 846
239 717
166 642
217 767
112 599
157 694
211 760
331 864
315 790
345 886
373 858
288 787
58 526
96 596
15 571
238 731
9 575
434 900
131 693
344 879
406 929
465 998
87 608
181 653
104 593
179 649
206 757
282 806
348 867
115 563
394 971
244 689
317 888
140 713
209 667
15 581
94 533
260 841
503 954
256 845
167 746
402 989
225 689
408 968
250 683
243 674
113 547
290 881
197 662
99 567
403 966
389 978
216 655
23 590
347 770
121 549
437 1000
50 623
337 782
470 905
487 952
282 837
185 729
172 716
52 597
65 547
500 918
442 990
240 660
31 635
118 531
98 519
108 523
444 980
357 783
370 792
99 526
483 910
328 825
27 618
501 902
354 791
85 544
325 816
183 705
230 657
262 894
372 780
50 584
199 701
421 985
17 623
360 1000
446 828
80 722
246 629
232 620
356 992
414 794
145 535
245 627
325 963
55 688
241 630
64 712
274 922
322 971
92 720
181 568
159 529
114 765
294 937
214 601
443 811
255 622
233 632
155 521
379 1000
349 969
229 625
340 962
190 553
144 520
457 848
437 815
254 611
405 778
312 935
219 634
285 959
62 669
406 821
440 796
126 730
507 862
85 755
30 697
271 932
435 799
370 990
87 762
197 618
129 561
466 867
120 715
313 909
434 774
432 773
14 696
207 632
191 518
427 791
161 540
186 519
153 548
23 681
492 851
54 758
343 919
73 648
196 512
176 628
376 957
127 697
413 859
44 746
200 527
284 980
216 528
45 741
235 546
83 665
134 589
322 905
20 728
347 919
33 748
217 535
9 711
454 776
164 628
66 659
109 703
44 760
42 766
188 616
213 513
343 897
279 961
202 541
204 539
42 765
390 862
269 981
488 817
270 983
208 524
95 643
65 669
436 874
340 948
228 517
367 910
391 869
353 903
89 703
416 839
243 532
473 817
91 691
177 602
335 931
104 646
459 804
35 716
365 926
300 991
134 624
5 754
38 734
420 860
299 979
361 912
39 733
146 616
417 861
162 606
73 692
156 610
49 719
90 676
230 998
46 812
139 904
197 966
457 717
468 720
480 740
361 620
121 880
28 789
448 714
314 561
187 944
25 786
227 1000
484 744
499 767
341 601
137 900
342 600
160 942
299 548
442 682
334 607
399 670
75 857
37 822
456 732
364 633
368 619
92 832
16 781
437 683
387 668
415 640
382 609
363 586
358 579
30 824
386 676
18 821
438 670
384 682
115 856
377 594
496 731
89 884
505 726
31 815
103 855
16 801
458 763
37 788
93 869
491 722
468 749
224 986
107 849
443 647
268 560
388 698
272 559
507 699
114 819
452 645
43 873
148 982
4 833
351 537
3 843
29 852
383 566
469 671
140 967
49 893
496 700
326 522
82 796
249 951
275 605
257 590
284 588
404 708
158 975
419 759
328 542
496 678
316 619
133 978
119 814
62 868
77 785
501 680
106 820
322 540
321 543
498 684
511 671
304 592
72 808
462 686
34 834
288 578
378 542
337 567
125 795
493 644
389 745
325 553
169 967
481 654
373 517
287 621
95 813
255 907
506 655
418 724
127 777
445 714
334 569
488 656
407 750
380 517
427 721
486 666
167 987
491 663
18 879
214 936
235 916
420 731
451 577
170 809
174 810
281 669
345 733
154 799
359 738
447 570
449 583
343 721
379 764
328 704
295 686
347 721
175 804
238 866
93 977
213 856
8 901
190 816
298 696
176 802
76 991
51 935
454 594
167 831
503 623
428 564
455 606
132 797
328 721
233 883
242 873
456 596
350 707
382 739
509 611
400 527
158 830
48 913
323 737
324 742
366 716
25 956
8 941
211 884
249 848
219 882
218 880
292 654
264 674
454 621
312 661
248 853
293 650
285 685
169 793
359 727
17 928
14 956
45 927
258 688
382 716
86 997
36 919
478 618
309 643
318 649
184 769
189 775
478 613
340 745
201 887
246 841
380 707
502 585
264 713
306 755
449 514
195 768
439 628
212 784
71 899
293 736
206 776
70 896
298 738
417 617
148 860
351 663
270 711
234 800
413 598
463 516
78 901
394 582
171 870
201 774
82 898
276 708
379 683
382 686
183 870
172 894
19 960
102 949
505 556
111 953
483 565
483 564
480 568
369 680
222 772
109 950
152 835
143 850
499 557
479 513
207 814
79 942
388 613
370 657
1 997
68 930
380 666
461 554
302 710
84 957
411 626
265 736
38 972
280 754
498 536
363 640
41 965
433 605
425 581
280 757
44 961
226 783
10 996
63 976
281 758
75 955
52 964
94 943
269 764
53 966
382 653
492 536
125 905
287 746
22 993
24 993
451 570
441 576
421 607
128 891
152 868
124 896
263 762
72 950
179 844
119 904
