10000 10001
1148 1149
4180 4182
3316 3318
6565 6567
1156 1159
7108 7111
9481 9482
8093 8094
3425 3429
3601 3605
2666 2670
1080 1085
912 917
9832 9837
8400 8405
9955 9957
322 325
1988 1996
2706 2715
388 397
1073 1083
5776 5787
5107 5112
4133 4136
4852 4857
791 793
4181 4187
1381 1387
5521 5535
9582 9598
931 946
844 861
6479 6494
3367 3381
7328 7346
6697 6716
5058 5076
5102 5112
1350 1361
8161 8182
5189 5202
4289 4312
3238 3260
5221 5246
3919 3923
2027 2038
6607 6610
4675 4701
614 633
4486 4505
910 942
1938 1970
4368 4400
3596 3628
3990 4022
6683 6715
5396 5429
6613 6647
9417 9451
6098 6129
9934 9965
4052 4080
2654 2682
8067 8103
5791 5819
3734 3763
4700 4729
9109 9136
471 497
5192 5230
6592 6630
4502 4529
2896 2935
6220 6251
6658 6693
1088 1128
5258 5282
4808 4833
4551 4590
3333 3375
279 317
325 367
4250 4272
2768 2811
8605 8630
6811 6832
8448 8491
6146 6185
7300 7336
26 55
5185 5231
6348 6370
9430 9464
2079 2096
4823 4839
7573 7589
3806 3823
9561 9576
3665 3683
3797 3815
9616 9634
4175 4220
6545 6562
9819 9839
643 694
6173 6184
4372 4386
6030 6072
2333 2346
5598 5609
5079 5088
5206 5217
1728 1784
4873 4913
6794 6834
7066 7074
4106 4147
4892 4901
8010 8051
8987 8994
7308 7350
4308 4335
2845 2854
3220 3240
4736 4796
4934 4986
2053 2104
6938 6951
8735 8737
5643 5685
3225 3238
9355 9396
4493 4557
3108 3172
8121 8185
5911 5975
1293 1356
4903 4965
2991 3053
4269 4335
6812 6878
9264 9332
8745 8812
8752 8821
9122 9191
4888 4958
8621 8683
4494 4553
2729 2798
3088 3159
8480 8552
5254 5326
41 96
8980 9053
6200 6257
3900 3958
6689 6763
2341 2414
8639 8692
2098 2172
6957 7010
1215 1263
9781 9829
3228 3277
9229 9308
690 737
3468 3551
4026 4078
8869 8945
5154 5238
3620 3697
2324 2370
6700 6778
172 251
6661 6749
6048 6136
5534 5574
3625 3699
1707 1777
5051 5089
8222 8260
5796 5886
3986 4041
3619 3704
8995 9080
3901 3937
2360 2404
8069 8153
7333 7419
9004 9074
3355 3396
129 222
2832 2895
7048 7144
5664 5698
6953 6986
191 218
5410 5447
6664 6766
8113 8150
9896 9920
5672 5696
699 722
4401 4440
5379 5482
8870 8911
4865 4971
1209 1235
6039 6141
4535 4572
3892 3935
3987 4088
4493 4582
9911 9948
2989 3009
9659 9687
5522 5630
2992 3038
4621 4707
1172 1274
6567 6601
9221 9323
6787 6899
542 623
4753 4835
5780 5862
9488 9570
7821 7935
3876 3927
7831 7908
659 743
7965 8041
7428 7537
5157 5200
4017 4039
2746 2764
14 121
2955 3068
6152 6256
2742 2767
3470 3575
5018 5091
6837 6863
6975 6981
5926 5981
5283 5336
6966 6989
526 627
6795 6902
5303 5322
6042 6119
8613 8664
3257 3271
9109 9195
1589 1610
9635 9692
9320 9448
9810 9938
316 445
5425 5552
6961 7088
75 201
6228 6358
9799 9924
263 387
2855 2979
3454 3579
2649 2780
4431 4554
6197 6320
8990 9115
1341 1467
608 742
6913 7047
9557 9683
3165 3290
7269 7394
5691 5810
2101 2239
3154 3288
9271 9405
4676 4815
9564 9687
2167 2299
8971 9095
7198 7315
8528 8669
5430 5560
8771 8909
2682 2805
9510 9641
5127 5256
2681 2793
3658 3802
8263 8407
7742 7854
5984 6128
9251 9395
3706 3819
6715 6826
5913 6024
9769 9912
5135 5278
7999 8109
9735 9877
2170 2281
2089 2234
5897 6042
4173 4313
2642 2759
7701 7808
1370 1485
9571 9716
4164 4316
3883 4019
3967 4071
7520 7672
6743 6862
9515 9650
1340 1446
9811 9929
8006 8157
3933 4033
3404 3536
7208 7348
4362 4503
1615 1746
5171 5294
3661 3795
6746 6852
1814 1929
6403 6556
9031 9176
2617 2713
4701 4860
5434 5531
2572 2734
2660 2758
5697 5859
3597 3753
2360 2460
105 207
3695 3784
3668 3827
613 717
6183 6287
9595 9683
3627 3714
545 650
2113 2282
5752 5843
3865 4020
8744 8837
7265 7375
8308 8410
5168 5278
2363 2443
3421 3564
3134 3215
1877 2022
3447 3524
6728 6907
3096 3245
9782 9859
1908 1986
5701 5875
8251 8333
1652 1740
4617 4785
1880 2016
7445 7597
7517 7652
1042 1192
9846 9932
8740 8862
7248 7402
7211 7313
6921 7091
6491 6625
5643 5808
768 956
4165 4345
3702 3786
5661 5793
6990 7154
6189 6288
7731 7822
7210 7319
1547 1717
1861 2043
1034 1204
3108 3226
2651 2788
7481 7558
3366 3559
840 905
4734 4797
8463 8650
7948 8137
6929 7124
6432 6629
4413 4603
2893 2955
7024 7094
5956 6018
6757 6819
3168 3239
3128 3327
3843 4043
9845 9917
1860 1933
9064 9121
1545 1730
3447 3516
1566 1749
3863 4059
3923 3999
2093 2273
2886 2954
328 389
7507 7582
7018 7079
620 674
6480 6558
6734 6784
7179 7364
2398 2446
7770 7818
7485 7661
4170 4248
1307 1481
3676 3726
4385 4595
1912 1965
5902 6104
3348 3523
7765 7810
4364 4564
4361 4561
2162 2219
4421 4508
4424 4497
7539 7594
6265 6304
622 693
4457 4533
1802 2006
7251 7311
7444 7624
2906 2951
1814 1995
95 130
5227 5302
8042 8119
9255 9466
3434 3508
5188 5274
1580 1779
2891 2986
9005 9164
8000 8098
9792 9890
4434 4534
8987 9215
6447 6602
3378 3540
5888 6118
8055 8080
9007 9160
4719 4743
2120 2208
1641 1665
42 194
2116 2220
3711 3735
7744 7848
8718 8934
8791 8895
6151 6383
5899 6115
9262 9415
1298 1528
2345 2499
6405 6639
6178 6344
5949 6103
8254 8404
2361 2514
7241 7330
4645 4809
5417 5573
2821 3048
4120 4341
275 510
6675 6910
7478 7643
4651 4804
8750 8926
3852 4093
1653 1668
5973 6052
1645 1695
1837 2015
2869 3014
4643 4816
8502 8645
4146 4295
27 237
1126 1168
2896 2983
5422 5593
7724 7892
7550 7558
623 662
8212 8429
7947 8178
6980 7102
5889 6139
3350 3565
2108 2240
548 728
3420 3488
3647 3778
2169 2180
790 1003
5685 5832
5735 5785
5689 5831
895 896
8317 8573
1265 1520
6752 7009
3694 3948
579 833
3129 3386
39 292
2187 2440
530 790
5679 5931
569 828
170 431
6230 6483
5196 5444
5723 5971
2235 2482
3630 3879
6847 7094
6674 6939
2632 2882
2751 2995
1789 2033
4631 4891
1555 1821
6147 6413
7762 8028
5250 5516
8393 8646
6242 6509
5167 5439
7248 7488
1546 1819
559 830
7754 8027
6372 6645
2792 3066
6674 6912
8927 9165
19 256
3807 4044
6724 6999
7285 7521
1137 1380
3685 3952
8790 9027
2797 3067
9297 9543
2228 2467
4167 4432
4214 4462
5852 6084
4732 4965
1138 1384
3320 3555
2693 2974
6319 6580
3156 3400
2750 2978
2285 2544
3307 3573
2703 2961
8879 9137
7284 7530
2224 2448
4666 4890
5338 5626
1210 1435
3138 3427
5178 5400
573 798
8809 9034
5194 5481
6826 7054
744 974
4608 4902
5189 5475
4221 4442
5323 5603
3157 3452
6296 6577
7782 8012
5846 6141
8265 8549
7723 7942
689 927
8825 9047
5775 6049
1766 1993
8950 9158
4312 4585
130 435
8939 9178
2150 2388
8286 8556
3193 3402
5722 5993
628 832
3622 3857
4706 4949
528 807
5638 5937
6248 6495
2619 2819
2576 2856
8219 8483
6696 6928
4244 4525
3792 4074
5883 6081
7721 7955
7272 7507
1211 1415
6807 7083
5829 6137
2757 3064
5769 6070
9270 9590
7842 8162
9457 9649
5219 5411
541 860
5719 5910
193 387
3688 3882
4292 4486
7700 8023
6701 7022
3788 3976
5290 5614
6261 6449
1030 1345
9235 9556
6778 6973
1206 1534
6841 7153
233 416
5366 5567
6331 6642
7326 7636
2751 3060
4653 4961
5737 5925
1223 1418
40 359
4621 4930
1774 1953
6150 6473
1784 1961
9455 9662
7226 7528
7796 7974
1132 1343
8228 8567
4291 4503
7736 8044
3081 3420
226 439
2298 2476
6252 6458
1249 1462
4817 4998
1060 1404
65 281
9406 9702
3 346
6756 6973
4638 4932
3179 3377
1716 2030
1652 1839
4299 4496
3720 4051
2094 2418
764 929
7926 8107
581 795
4648 4982
8239 8561
71 280
3147 3371
2620 2908
8713 9065
8292 8452
7 356
5848 6075
6173 6526
760 924
3111 3395
4726 4883
3198 3352
6882 7044
8705 9063
7213 7499
4293 4514
9301 9522
2160 2328
719 932
7364 7599
5881 6034
7188 7551
4246 4602
1665 2029
1028 1384
4109 4449
2181 2536
8222 8560
5126 5480
3626 3909
4117 4474
6164 6500
5706 5946
9454 9628
5265 5603
9394 9665
5329 5538
710 946
5365 5505
4716 4889
3109 3408
5714 5927
6269 6408
8215 8546
603 812
8252 8523
5288 5599
7212 7515
4145 4425
1672 2033
5795 6106
7826 8168
5884 6022
2099 2376
1081 1349
5211 5415
3302 3483
9418 9655
6781 6915
3743 3871
6289 6417
2112 2497
5671 6054
5704 6089
4130 4512
2142 2524
3815 3941
1183 1309
4338 4464
2161 2547
1173 1303
3682 4065
4152 4539
6730 7113
6911 7035
6264 6652
7886 8011
3227 3357
8205 8587
6828 6954
2745 2878
6724 7107
1080 1458
1571 1961
2209 2347
222 341
7807 8180
7391 7508
3317 3449
691 831
4307 4446
4617 4996
577 972
8376 8502
4225 4369
9237 9604
1614 2013
243 352
4279 4387
8428 8568
7204 7600
1046 1411
6822 6963
656 774
5845 5955
6232 6607
5651 6020
5309 5418
1701 1853
4791 4911
8749 9141
6210 6618
7878 8031
100 511
7790 8181
2593 3005
3271 3419
525 915
216 326
1055 1408
703 800
141 301
4168 4584
5273 5433
6175 6591
8309 8660
4207 4557
3824 3922
657 818
641 802
3124 3472
2190 2347
3093 3504
5731 6086
2151 2496
5781 5938
7232 7656
3716 3885
9302 9727
6272 6441
7383 7550
1054 1460
8306 8664
6190 6532
8824 9170
6387 6488
2188 2337
1760 1869
6203 6550
8446 8531
4320 4430
1570 1932
9342 9680
746 837
8395 8548
1111 1511
7178 7610
4216 4554
1250 1360
3782 3957
4828 4975
1678 1851
9313 9684
7404 7513
1732 1906
9373 9515
6157 6587
5319 5488
4343 4430
1709 1812
694 783
6836 6926
9367 9517
517 958
8231 8604
139 311
566 906
7696 8108
5861 5977
2070 2475
8291 8670
2771 2925
6741 7147
9365 9514
5268 5419
658 850
3186 3506
3588 4036
132 324
6714 7162
3777 3840
99 418
5863 5926
5262 5455
2070 2516
7901 7967
5835 5896
66 390
2561 3013
2205 2393
4130 4580
2699 2893
3638 4080
1788 1850
567 1008
6355 6420
6187 6636
2762 2818
5140 5596
8721 9177
1625 1936
2300 2357
7756 8069
9451 9506
8388 8462
8414 8469
5293 5478
3319 3387
219 277
5840 5918
8434 8508
173 354
2667 2980
5758 6065
6285 6466
6155 6619
4127 4558
7905 7984
6877 6924
9417 9496
7410 7457
1549 2008
6740 7042
6253 6587
6368 6455
8348 8516
2694 2908
3231 3396
4258 4473
1067 1520
8210 8649
3209 3413
2772 2824
3625 4085
8242 8686
7180 7632
9384 9590
4108 4588
627 914
3174 3463
7242 7595
9230 9711
7401 7432
9385 9544
5811 5970
6880 6914
3593 4077
3179 3471
1543 2018
5686 6099
3584 4070
2153 2447
2140 2485
3730 3963
3726 3943
3765 3935
8757 9183
6719 7125
5657 6130
9319 9612
1278 1299
9320 9605
3828 3866
9278 9680
8346 8564
5648 6143
575 975
1708 1884
745 792
6704 7105
2802 2816
1542 2036
8939 8985
6285 6527
2607 3036
3228 3432
2105 2509
6354 6439
9461 9472
1199 1369
4311 4384
6380 6427
4345 4352
4321 4376
2182 2428
4844 4886
8286 8612
6307 6489
8937 8979
725 814
8906 9009
8831 9092
529 1005
6168 6628
576 957
149 360
5343 5410
9411 9532
7614 8126
8366 8878
2127 2638
1346 1856
3254 3764
9470 9980
6299 6809
312 827
8428 8943
4295 4803
5611 6127
2461 2968
8372 8881
7240 7758
8433 8950
4310 4830
5563 6067
7214 7718
1422 1927
2194 2715
4259 4778
39 557
8322 8846
5373 5872
2339 2861
2121 2630
2052 2571
183 679
6428 6924
2490 2987
7296 7826
3487 3979
2457 2957
501 993
2388 2880
3433 3965
3216 3717
2177 2708
7199 7690
4458 4988
1356 1882
1077 1571
7489 8023
494 1017
452 979
4257 4790
2163 2660
4122 4610
1398 1902
7393 7929
7324 7812
8299 8819
2113 2648
2392 2881
6250 6771
8660 9166
6583 7085
6555 7040
8409 8898
1279 1763
7639 8139
5612 6128
5309 5792
498 1004
1466 1956
3578 4068
7283 7788
6621 7165
7257 7801
2230 2711
2534 3015
5130 5675
3368 3851
6637 7118
2559 3035
486 962
236 712
3431 3906
201 748
3407 3945
7465 7951
7218 7700
1202 1685
8674 9157
1240 1776
421 909
3472 4024
1150 1622
8300 8772
7415 7902
7580 8117
7389 7924
9408 9961
5543 6029
9378 9864
3113 3586
8253 8726
1282 1838
8481 8973
2279 2762
375 858
6253 6720
2507 3045
16 574
7640 8182
4284 4755
3568 4063
360 839
4319 4848
488 984
2252 2812
5549 6045
7458 7954
2516 3046
7259 7785
1375 1900
6572 7071
1121 1621
7301 7856
1445 1939
400 934
8649 9215
6644 7106
5428 5891
1382 1887
5325 5876
7490 8056
6566 7069
206 754
5368 5828
3572 4041
132 697
7537 8012
5212 5729
10 564
9318 9816
5293 5779
4428 4979
7279 7760
2326 2902
2470 3046
8290 8738
463 910
2137 2586
8504 9083
6345 6797
2166 2611
4206 4651
2079 2650
7677 8120
7463 8034
5481 5932
1258 1709
287 856
1388 1828
3407 3847
1437 2005
7598 8166
9390 9958
182 767
5285 5871
6242 6696
2091 2656
6302 6869
2471 3051
1391 1827
4475 4918
8433 8892
7269 7720
3198 3632
6564 7146
6549 7131
1407 1840
4132 4715
2227 2787
1123 1587
6448 7008
6579 7137
7323 7881
2119 2580
2499 2960
3171 3639
7647 8075
3415 3842
4275 4837
40 639
306 875
3362 3963
6367 6790
8237 8820
4416 4890
2203 2753
1410 2009
8402 8841
2188 2768
1036 1644
5546 6091
6412 7021
7444 8053
1497 1978
3207 3812
241 661
8323 8935
1109 1587
320 807
3150 3623
1052 1653
6256 6681
7490 7979
415 1013
4156 4694
5333 5822
446 978
4131 4687
2550 2971
1180 1778
8483 9037
8381 8914
5290 5829
5125 5738
4374 4966
5254 5878
5341 5805
2195 2786
2483 3010
8370 8896
1070 1629
5263 5884
5383 6002
4324 4754
2268 2730
8408 8879
8246 8769
8487 9054
6456 6978
8583 9213
1353 1842
4239 4851
6251 6679
1453 2000
5139 5741
6201 6841
1423 1806
2329 2968
3106 3747
4332 4717
8635 9018
3540 3926
5399 6036
6302 6682
8542 9178
2102 2736
7495 8129
8197 8835
8338 8724
228 611
4586 4973
7442 8085
6513 7158
8281 8913
5334 5726
174 551
2508 2885
3107 3754
36 686
8655 9029
1362 2015
1037 1667
6198 6840
1382 2025
145 513
197 596
5312 5713
3095 3717
8509 9135
8334 8733
1436 1800
7266 7926
7516 8136
5631 5994
294 944
1505 1911
8224 8886
5215 5833
8695 9057
1309 1925
2206 2567
7625 8016
3223 3597
3088 3722
5267 5641
8293 8959
5232 5868
8481 9148
3236 3642
205 594
2114 2786
1379 1987
478 894
4199 4806
4141 4748
2187 2601
2519 2932
3548 3967
2439 2852
7399 7748
372 976
1373 2041
7620 8032
5568 5989
438 784
1290 1964
6615 7025
5398 6064
4129 4742
5421 6026
3534 3942
1221 1645
5236 5852
6341 6765
6395 6739
8617 8960
489 835
2235 2583
8244 8857
7497 8164
9260 9857
3552 3918
464 895
6327 6680
3316 3652
2057 2744
2492 2829
3465 3901
1262 1626
9222 9906
6453 7041
7643 8047
413 808
1391 2010
8633 8975
6511 7129
1327 1944
3224 3631
2244 2675
420 787
350 1001
7566 7993
6527 7112
8607 8998
8627 8970
6399 6725
3406 4085
9338 9921
6449 7053
9286 9977
7271 7896
6539 6964
6654 6977
7279 7888
3337 4040
3370 4072
2193 2643
3187 3761
7315 7761
7439 8141
5371 5689
4564 4880
9240 9948
8663 8979
1337 2046
8412 8731
2459 2899
6465 7051
357 942
2515 2840
6343 6668
8268 8834
6616 6934
7173 7882
250 555
216 522
3514 3944
8537 9099
3208 3675
3273 3610
1482 1822
2549 2849
6315 6783
2200 2638
5287 5745
3275 3612
470 769
7645 7946
1289 2001
5267 5707
1243 1537
6507 7089
7195 7872
7420 7719
5423 6132
2413 2993
4185 4740
4160 4765
467 781
3369 4086
2267 2619
2109 2781
5245 5788
8614 9031
1160 1642
8198 8932
8363 8776
8500 9175
6331 6751
305 980
5242 5791
7215 7882
4591 4872
8593 9078
6284 6756
2201 2672
7437 8164
9265 9944
4176 4794
3552 3850
3109 3791
8319 8853
7227 7889
1467 1872
3410 4030
6409 7143
2455 2936
112 671
5611 5892
4517 4948
5381 6132
2200 2666
5155 5841
7 755
2074 2799
4271 4698
8653 9016
2 756
1245 1579
8320 8822
1291 2044
443 835
6161 6889
7357 7749
3450 3968
3452 3974
5627 5889
98 665
1294 2037
8701 8966
171 599
6408 7157
7413 7688
509 770
7244 7859
8240 9008
7605 7861
2148 2917
5355 6122
9556 9813
9646 9903
202 974
2371 2631
1259 2031
4205 4969
1170 1940
5158 5921
2114 2890
1506 1770
1350 1615
7268 8045
170 928
2378 2624
4413 4662
2126 2885
3556 3816
199 971
8388 9160
3522 3791
3477 3739
4120 4886
419 685
7424 7694
4187 4948
8551 8823
8349 9100
7200 7985
2362 2600
3134 3885
293 561
8363 9151
7307 8095
7652 7922
2358 2593
3200 3991
8202 8978
239 1014
5314 6107
1483 1745
8351 9093
449 730
5150 5893
2125 2897
3492 3768
55 811
1186 1982
8355 9151
7426 7710
6169 6917
1127 1914
7325 8064
5401 5636
4485 4763
7284 8043
6635 6900
3095 3895
2166 2900
5369 6106
4437 4721
5353 6093
3291 4094
5289 6028
443 669
4361 4655
9711 9926
5466 5747
474 752
4455 4685
8439 9181
9483 9760
2553 2773
3443 3679
4380 4656
5320 6116
6349 7137
6372 7113
2337 2574
112 863
4484 4779
1461 1669
3222 4007
3547 3818
4387 4625
1365 1639
3516 3727
2369 2674
6459 6664
1388 1625
6611 6886
3562 3804
8694 8896
5528 5807
8324 9148
357 604
5454 5751
2505 2803
3506 3720
3206 4027
8668 8929
8569 8772
9504 9758
1064 1896
1212 2045
457 651
2362 2680
7410 8112
6641 6835
7234 7937
7575 7892
5125 5958
7492 7680
1050 1887
7481 7804
2198 3024
5541 5859
5408 5734
3259 4092
6271 6968
74 770
8408 9104
8634 8946
122 819
461 647
2137 2835
8454 8781
9509 9833
5453 5632
4097 4943
7177 8006
6586 6890
4562 4739
454 663
392 730
6146 6992
2060 2911
3412 3584
6582 6882
7668 7840
4539 4846
8438 9123
5565 5864
2111 2921
1154 2004
7285 7971
1283 1620
9583 9784
2162 2858
8384 9112
8524 8725
9602 9947
9305 9987
1427 1736
310 621
3339 3671
383 547
1026 1886
2280 2996
5269 6089
8269 8977
2460 2753
7271 7994
472 646
373 554
6284 7123
6179 7036
6508 6707
8665 8838
5464 5639
8565 8725
3374 3663
1125 1796
8453 8807
3529 3756
1190 1987
1308 1657
5548 5833
9703 9858
3449 3614
2518 2737
4520 4800
3530 3747
8383 9174
1264 1946
1060 1870
6419 6777
3345 3706
5176 5971
1270 1946
4562 4798
9614 9954
5623 5786
4506 4852
5462 5688
7502 7712
1112 1847
2416 2591
1444 1739
8604 8947
5533 5874
109 797
368 512
6264 6920
8501 8773
9574 9750
167 982
5501 5644
4411 4681
1403 1545
5591 5797
9493 9831
5206 5924
7274 7960
9554 9761
2542 2714
1476 1712
7556 7920
7385 8109
9715 9863
7289 7949
8654 8890
3139 3894
2282 2972
4394 4700
2412 2586
298 605
3423 3624
6648 6799
3260 4036
5400 5728
8473 8801
5483 5651
8278 9006
1261 1940
5236 5901
7606 7887
9626 9955
1341 1607
8396 9142
7476 7758
8641 8891
1068 1879
3497 3794
1038 1909
5266 6121
1050 1894
7659 7831
8265 9013
123 774
2138 2853
8667 8868
5591 5800
1432 1560
8365 9005
1433 1563
3114 4008
1349 1735
3359 3741
4466 4848
7484 7871
5384 5772
4490 4623
8699 8830
8380 9017
7606 7728
7576 7710
3294 3929
7325 7962
291 683
8511 8887
1164 1797
1407 1781
5172 6078
5181 6071
21 921
4568 4692
234 871
2204 2833
3491 3629
5359 5985
6463 6833
7616 7759
3557 3701
4409 4776
1231 1885
5547 5688
9576 9979
2085 2993
3144 4060
5308 5928
5613 5753
1365 1728
265 668
5535 5642
7613 7720
7538 7911
8336 8966
6409 6815
8577 8727
1274 1901
8333 8986
381 740
1509 1660
5510 5663
3409 3787
3083 3985
5175 6061
5163 6065
8244 9134
2131 3016
1056 1980
410 519
2495 2594
5495 5865
1491 1612
1284 1691
1447 1592
7287 8168
2275 2883
505 601
94 1022
5625 5721
1497 1656
8667 8826
1027 1952
5438 5789
9716 9808
4591 4682
7440 7862
1243 1916
5185 6118
7471 7816
4323 4939
4339 4954
8299 9154
8693 8796
9719 9821
3266 3945
4478 4821
6399 6996
8356 8975
2106 2966
8691 8799
8531 8959
268 675
3376 3712
2260 2916
5533 5677
1454 1567
2533 2644
5610 5723
485 599
8673 8786
2344 2718
5609 5727
5120 6070
2246 2929
3285 3938
1504 1623
9599 9928
2397 2789
8449 8889
1439 1574
7522 7899
7316 7982
286 677
7402 8017
9648 9740
175 786
8206 9139
6210 7167
224 862
7555 7741
6221 7154
5260 5939
3153 3985
6211 7043
1436 1629
7395 7969
6460 6904
466 532
2217 2927
24 990
8444 9019
1077 2045
2158 2982
2108 3061
6605 6660
3445 3774
1434 1617
1459 1662
7648 7727
8403 8963
6556 6733
5297 5984
2500 2582
3112 4090
3484 3663
5280 6004
7446 7874
1353 1692
2544 2597
4228 4945
502 544
1372 1674
7187 8133
7531 7869
3074 4053
4528 4711
3495 3696
4471 4768
8241 9190
2469 2685
5208 6016
348 645
1292 1751
158 837
4583 4668
2313 2770
8329 9042
6224 7052
1332 1769
4339 4910
1298 1743
4528 4718
8506 8933
5608 5687
1514 1546
4232 4968
1122 1922
8219 9211
6318 6991
5465 5819
48 979
7388 7999
6329 7005
8259 9127
2224 2901
3143 4002
2092 3017
7193 8188
6421 6899
9495 9969
7601 7766
3284 3900
8375 9054
7425 7912
6334 6999
2376 2722
8327 9069
1032 2019
6188 7104
1362 1727
168 838
6291 7037
7430 7912
2196 2939
7599 7744
9475 9964
259 754
9697 9744
50 960
9705 9755
6295 7013
5170 6081
5608 5659
1522 1543
5530 5743
5313 5940
9722 9741
5453 5818
2072 3040
3213 3957
8624 8777
8520 8881
352 666
5318 5948
2488 2627
6144 7163
6373 6942
334 690
247 779
4541 4673
5553 5709
1429 1643
4559 4657
4433 4782
647 1671
6785 7809
2807 3830
6887 7910
8343 9364
6541 7561
659 1686
8312 9341
650 1676
2517 3538
8485 9506
2364 3380
8716 9732
7129 8145
631 1662
2346 3363
147 1176
6247 7276
708 1736
8393 9413
2502 3531
2126 3139
8295 9322
2263 3289
90 1108
2316 3330
6700 7714
8285 9298
63 1071
3042 4082
2558 3566
91 1099
8747 9787
8370 9376
7016 8059
727 1731
2285 3320
2656 3701
2312 3358
6534 7569
578 1627
6643 7658
438 1452
2622 3620
8386 9432
2876 3872
8252 9248
7048 8084
8216 9220
8774 9818
8274 9295
8746 9783
2602 3636
7057 8079
2074 3077
64 1119
641 1694
7138 8189
872 1864
276 1332
6491 7547
370 1363
6695 7686
2311 3365
6521 7517
6505 7501
8586 9646
608 1605
642 1700
8523 9581
2107 3089
2970 4016
2828 3879
973 2017
8937 9925
8644 9705
6328 7317
7076 8073
4 1066
2489 3479
6260 7258
166 1161
7102 8078
2223 3230
8270 9343
8530 9568
782 1853
8917 9953
2975 4010
2135 3170
2189 3256
6711 7682
8957 9931
762 1741
8619 9628
898 1978
2429 3397
6574 7572
2291 3272
637 1606
19 1071
2179 3262
8213 9256
8575 9535
1002 1963
6292 7381
8202 9291
6956 8045
6497 7456
2926 3884
8591 9677
6818 7904
8425 9387
5052 6142
986 1945
2584 3677
959 2042
8923 9886
902 1984
2365 3451
869 1827
916 2013
285 1364
8825 9776
7043 8138
2724 3822
8487 9581
3039 3988
681 1762
8325 9422
229 1193
8379 9462
2203 3274
2210 3312
2618 3688
295 1397
8350 9420
920 1995
8688 9635
8702 9645
6454 7525
2147 3127
8953 9901
8895 9962
792 1870
5092 6066
580 1555
8277 9218
2262 3214
6787 7899
8655 9623
2125 3092
8445 9380
8643 9626
2887 3868
2214 3325
8876 9975
3042 4030
480 1468
705 1693
9050 9991
6578 7663
9040 9998
6953 8055
630 1577
8261 9242
453 1445
6523 7451
6923 8043
6949 8005
613 1540
8803 9730
2150 3076
6330 7384
7127 8117
6397 7327
6955 8009
6974 8029
952 2012
8238 9290
2603 3662
769 1895
719 1705
8430 9352
978 1973
2066 3194
6147 7275
8715 9827
2563 3690
691 1754
254 1175
6381 7300
2900 3903
8493 9537
8925 9905
2608 3677
409 1524
2548 3481
6860 7841
2687 3601
2646 3622
836 1845
460 1470
2673 3587
8192 9330
3026 4001
6872 7851
8801 9746
8727 9828
7063 8163
2215 3281
8426 9372
8907 9917
750 1689
2416 3336
8479 9575
7135 8100
2541 3473
2320 3436
451 1471
2063 3187
535 1642
2732 3793
78 1075
686 1747
6854 7867
575 1601
3023 4016
8795 9764
434 1330
8874 9770
8609 9504
8858 9752
5043 5937
8569 9723
7088 7986
2910 4061
2528 3427
84 1239
6171 7320
6495 7644
6474 7625
2299 3199
6702 7850
2532 3426
1020 1914
2434 3332
8571 9724
6267 7411
65 1224
3069 3956
2095 3237
428 1318
6601 7491
7101 7990
570 1719
5103 5986
8585 9479
912 1823
6198 7353
6941 8082
850 1986
80 1216
6213 7381
8476 9612
6829 7741
8818 9954
235 1146
714 1627
6341 7252
6475 7642
92 1230
7082 7992
6206 7340
2726 3637
589 1753
953 1837
602 1740
6642 7525
6589 7461
2311 3484
2375 3548
6838 7722
6609 7500
2940 4066
2191 3089
903 1816
2226 3117
6672 7823
274 1458
25 1211
8226 9344
566 1685
2525 3451
2621 3738
2870 3999
6773 7900
2425 3539
2673 3803
916 1848
6554 7479
8529 9727
6705 7839
2159 3294
317 1420
6440 7578
7159 8005
733 1646
3002 3849
3054 3933
6347 7288
8534 9701
1007 1882
6510 7640
8880 9734
6711 7808
5069 6005
8240 9353
8592 9514
2555 3392
556 1687
5047 5900
2690 3646
2684 3776
2588 3744
462 1395
8522 9610
2752 3585
269 1487
289 1506
8892 9848
2363 3582
6889 7724
624 1718
457 1295
2276 3106
7047 8001
8369 9335
911 1864
2560 3783
8776 9871
2712 3665
6377 7200
8432 9273
913 1883
445 1399
8808 9891
8652 9479
6274 7241
6749 7825
2201 3159
8671 9489
2546 3362
2254 3102
77 1181
6494 7566
6532 7508
401 1344
671 1614
469 1287
8539 9609
3063 3876
3019 3864
6423 7620
5098 5951
434 1380
794 1996
2634 3740
696 1647
8848 9799
2178 3162
2350 3575
6516 7597
2676 3758
173 1142
6837 7790
965 1817
8834 9823
8708 9946
8276 9354
6962 8172
8545 9663
35 1276
177 1134
6435 7676
8913 9742
8371 9324
488 1288
9197 9997
9189 9988
8519 9638
6204 7390
142 1133
2120 3244
619 1679
2642 3766
6306 7238
2431 3482
556 1737
8883 9814
6218 7340
8295 9345
2902 4017
422 1358
5075 5947
7145 7937
6223 7335
7166 7956
8246 9436
2749 3670
2420 3480
2721 3660
8525 9632
157 1139
723 1596
8829 9874
8865 9806
6830 7745
8761 9929
6525 7565
6895 7711
6805 7780
2552 3338
5048 5962
6324 7239
2271 3115
5021 5992
2969 3951
2170 3212
6971 8141
6691 7893
6461 7627
7120 7975
604 1700
2550 3343
8313 9347
8767 9923
133 1144
2505 3380
8412 9249
2669 3731
6810 7780
2387 3500
2297 3078
844 1971
7022 7789
2984 3756
8281 9565
6848 8132
8304 9588
408 1181
9210 9983
2468 3235
2423 3184
6679 7952
2729 4001
376 1138
236 1510
2836 3615
8540 9303
2479 3235
640 1932
6177 7469
707 1997
537 1815
8713 9991
797 1554
8471 9240
2602 3899
7002 7755
6620 7373
8728 9993
2556 3310
6806 8068
349 1102
787 1536
2840 3595
9067 9854
2331 3085
9214 9960
8449 9239
8538 9293
6323 7588
367 1143
841 1616
454 1247
7115 7890
8678 9471
8491 9266
186 1440
6709 7983
6807 8077
9091 9881
6704 7978
42 1329
6785 8090
687 1971
6933 7689
6185 7477
809 1590
8330 9621
660 1972
6451 7186
6241 7488
2259 3569
594 1904
2129 3445
6655 7387
2244 3553
6390 7632
8406 9712
531 1844
7057 7862
5077 5885
6486 7290
718 2019
2353 3103
8972 9763
2891 3707
8235 9499
6677 7973
2988 3741
524 1854
922 1710
2779 4078
2366 3080
2863 3609
353 1110
8605 9381
8980 9773
3050 3792
2834 3624
8613 9375
8545 9307
969 1778
2760 4083
220 1504
212 1512
862 1635
460 1267
8268 9484
2399 3102
6391 7605
349 1054
7163 7864
2717 4057
7099 7934
6722 7943
2821 3651
2049 3399
2953 3777
6685 8021
2895 3590
6235 7442
9045 9756
3033 3731
2486 3324
8347 9681
126 1333
9147 9968
8492 9319
2062 3394
8627 9471
7080 7909
8541 9235
904 1752
2312 3161
5119 5806
8470 9284
6774 7972
2272 3507
2696 4059
6324 7655
6351 7580
5066 5785
459 1182
8630 9443
6869 8064
798 1608
5082 5773
116 1326
6695 8061
6500 7230
806 1658
559 1905
2055 3417
7136 7870
8489 9334
6172 7548
2435 3297
2740 4054
6666 8040
6644 7319
8300 9480
6894 8074
188 1498
6913 7783
8387 9637
745 1934
2830 3686
939 1731
8591 9447
7130 7858
336 1082
6314 7617
6270 7445
9098 9953
205 1441
8457 9317
8682 9350
125 1296
888 1557
6905 8084
196 1450
2324 3174
7069 7919
276 1127
6505 7196
8304 9480
8703 9351
2774 4015
7028 7693
9145 9920
9090 9982
2407 3098
779 1654
8611 9438
2834 3692
8273 9519
801 1630
465 1198
490 1130
8989 9885
8582 9222
2554 3195
359 1253
2095 3501
6599 7237
6207 7612
945 1589
9146 9790
6477 7369
8544 9445
6774 8176
304 1207
714 1869
2495 3128
7019 7916
6149 7554
2794 3938
2341 3245
8269 9669
8489 9377
7001 7889
479 1109
527 1924
9180 9815
75 1479
923 1558
3071 3698
6576 7229
29 1427
9012 9914
2922 3813
6562 7213
307 1187
713 1880
2781 3919
8341 9478
2310 3218
2801 3940
8466 9348
5069 5722
8352 9529
6301 7428
6416 7305
2175 3557
8458 9360
6922 7824
2600 4020
315 1191
106 1527
155 1286
2934 3819
8465 9356
951 1559
120 1496
852 1780
6529 7201
421 1028
7038 7903
425 1035
6692 8070
531 1968
2787 3910
96 1478
2912 3782
2396 3322
2892 3818
2760 3950
6791 7969
6294 7472
8696 9311
7126 7793
6979 7915
8662 9343
6975 7830
3061 3679
560 1947
439 1052
9128 9731
2785 3917
2182 3370
3013 3691
3044 3659
6906 8021
6392 7511
2948 3639
8421 9558
846 1787
2797 3931
114 1476
8230 9616
6845 7947
870 1758
121 1472
6947 7834
2412 3286
6499 7385
6649 7235
2055 3515
6818 7966
2127 3570
957 1538
8294 9638
2956 3662
442 1145
2191 3403
128 1348
7103 7803
2532 3105
8978 9943
2297 3391
508 1083
767 1847
6854 7950
983 1566
617 1952
2351 3300
5043 5752
2274 3374
7141 7721
366 1187
2847 3794
846 1667
968 1541
2671 4002
7101 7792
163 1389
8401 9503
2141 3474
9035 9860
673 1905
1016 1576
569 2024
2400 3249
6612 7173
6217 7579
406 1093
2173 3502
2266 3337
8310 9637
6816 8054
2481 3177
478 1030
3023 3607
5119 5670
6300 7494
374 1197
6463 7396
190 1378
398 1106
825 1764
778 1748
5006 5712
7143 7687
887 1686
2418 3219
8364 9549
6163 7665
458 1065
6434 7361
8479 9468
264 1260
579 1959
7093 7761
6652 7192
2998 3667
469 1072
6997 7856
6918 7907
382 1176
2295 3344
2075 3580
3065 3614
9172 9779
215 1343
9129 9793
7107 7722
3044 3598
8988 9974
8198 9707
722 1852
6145 7663
6721 8111
1021 1554
422 1110
2930 3715
2815 3854
2482 3142
994 1559
442 1100
6864 7974
6263 7552
6656 8183
225 1304
6901 7948
2119 3517
6439 7389
8362 9552
2184 3443
6419 7407
414 1120
6581 7243
6447 7376
6570 8106
48 1585
6619 8154
285 1823
2313 3851
2129 3666
8399 9932
2356 3888
326 1859
213 1747
2300 3828
8990 9494
5008 5528
6182 7726
2940 3446
2597 3119
266 1792
5062 5580
9182 9685
879 1379
726 1242
518 1034
8394 9927
7151 7650
9168 9694
2442 3973
66 1613
2417 3937
2220 3772
6790 7318
2942 3439
2334 3855
871 1397
8374 9892
2197 3712
2477 4024
6298 7820
244 1763
2717 3204
6779 7265
2850 3385
2941 3430
6662 7197
242 1774
731 1221
8828 9314
8870 9350
64 1633
9163 9706
7122 7667
829 1311
2853 3335
257 1826
162 1670
6604 8169
8899 9446
8949 9427
447 1944
6798 7337
21 1596
6268 7765
2854 3340
510 2005
991 1523
6327 7835
8759 9243
2701 3232
159 1713
2839 3384
3043 3532
8967 9527
5073 5601
2262 3811
9049 9580
7065 7596
8726 9251
2765 3322
231 1759
2301 3781
5062 5630
6212 7806
9069 9559
316 1799
757 1225
6948 7448
6345 7924
2649 3175
381 1858
7117 7666
6592 8191
8415 9952
6780 7228
2048 3649
678 1255
2310 3908
521 1099
2306 3905
470 1941
6624 8099
6484 7959
5046 5619
6626 8100
6853 7309
8311 9791
6287 7878
9197 9636
6268 7735
2435 4047
7029 7480
6968 7541
818 1405
2323 3932
2214 3817
8309 9765
8847 9438
8973 9564
8217 9803
877 1342
2369 3858
8447 9900
3021 3481
6165 7745
182 1761
5017 5582
492 1972
2878 3430
2867 3435
2287 3767
533 1100
2892 3349
688 1257
319 1893
342 1805
355 1855
3006 3555
843 1301
384 2014
9063 9529
9070 9486
9082 9498
8267 9771
7097 7641
2236 3805
2391 3894
6622 8127
3008 3493
402 2039
2151 3585
6667 7277
6436 8003
6969 7518
816 1369
2957 3558
2735 3267
6767 7171
703 1232
820 1348
842 1338
8204 9852
6768 7170
598 1061
6686 7277
8860 9455
587 1087
6352 7844
896 1525
6903 7298
6800 7398
2169 3598
6487 7982
8955 9346
702 1220
2872 3395
7124 7592
8420 9880
6166 7786
33 1631
7005 7459
5084 5538
405 2026
6716 7235
34 1698
185 1593
882 1522
597 1236
8394 9800
2286 3693
6575 7980
2923 3567
2809 3197
8232 9900
732 1113
8902 9283
8909 9288
8836 9219
6321 7734
2464 3880
716 1092
8249 9905
6431 8086
6649 8048
603 1232
232 1636
720 1116
208 1628
8804 9448
6771 7422
8315 9973
6377 7783
6304 7726
6225 7902
6602 8026
6912 7568
565 1188
8716 9373
9188 9589
9193 9592
6994 7622
45 1720
6382 7803
6170 7823
1009 1383
2065 3718
2212 3644
8395 9811
8982 9615
8805 9468
738 1144
933 1342
652 1047
2956 3351
2217 3634
253 1633
3015 3419
2498 3932
2380 4050
6915 7581
6703 7345
482 1917
758 1129
9205 9578
399 1839
918 1334
6410 8106
3003 3354
6568 7945
8816 9425
8865 9219
2833 3509
8794 9470
2099 3732
2153 3790
2415 4039
6187 7811
8852 9276
3055 3398
8968 9633
2791 3148
12 1703
8882 9241
6318 7685
7059 7486
180 1562
6791 7209
2943 3536
8258 9965
2355 3971
6690 7314
7092 7429
6186 7832
6789 7222
8706 9398
6605 8057
1013 1344
2116 3825
617 1244
2088 3742
6582 7936
8933 9299
6590 7944
206 1654
805 1437
72 1777
6824 7185
698 1025
5111 5450
8384 9853
2496 3840
3024 3345
6729 7304
6654 7996
8762 9465
6425 8154
2409 4013
2508 3848
2314 4047
2389 3984
8961 9668
8419 9766
2411 4013
6226 7829
8742 9441
8311 9904
6926 7622
523 1218
3052 3366
2222 3685
2606 3299
565 1275
2843 3541
2739 3197
2628 3220
9062 9654
9111 9543
2928 3490
8377 9835
6934 7618
369 1956
6417 8134
2064 3785
2060 3798
287 1989
6259 7849
6295 7757
8714 9424
9207 9516
2953 3413
151 1611
147 1613
5026 5500
405 1909
2771 3122
226 1539
8397 9772
3041 3331
2400 3970
664 1148
998 1283
6155 7918
6621 7995
8817 9366
8348 9851
2304 4073
2937 3475
6515 8089
2690 3177
2404 3983
6803 7295
5028 5448
8683 9990
77 1699
2063 3809
8305 9887
8236 9922
2946 3437
6357 7738
6758 7305
131 1650
562 1216
2164 3718
8893 9295
2387 4006
72 1725
6191 7897
8288 9880
8342 9838
2253 3636
8441 9728
9073 9608
6589 8007
8699 9985
8818 9352
1023 1284
6667 7408
9096 9587
7031 7564
6747 7334
6475 8118
6638 7955
455 1849
5045 5450
7152 7408
6843 7611
2498 3779
5114 5371
2599 3364
6150 7938
991 1242
6820 7585
7046 7299
817 1079
6423 7697
6239 8025
2096 3896
330 1602
2104 3889
8467 9754
2844 3094
5042 5304
6158 7941
8944 9723
1019 1271
6397 8177
6753 7533
2259 4062
23 1818
473 1751
2948 3210
8498 9788
3029 3290
2541 3837
2880 3152
8521 9817
6981 7253
3003 3242
2862 3132
9072 9314
9123 9392
6347 8159
8488 9788
635 1390
2061 3866
649 1425
2913 3193
362 1650
6391 8175
5085 5317
8674 9978
2613 3372
8220 9989
6902 7660
8901 9695
481 1786
2813 3553
2788 3576
8601 9861
2843 3078
940 1202
59 1828
2352 3600
748 1484
6796 7596
8768 9569
6927 7214
9167 9453
2419 3664
393 1706
7012 7233
8867 9606
5113 5340
7045 7331
1001 1230
5117 5338
2698 3490
379 1619
9205 9437
870 1103
6993 7291
7032 7251
6977 7274
996 1224
5 1832
2155 3909
6398 8144
2871 3079
2385 3681
7090 7298
7123 7394
2894 3196
282 1583
8616 9885
5036 5273
3014 3312
257 1591
493 1755
8536 9838
8986 9261
8719 9527
8707 9531
2175 3910
2643 3434
6798 7607
38 1821
6849 7674
533 1321
2317 3632
301 1552
2981 3224
2777 3556
766 1472
1020 1219
6959 7278
377 1595
7149 7343
6813 7641
9156 9344
496 1717
563 1398
7030 7219
6478 7691
102 1824
7110 7296
865 1062
6988 7179
7009 7206
2252 3972
3002 3314
6162 8026
6735 7431
3040 3241
7078 7407
6418 7771
8793 9491
6861 7559
8985 9299
2645 3358
2571 3392
6612 7839
2679 3386
6195 8062
3020 3202
580 1290
724 1435
2581 3418
6540 7875
2566 3414
2473 3833
495 1727
6219 7963
593 1280
9192 9401
995 1201
9138 9440
653 1502
8669 9870
2606 3450
347 1551
2174 3883
407 1729
3058 3236
834 1045
632 1327
685 1530
5085 5253
9153 9369
8475 9794
6918 7263
5005 5335
2290 4009
2466 3833
318 1637
582 1306
5029 5369
8687 9907
407 1738
8780 9490
886 1065
2222 4046
2943 3103
2747 3546
5026 5315
6362 8120
6885 7559
6814 7677
2577 3444
2799 3466
8833 9700
371 1557
6308 8130
480 1671
8474 9853
8906 9634
2097 3928
2727 3534
6857 7584
674 1480
8734 9588
7149 7303
2950 3309
2920 3075
2325 3710
6520 7699
894 1042
7061 7417
8850 9726
2342 3659
8984 9333
7035 7190
2140 3890
8736 9550
142 2017
5041 5342
6509 7709
2933 3079
2165 3847
385 1779
6830 7644
9167 9404
6221 7998
506 1678
6637 7832
834 1076
8548 9746
6537 7935
7031 7168
7066 7405
536 1376
2538 3730
586 1328
857 1059
6659 7545
9051 9248
8618 9937
8527 9779
562 1359
246 1931
2808 3461
865 1055
6888 7574
6353 8111
681 1494
1 1920
2056 3977
2779 3418
456 1612
6456 7868
6255 8170
8908 9546
8460 9867
8471 9872
7001 7390
2603 3491
189 1844
110 2023
8662 9823
8622 9767
341 1759
9124 9262
2336 3755
6706 7609
8320 9995
8956 9584
8482 9902
2784 3437
2205 3856
6437 7848
7028 7417
990 1104
6898 7549
763 1386
9045 9412
429 1598
3037 3150
8775 9684
6859 7519
8817 9700
2103 4000
520 1424
6804 7436
6717 7589
6811 7427
2805 3436
128 1817
6998 7372
211 1871
616 1526
2524 3651
2659 3580
546 1410
3051 3147
8642 9824
629 1488
5003 5166
2647 3569
626 1492
2959 3113
8744 9614
270 1705
8640 9831
252 1876
517 1453
9029 9452
2791 3405
538 1457
6410 7841
274 1726
636 1488
507 1620
7103 7184
6386 8029
695 1287
3005 3085
6231 8167
854 1255
8635 9738
683 1304
3062 3141
849 1250
6514 7873
6786 7479
6459 7822
2800 3398
6215 8177
2318 3769
27 1955
8599 9775
9093 9277
6517 7884
6161 8104
2256 3946
2403 3800
6165 8110
2623 3459
8682 9814
2907 3302
740 1371
2198 3881
5053 5245
3008 3073
1007 1069
2443 3656
6434 7905
6446 7914
8813 9640
6167 8146
9060 9378
2931 3252
2935 3248
8981 9426
6593 7689
158 1879
3066 3121
251 1840
6177 8170
873 1189
2160 4029
6781 7600
2295 3897
8399 9984
8578 9805
8514 9869
8670 9743
2136 3978
6894 7484
8617 9850
2769 3333
2828 3288
964 1041
2441 3678
622 1465
6162 8138
8696 9760
6174 8134
776 1236
9181 9217
1018 1063
6862 7443
2456 3654
6154 8148
885 1194
309 1770
9079 9384
164 1860
7144 7176
8658 9778
106 1931
79 1966
103 1924
7139 7168
5115 5144
3057 3093
7038 7321
6544 7799
2997 3165
7135 7223
689 1368
6239 8118
6286 8036
583 1452
171 1863
612 1416
6395 7958
2590 3568
715 1317
6317 8003
108 1923
8549 9866
2449 3681
351 1711
8832 9584
8911 9534
2601 3547
60 1998
6595 7729
2746 3406
2982 3154
2504 3644
2865 3269
6747 7586
6985 7347
8802 9624
929 1114
5083 5152
2290 3854
394 1655
789 1256
7036 7297
8478 9952
8735 9696
534 2578
1367 3409
1006 3048
506 2557
1970 4021
424 2464
655 2695
468 2525
437 2492
5148 7191
847 2883
588 2625
5071 7106
891 2933
345 2390
853 2906
1411 3473
1783 3813
1234 3264
423 2484
500 2535
5738 7801
5887 7914
34 2100
5151 7177
5666 7733
1422 3478
1983 4007
5867 7923
6069 8108
1681 3723
1159 3229
2041 4069
970 3030
5011 7055
368 2414
5930 7989
897 2977
1721 3739
1714 3728
261 2343
5390 7468
636 2648
5479 7491
1994 4079
83 2165
386 2469
280 2367
5711 7784
1259 3267
267 2338
5757 7766
1040 3132
18 2110
1323 3335
5760 7853
167 2184
298 2330
5109 7109
5653 7717
1107 3169
5569 7667
440 2445
5435 7438
5803 7838
614 2640
1873 3947
5804 7830
943 2964
203 2288
1158 3258
838 2938
2021 4056
1097 3188
1792 3902
853 2922
5612 7635
5332 7316
396 2510
5520 7634
5921 8035
1565 3678
1102 3082
1934 4042
5422 7530
684 2793
1403 3390
5305 7420
5392 7509
1957 4077
1878 3871
751 2726
5704 7681
305 2427
1531 3505
1011 3007
5980 7953
137 2247
1120 3118
765 2739
5761 7887
1544 3655
6074 8181
5314 7314
5340 7308
5301 7396
5351 7349
303 2426
5006 7131
1791 3753
2003 3978
1885 3846
1982 4069
1785 3746
5801 7925
5799 7930
1049 3143
5068 7059
858 2875
5162 7243
134 2276
1137 3090
5670 7746
1606 3616
5515 7651
1581 3652
1185 3274
60 2128
5969 7997
5871 7811
5907 8062
1352 3384
634 2570
1878 3877
1963 4063
2016 3989
323 2357
364 2331
370 2315
1976 4034
1513 3475
1012 2959
5964 7991
5778 7913
2014 4003
5005 7155
502 2422
5595 7513
1047 3219
5854 7770
704 2629
5693 7864
134 2049
1766 3694
87 2270
5773 7684
5545 7456
915 2841
5334 7260
847 3012
1657 3826
1604 3785
97 2284
1223 3146
5243 7414
5239 7416
343 2503
1117 3277
827 2986
1981 3886
398 2333
1166 3099
5916 8073
1890 4084
1058 3253
900 2844
1372 3525
427 2353
5210 7360
396 2320
667 2566
2028 3953
5282 7231
743 2631
495 2383
89 2296
1463 3348
1005 2889
1456 3349
886 3027
47 2185
778 2989
1911 4048
5573 7533
967 2926
5606 7503
78 2277
6117 8014
1721 3605
5064 7012
1738 3687
5635 7854
1962 3844
1241 3191
1894 4040
1086 3217
250 2133
5031 6920
289 2449
6032 7968
1604 3829
1213 3087
5925 8087
5957 8183
5813 7681
1810 4004
953 2831
1031 3249
493 2395
5083 7021
1153 3126
5248 7224
1118 3298
263 2491
1225 3189
5936 8076
876 3025
5552 7437
5325 7283
5447 7673
137 2102
244 2100
1449 3435
5837 7695
5743 7852
5629 7486
5857 7717
5056 6916
6006 8114
1040 3285
1737 3596
5195 7310
5040 7030
1489 3350
735 2583
780 3009
5299 7294
5497 7607
1772 3619
5268 7259
5480 7591
931 2931
1842 4066
5825 7697
684 2685
5864 7737
1401 3499
269 2520
1303 3522
5627 7470
5011 6982
1302 3520
5284 7282
5196 7323
5588 7436
5416 7664
1806 4055
5072 6922
6110 7938
5586 7438
5748 7849
5387 7637
5649 7886
717 2604
89 2232
6138 7963
944 2898
1241 3131
1757 3646
1684 3698
296 2510
5950 8152
6094 7976
523 2796
2004 3891
5459 7604
1495 3391
1025 3305
6123 7939
5948 8148
5979 8115
1640 3713
2008 3890
1813 4094
5292 7233
5507 7534
5876 7706
5114 6932
909 2914
1624 3752
237 2076
1578 3803
1964 3934
1826 4049
1182 3181
2000 3875
1169 3173
5867 7711
5458 7594
943 2901
1785 3587
6122 7952
1266 3086
1857 4028
5078 6952
293 2522
1070 3281
5066 6965
105 2409
5746 8050
1493 3284
1330 3120
73 2378
123 2430
1115 3422
1374 3163
6111 7898
1533 3323
6039 7825
1722 4019
1820 3606
1542 3852
1358 3140
198 2509
417 2218
284 2071
1456 3259
5036 6823
568 2868
6008 7796
388 2185
5800 8101
5425 7228
1152 3470
1607 3927
1556 3845
448 2257
5391 7198
1012 2790
1501 3278
669 2958
587 2904
1948 3727
1237 3521
5586 7366
5717 8001
20 2305
1318 3123
6 2321
5291 7612
5589 7369
444 2209
238 2547
5220 7546
5151 7425
1299 3123
15 2351
5915 7738
815 2573
1072 3346
1044 3383
5640 7981
5346 7623
1448 3214
5503 7256
108 2373
5289 7555
5928 7683
5246 7506
5744 8030
1638 3913
156 2483
1152 3503
1426 3234
393 2233
5759 8015
1402 3145
652 3007
5436 7176
5580 7416
573 2824
1977 3724
1501 3307
5027 6805
314 2048
1980 3719
227 2526
5074 6892
1899 3668
5614 7377
5956 7685
2032 3762
1695 4060
721 2962
5468 7199
5770 8142
5055 6907
1800 3661
1901 3627
466 2197
340 2067
1214 3574
6083 7818
1113 3347
1179 3537
5684 8063
1094 3338
1574 3947
5492 7225
358 2088
5854 8081
1644 3902
5182 7532
192 2451
813 2686
458 2206
1921 3796
1637 3888
5341 7560
331 2077
553 2942
103 2367
1683 4042
1660 3877
598 2831
863 2564
985 2692
1374 3072
1550 3921
988 2748
3 2401
6112 7810
5634 8033
1889 3589
1941 3825
1688 4093
6066 7895
813 2634
1725 4058
1233 3513
57 2384
5882 8087
6051 7885
680 3032
512 2928
453 2229
966 2740
5745 7939
313 2122
1322 3166
1696 4052
892 2568
1147 3342
5652 8033
1015 2688
1315 3156
5209 7470
5764 8179
986 2722
5109 6797
5023 6886
547 2905
5865 8083
5416 7250
426 2257
795 2663
630 2826
5296 7628
1962 3799
1796 3705
5099 6806
1117 3549
5276 7452
1107 3538
5378 7299
1976 3645
5513 7183
5024 6694
208 2391
808 2720
5046 6718
272 2202
28 2448
1621 4057
1406 3315
5818 7989
1850 3754
5639 8086
5600 7282
1549 3993
1098 3550
187 2349
1605 4051
540 2954
5686 8096
5537 7222
1558 3982
796 2692
1762 3962
6137 7781
266 2199
406 2059
476 2172
73 2537
47 2446
5944 7833
10 2472
1594 3992
5740 8143
898 2599
708 2915
2034 3669
5922 7813
503 2142
437 2073
5405 7345
615 3018
6116 7753
5203 7678
1010 2652
1553 4031
1540 4010
5919 7857
5798 7945
918 2598
1067 3483
1548 4029
625 3011
5211 7657
1631 4076
5479 7380
1807 3771
399 2106
1439 3114
32 2455
527 2998
430 2068
955 2561
1862 3836
1357 3319
1229 3446
1945 3621
1037 3505
5472 7388
6064 7692
815 2705
521 3017
725 2836
447 2174
1831 3814
5821 8060
1352 3211
588 2952
204 2314
1039 3528
174 2406
5454 7302
5486 7334
202 2307
5715 8090
1095 3469
5635 8136
1829 3817
1196 3425
1573 4072
1551 4033
243 2365
747 2852
348 2189
516 3031
5751 8098
720 2822
5798 8048
1414 3153
1699 3961
5015 6732
1011 2607
1043 3535
1898 3764
799 2752
5604 7227
1819 3835
114 2450
5081 6713
5656 8184
1556 4087
5116 6687
1272 3356
391 2147
5395 7415
5261 7529
483 2054
1919 3738
724 2866
549 3010
203 2339
1434 3184
5967 7845
344 2227
899 2664
5128 7651
6017 7786
5973 7865
6077 7763
1756 3891
5009 6782
5765 8042
199 2358
427 2138
5814 8004
1075 3527
433 2117
715 2879
1392 3204
6049 7764
1465 3151
1111 3489
5713 8102
332 2228
5628 7172
5142 7660
261 2302
1511 3100
5080 6691
1758 3874
6031 7795
5244 7552
1254 3355
590 2995
5724 8097
161 2399
5359 7441
1883 3748
5690 7226
1196 3757
1280 3841
1927 3458
6029 7560
1767 3311
1023 2549
928 2476
58 2615
484 3049
1599 3120
809 2342
1474 4045
5372 7923
1062 3638
159 2703
1480 4056
5235 7779
5223 7798
5623 8166
5130 7705
5878 7397
5252 7824
232 2814
2047 3560
104 2687
892 2411
1167 3734
861 2372
836 2398
5164 7734
1500 4034
1021 2530
235 2763
1677 3247
1780 3286
224 2755
881 2386
211 2800
6041 7613
6135 7633
1420 4011
6114 7621
1730 3306
376 2897
308 2845
1238 3837
6057 7557
5361 7901
5824 7404
1707 3206
278 2875
1591 3097
5594 8180
1833 3353
989 2543
335 2939
5592 8172
5501 8011
1750 3297
937 2462
5168 7687
1335 3853
1793 3389
5662 7203
185 2695
5137 7727
554 2154
997 2468
1262 3759
1724 3326
6124 7598
609 2082
1884 3359
5377 8002
5620 8119
1277 3771
1073 3703
576 2054
859 2332
242 2741
1051 3667
210 2712
233 2723
5045 6655
1190 3821
1273 3765
657 2268
153 2772
1266 3775
262 2888
505 2985
1351 3862
654 2269
2025 3514
1960 3581
5156 7794
1486 3993
5435 8044
240 2728
5094 6590
1975 3564
5391 8020
5782 7370
5863 7355
1550 3155
687 2289
5049 6631
68 2587
1529 4006
1096 3607
1058 3709
278 2934
5184 7713
649 2283
318 2909
5067 6568
1560 3196
5846 7344
5295 7876
5875 7320
6082 7593
432 3036
5959 7467
900 2538
5174 7768
1846 3417
1393 3870
1166 3838
646 2294
676 2260
5264 7904
5974 7461
5386 8057
2026 3486
6087 7602
660 2274
1672 3326
5912 7534
5491 7940
1413 4095
5050 6593
479 2978
1160 3831
1623 3112
400 3055
5256 7927
1582 3246
5362 7795
1541 3207
5110 6516
5028 6438
5056 6467
5312 7747
1715 3127
5433 8125
1228 3657
1595 3262
5500 8185
5281 7716
5687 7346
5298 7733
526 2180
5170 7865
5428 8127
5590 8024
1115 3796
1871 3520
1268 3684
1162 3610
1900 3583
5030 6453
845 2521
1772 3192
1765 3185
6026 7454
1239 3650
2012 3402
5154 7860
262 2961
1600 3287
716 2132
747 2163
5810 7211
5347 7802
5294 7735
2007 3405
1310 3972
5032 6450
6012 7654
5407 8068
1222 3674
5624 8036
1258 3703
5894 7579
6027 7446
570 2213
5093 6522
179 2578
5418 8075
1693 3135
5568 8034
1655 3283
5561 7965
1082 3743
1319 3969
676 2051
5495 8144
584 2272
5636 7341
59 2704
1641 3266
5780 7231
1651 3295
6110 7539
5057 6511
83 2812
949 2309
1163 3643
111 2783
5388 8124
5078 6502
5331 7778
1881 3565
140 2616
5018 6446
1185 3604
545 2199
6083 7541
181 2562
981 2402
1518 3926
1308 4005
1154 3640
1868 3574
1756 3175
810 2454
5544 7956
5796 7194
959 2304
5051 6404
5277 7773
323 2945
321 2947
5209 7835
1521 3893
212 2576
5319 7683
5634 7366
1364 3986
1470 3960
5754 7356
1988 3341
1186 3691
749 2084
5620 7997
5817 7280
5524 8030
1856 3467
5144 7891
1219 3599
5271 7771
5942 7675
166 2664
1803 3525
976 2335
450 2829
1597 3309
1755 3083
146 2627
93 2702
1515 3896
5087 6412
5933 7673
149 2624
5067 6430
1989 3347
5856 7223
68 2716
5406 8135
1074 3816
1862 3485
1536 3291
973 2321
5523 8015
5682 7406
31 2754
606 2179
5683 7406
1875 3469
1539 3293
1424 3952
118 2710
5663 7423
1104 3761
459 2857
5576 7979
5662 7418
5682 7382
485 2816
13 2792
6048 7493
2021 3331
644 2146
5505 8039
1991 3360
1891 3460
5658 7421
5173 7890
426 2882
119 2719
5374 7702
675 2122
5539 8010
5558 8031
1603 3241
1235 3641
2043 3344
5527 8058
6027 7526
1930 3428
5054 6481
1208 3657
1943 3429
2034 3329
1041 3810
5944 7627
5272 7788
890 2444
560 2250
1268 3599
890 2433
6094 7475
826 2500
6072 7495
635 2427
624 2417
1057 3872
5680 7476
917 2192
1691 3486
739 2534
290 2596
1912 3199
6131 7412
5102 6374
5900 7174
1088 3915
1430 3736
2044 3315
119 2918
5044 6310
1744 3523
5142 7941
777 2077
5231 8059
5858 7670
1169 3975
975 2265
1151 3943
5554 7850
628 2413
374 2671
228 3070
1745 3530
6051 7352
5860 7672
709 2520
1252 4091
5080 6343
184 2969
5814 7575
5648 7474
806 2050
213 3056
1829 3075
1761 3526
1999 3304
1074 3861
5134 7977
333 2661
1490 3834
1339 3603
1387 3649
404 2745
1787 3541
1857 3183
281 2614
15 2848
5065 6393
5204 8037
5224 8025
1979 3209
784 2082
111 2909
299 2584
288 2579
577 2422
5441 7798
5960 7281
1936 3242
1638 3416
1509 3802
852 2155
412 2782
5131 8008
869 2081
5654 7506
1447 3809
5892 7234
578 2315
1564 3414
1421 3783
1209 4083
5188 7950
6113 7338
1748 3480
5999 7203
5762 7631
5887 7602
5934 7264
221 2962
5794 7666
391 2774
5830 7572
775 2132
5449 7709
1429 3776
1059 3958
5624 7853
5844 7553
482 2741
5584 7815
95 2823
783 2134
651 2514
1527 3757
557 2423
802 2168
1640 3379
1495 3724
5654 7501
5532 7879
1337 3684
567 2410
486 2744
5542 7928
5459 7693
1517 3762
1469 3810
733 2493
1448 3784
92 2876
1479 3751
5025 6336
5461 7732
629 2327
5237 7959
306 2641
1930 3310
1913 3101
739 2439
1468 3801
5954 7207
5138 8052
5101 6283
378 2589
773 2157
1935 3303
5597 7863
5661 7542
1669 3561
5579 7847
1297 3708
901 2280
157 3056
5615 7809
5180 8018
214 3001
868 2068
5526 7911
845 2111
1135 3869
268 2680
186 3022
6033 7397
267 2686
1331 3654
670 2536
5300 8140
1455 3798
6015 7174
6063 7382
382 2564
1442 3801
5250 8190
1632 3357
764 2433
5190 7995
371 2803
169 2856
5886 7551
848 2258
1913 3325
5032 6188
272 2709
386 2565
5705 7630
1572 3500
600 2512
1281 3722
5469 7894
5961 7362
1371 3799
1165 3841
926 2067
987 2134
920 2069
881 2303
5451 7877
1051 3988
1875 3292
1078 4025
5035 6180
1143 4071
786 2177
731 2382
5775 7450
1874 3268
2042 3180
1057 4023
872 2303
1616 3527
5287 7984
1948 3076
5690 7586
6059 7218
5476 7933
1584 3499
196 2904
5896 7317
5756 7649
1149 4067
1066 4021
5766 7449
6097 7246
1636 3524
5485 7885
6023 7206
1955 3073
1838 3211
796 2233
259 2725
6025 7215
1473 3686
1773 3397
2035 3160
1400 3795
5873 7514
5792 7435
1339 3735
41 2951
5526 7719
5291 7961
463 2684
1516 3672
893 2248
5906 7335
995 2133
1048 4014
876 2266
5229 8155
537 2478
1125 4061
14 2999
2036 3149
1396 3790
1735 3453
6001 7371
5272 7970
6034 7208
532 2479
5621 7753
5839 7538
5579 7797
110 2991
1843 3314
840 2186
6113 7202
549 2529
5790 7515
5667 7653
1937 3161
5557 7805
5255 8014
5514 7747
5776 7514
1383 3755
5677 7648
826 2292
204 2819
5308 8051
6103 7192
6101 7194
1868 3229
5465 7819
5286 8052
141 2910
1990 3090
6133 7201
1648 3493
1016 2093
1093 3987
1673 3423
5328 7942
695 2415
238 2870
1893 3261
2040 3104
5903 7383
1061 4095
5376 7898
2040 3107
6000 7339
1119 3971
757 2345
5385 7894
1200 3920
1150 3998
519 2535
431 2637
5139 8176
501 2577
1039 4075
70 2979
86 2992
5545 7759
322 2725
435 2651
1428 3708
16 3065
76 2981
353 2696
5093 6156
1019 2065
5543 7757
308 2776
5205 8121
5138 8190
1218 3887
5237 8088
677 2379
1198 3905
354 2707
1118 4012
938 2136
663 2405
5820 7502
1628 3503
366 2714
1130 3998
932 2128
1490 3623
6073 7246
195 2873
218 2848
154 2912
5585 7725
5167 8147
5911 7403
67 3006
1508 3609
5525 7787
996 2075
363 2708
343 3415
5275 6298
6120 7145
5360 6385
1907 2929
939 4009
475 3545
5587 6609
926 3994
874 3950
552 3629
5295 6314
5581 6600
999 4064
1675 2691
6096 7128
541 3606
5664 6699
775 3850
5160 6181
948 4026
5666 6701
433 3489
6076 7084
1451 2490
1815 2822
5733 6775
5754 6761
867 3959
644 3729
5305 6316
5158 6192
6054 7089
885 3949
1617 2633
44 3125
5848 6849
799 3845
378 3424
1413 2463
1917 2918
5793 6845
543 3586
1272 2278
919 3977
1292 2322
5228 6258
1498 2501
5302 6292
350 3453
5249 6309
1264 2261
914 4023
1659 2652
1983 2967
5020 8116
303 3334
5749 6748
390 3498
933 3976
1830 2827
543 3634
5597 6640
1597 2579
5277 6323
6053 7050
5257 6310
1809 2849
1524 2501
1619 2658
94 3183
449 3571
5203 6240
555 3615
1494 2531
129 3255
5716 6754
5344 6358
5850 6893
866 3930
1238 2284
234 3280
558 3603
5740 6738
5330 6381
539 3675
729 3737
736 3744
849 3856
771 3904
755 3767
6096 7060
5487 6443
5280 6373
6032 7125
705 3719
5961 6927
610 3621
51 3188
1899 2851
817 3961
310 3455
5555 6650
1831 2924
5581 6534
5589 6553
5799 6891
1404 2354
6018 7116
489 3512
1297 2368
492 3519
5455 6428
1302 2370
209 3205
6035 7111
1393 2340
941 4091
5047 8160
6055 7167
1438 2503
1116 2053
6030 7127
5180 6247
551 3707
984 3973
1017 4004
1142 2091
295 3448
753 3729
1289 2408
5736 6665
5147 6266
1568 2626
734 3770
1481 2477
5361 6293
197 3232
5104 8085
5576 6573
5493 6416
6 3168
648 3823
1496 2480
5099 8067
58 3152
1014 3996
1069 2118
1124 2057
1716 2778
1904 2846
5004 8191
1486 2491
1786 2700
1355 2355
5446 6462
5741 6677
118 3087
117 3084
5838 6839
5184 6202
477 3494
1507 2456
1599 2626
962 4031
5363 6286
223 3233
1295 2447
5602 6499
379 3576
5179 6335
5830 6723
5802 6703
1184 2086
1363 2523
2018 2920
6056 6946
5564 6455
789 3995
5622 6520
994 3949
5530 6411
6115 7026
446 3372
8 3226
5668 6838
2037 2913
5061 8019
1226 2141
62 3239
5993 7152
1273 2149
5031 7994
1114 2245
5225 6390
753 3664
8 3243
1312 2437
2038 2899
1824 2949
286 3512
120 3295
265 3502
5397 6578
601 3824
1503 2421
843 4064
1346 2537
875 4038
1718 2587
952 3861
1178 2103
5352 6213
1749 2683
5849 6775
403 3388
297 3462
758 3673
5503 6608
5270 6201
5532 6444
810 3995
1813 2980
759 3653
1790 2636
5008 7970
6130 6983
5215 6378
207 3192
164 3091
5014 7983
44 3222
337 3563
1394 2511
1734 2683
5345 6236
1997 2930
1588 2804
1692 2653
1804 3022
1251 2080
1739 2568
1649 2738
1647 2731
5106 7988
5897 7119
1195 2156
6038 7007
1702 2668
284 3543
1033 2242
5234 6329
1136 2236
5440 6540
1165 2112
1141 2232
143 3137
5550 6496
5870 6688
1798 3031
934 3956
1418 2392
729 3594
544 3827
5477 6579
1600 2711
972 3862
552 3826
936 3955
1773 2614
88 3203
1018 3878
5260 6224
1158 2139
5461 6539
1523 2323
5001 8041
6136 6937
1767 2565
46 3276
5850 6712
1394 2454
1063 2243
1123 2183
5221 6272
11 3308
5813 6750
245 3097
711 3626
11 3301
744 3611
5456 6563
13 3321
5460 6560
585 3772
5678 6875
1097 2238
583 3760
1867 3004
5646 6905
5905 7142
1244 2084
124 3205
751 3604
6056 6995
5128 6388
217 3110
5592 6361
5179 6457
5605 6375
1010 3830
593 3924
5909 6675
5997 6763
5933 6699
5762 7050
5982 6743
5717 7004
856 3666
5437 6199
1553 2842
1514 2278
116 3448
5432 6196
127 3439
5836 7132
1161 2459
550 3893
1300 2050
6082 6868
1568 2871
878 3702
5029 7868
5121 6424
5127 6430
1789 3047
1915 2662
5174 6443
1449 2231
5919 6657
1277 2530
389 3237
6021 6821
5827 7139
1732 3045
31 3389
1532 2271
271 3116
319 3100
1430 2226
1795 2598
1140 2385
582 3936
1969 2710
162 3461
1680 3000
854 3710
5091 7881
1377 2124
5103 7874
621 3906
2032 2783
1400 2135
1658 2890
765 4044
819 3591
5616 6340
987 3822
5996 6745
5939 6662
1937 2727
5285 6547
1248 2521
1253 2527
5311 6533
1305 2085
5409 6172
6050 6815
1155 2493
5674 6932
1351 2168
5413 6245
811 3689
22 3410
1552 2903
5037 7909
5923 6762
887 3645
1412 2255
673 4074
536 3924
5671 7019
5172 6521
6063 6880
5317 6549
5107 7843
355 3121
487 3252
977 3714
5931 6776
1215 2539
1443 2294
5401 6223
63 3432
1674 3037
5218 6458
5872 7080
2020 2749
5337 6531
5281 6651
1896 2612
1405 2080
1562 2884
1676 3026
5101 7858
5551 6384
1743 2990
1373 2110
1172 2551
2003 2743
1752 3004
5014 7922
6068 6866
253 3477
9 3424
151 3581
5104 7834
5540 6350
452 3247
5339 6576
6120 6788
5669 6985
1601 2860
5801 7110
6047 6896
772 3700
5645 7037
1659 2825
672 4050
5571 6320
188 3528
1375 2090
1331 2117
2011 2732
5536 6359
5311 6600
138 3570
5572 6335
5924 6744
632 4088
5367 6519
5274 6426
889 3832
507 3194
5855 7006
1622 3029
5131 6536
5050 7742
1892 2785
1528 2173
949 3635
5909 6803
1402 2301
1179 2332
5344 6503
5976 6864
571 4018
109 3559
1958 2604
5915 6801
5264 6426
1801 2693
5122 6543
5456 6367
5234 6653
1990 2646
1590 2983
1525 2148
5656 7049
5604 6261
1938 2560
1991 2644
176 3363
1825 2738
5927 6836
911 3611
5676 7098
5222 6640
706 3925
1269 2402
231 3455
361 3313
5020 7684
5090 7800
1881 2754
455 3164
954 3617
5354 6518
1967 2608
365 3279
6040 6714
144 3379
5097 7754
919 3635
6058 6670
607 4090
5718 7153
5136 6583
1841 2713
761 3921
5808 6936
913 3640
5837 7014
824 3732
626 4062
165 3336
672 3853
330 3300
5343 6510
1818 2728
1804 2750
5633 7091
5966 6908
1820 2735
682 3865
5229 6617
5380 6321
662 3886
5355 6482
140 3383
115 3535
1035 2487
5869 6992
1570 2972
300 3218
5514 6196
1746 2925
711 3960
5412 6299
85 3476
5700 7045
1222 2308
5803 7017
1 3526
981 3602
1368 2192
5684 7164
701 3959
1049 2515
1704 2916
5562 6262
5379 6350
5476 6313
5010 7775
1446 2152
36 3562
5812 7034
1090 2445
190 3441
6139 6708
1461 2149
5861 6964
275 3265
1836 2815
5013 7750
1958 2672
5022 7751
5307 6498
5096 7730
5839 6933
1825 2810
337 3213
5438 6370
1753 2823
1977 2663
221 3330
107 3466
1076 2517
62 3551
1703 2886
5649 7155
37 3521
930 3655
100 3458
496 3094
5038 7752
338 3253
1682 2938
5420 6340
5204 6588
297 3264
5989 6796
1922 2665
1089 2474
5954 6825
1985 2605
5068 7712
921 3700
51 3550
1926 2667
5110 7707
1184 2382
2039 2585
5681 7134
1124 2452
1832 2776
655 3965
1414 2164
5539 6225
5827 6960
1858 2742
5404 6376
538 4079
529 4070
5851 6956
5553 6214
76 3511
1431 2156
1157 2424
829 3779
1157 2426
804 3364
828 3388
948 3510
1056 2594
772 3329
1835 2348
696 3263
1874 2394
877 3431
879 3428
98 3689
596 3167
328 3907
178 3769
5269 6809
1582 2083
982 3544
983 3545
5332 6874
5224 6758
215 3800
191 3759
1715 2211
771 3346
1474 3027
5176 6697
491 4089
1954 2480
5952 6482
340 3911
248 3820
5214 6731
5226 6770
5134 6678
1992 2513
1865 2384
1029 2588
2002 2504
5986 6526
70 3673
487 4038
307 3857
1563 2105
1370 2936
1925 2471
5233 6739
940 3471
1131 2639
542 3131
5519 7082
1122 2628
288 3846
413 4027
5757 6234
1263 2759
1575 2062
1954 2440
1438 2994
1475 3054
1593 2071
81 3711
5529 7095
5570 7148
358 3913
619 3162
498 4035
1974 2436
6133 6599
57 3594
1022 3533
6067 6528
692 3200
704 3317
5771 6332
1454 2966
884 3404
6024 6577
794 3361
1313 2842
5559 7052
18 3630
5617 7117
814 3438
585 3081
1675 2250
1951 2526
5557 7156
5531 7130
5899 6474
1246 2716
1156 2758
5516 7119
709 3201
6038 6610
518 3136
351 3864
5567 7160
654 3270
901 3533
5059 7562
1194 2784
1237 2719
766 3250
864 3373
1510 2985
448 3983
332 3868
1233 2689
951 3558
1129 2616
793 3403
534 3140
1419 3032
1722 2286
1960 2558
5904 6470
249 3745
5912 6464
5508 7132
497 4015
6111 6591
80 3633
618 3080
5213 6719
5090 7553
1126 2562
803 3399
633 3101
5271 6897
1249 2697
1009 3485
513 3180
701 3280
6062 6595
192 3758
756 3227
1347 2860
707 3251
1381 2837
1586 2115
1432 3050
115 3591
5517 7161
5708 6200
1861 2352
1415 3057
6001 6407
5905 6503
5583 7096
1795 2425
5681 6219
5061 7614
160 3804
5712 6189
5529 7140
5364 6794
1408 3071
395 4084
5409 7073
5323 6731
1460 2869
945 3376
515 3201
1417 2826
5448 7115
5929 6573
5720 6364
1409 2820
1386 3052
273 3990
5257 6670
5920 6569
5087 7510
1140 2814
1618 2270
5868 6240
5406 7058
1091 2766
5467 7126
539 3221
864 3566
5521 6943
631 3303
5041 7457
5342 6732
30 3725
209 3650
1197 2622
1919 2539
535 3202
1519 2937
1378 3060
499 3940
749 3189
56 3745
416 3897
615 3324
5838 6229
1419 2838
5445 7128
688 3118
1663 2273
904 3351
5375 6751
2023 2374
5381 7076
1282 2976
1376 3012
423 3843
372 4049
2028 2377
1639 2241
364 4043
5510 6958
989 3444
5230 6855
1502 2932
5938 6552
985 3442
5853 6257
1220 2665
1428 2874
1162 2618
581 3318
6134 6466
1918 2507
223 3690
822 3457
1431 2863
812 3476
5070 7542
1855 2436
424 3859
403 3887
5395 7087
5694 6274
5879 6216
1573 2277
467 3859
172 3693
5702 6276
1906 2481
1584 2292
2024 2349
5898 6604
264 4032
1385 2977
5768 6208
6022 6478
1889 2472
899 3401
5841 6171
1973 2430
664 3155
1969 2429
597 3225
5616 6972
1632 2221
804 3561
823 3577
1535 2865
5132 6850
1712 2144
104 3768
1475 2835
117 3748
6033 6464
345 3979
22 3781
822 3554
239 3642
411 3917
1366 2944
32 3831
1663 2216
5357 6708
5010 7496
342 3981
5252 6744
5895 6618
1928 2390
736 3072
410 3962
2030 2319
5860 6151
5895 6626
1680 2167
440 3920
833 3497
1561 2288
1319 3021
320 4011
1484 2855
415 3955
101 3721
471 3898
1892 2442
5463 7097
5310 6736
859 3508
5035 7492
6043 6506
5004 7549
1385 2970
1466 2894
84 3746
5398 7136
860 3492
6127 6422
5373 6657
1316 3033
1450 2903
5982 6561
20 3860
680 3498
938 3240
5193 6987
5389 6671
1890 2145
1493 2769
71 3907
1681 2453
1121 2917
6078 6330
1564 2329
150 3984
514 3332
1412 2700
255 4086
217 4048
752 3578
1081 2867
5691 6448
499 3836
5981 6226
2011 2251
595 3394
5694 6444
1949 2190
5002 7321
1561 2317
5965 6232
1782 2529
1714 2474
908 3221
6060 6325
5473 6776
5820 6566
5356 7158
1423 2707
1723 2470
785 3084
1046 2825
2010 2245
5419 6665
67 3936
515 3360
1530 2777
1947 2239
889 3167
327 3680
5039 7304
5141 6962
816 3096
1087 2837
970 3296
5040 7322
801 3082
1830 2061
5724 6512
5357 7105
491 3780
5440 6767
1903 2143
362 3674
5220 6998
5995 6233
1729 2546
5434 6671
6055 6290
1079 2817
1532 2763
5166 6937
1399 2639
1357 2677
5940 6156
484 3805
56 3842
1395 2633
723 3560
6129 6349
6088 6389
883 3148
383 3647
1515 2731
5710 6415
5226 6955
1195 3049
5146 7006
5470 6683
5082 7327
1706 2540
1175 3025
5251 7109
839 3086
5244 6965
1482 2688
1816 2130
1531 2737
5988 6191
1713 2557
1417 2756
880 3133
139 4037
782 3137
1128 2872
1135 2879
1544 2394
2001 2178
903 3283
1959 2291
5376 6740
525 3416
313 3692
956 3306
1608 2334
248 4014
670 3529
1688 2511
1516 2747
1661 2340
6108 6278
825 3172
200 3989
618 3381
5427 6764
5484 6707
1098 2859
5025 7360
6092 6317
1213 3039
229 3974
125 3867
5823 6617
472 3760
5426 6746
1207 3038
5563 6865
738 3465
5806 6594
741 3464
5877 6552
607 3377
5007 7393
5729 6415
1594 2389
1442 2770
592 3361
732 3501
5411 6738
5560 6858
5632 6514
1101 2873
1270 2946
640 3572
1329 2629
2007 2210
1781 2432
5809 6596
5177 6988
5888 6263
5382 6769
1534 2694
160 4058
5994 6160
5574 6844
1848 2115
5228 6935
365 3600
1206 3016
5966 6192
5809 6606
5575 6840
5569 6721
5469 6876
648 3339
1226 2889
1643 2543
964 3136
5679 6571
5959 6339
1957 2083
5288 6958
5086 7256
5880 6513
1306 2705
1744 2395
6085 6222
252 3953
5105 7292
1177 2839
5659 6548
255 3951
1521 2657
1038 2975
1624 2506
401 3589
392 3613
23 3970
412 3595
5449 6878
377 3808
1791 2406
591 3542
6076 6181
611 3577
1366 2764
473 3653
1519 2675
5695 6563
5071 7250
1276 2915
1443 2620
1133 3058
1048 3000
571 3482
5405 6844
891 3289
1953 2051
5975 6389
1305 2748
1029 2976
1768 2381
1684 2354
258 3749
1267 2907
152 3889
5159 7054
5542 6669
5969 6394
5003 7207
464 3680
5674 6554
1920 2098
1409 2611
1469 2575
5108 7238
1967 2076
1313 2706
600 3563
5595 6760
258 3766
963 3190
5310 6923
5815 6401
302 3737
5702 6641
5079 7264
1764 2397
5536 6681
777 3251
311 3725
12 4022
5737 6611
1462 2573
5115 7232
5502 6851
5703 6650
299 3733
1132 2988
5916 6364
1322 2795
6047 6238
6098 6160
5063 7172
5647 6603
781 3272
6108 6169
333 3723
5640 6606
5222 7072
1626 2461
5650 6613
5362 6970
5506 6730
572 3573
1799 2254
1771 2338
1578 2531
1193 2914
5037 7270
5707 6535
5081 7189
785 3292
5240 7093
5121 7118
375 3751
5758 6574
5700 6548
177 3939
5786 6472
1345 2709
1634 2486
5554 6759
1201 2921
612 3517
682 3440
1141 2990
1666 2393
394 3670
135 3931
5493 6824
5016 7237
5748 6570
6114 6204
1935 2158
1096 2987
1572 2497
5929 6348
456 3631
175 3912
5565 6741
161 3915
5070 7204
82 4025
1649 2458
5451 6816
462 3618
5300 7000
908 3169
574 3539
568 3542
1979 2123
1811 2275
1320 2778
1064 3034
61 4046
1664 2419
1444 2647
2002 2086
958 3146
678 3408
6121 6175
6069 6211
338 3749
5388 6901
6112 6170
1217 2874
24 4067
1228 2864
6010 6278
1579 2518
5326 6963
1245 2851
6013 6275
1338 2757
25 4123
292 4391
282 4377
49 4149
339 4438
727 4818
432 4536
893 4982
384 4492
183 4281
803 4913
17 4098
417 4533
178 4262
625 4710
93 4166
335 4436
451 4574
29 4099
346 4473
606 4727
294 4362
522 4666
86 4199
230 4306
788 4896
138 4284
800 4889
225 4314
830 4869
87 4203
508 4545
602 4709
227 4263
884 4912
483 4516
561 4731
504 4531
411 4555
50 4195
428 4607
249 4260
490 4492
643 4843
143 4324
135 4328
504 4483
334 4558
728 4699
82 4305
336 4563
327 4548
1000 4972
750 4712
742 4705
935 4908
273 4509
283 4500
589 4831
169 4158
514 4757
145 4105
214 4173
53 4265
441 4390
9 4266
4 4259
91 4348
126 4308
88 4330
165 4118
256 4532
45 4251
1006 4951
897 4927
699 4723
925 4941
494 4414
30 4302
992 4916
220 4100
1002 4919
706 4636
546 4802
548 4807
955 4959
474 4415
572 4820
152 4208
219 4146
503 4352
511 4360
260 4606
969 4914
26 4326
419 4445
961 4926
842 4683
880 4722
133 4481
637 4986
609 4969
312 4151
38 4407
831 4648
361 4212
592 4978
163 4481
540 4916
17 4408
5 4398
397 4283
198 4593
429 4245
131 4537
564 4879
824 4611
477 4320
176 4594
189 4606
605 4894
563 4976
35 4458
271 4161
450 4236
553 4987
999 4785
867 4661
28 4427
586 4884
324 4123
907 4857
941 4831
136 4604
180 4545
380 4101
441 4288
395 4337
936 4820
971 4790
950 4663
656 4885
148 4381
81 4568
735 4947
762 4983
821 4775
746 4991
246 4448
760 4962
851 4809
666 4864
53 4521
988 4724
425 4096
46 4480
700 4879
855 4836
414 4141
380 4290
927 4640
966 4614
947 4720
184 4467
998 4649
461 4124
476 4101
509 4135
868 4792
821 4843
866 4796
179 4461
347 4282
734 4920
168 4419
101 4490
247 4356
642 4224
841 4426
922 4511
240 4853
331 4940
965 4556
43 4642
146 4761
737 4333
665 4238
402 5000
150 4749
300 4914
906 4500
344 4935
620 4211
993 4549
270 4905
873 4417
52 4637
524 4134
997 4553
759 4313
516 4139
1004 4574
315 4878
277 4910
69 4612
874 4395
230 4771
193 4744
107 4647
245 4793
127 4656
721 4254
851 4358
702 4331
610 4153
37 4728
260 4964
54 4692
69 4643
155 4850
296 4932
712 4282
181 4801
693 4288
52 4673
550 4177
595 4139
187 4803
967 4542
136 4849
304 4938
290 4953
241 4749
616 4117
61 4798
1000 4460
937 4396
857 4575
97 4840
773 4488
558 4287
90 4814
465 4935
154 4620
638 4329
710 4189
283 4997
954 4388
741 4160
591 4323
883 4572
947 4355
923 4399
49 4741
43 4767
79 4858
726 4192
902 4401
1008 4400
385 4934
528 4318
832 4495
409 4936
144 4676
823 4579
882 4519
200 4631
700 4189
156 4733
254 4637
584 4256
195 4654
930 4428
992 4367
977 4394
638 4229
418 4957
1003 4329
907 4239
122 4990
113 4981
788 4113
321 4679
356 4717
805 4143
925 4242
658 4482
99 4985
85 4937
905 4247
468 4810
1015 4307
963 4326
776 4142
279 4670
780 4128
33 4878
667 4526
420 4760
408 4772
54 4981
661 4573
698 4592
481 4781
855 4121
692 4581
373 4647
500 4769
74 4893
2 4955
820 4207
520 4437
980 4234
848 4111
124 4892
102 4866
878 4107
960 4264
791 4219
653 4577
113 4895
430 4801
339 4668
436 4663
639 4600
888 4342
329 4827
291 4743
761 4447
590 4582
530 4541
935 4119
718 4479
768 4276
950 4099
668 4388
153 4902
713 4367
924 4180
404 4672
369 4773
329 4764
436 4706
314 4844
444 4715
148 4942
634 4513
679 4474
475 4613
763 4379
194 4896
363 4745
961 4136
697 4434
210 4898
309 4813
968 4147
645 4478
302 4818
1507 4578
1929 4995
1189 4264
1943 4999
1499 4547
1569 4667
1164 4241
1915 4954
1145 4186
1377 4422
1503 4598
1710 4737
1085 4110
1872 4963
1105 4194
1234 4327
1324 4378
1347 4469
1834 4882
1812 4906
1401 4409
1286 4422
1733 4736
1311 4441
1333 4476
1505 4522
1336 4456
1694 4812
1183 4299
1723 4847
1155 4309
1246 4232
1271 4271
1191 4348
1171 4302
1314 4418
1866 4904
1205 4304
1797 4963
1803 4961
1278 4237
1032 4220
1788 4746
1068 4181
1851 4928
1173 4334
1406 4354
1696 4829
1095 4294
1668 4613
1105 4310
1324 4517
1200 4154
1101 4291
1634 4850
1203 4128
1575 4787
1112 4303
1296 4489
1325 4529
1586 4754
1776 4694
1965 4868
1464 4375
1569 4750
1981 4873
1928 4926
1998 4985
1440 4376
1598 4740
1567 4771
1275 4155
1646 4781
2035 4918
1316 4577
1091 4230
1090 4234
1683 4702
1741 4639
1084 4331
1163 4179
1459 4461
1651 4780
1208 4186
1210 4184
1985 4899
1702 4686
1134 4231
1733 4655
2006 4922
1533 4368
1464 4439
1317 4566
1214 4169
1312 4569
1094 4281
1174 4201
1026 4353
1361 4183
1326 4137
1609 4931
1177 4501
1994 4804
1314 4140
1863 4693
1451 4287
1610 4956
1577 4927
1084 4389
1802 4625
1188 4536
1248 4607
1328 4112
1203 4505
1648 4956
1724 5000
1836 4635
1923 4794
1491 4241
1168 4567
1257 4514
1499 4240
1841 4735
1603 4881
1355 4121
1588 4960
1538 4951
1866 4636
1321 4222
1585 4966
1477 4249
1426 4300
1843 4695
1592 4945
1950 4853
1910 4614
1192 4561
1089 4415
1310 4253
1254 4460
1053 4502
1260 4451
1092 4560
1367 4298
2009 4678
1457 4116
1455 4103
1307 4274
1854 4757
1811 4770
1227 4477
1992 4735
1487 4210
1043 4526
1664 4925
1921 4672
1425 4176
1754 4891
1891 4768
1463 4218
1036 4573
1682 4931
1441 4213
1895 4786
1968 4711
1396 4269
1180 4423
1086 4579
1227 4372
1926 4708
1933 4713
1517 4104
1033 4590
1261 4359
1775 4868
1835 4805
1698 4941
1485 4157
1975 4674
1131 4510
1734 4915
1204 4419
1794 4858
1354 4273
1136 4491
1478 4154
1750 4904
1483 4149
1950 4704
1390 4967
1106 4696
1045 4638
1897 4455
1618 4163
1334 4900
1679 4251
1336 4909
1301 4867
1916 4449
1315 4866
1918 4444
1687 4277
1537 4138
1775 4292
1834 4353
1726 4242
1859 4462
1984 4592
1701 4253
1024 4665
1281 4923
1849 4472
1392 4915
1704 4321
1170 4824
1609 4100
1199 4833
1794 4433
1335 4974
1907 4392
1852 4440
1719 4306
1765 4227
1809 4470
1902 4357
1359 4898
1265 4767
1833 4446
1768 4240
1323 4946
1256 4755
1360 4907
1031 4729
1810 4498
1103 4812
2029 4457
1269 4722
1877 4571
1167 4633
1635 4347
1886 4548
1782 4203
1535 4958
1247 4728
1966 4378
1808 4518
1798 4543
1078 4748
1153 4669
1903 4563
1471 4990
1865 4488
1512 4907
1231 4619
1888 4518
1146 4784
1801 4547
1279 4659
1500 4881
1939 4445
1053 4808
1151 4774
1708 4215
1024 4830
1217 4641
1044 4854
1783 4116
1174 4725
1139 4758
1822 4599
1808 4601
1908 4506
1252 4619
1178 4714
2020 4373
1769 4125
1027 4854
1720 4174
1771 4119
1670 4217
1294 4618
1288 4609
1999 4290
1993 4294
1689 4489
1581 4412
1325 4671
1910 4196
1147 4972
1845 4142
1898 4213
1661 4447
1790 4566
1666 4522
1108 4984
1897 4167
1300 4646
2031 4317
1873 4194
1548 4410
1888 4129
1656 4414
1565 4439
2047 4275
1529 4788
1473 4751
1354 4632
1711 4605
1611 4383
1760 4540
1320 4725
1876 4106
1602 4390
1526 4766
1433 4851
1742 4516
1518 4766
1630 4399
1807 4222
2046 4233
1942 4334
1793 4219
1285 4734
1673 4594
1583 4435
1508 4708
1229 4942
1205 4912
1974 4144
2027 4205
1416 4612
1291 4741
1690 4366
1285 4752
1547 4498
1477 4703
1690 4357
1846 4244
1867 4328
1389 4802
1757 4463
1949 4143
1580 4507
1951 4135
1421 4660
1251 4953
1240 4964
1492 4713
1293 4787
1677 4403
1212 4867
1340 4855
1513 4660
1697 4476
1489 4622
1171 4940
1697 4423
1805 4325
1742 4389
1576 4550
1942 4193
2022 4127
2240 4289
2118 4162
2881 4933
2699 4738
2216 4257
2441 4485
2590 4626
2655 4690
2596 4650
2316 4354
2264 4311
2489 4520
2059 4126
2575 4634
2765 4826
2552 4578
2923 4936
2645 4733
2572 4645
2361 4371
2327 4410
2066 4159
2176 4270
2790 4819
2827 4925
2348 4373
2721 4760
2207 4260
2145 4188
2458 4519
2661 4699
2234 4229
2281 4266
2888 4877
2659 4644
2204 4315
2424 4402
2109 4214
2308 4424
2811 4777
2293 4263
2556 4527
2650 4608
2326 4426
2595 4674
3043 4993
2794 4750
2623 4697
2617 4702
2078 4217
2247 4270
2094 4162
2494 4560
2830 4989
2123 4157
2569 4720
2219 4138
2343 4515
2283 4204
2945 4875
2678 4859
2058 4228
2241 4174
2249 4184
3063 4973
2542 4427
2610 4759
2605 4762
2569 4784
2952 4917
2802 4662
2994 4980
2211 4197
2796 4644
2293 4156
3059 4922
2488 4469
2159 4256
2428 4524
2237 4206
2101 4322
2810 4642
2698 4689
2279 4102
2089 4296
2635 4776
2319 4588
2171 4255
2223 4171
2591 4856
2804 4627
2143 4280
2654 4788
2183 4200
2473 4441
2457 4463
2255 4153
2681 4751
2592 4825
2533 4380
2669 4756
2674 4745
2559 4350
2336 4132
2380 4168
2817 4618
2405 4201
2374 4171
2375 4179
2820 4639
2866 4624
2207 4538
2973 4795
2832 4664
2862 4615
2502 4342
2850 4635
2545 4296
2302 4544
2090 4459
2371 4103
2580 4955
2522 4224
2653 4871
2574 4949
2325 4169
2350 4208
2081 4479
2527 4285
3059 4753
3011 4769
2494 4315
2640 4919
2073 4465
2318 4197
2107 4436
2072 4456
3047 4759
2997 4807
2432 4338
2462 4327
2408 4113
2381 4151
2306 4221
2941 4860
2230 4404
2344 4267
2704 4887
2808 4977
2359 4280
2581 4997
2438 4115
2506 4183
2838 4744
2475 4148
2789 4929
2154 4546
2465 4105
2237 4365
2761 4984
2999 4611
2450 4134
2194 4391
2798 4952
2359 4235
3053 4690
2420 4277
2864 4856
2261 4379
2965 4677
2478 4223
2451 4164
2780 4875
3028 4623
2718 4933
2366 4322
3035 4667
2289 4369
2467 4166
2069 4595
2193 4471
2452 4211
3069 4628
2887 4777
2724 4938
2265 4406
2056 4600
2229 4420
2701 4991
2679 4995
2421 4225
2485 4172
2512 4137
2064 4587
2058 4598
2328 4325
2258 4397
2202 4762
2225 4793
2809 4336
3041 4589
2795 4347
2264 4810
2256 4806
3001 4527
2570 4124
2950 4510
2984 4530
2248 4819
3064 4581
2755 4316
2857 4363
2730 4233
2195 4789
2636 4198
2697 4261
2963 4542
2585 4150
2253 4861
2964 4512
2243 4855
2373 4977
2841 4396
3020 4597
2689 4283
2269 4838
2364 4865
2335 4897
2947 4540
2806 4297
2868 4363
2637 4109
2773 4246
2610 4209
2208 4838
2761 4252
2670 4148
2847 4418
2124 4626
2919 4359
2176 4836
2078 4730
2238 4827
2287 4746
2733 4298
2540 4994
2131 4641
2662 4114
2144 4630
2356 4930
2582 4202
3030 4521
2963 4375
2146 4839
2595 4261
3019 4416
2678 4349
2691 4110
2657 4344
2905 4546
2733 4145
2801 4204
2242 4704
2898 4593
2884 4576
2563 4265
2677 4319
2702 4133
2121 4834
2161 4826
2130 4862
2924 4544
2545 4957
2437 4906
2612 4230
2775 4192
3062 4429
3018 4470
2859 4501
2621 4227
2251 4724
2186 4682
2513 4880
2249 4616
2877 4596
2215 4716
2171 4791
2958 4442
2927 4534
2615 4330
2213 4731
2807 4118
830 6623
2453 4976
2548 4895
2139 4789
3068 4370
2734 4190
2231 4679
2484 4929
2554 4877
2555 4876
2971 4451
2221 4693
2196 4719
2466 4959
2097 4815
2087 4825
2403 4707
2967 4245
2092 4905
2743 4543
2767 4549
2973 4247
2377 4677
2322 4615
2641 4425
2589 4358
2087 4870
2212 4993
2386 4732
2567 4404
2613 4355
2919 4191
2368 4730
2307 4664
2723 4504
2877 4218
2655 4374
2157 4899
2625 4371
2630 4370
2383 4634
2431 4649
3034 4236
2592 4472
2401 4665
2974 4293
2519 4747
2463 4861
2052 4960
2720 4552
3070 4243
2965 4346
2298 4994
2152 4883
2861 4177
2775 4523
2756 4420
2438 4610
2609 4532
2949 4096
2410 4832
2766 4417
3067 4200
2676 4576
2372 4824
2263 4980
2944 4131
2551 4698
2225 4894
2813 4429
2846 4267
2528 4696
2246 4989
2996 4107
2444 4684
2218 4968
2296 4923
2736 4468
2782 4377
2658 4523
2434 4684
2309 4816
2635 4499
2609 4587
2858 4336
2379 4752
3028 4111
2960 4175
2267 4921
2305 4841
2806 4383
2911 4276
2818 4332
2181 4970
2330 4842
2396 4780
2632 4537
2465 4691
2523 4653
2553 4622
2487 4686
2407 4764
2668 4497
3763 4786
3122 4144
3903 4921
3672 4688
3426 4459
3171 4202
3643 4661
3869 4882
3774 4782
3494 4535
3125 4140
3633 4650
3367 4411
3916 4944
3838 4835
3104 4158
3412 4468
3948 4943
3873 4869
3858 4924
3507 4487
3811 4823
3270 4337
3438 4438
3658 4723
3832 4792
3279 4238
3733 4822
3946 4911
3752 4834
3821 4775
3149 4126
3442 4395
3922 4872
3567 4531
3488 4605
3130 4191
3115 4172
3411 4408
3126 4165
3789 4795
3880 4947
3133 4286
3454 4603
3371 4524
3343 4487
3166 4309
4068 4975
3699 4863
3513 4405
3793 4703
3212 4125
3170 4340
3509 4386
3116 4237
3787 4712
3797 4721
4012 4870
3881 4998
3401 4601
3208 4155
3546 4452
3911 4999
3479 4435
3393 4484
3834 4658
3091 4318
3839 4658
3185 4286
3382 4583
3613 4814
3385 4586
3543 4356
3510 4453
3342 4570
3740 4680
3382 4589
3460 4443
3293 4152
3467 4450
3531 4385
3518 4432
3994 4970
3582 4364
4075 4893
3820 4628
3365 4575
3138 4421
3243 4515
3867 4630
3683 4979
3117 4412
3464 4250
3298 4602
4045 4821
3930 4675
3182 4465
4092 4828
3908 4705
3544 4350
3487 4278
3549 4343
3496 4226
3537 4349
3874 4627
3255 4482
3637 4864
3496 4254
3669 4885
3341 4170
3884 4709
3964 4652
3256 4584
3373 4223
4081 4770
3378 4198
3223 4556
3656 4884
3592 4950
3158 4360
3233 4551
3873 4687
3258 4565
3996 4846
3441 4098
3929 4652
3141 4402
3997 4837
3697 4874
3966 4609
3474 4333
3878 4773
4032 4681
3459 4104
3158 4571
3299 4467
3954 4842
3750 4920
3190 4567
3353 4285
3942 4813
3328 4268
3835 4950
3203 4397
3250 4381
3369 4248
3263 4366
3863 4783
3400 4340
3914 4747
3812 4901
3807 4888
3736 4944
3246 4452
3770 4983
3440 4262
3411 4235
3941 4799
3176 4491
3191 4499
3173 4483
3849 4847
4089 4629
3421 4274
3181 4508
3182 4509
3511 4163
3074 4597
3914 4797
3456 4215
3276 4405
3328 4346
3705 4996
3178 4714
3671 4178
3129 4671
3612 4114
3105 4657
3997 4495
3151 4695
3882 4403
3814 4351
3164 4678
3356 4871
3716 4255
3296 4859
3602 4108
3275 4841
3321 4829
3855 4393
3992 4530
3839 4305
3216 4799
3648 4216
3829 4303
3682 4190
3124 4616
3157 4624
3980 4555
3806 4249
3092 4691
3254 4849
3282 4763
3305 4772
3696 4159
3142 4629
3217 4805
3616 4212
3968 4569
3980 4565
3899 4443
3588 4196
3163 4670
3982 4580
3750 4300
3848 4453
4005 4552
3265 4783
3593 4209
3323 4742
3186 4620
3230 4632
3721 4097
3176 4832
3579 4978
3966 4599
3975 4365
3234 4654
3778 4178
4081 4448
3268 4718
3231 4659
3895 4504
3098 4778
3468 4924
3287 4710
3775 4102
3313 4683
3387 4992
3099 4774
4037 4475
3210 4680
3311 4646
3844 4559
3608 4297
3590 4314
3892 4585
4028 4450
3928 4538
3870 4604
3773 4185
3457 4967
3130 4817
3687 4243
3195 4739
3969 4477
3898 4550
3178 4758
4053 4392
3244 4689
3939 4195
3618 4393
3628 4384
3742 4496
4087 4344
3462 4756
4003 4273
3111 4917
3160 4928
3463 4765
3715 4511
3904 4188
3704 4454
3695 4464
3532 4845
4055 4341
3991 4272
3077 4909
3583 4822
3554 4811
3964 4182
4008 4226
3368 4633
3135 4874
3257 4992
3981 4279
3519 4862
3676 4382
3144 4876
3110 4974
3608 4431
3713 4570
4076 4231
3145 4903
3334 4726
4000 4304
3119 4952
3918 4150
3518 4800
4035 4161
3375 4779
3592 4494
3860 4252
3773 4406
3301 4971
3269 4939
3788 4444
3304 4988
3433 4863
3308 4987
3352 4738
3248 4908
3934 4351
3780 4454
3944 4301
3478 4669
3278 4962
3327 4946
3215 4897
3954 4317
4054 4193
3786 4466
3617 4507
3728 4398
3393 4737
4018 4210
3282 4887
3422 4761
3641 4596
3495 4727
3456 4688
3571 4640
3340 4845
4082 4112
3515 4697
3925 4278
3912 4268
3273 4900
3660 4513
3648 4525
3916 4258
3875 4301
3354 4840
3261 4937
3390 4811
4073 4115
3789 4407
4065 4122
3709 4480
3504 4685
3808 4382
5732 9825
5857 9960
5826 9931
5728 9834
5755 9844
5667 9772
5249 9374
5420 9485
5298 9363
5414 9477
5402 9534
5060 9199
5566 9619
5774 9909
5950 9987
5858 9951
5807 9873
5460 9492
5470 9501
5463 9488
5979 10000
5452 9473
5511 9672
5761 9934
5496 9507
5207 9227
5017 9156
5052 9187
5316 9380
5637 9830
5763 9963
5198 9255
5523 9721
5242 9233
5866 9862
5619 9630
5354 9348
5394 9597
5669 9802
5164 9300
5443 9530
5511 9725
5606 9629
5117 9091
5443 9666
5882 9848
5869 9828
5002 8960
5088 9068
5710 9923
5804 9762
5468 9676
5403 9608
5015 8963
5105 9071
5023 9021
5335 9333
5324 9327
5721 9982
5473 9673
5424 9624
5303 9242
5186 9458
5487 9689
5194 9457
5027 8988
5243 9403
5021 9055
5655 9941
5488 9651
5444 9607
5353 9263
5550 9573
5393 9695
5279 9283
5797 9850
5358 9231
5566 9563
5522 9591
5771 9836
5431 9693
5484 9602
5123 9459
5735 9878
5555 9538
5575 9523
5368 9720
5313 9667
6009 9852
5903 9735
5452 9280
5397 9217
5967 9818
5034 8882
5384 9234
5918 9729
5106 8919
5506 9387
5304 9620
5577 9465
5588 9444
5946 9736
5033 8858
5490 9287
5582 9463
5039 8849
6075 9977
5991 9761
5258 9664
5349 9652
5508 9429
5617 9376
5559 9446
5111 8869
5464 9227
6119 9906
5890 9813
5596 9407
5086 8893
5195 9512
5225 9485
5424 9300
5974 9777
5951 9809
5423 9310
5486 9245
6088 9915
5755 9984
5390 9328
6031 9743
5169 9655
5217 9706
6102 9817
5235 9697
5030 8756
5123 9631
5601 9340
5442 9437
5913 9913
5492 9430
5296 9492
5483 9413
6010 9930
5985 9936
5007 8762
5507 9268
5165 9617
5349 9509
6079 9855
6019 9794
5098 8751
5498 9394
6021 9806
5347 9519
5910 9945
5143 9671
5998 9918
5219 9653
6059 9841
5316 9497
5970 9914
5968 9888
5578 9275
6017 9840
5587 9254
5561 9294
5594 9261
5141 9708
5629 9223
5129 9715
5765 9349
5058 8644
5699 9291
5802 9377
5756 9329
5370 9972
5181 9775
5998 9594
5192 9822
5657 9230
5263 9879
5022 8580
5350 9981
6091 9686
5678 9267
5816 9368
5333 9971
5171 9748
6043 9660
5845 9466
5266 9891
5936 9473
6084 9714
5016 8622
5327 9976
5153 9752
6014 9538
5118 8643
5660 9249
5038 8685
5044 8700
5778 9435
5901 9566
5703 9243
5173 9812
5163 9807
5364 9875
5763 9450
5777 9467
5116 8594
5162 9810
6009 9472
5847 9389
5750 9229
5140 9876
5275 9754
5352 9837
5637 9365
5742 9464
5232 9959
5122 9882
5145 9857
5150 9859
5638 9371
5731 9469
5270 9737
5823 9247
5790 9276
5262 9766
5137 9915
5917 9654
5760 9259
5212 9970
5914 9653
5816 9226
5908 9639
5750 9409
5372 9796
5301 9740
5153 9883
5683 9359
5283 9758
5935 9618
5329 9749
5914 9694
6105 9489
6100 9496
5012 8516
5849 9231
6126 9528
5213 9860
5874 9234
5673 9416
5348 9728
5607 9985
6060 9565
5718 9379
6125 9493
5642 9461
6006 9609
5811 9649
6012 9336
5600 9959
6037 9349
5097 8441
5725 9540
5399 9739
5445 9829
5513 9899
6045 9403
6090 9453
5747 9561
5496 9815
5883 9675
5680 9474
5076 8423
5826 9713
5709 9598
6057 9372
5593 9966
5491 9807
6097 9452
5494 9778
5073 8345
5190 9994
6062 9442
5049 8425
5118 8364
5572 9878
6087 9375
5890 9309
5746 9490
6013 9247
5113 8346
5429 9809
5881 9629
5788 9721
6126 9355
5894 9325
5057 8367
5494 9753
5489 9733
5873 9604
5403 9827
6046 9444
6073 9412
6138 9340
5853 9557
6015 9462
6095 9281
5692 9644
5478 9972
5001 8221
5968 9419
5997 9456
6036 9269
5851 9593
5977 9467
6040 9274
5583 9834
5805 9483
5705 9710
5843 9571
6101 9312
5978 9440
5525 9768
5734 9689
5923 9442
5599 9755
5880 9533
5732 9644
5439 9967
6093 9245
5906 9415
5711 9622
5546 9804
5466 9904
6090 9254
6085 9257
5547 9819
5972 9382
5504 9843
5482 9881
5952 9400
6125 9236
6025 9331
5742 9617
5570 9789
5471 8543
5239 8310
5485 8559
6003 9079
5187 8263
5408 8485
5665 8743
5701 8779
5764 8842
5625 8694
6028 9117
5504 8594
5842 8902
5383 8464
5133 8218
5934 9014
5716 8778
5431 8464
5159 8192
5935 8965
5414 8456
5817 8840
5223 8277
5660 8796
5367 8373
5374 8380
5902 9037
5772 8904
5999 9002
5917 9051
6105 9119
5945 9072
5847 8861
5356 8358
5380 8526
5327 8324
5182 8307
5178 8298
5815 8935
5787 8907
5945 9064
5548 8698
5227 8242
6117 9150
5160 8308
6053 9208
5564 8675
5512 8684
5963 8995
5152 8264
5653 8827
5197 8226
6050 9168
6135 9092
5306 8398
5499 8451
6140 9094
6052 9176
5207 8234
5129 8329
5330 8272
5898 9102
5990 9184
5983 9174
5571 8521
5392 8606
5920 9137
5893 9108
5626 8552
5430 8608
5490 8677
5279 8197
5739 8951
5844 8778
5631 8541
5558 8468
5784 8763
6124 9032
5941 9116
5187 8426
5358 8256
5248 8239
5238 8390
5024 10000
5489 8640
5922 9105
5053 9988
5336 8290
5955 9209
5346 8280
5337 8216
5987 9121
5714 8849
5477 8614
5437 8697
5366 8243
5292 8291
5996 9149
6011 9134
5155 8445
6044 9027
5421 8653
5822 8797
5474 8577
6011 9096
5284 8279
5191 8368
5216 8347
6058 9046
5306 8634
5387 8201
5991 8808
5247 8560
5759 9070
6041 8840
5834 9182
5958 8787
5962 8785
5515 8340
5862 9158
5149 8510
5412 8199
5821 9112
5108 9939
6044 8886
5417 8195
5186 8558
5885 9170
6100 8932
5942 8711
5233 8512
5835 9209
5618 8390
5668 8977
5201 8551
5096 9936
5749 9036
6102 8941
5647 9011
5777 9133
5441 8319
6134 8904
5602 8354
5365 8628
5540 8423
6007 8754
5840 9113
5377 8267
5733 9001
5394 8287
5831 9097
5675 9082
5205 8455
5744 8994
5727 8971
5202 8454
5502 8235
5832 9119
6109 8837
6002 8745
5672 9075
5348 8633
5556 8413
5949 8791
5216 8466
5363 8583
5426 8262
6014 8715
5060 9907
5783 9193
5033 9770
6095 8779
5321 8515
5497 8434
5218 8686
5676 9120
6143 8813
6092 8799
5161 8628
5199 8657
5350 8515
5255 8494
6074 8720
5517 8225
5259 8486
5842 9084
5402 8360
5019 9768
6099 8807
5299 8459
5549 8212
5943 8844
5509 8254
5393 8405
5562 8316
5320 8463
5077 9756
5658 9169
5963 8832
5693 9201
5259 8518
5474 8367
5610 8229
5075 9730
5146 8648
5331 8453
5615 8245
6035 8783
6000 8877
5692 9186
5055 9822
6046 8829
5598 8248
5644 9195
6140 8731
5696 9127
5183 8663
5095 9741
5891 8943
5995 8838
5930 8900
5730 9106
5054 9804
5673 9180
5652 9186
5149 8676
5415 8411
5315 8509
5165 8658
5136 8720
5458 9040
5621 9206
5475 9056
5736 8303
5147 8722
5866 8416
5879 8442
5199 8790
5613 9206
5148 8704
5241 8793
5904 8496
6003 8529
5957 8547
5396 9022
5964 8550
5210 8814
6107 8679
5378 9026
5650 8274
6077 8701
5370 8891
5544 9194
5145 8794
5042 9718
5019 9681
5065 9603
6004 8504
5697 8204
5318 8843
6086 8598
5389 9052
5795 8439
5855 8331
5198 8730
5698 8217
5941 8553
5009 9678
6068 8661
5360 8851
5436 9049
5214 8760
5825 8361
5457 9016
5012 9720
5177 8777
5322 8888
5191 8756
5812 8385
5695 8264
5739 8220
5534 9190
5584 9129
6104 8610
5048 9668
5726 8225
5628 9084
5386 9098
5092 9569
5585 9047
5197 8901
5618 9080
5351 8812
6019 8456
5446 9162
5013 9476
5665 8375
5120 8857
5965 8656
6071 8469
6008 8666
5907 8624
5719 8436
5512 8992
5247 8917
5870 8261
5715 8447
5240 8918
5345 8785
5143 8868
5253 8766
5730 8414
5784 8229
5462 9108
5953 8582
5427 9211
5193 8835
5932 8678
5725 8343
5183 8948
5699 8334
5324 8732
5442 9107
5783 8262
5789 8271
5328 8706
5133 8920
5132 8922
5947 8675
5100 9525
5551 9075
5641 8407
6109 8450
5095 9528
5767 8292
5100 9481
5537 9030
5509 9058
5706 8358
5382 9194
5774 8289
5607 8983
5953 8626
5169 8903
5877 8195
6080 8503
5471 9128
5645 8438
5766 8312
5779 8301
5527 8855
5753 8570
5156 8999
5770 8576
6079 8373
5063 9420
5524 8856
5404 8722
5124 8970
5157 9003
5990 8297
6016 8339
5251 9110
5265 9099
5978 8257
5413 8766
5339 9159
5375 9185
5467 8773
5980 8314
5622 8926
5432 8721
5407 8755
5646 8480
5321 9191
6142 8400
6080 8431
5261 9149
5135 9023
5520 8871
5518 8889
5385 8753
5499 8769
5605 8920
6020 8379
5943 8200
5769 8648
5768 8651
5577 8845
5794 8676
6123 8354
5518 8924
6007 8232
5208 9022
5519 8936
5578 8877
6131 8350
5472 8718
5633 8563
5976 8237
5988 8211
5072 9386
5541 8741
5457 8912
5824 8513
5992 8443
5276 8964
6061 8247
5655 8589
5498 8934
5034 9270
5720 8645
5074 9329
5708 8687
5161 9101
5307 8989
5782 8497
5094 9288
6037 8250
5908 8355
5175 9103
5064 9330
5126 9145
6005 8372
5781 8532
5089 9253
5556 8830
5834 8452
5200 9088
5836 8477
5767 8532
5856 8499
5828 8465
5241 9126
5297 9041
5960 8362
5124 9184
5983 8374
5201 9146
5059 9256
5987 8335
5286 9034
5972 8356
5084 9252
6023 8318
5590 8751
6561 8609
7816 9864
7401 9450
6233 8282
6352 8404
6893 8938
6921 8961
7807 9845
6497 8554
6745 8786
7519 9555
6205 8241
7027 9086
6288 8321
7353 9386
6344 8413
6698 8765
7518 9545
6365 8389
6374 8446
7563 9621
7465 9526
7290 9317
7500 9555
6538 8618
6804 8885
7419 9434
7303 9382
7777 9792
6586 8600
7576 9659
7185 9269
7694 9771
7267 9284
6245 8258
6881 8905
6867 8955
7928 9938
6995 9081
7462 9482
7590 9611
7972 9993
7784 9798
6450 8476
6176 8208
7634 9699
7184 9250
7472 9474
6174 8236
7011 9041
7737 9738
6631 8659
7764 9825
7536 9542
7563 9660
6557 8615
7913 9941
7544 9530
6874 8862
6199 8306
6300 8409
7430 9536
7543 9520
6361 8337
6271 8245
7033 9011
6462 8564
6733 8705
6974 9068
6863 8859
7546 9516
7789 9780
6819 8952
7411 9389
7775 9729
6761 8759
7343 9422
7451 9593
6432 8514
6485 8497
7358 9435
6308 8386
6627 8581
6269 8218
6808 8945
6380 8326
7217 9307
6368 8332
7516 9523
7007 9007
7532 9500
7624 9656
7392 9361
6522 8462
7189 9315
7670 9600
7504 9511
7338 9426
7432 9585
7817 9971
6942 9061
6722 8761
6488 8484
6900 8843
7833 9958
7242 9418
6684 8860
7621 9540
7354 9272
7699 9876
7370 9282
6759 8941
7347 9273
7169 9354
6802 8729
6159 8322
7164 9073
6218 8410
6950 9140
7205 9393
6537 8477
6489 8652
7056 8965
7183 9370
6944 9141
7379 9290
7846 9791
7084 9013
7332 9279
7016 9204
7910 9851
6753 8958
7023 9200
6628 8519
6216 8427
6632 8524
7774 9978
7018 9165
7181 9383
6752 8910
7511 9703
6594 8566
6227 8422
7081 8991
6980 9202
6938 9132
7202 9369
6971 9095
6931 9135
7275 9431
6660 8890
7352 9336
7046 9028
7732 9975
7844 9826
7295 9399
7424 9674
6765 8867
7505 9631
6468 8587
7583 9551
6254 8382
6984 9114
7521 9650
6951 9202
7441 9672
7464 9713
6870 8719
6402 8668
7615 9566
6386 8211
7925 9751
7452 9726
6629 8451
7329 9289
6311 8271
7671 9503
7062 9087
7633 9533
6728 8888
6972 9166
7254 9381
6939 9192
7301 9328
7931 9731
6737 8873
6414 8695
7608 9539
7210 9425
7657 9495
7581 9570
6294 8598
6770 9074
7336 9642
6406 8194
6947 8741
7255 9553
7134 8916
7480 9267
6839 9144
6645 8421
7161 8936
7260 9549
6986 8795
6217 8539
7292 9577
7450 9228
8188 9956
6551 8332
6207 8484
6689 9020
6316 8625
7371 9685
6726 9048
6470 8280
6461 8227
8102 9858
6359 8690
6940 8758
6735 9060
6190 8450
6291 8636
6614 8422
6783 9039
7668 9414
6846 9100
8173 9950
7471 9244
8091 9902
6853 9203
6948 8723
6896 9159
6179 8473
6799 9140
6983 8827
6486 8298
7466 9238
6960 8717
7236 9595
7498 9226
7619 9347
6846 9212
7494 9221
7646 9368
7140 8866
8139 9868
8072 9935
7311 9671
7940 9805
7439 9286
6718 9077
8179 9912
7991 9849
6656 9039
8142 9886
6802 9154
7217 9568
6325 8679
7659 9400
6969 8815
7988 9836
7483 9315
7197 9541
7628 9364
6891 9136
7499 9239
6897 9133
6262 8490
6258 8495
7000 8711
6877 9090
7329 9665
7570 9459
7638 9397
6168 8574
6943 8823
7400 9603
8122 9943
7359 9682
6414 8288
6353 8615
6176 8536
7147 8850
6209 8507
6148 8571
7487 9280
6445 8365
6608 8272
6322 8499
6202 8632
7976 9898
7949 9870
7368 9548
7065 8732
7141 8800
6346 8525
6337 8518
7418 9587
8053 9980
6342 8522
7178 9607
6246 8680
7193 9622
6782 9198
7578 9224
8099 9776
7133 8782
6636 8313
6529 8214
6884 9085
8147 9800
7278 9717
7503 9428
7224 9639
7070 8764
6236 8703
7375 9578
7636 9331
8071 9774
6762 9152
6303 8500
6248 8646
7342 9502
6950 8854
6205 8590
7975 9874
7564 9268
7378 9579
7629 9335
8104 9747
8160 9821
8018 9964
7665 9265
6492 8344
6241 8612
6764 9125
7255 9630
7569 9304
8171 9762
8125 9841
6346 8455
7573 9304
8133 9739
6813 9042
7254 9605
7186 9670
6868 8962
6885 9010
6312 8562
6989 8848
7171 9693
6929 8944
6476 8366
7505 9395
6646 8210
7367 9507
6212 8611
7615 9303
7987 9945
7078 8780
7434 9441
6814 9077
6542 8293
8105 9797
7374 9505
6400 8432
6990 8894
6531 8307
6928 8930
7350 9537
7070 8804
7588 9310
7423 9475
6250 8810
6547 9107
6392 8952
7068 8600
7842 9383
6572 9130
8122 9651
6945 8488
6734 8284
6383 8957
7138 8688
6842 8360
6709 8230
7748 9296
6557 9097
6465 9046
6421 8972
7455 9989
6322 8872
6634 9201
6530 9118
6524 9057
8058 9575
6598 9179
6193 8748
7068 8578
7339 9908
7378 9933
7768 9287
7075 8579
8130 9699
6315 8842
6492 9087
8060 9567
7851 9357
7273 9793
8123 9618
6737 8316
6273 8878
6892 8387
6852 8427
6228 8806
6976 8563
7936 9526
8065 9657
6755 8283
6193 8712
7306 9910
7859 9357
7159 8631
6472 8969
6305 8931
7703 9298
7690 9292
6676 8275
7121 8603
6705 8317
6282 8903
6163 8798
7095 8697
6249 8742
8173 9661
7297 9940
7828 9411
6536 9183
6935 8526
6585 9187
7368 9875
6710 8301
7114 8593
6333 8929
6680 8260
6197 8811
8124 9692
7998 9567
6523 8984
7776 9223
7958 9585
6180 8771
6910 8340
6658 8296
7318 9981
7933 9360
6856 8357
6319 8897
6438 9033
6565 9162
8083 9724
7121 8610
8113 9673
7262 9767
6569 9171
6755 8223
6471 9018
6676 8297
7042 8700
7328 9951
7931 9339
6436 9126
8145 9559
6398 8822
7422 9842
8131 9550
7934 9326
6669 8349
6941 8589
6281 8728
6307 8753
7160 8555
6584 9006
7777 9463
6425 9102
7946 9619
7846 9279
7166 8544
6857 8278
6954 8584
6580 8976
6829 8200
7781 9410
7743 9367
6777 8401
8009 9696
7736 9362
6429 9142
7365 9833
6723 8429
6982 8680
6541 9021
7800 9416
6780 8397
7049 8506
7099 8461
7954 9643
7827 9258
7847 9246
7086 8467
6382 8784
6789 8257
7289 9919
6293 8797
7805 9399
6243 8872
6773 8376
8070 9544
7696 9439
6388 8740
6427 9163
6243 8880
7077 8561
7011 8631
7779 9398
8019 9611
7014 8638
6149 8925
6551 9038
7363 9753
7900 9216
6717 8418
7917 9228
6405 9185
7034 8606
6984 8621
6469 9122
7836 9332
8000 9641
7025 8602
6742 8378
7852 9281
7883 9253
7191 9976
7247 9888
7015 8599
7716 9428
7286 9863
6672 8418
7169 9970
6311 8788
6266 8846
7680 9460
6875 8238
7362 9783
6379 8733
7150 8472
7968 9688
6768 8331
7746 9401
6401 9210
7180 9968
7749 9402
8153 9433
8056 9338
7591 9893
6871 8659
7526 9826
7879 9666
7448 9744
7535 9830
6821 8620
6363 9169
6451 8765
7497 9816
6182 9015
6766 8575
7053 8351
6930 8196
8054 9313
8140 9431
6949 8249
6597 8923
7682 9500
6445 8754
6517 8810
8116 9366
6538 8876
7443 9786
7688 9505
7487 9750
7782 9548
7081 8325
6362 9204
7520 9808
7960 9257
7577 9899
7821 9662
6855 8691
6614 8931
7792 9542
7819 9661
8089 9391
7593 9873
7116 8437
7583 9892
7932 9664
7767 9579
6301 9120
8096 9374
7008 8224
6909 8637
7961 9305
6560 8928
7762 9491
6550 8919
6684 8542
7695 9545
6638 8873
6596 8845
6835 8698
7812 9678
6991 8196
6692 8559
8046 9250
6713 8567
7528 9785
6276 9173
7708 9551
6209 8981
7100 8424
6273 9175
6800 8647
7731 9572
7829 9676
6297 9155
6254 9012
7838 9667
7713 9599
7040 8417
7943 9318
6693 8513
6183 9024
7523 9737
6277 9198
6267 8976
6535 8938
8161 9356
8128 9390
6876 8620
7871 9679
6957 8284
7477 9796
6903 8580
6996 8231
7072 8406
6859 8625
7524 9759
7669 9865
6931 8302
6431 8802
6334 9152
6976 8255
6555 8729
7706 9625
6396 9076
7074 8234
6842 8496
6940 8338
6828 8482
6237 9161
6357 9025
7478 9890
7609 9774
7880 9552
7067 8194
7010 8440
7061 8201
7763 9679
8137 9321
7966 9406
6706 8595
6688 8579
8079 9260
6280 9003
6673 8629
7662 9803
6305 8967
6407 8864
6742 8702
6729 8672
7703 9657
6748 8690
8178 9308
6178 9101
6793 8505
6515 8899
6673 8608
7921 9539
7927 9541
7055 8253
6490 8940
8082 9252
6440 8863
7535 9942
6506 8915
7003 8417
8167 9306
6702 8592
6378 9002
7483 9979
6584 8824
6369 8993
7875 9476
8135 9216
7540 9916
7512 9872
6623 8723
6832 8572
6546 8798
6559 8787
6530 8783
7953 9436
6502 8875
8061 9388
6493 8847
7880 9498
7650 9777
6471 8852
7548 9897
6825 8572
6888 8511
7729 9704
8065 9306
6371 9020
6234 9138
6871 8510
8074 9312
8097 9292
7527 9865
6682 8693
7603 9820
7013 8341
7773 9647
7453 9961
7797 9600
7740 9674
6686 8681
6850 8505
7843 9560
7469 9937
6158 9203
6433 8924
6376 8983
6725 9797
6338 9410
7723 8746
7524 8550
6339 9408
7257 8282
6559 9627
6843 9916
7977 8993
7489 8520
7791 8806
7698 8734
6452 9508
7509 8517
6823 9910
6215 9302
6884 9974
6834 9894
7787 8831
8017 9028
8013 9048
7413 8416
7679 8681
7400 8435
6498 9597
7840 8833
7196 8255
7459 8448
7577 8637
8078 9131
7403 8398
6603 9709
7386 8444
7195 8243
8038 9036
6369 9419
6712 9748
6890 9927
8129 9196
7182 8227
7332 8330
6533 9642
7540 8512
8110 9115
6801 9895
7603 8581
8035 9044
7957 9004
6328 9346
7230 8193
7794 8781
6452 9589
6810 9947
7906 8864
6309 9447
6203 9337
6501 9510
7866 8956
7209 8303
8149 9106
7845 8930
7932 8884
7743 8821
6634 9633
6360 9363
8169 9125
7474 8574
6485 9499
6653 9647
7429 8535
6473 9501
6525 9513
6581 9709
7306 8403
7921 8875
6351 9361
7705 8775
6283 9429
7286 8233
6866 9869
8189 9116
6793 9963
6279 9445
7793 8724
7349 8402
7814 8942
7294 8214
7482 8528
7582 8692
6575 9669
8081 9212
7280 8221
7876 8874
7221 8283
7828 8954
7760 8737
6467 9525
7024 9990
7337 8415
7704 8815
8008 9010
7512 8486
7571 8685
6468 9531
7872 8768
8159 9055
6666 9868
6152 9358
6194 9396
7453 8597
7930 8819
8174 9058
6784 9742
7884 8770
6484 9691
7562 8474
7363 8275
7322 8203
7870 8748
8186 9065
6145 9362
6786 9751
7674 8556
7778 8954
7293 8420
7190 8335
7357 8228
6750 9925
6460 9632
6387 9327
6235 9414
7669 8554
6754 9922
7245 8431
6164 9393
7086 9992
6668 9898
6184 9359
6356 9337
6872 9847
8187 9044
8143 9056
6727 9973
6772 9926
6861 9855
6490 9704
7395 8276
7545 8654
7391 8296
7630 8566
7399 8285
6827 9745
7293 8391
7918 8789
8071 9019
7568 8492
7869 8704
7361 8318
6518 9652
6620 9502
6820 9824
6543 9546
6647 9521
6282 9293
7855 8803
7590 8555
6624 9517
6867 9757
8115 9059
7906 8755
8107 9081
7263 8328
7392 8248
6332 9316
7587 8570
7903 8708
7756 8855
7276 8371
7247 8336
7431 8677
6360 9275
8076 9071
6238 9402
6186 9423
7891 8758
7752 8866
8080 9083
8095 9076
6598 9512
8020 9147
7523 8588
7249 8382
8126 9038
6144 9456
6858 9786
6690 9939
6296 9321
6424 9710
6544 9574
6336 9272
6289 9323
7504 8619
7556 8568
8131 9023
6512 9613
6817 9820
7181 8435
6154 9460
7908 9189
6481 9296
7379 8657
6553 9371
7112 9930
7587 8352
7814 9089
7219 8507
7032 9844
7920 9214
8047 8800
7877 9173
6214 9558
7313 8576
7987 8738
7236 8535
7365 8656
6237 9547
6545 9351
8112 8871
6354 9675
7618 8411
6411 9232
7857 9130
6413 9233
8156 8897
6394 9690
7776 9026
7063 9909
6279 9636
7455 8251
7567 8361
6437 9218
7302 8623
7836 9143
7064 9908
6961 9757
6231 9594
6153 9508
7015 9801
7261 8562
7915 9179
7310 8638
7964 8750
7769 9066
7701 8998
6281 9663
7631 8440
8077 8885
7220 8461
6994 9832
6366 9698
7536 8270
6246 9560
7557 8378
6919 9798
6635 9385
7897 9114
7649 8357
6979 9734
7351 8689
6487 9232
7435 8259
7601 8443
8152 8851
8049 8764
7658 8359
7386 8586
6639 9404
8165 8883
7799 8992
7373 8597
7647 8327
8094 8900
7216 8557
6277 9690
6252 9484
6504 9225
7653 8326
6366 9658
7676 8344
6433 9285
7380 8626
7992 8784
7929 9104
8158 8887
6337 9640
7067 9969
7704 9078
7692 9059
7268 8468
7907 9105
6571 9432
7151 9883
8024 8749
6479 9274
7867 9155
7229 8517
7919 9110
7398 8607
6597 9407
7077 9950
7531 8213
7075 9763
7646 8287
7962 8859
8175 8811
7896 9052
7861 9008
6342 9536
8022 8912
7855 9000
7629 8266
6220 9670
7244 8642
7253 8666
7064 9736
8007 8918
6646 9316
7751 9171
7083 9790
7460 8369
6622 9289
8092 8709
6275 9497
7188 8584
7463 8377
7220 8596
7092 9749
7619 8289
7356 8478
7510 8437
7056 9780
6542 9258
7522 8391
8149 8828
6524 9427
8186 8782
6355 9573
6946 9882
7611 8193
7837 8999
7661 8273
6966 9866
8016 8940
6851 9986
7414 8503
7309 8527
7802 9144
6402 9409
6326 9586
7916 9001
6936 9949
6930 9940
8128 8712
6422 9439
7020 9894
6435 9454
7212 8673
6230 9625
6167 9688
7462 8436
6153 9691
7039 9901
6987 9887
6633 9277
8174 8763
7750 9118
7377 8459
7967 8898
7175 8665
7062 9846
8132 8743
6442 9423
6469 9379
7715 9157
7120 9785
6365 9524
6159 9702
8046 8836
6208 9643
6632 9220
6528 9326
7608 8279
7449 8424
6967 9935
6898 9995
8157 8739
6384 9486
6546 9325
7020 9580
6779 9342
8171 8684
7002 9554
6166 9759
7023 9572
6270 9843
7883 8389
6403 9996
6326 9913
8155 8651
7739 8233
7570 9088
8072 8603
6303 9867
7372 8922
6827 9405
7973 8508
7691 8208
6259 9839
7639 9161
7986 8493
6338 9949
7447 9014
7087 9613
6698 9225
7205 8710
8063 8537
7100 9620
6772 9309
6385 9944
7341 8839
7104 9708
7820 8353
6148 9769
7182 8736
6919 9524
7367 8948
7249 8805
6313 9884
8022 8547
6726 9341
7412 8905
7467 9067
6312 9962
8013 8457
7671 9139
6860 9353
7098 9718
6694 9322
7384 8853
6904 9397
6393 9911
7090 9698
7427 9043
7584 9200
6260 9765
6297 9928
6663 9301
6396 9896
8066 8661
7017 9521
7085 9717
7358 8928
6917 9562
7464 9032
7574 9207
7058 9722
6507 9986
7344 8921
7990 8540
6501 9999
7170 8814
7473 9053
7888 8381
8114 8671
7554 9199
8101 8650
6848 9392
7561 9208
8187 8590
6227 9764
7044 9725
7307 8946
7980 8533
6945 9563
6925 9591
7686 8315
7108 9658
7981 8616
7617 9030
6249 9957
7281 8958
7148 9596
7837 8207
6194 9889
6306 9782
8103 8498
6375 9842
8184 8557
7475 9124
6678 9345
7079 9535
7707 8321
7324 8710
7331 8760
7827 8205
7312 8752
7162 9562
7146 9547
6157 9897
6978 9701
7421 8789
7468 9094
6255 9924
7071 9522
8146 8546
6229 9956
8091 8490
8158 8553
7626 9085
6760 9424
6795 9271
8162 8543
7460 9188
6206 9983
7893 8215
6879 9244
7772 8345
7434 9164
7767 8337
8040 8623
6356 9747
7785 8353
6792 9282
7604 9086
6757 9391
6280 9795
7288 8884
7527 9131
7165 9520
7458 9196
7655 9000
8028 8595
7567 9024
8156 8460
6379 9784
7866 8302
6909 9259
7774 8328
7547 9132
7642 8962
6195 9967
6661 9434
7772 8323
6959 9677
7216 8916
7333 8770
7654 8974
6333 9812
6290 9849
6970 9686
8032 8588
7543 9113
6833 9311
6895 9246
6648 9994
7675 8968
8163 8475
7702 8430
8151 8495
7221 8908
6265 9856
7060 9583
7374 8757
8004 8632
7175 8953
7258 9050
8049 8305
7351 9143
7026 9334
7571 8854
6659 9478
7266 9066
7348 9150
7187 8991
6906 9719
7715 8494
6879 9682
7261 9043
7944 8199
6420 9732
6847 9645
7004 9294
7791 8573
8050 8294
7454 8714
6914 9238
7033 9324
7626 8927
6429 9733
6508 9840
7755 8534
8150 8392
6504 9847
7122 9421
6769 9582
7985 8209
6865 9714
7114 9449
8088 8383
7585 8841
7272 9025
7678 8914
8039 8266
8151 8442
6997 9339
7679 8910
7739 8458
7645 8942
6685 9518
6831 9627
7225 8974
7971 8223
7473 8717
6952 9237
6925 9264
7493 8709
6615 9879
6627 9889
6222 9997
6630 9893
7815 8641
7326 9177
7440 8792
8002 8203
6400 9801
7096 9458
6817 9707
7616 8844
7635 8863
7027 9278
7951 8256
7978 8314
7342 9213
8027 8206
7156 9388
7041 9433
6993 9224
7029 9263
7387 9089
7262 8964
8092 8385
7291 8997
8037 8250
7270 9017
6881 9601
8066 8419
6883 9606
6625 9862
6244 9996
7806 8470
7051 9443
7245 8996
7485 8788
7708 8565
6244 9998
7073 9421
6812 9712
6887 9610
6856 9656
7592 8921
6944 9297
7813 8689
7267 8982
8165 8339
7433 8816
6454 9802
6720 9532
7433 8820
6564 9946
6736 9518
6404 9861
6908 9592
6585 9789
6710 9648
6831 9513
6418 9877
7993 8368
6493 9942
7698 8601
7728 8636
7895 8538
6651 9835
6663 9623
8093 8207
7873 8530
7409 9061
7252 9153
7330 9015
6441 9919
7039 9449
6808 9487
7426 8856
7359 8997
7496 8915
7240 9172
7714 8639
8105 8247
6687 9601
6483 9933
7529 8951
7355 8996
7312 9009
6496 9921
6406 9895
6822 9477
6870 9586
6873 9596
6616 9854
7405 9035
7482 8861
8038 8396
8123 8209
7996 8342
6633 9795
6558 9781
6588 9745
7466 8839
6792 9511
7157 9285
6873 9577
7957 8359
7740 8585
6457 9871
7662 8792
7409 9033
7498 8947
7725 8596
6967 9358
7817 8501
7003 9370
6442 9966
7544 8894
7239 9103
6727 9615
6643 9787
7133 9236
7656 8739
7565 8774
7637 8730
7595 8826
6477 9884
7730 8672
7610 8809
6363 9999
7964 8392
7142 9266
6788 9553
7376 8969
7860 8558
7354 9062
7718 8647
7447 8949
7863 8533
6476 9903
7804 8602
7638 8767
6911 9494
7287 9117
6371 9992
6883 9487
7769 8629
7623 8747
6480 9918
6623 9773
7664 8707
7917 8472
7150 9241
6519 9856
6916 9469
7273 9111
