1000 1001
206 207
192 193
326 327
438 439
393 395
285 287
613 615
153 154
240 245
321 324
137 140
225 228
568 573
752 757
883 886
193 199
160 166
400 406
659 661
762 764
842 844
873 879
962 965
144 153
354 363
768 777
869 876
177 187
642 648
261 270
178 185
291 303
693 697
116 121
304 317
358 360
197 203
896 910
327 343
581 597
262 279
166 183
641 659
967 981
933 951
204 223
97 114
171 191
399 411
424 445
235 254
365 379
164 179
577 598
802 821
841 849
229 252
325 348
521 528
417 443
130 158
6 26
901 920
835 862
709 728
107 117
222 255
194 227
218 251
333 367
671 701
723 753
339 368
4 39
529 562
455 483
6 34
205 232
655 682
607 633
715 749
384 423
662 689
777 801
918 958
18 59
773 812
211 249
133 175
200 226
82 120
707 744
415 434
479 498
837 872
587 614
832 878
969 999
72 103
273 318
145 160
915 930
769 816
791 806
14 60
344 362
449 498
863 876
396 440
783 826
211 229
283 301
66 117
320 375
539 556
259 314
393 432
330 371
351 357
579 633
669 679
843 881
136 179
391 443
15 51
543 547
650 694
388 441
407 426
69 120
909 944
717 752
208 238
839 888
567 631
552 616
188 253
32 97
168 233
556 621
62 124
163 225
11 72
56 123
439 500
682 745
290 358
142 202
305 372
913 983
668 730
805 867
829 890
822 881
134 207
786 859
257 331
922 976
2 73
444 497
131 206
282 343
418 492
48 126
299 357
924 979
683 761
914 960
434 481
149 198
2 81
414 461
442 489
666 713
35 119
545 628
647 722
652 729
650 735
810 892
172 244
544 632
784 840
281 320
569 608
46 116
300 374
36 126
775 861
783 853
565 623
959 997
407 460
290 382
281 325
289 381
700 737
559 626
31 65
19 77
138 213
692 747
54 86
61 92
444 477
57 88
673 704
798 895
13 111
181 215
427 456
260 359
830 858
827 863
425 460
897 996
542 635
385 487
672 710
771 869
789 883
545 582
40 64
286 374
554 578
431 454
265 352
938 963
540 630
951 987
654 738
129 236
530 639
901 1000
300 322
640 750
523 635
149 231
430 476
172 216
781 889
917 993
401 484
156 233
948 961
21 99
702 712
435 458
666 739
827 834
29 103
302 341
31 100
41 84
942 979
807 858
144 238
420 474
446 448
548 603
93 221
94 220
574 700
806 932
342 469
23 148
596 727
591 716
92 216
351 475
544 676
637 760
1 135
108 234
583 705
266 397
847 968
74 195
285 404
837 972
825 949
602 726
838 970
55 186
795 918
618 743
13 131
353 495
576 719
7 151
580 724
561 675
606 716
277 390
538 649
820 928
611 758
576 725
619 766
842 991
349 459
632 751
828 932
808 945
55 173
890 992
348 455
347 454
257 417
549 645
590 750
17 176
516 677
636 733
584 745
315 409
595 753
60 152
377 477
313 413
565 657
310 403
828 921
293 397
269 421
261 429
22 190
566 670
826 915
113 219
592 762
99 200
366 451
572 657
106 196
608 718
541 691
513 687
824 919
362 474
284 428
804 916
69 246
34 145
768 947
93 232
514 695
16 167
603 748
115 201
517 703
882 968
534 684
549 665
823 907
831 899
91 230
557 658
20 213
527 717
875 936
885 950
263 451
29 217
112 180
593 661
790 978
841 909
345 412
87 146
895 952
572 756
81 152
123 178
838 911
779 961
256 459
98 169
43 224
769 970
880 956
61 240
566 761
781 988
601 648
617 699
885 934
610 689
273 453
264 476
605 649
63 234
523 734
106 188
73 159
553 767
368 423
125 170
624 680
91 130
604 645
617 691
609 699
848 906
780 982
773 991
267 464
313 482
532 719
334 403
875 950
602 647
592 653
363 437
102 184
526 720
329 406
563 748
584 663
871 903
850 944
537 763
307 464
94 189
579 672
832 931
815 971
610 646
376 413
520 751
288 456
311 479
575 727
5 236
268 485
580 685
619 642
601 688
525 742
782 995
821 984
44 220
861 941
629 644
336 418
275 480
39 212
865 914
295 466
887 898
857 943
555 733
365 410
284 491
23 239
274 490
850 938
517 767
638 644
355 408
279 492
818 969
33 221
42 214
578 702
312 453
338 431
85 171
286 480
86 168
809 983
543 736
215 471
547 803
541 797
740 997
141 399
675 929
50 305
224 483
209 466
697 954
551 803
667 926
16 278
692 946
696 958
539 787
138 387
8 258
628 894
652 902
715 960
68 328
151 410
616 870
148 388
101 373
598 836
658 896
127 364
44 319
32 308
63 299
163 438
555 830
174 440
524 794
217 462
3 276
79 344
80 329
104 370
37 318
597 846
237 497
124 352
199 475
4 280
197 472
701 928
82 332
536 775
720 975
585 854
7 294
209 496
575 798
664 953
243 465
27 312
10 297
162 385
24 315
609 834
655 940
687 908
606 893
64 356
668 952
674 902
37 256
140 425
245 467
146 436
133 429
184 400
582 878
587 867
252 469
154 435
615 845
30 309
226 457
121 341
15 291
3 303
533 825
594 894
79 354
165 392
674 911
115 349
567 793
165 394
685 898
590 865
646 937
766 977
78 382
128 432
59 266
67 370
155 426
518 820
614 852
634 840
684 926
696 907
673 916
535 802
76 378
247 449
656 935
58 258
586 882
557 788
618 851
210 488
561 779
11 304
129 445
114 335
760 965
560 782
596 874
690 908
627 845
173 402
686 913
531 812
80 272
631 823
600 792
588 780
125 316
66 259
546 864
242 433
679 996
118 306
112 308
169 493
77 265
669 984
744 941
531 854
40 366
546 868
10 333
589 778
174 486
38 367
110 295
21 345
95 275
53 379
170 484
110 289
564 891
95 271
189 493
746 954
161 499
660 966
157 462
26 334
613 816
159 457
150 448
535 833
528 839
643 980
246 430
183 495
514 859
27 321
177 491
525 855
127 292
8 339
143 468
759 940
551 891
564 872
704 924
708 920
625 813
731 903
710 923
46 369
736 959
667 964
52 340
49 337
574 862
636 796
573 860
599 822
253 415
139 488
74 302
604 824
12 361
241 404
71 288
718 934
651 994
542 884
600 818
519 877
249 402
629 793
1 364
533 888
625 796
740 905
25 375
583 809
731 948
743 904
201 441
88 296
627 770
706 945
537 877
18 356
36 338
109 283
758 897
136 496
703 967
754 906
529 873
676 989
231 412
713 946
595 808
722 937
755 904
105 277
711 955
147 494
71 314
75 310
670 995
42 340
560 846
622 784
135 263
591 974
167 293
41 427
70 452
589 975
599 980
663 787
147 278
98 487
607 986
671 794
643 774
721 857
678 814
33 424
132 269
132 270
526 900
726 860
47 420
737 874
594 985
90 470
612 1000
56 437
194 335
254 371
577 972
550 939
237 355
686 800
563 957
550 936
581 971
681 807
196 331
185 297
9 409
54 422
101 500
586 987
119 485
756 870
626 993
728 843
28 392
706 855
89 463
210 324
241 359
52 419
118 481
660 771
571 931
519 927
694 814
749 884
571 930
14 405
518 925
223 323
25 389
45 433
228 376
75 470
732 833
522 919
558 947
695 810
235 373
212 330
78 465
57 422
516 923
522 917
763 868
585 982
251 347
622 974
58 411
28 446
22 436
698 792
735 893
730 889
570 921
162 262
5 419
51 405
515 933
181 274
739 836
553 910
43 387
532 956
243 346
665 819
588 998
195 360
664 819
621 966
623 964
208 380
50 414
158 307
681 772
738 844
141 317
53 391
203 383
164 272
527 955
83 486
108 473
512 949
559 922
538 943
89 494
139 316
634 973
712 880
157 292
105 467
111 468
562 905
255 323
204 369
248 326
76 499
128 319
611 988
96 416
605 925
65 384
100 421
641 835
714 776
662 852
755 817
70 386
19 471
242 311
24 478
143 328
677 866
707 772
250 306
17 473
683 866
198 268
68 398
83 408
9 450
747 800
724 799
742 813
530 990
688 892
536 981
554 999
540 977
202 260
214 280
552 998
67 396
45 482
734 785
250 298
20 452
711 791
678 886
30 463
639 942
187 361
12 478
85 390
230 309
175 380
219 264
741 817
122 428
654 856
109 442
62 489
161 377
134 350
102 447
612 957
721 776
122 416
192 282
637 935
741 831
49 490
534 973
524 976
714 790
87 394
512 990
651 853
84 395
247 296
656 847
729 774
186 346
746 778
757 789
624 912
176 337
156 381
47 461
765 799
754 785
513 994
107 398
96 389
90 447
705 804
693 848
182 336
205 298
248 287
640 871
593 953
191 342
35 458
150 383
521 992
765 788
698 851
630 927
180 350
227 271
558 962
653 864
709 811
155 372
142 353
620 899
725 805
680 856
48 450
723 801
137 378
113 386
732 815
218 301
222 294
104 401
548 989
182 332
638 900
239 276
568 963
190 322
38 472
764 770
244 267
507 985
509 986
505 978
503 929
502 939
506 912
505 887
506 879
507 849
511 829
508 811
510 797
504 786
501 795
501 759
502 708
503 690
450 666
508 620
504 570
509 569
511 520
510 515
