100 101
16 17
60 61
45 47
64 66
80 83
77 78
85 86
43 47
16 20
74 78
58 63
27 29
67 69
6 14
32 42
83 89
35 40
65 74
64 75
34 46
54 58
22 24
82 92
70 73
9 25
76 92
34 49
2 17
65 82
10 30
79 91
69 81
8 29
1 20
7 18
38 48
75 93
15 23
11 19
14 23
5 28
68 93
15 21
1 26
66 94
4 26
68 90
13 18
5 37
9 40
12 46
71 98
7 33
24 48
76 100
3 42
73 96
10 32
25 50
12 39
13 38
6 43
28 49
4 41
79 98
3 45
2 44
8 39
84 97
21 35
19 36
27 44
87 96
11 50
31 37
31 36
95 100
88 99
22 41
30 33
54 99
56 97
57 89
55 87
52 85
51 80
61 94
59 95
51 84
56 81
63 86
55 90
53 88
52 91
57 72
60 77
59 72
53 70
62 71
24 99
62 67
