10000 10000
1746 1747
8801 8803
5532 5535
4635 4638
2802 2807
1011 1018
7429 7439
7760 7770
3542 3544
9219 9235
7179 7195
5894 5908
622 636
1380 1398
527 540
6894 6906
3683 3703
4258 4278
7938 7958
6633 6653
5475 5494
1230 1243
7371 7390
6183 6194
8227 8245
8612 8627
7879 7888
495 504
4066 4090
1153 1176
6053 6079
4193 4218
2113 2141
1903 1906
69 90
8664 8696
1346 1379
7052 7085
9502 9535
3414 3444
7309 7343
8334 8365
2944 2981
5637 5664
8841 8864
9371 9394
8794 8816
6986 7008
7055 7076
8990 9013
208 252
3651 3694
6851 6893
5391 5408
1738 1787
4691 4706
6853 6900
9107 9122
4425 4474
3860 3879
4445 4456
1627 1646
3158 3171
8344 8353
3783 3838
7116 7157
1994 2032
9031 9085
5249 5307
2897 2923
6746 6752
4885 4905
6739 6767
7574 7595
350 355
1353 1399
8473 8486
2839 2902
4112 4177
3084 3149
5180 5245
7820 7881
8576 8646
311 382
5667 5737
2878 2932
9237 9310
9867 9920
5031 5097
6567 6632
8834 8909
9907 9955
2 82
9097 9179
5013 5062
7336 7421
8979 9029
8633 8687
5025 5110
657 710
1187 1268
5290 5362
5386 5456
1577 1650
6916 7000
3094 3146
5943 5994
8630 8681
447 480
3724 3820
8499 8529
8600 8698
400 498
5930 5960
3494 3525
2712 2814
5169 5206
8710 8815
6837 6876
4531 4569
7340 7366
7075 7112
2448 2556
2614 2651
7098 7127
4023 4056
3736 3823
1285 1404
7438 7540
314 320
8106 8144
156 230
6568 6611
2729 2773
905 1013
3586 3711
5675 5717
7173 7291
552 598
7216 7344
6497 6627
3850 3983
2943 3065
6994 7130
9331 9466
2661 2799
1575 1708
3594 3713
108 224
2069 2201
355 495
1080 1205
7265 7404
1590 1721
47 160
8465 8579
9817 9930
2621 2731
3450 3564
6931 7051
5387 5527
5429 5544
6526 6624
3949 4082
5172 5268
377 473
9846 9943
3378 3472
9588 9686
3385 3485
5155 5253
1587 1684
8014 8166
5227 5314
3589 3759
4196 4303
6436 6536
3417 3572
6527 6609
6454 6552
6474 6628
7528 7623
3145 3321
4894 5038
8822 8903
7989 8068
3661 3839
6416 6562
5706 5881
8314 8398
9827 9942
3136 3317
8723 8869
8271 8440
1586 1674
3120 3208
2053 2237
1811 1962
8559 8662
8775 8957
1558 1708
7247 7412
630 714
4691 4846
8454 8635
8237 8338
2887 2950
7005 7071
855 916
8199 8384
4947 5019
1820 2006
7760 7836
2086 2280
8965 9162
9340 9389
8063 8109
5663 5836
4618 4825
1331 1511
8794 8847
9328 9382
7549 7589
2309 2525
6408 6608
8452 8668
6937 7106
4929 5018
3865 4037
828 992
9749 9931
6967 7144
6179 6339
52 212
8236 8397
5715 5809
8210 8433
324 423
6754 6785
9554 9649
4475 4510
64 166
4187 4284
1633 1670
9539 9643
2916 2957
2318 2532
2599 2762
4933 5035
1599 1745
3335 3560
7506 7586
7942 8182
9555 9635
5199 5310
9851 9870
9553 9639
7002 7085
9753 9957
574 704
6444 6610
2427 2436
4173 4429
6390 6644
6154 6409
1675 1928
1126 1378
7693 7944
9257 9519
1029 1282
7880 8143
7811 8075
1186 1450
4853 5119
7245 7488
1241 1495
2805 3066
8400 8671
7274 7546
6759 7031
1027 1298
8289 8563
7405 7679
3718 3989
5162 5433
3135 3371
4635 4878
3073 3348
7728 7974
7709 7946
4681 4958
3606 3854
1059 1338
6822 7103
2067 2312
6751 6976
114 365
5730 5954
250 475
6838 7063
1152 1441
2156 2382
2607 2828
1041 1332
9310 9592
2792 3022
1210 1426
5765 6061
6396 6612
3772 3988
166 396
7894 8189
4813 5094
1045 1317
6163 6434
4709 4950
2596 2839
4814 5117
8877 9113
5869 6105
9358 9656
4786 4996
7924 8131
3179 3420
6706 6920
209 490
4812 5104
6353 6637
5223 5466
4190 4449
1742 1934
1536 1856
1556 1876
9424 9616
4687 4877
6677 6999
2634 2825
3170 3366
6172 6488
6311 6626
2064 2389
6214 6400
2111 2424
649 960
3632 3961
7693 8004
6185 6499
7751 7949
3684 3887
3097 3413
2146 2350
6846 7155
3738 4052
6775 6969
7786 7972
7690 8005
4199 4407
4764 5069
9296 9474
9391 9723
2206 2506
1026 1367
6228 6401
6289 6596
3287 3457
3234 3572
9409 9622
6322 6634
3792 3977
8926 9095
1038 1367
7851 8177
3268 3487
9456 9646
729 902
631 791
6376 6536
7411 7570
6718 7007
7763 7986
6203 6490
4711 4869
7320 7675
105 266
5827 6055
5809 6105
1047 1406
6853 7084
6753 6925
3188 3353
5822 6096
8862 9201
2720 3023
2117 2357
1255 1430
6147 6514
8300 8479
709 950
5737 5919
4123 4461
8802 8987
8377 8645
4784 5068
184 453
4124 4451
4836 4964
6172 6557
3764 3893
1600 1985
1605 1991
6668 7055
9 394
8423 8548
3788 3912
8406 8531
2726 2848
5671 6048
7230 7606
6319 6438
3660 4038
7868 7990
8890 9009
5778 5913
1674 1798
3726 3843
5750 6136
9455 9599
4774 4918
3768 3884
3799 3906
1102 1496
8919 9025
6348 6490
7904 8055
8361 8510
2180 2323
5176 5537
5375 5478
8921 9024
8929 9082
8387 8543
1579 1931
3195 3547
7891 8049
596 1015
8719 9132
1747 1910
1032 1453
5679 6025
9242 9661
2073 2494
79 488
3086 3497
5879 5982
6270 6615
7886 8039
541 948
4228 4399
2678 3037
2677 3033
573 912
1125 1480
5209 5622
4185 4585
4695 5093
146 288
562 897
7317 7462
7928 8013
3760 3845
5790 5928
1115 1507
4682 5106
1680 1834
4289 4475
3701 4040
12 433
8330 8503
5850 5988
6283 6453
9384 9495
763 836
4757 4949
5680 6129
1087 1534
8205 8654
5361 5428
145 343
8426 8482
137 322
3232 3435
1077 1534
5281 5484
690 895
97 431
5657 6103
5301 5499
55 504
241 289
2126 2463
1208 1389
7352 7534
8957 9003
5344 5430
2140 2442
2692 2898
1604 1939
3757 3962
8436 8492
647 863
3808 3896
3125 3564
2809 2850
7815 8028
4847 4914
3588 4057
2602 3063
7246 7569
3680 4031
5131 5611
3833 3865
1088 1440
2780 2877
8409 8504
171 328
3281 3381
9355 9583
3652 4001
3304 3342
585 943
3097 3573
2092 2497
6166 6651
725 826
8910 8993
3658 4005
2745 2888
2639 3002
4697 5025
3694 3991
110 407
1182 1378
6863 6963
4742 4986
8353 8542
2658 2973
8861 9058
5843 5932
5387 5899
1046 1559
4361 4872
465 979
3292 3806
7271 7780
5330 5841
4171 4680
6407 6915
239 744
4133 4655
1252 1768
7408 7932
7295 7794
9289 9796
8634 9141
6147 6674
1427 1921
7416 7916
5188 5713
4256 4789
6166 6656
6341 6866
2145 2680
8688 9194
7342 7860
6312 6834
454 986
115 623
7304 7829
1488 1997
116 618
5539 6076
61 546
5485 6002
1231 1774
9376 9859
337 882
5568 6115
503 979
7206 7682
3364 3841
1194 1677
7551 8024
4121 4656
5219 5705
2100 2590
406 957
6190 6661
1457 1948
2131 2685
2507 3045
6179 6668
9244 9772
8686 9182
2443 3003
2455 2980
2065 2597
7316 7840
35 534
4383 4906
5586 6116
8593 9127
2062 2617
6262 6721
5277 5799
3147 3696
3400 3956
8214 8747
8206 8755
5487 5970
1385 1879
2364 2818
7666 8115
1410 1991
6623 7066
1284 1858
2362 2941
8312 8752
4502 5087
7398 7852
3142 3596
3337 3907
9459 9917
93 524
8251 8810
3118 3711
3501 4094
3557 4022
1215 1772
420 1008
7358 7914
7616 8084
6619 7054
3100 3657
4581 5043
3403 3869
4271 4855
4534 5103
1463 2028
4449 4922
8667 9088
4256 4862
8582 9176
1480 1943
1515 1931
1264 1680
9290 9770
177 723
2150 2564
244 663
1044 1649
5603 6021
8489 9025
5426 5979
307 858
9438 9909
6373 6793
1207 1755
1049 1653
1048 1640
438 966
1051 1642
8250 8777
299 856
2217 2778
71 561
6523 6924
2517 2989
2054 2687
8663 9133
2094 2645
8323 8958
6375 6809
1195 1748
1105 1745
66 707
107 744
3079 3714
7254 7888
100 738
3155 3796
2128 2778
6651 7025
2435 2824
312 947
2247 2633
1095 1736
3434 4069
9273 9898
414 781
4129 4791
7365 7762
2489 2862
149 525
6186 6832
8278 8909
5525 5897
5446 6104
5197 5843
1361 1998
5564 5908
121 720
6302 6709
1494 1917
327 1003
4308 4728
1147 1750
3140 3817
5458 6143
7359 7698
5503 6097
8478 9136
8282 8949
441 790
7375 7776
3327 3663
5216 5842
1093 1783
9361 9762
8498 9089
2053 2737
9397 9728
6552 6958
379 973
8236 8859
3334 4017
6432 7064
2091 2706
3230 3616
40 662
358 984
2214 2584
3198 3774
5402 6106
4359 5061
1481 1802
5350 5669
3407 3980
7678 7997
1217 1538
6356 6673
69 643
8276 8850
4576 4903
7529 8097
8692 9021
1458 1915
7343 7781
76 641
175 610
5142 5851
31 722
7293 7859
6290 6748
7594 8036
7583 8015
7188 7876
9335 9894
2168 2729
8632 9066
8407 8708
6433 7154
5426 6118
7425 8149
1473 1812
467 774
4178 4741
1324 2036
2555 2850
3492 3962
6390 6697
8294 8838
3526 3878
6177 6851
4308 4663
7642 7998
7430 8160
2141 2747
3250 3674
1097 1697
5377 6123
2488 2899
2427 2966
4599 4889
426 837
3267 3634
7371 7742
9703 10000
7561 8062
3352 4079
302 982
3478 3951
6602 6963
4526 4951
4487 4989
7568 8044
3493 3928
3309 3600
4357 5115
6588 6979
1519 1773
6598 6852
5524 5782
9573 9831
4498 4758
4265 5037
3175 3939
136 909
9628 9881
5179 5949
5349 6114
7345 8118
6276 7052
8369 9144
8639 8886
50 825
2263 3034
8388 9161
8513 8783
4391 4648
6439 6711
2519 2757
496 738
2286 3069
7390 8138
180 928
4244 4993
2559 2794
6617 6862
344 591
7327 8072
6547 6788
2436 2707
1103 1878
4224 5018
6158 6932
8472 8707
7278 8050
2219 2998
4212 4969
5342 6083
5231 6000
7584 7871
4377 4614
3233 3969
9496 9785
1191 1926
4119 4917
6433 6662
6306 7050
4343 5085
7437 7719
4497 4794
6542 6818
5562 5782
3530 3815
2429 2640
1454 1694
8222 9007
3275 4089
2459 2735
5486 5722
3105 3861
7431 7730
9499 9773
3476 3747
5511 5808
5285 6045
5348 6109
7378 8171
42 787
5558 5775
1256 2001
7241 8048
5265 6059
8293 9049
8698 8903
3533 3827
93 866
6360 7064
6307 7139
44 876
8240 9075
8546 8737
1053 1886
2526 2714
6188 7017
7442 7767
9531 9853
2059 2893
8416 9128
9633 9961
4198 4910
3402 3587
8534 8731
8352 9199
436 740
8469 8772
1443 1776
9301 9985
411 718
9618 9927
6383 7097
1201 2023
8238 9080
7240 7967
5613 5813
8489 8819
7169 8026
7168 8029
8547 8766
6585 6886
5617 5806
4493 4844
4267 5065
2172 2847
3148 3880
5330 6071
8545 8708
3168 3847
123 796
2234 3027
5578 5798
5482 5639
4205 4864
6171 7029
1148 1810
3528 3751
226 913
8569 8716
4380 4714
7329 8150
8243 9035
305 587
8395 9137
2368 2618
2094 2901
6448 6731
3216 4076
9489 9837
2473 2774
5448 5834
2417 2802
6502 6883
3470 3595
5596 5717
5545 5664
9575 9965
4163 5065
3162 4049
6267 7159
2199 2823
3331 3730
1383 1779
7397 8051
1255 1905
9603 9748
1116 1988
6259 7145
237 887
214 844
4521 4658
1147 2022
4269 4912
1396 1770
6263 7144
6535 6680
9523 9875
2417 2769
5139 6067
5251 5922
1438 1596
6186 7049
6294 6965
4437 4849
5300 5905
8617 8716
302 646
6487 6910
4291 4970
6583 6684
1306 1716
7348 7940
2079 2988
7558 7733
4586 4703
4435 4836
1243 1891
6416 6824
100 988
5182 6023
2060 2999
2490 2566
1490 1644
6153 7094
403 556
2214 2919
4168 5003
304 757
1244 1817
7468 7913
422 608
24 990
1362 1684
2283 2860
5598 5654
4432 4760
4450 4776
1408 1611
6615 6682
8309 9124
7477 7911
9512 9980
5247 6059
4223 5034
8335 9048
7567 7767
225 827
3211 3920
1204 1903
2334 2754
6198 7146
7619 7711
7177 8169
3458 3683
1070 1996
5590 5685
9480 9964
6190 7114
1133 1928
1442 1607
3094 4083
9520 9941
116 914
346 700
5506 5738
1387 1666
4485 4716
9663 9813
1114 1968
8666 8753
5358 5890
5523 5759
8449 8940
5380 5865
4346 4884
8446 8977
4567 4664
9640 9799
1099 1978
1096 1979
6525 6798
3164 4008
6384 6917
4366 4859
4167 5055
3278 3894
3419 3746
8357 9054
1405 1665
306 718
5610 5652
4480 4735
5595 5668
624 1648
4310 5332
6531 7559
4557 5576
2063 3081
620 1643
2186 3213
3059 4091
4726 5758
2216 3234
6155 7168
2842 3862
2477 3489
2790 3818
7147 8167
6647 7674
8544 9584
8928 9969
6923 7962
2356 3366
538 1544
2466 3512
2148 3199
2244 3288
4111 5137
6438 7481
899 1948
2772 3828
4910 5902
472 1529
4708 5703
4986 5977
873 1869
4593 5588
2855 3841
4149 5139
365 1355
4863 5848
776 1825
174 1159
4547 5609
6445 7430
909 1980
2671 3675
6247 7250
2327 3361
3016 4095
6993 8040
4790 5773
8653 9718
723 1775
935 1944
2127 3087
2791 3751
8595 9680
8206 9291
6218 7180
2678 3633
6386 7352
424 1506
4772 5871
4623 5699
4944 5918
8346 9428
2161 3134
843 1796
4296 5255
6813 7885
2284 3261
4282 5352
62 1130
7100 8168
4109 5208
611 1595
8261 9245
8485 9596
8813 9783
33 1146
512 1629
6626 7613
6794 7893
6897 7827
3016 4011
494 1421
430 1485
4384 5443
4306 5302
8440 9373
803 1862
8344 9471
970 1965
5001 6113
4560 5560
4715 5635
419 1481
8283 9265
3020 4007
4496 5630
508 1422
8395 9401
4722 5632
799 1900
6729 7738
7147 8088
4769 5845
4122 5231
6745 7724
2192 3301
2174 3080
2592 3671
6905 7822
2748 3781
2393 3363
4924 5953
7086 7982
870 2020
2176 3074
556 1700
4674 5833
2414 3554
8868 9768
4952 6100
743 1642
2816 3981
4724 5882
144 1055
853 2010
726 1607
8818 9952
2348 3518
2892 4063
590 1754
9108 9996
8885 9775
6407 7581
2345 3508
4272 5165
6669 7827
7030 8169
7058 7985
6845 7704
4960 6087
2503 3424
2764 3685
6836 7710
2312 3490
8934 9805
4103 5292
2353 3485
2754 3695
4892 6065
6576 7454
7017 8135
16 1214
8613 9483
8414 9329
4641 5777
6992 8160
6614 7527
4675 5872
8759 9859
6367 7273
8857 9774
8202 9392
8410 9313
98 1241
35 1183
6551 7467
2487 3338
2643 3822
6195 7310
8589 9520
378 1476
174 1041
8308 9399
4531 5488
8396 9224
8238 9449
762 1584
8398 9216
8902 9736
6763 7867
4886 6082
6780 7849
2310 3549
2684 3745
4950 6024
2699 3669
70 1177
2974 3905
8726 9929
4964 6021
8615 9541
930 1856
4394 5577
4166 5283
129 1124
6812 7803
11 1260
3036 3899
8689 9494
4225 5225
2608 3802
8361 9285
2106 3286
657 1660
6897 7708
402 1404
939 1883
4838 5655
8831 9869
4720 5763
4894 6121
2883 4020
8211 9451
449 1336
7040 8058
2933 3982
2129 3245
564 1737
8445 9219
6713 7878
2551 3319
663 1942
9118 9884
5002 5774
8676 9440
2363 3135
6214 7491
4200 5486
9090 9860
8674 9448
5030 5814
89 1357
233 1533
4404 5152
4230 5520
2962 3716
6386 7653
6182 7473
4314 5571
6949 7740
8622 9394
4833 6140
2227 3475
8262 9570
4798 6043
6495 7289
4158 5400
4994 5802
8374 9631
8470 9279
4627 5945
4216 5459
5040 5787
2528 3275
726 2045
8462 9251
8491 9221
6980 7787
6463 7184
2649 3947
4831 6125
5028 5777
6403 7220
8967 9776
8378 9603
7079 7838
2210 3480
931 1688
2291 3528
6686 7970
2254 3570
37 1305
2740 3976
43 1302
137 1460
8437 9672
4506 5338
6991 7694
2144 3362
3024 3731
2717 4057
4153 5500
906 1743
8553 9263
2590 3928
2093 3429
2594 3946
8671 9366
381 1076
481 1194
4298 5505
4930 5646
8423 9642
545 1902
4763 6091
6998 7686
2138 3339
6168 7498
3059 3744
2560 3923
4612 5975
2872 3691
4260 5623
6309 7664
739 1972
2613 3938
4969 5681
3041 3769
9123 9978
2505 3219
2225 3565
94 1282
6880 8124
9071 9779
2806 4011
7152 7853
6663 8026
5019 5829
2093 3443
6718 8033
397 1261
5113 5785
2048 3424
60 1373
3034 3768
6372 7559
4219 5407
6962 7766
2721 4039
8332 9700
4236 5604
364 1030
2450 3320
2496 3243
2702 4069
693 2008
4347 5525
9068 9730
321 1070
8650 9402
6340 7604
2964 3814
3019 3775
912 1765
2669 3864
4665 5953
9116 9956
3043 3738
6972 7750
4820 6062
711 1979
6911 8066
277 1131
2197 3562
8977 9873
4723 6131
627 2032
6187 7592
768 1669
4506 5148
102 1504
3038 3671
848 1756
4901 5801
2653 4048
2576 3998
333 1246
2697 3866
4304 5443
6996 7872
2768 3909
4145 5543
9133 9786
6830 7993
4299 5459
6725 8157
8685 9332
9182 9796
4973 5878
4097 5533
334 1234
8694 9320
8485 9403
5058 5724
6933 7860
8540 9469
9014 9876
7087 7692
6364 7544
7038 7899
6595 7270
4138 5519
2849 3719
6376 7502
147 1333
780 1707
6465 7400
8500 9374
6574 7171
359 1226
5043 5639
4372 5283
4565 5218
6495 7399
228 1368
2663 4059
4570 5220
725 1898
8448 9408
2266 3354
8462 9422
4473 5304
6760 8105
702 1916
103 1445
8381 9592
4358 5315
6215 7553
8411 9501
2988 3684
3006 3702
6775 8126
6758 8107
2655 3986
2876 3826
599 1945
2954 3652
9120 9839
257 1233
154 1354
9030 9878
4180 5509
2243 3345
2785 3890
7142 7733
6217 7581
3009 3604
2222 3451
231 1341
4391 5370
8605 9282
8640 9248
958 1628
6640 7186
404 1136
470 1075
6212 7587
6871 7984
2234 3411
7099 7762
309 1247
6476 7334
2701 3943
407 1149
6263 7579
138 1383
4387 5326
8296 9606
9068 9858
8373 9562
8413 9517
5049 5704
6636 7198
4923 5833
6251 7583
4247 5472
389 1148
2343 3292
2676 3983
9185 9754
8380 9536
2889 3766
4853 5365
4825 5337
9076 9588
4137 5672
8355 9890
8386 9921
8893 9401
8950 9458
196 1729
8306 9847
4788 5299
608 1128
873 1377
289 1835
4824 5331
118 1661
4433 5981
4658 5183
507 2038
133 1672
4396 5921
7037 7536
8455 9993
974 1472
4215 5752
1001 1529
6720 7249
5016 5514
421 1969
6708 7202
4442 5965
8715 9235
4425 5971
9198 9717
4970 5489
4187 5702
578 1119
458 2007
8920 9413
4555 6101
8904 9431
2942 3425
470 2038
2062 3628
6380 7887
7115 7660
529 1081
415 1975
4552 6112
2193 3771
2689 3245
7086 7553
6491 8052
8853 9402
8374 9862
2885 3445
6873 7401
7078 7575
466 2019
9048 9582
7044 7603
4532 6019
2576 3113
4191 5734
794 1313
4624 5163
6675 7215
2068 3624
2182 3771
653 1229
2698 3273
8989 9566
340 1808
62 1659
8705 9287
7131 7580
6889 7329
946 1530
6881 7336
926 1495
2635 3073
2775 3228
2861 3430
5020 5591
2827 3392
4673 5133
9065 9509
961 1420
783 1344
6336 7824
9074 9506
2472 4093
6624 8119
6303 7880
4596 6051
2737 3305
9160 9617
4462 5940
2693 3288
6856 7317
2132 3594
4637 5187
2292 3755
9164 9644
9031 9511
1022 1437
3057 3479
812 1344
2 1647
8304 9758
533 1125
4615 5239
8721 9315
349 1833
6243 7703
484 1936
8765 9289
8269 9785
6596 8112
4689 5156
8828 9226
6903 7296
6 1662
9043 9515
4539 6081
8301 9750
306 1865
4924 5440
2776 3237
8218 9828
9137 9521
403 1809
2852 3494
4746 5134
5017 5405
9155 9543
6905 7292
72 1742
4183 5854
4258 5675
2068 3741
7046 7435
8370 9789
232 1639
303 1982
570 1198
2657 3316
2190 3608
4858 5229
7061 7437
57 1696
4501 5900
499 1897
793 1413
9151 9506
6312 7734
4344 5734
2508 3923
8277 9930
2698 3114
418 1793
6216 7915
888 1500
6148 7841
759 1106
6620 8052
5057 5480
5100 5445
9170 9595
626 1240
4684 5344
8266 9958
2391 4090
6939 7606
6757 7368
8761 9364
4630 5286
7136 7504
6755 7379
4328 5720
2265 3688
8283 9962
8910 9343
74 1784
769 1458
2306 4022
2642 3302
8239 9882
2650 3308
7008 7639
1000 1361
4608 5306
5015 5421
2081 3739
9204 9551
2838 3498
2377 4087
5109 5451
2121 3830
4592 5967
4621 5325
165 1636
6613 7959
6481 8082
2877 3577
2133 3728
6601 7951
441 1919
4865 5577
563 1273
8719 9412
588 1159
8713 9413
698 1140
4695 5273
6713 7414
9105 9537
3038 3343
3042 3376
4616 5339
4188 5775
860 1418
8725 9410
8377 9825
334 1943
6914 7640
8665 9987
850 1422
2476 3952
428 1904
6464 8093
6319 7794
4547 5917
539 1221
840 1448
2502 3876
4331 5647
6833 7253
621 1160
6301 7803
2749 3162
4453 6018
6791 7279
6849 7208
9098 9571
837 1455
4319 5685
2907 3505
4389 6089
8343 9850
1004 1281
2739 3166
535 1273
8272 9919
4210 5762
304 1986
2989 3423
2049 3826
831 1484
2923 3487
6238 7848
404 1890
4500 5998
736 1050
606 1189
961 1341
74 1718
4411 6086
4771 5214
2217 3668
6730 7351
318 1984
5108 5364
2112 3904
8887 9655
2622 3390
341 1621
860 1118
4272 6068
4777 5550
741 1506
2171 3955
8821 9596
6174 7956
4401 5693
2423 3707
8614 9898
358 1643
2598 3382
4440 5705
4162 5971
4861 5615
4201 6011
2803 3553
2256 4034
4456 5755
4402 5670
2804 3554
4530 5796
2367 3623
9096 9360
6733 7509
7140 7422
8565 9832
2281 4084
751 1522
2458 3717
2216 4023
942 1164
6722 7521
8970 9263
364 1610
2606 3337
4181 6013
6546 7867
4578 5835
8894 9623
4923 5136
4363 5669
6665 7463
9016 9225
2459 3753
2695 3509
7150 7389
859 1135
325 1649
8831 9546
4767 5546
5014 5281
2500 3836
123 1859
8536 9824
4701 5476
8458 9781
8889 9606
559 1390
8908 9614
4135 5989
745 1451
5077 5271
839 1028
9105 9429
2297 4029
151 2003
8697 9919
5116 5300
7082 7394
8874 9699
8450 9803
892 1077
6895 7588
8699 9910
2969 3286
2155 3898
6726 7447
6285 8159
2060 3934
8993 9330
7088 7396
4165 5904
6892 7611
2793 3507
5074 5256
516 1370
3036 3203
4259 6140
918 1225
2864 3153
6482 7731
7051 7407
6209 7973
8916 9661
4454 5647
452 1709
6306 8136
691 1497
6379 8071
2766 3491
4643 5453
7126 7335
4300 6077
6808 7658
6866 7585
2273 3986
2475 3807
255 1930
8999 9297
2587 3436
9193 9363
7092 7374
8472 9826
217 1957
6843 7623
6366 8099
3015 3257
6597 7749
3022 3150
8806 9703
2865 3251
9173 9303
6827 7469
2864 3255
4934 5313
724 1372
6575 7718
2876 3254
4305 5979
996 1135
8991 9361
2379 3781
8484 9899
2482 3618
2784 3440
9168 9282
3031 3141
8928 9587
2680 3563
684 1337
857 1231
6715 7597
5026 5173
2135 4032
795 1164
6308 7996
142 1814
2844 3204
8877 9524
2373 3806
3003 3104
8614 9787
521 1449
8776 9705
78 2027
2768 3447
8968 9377
2116 4072
6747 7670
6767 7618
4662 5528
962 1133
6471 7926
8835 9521
4273 5891
4900 5264
7101 7176
285 1707
3006 3080
6233 8174
6199 8064
5026 5146
6786 7480
516 1470
2465 3610
6266 8129
8846 9522
8540 9953
352 1758
514 1475
8474 9944
638 1468
9095 9283
4168 6029
8575 9914
2139 3997
7148 7211
6283 8003
544 1512
130 1867
7036 7349
8899 9481
4599 5691
371 1727
6575 7777
1016 1079
748 1340
8960 9424
6959 7422
8516 9877
6799 7515
9006 9467
4189 6027
8659 9733
436 1635
6678 7630
2962 3146
6822 7548
6385 7980
2582 3529
2586 3578
6426 7929
4193 6018
6760 7567
8624 9816
6335 8021
6754 7560
2856 3266
9015 9436
8613 9806
2866 3295
6399 7953
8570 9877
6178 8141
6898 7427
4321 5907
4649 5594
7162 7182
7026 7302
2831 3321
9173 9260
2810 3328
2130 4014
8990 9442
4421 5819
709 1339
8734 9696
4512 6561
1395 3442
146 2195
690 2742
5576 7628
5417 7468
4828 6864
5886 7923
4197 6248
132 2185
5213 7251
5826 7890
243 2274
277 2305
4359 6419
4414 6443
4206 6264
418 2484
1847 3886
4667 6690
1977 4000
1259 3314
5518 7572
527 2580
5054 7072
5154 7228
846 2896
422 2489
4101 6181
24 2105
4409 6426
1614 3693
5104 7125
1510 3523
4687 6761
5494 7505
4140 6149
1651 3672
4988 6999
1294 3362
1547 3621
1570 3596
283 2347
5099 7131
4725 6724
4327 6355
5634 7732
4727 6720
4318 6375
1920 4025
5678 7701
4945 7018
845 2934
376 2372
4336 6349
4972 6994
1516 3503
106 2089
782 2890
5627 7614
369 2359
1006 2985
5314 7306
1744 3737
1947 4049
4890 6998
2000 3997
773 2891
1699 3821
559 2656
629 2618
4932 6933
2030 4027
1760 3765
4317 6280
428 2554
610 2616
838 2845
1546 3670
5575 7578
1112 3078
1609 3606
4398 6513
1655 3607
5943 8023
381 2333
281 2426
6055 8131
425 2509
955 3038
4959 6966
2023 3982
4103 6253
5051 7120
4734 6677
4968 6915
1061 3145
5798 7883
1892 3851
459 2468
5083 7083
4794 6859
634 2568
1910 3843
1994 4028
5334 7342
4423 6462
6114 8091
910 3063
5528 7650
5569 7610
5216 7197
1663 3584
9 2166
5769 7689
5420 7599
5123 7296
1477 3394
1398 3580
1172 3103
48 2236
993 2924
673 2606
1630 3790
1066 3258
5927 8119
4700 6861
6026 7964
4666 6828
4172 6363
33 2230
366 2553
5436 7588
5354 7282
501 2412
4883 7050
1513 3440
1156 3101
5820 7717
281 2432
4124 6278
6048 7995
1254 3195
5050 6951
5274 7172
301 2444
4417 6629
5762 7718
846 3050
4800 6756
829 2968
202 2156
4514 6404
5496 7632
1673 3616
5491 7641
1401 3539
160 2059
5825 7789
5947 8087
5769 7716
4540 6417
5054 6929
1257 3142
5485 7618
1518 3422
6012 8142
625 2755
788 2982
6040 7978
1711 3611
5996 8153
731 2669
5839 7800
782 2995
5089 7004
1483 3445
5401 7591
878 3025
372 2485
1517 3375
4413 6655
2024 3883
1828 4064
1353 3468
5126 7360
4963 7077
4349 6193
5831 7690
5175 7418
719 2561
319 2544
4837 6709
656 2626
4660 6887
5366 7203
4625 6857
454 2332
297 2547
1074 3305
5863 7740
5145 7365
6141 7969
1113 3205
4418 6559
4630 6859
442 2407
379 2469
6122 7989
856 3000
5928 8136
1181 3198
4800 6696
5264 7289
4704 6795
701 2646
148 2168
1269 3096
5951 8146
1681 3708
5282 7248
1898 3996
1883 4003
740 2588
5958 8127
5745 7818
4209 6282
5501 7558
5915 8164
5046 6839
5678 7979
4455 6241
4816 7129
1205 3513
5047 6841
5511 7304
971 2779
1914 3691
1326 3132
184 2475
5701 8022
4899 6704
5338 7631
4701 6984
141 2456
732 3017
337 2118
605 2884
5483 7281
1802 3601
127 2401
6053 7866
5340 7678
4601 6362
5839 8168
4495 6309
5355 7617
4920 6675
648 2979
1563 3895
1482 3300
1245 3571
4782 7041
89 2422
5077 6885
1939 3745
1517 3295
5052 6798
1912 3659
4448 6228
1056 3348
1532 3273
5911 7712
4519 6288
1725 3978
5923 7700
609 2907
5886 8133
990 2786
5531 7335
986 2789
4882 6738
5021 6876
5343 7582
1531 3262
1633 3878
4426 6146
5285 7661
288 2154
1650 3897
256 2124
1350 3083
5785 8150
749 2978
4558 6303
1509 3255
1573 3959
872 2619
1342 3181
5004 6872
1715 4071
5263 7643
1062 3443
4868 6737
4785 7143
1197 3573
5986 7739
4302 6548
1263 3507
5616 7313
1301 3191
1820 3710
1261 3465
5075 6838
911 2794
5588 7346
5931 7757
279 2160
5034 6850
1348 3116
2041 3728
5618 7321
332 2087
1354 3110
5517 7392
1005 2691
5573 7338
1881 3638
1099 3387
4283 6603
845 2623
4902 6741
697 3018
1203 3526
1513 3231
238 2457
929 2777
1188 3549
4719 6934
1094 3388
4458 6161
5017 6885
301 2129
4140 6480
5194 7476
5723 7973
759 2952
1090 3522
1971 3635
5753 8184
175 2349
1696 3875
1025 3461
4442 6366
170 2351
6099 7765
4830 7001
4548 6220
6137 7792
1778 3966
4627 7068
140 2307
5666 8114
393 2072
1045 3457
4879 6810
5879 8033
1937 3592
1882 3776
5491 7377
99 2497
553 2955
4283 6424
1965 3598
4580 6208
1889 3784
4431 6372
1403 3280
1306 3254
4192 6604
6037 7717
4815 7039
5378 7347
1091 3569
4774 6932
4117 6566
5890 7862
5284 7440
56 2447
4626 7083
5858 8025
433 2061
4538 6148
1990 3705
1686 3926
5492 7345
5079 6674
5999 7846
1589 4092
1921 3665
4332 6461
1476 3095
1235 3335
303 2298
5107 6693
4944 6790
4494 6232
5098 6716
1440 3190
4294 6428
4590 6197
4287 6497
4348 6428
1110 3510
1617 4016
746 2824
4199 6533
4735 7067
1312 3269
4758 7024
5111 6686
508 2070
1040 3579
4435 6328
4405 6361
227 2319
1068 3521
1705 3908
4744 7015
1089 3505
5692 8141
5383 7413
4660 7111
5072 6694
1551 4089
4102 6641
5145 7648
5031 6749
4393 6357
975 2611
1351 3259
99 2462
722 2861
5313 7875
42 2601
741 2273
5980 7511
1302 3867
945 2492
4940 6466
5795 7340
5082 6600
6031 7579
1239 3779
149 2688
963 2516
1805 3349
809 2353
6092 7636
15 2583
4367 6935
5307 7841
4403 6953
1749 3274
4941 6509
316 2846
4768 6277
4350 6875
5732 7235
5877 7389
5359 7875
5435 7959
815 2335
172 2717
1525 4036
5060 6645
566 2052
1266 3777
4787 6279
5629 8137
1721 3212
1439 4010
5159 7697
981 2530
4301 6901
4263 6815
1206 3725
1272 3780
1141 3656
938 2455
5539 8093
5247 7745
4681 6262
50 2674
4176 6673
6004 7478
1497 3995
4605 7103
4164 6663
77 2570
1555 3163
6019 7626
1482 3968
5679 7268
1992 3460
372 2873
685 2275
1866 3347
284 2886
630 2090
1290 3927
1416 4053
4276 6889
195 2718
5523 8179
5008 6641
1431 4086
4974 6412
522 2153
314 2910
4415 7003
5159 7746
96 2567
489 2945
1108 3644
5847 7359
1983 3542
5913 7539
1433 4085
4742 6379
6027 7654
4222 6672
4958 6448
5180 7763
4948 6437
5086 6571
5727 7207
1594 3137
4887 6508
5189 7742
5937 7500
27 2662
4880 6510
4110 6768
5983 7456
922 2533
1557 3178
1729 3137
196 2630
212 2647
1012 2416
4864 6532
548 2209
1591 3263
5064 6466
4890 6550
5619 8062
1890 3567
5865 7268
4898 6572
5578 8005
4817 6208
4498 6913
5966 7642
5045 6435
4127 6793
678 2096
5048 6446
1073 3752
218 2624
120 2787
4250 6657
1539 3224
2044 3426
315 2981
170 2612
5002 6442
5241 7899
5092 6470
6073 7451
4992 6437
1447 3840
36 2701
1888 3530
5747 7384
5854 7285
1434 3894
1629 3312
5128 7864
4517 6935
580 2295
5418 8092
4650 6300
788 2476
163 2585
752 2123
1524 3919
4395 7056
842 2550
1093 3832
1329 4081
4760 6235
1097 3724
5042 6516
6102 7441
625 2233
447 2931
1580 3298
5108 6458
699 2165
925 2386
4113 6849
1874 3458
4558 6943
6072 7530
5092 6449
5912 7629
4195 6842
56 2786
4482 7000
5674 7409
1475 3871
908 2384
5532 8002
5226 7861
5517 8045
1896 3466
1158 3680
884 2450
6102 7473
5635 7403
72 2723
5299 7775
223 2610
599 2233
4721 6302
761 2056
733 2095
4903 6612
1860 3511
1861 3510
1545 3325
271 3067
4430 7099
1155 3702
1695 3177
5546 8028
4983 6528
1703 3152
1775 3090
5614 7955
4583 6938
388 2937
432 2894
4 2820
193 3008
628 2421
1134 3948
4722 6513
937 2220
5885 7669
194 3018
1547 3328
1593 3380
5091 6382
5524 7834
758 2553
1783 3576
4875 6170
4453 6768
4858 6627
6050 7355
5750 7532
5268 8079
1313 3645
5134 7954
5729 7548
5468 7747
5322 8170
1824 3075
1568 3333
727 2546
760 2513
1778 3545
1691 3504
4314 7158
4822 6650
4499 6845
5435 7691
391 2742
4584 6873
4413 6671
1043 3872
463 2812
655 2491
915 2215
5081 6380
5289 8094
5103 6358
4612 6463
5627 7878
1663 3393
4340 7114
5710 7439
5244 7999
4369 6743
4390 6753
4231 7119
5160 8032
388 2767
5716 7448
1352 3589
4507 6869
4540 6899
1964 3324
4539 6888
222 2957
5962 7193
4605 6830
4551 6802
4203 6973
5359 8120
1532 3748
5810 7660
4880 6223
5964 7187
4495 6894
729 2491
5297 8147
90 2873
493 2696
4131 6981
1219 4005
968 2208
5794 7627
4653 6471
5335 8125
595 2366
1063 3913
5791 7662
282 2664
5163 8024
4678 6451
4754 6635
4235 7154
4147 6985
5222 7963
796 2146
5178 8122
290 2722
4220 7164
6041 7192
85 3028
4549 6726
4617 6541
1109 4060
456 2625
2034 3193
4324 7016
589 2496
4935 6346
999 2152
807 2229
1339 3753
1074 4007
5961 7391
706 2395
5168 8105
1636 3583
1741 3408
5022 6207
1018 2137
1072 3987
5784 7483
305 2709
1305 3773
109 3017
370 2775
4329 6988
452 2668
1981 3093
5653 7608
4725 6594
238 2902
721 2408
1435 3617
5909 7337
4378 6823
1322 3735
325 2808
1535 3649
1057 3999
1955 3100
5393 7854
1123 4003
560 2547
4261 7009
4812 6410
615 2479
1637 3500
567 2558
1503 3605
1299 3800
5147 8151
1935 3138
126 2992
5252 8011
4190 7054
4619 6618
577 2448
775 2261
30 3019
5154 8186
472 2561
4809 6418
5616 7723
1391 3764
688 2411
1095 3993
4410 6884
524 2541
4896 6337
349 2746
1463 3664
5745 7574
4862 6425
6060 7243
4152 7121
1734 3372
223 2869
4524 6727
4554 6694
5280 8012
664 2420
1704 3396
952 2135
4603 6667
5837 7487
398 2685
5398 7909
5274 8046
5021 6249
550 2515
1131 3996
1293 3834
1879 3247
5772 7542
505 2565
1520 3597
1824 3294
494 3567
331 3401
4180 7254
6044 7071
487 3555
5192 6221
5450 6477
5442 6475
1308 2326
5013 8094
592 3676
6127 7136
1522 2557
343 3399
600 3658
4306 7361
75 3160
4146 7206
5733 6771
1303 2304
5557 6572
45 3123
466 3533
4293 7386
1844 2833
4982 8016
5947 6941
4438 7537
5308 6299
1176 2225
900 4015
5944 6920
5548 6558
1035 2104
5861 6870
633 3661
5445 6515
566 3585
312 3343
374 3406
5023 8102
5457 6507
1363 2409
5166 6165
5776 6827
1703 2716
5120 6204
4221 7232
4955 8038
5244 6209
954 3972
5350 6361
234 3243
5791 6877
1021 4031
4819 7824
4115 7255
906 4047
4819 7828
1054 2134
4761 7889
1036 2117
1915 2866
1171 2266
5662 6740
6141 7095
4295 7309
246 3261
1855 2931
4939 7942
5346 6316
5695 6766
4207 7229
389 3539
5378 6484
1130 2098
6033 7112
5512 6610
5070 8082
4957 7997
5020 8190
1401 2330
4803 7847
83 3130
5755 6672
772 3944
1569 2637
4631 7800
944 4035
147 3296
1714 2759
229 3219
1279 2185
558 3673
5193 6193
921 4065
779 3954
1471 2498
1737 2740
5302 6344
1268 2186
339 3372
5703 6712
680 3799
967 3909
4137 7339
6041 6938
4570 7518
1701 2593
590 3786
4249 7196
1717 2611
1472 2374
1091 2244
6039 6942
1531 2421
1976 2871
5950 7089
677 3637
1251 2162
5499 6633
5373 6248
1791 2665
1392 2536
4294 7262
4298 7251
5858 6776
660 3599
464 3404
1540 2713
183 3112
4694 7927
503 3413
4239 7213
44 3214
5417 6538
639 3804
5691 6814
1410 2343
4663 7826
398 3368
1213 2074
5742 6854
188 3093
614 3789
1042 2238
4328 7237
5600 6478
39 3209
1275 2123
801 3984
1726 2572
5471 6636
1893 3030
4579 7504
934 3858
941 3864
6096 7014
5291 6173
1908 3010
5686 6799
5433 6531
4991 8133
210 3176
1343 2437
4851 7753
5957 7166
4921 8069
5789 6689
5010 7981
4132 7397
5895 7107
790 4050
5030 8034
4700 7835
5342 6169
1030 2241
4603 7475
5924 7149
1958 2925
5806 6783
5248 6227
5914 7118
333 3480
4275 7275
1056 2296
1053 2247
869 4030
5841 6669
1362 2447
5557 6485
103 3206
1295 2540
474 3390
5845 6706
1689 2686
5677 6858
468 3389
4707 7817
5419 6593
1052 2288
5149 6387
576 3758
139 3194
5787 6761
1389 2462
700 3663
5958 7090
4535 7490
4679 7857
1193 2142
4847 7703
1981 2884
46 3284
4238 7284
1874 2985
4339 7182
4266 7252
4913 8143
5672 6952
642 3971
61 3388
4351 7677
4312 7643
1086 2361
1300 2076
764 4087
5296 6589
5320 6598
6034 6786
415 3215
4915 7713
5131 6431
71 3410
1179 2445
5684 6947
5298 6571
1413 2201
1494 2250
4989 7779
4342 7657
1246 2556
228 3527
4670 7962
1448 2189
4462 7239
585 3939
5259 6560
5740 6979
4698 8053
4705 8017
966 3831
1946 2728
612 3927
486 3282
5963 6782
927 3754
978 3812
204 3578
4259 7572
485 3282
1023 3782
218 3555
280 3107
1757 3041
4984 7748
5778 7084
5436 6146
1626 2917
4479 7231
1842 2673
460 3215
4733 7998
323 3078
6113 6820
455 3202
4476 7226
220 3482
800 3686
4173 7434
47 3431
756 4024
4136 7524
5633 6995
4262 7668
6111 6796
1489 2181
4866 7766
5380 6225
254 3499
1479 2194
5891 6740
4390 7294
4144 7528
463 3223
5452 6165
565 3945
335 3091
903 3802
5329 6540
682 4043
5475 6144
5164 6472
930 3786
1634 2826
251 3474
5347 6538
5288 6593
5207 6459
4131 7503
6049 6861
672 4045
5333 6564
1152 2546
5404 6255
5749 6918
4154 7497
1452 2264
4427 7230
4730 7949
5489 6150
107 3344
533 3950
1462 2253
5566 6338
5512 6389
1025 2430
644 3845
5385 6287
4467 7412
5880 7039
4965 7917
4444 7381
1530 2163
5011 7705
5783 6940
1831 2732
1178 2326
5504 6157
1393 2272
6054 6708
262 3220
4552 7259
5605 6257
4436 7363
561 4009
1692 2821
4699 8130
5835 6993
5474 6393
1829 2744
4484 7193
4892 7810
4899 7868
586 4074
1911 2774
805 3716
549 3975
502 3155
1631 3062
5877 7004
5036 7686
1582 2947
1457 2078
4116 7590
1278 2380
5257 6458
1960 2589
59 3469
699 3842
153 3360
5039 7700
4577 7261
5551 6163
5122 6588
4978 7884
6052 6756
4888 7897
5696 7042
440 3196
5668 7137
236 3369
689 3959
5032 7790
4937 7808
958 3700
5828 6926
1864 2692
5774 6976
1679 2881
4990 7857
5321 6424
715 3866
5476 6326
5116 7727
5228 6585
5550 6265
1345 2198
109 3514
4598 7201
4241 7497
1321 2288
969 3605
5173 6634
4848 7953
564 4055
4594 7194
4320 7433
1011 3609
4551 7212
5311 6484
5177 6613
6007 6811
4526 7235
1388 2178
899 3699
560 4034
367 3228
4106 7676
52 3522
5898 6908
1566 3049
321 3257
4275 7499
5655 7148
678 3238
5544 7080
4198 7778
38 3619
1303 2833
5872 6391
271 3848
877 3429
4999 7564
1010 3582
295 3882
317 3888
1774 2272
5985 6511
4352 7950
4327 7912
5217 6769
4204 7805
1225 2779
5697 6229
5075 7622
562 3111
875 3453
4253 7812
5397 6924
1916 2406
889 3427
5892 6430
768 3359
805 3386
1395 2897
4288 7908
5462 7026
1461 2960
5129 6703
317 3861
4919 7454
707 3306
5585 7160
4837 7375
5444 7023
5269 6841
5184 6764
4171 7783
5306 6804
11 3621
5687 6169
4749 7330
661 3237
6133 6597
5329 6880
1083 2569
1218 2800
53 3591
637 3150
6082 6646
4998 7602
1746 2279
5918 6443
1709 2202
5198 6773
4835 7384
852 3433
226 3807
4904 7446
5773 6350
87 3603
848 3349
1168 2773
5112 7615
1830 2415
1349 2830
4516 8175
643 3279
1245 2700
1956 2550
5526 7108
5202 6657
134 3792
4679 7185
1723 2284
5801 6398
5492 6947
4402 8043
1429 3020
5185 6680
772 3423
5859 6328
5416 7027
4811 7319
1104 2572
4841 7351
620 3085
720 3252
1904 2324
4759 7410
4608 7269
4927 7512
143 3816
26 3698
1317 2895
4976 7453
5712 6207
1048 2679
819 3420
1510 2966
5022 7663
4200 7707
4744 7419
4223 7691
651 3314
308 3918
1541 2169
1408 3068
1189 2776
1368 2854
5515 7157
168 3798
4833 7326
20 3732
1092 2757
1102 2764
4174 7885
4353 8069
1711 2091
4922 7615
5604 7009
1716 2098
4202 7906
437 3900
6008 6642
1269 2686
2009 2389
523 3207
5012 7450
798 3471
45 3772
5007 7452
1624 2252
754 3174
1163 2589
4702 7369
4942 7638
4793 7200
847 3541
708 3167
576 3291
6098 6473
5606 7035
4972 7665
4451 8190
1822 2432
6127 6512
800 3519
4114 7858
5252 6693
755 3154
4176 7922
393 3883
1907 2512
409 3901
4832 7236
260 4001
6034 6456
189 3607
5726 6388
5429 7070
4376 8116
1486 2915
5072 7520
6016 6449
307 3968
4622 7354
1702 2066
4897 7573
1218 2679
4175 7927
1946 2339
1417 2867
5441 7163
1814 2477
998 3421
1222 2682
5483 7126
816 3471
4371 8147
5115 7482
5440 7043
4640 7396
1878 2451
6007 6578
5316 6659
830 3574
5757 6324
4895 7637
5353 6692
1593 2295
557 3299
622 3233
4897 7665
297 4088
1535 2859
5597 6921
1821 2504
5186 6805
701 3178
4182 7820
582 3226
5263 6739
4823 7177
357 4027
5522 6989
713 3113
5855 6206
5559 6997
5024 7491
1460 2903
1498 2879
4572 7994
4710 7311
4170 7840
581 3246
4801 7214
1487 2879
1071 2783
600 3240
1572 2260
641 3186
5612 6936
4325 7696
4511 8041
4650 7388
985 3374
4732 7307
822 3532
1849 2498
1233 2604
4280 8121
717 3529
993 3300
4623 7433
5291 7074
1109 2911
5864 6628
1804 2049
621 3427
1465 2743
4629 7450
5130 6917
1693 2441
5570 6868
5170 6954
1554 2315
193 4061
413 3712
2017 2303
5052 7330
1572 2309
4485 7844
2013 2303
4606 7898
528 3380
900 3232
5776 6582
200 4078
5889 6182
6119 6350
5804 6533
4142 7943
1823 2100
119 3932
5238 7002
676 3464
1330 2562
4644 7445
1652 2375
1516 2783
574 3336
6017 6327
161 3990
953 3214
1624 2400
380 3653
5793 6554
1046 2858
4629 7467
1971 2189
931 3298
6083 6274
1062 2919
318 3707
4610 7493
4225 8137
881 3129
5813 6652
1797 2124
4277 8191
1223 2955
4330 8103
1901 2083
1502 2702
6079 6381
41 3965
5388 6745
4981 7203
484 3762
5874 6565
1579 2418
4718 7479
4632 7489
5162 7030
4421 7704
532 3403
5930 6261
758 3477
6110 6330
1816 2173
2002 2231
5536 6855
1186 3013
1467 2771
366 3591
1877 2105
4490 7909
1184 3024
444 3789
4400 7747
206 4026
1571 2394
5323 7092
5138 7058
1640 2538
5941 6321
1740 2376
79 4041
703 3384
1751 2399
5789 6420
326 3791
603 3537
4167 8139
482 3695
4977 7420
4375 7833
5427 6819
4881 7297
1044 2948
5966 6367
685 3391
4554 7768
4999 7188
98 4086
932 3121
5901 6296
5047 7212
5794 6460
4717 7667
5126 7078
4973 7373
4209 8149
265 3756
5670 6529
6020 6188
4639 7605
5804 6406
852 3323
817 3201
5382 6837
427 3608
4778 7449
4960 7380
5276 6953
4527 7705
1785 2369
5621 6732
5469 6886
956 3072
1772 2385
1124 3035
5410 6882
1807 2252
5765 6464
5319 6914
6004 6322
5480 6816
1543 2510
1334 2815
5885 6455
488 3619
4338 7993
4706 7599
383 3762
1392 2750
1619 2461
4928 7310
443 3689
5628 6702
4240 8003
4398 7933
5205 7041
1003 3134
1338 2797
5215 7048
5988 6333
4528 7785
4214 8109
1984 2078
704 3359
1433 2630
5079 7176
1542 2530
4195 8068
5830 6447
5053 7255
6132 6175
431 3650
1812 2279
645 3446
4556 7743
4255 8044
6080 6196
964 3120
2033 2052
5278 7014
5446 6846
6030 6260
233 3859
5933 6358
5305 6978
4690 7598
1213 2881
1369 2725
5414 6875
6049 6236
1009 3087
4875 7413
1623 5715
75 4174
1248 5355
3451 7543
1278 5363
2536 6648
3218 7298
3516 7596
2868 6949
708 4822
1739 5849
1913 5994
1377 5498
2431 6499
2953 7063
2128 6222
1428 5556
1242 5369
1199 5260
2647 6772
3115 7183
669 4793
748 4809
201 4332
235 4301
3404 7531
2911 7029
1277 5334
1676 5799
3217 7356
186 4247
1685 5816
3814 7883
1020 5074
3895 7961
2173 6226
1868 6014
4077 8159
3915 8056
3636 7680
1101 5243
2339 6421
3201 7350
2232 6272
1832 5904
3378 7432
2984 7059
1223 5372
3454 7490
1927 6075
1105 5229
2874 6919
1387 5461
1100 5234
1973 6026
2623 6656
2769 6801
1167 5327
4000 8161
874 4907
4070 8100
101 4134
3205 7366
890 4926
64 4104
1170 5339
965 5007
2224 6396
1947 6101
3917 7965
2645 6658
3966 7975
3706 7715
2071 6221
261 4447
2900 6926
2932 6952
1419 5589
1664 5855
3587 7772
1813 6006
2224 6357
2254 6310
746 4736
3633 7775
2085 6231
1786 5772
3276 7344
180 4296
2537 6551
522 4747
2494 6461
1090 5318
13 4232
3819 7789
197 4163
695 4656
683 4642
2587 6807
680 4644
1848 6070
1126 5366
1235 5187
2350 6591
3052 7037
928 4913
1838 6076
787 4992
2986 6974
3511 7459
3239 7219
2005 5952
1072 5287
3217 7180
3976 7957
1407 5601
465 4430
3354 7557
2218 6153
2940 7128
1690 5695
2715 6717
1891 6084
282 4528
2535 6473
2162 6365
886 5081
2019 5964
3642 7817
3646 7816
2511 6519
1667 5690
2577 6829
1001 4951
3985 7982
2410 6568
886 5045
1945 5982
997 4909
2710 6750
392 4417
3870 8151
734 4628
589 4736
1989 5899
1844 6138
3464 7494
3161 7308
2306 6618
686 4727
4004 8061
3200 7259
3070 6944
3329 7647
3808 7743
2578 6898
479 4414
1749 5687
2935 7060
1111 5298
2371 6570
2539 6401
2730 6721
3177 7300
3190 7323
7 4329
1710 5697
2535 6408
1923 6003
2463 6511
2485 6470
841 5050
2565 6902
309 4544
1312 5593
710 4668
3483 7521
3130 7361
3515 7488
1060 5336
2608 6860
3535 7474
2526 6432
3096 7398
3676 7842
1059 5340
108 4243
1678 6030
3039 6878
2762 7113
3446 7285
1083 5439
1691 6047
2920 6766
2381 6219
234 4582
3381 7227
18 4381
3958 7801
4046 7902
519 4887
3590 7956
362 4217
3551 7372
1521 5351
2243 6619
983 4815
213 4559
593 4939
2886 6748
92 4422
353 4221
2734 7088
2425 6246
551 4871
1995 5866
1489 5362
3209 7597
3159 7537
1137 5463
2954 6819
983 4860
273 4157
933 4745
2397 6258
635 4937
272 4133
2585 6959
3105 7447
1089 5495
3151 7541
299 4112
747 5078
3681 8031
3152 7535
612 4900
3448 7224
1658 5946
3835 8123
3693 7981
1973 5876
970 4747
1454 5356
1270 5554
1239 5521
3733 8156
210 4504
3188 7460
3053 6847
691 5089
2840 6732
1651 5925
3265 7575
3963 7725
1047 5454
3955 7721
1970 5868
3433 7223
3071 6817
3367 7236
2323 6267
816 4697
1215 5590
3439 7171
802 4686
797 4721
1733 6057
3240 7621
1345 5169
2191 6655
49 4416
3534 7356
1978 5836
3014 6832
2452 6370
3011 6843
3871 7780
2464 6364
2991 6867
604 4898
2782 7073
2677 6922
1201 5582
73 4553
2969 6681
1388 5357
2449 6160
2738 6960
3782 8004
3 4481
2269 6494
245 4470
2275 6502
1987 5702
1275 5490
2110 6580
2095 6564
1169 5404
240 4477
2842 6805
1297 5278
2567 7048
1770 6010
665 4873
629 5093
2160 6625
3180 7677
3277 7516
1061 5553
901 4624
4072 7805
1887 5828
2659 7167
2035 5743
1845 5800
2763 7019
834 4834
2337 6272
3320 7513
3541 7287
3887 7821
1827 5767
2871 6802
3382 7326
162 4360
206 4450
907 4647
401 4156
2719 6961
2297 6487
841 4856
4026 7688
2720 6930
3249 7429
3704 8140
2036 5698
3330 7348
1397 5324
102 4568
169 4457
558 5102
17 4560
2749 7036
777 4808
3649 8067
3503 7275
3176 7596
988 4632
55 4592
2777 6942
1792 5832
2210 6506
1479 5135
1540 6093
829 4854
2127 6530
3358 7379
1014 4646
862 4751
1632 6065
1375 5261
2264 6414
2909 6794
3185 7593
239 4405
2409 6324
2398 6273
2313 6377
2893 6829
953 4696
3958 7829
1082 5598
76 4520
2982 6722
3565 7179
2666 7053
3109 7625
1752 5940
2428 6284
655 4991
2736 6977
202 4408
1098 5561
4078 7706
4015 7771
2388 6305
2927 6809
3863 7904
1393 5257
1451 5203
3512 7233
3960 7809
2172 6534
2741 6990
775 4860
1732 5946
2671 7056
835 4419
155 4762
601 4184
2045 5631
3921 7507
1031 5637
185 4795
3795 7382
1449 6063
1035 5644
1966 5542
3315 7929
2208 6826
2366 6964
3467 8064
2355 6975
3164 7761
2519 7129
27 4616
2075 6671
957 4523
3715 7327
2155 6774
3425 8060
3284 7925
828 4382
2047 5596
1386 5967
1905 5460
3112 7695
3989 7612
2659 6223
2183 6826
2545 7135
3860 7483
3293 7916
2481 7040
1381 5975
68 4726
818 4353
895 4424
3631 7192
3654 7295
17 4651
3239 7836
3175 7771
1107 5742
1569 5148
3812 7333
1098 5643
2600 6251
3981 7630
3021 6537
2143 6683
2819 6469
1944 5584
1238 5790
3899 7538
666 4307
3338 8000
1567 5205
351 4884
3365 8046
1999 5505
1913 5431
4037 7563
2212 6891
2067 6723
2832 6465
984 4491
2493 7150
2840 6479
2800 6314
3737 7363
3369 8053
1731 5279
1712 5357
2458 7108
1309 6009
2983 6594
3361 8006
3220 7932
3409 7992
4070 7565
1950 5618
1114 5686
1416 6117
2751 6354
3411 7971
3046 6547
2371 6971
2710 6382
1249 5784
908 4597
1937 5611
872 4370
2328 7011
2973 6630
429 5078
2849 6492
497 5006
2344 7080
2806 6260
2370 7104
2221 6702
3163 7903
1548 5256
1117 5848
216 4702
377 5119
2803 6261
1252 5731
2977 6441
3682 7403
2082 6825
1192 5671
1896 5626
2287 6781
2716 6158
382 5101
3172 7920
3708 7400
3933 7624
3438 8185
4029 7460
2733 6198
3169 7930
3281 7759
1951 5439
3236 7685
2426 7128
2959 6444
3416 8188
2948 6434
571 4252
3496 7936
2571 6307
3743 7222
1706 5120
2471 6923
1575 5258
530 4285
1597 5266
3379 8092
356 5076
3169 7889
568 4233
1088 5873
230 4688
781 4533
3395 8186
1570 5275
2695 6205
2111 6788
467 4975
956 4352
770 4543
73 4854
3715 7233
3506 8049
2723 6245
135 4673
65 4743
3995 7507
724 4126
2656 6314
991 4373
2605 6374
263 5068
3593 7367
2725 6250
1181 5709
810 4602
1039 5852
3115 7934
3891 7654
3873 7671
2176 6743
1349 6044
2900 6543
2202 6724
159 4672
2398 7102
1009 4368
987 4410
1288 6123
2314 7145
15 4841
3957 7570
2046 5399
3383 8158
2851 6607
1857 5549
1561 5365
3679 7347
2158 6784
3727 7264
3770 7253
1958 5449
208 4671
25 4840
2080 6865
3143 7861
2594 6352
853 4518
2581 6369
1571 5335
3384 8142
19 4842
3776 7225
4043 7472
1051 5856
1632 5275
987 4384
2263 6699
692 4170
3165 8029
3147 8011
268 4620
3581 7933
54 4918
2809 6649
2984 6315
2164 7031
1412 5768
936 4281
3172 8054
3601 7426
2280 7163
1940 5255
2959 6300
3070 6378
1365 5709
3375 7735
2358 6703
4065 7419
3784 7634
3260 8096
3055 6387
51 4911
996 4344
3148 8017
3197 8032
1762 5629
1840 5136
2433 6817
58 4891
3730 7601
1323 5640
1436 5823
2672 6483
3184 8019
1851 5150
3090 7992
4014 7301
3441 7770
1777 5599
449 4846
3901 7181
1376 5712
3773 7564
2880 6258
2609 6403
1477 5875
3077 7996
613 4444
3405 7799
3597 7474
3849 7241
3287 8083
3877 7264
3722 7631
567 4466
812 4202
676 4589
1394 5689
3964 7216
2593 6508
2286 7072
2046 5296
1336 5740
2413 6714
3941 7231
1781 5551
26 4929
3979 7383
2015 5250
1558 5451
376 4645
3141 7963
3258 8165
1196 6131
955 4315
2834 6256
3276 8104
822 4178
294 4675
896 4326
3760 7639
933 4303
2240 7082
3122 8025
2586 6518
3334 7786
3729 7649
2898 6178
954 4302
668 4584
451 4790
3323 8077
3187 7941
1838 5209
446 4807
3516 7877
2708 6639
1683 5615
3355 7835
1232 5969
632 4607
3431 7918
3067 6257
292 4783
117 5114
2636 6622
2588 6543
4075 7288
2387 6855
2311 6803
3613 7561
2730 6462
626 4583
1507 5748
2360 6831
3719 7455
3758 7477
368 4844
2520 6725
419 4669
2939 6373
2007 5192
903 4120
1456 5648
2869 6292
892 4319
2956 6184
1154 5927
2379 6892
1364 5884
1019 4179
1950 5170
3098 8116
167 4873
1564 5555
190 4881
1414 5673
1379 5842
3290 8043
2102 7047
1803 5309
2294 6990
1212 5893
3117 8086
4042 7287
3124 8074
1212 6012
3136 8065
2543 6701
537 4571
2976 6243
3842 7370
91 5011
1977 5233
1358 5767
2904 6291
1085 6129
920 4181
2880 6285
2196 7003
1955 5234
2885 6295
3499 7801
156 4943
2624 6549
2370 6804
3410 7813
4010 7280
493 4662
885 4270
1664 5472
4032 7202
992 4098
980 4150
1190 5957
1470 5719
3069 6167
3856 7420
1209 5972
3207 8042
1467 5718
2239 6992
2454 6777
742 4374
654 4477
1960 5212
2488 6734
1889 5270
3058 6155
331 5450
1578 4651
583 5698
59 5171
2321 7449
2433 7560
2151 7274
3252 6330
2756 7893
266 5403
545 5683
3915 7001
1266 4320
2863 7995
1657 4717
1626 4684
3731 6789
1365 4418
154 5261
1220 4316
2452 7565
3230 6277
513 5658
1162 4246
445 5536
3042 8191
932 6074
2150 7288
3634 6701
1328 4399
2435 7587
2378 7531
2423 7510
1307 4409
1876 4977
2170 7261
2028 5067
644 5795
525 5665
1788 4818
3039 8176
2222 7324
1423 4541
670 5805
3274 6398
876 5976
172 5273
2828 7991
2813 7872
3709 6716
1504 4516
813 5995
370 5434
1230 4231
1938 5083
1502 4501
3098 6230
2380 7424
2148 7209
1078 4219
1612 4611
1287 4438
286 5452
31 5197
1670 4821
506 5545
1730 4753
2077 7240
1877 4867
328 5406
1508 4530
2635 7708
1428 4557
2683 7712
2051 7263
2667 7735
2562 7772
1211 4325
693 5844
980 6069
2037 5009
1657 4637
2860 8009
1254 4224
1238 4273
1206 4318
712 5792
2140 7220
1521 4505
2388 7486
1019 6032
3819 6791
934 6090
1281 4461
237 5249
1705 4805
1858 4911
799 6001
1817 4983
3109 6218
3836 6796
1263 4254
2600 7769
3520 6577
1374 4393
2404 7443
648 5873
2935 7947
1385 4373
2951 8187
369 5391
1234 4269
1724 4668
2170 7416
176 5171
1862 5058
3678 6874
2292 7294
3552 6506
2918 8173
2566 7819
2958 7936
656 5662
1426 4381
3192 6391
2026 4984
1523 4448
3495 6452
384 5395
3740 6664
279 5506
3765 6688
3690 6908
3336 6559
2207 7174
2629 7900
2460 7424
2998 7979
3999 6912
2852 8123
112 5328
1755 4731
1412 4388
2145 7360
1562 4792
802 6017
155 5183
3118 6282
877 6088
1620 4850
1127 4288
1310 4534
3625 6785
1894 5071
894 6100
2335 7603
681 5636
2715 7734
2714 7722
1710 4638
878 6111
1641 4827
734 5741
2813 7755
694 5632
2514 7525
2191 7224
483 5460
868 6108
3502 6423
3241 6162
1459 4367
1328 4594
1271 4148
1434 4441
776 6093
3085 6347
195 5124
2327 7646
258 5579
3639 6909
183 5242
3461 6472
104 5287
2102 7417
1908 5051
3856 7135
791 6087
3364 6647
152 5195
628 5793
3850 7133
1968 4967
2276 7228
3260 6245
2016 4921
1796 5086
2245 7198
1110 4234
1316 4602
3235 6211
2043 4891
2735 7758
1386 4488
2761 7722
2383 7595
3847 7137
858 6066
3929 7089
3993 7025
971 5923
1220 4141
2575 7910
1801 5091
1082 4305
2996 8031
675 5711
534 5883
1418 4452
1228 4130
854 6072
3126 6343
2322 7651
1352 4542
3918 7096
1581 4827
1123 4251
3153 6313
1750 4655
434 5448
538 5857
3447 6539
1723 4678
843 6069
3828 7156
1129 4457
2179 7554
2041 4856
5 5382
3054 7914
1933 4740
1288 4099
1934 4738
1327 4128
3409 6238
1676 4995
1132 4478
2167 7523
1325 4155
1032 4382
2072 7427
1576 4916
250 5607
871 5753
3536 6384
3460 6304
150 5563
1989 4852
3571 6338
1331 4097
2683 8008
1728 5111
3873 6682
2329 7204
2912 7774
3264 6654
1982 4737
2690 8130
1375 4126
2033 4787
251 5567
222 5530
2627 7943
2349 7272
2404 7201
2743 8177
1602 4868
1768 5027
1256 4517
3383 6264
904 5849
270 5212
914 5825
1925 4816
2362 7279
3270 6544
1687 5056
1270 4513
2394 7170
1382 4152
1210 4581
8 5481
596 5942
518 5989
3908 6695
1373 4158
4068 6787
1717 5085
186 5584
3513 6355
1195 4544
2157 7425
3800 7093
1788 5010
679 6103
2997 7877
1446 4311
214 5543
2346 7256
462 5308
1115 4397
2832 7782
2601 8030
3916 6715
1192 4561
3459 6393
1118 4389
2872 7865
1484 4169
761 6015
919 5649
3311 6505
1818 4765
2614 8126
2138 7635
2296 7538
2994 7737
485 5230
554 6054
2638 8129
925 5644
2453 7175
3655 7125
84 5568
427 5181
1837 4795
2841 7812
1052 4481
813 5811
823 5800
451 5219
1854 4764
2908 7935
3734 6965
1370 4345
140 5423
2248 7532
2745 7965
1111 4595
3181 6600
1738 4962
2294 7519
1603 5097
1815 4796
3626 7046
2928 7901
1257 4423
1015 5721
3484 6194
168 5400
774 5815
3910 6903
2351 7325
3935 6890
994 5719
3373 6293
410 5153
1922 4665
3402 6385
2130 7662
408 5156
3262 6402
3116 6544
329 5364
1285 4280
2549 7242
1326 4241
3723 6987
1411 4160
1108 4503
2531 7205
3235 6501
2688 8007
2674 8117
1292 4292
3880 6882
885 5819
2419 7357
3126 6630
579 6035
553 6137
2268 7436
2537 7227
2320 7362
2374 7316
1360 4227
1145 4525
1366 4227
3322 6435
1601 5016
3346 6351
1616 5041
594 6067
2694 8036
1366 4277
3251 6486
1136 4504
918 5756
4039 6698
1260 4354
2132 7591
3672 7087
1363 4260
3397 6332
1970 4685
1852 4803
2523 8155
1169 4752
2603 7210
1679 4237
2213 7847
3670 6229
360 5997
2633 7246
3805 6356
3056 7673
3225 6803
581 5198
1840 4411
3092 6687
2913 7530
3961 6517
1560 4116
3867 6422
1954 4527
944 5565
258 5903
866 5490
882 5474
2835 7426
291 5938
3816 6394
417 6066
2522 8140
2085 7730
3270 6879
965 5599
2440 8086
85 5707
3631 6159
2661 7237
3778 6371
1200 4753
614 5188
139 5807
2666 7247
3568 7127
2490 8083
2198 7869
2144 7756
1537 4143
638 5200
3593 6183
500 6107
1655 4166
976 5601
3920 6498
3641 6156
3891 6405
229 5853
2354 7944
1698 4254
3156 6762
3763 6284
654 5297
2789 7333
2744 7417
1887 4379
294 5987
579 5125
964 5507
915 5595
2449 8153
3340 6981
1872 4377
2994 7676
3603 6237
2278 7848
1714 4349
4002 6642
3149 6684
2529 8112
2639 7197
2971 7624
1170 4806
2107 7778
4067 6584
3667 6159
1899 4406
2602 7242
2058 7784
923 5625
3692 6154
3785 6305
486 6031
1314 4936
929 5579
3750 6349
385 6122
847 5410
3303 6792
1720 4311
3187 6659
3874 6481
1526 4997
1425 5090
478 6058
2384 7972
1536 4213
2663 7185
2287 7832
2467 8152
2293 7822
3088 6765
2687 7169
3852 6514
2039 4469
2815 7291
3794 6232
3637 6334
3046 7533
345 6089
3721 6168
2337 8115
3014 7508
659 5121
3662 6360
686 5176
972 5466
1688 4111
2796 7286
893 5597
2753 7267
1967 4363
3180 6856
1158 4654
456 5984
3666 6395
1720 4114
923 5425
3934 6645
286 6064
2829 7586
3502 6913
919 5415
3475 6946
1142 4804
412 5934
2667 7385
1251 4688
159 5676
2097 7810
1999 4474
1106 4839
3263 6664
2066 7845
167 5663
3592 6321
1760 4185
569 5251
3064 7495
1993 4362
1514 4905
1438 4952
2575 7367
3168 6825
4019 6522
2373 8079
2943 7605
2604 7399
88 5779
521 5316
461 5888
2996 7547
3104 6896
4060 6413
1297 5059
3462 6996
3686 6325
3713 6226
1002 5438
2211 7798
962 5399
2218 7795
2119 7837
3941 6586
3414 7049
1725 4189
3415 7094
757 5143
3027 7472
2258 7729
2512 7988
2340 8128
3734 6259
3416 7101
1790 4121
405 6002
2929 7577
2958 7527
851 5562
1821 4596
2231 7773
1740 4135
1156 4712
2119 7851
2134 7864
327 6057
375 6040
1562 4330
523 5371
3283 6690
2891 7609
2848 7636
2300 7689
1589 4291
1441 4953
703 5190
3742 6244
2013 4385
3346 7151
2480 8014
3636 6346
548 5412
384 5760
3990 6295
2946 7302
3752 6573
2672 7541
2681 7551
3846 6145
1581 4394
2772 7645
1493 4831
669 5526
2598 7466
1759 4562
152 6038
2340 7723
2708 7556
1308 4620
502 5862
834 5203
270 5660
4054 6340
2552 7917
385 5780
763 5612
1405 4708
3106 6971
1250 5112
1137 4971
889 5220
1493 4811
1364 4683
1686 4489
1835 4106
2255 8172
1592 4379
1040 4916
126 5978
1822 4154
1598 4376
2332 7738
1859 4197
3640 6430
2396 7802
14 5926
1528 4817
1780 4574
1967 4226
353 5708
1485 4832
1065 4889
1830 4118
2504 7930
2260 8161
477 5862
3202 7102
3930 6247
1162 5044
1849 4102
770 5186
2180 8132
789 5206
38 5986
1311 4699
2416 7732
1084 4987
445 5882
3595 6467
2980 7406
3437 6691
2941 7218
2157 7970
2844 7245
1033 4954
1455 4857
1668 4572
509 5797
2372 7709
2527 7813
417 5883
2022 4285
2457 7874
3488 6907
3791 6548
2235 8164
134 6118
3904 6176
2865 7250
2010 4286
511 5786
1066 4940
3279 7081
2812 7573
921 5363
478 5812
3813 6542
1432 4851
3004 7376
633 5396
2248 8102
3204 7146
2250 8101
227 6033
1402 4622
3957 6145
2709 7648
413 5864
2542 7832
347 5677
849 5161
575 5447
2918 7196
1618 4392
497 5770
2811 7552
3076 7033
3550 6816
902 5369
2560 7554
1157 4871
1787 4472
2077 8088
2798 7526
2819 7307
2857 7328
2174 8183
2310 7821
3025 7258
717 5469
2413 7935
3054 7293
3004 7208
1165 4888
920 5133
2308 7837
1332 4781
1782 4460
2405 7934
1079 5036
2926 7411
1719 4392
2940 7395
3732 6452
1781 4439
3301 6982
179 5911
1538 4518
1866 4335
2014 4216
3946 6348
911 5160
1618 4600
1503 4724
3159 7164
832 5361
3374 6807
3556 6749
3837 6468
4053 6255
2511 7797
3534 6773
1116 5095
3193 7106
1146 5062
3211 6967
543 5538
2882 7423
3666 6637
313 5766
3306 6954
1121 5024
3749 6503
2188 8009
2724 7522
1671 4416
2563 7620
2470 7790
901 5193
792 5333
3801 6422
1132 5027
1585 4577
2796 7484
300 5884
2333 7884
683 5497
3332 6870
1211 4968
1005 5177
1017 5167
1588 4590
1694 4420
907 5201
2782 7428
2487 7788
3455 6820
2259 7951
2199 8010
3797 6410
3547 6712
363 5763
867 5259
3269 6957
2807 7451
439 5721
2890 7332
2012 4141
2289 7939
3629 6623
1216 4915
1537 4597
1417 4732
3076 7153
2257 7977
981 5165
1666 4473
2579 7656
2390 7850
406 5739
190 5955
1553 4591
492 5651
3944 5992
3297 5345
2648 4696
1776 7921
977 7120
395 6537
3081 5132
875 7021
1153 7305
3546 5587
2705 4763
316 6455
14 6149
3319 5372
128 6286
1622 7768
1713 7871
2268 4307
2081 4145
2641 4672
1842 7968
3839 5868
2986 5049
392 6557
269 6427
4051 6085
1583 7736
2197 4236
1938 8075
96 6265
2075 4098
3450 5473
1873 8013
1296 7436
3855 5905
3463 5529
3743 5761
861 6978
2830 4908
3326 5341
1966 8074
2235 4255
731 6910
2532 4545
4059 6142
3757 5768
3341 5419
51 6164
4062 6134
3987 6078
2159 4161
1682 7869
114 6211
1217 7408
650 6840
3914 6008
3998 6056
3885 5915
2622 4614
1953 8089
171 6290
1559 7726
2065 4139
2063 4148
2165 4169
3367 5403
3641 5636
3103 5153
2017 8097
83 6161
2937 4925
3075 5190
3203 5317
1409 7622
950 7153
1764 7843
2887 4876
2399 4371
3432 5413
1519 7585
1096 7175
3627 5752
3548 5513
248 6317
2551 4513
3971 6107
1067 7281
3931 5895
3622 5754
1376 7485
939 7156
2097 4206
2963 5106
3906 5920
67 6176
4085 6038
1161 7405
3823 5770
532 6771
3579 5522
3618 5710
1027 7278
1615 7713
3857 6014
4033 6062
615 6679
4040 6074
1200 7362
2863 4956
1541 7793
1927 8178
4055 6050
820 6977
637 6667
2256 4263
3356 5477
3855 6005
3111 5213
2149 4326
3398 5573
2895 5066
3515 5437
2367 4535
2122 4290
1499 7506
181 6180
3045 4980
784 7042
274 6528
3247 5181
3350 5508
839 7123
1347 7637
2076 4234
728 6735
3099 5250
736 6778
220 6210
1690 7684
2014 8001
3441 5614
1315 7555
2314 4523
2293 4183
2223 4108
1034 7337
2226 4118
2050 4262
2857 5005
2438 4386
636 6868
259 6579
2393 4585
211 6241
2018 8021
1411 7486
2262 4203
2242 4220
3727 5681
3910 6136
3271 5240
2838 5033
765 6717
3210 5195
410 6488
259 6592
3426 5537
1443 7520
352 6563
94 6298
252 6201
3419 5533
2644 4755
2619 4855
627 6847
749 6691
3504 5503
2756 4619
1359 7552
1029 7383
2831 5084
3437 5566
1831 8180
3043 4919
3577 5420
374 6561
2167 4270
1641 7856
3350 5580
3535 5395
275 6605
3124 5354
3770 5733
820 7124
2731 4682
3376 5585
904 7019
163 6213
767 6681
1985 7974
2814 4633
3250 5211
3846 6124
1857 8111
118 6278
82 6304
1399 7556
2596 4823
750 6685
3869 6126
1369 7594
1283 7672
3405 5558
80 6316
2559 4355
2854 5080
1151 7297
1178 7269
3862 5654
1992 7882
3229 5535
122 6521
2822 4613
1605 8001
2434 4228
3643 5938
3489 5290
2363 4151
3473 5276
1813 7707
362 6266
3392 5200
1689 8072
4081 5856
1539 7954
1073 7458
2650 4942
1758 8138
3916 5720
1511 7409
2034 7908
2913 4728
3477 5262
865 6782
479 6336
2949 4773
2892 4716
2177 4519
3678 6009
571 6930
4036 5870
2620 4886
2392 4211
97 6477
2933 4698
1140 7493
3525 5367
1594 7945
3967 5706
730 7151
1390 7257
3790 6135
2446 4279
383 6212
354 6233
518 6973
3970 5817
3268 5624
506 6342
2909 4707
667 7077
199 6649
2486 4233
1789 8125
1855 7806
2204 4568
3389 5242
1613 7946
425 6369
2732 5094
3210 5574
450 6287
1909 7739
998 6824
1784 8118
3223 5592
2175 4400
3874 5746
1092 7444
2579 4935
3562 5310
3690 5950
2220 4601
2112 4374
3495 5360
2707 5060
1839 7798
2507 4242
1656 7971
43 6519
1154 7647
2518 4235
3226 5572
2204 4604
1805 7788
2979 4802
63 6493
1219 7584
1719 8148
667 7160
3844 5728
917 6896
298 6210
1761 8073
1987 7850
2378 4128
70 6442
2829 4704
618 6916
3778 6061
2055 4471
2469 4309
2568 4985
3612 5997
3721 6139
143 6652
1286 7283
2206 4587
2995 4805
2627 4917
1523 7305
3667 5929
3183 5393
2209 4574
1184 7457
1736 8010
2328 4251
2929 4850
461 6217
1596 8121
3575 5233
380 6395
2418 4346
1552 8090
2390 4316
940 6688
771 6797
189 6450
2137 4553
390 6164
1906 7910
3068 4713
39 6577
2836 4750
1310 7301
1741 8018
2069 4490
1561 8120
1346 7402
3994 5683
3984 5690
713 7010
3925 5881
254 6482
1895 7881
81 6625
2967 4643
1258 7519
1751 8047
4067 5723
2951 4671
1283 7354
1578 8081
3698 6094
207 6515
2178 4412
2908 4835
2574 5041
249 6457
1424 7249
689 7024
2205 4446
2822 4802
3296 5413
1847 7921
2125 4491
1036 7621
2408 4257
2704 4953
280 6354
2529 4138
3333 5321
1599 8179
164 6505
924 6738
151 6489
512 7119
248 6440
1811 7874
2987 4729
3088 5571
3501 5246
2042 7726
3744 6005
2004 7681
2106 4591
2930 4773
203 6418
2595 5118
536 7110
3978 5716
2031 7728
2368 4257
3064 4634
1573 8134
2801 4882
1471 7260
2780 4920
3551 5175
3051 4610
2029 7687
1203 7513
3208 5479
367 6301
2693 4976
2534 4113
3422 5289
474 6189
3763 5963
1037 7669
1767 7966
2631 5053
3566 5141
3853 5878
3561 5138
3609 6117
1544 8180
1446 7257
2592 4129
3222 5783
1295 7948
552 6187
3498 6060
3363 5924
1076 7731
3294 5846
4095 5622
2703 4230
604 6230
1792 7434
111 6757
1731 7368
3032 4564
1753 7381
2847 4370
867 6510
3248 5822
3031 4569
2040 7671
1791 7407
1068 7741
1698 7350
1907 7526
2414 4987
2483 5029
3330 5909
2154 4723
3231 5764
2578 4105
1017 6629
1324 7985
2921 4470
390 7065
2212 4740
2002 7667
1359 8045
3938 5441
2238 4765
1841 7446
887 6480
1724 7318
1918 7508
95 6772
1065 7685
1654 7258
3870 5424
2603 4100
1912 7496
2166 4676
1000 6620
2228 4737
3001 4492
1861 7536
3793 5351
3144 5758
3173 5714
2516 5096
1565 7200
1067 7702
4017 5516
2177 4801
801 6496
401 7123
3811 5280
2039 7601
1588 7283
3769 5374
2910 4375
2750 4341
1754 7313
3705 5161
2811 4267
182 6887
1419 8154
144 6852
1299 8007
1423 8154
1244 7819
672 6392
481 7096
1956 7672
2771 4239
2153 4661
2108 4705
1932 7633
3622 5240
131 6883
348 6972
2429 4893
1262 7823
3253 5846
3047 4484
2632 4143
2527 5046
3479 6139
2825 4455
2755 4268
1543 7284
2313 4988
2862 4440
2643 4132
598 6191
1885 7463
1609 7221
4018 5583
2914 4578
1276 7806
1023 6524
3627 5288
546 6310
735 6234
531 6293
751 6249
3977 5379
3682 5352
1739 7232
3444 6143
1381 8182
1606 7378
434 6950
2548 4961
3749 5168
2207 4613
879 6644
3324 5728
1167 7698
4018 5423
773 6554
1930 7464
1545 7338
4073 5455
3937 5575
514 6313
1926 7466
342 7161
3599 5311
1996 7549
2699 4153
1766 7252
1793 7602
3008 4469
3538 5991
2495 4874
1671 7217
2460 4907
4016 5386
1644 7382
2733 4119
2818 4537
3313 5708
2354 5004
616 6359
3949 5549
1785 7225
2308 5061
603 6296
4083 5424
1340 8185
832 6534
2025 7471
2136 4767
2711 4191
1335 8188
1801 7620
3492 5993
3029 4378
1424 8000
3365 6133
3436 6078
499 6945
2728 4218
21 6854
3747 5239
891 6573
935 6512
1209 7777
3285 5645
3632 5356
2649 4229
3710 5282
3767 5227
3801 5127
1841 7663
3307 5643
1078 7894
1665 7267
3472 6006
2826 4588
3892 5587
1483 7980
1895 7566
1803 7652
2788 4107
3912 5560
3227 5736
357 7062
23 6884
634 6286
1613 7353
520 6397
1420 8057
1585 7369
438 6991
926 6503
3811 5144
716 6192
3889 5581
1920 7550
2914 4508
2478 4945
1929 7542
826 6202
1997 7372
3673 5467
3699 5495
1794 7174
2712 4509
3500 5802
1129 8047
3827 5620
455 6860
3780 5583
2175 4978
2016 7410
2479 4796
3582 5869
1614 7515
1800 7199
1807 7191
1094 8030
1662 7525
3029 4341
780 6189
1432 7865
4044 5358
3804 5630
219 7166
1237 8189
3395 5738
677 6540
3182 5956
1697 7563
1961 7298
3454 5714
1459 7839
2924 4162
80 7038
272 6719
1766 7638
2116 4980
2299 5066
10 6969
2101 4870
2696 4542
1229 8187
3125 5901
3026 4331
2573 4404
3876 5150
815 6162
3119 5906
1983 7423
783 6222
3940 5158
2086 4965
2928 4147
3466 5838
2122 4876
2718 4566
1816 7248
3566 5796
913 6362
3783 5516
857 6167
555 6500
3851 5211
3967 5166
2521 4749
745 6591
3759 5621
298 6769
2259 5000
1556 7498
2916 4155
792 6269
2509 4776
3341 5732
3942 5132
2694 4587
3057 4252
1160 8166
1940 7418
1188 8139
2357 4676
2411 4633
2528 4756
293 6737
985 6318
1591 7499
2316 4745
1444 7715
77 7111
2841 4243
2171 5105
652 6400
4092 5232
3626 5541
1248 8048
784 6276
84 7116
711 6494
2574 4503
2110 5028
1574 7613
1117 8134
3882 5303
662 6409
2299 4959
1007 6219
1845 7315
3629 5514
951 6171
2991 4099
3316 5976
200 7013
3493 5642
3061 4186
421 6666
645 6453
769 6320
1634 7632
3947 5336
3548 5736
3010 4214
3428 5840
3563 5726
3055 4186
3704 5582
3988 5155
547 6555
394 6707
2338 4761
361 6871
3821 5421
2325 4821
1881 7322
1706 7534
968 6157
1190 8035
3360 5861
3630 5607
3754 5498
2682 4522
1193 8059
263 6869
2001 7170
821 6368
3700 5538
2392 4751
2348 4859
1582 7670
4079 5174
949 6252
115 7081
1700 7550
1468 7782
2544 4652
1732 7448
3035 4101
715 6421
1348 7834
3332 5860
243 6931
2441 4715
764 6431
1034 8162
2791 4365
602 6576
225 6922
3818 5383
2383 4769
3394 5805
1922 7277
3331 5875
2382 4798
1173 8039
1259 7960
3238 5973
863 6315
3824 5381
3128 6094
3598 5625
2257 4904
3325 5892
3244 5974
57 7109
2431 4739
3829 5385
1833 7380
1554 7661
2652 5725
2187 5258
3474 4497
145 7314
1319 6436
1677 6795
3317 4338
1654 6783
32 7209
3326 4343
142 7300
2213 5295
825 7990
1672 6810
2817 5906
2385 5449
3318 4335
86 7244
619 7799
347 7494
3272 4310
3994 4997
2640 5711
3289 4345
3558 4550
2846 5945
1627 6780
1795 6948
3345 4408
3139 4201
2301 5331
3309 4290
3624 4615
3837 4818
1397 6468
682 7833
429 7582
2251 5375
1121 6231
1500 6631
2407 5465
640 7870
2795 5803
3540 4502
927 8157
2867 6000
1272 6332
1911 6960
1553 6742
1836 7012
3481 4563
3881 4963
3339 4422
1550 6723
2502 5515
3648 4621
549 7796
3524 4496
185 7406
3218 4299
2681 5666
697 7906
1846 7021
3643 4711
1474 6558
851 7950
2540 5555
3576 4505
3614 4733
295 7492
1491 6583
320 7461
821 8016
3590 4718
1490 6587
3884 4933
854 7999
2015 7093
4052 5055
3974 5101
3660 4641
3184 4125
510 7571
1024 6253
973 8124
278 7522
3373 4441
2510 5561
2573 5751
3813 4766
1949 7142
2533 5531
1069 6227
989 8098
2352 5553
3956 5109
2012 7007
3377 4533
4042 4943
1314 6570
2821 6028
207 7238
2270 5204
665 7699
1173 6175
3462 4365
2331 5520
2912 6124
16 7325
23 7322
702 7727
2300 5230
1621 6848
3531 4434
3907 5082
978 8008
3357 4486
3199 4324
498 7535
65 7388
1828 7098
3379 4499
2151 5317
1177 6204
3545 4476
338 7668
3890 5012
4012 4874
2405 5570
1487 6504
3435 4556
2237 5141
1120 6347
3775 4628
2109 5265
651 7719
3787 4709
1172 6202
319 7568
2103 5272
1771 6747
3267 4210
1790 6733
112 7364
2987 5916
2620 5764
2412 5589
1761 6744
3171 4313
1322 6545
3897 4994
1150 6339
3681 4828
1394 6578
2267 5146
3796 4631
1465 6522
232 7213
3648 4743
310 7679
1022 7988
1668 6734
1058 6377
1631 6801
1085 6383
666 7752
1933 7006
3385 4586
3161 4237
335 7578
565 7907
898 8020
1687 6735
3342 4565
1330 6638
952 8037
2942 6046
3473 4467
2952 5996
2797 5642
2143 5303
1779 6683
3558 4364
1850 7121
371 7576
127 7315
2845 6128
2444 5473
684 7746
1071 6337
3559 4361
487 7432
994 7952
104 7312
592 7852
2478 5458
786 8175
3066 5893
976 7983
1155 6268
951 7863
1265 6640
1323 6185
2317 5135
577 8002
1702 7075
1400 6270
128 7562
3824 5114
2236 5559
963 7887
849 7774
3736 5000
469 7364
1039 6427
1175 6530
778 7711
1508 6397
368 7273
563 7978
3165 4419
3692 4979
1560 6968
1744 7152
623 8015
2468 5254
1773 7113
3483 4287
859 7807
2506 5347
2657 5960
1550 6951
1183 6581
3610 4912
1767 7117
594 8057
480 7373
2361 5140
3166 4465
29 7469
1914 6730
4058 4843
737 8146
1280 6197
2274 5591
807 7697
3212 4538
1055 6440
336 7272
92 7524
2752 6138
1464 6274
3133 4358
1886 6755
2983 5786
714 8183
584 7948
1139 6454
3256 4606
1699 7141
1127 6447
3655 4879
2439 5327
4047 4741
1021 7856
1935 6850
1174 6616
1277 6579
247 7609
3050 5818
2950 5847
3396 4117
3490 4339
1980 6888
1763 7095
1872 6660
178 7655
2719 6090
2837 5696
2665 5948
762 8108
1917 6698
132 7644
2752 6042
2316 5207
111 7476
1391 6195
2195 5581
4061 4792
2554 5279
3060 5779
760 8095
542 8054
2795 6022
4020 4826
2096 5470
2915 5645
416 7377
647 8181
1101 6459
2798 6036
3241 4564
199 7608
3371 4264
2882 5830
695 7987
611 8167
2079 5527
1625 7122
696 7987
597 8158
2018 6764
446 7217
46 7614
1808 6784
3777 4949
2727 5937
1250 6516
2513 5191
1647 7159
120 7650
1757 6983
2158 5619
1043 6541
125 7645
3488 4096
869 7876
2837 5815
949 7702
705 8037
3970 4646
2338 5253
1122 6602
884 7901
1919 6867
158 7475
2184 5414
1892 6864
1166 6456
3600 5032
2277 5471
789 7854
330 7415
1002 7764
34 7580
3852 4786
2706 5968
3560 4139
3832 4925
905 7756
2187 5442
3012 5646
888 7858
3720 4931
1652 7097
2641 6046
473 7190
215 7431
1080 6632
178 7523
3486 4175
2896 5761
2967 5700
153 7501
1976 6765
1289 6353
1952 6776
363 7346
1612 7061
1236 6414
2262 5389
1565 7105
3913 4759
2801 5935
110 7600
260 7387
2344 5367
2689 5985
2610 6099
3102 4607
1704 6986
346 7353
2283 5384
1337 6365
1415 6242
3835 4893
2670 6025
359 7311
3102 4598
3160 4529
3903 4820
2246 5418
4054 4666
698 8023
3253 4443
3347 4323
2859 5850
818 7873
2369 5301
1882 6828
2115 5556
1358 6327
242 7435
1574 7132
3740 4966
716 7984
2820 5880
1437 6242
3213 4466
1276 6904
2591 5142
880 7546
1171 6808
3455 4979
3798 4312
1264 6911
639 7280
798 7438
1853 6445
129 7825
871 7543
1343 6958
2697 5272
3991 4483
1168 6790
2843 5388
2057 5648
838 7514
191 7842
3452 4961
2595 5182
2203 5766
3173 4730
1597 6173
2758 5348
3449 4955
216 7931
2082 5633
3722 4265
1972 6545
555 7181
2616 5151
2505 6126
240 7895
113 7769
2748 5270
339 8063
606 7277
2004 6631
2341 5910
2626 5238
1086 6666
3200 4789
157 7844
943 7571
2660 5210
735 7393
2612 5130
1360 7022
2843 5465
1501 7065
3613 4184
1141 6707
3742 4309
1187 6895
890 7479
1144 6710
1923 6605
3308 4770
3803 4244
2163 5692
1452 7165
946 7649
2628 5137
2817 5462
217 7811
1024 6746
3318 4778
443 8165
3009 5534
37 7802
4012 4595
1087 6750
2722 5312
3849 4459
1247 6844
3552 4995
1819 6527
1954 6599
3285 4784
831 7512
1622 6206
1180 6901
520 7265
2961 5624
742 7308
3523 5033
1456 7134
2291 5788
893 7442
1505 7057
3110 4690
1478 7091
3611 4204
507 8067
2194 5866
399 8181
3249 4810
2133 5673
414 8162
2011 6565
2107 5817
253 7807
412 7967
3496 4909
4 7809
2581 5267
133 7695
2442 5888
2298 5749
3945 4582
824 7607
1964 6460
2035 6498
891 7656
3131 4783
3052 5496
2164 5857
1488 6982
3785 4177
113 7912
1592 6298
1431 6964
1271 6751
2020 6479
3418 5105
3844 4521
2461 5939
664 7222
3893 4507
3144 4839
1058 6800
3559 4948
1667 6199
241 7751
1809 6567
2391 6112
3979 4403
2747 5122
2766 5237
3434 5073
1722 6150
3536 4974
1827 6556
2961 5422
157 7773
705 7172
3185 4788
1897 6574
2555 5948
2289 5688
694 7290
2992 5501
1800 6616
1464 7020
187 7791
3156 4748
2953 5456
265 8144
2169 5792
1145 6818
477 7937
1843 6638
439 8042
2005 6411
2101 5867
2358 6120
510 7966
819 7634
2242 5665
2188 5743
2631 5284
580 7328
3114 4814
1505 6918
310 8145
3095 4861
1864 6562
257 8170
3264 4652
2549 5912
1645 6275
336 8096
1693 6252
617 7323
476 7976
750 7194
999 7443
1871 6586
3048 5405
2675 5254
3557 4883
4088 4366
1429 7020
296 8145
785 7659
2517 5935
3183 4757
3246 4693
424 8020
3517 4931
3062 5384
3086 4848
3620 4315
1638 6297
2403 5731
2321 5650
997 7393
3138 4934
4033 4293
1253 7138
650 7555
1727 6582
411 7826
1548 6406
1199 7076
3664 4446
1396 6779
3242 5029
2070 5894
2875 5167
2084 5936
2474 5823
387 7830
1191 7090
728 7629
2739 5541
2317 5659
727 7616
2724 5564
3872 4156
3543 4810
2484 5803
475 7931
3848 4136
1625 6520
601 7547
1425 6835
2636 5487
779 7215
1834 6156
2531 5829
1064 6927
1880 6271
3948 4164
3290 5107
3930 4208
1941 6335
1616 6524
6 7977
471 7911
2936 5194
3517 4750
267 7736
3133 4878
1577 6429
2960 5286
3340 4667
2419 5700
2184 6064
2347 5651
3283 5096
2183 6075
2628 5497
3351 4648
659 7635
3972 4292
766 7612
32 8034
1242 7069
1236 7070
1734 6539
4044 4226
1013 7355
323 7692
2437 5834
3570 4770
3481 4813
4021 4322
2705 5574
3943 4144
219 8076
3107 4985
591 7444
2073 5954
3803 4486
423 7928
2570 5482
2239 6109
2552 5788
1884 6200
2784 5510
1953 6342
3642 4434
3639 4447
2152 5889
3933 4150
2704 5628
1474 6831
1334 6744
3465 4857
1902 6174
81 7968
1986 6323
2088 5977
2302 6029
1509 6806
1004 7320
1311 6763
991 7339
2823 5235
326 7729
2580 5484
806 7262
1112 6945
236 8080
1274 7047
3709 4355
2493 5826
3266 4928
267 7816
2375 5827
3470 4618
3935 4313
2770 5467
3653 4559
2993 5179
1421 6685
1161 6936
34 8113
607 7628
3099 5006
3718 4368
2664 5631
1208 6944
3575 4719
2261 5965
1587 6569
1568 6589
2851 5309
2499 5724
36 8070
2644 5617
1823 6329
435 7701
3084 5035
2031 6216
2037 6237
2605 5509
2922 5312
2741 5401
345 7924
2282 5959
771 7341
1447 6679
1608 6650
675 7441
1435 6696
437 7681
1551 6587
1486 6778
2990 5144
785 7334
1743 6518
1533 6727
2301 5952
3820 4433
1232 7022
360 7895
835 7299
2139 6042
2726 5479
1580 6639
1518 6699
1469 6779
3544 4639
181 8050
2662 5548
2121 6020
2518 5659
2051 6092
2402 5810
3001 5225
284 7886
755 7456
3128 5088
1406 6823
361 7859
2788 5438
547 7673
653 7511
3675 4487
4091 4134
2120 6039
1384 6792
529 7666
1144 7069
2089 6095
3689 4494
1050 7165
459 7714
3885 4295
2883 5293
213 7994
3739 4459
375 7815
2751 5454
505 7694
642 7544
2625 5563
255 7937
1957 6235
1894 6297
1786 6405
756 8944
960 9157
22 8209
1351 9536
1653 9829
1227 9434
1307 9486
1262 9463
275 8457
1315 9534
842 9047
1818 9991
40 8202
264 8490
975 9197
1520 9686
938 9088
1756 9969
862 9072
674 8851
924 9135
1735 9972
387 8639
340 8469
687 8942
313 8571
1020 9143
1445 9716
1567 9804
539 8781
1439 9673
1648 9767
602 8706
1175 9421
1286 9565
169 8385
1763 9869
1645 9749
1355 9525
1436 9492
1403 9714
1608 9922
300 8609
247 8314
1196 9250
1762 9837
808 9147
1371 9676
261 8601
1450 9526
1735 9819
130 8220
1549 9900
1542 9891
982 9084
1228 9312
671 8743
391 8510
1617 9962
350 8673
619 8875
804 9191
948 9072
1601 9867
1226 9220
209 8192
1119 9356
1063 9470
646 8796
526 8917
141 8303
330 8623
1166 9319
617 8834
342 8634
1415 9589
1202 9281
613 8861
793 9187
582 8892
1728 9788
1427 9363
22 8471
458 8399
573 9019
1936 9880
1356 9287
1060 9513
1870 9792
1150 9582
10 8470
1321 9268
1026 9501
324 8292
1993 9965
1075 9498
1901 9793
1382 9290
1294 9249
894 8781
1444 9360
1932 9908
198 8702
2026 9936
719 9203
1350 9222
198 8590
778 8771
1837 9831
940 8931
1318 9334
204 8604
283 8265
658 9153
354 8247
721 9092
262 8273
1227 9618
496 8365
864 8766
517 9060
182 8670
1990 9903
1280 9327
1149 9484
177 8643
28 8559
1320 9308
824 8768
1 8569
1298 9323
1204 9673
1466 9274
2021 9828
1848 9916
1380 9441
125 8693
269 8325
1959 9773
754 9056
1267 9568
1316 9405
575 9125
1100 9680
287 8376
285 8372
2000 9851
1400 9430
1815 9913
173 8556
897 8777
823 8959
91 8594
491 8224
1325 9441
1265 9532
1867 9861
1846 9958
1806 9951
444 8296
896 8788
1924 9830
817 8914
967 8738
1850 9951
1499 9266
696 9043
344 8373
640 9073
224 8473
814 8916
420 9125
947 8625
1853 9534
674 8362
293 9005
1832 9505
1909 9599
797 8471
752 8447
268 8988
483 9203
1969 9637
850 8520
1584 9262
386 9117
2021 9671
245 8915
1789 9435
158 8881
833 8561
1576 9241
30 8751
460 9208
922 8620
941 8603
41 8735
430 9196
203 8840
1049 9818
1635 9253
1769 9376
1240 9879
624 8225
1974 9700
1748 9347
1165 9939
18 8820
995 8587
1829 9550
1142 9757
513 8301
1384 9990
1959 9685
131 8951
1566 9321
1057 9816
1893 9701
1552 9367
1854 9654
48 8891
974 8514
551 8360
881 8677
192 8795
1606 9433
550 8326
765 8286
356 9152
1659 9437
188 8731
1143 9950
338 9209
165 8713
409 9014
1656 9421
1733 9328
1646 9426
435 9078
1237 9747
588 8331
1107 9880
450 8972
1963 9595
517 8405
572 8430
291 9201
58 8936
1804 9689
402 9028
936 8560
557 8439
161 8826
329 9109
1185 9793
1207 9814
1771 9231
840 8621
63 8921
7 8942
969 8482
515 8424
136 8805
21 8933
2030 9500
249 8704
1491 9947
861 8279
526 8476
471 8899
1713 9641
597 8524
1888 9338
117 9071
2027 9463
453 8922
1682 9650
607 8567
1777 9690
568 8467
635 8535
201 9208
1961 9370
194 9206
105 9052
632 8527
1799 9278
1557 9516
937 8426
1466 9982
457 8858
1692 9674
54 9070
605 8452
373 8751
1409 9948
274 8817
1442 9928
1660 9488
803 8268
1637 9489
1461 9922
3 9083
469 8784
2024 9325
767 8566
1765 9579
448 8786
1963 9272
898 8212
1478 9822
945 8235
739 8574
1293 9901
806 8323
1006 8264
1600 9704
86 9212
1016 8275
1623 9723
231 9033
1 9139
150 8997
528 8612
1873 9444
811 8349
25 9134
1327 9966
1372 9883
572 8692
405 8797
426 8824
515 8662
122 9132
1515 9739
1806 9444
544 8651
1610 9639
205 8995
1492 9787
1995 9274
1715 9542
489 8723
68 9151
121 9337
743 9957
276 9491
462 9668
442 9655
2047 9199
192 9425
673 9904
1681 8832
1871 9053
584 9821
554 9789
2029 9210
1335 8495
1407 8548
2025 9204
2011 9211
1453 8588
609 9794
457 9709
67 9318
1319 8450
1730 8935
408 9662
1514 8647
1512 8646
124 9292
2042 9163
1526 8644
586 9848
1221 8439
221 9454
19 9254
1267 8394
13 9270
1064 8297
464 9619
1549 8779
1253 8355
519 9807
679 9966
1675 8923
20 9284
290 9590
1819 9039
616 9777
542 9799
95 9218
1797 9063
1863 8994
1031 8289
1374 8505
670 9975
2044 9111
747 9856
492 9629
1975 9158
595 9761
1619 8747
1875 9004
537 9885
1084 8378
256 9609
1875 9177
78 9412
12 9346
205 9309
179 9252
348 9668
1182 8195
490 9591
1798 9115
1885 9152
1524 8531
1371 8700
1929 9017
351 9707
688 9732
1685 8738
1602 8955
1287 8636
1528 8516
2006 8981
1122 8358
1290 8642
1826 9195
101 9387
587 9883
1143 8356
1216 8211
1304 8642
49 9454
476 9532
753 9745
687 9806
106 9359
273 9719
397 9578
536 9970
1527 8477
1128 8324
1678 8800
1028 8433
1836 9178
296 9695
1300 8684
440 9537
1402 8577
1863 9144
1498 8411
531 10000
1942 8848
432 9399
1952 8873
1069 8481
1860 8778
278 9221
1473 8402
1603 9046
1810 8712
855 9847
1309 8252
1014 9940
1462 8341
395 9378
1037 8487
1638 9035
1918 8784
399 9406
253 9679
868 9820
60 9476
1342 8196
1289 8242
1492 8431
386 9406
1174 8660
1998 8845
1615 8969
870 9771
197 9610
1501 8331
883 9769
879 9743
1151 8478
959 9947
1949 8955
53 9554
804 9804
1291 8290
8 9572
176 9667
1794 8823
468 9388
1007 9872
1839 8872
396 9220
1356 8388
1843 8866
1795 8850
810 9913
509 9322
814 9909
1658 9190
1296 8334
215 9590
1764 9039
378 9425
827 9872
500 9304
1081 8599
830 9870
511 9295
1639 9175
1695 9001
264 9407
786 9893
1869 8948
400 9257
292 9375
1469 8193
1722 8966
1033 8628
1988 8825
910 9776
138 9544
1138 8625
1780 9022
235 9504
135 9546
1564 9164
1870 8859
795 9932
1304 8390
28 9724
1880 8893
221 9528
1274 8476
916 9855
119 9626
287 9455
162 9552
87 9636
1586 9158
811 9950
66 9658
187 9538
1197 8530
753 9456
631 9342
1851 8502
1525 9210
148 9862
1496 9165
733 9415
1157 8862
1628 8319
1347 9061
1224 8930
1104 8827
1163 8869
972 9698
706 9453
1038 8737
1900 8542
883 9541
661 9389
671 9379
530 9298
1202 8944
242 9911
1752 8351
1333 9082
1329 9063
737 9403
1180 8896
164 9979
29 9854
989 9656
1701 8399
541 9334
730 9393
844 9533
1712 8392
2008 8610
5 9855
1284 9087
1012 9584
1222 8768
1974 8497
191 9783
942 9511
1620 8415
543 9362
808 9659
1799 8595
88 9920
1590 8367
1899 8688
1630 8384
2040 8528
1555 8382
2003 8544
874 9642
246 9778
1279 8756
244 9784
1120 8879
836 9623
583 9364
1611 8341
1753 8248
1113 8894
1249 8714
1042 8953
1661 8336
570 9418
794 9707
1673 8315
1320 9180
211 9769
578 9400
1292 9200
652 9331
1134 8849
649 9614
1291 8710
1527 8935
1962 8379
1198 9148
1318 8752
681 9662
1759 8648
668 9657
1010 9432
658 9657
1852 8207
1726 8584
535 9516
1179 9124
1825 8222
1669 8645
1924 8389
308 9846
977 9365
865 9255
1868 8194
1598 8557
1865 8218
1718 8683
1782 8594
322 9767
2043 8339
712 9635
416 9935
732 9651
593 9508
995 9368
2009 8281
1430 8725
501 9841
1941 8209
777 9357
1826 8359
766 9591
540 9622
1103 9181
1769 8573
809 9405
1683 8453
341 9923
1139 9188
569 9634
482 9852
959 9246
1138 9171
1925 8230
1357 8937
332 9963
1258 9026
1414 8748
1563 8624
173 9985
692 9476
1224 9081
1595 8585
315 9871
864 9428
833 9462
1951 8230
1214 8967
1054 9120
1301 8917
1604 8584
1884 8338
1008 9279
276 9925
373 9891
1583 8647
448 9772
311 9946
917 9317
1546 8696
880 9346
1185 9042
491 9746
660 9576
3701 9843
3521 9672
3236 9390
2583 8732
3657 9797
3822 9955
2230 8376
3467 9605
2499 8657
2810 8937
2870 9006
2634 8790
2376 8532
2193 8332
3358 9475
3047 9159
2088 8204
2668 8778
3370 9502
2232 8335
3669 9838
3838 9923
2906 9061
2905 9062
2571 8776
2758 8833
2925 9002
3007 9195
2977 9207
3725 9943
3397 9503
2947 9181
3311 9393
2964 9205
3788 9902
2936 8976
2654 8756
3015 9131
2827 9060
2136 8232
2781 8872
2410 8464
3007 9156
2972 8989
3089 9362
2149 8417
3741 9755
2793 8804
2646 8902
3353 9615
3585 9881
2548 8543
2652 8946
3242 9243
3506 9472
3746 9751
2454 8480
3327 9288
3647 9863
3602 9897
3157 9448
2114 8444
2428 8637
3614 9949
3227 9311
3310 9254
3586 9929
3391 9715
3401 9625
2480 8546
2253 8223
2265 8195
2229 8302
3280 9227
2753 8733
2118 8345
2927 9102
3244 9295
3638 9941
2975 9083
3157 9395
3697 9879
2648 8880
3645 9937
3733 9848
2465 8524
3293 9266
2456 8554
3355 9711
3277 9272
3060 8975
2926 9107
3809 9756
2541 8466
2922 8809
3519 9404
2396 8287
2315 8196
2336 8241
3527 9439
2673 9041
3140 9574
2975 8879
3289 9709
2240 8695
2453 8364
3158 9493
2799 9130
3992 9938
3351 9307
3879 9832
3917 9756
3131 9577
4030 9963
3484 9417
3459 9429
3508 9443
3859 9803
2609 9069
2090 8566
2464 8446
2870 8790
3556 9356
2080 8525
3123 9566
3518 9423
3448 9227
3581 9352
2387 8235
3225 9697
3074 9594
3061 8844
2651 8998
2061 8591
3442 9457
3040 8804
2738 9015
2403 8425
3221 9497
3023 8796
3129 9645
2355 8366
2853 8891
2109 8607
2474 8207
2934 8913
2318 8356
2104 8596
2997 8728
2607 9118
2215 8468
4068 9809
2359 8333
2917 8927
2965 8745
2473 8215
2781 9059
3421 9442
4063 9824
3312 9527
2921 8866
2638 9091
2483 8317
3482 9291
3033 8712
2056 8669
2858 8956
2352 8428
2615 9175
2746 9051
2200 8574
2654 9140
3550 9264
2711 9062
2968 8814
3418 9388
3825 9991
3092 9708
3297 9496
2443 8310
4084 9725
2472 9121
3960 9586
3833 9460
3919 9565
2597 8243
4008 9652
2324 8971
2277 8901
3119 9743
2700 8367
2515 9200
3950 9544
2440 9135
3037 8691
2514 9184
2281 8923
2978 8593
2888 8560
2064 8750
2632 8311
3082 9802
3903 9598
3192 9786
2282 8878
3761 9462
2760 8321
2125 8711
2660 8234
2307 9037
2525 9103
2868 8551
4051 9612
2853 8513
3143 9762
3840 9574
3271 9889
2938 8464
3892 9562
4062 9648
3628 9283
3665 9278
3108 9813
2319 9085
3881 9567
3703 9216
2765 8369
3026 8529
3925 9692
2223 8740
2395 9165
3602 9349
3787 9299
2445 8980
3911 9693
3720 9236
2524 9024
2938 8679
2147 8956
2219 8717
4028 9488
3922 9726
3712 9261
4064 9553
3315 9792
3853 9648
3931 9628
2930 8635
2763 8197
3011 8461
2790 8247
3051 8505
3779 9232
2534 9009
2050 8922
3615 9414
2211 8828
3980 9578
4013 9547
2278 8718
2330 9202
3322 9744
2471 9032
3583 9999
2422 9090
3952 9604
2386 9128
2120 8882
2402 9113
3625 9515
2255 9162
3002 8375
3964 9324
2655 8526
3497 9912
3568 9954
4075 9465
3406 9815
2816 8221
3748 9607
2949 8364
2629 8558
3398 9835
2196 9145
3922 9341
2083 8979
2325 8740
3531 9976
3514 9865
3044 8403
2451 8874
3688 9559
3030 8425
2543 8878
2336 8801
2074 9041
2285 9126
2889 8198
2495 8936
2482 8939
3053 8375
2099 9065
2520 8836
2805 8616
3854 9296
2269 9147
2113 9001
4002 9419
2304 8813
2558 8848
3650 9522
3905 9268
4077 9371
2285 9104
3453 9730
3449 9976
2522 8793
3795 9557
3668 9682
2290 9076
2381 8897
2364 8880
4056 9300
2360 8875
3767 9505
3615 9608
2205 9023
2834 8368
2939 8408
2963 8245
4045 9316
2397 8939
2114 9205
2713 8481
3617 9626
2115 9215
2904 8348
2092 9193
2190 9028
3815 9527
2406 8884
2054 9170
2599 8690
3647 9702
2058 9169
3888 9452
3817 9480
3706 9627
2557 8734
2804 8466
3553 9734
3058 8217
3914 9377
2676 8607
3415 9915
2760 8511
3805 9514
3868 9445
2920 8340
2271 8992
3106 8227
2203 9369
3478 8597
3174 8291
3540 8658
2501 9667
2658 9835
3569 8703
2290 9469
3973 9111
3278 8413
4041 9178
2400 9589
3630 8759
2226 9385
2258 9422
2492 9631
2055 9260
2582 9766
2523 9706
3428 8533
3491 8604
3580 8630
3509 8702
2276 9396
2906 9995
2905 9997
3831 8865
3083 8284
3079 8294
2305 9572
2727 9921
2331 9597
3357 8565
2365 9556
3524 8619
3662 8754
3299 8349
3651 8764
3399 8504
2228 9269
3620 8870
2179 9217
3407 8652
2346 9641
3432 8672
4066 9067
2481 9530
3154 8415
2334 9619
3926 9179
2181 9238
2161 9447
3834 8812
2329 9601
3863 9102
3089 8328
3761 8744
2182 9244
2691 9752
2084 9348
2577 9904
2311 9636
3537 8568
3735 8764
2787 9805
4019 8962
2267 9321
3588 8886
3825 8771
3975 9020
3430 8665
4080 9008
3304 8226
3679 8852
2569 9924
3868 9166
3463 8532
3456 8554
4048 9019
4025 9045
3356 8689
3543 8483
2401 9621
2131 9381
2424 9604
2251 9270
2341 9691
3969 8845
2245 9681
4071 8947
3101 8456
2999 9890
3992 8833
2899 9802
4024 8868
2322 9230
2249 9706
3942 8770
3953 8792
2087 9484
2365 9232
3377 8223
2147 9555
2356 9223
3756 9112
3456 8372
3121 8457
4021 8846
2615 9994
2221 9616
3082 8501
2126 9487
2965 9942
4035 8836
3896 8816
3032 9873
2241 9611
3452 8237
4004 8945
3189 8494
3574 8347
4006 8905
3417 8232
2200 9710
3857 8807
2878 9798
2246 9663
3924 8749
2377 9271
2524 9309
3170 8678
3646 9146
3313 8564
2271 9561
2990 9764
2486 9276
3729 8987
3486 8213
3965 8945
3400 8389
2508 9304
3714 8982
2970 9741
3179 8700
3793 9033
2972 9732
3393 8408
2320 9353
3151 8661
4050 8780
2856 9866
2446 9258
3386 8348
2836 9916
2439 9261
2945 9770
3222 8507
2159 9666
3412 8442
2345 9373
3048 9808
2970 9763
3049 9810
2835 9937
3973 8775
3221 8535
3877 8931
4082 8757
3889 8950
3936 8876
3810 9010
4093 8748
3291 8456
3005 9833
2071 9675
3021 9768
3654 9134
2538 9217
3932 8882
2249 9528
3924 8864
3352 8417
2944 9601
3604 8220
3468 9094
2563 9230
2270 9935
2765 9439
3929 8522
3387 8999
3044 9720
3224 8837
3937 8572
2874 9498
3476 9140
3612 8253
3656 8298
3310 8907
2703 9386
2617 9237
2342 9992
3259 8852
3013 9717
2103 9734
3677 8299
2227 9860
3248 8840
3902 8448
3829 8368
3546 9104
2099 9827
3697 8229
3954 8491
2971 9671
3272 8854
3561 9099
2684 9240
3940 8449
3091 8821
3687 8192
2430 9998
3469 9215
3809 8339
2048 9849
3858 8552
3911 8506
4074 8599
2142 9761
3766 8246
3108 8867
3797 8274
2591 9365
2438 9997
3028 9567
2621 9395
3302 8808
2192 9729
3640 8362
2108 9896
3538 9034
3077 8863
4038 8541
3167 8900
3951 8655
2785 9281
2302 9823
3726 8234
3810 8262
2761 9314
3902 8597
2637 9440
3408 9186
2875 9613
3182 8918
3132 8832
3368 9109
3206 8760
3256 8825
2903 9620
2734 9323
3122 8952
2564 9417
2613 9466
3343 9174
4080 8492
3439 9138
3830 8233
2642 9357
3370 9154
3071 9481
2759 9264
2057 9968
3412 9129
3717 8312
2545 9996
3127 8905
3985 8337
2770 9683
2434 9856
2415 9836
3139 9030
3000 9407
3216 9114
3685 8555
2542 9983
2503 9936
2974 9350
4073 8435
4006 8380
2721 9660
3963 8287
3040 9414
3953 8280
3936 8268
3794 8703
2584 9514
2993 9355
3696 8523
2342 9830
2675 9523
2956 9416
3532 8843
3974 8393
3344 8770
3900 8295
3127 9066
3329 8799
3875 8316
2501 9895
3886 8267
3189 8976
3229 9211
3750 8641
2894 9255
3438 8709
3584 8557
2855 9302
3072 9073
3755 8664
3307 9119
4058 8354
2946 9465
3898 8263
3005 9408
3723 8694
3056 9337
2736 9533
3186 9213
4076 8291
3197 9192
3194 9196
3012 9299
3921 8392
2767 9556
3520 8797
3659 8661
2425 9945
4046 8300
4013 8201
3191 9169
2690 9508
4094 8274
2653 9713
2539 9797
3196 9167
3644 8580
3065 9280
3774 8451
2792 9558
2808 9543
3623 8675
2521 9745
3303 9003
3687 8629
2470 9842
4009 8316
2420 9889
3265 8983
3677 8581
2500 9758
3635 8687
2670 9649
3117 9167
2467 9800
2466 9812
3674 8610
2901 9390
2976 9311
4604 8701
5425 9525
5267 9366
5660 9753
5099 9198
5374 9464
5640 9731
5260 9351
5042 9122
4677 8791
4386 8496
4431 8539
5463 9539
4664 8749
5124 9234
5406 9478
5729 9849
4122 8198
5608 9716
5409 9473
4720 8785
4734 8799
5844 9970
4524 8587
4387 8459
4372 8511
5812 9887
5337 9458
5521 9660
4264 8326
4710 8788
4563 8682
5199 9332
5128 9293
4123 8286
5149 9307
5379 9540
4274 8437
5069 9092
4108 8261
4536 8693
5661 9810
5688 9834
4998 9172
4266 8441
5095 9138
4529 8680
5623 9646
5127 9306
4609 8800
4515 8641
4160 8233
5411 9545
5236 9246
5747 9759
5680 9823
4938 9020
4975 8985
4906 9047
5748 9737
4845 8812
4729 8959
4829 8785
4334 8288
5468 9679
5507 9495
5415 9650
5741 9979
4432 8649
5015 8972
4282 8228
4347 8292
4946 9202
5389 9640
4245 8242
4797 8709
4659 8842
4207 8406
5151 9379
5638 9915
5693 9973
4357 8652
4654 8930
5428 9721
5739 9914
4617 8925
5304 9326
5771 9811
4454 8636
5837 9775
4674 8870
4194 8327
5009 9079
4360 8674
4914 9183
5416 9670
5040 9055
5718 9892
4826 8745
5781 9839
4754 8808
4424 8265
5294 9634
4609 8974
5341 9677
5922 9782
5063 8925
4804 9177
4445 8318
6091 9964
4407 8208
5328 9720
5674 9989
4686 9057
4317 8684
4279 8579
5208 9581
5210 9581
5603 9435
4229 8638
4268 8592
5373 9664
4159 8571
5602 9383
5910 9811
4877 8779
4896 8807
4885 8769
5968 9733
5001 8926
4866 8789
4364 8279
4768 9212
4546 8350
4340 8618
4669 9051
4323 8581
5921 9801
5398 9339
5447 9256
4588 8351
4927 8774
6134 9868
5961 9779
4337 8586
5371 9600
5003 8951
5409 9308
5090 8860
4626 9106
5529 9243
4611 9093
4567 8272
4645 9129
5626 9335
6013 9961
4971 8958
5248 9494
4703 9160
5174 9633
5999 9975
4458 8434
4869 8856
4397 8370
6037 9738
4479 8414
4545 8293
5983 9977
5008 8762
5920 9868
5346 9549
4766 9004
4492 8244
5914 9888
4653 9110
4600 8259
4261 8475
5508 9284
4232 8523
6032 9812
5609 9252
4932 8842
4321 8494
4395 8443
4105 8667
4356 8403
5972 9871
4182 8589
6022 9818
4555 8213
5098 8714
6010 9886
5513 9327
5221 9613
4779 9026
5867 9984
5973 9918
5087 8755
5431 9415
6095 9791
5437 9420
5345 9491
4775 9054
4957 8871
5757 9336
6128 9721
4840 8418
5707 9286
4464 9086
4437 9050
4514 9142
5056 8673
4165 8802
5638 9256
4926 8463
5143 9763
6052 9624
4634 8231
4685 8200
6115 9638
4427 8973
5295 9959
5746 9275
4297 8835
5067 8577
4436 8985
4870 8533
5293 9974
4179 8717
4642 8256
4508 9214
4902 8515
4573 9146
6108 9653
4354 9064
4842 8321
4739 8430
5931 9542
5191 9782
6001 9475
5907 9569
4471 8963
4208 8949
4512 8997
6035 9493
4289 8782
4756 8197
6003 9697
4748 8217
5821 9258
4478 9191
5235 9960
5353 9845
4772 8251
6015 9696
5129 9878
6051 9472
5157 9857
5076 8562
4947 8697
5811 9247
5995 9669
6071 9478
6121 9564
4713 8405
5814 9333
5325 9736
4548 8971
4752 8256
4401 9184
5969 9602
4428 9112
5271 9795
4130 8948
5653 9420
5667 9471
4863 8225
5863 9273
4575 8960
4348 8733
4782 8267
4304 8761
4385 9163
5218 9864
4670 8402
5998 9602
4755 8295
4536 9038
4807 8240
5294 9814
5023 8550
4284 8769
4852 8203
5978 9637
5037 8360
5759 9594
4383 8729
4127 8983
4936 8259
5084 8390
5117 8419
5887 9695
4636 8509
4468 8798
6098 9464
4274 9089
4286 9099
4780 8602
5432 9728
4867 8249
4692 8468
6106 9369
5407 9819
5477 9760
5039 8420
5694 9587
5204 9989
5917 9294
4865 8277
4109 9044
5898 9303
6028 9426
4779 8650
4213 8978
5100 8327
4661 8537
4428 8900
5661 9617
4683 8644
4249 8974
5376 9884
5704 9684
5071 8299
6081 9319
4322 9032
4333 9052
5887 9548
4806 8563
4938 8435
6036 9259
5926 9446
5493 9908
5641 9666
5377 9934
5552 9825
4593 8736
5641 9688
6130 9248
4797 8555
5118 8231
4120 9154
5682 9710
5434 9959
4522 8823
4580 8762
5853 9535
4657 8660
5411 9926
4830 8507
4576 8715
5689 9685
4562 8739
5370 9992
4693 8608
4493 8827
4799 8519
4463 8855
6070 9293
5518 9840
4785 8527
4333 9451
4781 9895
4276 9380
4380 9482
4510 9609
5243 8290
5349 8444
4297 9427
5224 8311
5722 8826
4500 9651
5322 8422
5360 8412
5540 8585
4415 9487
5547 8603
6077 9100
5816 8844
5650 8742
4439 9569
5900 9018
5896 9008
5534 8615
4246 9387
5519 8626
5832 8841
4738 9926
5984 8996
5613 8616
4159 9336
5376 8521
4532 9726
5305 8438
5396 8518
5277 8393
5567 8675
4946 9999
4483 9693
6084 9115
4253 9470
4300 9382
5236 8216
5565 8651
4838 9886
4271 9427
4714 9750
4192 9247
6130 9075
5189 8396
5185 8394
4172 9409
5455 8640
4511 9486
5392 8578
4104 9372
4640 9910
5929 9136
4694 9932
4546 9560
5771 8727
4589 9585
4452 9722
5744 8943
4561 9550
5594 8572
4161 9447
4659 9876
5237 8412
5504 8493
5500 8653
4472 9678
4443 9699
5992 9168
4573 9575
5936 9098
5744 8883
6068 9074
5394 8643
4849 9760
5727 8839
5427 8681
4362 9684
5488 8623
5461 8629
5217 8322
5634 8929
5408 8648
4731 9875
4463 9607
4488 9568
5232 8346
5292 8257
4142 9411
4834 9740
5859 8722
6086 9012
4149 9410
5916 9190
5542 8538
5323 8244
4993 9857
4278 9654
5332 8657
4248 9630
5368 8690
6045 8849
4460 9315
5005 9882
4157 9510
4954 9850
5478 8258
5397 8255
6119 8908
5656 9013
4550 9449
4337 9665
5656 9000
5215 8556
5422 8221
5694 8970
5934 8728
4537 9345
5319 8701
4217 9538
6023 8892
5157 8475
5073 9967
5530 8357
5990 8742
4196 9510
4543 9467
5754 9010
6056 8932
5676 9057
5725 8968
5941 8815
5038 9933
4396 9288
4930 9765
4515 9418
4465 9240
4248 9715
5222 8461
4369 9341
5315 8627
4238 9725
6043 8943
5080 9900
5246 8454
5959 8765
5070 9905
4566 9298
4240 9492
5851 9053
4356 9358
5684 9150
4334 9573
4464 9468
6088 8773
5699 9171
5044 9765
5064 9817
4966 9973
5502 8422
5394 8329
5326 8558
5919 8888
4895 9911
5620 8285
4100 9647
5392 8381
4520 9223
4281 9483
5552 8199
4982 9934
4096 9659
5658 9121
5125 8633
5368 8519
5412 8347
5871 9040
5874 9037
4429 9359
4525 9320
5152 8677
5797 9058
4541 9329
5860 9002
5781 9029
5735 9142
4426 9368
5807 9084
5701 9106
5245 8618
4194 9658
5178 8679
5269 8520
5824 8992
5896 8940
4845 9993
5502 8343
4908 9925
4406 9437
4350 9485
5962 8895
4110 9714
5110 9739
4872 9974
4336 9968
5939 8497
5123 8705
4680 9292
4107 9742
5102 9704
5970 8538
4205 9829
5147 8722
5956 8522
5554 9149
6110 8654
4146 9766
5140 8707
5390 8982
5228 8819
4771 9404
5432 8986
4245 9906
4777 9344
5756 8273
4780 9372
5838 8443
5897 8500
6073 8583
4843 9378
5852 8342
4115 9822
6125 8611
6016 8656
4250 9931
4342 9892
5951 8552
5184 8739
5870 8333
5088 9605
5014 9712
5760 8438
5818 8385
5751 8204
5990 8477
4351 9858
5876 8308
5824 8264
5381 9101
6047 8463
4125 9864
4625 9350
6011 8672
5932 8631
4762 9222
4791 9236
5402 9150
5657 8383
5481 9166
5652 8371
5780 8254
5164 8839
5057 9580
5682 8322
4151 9863
5572 9080
5196 8946
5262 8753
5464 9116
5266 8791
4677 9347
4901 9708
5605 9007
4222 9907
4215 9912
6063 8575
4990 9647
4941 9625
6142 8488
5318 8721
5241 8867
5158 8954
6058 8567
5903 8683
4212 9885
6097 8509
4242 9826
5981 8620
5324 8767
6085 8496
4636 9450
6132 8460
4996 9598
5540 9050
5172 8907
5602 8934
4689 9561
5593 8913
5993 8288
5113 9461
5592 8897
4388 9790
4579 9980
5735 8568
5343 9214
4575 9982
6104 8445
4956 9338
4824 9719
5048 9354
5821 8586
4981 9269
4649 9579
5390 8780
5457 8724
4712 9519
5840 8601
4489 9944
4188 9998
5987 8246
5202 8964
5221 9021
5510 8927
5925 8313
5214 8963
5201 8975
5063 9383
5713 8499
5059 9381
5949 8278
5121 9069
6116 8329
4799 9681
4647 9557
4211 9984
5944 8260
5955 8255
4468 9738
5991 8216
5820 8508
6080 8258
5464 8918
4571 9801
5226 9209
4480 9748
5610 8830
4482 9757
4808 9576
4509 9790
6120 8270
5569 8806
5493 8924
5902 8359
6135 8284
5224 9155
5608 8772
4746 9530
5547 8730
5980 8431
4420 9981
5606 8743
5730 8611
5974 8340
4549 9735
5444 8847
4692 9627
5933 8447
5430 8932
4962 9398
4829 9479
5580 8720
5942 8424
5649 8691
4412 9946
4657 9689
5808 8536
5196 9126
4967 9354
4775 9558
5223 9108
5586 8741
5453 8887
6024 8307
5831 8508
5320 9012
5470 8865
6858 8906
6700 8750
6474 8526
7199 9241
7503 9545
7625 9678
7919 9960
6478 8518
7462 9518
6299 8336
7619 9683
7415 9446
6777 8810
7392 9459
7204 9276
7184 9226
7958 9994
7776 9854
7659 9674
7765 9844
7903 9981
6224 8306
7846 9861
6181 8193
7104 9192
7626 9702
6890 8920
6736 8803
6670 8763
6500 8541
7221 9228
6381 8366
6608 8598
7318 9436
7683 9807
7455 9552
7465 9593
7428 9560
6966 9067
6604 8622
7178 9326
7918 9866
6611 8628
6370 8330
6813 8941
7244 9277
6956 9055
7688 9841
6874 8792
6553 8479
6417 8598
7783 9967
7414 9343
7674 9577
7720 9917
7158 9056
6239 8391
6891 8820
7115 9044
6719 8863
6566 8455
7470 9610
6821 8704
7797 9948
7514 9712
6152 8354
6833 8730
6415 8608
7787 9924
7617 9585
6288 8228
7161 9036
7091 8966
7818 9778
6741 8941
7023 9174
7276 9430
7509 9705
6359 8297
6429 8669
6595 8453
7445 9682
6289 8280
6170 8400
7243 9345
6273 8270
6697 8953
7500 9629
6617 8458
7006 9094
7349 9324
7471 9718
7862 9834
7314 9294
6234 8382
7079 9036
7569 9597
6900 8729
6835 8798
6934 9189
7658 9503
6388 8194
6928 9194
6413 8695
6648 8451
7187 9490
7387 9688
6240 8549
6200 8501
6962 8767
6654 8427
6603 8401
7299 9630
7577 9351
8132 9956
7043 8871
8176 9940
7501 9317
6224 8570
7118 8954
6590 8328
6857 9207
7319 9687
6622 8350
7986 9840
6711 9077
7282 9526
6789 9153
7545 9265
8184 9896
7032 8746
7073 8947
6955 8829
6151 8528
6643 8363
7480 9314
7178 9559
6491 8250
6281 8680
6752 8961
7482 9305
6507 8205
7122 8885
8055 9759
7791 9988
8155 9903
7321 9711
6700 9045
7485 9280
6250 8682
6939 8856
7505 9431
7186 9620
8038 9952
6606 8263
6483 8409
8040 9954
6520 8429
6323 8486
6687 9093
6943 8895
8006 9953
6842 8978
7391 9586
6526 8401
7117 8829
6907 9034
6607 8317
7533 9432
7562 9277
6203 8588
6485 8429
7195 9632
6160 8619
8070 9798
6580 8307
6987 8837
6294 8517
7644 9224
7210 9724
7517 9349
6331 8550
7394 9474
7465 9416
7919 9988
6609 8224
7234 9653
7016 8851
6729 9141
6389 8459
7292 9853
6535 9091
7696 9239
6937 8465
6423 8991
7952 9499
6351 8898
6368 8952
7044 8606
7941 9497
6213 8805
7744 9313
6439 8965
7890 9457
7107 8678
7745 9316
6371 8904
6331 8843
8113 9600
6236 8811
6504 9042
7332 9887
6184 8724
6878 8419
7925 9419
6848 8320
6906 8379
6192 8817
7219 9842
7754 9225
6660 8257
7027 8502
8101 9698
6501 9005
6420 9049
7716 9322
7825 9438
6476 8984
7034 8480
7804 9249
8104 9675
8172 9615
7757 9253
6404 9070
6446 9027
7896 9386
7034 8460
6812 8421
6985 8503
6584 9159
6590 9023
7105 8512
6774 8436
8066 9479
7402 9836
8027 9692
6180 8876
7207 9901
6955 8632
7276 9977
7331 9780
8076 9490
6521 9176
7162 8537
6881 8260
6220 8938
6269 8911
7687 9397
7357 9742
6144 8884
6865 8298
6489 9188
8035 9694
7218 9971
6970 8699
6441 9197
6345 8718
7898 9234
7781 9391
6225 8860
7068 8530
6492 9100
6844 8302
7843 9333
7060 8515
6787 8276
6862 8214
6705 8427
6614 9011
8163 9485
6815 8305
8065 9583
7421 9741
6205 8906
7870 9286
7795 9352
6215 8890
7955 9233
7143 8420
7721 9504
6928 8200
6254 9077
7991 9259
6904 8666
7680 9507
6658 8487
7516 9845
7133 8432
8103 9367
7611 9865
6496 8787
7496 9852
8135 9468
7035 8249
7964 9306
7779 9513
6425 8787
7012 8239
6821 8686
7891 9624
6940 8275
7940 9300
7529 9784
6705 8547
7831 9664
7684 9564
6556 8896
6781 8483
6989 8210
6517 8746
6411 8814
6728 8495
6929 8315
6984 8226
6523 8720
6946 8269
8117 9434
6957 8285
6399 9101
6563 8912
7983 9301
7866 9669
6329 9011
6201 9139
6493 8912
7923 9571
7796 9701
6592 8786
7863 9507
7312 9990
7945 9375
8071 9233
6343 9040
7960 9344
6271 9183
6893 8525
6653 8793
6710 8592
6643 8795
6811 8498
7458 9874
7053 8253
6983 8441
8019 9452
6525 8898
7792 9652
7753 9612
6968 8434
7018 8352
6581 8830
7920 9531
7005 8325
8173 9267
6402 8924
7138 8252
6970 8404
8106 9285
6646 8711
8110 9302
7651 9755
6758 8602
6834 9906
7969 8998
7271 8318
6839 9899
7607 8617
8085 9143
6759 9794
6692 9729
7957 9017
6450 9500
7610 8596
7190 8248
6806 9894
6606 9722
7793 8773
6555 9645
6308 9445
6532 9670
6467 9473
7545 8506
7831 8915
7590 8685
6689 9838
8012 8984
6412 9563
7897 8889
6509 9477
7270 8201
6344 9400
6341 9398
7683 8822
7487 8638
6151 9348
7324 8215
6840 9781
6728 9945
6635 9593
6714 9897
7947 9119
6378 9340
6152 9374
6621 9547
8089 8961
7401 8305
7067 9986
7495 8668
6394 9318
6863 9808
7830 8758
8080 9016
6256 9433
6550 9529
6279 9271
6676 9893
7290 8387
7646 8551
8027 9114
8098 9059
7749 8838
6345 9229
7938 9156
8111 9064
6529 9549
7838 8782
7710 8911
6325 9312
6311 9342
8022 9103
7754 8855
6877 9731
7939 9186
7907 8706
7510 8631
6451 9687
6239 9396
7589 8521
8061 9097
7900 8744
7598 8539
8018 9131
6392 9218
7882 8758
7234 8383
8085 8853
7720 9000
6363 9690
6419 9239
6941 9752
6244 9570
7976 8736
7303 8590
7286 8573
6661 9995
7725 8995
7706 8981
7627 8410
7855 9149
7784 9086
7149 9971
7481 8219
7045 9888
7033 9820
8127 8857
7173 8493
6475 9339
6457 9229
7013 9809
6469 9330
8156 8933
7028 9777
7849 9187
7263 8467
7896 9096
7557 8404
7226 8553
6980 9751
8060 8741
7675 8358
6291 9676
7664 8337
6191 9548
7785 8973
7124 9918
7376 8637
7167 9874
6599 9384
6770 9986
6950 9815
7752 9018
8084 8938
7440 8303
8122 8754
6997 9949
7238 8649
7961 8854
7189 8580
7750 9172
6333 9512
7540 8428
6196 9644
7386 8514
7604 8212
7764 9206
7892 9079
8081 8757
7266 8655
7010 9933
7074 9744
7395 8534
6275 9524
7853 8980
6549 9262
8100 8735
7744 9213
7539 8397
7239 8582
7266 8609
7461 8418
7140 9771
8041 8883
6948 9983
8108 8818
7592 8310
6254 9611
7130 9788
7141 9740
7892 9022
7370 8484
7066 9844
7922 8962
7139 9754
7211 8663
7902 8994
8078 8591
8148 8656
6909 9460
7845 8363
7741 8229
8091 8583
6318 9905
7134 9727
7905 8391
6281 9902
8107 8576
6374 9928
8114 8605
7464 8988
6902 9411
8090 8670
7737 8319
8152 8606
6268 9780
6770 9275
6334 9972
6320 9978
7657 9123
7100 9713
6240 9774
7470 9087
6177 9843
7155 9632
6731 9245
7518 8964
6704 9325
7256 8760
6925 9580
6988 9518
7457 9027
7183 8809
7699 8309
7191 8824
6995 9517
7452 9117
7374 8783
7761 8407
7755 8386
6280 9735
6814 9231
7132 9540
8174 8564
7652 9081
7214 8881
6246 9927
8128 8549
6326 9747
7633 9078
7653 9038
6292 9791
7758 8421
7682 8371
7873 8304
6974 9608
8087 8488
8099 8545
6317 9833
6665 9423
7814 8271
7385 8726
6899 9251
7759 8345
7913 8241
6736 9353
6762 9392
6912 9691
8095 8512
7492 9127
7489 9130
6956 9665
6975 9677
7502 9145
7879 8254
7804 8320
7059 9370
7404 9189
6662 9482
7641 8919
6486 9795
8078 8342
7855 8626
7823 8621
7926 8658
7453 8763
6921 9250
7576 8873
6676 9509
8059 8266
7593 8858
7655 8914
7724 8474
7748 8562
6800 9643
7975 8219
7189 9046
7306 9161
7028 9267
7459 8811
7839 8659
6678 9563
6927 9305
7303 9180
6961 9297
7109 9380
7905 8578
7057 9461
7808 8676
8163 8324
6560 9939
6879 9638
7484 8774
8056 8442
7015 9443
7341 8996
8058 8432
7062 9242
7011 9453
7478 8888
7045 9238
8051 8416
7517 8901
7205 9148
7915 8561
6546 9737
7223 9110
7358 8986
8110 8203
7331 8969
7600 8732
6836 9477
8171 8282
7714 8600
7260 9185
7828 8490
6797 9551
7814 8517
6742 9621
7110 9228
6621 9746
7640 8727
8073 8281
7032 9385
6553 9800
6352 9987
7566 8789
6415 9938
6872 9529
8178 8208
6919 9450
6601 9764
6670 9727
8077 8313
6569 9821
7229 9157
6695 9694
