1000 1000
941 943
992 995
572 575
411 415
928 933
850 852
242 245
795 796
130 138
641 649
608 616
530 538
613 622
326 330
196 200
884 888
391 394
529 540
469 472
358 363
870 875
295 298
803 813
454 456
117 122
774 791
971 985
872 891
398 410
229 253
128 152
301 309
547 569
65 90
520 532
647 666
908 913
90 123
323 354
793 827
129 163
596 631
654 685
68 98
269 298
134 161
87 125
897 939
70 107
584 613
920 936
272 288
732 748
260 309
587 633
522 568
341 359
466 480
599 612
770 822
210 230
221 233
979 999
577 628
714 764
525 565
902 957
832 891
643 703
263 314
723 748
319 383
20 84
136 201
4 69
651 714
178 240
780 847
517 582
679 739
46 106
22 82
425 492
19 84
38 108
515 584
2 78
24 85
300 353
819 894
299 357
179 252
17 94
390 470
403 451
409 458
398 474
12 89
41 124
689 745
433 488
395 465
551 636
656 715
679 763
56 100
189 224
421 504
15 81
446 478
423 450
164 195
175 199
40 65
685 711
280 372
660 740
642 754
804 854
814 861
439 451
949 960
528 614
141 251
806 849
696 719
950 972
308 334
437 463
18 105
415 481
676 730
927 993
941 979
531 658
86 215
24 154
799 922
319 442
62 184
600 734
860 980
115 248
573 688
590 707
59 181
54 166
622 767
343 454
104 250
776 927
824 943
626 746
601 704
585 723
560 684
92 193
820 938
39 184
595 716
366 462
350 510
779 939
381 479
834 992
290 384
261 416
618 717
802 906
85 254
257 426
831 915
303 384
341 506
10 187
37 145
555 668
343 480
577 761
775 958
514 699
36 152
373 459
855 1000
563 753
95 157
257 450
786 982
581 640
102 160
790 977
581 653
86 158
543 727
103 174
315 496
621 673
296 484
327 394
314 490
868 950
592 644
268 472
610 692
275 453
76 149
570 739
541 708
774 988
771 990
599 649
261 474
91 132
866 898
856 952
534 759
773 996
769 999
114 149
94 185
535 752
31 246
382 407
290 459
74 164
271 481
367 385
297 455
291 460
79 191
813 988
350 429
368 387
586 697
818 966
260 497
864 918
33 214
566 705
639 646
351 422
576 698
894 901
827 964
519 760
306 461
675 931
182 439
725 982
31 284
150 405
602 862
630 883
672 934
604 859
617 878
111 360
241 505
229 493
724 990
237 486
153 402
617 866
664 917
729 980
553 807
667 916
513 782
218 458
611 886
706 983
1 279
8 286
678 958
675 954
648 913
244 494
574 802
111 371
48 301
561 815
190 416
34 258
215 502
703 925
83 378
627 857
133 431
163 392
27 304
228 457
565 794
541 812
744 986
119 323
156 424
646 944
97 342
204 501
562 779
181 399
678 924
747 976
701 902
46 274
637 833
38 282
635 838
607 864
109 300
13 335
552 874
17 339
766 956
217 410
569 892
621 808
131 452
605 789
557 871
202 385
255 436
95 273
44 355
642 978
563 865
166 498
5 337
172 504
662 963
239 441
624 808
50 362
64 280
532 845
5 345
190 482
72 276
165 507
171 500
185 473
722 947
634 792
209 435
615 772
699 991
146 502
244 401
255 407
83 312
204 418
578 818
744 921
68 310
512 882
222 426
67 310
57 332
730 940
517 893
219 418
201 432
544 858
695 972
235 400
546 863
49 332
533 872
6 376
62 321
238 366
197 324
41 427
683 809
721 850
162 289
9 397
205 328
137 271
160 294
170 291
189 311
53 440
104 486
575 945
562 956
701 819
597 964
208 324
1 405
760 877
48 421
526 920
42 445
126 487
539 898
547 953
19 392
138 278
661 777
124 483
709 869
172 269
762 857
69 483
123 465
11 423
657 829
221 368
114 477
127 464
659 828
205 380
252 334
656 803
743 851
727 867
736 853
696 782
211 356
568 911
607 998
681 787
692 778
516 955
602 922
78 399
75 393
113 434
177 373
616 942
628 947
47 487
11 449
598 925
28 471
746 806
640 844
708 776
540 977
650 859
647 851
658 838
667 846
198 272
120 430
713 798
228 317
682 880
520 978
52 489
77 429
553 969
171 329
54 467
30 505
139 364
140 363
641 873
564 989
103 397
743 781
555 961
556 960
234 262
182 347
147 381
58 468
756 768
82 422
671 873
207 313
43 476
226 283
605 929
23 491
683 854
693 843
539 997
253 259
156 668
336 848
307 817
285 792
118 625
283 796
220 724
441 944
318 823
206 711
207 707
148 666
351 848
15 512
64 591
6 521
241 736
354 880
259 784
49 549
413 904
475 962
117 623
320 858
511 997
270 789
370 878
243 751
313 805
322 860
406 905
428 909
234 718
212 753
288 773
419 901
395 940
365 842
231 704
232 719
444 916
294 783
36 525
496 986
56 530
88 627
409 946
39 521
161 654
168 664
362 856
35 528
55 513
76 625
278 811
16 557
108 593
316 892
264 841
175 749
116 567
211 663
16 597
216 670
348 790
131 713
142 706
428 994
380 812
273 833
376 809
120 554
42 633
251 680
383 811
208 644
400 965
231 690
35 629
501 931
292 882
29 580
492 949
213 655
34 638
79 531
146 718
4 601
379 799
443 989
61 603
115 533
285 890
287 887
176 728
192 681
349 822
58 593
488 900
467 959
457 932
305 862
470 953
180 731
14 638
270 895
63 589
33 596
203 701
466 932
499 907
63 583
88 546
126 516
227 665
28 608
247 651
511 897
352 798
265 886
256 896
142 527
325 967
32 674
489 875
348 991
218 606
335 967
52 700
302 935
506 883
91 721
51 697
427 800
113 737
299 954
287 910
236 639
387 784
216 588
263 915
80 709
97 759
304 934
7 671
129 537
322 987
386 793
116 751
10 657
275 911
44 688
471 842
191 545
268 914
99 765
110 752
388 795
321 993
475 890
8 682
118 722
494 840
144 567
279 955
151 570
508 844
445 780
194 624
508 846
151 549
222 619
110 728
436 771
77 757
353 987
495 853
293 926
449 893
256 957
447 769
227 604
340 917
247 566
448 770
352 930
419 869
121 702
188 629
382 951
447 884
26 726
153 598
388 852
446 879
225 560
179 609
25 715
73 669
443 879
333 921
248 556
258 983
159 585
80 648
453 797
452 797
223 515
281 965
55 747
101 645
425 840
196 550
173 591
133 609
174 587
60 729
180 594
311 976
169 590
130 618
101 653
32 712
358 908
308 984
246 536
137 614
420 843
223 559
337 928
468 805
249 523
93 686
178 583
21 738
25 750
509 778
254 518
168 592
29 741
437 845
336 937
167 606
2 761
306 969
340 936
307 975
30 738
328 948
509 765
43 810
186 952
435 695
3 775
327 579
99 870
357 611
379 636
141 906
61 821
224 1000
355 619
444 694
329 578
296 548
66 847
282 535
413 659
434 674
463 735
209 963
372 615
302 571
26 783
370 612
417 694
9 785
346 579
404 655
414 643
105 887
194 995
431 650
40 781
232 973
330 620
238 968
89 895
27 828
433 665
478 758
277 573
396 677
51 794
491 705
176 923
412 689
12 801
396 700
284 558
183 900
148 935
183 899
408 686
7 816
73 881
333 631
344 610
155 929
338 623
122 839
23 810
45 787
112 816
479 670
367 558
75 777
389 710
349 542
71 772
265 588
100 801
485 672
144 981
464 662
318 632
219 924
233 942
493 677
331 514
326 524
249 946
401 733
411 725
13 835
495 673
37 885
159 974
482 691
386 720
375 548
338 518
128 981
498 676
74 786
119 814
210 907
503 684
147 975
195 926
305 620
60 865
121 804
96 830
220 899
14 849
460 687
430 712
477 698
374 529
239 903
412 756
192 937
45 836
226 904
136 996
342 571
139 998
391 758
225 912
289 595
245 902
390 757
170 985
365 537
360 543
371 523
3 889
393 755
346 545
67 831
267 630
240 909
188 962
448 576
186 826
456 586
325 710
22 914
20 912
377 764
187 830
297 687
66 970
339 731
440 561
507 626
53 959
364 742
71 973
455 589
420 559
361 740
320 717
70 968
406 536
199 855
438 551
235 889
424 572
361 767
461 603
369 742
374 737
292 691
92 971
47 951
389 542
18 905
21 910
217 836
408 519
197 868
198 871
499 594
375 726
476 637
473 635
132 800
50 919
432 534
316 660
135 815
145 825
414 564
109 966
295 652
242 863
154 820
417 527
331 741
155 821
57 918
281 680
165 788
236 861
250 841
442 526
127 970
140 826
344 750
243 837
213 867
497 582
293 669
356 732
359 735
262 702
98 984
59 896
125 961
112 974
134 824
266 693
107 938
462 524
490 552
484 550
102 930
212 785
315 766
303 745
81 919
143 839
378 690
500 574
312 754
277 734
438 634
143 835
345 661
347 663
404 600
162 876
87 903
317 749
150 834
267 733
403 580
264 720
276 716
106 945
158 837
177 877
203 791
169 885
510 544
167 888
274 755
214 823
286 763
230 768
402 632
135 874
173 832
200 807
266 762
157 876
369 645
377 652
206 825
93 933
237 788
202 817
96 923
72 948
193 829
503 522
469 554
485 538
