10000 9999
2012 2013
1224 1226
1761 1762
1152 1156
3426 3430
8010 8014
968 973
1571 1573
3076 3086
211 217
294 298
2599 2603
2070 2074
7603 7614
3300 3317
9775 9790
357 374
1832 1853
229 243
3757 3771
6661 6675
3630 3638
5354 5362
1705 1713
6566 6590
4077 4086
555 567
1486 1491
813 816
8941 8947
2369 2401
8133 8160
3663 3690
8022 8049
6422 6462
5579 5601
330 352
1112 1139
1114 1137
3462 3496
5141 5157
2050 2098
2689 2737
6547 6562
1612 1661
1883 1897
5402 5417
8404 8423
6421 6433
213 225
7876 7920
7818 7870
2847 2858
2963 2981
5329 5353
4309 4333
8987 8994
395 439
2371 2431
727 747
7696 7727
6193 6256
5670 5735
804 870
2986 3048
956 1019
5556 5629
2330 2384
5653 5720
8498 8572
7190 7239
5524 5574
3996 4047
9101 9182
5168 5220
4363 4446
4874 4947
2231 2285
7468 7542
5763 5849
7230 7269
1553 1612
7940 8025
6164 6217
1706 1780
5133 5202
6669 6738
7302 7398
7838 7935
8746 8776
1414 1506
7693 7787
5380 5484
3474 3577
5564 5591
2573 2662
1077 1118
7089 7132
3987 4092
7821 7933
2609 2624
4281 4296
1466 1483
1710 1756
8722 8807
940 985
9627 9709
6950 6992
7739 7747
4412 4421
1433 1506
7690 7793
8558 8686
7796 7924
8803 8931
7699 7827
5496 5626
6477 6607
9259 9385
9802 9929
5197 5321
7512 7645
4356 4482
533 659
3109 3234
9536 9672
1366 1500
4205 4326
5132 5249
1319 1450
835 974
4220 4338
7277 7420
5645 5788
4929 5075
5930 6073
3902 4013
5679 5819
2378 2526
1378 1526
4175 4314
9265 9380
6673 6791
3 148
4459 4595
6989 7127
1886 1986
1835 1973
327 473
4377 4487
8481 8638
3949 4045
8995 9090
6946 7040
8962 9121
105 205
8751 8843
7177 7340
1802 1967
8981 9139
8044 8138
3877 3971
2095 2184
9473 9641
5461 5628
6271 6357
5999 6082
6762 6852
1914 2005
811 900
3136 3311
6996 7142
1810 1958
1891 2007
3925 4065
3162 3310
5469 5605
3118 3221
5452 5623
2078 2210
95 226
1054 1184
3921 4078
4666 4858
8246 8438
9569 9632
9228 9423
2339 2534
4961 5030
6747 6802
8271 8326
6940 7126
2943 2995
2137 2196
5642 5831
7195 7381
4913 5119
7182 7361
9043 9091
5755 5802
7268 7351
3432 3515
9823 9868
4675 4759
2081 2293
623 697
28 197
5935 6132
1591 1768
9553 9649
4696 4793
552 713
5728 5762
3612 3838
8287 8380
6715 6879
1327 1482
1362 1463
9294 9384
6260 6290
2563 2788
7485 7637
9815 9916
8209 8442
8518 8618
3914 4006
9506 9679
7717 7882
6463 6608
9787 9940
2357 2501
8208 8420
1871 1977
9219 9461
3407 3513
1329 1478
6265 6272
7763 7850
5918 6114
1917 1920
3940 3994
5945 6087
5651 5869
3271 3527
4301 4556
1163 1417
7732 7991
4721 4978
3200 3460
7875 8134
3645 3896
32 293
26 285
7192 7444
4223 4467
8296 8550
6226 6492
5252 5515
7213 7458
5155 5420
3593 3865
7323 7563
2195 2432
4746 5017
6907 7151
5643 5919
8325 8592
4711 4977
1583 1846
6851 7128
7249 7498
8327 8603
6251 6519
9337 9575
665 902
79 336
7305 7574
2051 2332
5819 6043
5128 5416
6723 7011
58 280
3263 3485
719 1004
111 331
4136 4365
6354 6644
3800 4094
4727 4944
5788 6075
5139 5428
5199 5478
3626 3846
3254 3483
4623 4896
8424 8664
6173 6444
6262 6471
8796 9070
6858 7160
6890 7129
8784 9059
8772 9072
3585 3892
4206 4441
5730 5973
55 271
752 969
2180 2494
5818 6022
5760 6076
4699 4965
3723 4042
8950 9141
3153 3348
9454 9643
117 307
5251 5572
3806 3993
9363 9688
9416 9603
3269 3465
1633 1837
4620 4929
1138 1340
9453 9663
7284 7462
2578 2881
1128 1340
9389 9720
6885 7088
4133 4477
3283 3465
579 792
8918 9096
195 412
6285 6639
8278 8501
7304 7662
3814 3982
1142 1311
2219 2498
1714 2014
8862 9203
4841 4999
5659 6005
231 392
512 880
8440 8586
4704 4882
8222 8554
170 478
3202 3574
5642 6015
766 905
8402 8613
4799 5062
99 282
8765 9030
5160 5544
8846 8975
3262 3388
2589 2974
184 319
1103 1479
1550 1927
5142 5532
4271 4389
6167 6557
3298 3433
6834 6974
1057 1455
9246 9612
1239 1347
6314 6462
8789 9153
3837 3944
7412 7522
1754 1868
5265 5382
8820 9198
5250 5406
4289 4445
53 427
7887 8016
7871 7968
3314 3437
8789 9205
9368 9534
3255 3359
6780 7124
8337 8505
8845 8997
5368 5458
3644 3990
2660 3022
2567 2988
7698 8126
8446 8530
2177 2348
6758 7112
8942 9024
4252 4397
5850 5995
3710 4044
161 275
7854 7962
2798 2906
1269 1344
8763 9102
6216 6640
8358 8479
68 511
7892 8047
7837 7969
2567 3003
8350 8482
2274 2398
2737 2829
8939 9045
753 817
9307 9626
569 1020
3806 3867
7266 7591
4737 4935
8741 9186
2143 2456
1726 1913
5687 6128
9324 9638
3783 3853
680 867
4311 4378
9340 9650
2209 2415
1761 1841
4688 4993
8706 9174
2599 3059
4811 4895
6805 6977
2187 2396
5720 6016
1617 1929
5308 5476
7883 7954
6146 6616
2125 2455
623 948
672 893
4839 4920
8764 9180
1618 1970
3650 4003
3119 3534
3148 3502
4641 5059
3684 3969
3809 3847
3198 3480
2264 2367
2792 2831
5273 5488
178 344
8328 8547
8324 8559
2668 2951
2622 3027
9375 9586
4308 4410
4199 4503
7389 7470
2566 3059
4341 4355
8238 8664
6838 6976
4233 4479
8928 8982
7220 7619
1210 1346
9960 10000
1607 1982
4710 5020
6902 6924
5279 5477
8757 9166
7415 7435
7694 8178
3800 3877
1151 1409
6333 6467
7430 7943
5409 5920
171 686
3337 3852
6434 6948
7271 7776
8536 9055
258 773
6297 6801
6256 6777
1167 1669
5599 6101
4179 4697
2153 2658
4607 5107
7380 7897
265 775
7666 8188
8541 9042
3177 3704
8575 9070
5184 5713
354 883
1316 1847
5309 5801
1465 1966
5296 5799
7232 7767
8200 8720
6238 6724
316 807
37 569
8503 8983
3112 3592
1405 1884
2124 2670
4384 4866
1041 1587
2401 2883
249 730
4470 4949
5579 6127
419 903
8429 8906
5226 5709
1444 1932
1426 1979
6392 6869
6508 6977
3519 3983
405 933
1133 1628
1261 1758
5589 6112
230 723
382 840
2403 2900
4155 4609
1045 1582
1140 1615
8685 9169
4499 5038
1191 1689
4450 4957
3417 3942
230 678
2479 3054
5246 5695
4432 4881
4364 4942
5142 5717
4391 4962
8232 8813
3472 4054
2464 3046
7450 8029
2271 2712
2277 2733
6328 6898
1242 1680
3491 4072
8549 9000
6372 6825
7484 8049
8269 8707
3427 3885
9262 9824
4247 4807
6319 6910
2083 2674
8414 8844
7278 7740
504 942
5369 5806
2068 2636
7442 8010
6472 6930
2460 3014
7484 8038
3566 4021
7290 7713
8276 8714
1097 1579
3341 3951
7573 8182
8339 8944
185 733
404 1009
233 655
2101 2642
1425 2041
7644 8116
8467 9081
5237 5656
9320 9733
3556 3977
1113 1588
7358 7891
7490 7986
4501 5092
445 972
4544 5044
5159 5714
378 783
5277 5864
3316 3714
4320 4758
5277 5867
5573 6066
5453 5940
496 906
3083 3696
1122 1566
1402 1798
3548 4000
4413 4928
1094 1592
3144 3639
5618 6002
6499 7139
8456 9096
2438 2823
1492 1879
9248 9894
4606 4984
4215 4863
2405 3052
8627 9018
54 703
1293 1921
9607 9994
488 869
8455 9097
5513 5894
4219 4852
6198 6822
2188 2588
4461 5116
3487 3850
8308 8931
406 769
5374 5737
8271 8920
8601 8961
275 907
2537 2928
155 514
6300 6657
8522 9173
9334 9940
4572 4985
4249 4668
3294 3707
7502 8168
9313 9926
9443 9796
6584 6931
2349 2950
2362 2966
2329 2997
1083 1686
151 570
1121 1743
5185 5870
363 964
6574 6941
3356 4015
1303 1955
8495 9114
8296 8926
1119 1767
3245 3605
9251 9883
8419 8793
7635 8040
7545 8135
7414 7753
3105 3742
8564 9140
6152 6857
3531 3849
5251 5697
1480 1804
305 1012
1514 1839
7660 7978
8364 8811
8679 9007
2485 2941
2183 2638
2415 2982
8621 9057
8629 9080
4220 4786
3506 3964
2071 2776
4305 4638
5490 6050
9228 9949
297 1019
3164 3726
5577 5914
7299 7760
2382 2973
6239 6795
6513 7079
5333 5635
1120 1719
6573 7031
8469 9167
63 738
5297 5742
8674 9021
7531 8075
1272 1560
5156 5829
3214 3695
9378 9792
1234 1584
4452 4999
3435 3981
3392 4010
5171 5848
1439 1906
7537 8092
1135 1665
6180 6859
8319 8848
1035 1764
9304 9896
8542 9132
8425 8731
7557 8055
2065 2787
8253 8910
508 776
4441 5039
6205 6859
8260 8882
8267 8893
2125 2747
2063 2808
6441 7134
3414 4015
9289 9904
1355 1969
1112 1701
2269 2592
8394 8759
2416 2958
5318 5688
6442 7125
6271 6784
4315 4644
1262 2031
5223 5988
3553 3813
6565 6816
4125 4890
9543 9807
7416 8180
1266 2046
3142 3915
6321 7100
468 730
8667 8917
2101 2854
6457 6701
5391 5658
4554 4831
2414 2680
1404 1636
6541 6805
1472 1753
7418 8163
6268 7013
7262 8007
2555 2785
1499 1729
7448 7684
1279 2019
5369 6117
6178 6974
8322 9119
1351 1639
54 790
1511 1734
1063 1798
9501 9784
6185 6927
2547 2773
3470 3750
332 612
1532 1748
4155 4882
6460 6677
8587 8866
2187 2977
9697 9931
3341 3623
3540 3833
58 791
2157 2882
4354 4653
2186 3002
1456 1664
2343 2581
1254 2002
4316 5097
4569 4844
5357 6104
8207 9016
1494 1774
7319 8110
2394 2656
7196 7975
1449 1684
494 723
433 652
1158 1979
2552 2759
4242 5074
2453 2774
2559 2746
2117 2818
5145 5969
278 607
411 722
3348 3678
9611 9927
6197 7035
2268 2956
7585 7921
1056 1906
5324 6047
6577 6882
7229 8041
6501 6706
5301 6124
450 665
2383 2606
9613 9967
8333 9199
431 714
4399 4681
5560 5855
8701 8858
2282 2946
1208 2001
9582 9735
1510 1675
5448 5669
1442 1740
6482 6716
2082 2893
189 973
4263 5079
1207 1990
317 588
1263 1949
6643 6789
5226 5907
3225 4069
7564 7920
478 675
8649 8887
5214 5921
6617 6745
2145 3041
9682 9810
2096 2994
1294 1672
1193 1839
6455 6846
8214 9119
6262 7167
9608 9730
3583 3701
8670 8786
9486 9858
2246 2890
2484 2596
7244 8157
3447 3814
3475 3586
8305 9186
5523 5632
7445 7808
2515 2629
7363 8020
3150 4057
1191 1855
2385 2760
4581 4732
2557 2663
7633 7755
423 573
6495 6851
4563 4685
6466 6883
5231 6089
1061 1922
8410 9085
6604 6756
1178 1840
5181 6039
1308 1718
4164 5103
3217 3901
6355 7039
9585 9923
6274 6960
7243 8185
5337 5994
7264 8149
4184 5101
1109 2019
8258 9204
1051 1964
3270 3966
4574 4710
3121 4081
6288 6993
1149 1977
2220 2920
4274 4980
5159 6112
9494 9937
1043 2011
3223 3933
9726 9780
8587 8768
2397 2710
6156 7104
7412 7994
3121 4095
1519 1568
4180 5019
3354 3786
1056 2033
4532 4709
500 550
6570 6777
162 886
2491 2670
3439 3770
3420 3722
9651 9829
4446 4743
9680 9739
8265 9109
312 741
6238 7041
6490 6842
2172 2972
3560 3593
7401 7946
9684 9776
8192 9189
8376 9054
5131 6124
5359 5893
6525 6806
2505 2597
4110 5091
2143 2991
1328 1728
138 895
7290 8079
3203 3957
9499 9952
283 743
2367 2754
4523 4692
2538 3560
6374 7396
2816 3844
960 1988
2140 3161
4628 5649
8821 9840
11 1037
6967 7985
4232 5263
877 1893
8303 9318
4599 5630
8598 9628
2213 3253
2372 3412
6367 7375
8360 9402
24 1034
6895 7933
2239 3243
8227 9270
4381 5376
8550 9542
2319 3374
8662 9719
4564 5621
2135 3190
7086 8074
6717 7705
8863 9914
348 1401
3039 4087
714 1760
4227 5295
4917 5913
199 1258
4622 5664
5046 6041
4481 5553
971 2043
8562 9539
6802 7843
542 1578
2955 4028
2890 3954
6459 7426
8783 9846
4933 6012
2216 3218
8506 9473
6431 7459
8496 9484
2222 3219
4924 5889
8828 9794
891 1861
939 2026
774 1863
808 1899
382 1341
6611 7575
2683 3647
4931 5895
8853 9937
8911 9865
2263 3217
6899 7867
2988 4064
4613 5704
7112 8069
6554 7639
6702 7776
4683 5637
4295 5257
4364 5468
8310 9254
4484 5586
4972 5947
6839 7917
2103 3179
6544 7629
8909 9874
2376 3351
9071 9998
6403 7521
540 1663
833 1829
8680 9613
4835 5765
2874 3932
6486 7473
6394 7325
328 1313
4500 5627
8918 9913
6946 8019
6634 7576
6807 7909
7118 8125
6612 7591
2837 3936
137 1276
5070 6070
2734 3796
2342 3418
2523 3494
744 1685
4870 6009
7010 7965
938 1834
4996 5892
285 1439
951 1845
7048 7947
2406 3555
8956 9849
966 1859
6558 7446
6358 7262
4850 5758
6545 7455
4490 5381
2261 3141
8870 9783
2340 3511
6845 7726
4888 6028
6734 7898
578 1750
1006 1915
2161 3300
2197 3075
2050 3220
3030 3905
2423 3552
4143 5303
8929 9848
6208 7386
6243 7417
398 1301
8232 9396
2774 3659
6723 7900
2203 3131
4883 6067
4297 5224
6285 7212
2944 3873
2724 3590
6507 7631
2100 3219
4156 5268
7076 7948
4947 6141
4109 5283
7 1193
6839 7705
4320 5199
6214 7415
992 1873
8533 9696
497 1348
6516 7618
8948 9794
8378 9218
6915 8122
4280 5122
2811 3648
2191 3124
8277 9454
937 1813
8932 9764
6339 7170
4186 5275
2144 3235
485 1318
679 1635
526 1738
8679 9519
6145 7369
4307 5146
140 1095
7017 8098
2513 3357
8607 9553
6953 8166
6965 8164
4238 5215
8336 9283
6828 7800
716 1561
8800 9910
6487 7552
141 1111
8795 9856
2543 3380
6997 8072
2461 3392
2329 3527
6988 8082
737 1598
178 1106
2727 3651
4516 5440
251 1055
3044 3840
493 1290
8810 9859
2351 3525
4398 5570
3026 3903
8365 9280
831 2000
4174 5310
667 1643
2263 3111
2425 3464
299 1498
2384 3490
645 1654
6166 7394
2211 3158
4237 5240
5084 5930
6503 7569
6937 8175
8795 9891
637 1670
263 1531
6725 7866
4808 5687
8202 9482
472 1240
4339 5619
8657 9424
6433 7203
4574 5340
4848 6131
459 1231
4954 5726
6747 8030
8294 9571
418 1194
6831 8102
6320 7611
8525 9286
6569 7334
6634 7419
6451 7202
208 1473
8676 9462
645 1937
633 1901
6178 7476
2324 3084
6901 8172
4225 5528
4791 6060
6808 8068
2844 3584
4994 5791
6571 7349
4888 5688
133 1444
4917 5652
4361 5162
8256 9575
6381 7620
4505 5296
4706 5960
364 1095
9053 9843
6813 8115
8750 9985
2621 3858
4827 6123
4440 5224
6376 7641
365 1115
4422 5232
976 1766
6699 7964
856 1632
2634 3952
2390 3181
6918 7741
8533 9321
5021 5795
6611 7315
520 1864
2919 3623
6561 7392
6171 7513
6408 7242
4626 5969
674 2022
8311 9523
532 1875
4424 5135
4628 5971
8366 9702
771 1611
2864 3705
6232 7441
2266 3473
6413 7233
2234 3575
2515 3228
4258 5613
2522 3210
2612 3941
4577 5298
6267 7464
980 1665
2848 3701
2214 3571
6304 7673
899 1752
4958 5632
2339 3197
2653 3842
850 1549
782 1646
9187 9857
2846 3709
8312 9500
6524 7193
8680 9344
949 1757
2844 3702
8512 9258
4487 5356
4100 5481
695 2010
8532 9273
2654 3888
9060 9738
6812 8179
6478 7231
9181 9900
7096 7881
2244 3510
8965 9841
6972 7752
2385 3109
4379 5230
4916 5699
4798 6084
763 1920
4667 5959
6738 7982
4508 5345
2899 3628
9047 9768
8272 9682
8447 9596
511 1148
8993 9890
4207 5611
6631 7267
6464 7365
2949 3587
4873 5775
373 1277
805 1711
9200 9851
6681 8082
30 1427
4382 5264
4530 5180
8357 9515
8250 9652
139 1307
6674 8066
638 2030
4465 5346
4245 5377
942 1594
6917 7825
8255 9642
9192 9855
2749 3876
825 1699
2447 3092
5112 5731
6348 7504
1010 1646
2820 3737
783 1681
4260 5435
1021 1629
6740 8181
6165 7604
4275 5393
8647 9315
3061 3665
2325 3248
6470 7392
6363 7548
9165 9834
601 2046
6296 7487
4118 5566
1022 1623
6656 8107
6378 7489
6368 7499
6545 7226
4794 5910
2709 3896
6221 7650
8278 9721
6720 8175
1008 1631
7160 7767
2107 3467
2914 3795
6932 7847
7123 7783
865 1748
2495 3081
8383 9480
4666 6029
2088 3472
4189 5604
768 1721
4154 5510
4940 5873
873 1751
8377 9479
3058 3661
4400 5360
6163 7632
2158 3498
2228 3440
6203 7679
4921 5884
8498 9463
4810 5900
6333 7547
4407 5372
4988 5815
8691 9279
8682 9252
6560 7279
2248 3352
2711 3911
662 1862
4362 5339
6157 7640
2748 3947
4204 5556
8578 9306
8473 9408
2926 3762
2935 3755
6899 7983
224 1342
7140 7738
9006 9968
6973 7901
8446 9503
2728 3914
6567 7236
927 1658
205 1320
4160 5541
8266 9644
8538 9405
2383 3239
474 1074
313 1232
6609 7224
2832 3834
2151 3469
183 1372
4455 5258
8523 9381
8604 9330
2865 3777
8342 9574
8361 9560
6649 7181
4135 5587
4517 5200
7150 7704
2658 3989
2611 4042
2501 3132
7138 7707
8199 9725
2729 3922
4558 5173
1015 1548
7106 7742
151 1387
2736 3918
247 1783
8775 9285
2346 3880
8195 9729
6676 7185
2210 3751
4640 5161
4837 5359
4525 6054
2836 3359
4980 5496
8451 9999
9194 9703
2866 3391
6469 8008
4453 5992
9179 9675
2133 3653
4561 6081
309 1828
6548 8070
9046 9541
4308 5831
7121 7621
548 1086
6445 7990
6179 7736
8432 9964
530 1039
6174 7681
6787 7324
8958 9436
596 1136
2983 3457
206 1769
8216 9776
4480 6056
2392 3952
4636 5173
6381 7879
6144 7722
2810 3281
441 1941
3051 3526
4145 5663
124 1619
2631 3191
4986 5451
2846 3375
4535 6021
4334 5852
4194 5718
6744 7277
4 1596
2695 3262
580 1150
2575 3123
9115 9638
6514 8015
2975 3549
2067 3664
703 1276
562 1143
2949 3523
2799 3241
4253 5851
4392 5998
2913 3366
7066 7635
2166 3647
6370 7851
2360 3955
6390 7867
5002 5573
2871 3448
573 1138
2297 3753
851 1280
6671 7260
820 1383
4618 5214
2130 3595
6169 7744
4724 5165
806 1405
2922 3377
4418 5918
8773 9240
8349 9920
4876 5459
6578 8146
2260 3766
6571 8143
34 1606
2651 3134
4106 5740
6741 7218
2945 3558
5068 5540
2950 3566
9082 9488
4125 5750
4668 5200
6994 7486
8557 9985
2721 3279
2422 3864
2886 3369
2897 3390
2766 3233
5009 5601
8416 9873
2925 3356
8356 9936
6417 8039
4401 5958
6222 7734
507 1922
4455 5915
2741 3125
797 1436
2694 3079
6985 7627
416 1827
764 1144
6742 7378
470 1874
7092 7473
955 1341
2887 3521
642 1029
8943 9320
6759 7407
977 1368
2192 3612
4602 6007
2172 3827
4420 6101
6347 7769
953 1322
4852 5216
284 1931
895 1512
6284 7700
4716 5365
8822 9452
6959 7605
2793 3186
5064 5459
2294 3690
8323 9758
8953 9316
2514 3917
8831 9438
2843 3514
4310 5749
6714 7321
7021 7626
6804 7228
6166 7868
9115 9521
2819 3497
897 1323
2830 3493
7145 7493
6175 7855
626 1219
8777 9467
2490 3849
2328 4012
2169 3791
6287 7737
8334 9782
2898 3563
6384 7754
8412 9831
8625 9997
4241 5676
7166 7491
8395 9845
5019 5413
553 1174
6786 7229
2686 3261
6889 7210
9086 9661
2064 3796
2133 3728
8948 9265
4443 6044
109 1701
3024 3353
9175 9501
7057 7514
4139 5862
4103 5832
4993 5456
4493 5983
2573 3295
9039 9628
2445 3927
9196 9526
6483 8079
6737 7309
668 1088
2971 3398
9087 9634
998 1339
4928 5534
4251 5701
2836 3531
2220 3699
692 1131
6990 7598
5011 5490
678 1093
125 1694
580 1185
7049 7535
4431 6056
2162 3736
7015 7564
554 1222
4633 5364
2322 4095
784 1534
463 1825
2517 3876
2177 3696
2936 3466
3023 3389
4519 5968
6202 7874
9065 9616
8978 9707
725 1068
428 1878
6523 8064
2924 3479
4973 5526
4300 5680
4390 6104
4662 5430
394 1674
4161 5952
9023 9277
8943 9709
8766 9530
6488 7774
480 1771
4409 5684
3040 3309
4682 5444
4373 5659
7053 7298
4365 5634
245 2021
5058 5330
4560 5824
4447 5710
522 1304
4970 5246
2884 3153
2496 3798
2334 3590
4140 5940
8966 9247
6214 8027
6967 7210
4869 5147
7045 7322
4355 5667
5104 5328
6632 7880
8701 9950
2165 3926
2509 3822
362 1614
4395 5647
2163 3927
8756 9489
4372 5681
928 1157
6468 7779
5105 5337
4152 5904
8576 9896
8878 9607
2904 3185
6176 7947
206 2016
6193 7966
249 2006
4470 5703
961 1266
6181 7958
4530 5766
2056 3903
2426 3661
8624 9863
9053 9317
2093 3859
4451 5725
6763 7467
2746 3578
2048 3905
69 1799
4777 5610
6395 8120
798 1117
2301 4027
929 1255
2854 3169
7055 7365
2448 3803
8738 9583
8634 9972
6154 8026
4202 5946
344 1544
930 1265
6350 8093
8467 9799
8478 9802
4370 5702
531 1349
9098 9436
392 1758
4813 5530
4704 5434
96 1850
4496 5834
2473 3826
951 1259
4713 5431
2206 4033
4915 5203
435 1747
2161 3856
2786 3463
6410 7791
2652 3386
4715 5379
7139 7306
3015 3246
93 1843
4244 6116
2391 3622
4500 5861
296 1626
8504 9806
290 1621
7164 7300
2905 3107
4936 5170
4581 5791
402 1769
2208 4059
35 1880
2435 3837
4514 5853
6215 8135
8478 9886
7165 7292
9206 9335
6950 7335
4615 5509
4453 5863
2241 3906
491 1647
9014 9392
303 1705
2684 3578
8892 9531
2324 3741
4731 5617
6958 7333
6520 7923
4964 5352
4975 5346
6367 8017
4673 5584
2200 3850
102 2037
8998 9394
782 1176
8899 9557
875 1277
6386 8037
2930 3306
2126 4055
8671 9798
6325 7980
2130 4040
8829 9703
6630 7804
8989 9350
778 1174
2189 3857
2399 3778
6573 7728
223 1856
4798 5407
6666 7592
2667 3522
4141 6018
2357 3719
4943 5373
4976 5315
2862 3227
302 1688
6920 7345
6962 7304
364 1744
8477 9888
291 1693
6483 7916
720 1391
2968 3111
6363 7961
8696 9786
9176 9243
5063 5123
4895 5336
8755 9722
196 1802
586 1413
9044 9348
2 2000
8634 9832
702 1388
257 1749
2164 4000
6427 7884
9022 9449
647 1375
4651 5618
875 1201
2358 3818
2731 3402
8878 9546
6576 7765
4795 5470
4419 5798
2182 3939
6878 7478
6775 7583
6249 8065
183 1884
4202 6017
8445 10000
6341 7976
2579 3554
311 1732
7050 7295
2948 3185
9106 9316
2574 3576
8600 9839
2702 3449
129 1913
570 1474
8790 9644
5049 5187
513 1530
846 1205
4571 5664
2453 3688
5713 7761
5536 7586
1002 3053
4690 6746
5567 7606
4417 6475
594 2648
4874 6913
5739 7783
406 2458
5711 7745
6071 8100
432 2468
84 2112
4979 7014
5759 7781
5465 7490
657 2702
4598 6633
5491 7506
4950 7028
433 2451
4321 6338
5470 7549
4695 6772
5418 7439
5056 7141
817 2839
1590 3614
1487 3558
5247 7254
583 2669
1730 3827
5080 7146
5342 7405
568 2572
6016 8118
1523 3530
1432 3490
5557 7566
700 2812
1693 3804
4646 6755
216 2205
4873 6991
1500 3482
1356 3334
66 2060
1475 3474
4354 6480
6064 8163
1815 3907
180 2273
892 2857
1288 3422
5668 7794
5653 7746
5271 7360
4774 6897
5322 7315
1435 3521
4923 7008
356 2360
1636 3640
5648 7756
4753 6863
4583 6585
1654 3625
5450 7466
1039 3181
5485 7438
5266 7409
5084 7099
1682 3834
1202 3290
845 2848
1343 3410
61 2131
558 2655
4750 6908
318 2381
5053 7113
1957 4048
546 2644
4774 6864
1628 3627
1390 3351
5095 7068
130 2302
5756 7680
1634 3615
5566 7616
5950 8001
5636 7812
5126 7303
4361 6536
5996 8173
829 3006
5656 7836
5849 7773
339 2516
1589 3773
1312 3501
4480 6415
5061 6997
1904 4064
4512 6448
5671 7862
5115 7022
4489 6428
5821 7716
5689 7840
5264 7178
4782 6708
928 2874
5990 8189
5363 7272
5344 7291
2021 3963
5869 7795
4478 6622
4097 6307
5441 7652
4898 7050
1546 3747
4185 6387
6132 8030
4475 6608
5379 7599
553 2695
4309 6267
38 2185
863 3055
1431 3367
4123 6315
4979 7104
1593 3725
4870 7089
5967 8183
4799 6662
376 2497
5482 7632
568 2691
4449 6618
625 2764
6043 7974
4331 6230
5596 7523
1418 3402
331 2440
1627 3743
751 2602
4802 6660
740 2595
4612 6862
322 2440
4294 6154
1856 3980
1722 3700
4259 6258
676 2679
324 2450
6029 8027
4553 6431
1488 3334
1637 3774
4156 6375
1909 4009
6071 8043
1585 3821
5248 7261
186 2149
627 2706
4767 6782
438 2388
1867 4009
4329 6155
5836 7720
4402 6614
5349 7168
705 2596
1695 3704
375 2448
684 2630
4457 6531
5402 7670
5979 8117
706 2611
5055 6987
5981 8104
1158 3187
1687 3694
4287 6213
5243 7296
872 2965
465 2351
1717 4021
5101 6893
5526 7316
4591 6378
4587 6382
1529 3324
1786 4092
563 2868
5399 7184
5936 7737
5685 7999
1360 3163
261 2062
547 2863
982 2779
4269 6562
997 2794
5227 7547
1715 4001
271 2076
4824 7116
5304 7597
5183 7465
116 2403
4779 7088
4579 6396
21 2314
4653 6962
6118 7878
1365 3189
16 2352
6055 7813
5529 7357
4222 6491
5887 8152
248 2527
621 2885
1652 3933
5693 7956
5286 7562
4901 6665
6125 7872
1208 3478
694 2969
5891 7731
1946 3754
6126 7903
5278 7597
4844 7128
429 2202
1455 3224
1524 3276
574 2822
75 2418
5817 8064
1662 3909
5522 7337
5847 8087
5689 8056
1858 3584
4604 6335
4876 6735
549 2912
4942 6664
1264 3512
5310 7667
592 2845
4832 7085
5016 6869
4101 6475
5877 8123
4197 6442
1106 3330
5460 7172
5274 7625
6114 7863
80 2310
5002 6877
5238 7457
5883 8099
2002 3720
1022 2722
5036 6898
175 2545
1170 3533
4257 6592
1764 3974
5463 7220
5875 8087
1510 3200
5219 7435
486 2190
5898 7777
4266 6593
5149 7542
5365 7577
471 2233
64 2350
5848 8119
4443 6187
1116 3373
79 2366
5857 8083
4102 6517
1397 3073
1638 3858
5539 7382
1199 3543
651 3058
1658 3843
5639 8062
5650 8046
4692 6953
1190 3544
458 2228
5569 7359
145 2543
996 2660
1445 3108
1757 3935
5585 7253
4272 6452
4769 6949
5594 7261
2010 3666
1087 3510
5894 7820
5896 7810
5095 6765
314 2224
4857 7027
662 2843
5778 7964
4236 6402
6109 7762
5840 8031
4335 6526
4885 6788
4658 7073
4285 6440
404 2049
651 2835
994 2682
4561 6216
4941 6871
1474 3160
5062 6749
5843 8050
6068 7699
5799 7950
5550 7171
186 2325
5118 6734
5203 7650
861 2796
4363 6329
239 2397
310 2176
1793 3766
772 2749
544 2969
1060 3486
5144 7587
22 2477
4894 6818
649 2868
540 2978
1865 3721
52 2549
1851 3836
109 2471
1604 3982
1934 3652
5729 8111
5221 7605
1217 3344
4932 6806
855 2690
674 2932
5877 7981
1157 3423
4903 6908
758 2859
153 2375
913 2639
1236 3339
5427 7404
6089 7720
4555 6185
4317 6456
5374 7451
1460 3154
5768 8047
1588 4056
1437 3184
5482 7300
4696 7095
5177 7638
5993 7814
1914 3722
603 2984
1605 4019
2040 3599
5922 7893
1273 3328
526 3060
5320 7475
1834 3793
359 2203
1934 3698
1029 3577
5152 7645
1954 3679
4880 6416
4298 6856
4975 6509
4208 6771
5519 8076
4322 6887
729 2268
4927 6457
270 2820
844 2375
1767 3308
5592 8148
656 2178
5031 6581
6115 7671
5616 8165
234 2803
809 2355
6002 7529
1250 3838
354 2940
5302 7828
1253 3783
4463 6986
424 2958
6050 7557
1947 3506
5319 7915
1712 3229
1672 3237
680 2181
1717 3227
4162 6764
141 2723
5046 6534
1686 3238
6121 7643
4742 6322
5792 7319
5315 7931
4438 7020
4760 6306
943 2452
4575 7140
4362 6966
180 2697
5204 7785
169 2711
75 2676
1428 4052
4737 6340
2008 3487
2031 3496
5957 7437
4138 6754
1835 3431
1096 3589
1952 3567
5662 7246
698 2283
1365 3841
1448 4093
1093 3600
1233 3716
578 2074
5473 7992
118 2605
6048 7675
4683 6167
1386 3895
5035 6646
5719 7222
840 2345
5997 7432
195 2731
1681 3323
6077 7633
1707 3269
4107 6779
1867 3387
5636 7285
627 2048
5584 8099
4951 6436
1894 3346
524 2171
1048 3695
6139 7553
1880 3362
4778 6353
1283 3965
5225 7702
1674 3317
355 3043
1209 3643
1090 3782
4249 6684
4499 6932
1632 3303
4826 6226
634 2291
87 2782
5733 7406
1708 3106
5311 7727
4681 6361
4773 6199
5037 6458
360 3056
753 2157
5291 7735
4616 6292
2006 3400
1362 4044
5419 8117
1903 3568
4904 6583
286 3005
5351 7748
4974 6601
4596 6995
5856 7240
1212 3604
5513 7968
485 2892
4632 6323
1682 3134
586 2276
221 2675
5455 8161
5335 7800
5012 6438
4127 6829
1289 4027
1441 3861
1060 3728
227 2645
1888 3542
1918 3529
4332 6740
39 2719
1300 4013
4838 6236
277 2987
5259 7732
4553 6921
4130 6883
4444 7071
743 2084
5292 7785
5495 8114
4796 6266
915 2388
280 3024
4517 7020
5479 8105
166 2665
5283 7788
4835 6194
5786 7240
1942 3396
5908 7623
818 2534
1962 3453
1087 3815
6011 7586
4401 7149
5154 7935
4784 6253
677 2168
1133 3760
2036 3371
5254 7780
4567 6964
4399 7115
399 2922
505 2833
1664 3178
19 2815
4408 7125
5091 6414
4248 6774
126 2703
5290 7768
4565 6951
1492 3879
1380 3984
5340 7721
5499 8067
896 2427
5392 8171
4245 6761
1032 3829
6102 7464
919 2408
5394 7698
1584 3376
2042 3320
174 2989
6133 7411
4368 6679
1754 3542
5625 7927
4406 6713
5081 6347
4334 7162
1495 3778
1369 3662
5546 7869
1531 3809
4908 6199
5511 7836
410 2689
326 2649
4549 6874
5004 6316
1330 3603
1457 3731
1779 3537
50 2839
1734 3555
5108 6364
1975 3231
5776 7609
5117 6358
6017 7341
5582 7907
1164 4001
982 2296
4139 6917
787 2108
5691 7444
4990 6225
1195 3995
528 2337
527 2366
4570 6888
443 2697
330 2686
308 2563
6096 7399
5762 7610
1525 3788
5360 8138
1600 3450
5321 8179
5772 7601
126 2879
132 3014
438 2805
80 2838
4225 7111
4369 6742
4347 7090
1794 3144
545 2410
1084 3953
747 2470
4166 6923
1473 3727
4603 6826
329 2584
1667 3536
1939 3271
5411 7799
964 2192
4497 6853
834 2071
1909 3104
6140 7337
4559 6809
1422 3799
1626 3331
5498 7713
5815 7658
5411 7805
5047 6376
4564 6795
419 2757
4313 7103
450 2725
4463 6663
4406 6748
4941 6177
4838 6539
1286 3691
717 2466
1427 3810
1939 3297
136 3068
4212 6925
5841 7596
4853 6538
200 2888
73 3017
315 2745
5844 7511
5858 7524
6004 7410
78 3016
4970 6370
1425 3608
845 2247
5748 7672
6060 7202
1209 3883
5949 7343
1225 3930
634 2542
5445 7889
1086 4011
1306 3724
5768 7440
561 2474
1203 3880
5483 7925
168 2825
1026 4003
1464 3611
154 2878
4736 6436
5316 8032
1640 3534
1620 3580
916 2109
6138 7251
745 2371
400 2618
6010 7376
6021 7215
687 2309
1275 3920
1014 2138
5709 7649
1348 3828
1801 3256
1471 3597
1504 3666
5771 7481
1809 3234
600 2540
1281 3765
933 2065
5089 6228
5085 6250
1345 3833
4407 6799
220 2917
254 2884
5471 7908
1953 3101
4379 6823
1126 4059
5596 7778
4483 6717
5244 8131
1550 3532
5151 8154
251 2877
5137 8150
1296 3799
5093 6188
4953 6293
4877 6337
131 2894
4461 6819
379 2741
4305 6943
5157 8170
5454 7838
5011 6211
82 2947
4405 6884
1175 3909
822 2275
123 2989
5247 8103
5218 8123
5929 7411
1784 3363
4968 6324
203 2837
1044 4043
5486 7823
4898 6337
1653 3478
1803 3304
5285 8006
1479 3617
1872 3254
962 2085
292 2765
760 2326
1483 3621
5050 6229
609 2449
5031 6231
1697 3408
4948 6309
4687 6589
6083 7217
1763 3344
581 2486
5204 8096
648 2428
5118 6155
936 2128
4546 6715
1299 3816
4567 6697
696 3768
843 3915
5563 6587
25 3096
533 3606
4138 7214
4919 7999
979 4058
4622 7685
5569 6602
20 3103
1886 2896
1393 2431
5839 6849
4263 7336
1859 2892
4312 7368
5410 6450
5279 6286
1449 2491
1391 2425
1824 2871
4217 7265
1206 2223
5520 6537
1837 2870
962 4063
5192 6254
6030 7080
1952 2953
6 3119
4115 7225
163 3209
2023 3020
1789 2769
1325 2335
4775 7829
4454 7508
1666 2743
5398 6432
5998 7000
4896 7960
847 3959
4403 7434
370 3403
480 3547
812 3856
1671 2747
989 4066
5100 8108
4145 7282
1689 2778
5598 6554
2047 3001
172 3307
427 3564
1975 3071
5267 6360
695 3835
635 3637
5884 6835
1322 2405
5397 6490
4939 7961
5103 8125
5334 6277
689 3813
5563 6637
5094 8112
515 3675
4740 7900
813 3957
1709 2804
4605 7584
375 3350
915 4080
1197 2249
5718 6706
4203 7181
582 3616
5408 6470
272 3447
327 3360
1165 2282
190 3289
1031 2159
2032 2968
265 3427
5561 6610
6136 7059
49 3164
6036 7161
581 3627
1435 2539
5136 6240
2009 2987
621 3609
4433 7460
1797 2931
1907 2821
4578 7578
1242 2211
4167 7230
6093 7095
1486 2485
6127 7058
1252 2201
4143 7250
252 3202
5872 6768
1324 2476
1424 2321
5730 6881
4206 7402
798 3992
4351 7288
337 3549
6038 6936
1470 2353
647 3592
4585 7545
1573 2740
118 3301
4488 7453
335 3546
1180 2059
601 3790
4682 7890
5828 6748
4471 7662
1448 2312
5024 7938
4391 7555
5960 7136
5194 6371
781 4004
89 3315
5005 7974
13 3233
5754 6870
5878 6744
4650 7812
683 3610
1963 2842
1547 2744
1278 2120
1809 2985
4341 7244
4661 7823
88 3298
4555 7536
1882 3047
4527 7442
724 3691
1644 2728
5854 6683
904 3907
1355 2439
255 3123
5737 6820
1749 2587
1527 2361
650 3653
4528 7551
1684 2628
5380 6613
5824 6674
501 3366
5428 6626
5995 7091
5060 7962
5367 6184
739 3585
323 3488
612 3712
1676 2664
4795 7775
5384 6637
6137 6929
4106 7395
5278 6263
5896 7138
295 3530
4435 7613
4098 7404
4766 7790
4639 7918
705 3636
1253 2067
60 3270
4350 7172
1169 2155
4541 7495
4216 7301
5487 6546
1263 2066
378 3460
4242 7276
898 3964
425 3414
4300 7628
5383 6151
5753 7033
5823 7102
611 3937
1458 2225
5093 7904
5130 6401
1516 2279
321 3149
356 3178
1778 3069
449 3280
5725 6988
1347 2129
4594 7393
4718 8054
1943 2701
5890 6680
5316 6622
543 3843
5554 6318
1166 2451
10 3349
4409 7193
381 3165
4893 7740
4210 7507
5604 6342
5187 6502
5377 6183
1928 2734
1552 2870
1554 2869
4168 7535
5607 6351
221 3572
516 3885
240 3546
349 3190
5478 6218
986 3831
1752 3062
1696 2959
4733 8012
2014 2797
752 4036
1293 2107
5602 6362
1780 3021
1241 2528
4547 7423
5514 6326
5738 6996
4879 7759
6084 6785
6129 6836
5088 7845
1900 2601
559 3945
6001 6713
4396 7271
859 3600
814 3685
652 4060
5235 6432
493 3259
4273 7655
1185 2550
1084 2404
904 3792
1344 2073
212 3471
1066 2417
5229 6412
1869 2604
4141 7502
5665 6981
1838 2635
5361 6551
4617 8035
1313 2124
5745 6943
1526 2201
5747 6914
4600 7306
4533 7361
810 3678
866 3604
6031 6905
1139 2317
250 3451
631 4085
4922 7865
4910 7848
107 3565
1245 2391
5344 6506
5560 6195
4515 7208
1641 3042
4749 7937
1905 2813
5915 6804
1007 3680
1791 2928
4968 7929
1121 2544
5658 7049
4135 7604
1691 2824
1741 2910
1064 2492
1731 2902
593 4039
5820 6955
4800 8023
5593 6209
77 3541
1458 2088
5588 6222
4277 7470
62 3493
5805 6963
4377 7353
5305 6424
345 3323
401 3127
1503 2167
1983 2583
234 3393
558 3973
5755 7120
4319 7539
1075 2462
1050 2484
284 3244
6054 6678
1771 2907
5320 6522
4159 7565
5072 7779
1883 2799
4773 7954
5880 6991
5423 6295
4723 8139
4723 8137
4186 7648
453 3199
4430 7310
1998 2569
490 3107
5595 6161
4789 8063
348 3222
572 4087
1572 3049
1097 2436
388 3146
5873 6975
4316 7443
1625 2966
1675 2907
319 3308
57 3562
4147 7653
1994 2588
1385 2238
5530 6210
4747 8019
189 3431
4353 7387
561 4074
1512 2099
4998 7773
1301 2251
4250 7492
711 3864
5235 6547
337 3251
5276 6520
314 3292
6033 6778
4350 7445
5635 7149
5 3563
1518 2075
5403 6380
4346 7437
4542 7238
202 3379
5668 7134
789 3823
868 3743
5082 7716
1094 2488
4493 7282
6110 6689
1179 2714
1024 2564
6070 6579
4747 7310
2018 2533
1723 2236
6074 6578
1778 2298
5484 7009
4140 7714
1228 2755
1821 2316
1178 2699
5793 6323
903 3476
466 4039
5631 7146
5576 7133
1824 2358
459 4061
1542 2079
5851 6343
1980 2464
4654 7180
5317 6886
4755 7344
1759 2298
4231 7842
1396 2899
5690 6162
4694 7294
4814 7397
643 3247
2035 2526
1367 2937
65 3694
5336 6903
1251 2771
510 4047
1993 2555
4324 7894
5742 6237
1294 2877
5202 6753
483 4055
713 3325
795 3373
371 3908
5051 7555
1125 2654
4937 7543
6087 6648
1081 2566
1813 2389
457 3976
1996 2445
990 3484
24 3675
1080 2685
4781 7403
4631 7263
1370 2835
4144 7803
4394 8037
4448 7983
589 3074
1395 2851
5728 6192
4818 7297
399 4060
157 3782
4437 7950
4902 7549
5086 7554
5090 7615
1616 2062
4113 7758
1707 2243
424 4033
1901 2311
4182 7738
4171 7719
6113 6541
1270 2715
1630 2096
599 3129
1406 2833
4538 8149
394 4091
1493 2980
4994 7664
5839 6331
44 3673
996 3473
1651 2057
5626 7041
4335 7828
4814 7349
5480 6934
1938 2541
4842 7317
1567 2206
5842 6227
704 3137
5578 6985
1257 2668
1467 2866
5881 6259
1182 2580
1713 2106
4708 7407
81 3805
802 3503
445 3891
4764 7186
5406 7057
5255 6664
5139 6812
4483 7955
1548 2207
5026 7479
1305 2945
919 3340
1373 3011
1741 2131
1846 2454
4521 7944
5712 6385
5445 7143
721 3188
5354 6732
1011 3419
1639 2253
5553 6938
630 3293
4871 7594
1227 2661
718 3169
564 3204
6032 6435
4879 7611
1453 2840
5348 6737
6075 6414
5207 6882
4326 7760
5319 6783
446 3847
4761 7200
5492 7117
872 3538
4146 7822
4537 7943
4392 8086
1899 2475
5244 6846
591 3213
301 4079
5581 6926
731 3101
1419 2893
4280 7807
18 3797
5163 6892
1390 2982
175 3687
5503 7093
1384 2979
4472 8115
620 3235
1610 2181
5217 6833
4417 8080
11 3802
5984 6582
244 3619
4945 7558
5807 6264
5129 6864
1587 2281
1053 2759
1680 2123
5972 6536
219 3591
4111 7890
473 3844
528 3277
827 3557
6099 6450
5010 7539
1333 3031
4519 8005
441 3931
5375 6684
5276 6783
1001 3338
328 4014
853 3517
158 3702
4451 8073
539 3312
4526 8002
5651 6398
905 3448
5382 7159
40 3802
4859 7176
5850 6188
799 3559
598 3247
5847 6190
1147 2688
14 3829
5876 6153
1907 2446
968 3383
1508 2790
5243 7032
1520 2804
2044 2296
4919 7219
4659 7478
6107 6365
4944 7255
1123 2923
50 3899
5854 6615
1602 2379
84 3934
5338 7126
4708 7528
847 3139
5506 6799
479 3792
6039 6279
767 3567
4662 7462
5473 6771
4439 7748
5678 6461
5976 6220
6072 6317
4768 7606
4864 7191
4545 7894
4967 7280
176 4012
1894 2118
1392 2641
498 3795
4593 7893
999 3266
1003 3277
5023 7351
4636 7476
865 3145
5128 6945
1789 2518
4869 7214
4230 8109
4121 7988
4910 7198
5253 7092
5936 6145
4608 7474
742 3541
111 3932
963 3319
5698 6519
5727 6506
4804 7676
6001 6218
4382 7715
5287 7065
1445 2789
4847 7598
636 3391
5083 7320
4573 7832
1931 2254
5233 6969
507 3763
274 3673
5287 7147
6000 6204
1989 2184
5951 6258
771 3150
4986 7223
4744 7622
4373 7771
156 4051
967 3208
4637 7500
499 3745
5644 6494
556 3454
5613 6847
1338 2665
5876 6560
1484 2713
1302 2627
5514 6879
5916 6213
1948 2240
4937 7189
1580 2417
1366 2571
1021 3232
1987 2205
4386 7805
1378 2562
5695 6493
5033 7371
1826 2118
5655 6514
222 4024
167 4032
5980 6196
5793 6603
5361 7067
4905 7235
4272 8155
4563 7864
4578 7820
4676 7467
4476 7694
1399 2565
4162 7985
4842 7583
974 3257
1927 2303
535 3438
4536 7874
1244 2983
642 3582
6062 6355
97 3871
5865 6550
5151 7069
5387 6792
191 3900
5660 6553
5500 6905
5150 7060
6103 6236
1971 2108
5035 7204
1215 2861
5423 6845
41 4017
1092 3038
6080 6235
4719 7668
4677 7641
4329 8053
4952 7364
4642 7612
5953 6366
6085 6234
181 3861
1145 3033
1017 3161
4498 7730
5897 6312
5010 7219
5385 6826
1557 2481
4224 7973
4849 7510
279 3760
1935 2086
1062 2957
675 3336
1864 2278
4656 7552
1895 2262
4817 7523
4860 7503
5775 6458
5575 6769
5456 6886
4830 7526
4735 7623
262 3772
4540 7687
2044 2113
1315 2718
4781 7533
1540 2500
4158 8190
4580 7718
4185 8091
5196 7054
5898 6345
4191 8092
5009 7253
1395 2740
5907 6356
4834 7461
4495 7750
1507 2600
6135 6201
1078 3064
4429 7810
1055 3023
411 3659
2038 2087
1268 2853
1808 2241
5766 6484
5830 6421
5272 6990
728 3342
1091 2964
5115 7203
372 3756
1563 2499
1555 2506
322 3739
924 3142
1923 2137
1704 2419
4243 8008
1440 2685
5928 6389
10 4053
5390 6865
2008 2105
5163 7114
5025 7234
1104 2995
91 4030
1505 2564
4788 7518
1295 2786
5121 7148
4625 7678
938 3162
4327 7957
5074 7200
193 3890
842 3257
465 3618
4841 7453
4340 7936
1429 2656
89 4014
1543 2544
4510 7782
4997 7292
5782 6508
5262 7029
4376 7907
5746 6542
1902 2194
384 3708
5643 6647
5096 7190
361 3734
1001 5096
739 4833
2461 6559
735 4828
1071 5164
2410 6510
886 4978
770 4868
3898 7996
3010 7114
3048 7137
3729 7834
3573 7675
3286 7385
777 4889
549 4661
422 4534
1993 6109
3236 7346
4026 8108
1389 5493
2331 6402
2885 7004
1100 5206
3955 8040
824 4899
3769 7844
3749 7866
1213 5282
3770 7845
2521 6653
648 4782
1561 5694
3692 7749
3261 7318
248 4307
672 4749
2825 6951
3282 7394
957 5007
2717 6831
4091 8137
3105 7189
3985 8103
3500 7579
2663 6751
1018 5059
70 4223
2671 6741
4071 8155
3302 7385
1661 5693
2463 6623
3470 7631
1574 5732
2911 6939
3246 7398
2092 6245
818 4984
1038 5213
3155 7175
439 4577
3100 7242
525 4698
1026 5210
2856 7028
3968 8157
1772 5810
3632 7790
3036 7043
2775 6837
2824 7018
1774 5773
2272 6278
3708 7706
3044 7042
1959 6080
1974 6097
119 4126
2424 6420
2020 6025
1590 5723
3009 7086
25 4214
2234 6346
2977 7122
3855 8060
816 4933
2156 6170
156 4325
152 4323
914 5102
1997 6066
3110 7257
1394 5389
2931 7154
299 4522
3243 7209
1563 5789
4022 7984
849 5078
901 4872
2582 6808
3461 7434
1698 5683
3944 8186
3583 7532
1728 5715
537 4746
202 4191
3576 7534
3411 7628
2845 7101
2889 7145
71 4324
2889 7148
2842 7103
2535 6464
3656 7919
1659 5842
426 4352
3622 7819
3514 7447
2960 6973
1099 5350
3452 7634
3378 7581
3978 7973
274 4513
3862 8098
1279 5193
2781 6763
3292 7274
3963 8131
3345 7593
1065 5267
2778 6756
1614 5774
1648 5809
884 5042
770 5061
3878 8161
81 4250
1925 5966
2791 6699
4041 7941
677 4713
412 4432
2510 6403
4063 7951
715 4634
2669 6844
3732 7750
863 5003
3744 7798
2927 7096
3221 7247
1248 5178
584 4755
192 4126
3570 7468
2164 6315
2356 6612
2742 6743
746 4619
1100 5294
2911 7098
1246 5179
2474 6477
2661 6786
4049 7993
1345 5547
3996 8048
2930 7070
3043 6926
3437 7554
1727 5712
2633 6841
2701 6781
3825 7683
3464 7546
1379 5527
937 4958
2772 6700
587 4787
801 5080
1463 5454
2079 6373
2757 6719
3196 7302
2880 7099
1114 5284
3607 7913
2407 6553
3075 7426
2007 5844
613 4966
2647 6995
1704 6061
1564 5913
878 4712
828 4667
709 5067
250 4597
2640 7007
3032 6856
684 5052
1234 5568
965 4822
1810 5638
1192 5567
1885 5706
769 4630
1361 5193
1318 5183
1480 5330
527 4883
318 4129
3875 7681
1142 5461
2581 6961
977 4853
1604 5985
1161 5548
290 4101
87 4478
3679 8054
287 4148
2017 5837
1692 6064
1332 5145
3459 7340
1892 5716
2838 6695
650 5048
934 4754
2957 6840
194 4597
3167 7527
3706 8003
3902 7687
636 4934
360 4178
3418 7264
2327 6186
2992 6798
3061 6858
3818 8104
3260 7678
2643 6935
215 4498
1248 5541
2295 6576
894 4658
3206 7626
2938 6710
1818 5719
1539 5965
3372 7288
2481 6372
3180 7482
2156 6452
3094 7503
3681 7992
3972 7902
3045 6847
3322 7590
2080 6525
2529 6332
2538 6324
3904 7710
1560 5958
2860 6732
2003 5811
3368 7241
1415 5348
70 4389
2779 7102
1987 5798
3499 7372
376 4127
321 4137
1315 5195
2183 6638
1781 6040
2413 6144
2709 7163
2049 6511
2087 6486
3565 7327
3223 7651
237 4505
1168 5607
3986 7909
2153 6417
3551 7335
3255 7630
117 4367
1204 5583
2256 6574
3924 7723
2967 6678
2097 6579
2735 6954
2081 6564
619 5102
2961 6681
3228 7446
2891 6848
1062 5549
2576 7067
442 4150
897 4625
2413 6399
149 4358
127 4588
2943 6891
1490 5191
833 4820
839 4830
987 4674
1589 6063
3484 7175
1599 6051
3603 8078
1170 5388
16 4494
4028 7714
726 4982
1043 5552
1733 5984
1845 5779
448 4199
3456 7209
3218 7480
3329 7338
2039 5724
808 4741
3070 6739
477 4208
3626 8091
4019 7682
3840 7858
31 4522
2390 6369
825 4750
734 4969
2114 6645
188 4358
3761 7946
983 4716
3296 7515
2223 6419
2565 7097
529 5039
2811 6980
2337 6302
2503 6150
2395 6298
864 4771
1797 5826
1924 5708
2895 6790
560 5114
737 4906
1017 4660
901 4680
2623 7154
2246 6408
2675 7075
4026 7784
3381 7393
2576 7109
614 5040
1549 6100
1485 5143
2764 6928
4022 7786
1292 5329
368 4271
1830 5830
123 4504
2110 6621
281 4349
939 4686
1275 5405
729 4926
4032 7719
1708 5956
160 4428
3588 8171
3749 8021
1710 5982
3250 7488
1462 5188
2862 6874
3790 7994
1647 6041
4041 7729
1023 4615
2315 6388
3003 6584
940 4521
1819 5395
1795 5385
1961 5539
2788 6383
184 4787
3554 8174
2575 6147
2834 6430
1515 6118
3036 6610
3535 8129
163 4780
2276 6900
2497 7120
1325 5951
800 4404
2683 6255
3494 8114
204 4825
1372 5963
1136 5738
276 4878
2344 6963
1651 5228
444 5027
1634 5245
1821 5439
3237 7815
3028 6647
3335 7971
2960 6580
3994 7612
946 4501
3360 7944
1214 5782
1085 5655
4002 7567
4010 7559
3381 7963
1848 5399
3385 7945
2218 6811
3596 7231
2984 6556
1271 5827
135 4786
3404 8057
1451 6045
2412 7002
535 4128
1488 6122
810 4374
447 4995
2189 6834
3689 7208
2381 6924
2249 6794
1477 6022
538 4190
1760 5285
3326 7864
2005 5533
2191 6854
2607 6245
2696 6341
93 4627
1464 6135
142 4801
107 4671
922 4558
42 4735
3389 8042
2452 7107
3667 7179
1511 6078
431 5110
763 4257
289 4989
3931 7483
3520 8097
481 4995
3991 7668
2803 6295
3220 7921
2724 6338
164 4812
3074 7786
3410 7995
2961 6650
3477 8190
3196 7696
1296 6014
3975 7671
1287 6007
1991 5558
242 4739
147 4833
696 4299
1010 4486
1981 5576
2346 7005
2773 6317
1420 6130
792 4507
2621 6334
2818 6534
1374 6105
3331 8073
1971 5432
2932 6648
2313 7044
130 4621
1082 5813
885 4602
4031 7471
2493 6957
1229 5724
396 4893
453 4948
2463 6925
171 4664
666 4105
289 5045
3589 7312
4093 7531
3823 7287
3820 7284
2054 6810
1616 5325
72 4821
1403 6117
2863 6577
3072 7839
1071 5808
3241 7688
3365 8071
1099 5864
1514 5966
3173 7873
482 4932
2964 6451
3076 7852
892 4565
1400 6098
815 4485
207 4709
1756 5238
3852 7590
3385 8085
1360 6141
279 5049
583 4328
3943 7624
3631 7327
3503 7966
3428 8150
1806 5562
3658 7420
1926 5424
944 4360
1416 5942
2783 6172
852 4503
1376 6053
1216 5637
2148 6818
2036 5426
29 4827
3000 6527
1404 6069
1819 5585
2797 6182
2770 6174
2148 6837
639 4270
593 4226
2078 6861
2380 7064
1601 5269
1137 5796
2623 6377
3027 6405
2519 6912
4085 7469
4025 7520
3789 7188
2322 7115
2736 6249
854 4492
2085 6907
3518 8033
661 4170
3199 7840
2160 6800
3803 7226
741 4103
1861 5543
2208 6726
2627 6308
3779 7211
2216 6722
2179 6760
3409 8124
1558 5371
3670 7352
1608 5286
3764 7259
3079 7912
3138 7858
708 4148
2430 7051
2915 6549
3335 8177
1565 5355
1247 5672
2739 6217
2307 7167
1376 6046
4090 7418
2175 7038
3403 7753
2556 6910
3910 7237
95 4954
885 4211
3184 8056
1131 5986
3888 7227
1739 5568
1953 5293
3400 7749
338 4703
2815 6641
3122 7996
564 4388
110 4991
1115 5962
992 4337
405 4740
3416 7754
1814 5125
4002 7350
269 4629
1380 5757
2034 5352
1497 5827
3205 8089
1027 5919
2265 7109
2434 6815
1762 5628
1020 4318
3483 7865
617 4426
256 4648
1291 5665
3415 7804
878 4165
2055 6955
2722 6543
2506 6904
334 4728
1610 5500
819 4100
1140 5964
2976 6297
2252 7158
1517 5846
3988 7343
92 4960
3291 8167
1800 5174
1149 5954
543 4447
2202 7131
3469 7884
42 4971
2900 6165
1967 5357
2411 6696
3596 7496
1177 6111
2306 6725
3347 7764
3602 7509
2443 6849
1950 5332
862 4116
231 5034
2651 6411
496 4768
699 4587
3140 7956
2852 6261
366 4669
2400 6708
874 4157
3733 7629
3937 7225
1551 5462
2253 7063
917 4302
454 4762
710 4506
3540 7861
2317 6766
3830 7573
820 4177
1796 5218
3762 7643
1615 5414
923 4338
2386 6712
2498 6824
403 4856
2914 6158
2418 6687
3853 7267
1471 5840
1194 6107
421 4820
420 4823
422 4821
2937 6159
959 4297
338 4645
3213 8181
3913 7216
2693 6649
1057 5981
3574 7818
4023 7223
637 4605
2693 6404
1965 5166
2286 7021
3222 7955
2287 7017
1125 6125
2198 6942
682 4387
198 4943
2552 6770
3893 7358
3646 7600
368 4863
320 4816
3440 7905
102 5106
3012 6224
1324 5816
235 4989
3293 8005
273 4744
3816 7538
3047 6269
1219 5976
2305 6815
500 4714
2924 6349
1989 5223
635 4569
3769 7451
2637 6638
2303 7003
811 4238
218 4991
4089 7260
1134 6088
1650 5589
3095 8112
617 4545
1000 4163
498 4697
2855 6283
3753 7431
3811 7501
3263 7952
2998 6149
1782 5443
864 4312
2708 6447
3009 6269
377 4805
3264 8060
1370 5786
3677 7580
4074 7211
2545 6707
1205 6006
2327 6867
2500 6657
3211 8014
3120 8182
489 4655
3030 6172
944 4218
2235 7025
150 4956
3608 7636
474 4630
218 4885
3315 7969
2602 6652
2467 6773
2578 6602
936 4213
263 4839
1175 6006
1216 5921
2652 6591
3642 7646
668 4474
158 4985
1735 5422
1660 5527
362 4742
925 4201
2025 5148
3115 8158
1722 5452
1321 5841
948 4173
2653 6564
2830 6391
2750 6468
883 4232
3630 7634
1949 5217
1187 5980
1919 4990
1984 5057
710 5828
1265 4339
2533 7654
264 5388
1947 5023
3322 6399
2345 7457
2753 7880
370 5499
1569 4651
3329 6413
3628 6690
306 5436
3819 6884
802 5938
3443 6497
2903 8004
1475 4560
1353 4442
2790 7922
2274 7413
3248 6312
2163 7275
3225 6273
1454 4535
3358 6407
780 5909
414 5508
2791 7932
177 5290
643 5790
1397 4458
2427 7514
2185 7336
3910 7015
2154 7243
3984 7091
724 5879
622 5707
1691 4797
455 5600
3969 7078
426 5507
2294 7388
371 5465
416 5516
2934 8004
3610 6696
2710 7844
2910 8045
692 5760
110 5208
690 5764
3028 8162
2631 7792
958 6025
1642 4691
1624 4705
704 5883
1620 4714
3073 6206
1066 4117
3108 6244
2028 5038
2387 7441
1790 4796
1113 4123
2232 7419
1601 4610
3735 6866
1014 6078
2020 5037
582 5644
2111 7283
988 6035
590 5633
889 5942
732 5772
1222 4246
836 5908
3687 6711
2508 7572
576 5657
2028 5045
3275 6289
852 5902
1412 4568
1630 4610
2752 7837
3776 6813
660 5835
2147 7169
896 6115
457 5549
2441 7663
3685 6659
2114 7204
454 5550
2998 8158
3399 6446
1605 4655
395 5606
4072 7045
3891 7006
3126 6233
1817 4969
2944 8176
3093 6246
3057 8066
2613 7744
2586 7788
3492 6621
3524 6589
947 6088
3274 6321
283 5477
3406 6606
3208 6152
870 6116
736 5732
2217 7213
3128 6334
1326 4518
3873 7081
3725 6660
2591 7827
3274 6212
2217 7207
2328 7574
2365 7603
3922 7133
245 5222
2821 8086
1033 4252
3898 7087
716 5722
1135 4343
3693 6901
1673 4624
3564 6517
1356 4566
3920 7116
3451 6629
3755 6709
3204 6180
894 6110
258 5538
41 5257
1836 5006
1256 4172
201 5229
2033 4951
228 5198
663 5692
4054 7035
2834 8127
780 6076
304 5505
1898 5083
3117 6303
228 5207
2912 8148
2990 7963
1595 4736
1781 4686
4029 6915
2708 7764
3120 6384
1687 4693
3889 7155
3502 6509
3156 6288
2614 7934
795 6097
1568 4848
2531 7479
3752 6780
2840 8141
1382 4528
841 6046
4031 7014
2800 7724
367 5554
2514 7475
624 5778
3386 6616
3290 6200
2980 8006
224 5124
1582 4810
3731 6774
3775 6746
2024 4865
1489 4411
1890 5000
1085 4304
3947 7044
3571 6428
3455 6542
1117 4268
129 5241
3035 7971
1702 4702
960 5944
1364 4525
235 5138
2916 8094
3978 7030
3193 6276
3976 7031
1280 4096
1742 5069
1375 4188
1214 4541
1434 4255
1870 4680
4062 6872
2620 7991
1660 4983
1862 4685
3092 6425
23 5401
3135 6449
2558 7405
462 5341
201 5597
2819 7706
3882 6707
3197 6502
2558 7395
1849 4647
566 5928
1537 4894
2795 8180
3854 6698
502 5331
985 5875
1201 4506
1745 5117
1843 4637
3444 6235
1868 4707
3209 6566
391 5303
2368 7281
1413 4279
2370 7287
2039 4800
877 5717
1172 4526
352 5212
1692 5025
2553 7353
1358 4110
2554 7355
2687 7997
1377 4133
19 5463
2136 7452
2380 7179
654 6086
1108 4383
2536 7332
3881 6758
3025 7809
3958 6694
824 5736
3784 7065
3674 6920
2154 7480
277 5190
1210 4591
268 5209
2760 8093
1467 4332
3189 6434
1129 4414
2248 7568
2775 8075
3648 6940
616 5941
203 5525
3711 6945
3965 6691
74 5396
2229 7637
3983 6894
128 5602
560 5970
2423 7187
3868 6776
538 6015
2212 7617
194 5540
1750 5041
664 6129
1429 4348
856 5681
1438 4340
3538 6329
3625 6978
1586 4959
3712 7150
1873 4671
3967 6671
2488 7369
1013 5761
3436 6164
3089 6504
74 5427
366 5140
211 5545
2267 7585
1806 4725
2469 7390
906 5878
1726 5058
239 5523
3091 6511
325 5176
943 5678
2659 8166
3777 6983
1625 5087
471 5215
2505 7232
3207 6411
1820 4752
1428 4121
2353 7356
501 5242
3098 6538
460 5213
2999 7717
2650 8136
2768 8002
2979 7733
1793 4758
2503 7263
3033 7745
2387 7371
2419 7402
2009 4677
3435 6391
1712 4909
3278 6481
709 5990
2115 7653
2394 7410
2262 7550
4045 6759
3306 6471
3669 7163
2215 7433
804 5780
3745 6930
3511 6148
116 5580
2333 7332
913 5672
1353 4336
1173 4398
734 5986
3195 6586
3110 6628
232 5419
3129 6650
2921 7853
1241 4381
2817 7878
3872 6887
3295 6424
154 5458
2850 7914
1385 4256
595 6042
1431 4190
2207 7510
332 5255
3874 6889
2916 7849
2145 7596
246 5433
2568 8152
4081 6693
1696 4981
288 5367
122 5538
1976 4707
1383 4282
567 6103
1368 4282
3471 6252
3758 6989
2421 7312
2242 7463
2221 7499
3507 6228
306 5333
410 5234
3318 6427
3383 6342
2593 8147
1881 4779
3507 6215
1447 4176
1130 4509
1336 4288
2057 7667
976 5677
629 5237
987 5594
1961 4523
3394 6982
339 5975
381 6005
3125 6716
2117 7756
4070 6636
2290 7929
3019 7616
788 5400
2948 7561
353 5996
2589 7184
65 5711
1221 4811
1050 4618
2518 8130
1930 4511
4082 6629
963 5588
2146 7797
2666 7293
350 5959
113 5739
3946 6513
3021 7638
3417 6978
1903 4465
246 5865
3089 6704
3643 6170
3995 6585
1433 5050
879 5450
3475 7094
452 6113
622 5192
762 5331
712 5345
3171 6730
632 5201
3201 6827
3415 7037
2244 7918
3364 6922
849 5502
3698 6208
2952 7610
3498 7070
641 5300
3155 6757
2215 7824
2030 4566
2182 7870
1577 4114
2287 7892
3522 7164
924 5597
435 6130
881 5426
1799 4418
970 5516
2273 7846
2657 7206
3230 6871
270 5956
2233 7924
486 6057
3892 6501
2808 7338
3637 6246
2139 7695
882 5414
1215 4843
1171 4806
3794 6277
2792 7344
3424 6968
809 5491
1763 4281
1105 4619
3570 7080
4058 6529
2970 7617
3901 6492
995 5504
1207 4817
2180 7906
3883 6476
3842 6510
2070 7802
3676 6195
1118 4657
2577 7265
1176 4840
3848 6521
910 5629
2047 4491
449 6068
756 5261
631 5133
1305 4963
1441 5082
2222 7888
1940 4586
2664 7191
3013 7492
127 5886
2510 8011
3960 6654
1054 4761
2536 8035
3929 6613
114 5886
2495 7986
2678 7416
546 5292
1407 5104
51 5794
393 5912
3067 7530
1716 4128
3037 7496
3353 7052
1972 4386
1013 5475
2549 8034
867 5620
1982 4393
2951 7455
629 5353
2875 7589
3201 6686
554 5256
2756 7270
400 5941
2802 7252
3423 7161
1572 4227
3874 6533
2170 7888
3693 6343
754 5209
2307 8111
2729 7173
597 5368
447 5906
3131 6794
3894 6535
3463 6965
1028 4785
2035 4421
2069 7843
1384 5087
909 5429
1130 4819
1298 5032
1230 4724
2320 8107
3812 6239
23 5803
3629 6289
2462 7970
2861 7570
2582 7382
1 5825
1540 4293
350 6047
4025 6523
1638 4258
711 5122
950 5498
430 5985
1724 4204
2617 7400
1755 4104
3433 7101
4088 6446
1008 5415
2373 8094
4075 6455
347 6023
3999 6467
3671 6281
336 6030
2121 7849
1297 5106
2923 7560
2377 8106
1951 4476
2941 7582
2347 8143
148 5744
932 5442
2873 7647
1575 4302
3371 7105
3960 6546
3680 6282
1666 4200
3066 7440
3407 7076
3539 6972
599 5304
1801 4601
2116 7860
733 5165
259 6131
1751 4134
3620 6357
1237 4647
2690 7281
1337 5066
3328 7158
2090 7901
1656 4239
1896 4496
2138 8024
3192 7034
2992 7346
46 5933
3098 6942
590 5449
658 5525
3956 6265
2139 8021
767 5617
1407 4720
3226 7061
4011 6331
3568 6880
2152 8059
1745 4546
1030 4880
3720 6559
1250 5109
1787 4579
1565 4357
1970 4267
1546 4368
2198 8076
2411 7792
2699 7575
188 6049
1171 5043
343 5751
204 6126
701 5529
3008 7401
2023 4301
1403 4688
3747 6543
1504 4815
3424 6735
3660 6524
823 5126
941 5272
1941 4256
3050 7388
1676 4532
1240 5089
3206 7100
1111 4972
2618 7430
666 5542
3606 6441
1928 4296
3713 6592
1110 4884
3997 6366
1454 4843
1235 5014
2550 7868
3330 6728
676 5615
602 5393
2525 7830
2400 7725
649 5574
347 5641
1765 4531
2336 7798
1361 4616
1865 4112
853 5134
1879 4108
858 5121
855 5131
3175 6971
292 5752
1120 4925
1890 4098
4066 6275
3468 6893
3524 6817
585 5420
407 5874
3526 6817
3051 7308
3879 6223
3095 7039
1212 5072
1507 4751
3045 7305
1727 4562
2292 8089
2809 7572
2805 7578
1432 4855
3345 6753
1842 4160
981 5280
2089 8031
1418 4861
475 5795
1350 4670
2017 4248
3325 7047
537 5475
3658 6454
1359 4659
604 5408
1223 5051
1148 4865
3513 6852
503 5769
2245 8122
300 5715
179 6092
1267 4977
3285 6999
4080 6259
187 5944
425 5677
2430 7931
2225 7990
3667 6619
2456 7697
838 5327
3375 6822
3940 6382
63 6069
2684 7670
3598 6532
1083 5041
3287 7005
432 5691
3688 6627
3230 6928
1484 4675
2707 7425
911 5149
3168 7157
3638 6563
1162 4892
1269 4973
2674 7658
2673 7656
893 5351
826 5280
1102 5076
2018 4217
2649 7620
911 5136
1295 4783
2929 7377
3917 6380
207 5997
3624 6539
657 5429
1297 4788
2965 7216
1870 4328
691 5407
3723 6439
1328 4765
1081 5000
3674 6635
462 5756
2918 7381
1051 5036
600 5600
740 5468
2308 7869
1783 4429
3846 6330
2341 7835
1860 4228
2946 7235
451 5633
2251 7951
349 5785
887 5299
1729 4356
843 5261
1260 4907
68 6024
2438 7755
3177 7079
2615 7655
1291 4824
4043 6175
2756 7452
1281 4825
4036 6173
1562 4547
456 5649
3426 6840
907 5201
495 5680
742 5433
1098 5034
2796 7436
266 5866
3163 7098
4052 6197
954 5211
134 5988
3535 6698
4050 6196
1945 4209
3649 6569
1545 4576
2422 7834
2692 7529
1468 4689
2284 7939
1788 4371
3665 6590
1597 4557
1964 4189
1030 5111
27 6121
94 6061
2630 7602
2429 7817
3088 7142
1999 4152
162 5979
247 5897
1607 7751
1740 7885
2027 8170
2364 4413
989 7135
1822 7965
312 6460
1181 7323
1286 7436
3124 5176
1912 8052
3405 5443
524 6658
2319 4353
2593 4654
320 6479
2122 4187
708 6870
3130 5161
521 6685
2083 4150
1594 7724
846 7001
1058 7221
2480 4520
3784 5843
3824 5867
3422 5442
2186 4246
3738 5767
2340 4357
929 7040
1314 7424
1126 7236
1597 7710
1489 7669
2601 4621
519 6691
455 6625
1272 7377
2723 4745
626 6745
2280 4291
1613 7777
1577 7685
839 7019
3097 5172
1190 7307
466 6652
3886 5888
1822 7982
1495 7654
197 6390
1173 7329
1759 7915
174 6299
3505 5510
2626 4725
551 6672
3851 5948
1690 7842
1963 8081
3368 5395
828 6919
1143 7241
3655 5753
3893 5899
3616 5729
920 7130
3342 5453
1203 7408
3194 5182
1155 7366
2393 4375
3113 5222
1725 7922
1155 7378
120 6186
2199 4292
3733 5825
922 7119
2482 4580
121 6191
2929 4903
124 6183
2280 4276
1999 8080
1715 7916
1371 7428
167 6340
3919 5931
3525 5537
387 6628
2872 4959
3807 5816
2617 4689
3037 5044
3750 5836
291 6473
2476 4550
1635 7693
86 6182
1541 7797
191 6350
3192 5130
2230 4292
2112 4147
434 6599
3545 5551
1186 7380
1282 7540
3719 5872
2082 4187
3346 5481
2406 4582
3099 5275
2420 4596
3130 5307
2959 4878
1338 7609
2677 4854
3117 5294
605 6873
385 6406
3279 5190
3854 6020
3785 5699
3692 5856
1985 8013
1613 7872
3357 5520
1494 7494
917 6916
1836 8126
2284 4222
3557 5489
653 6682
1533 7525
908 6933
3979 5905
495 6516
2320 4491
2166 4330
954 6948
233 6263
3001 4889
1694 7742
4035 5987
2458 4410
3938 6083
1299 7607
1570 7815
2906 5119
1955 7941
2546 4442
3369 5509
2585 4791
2525 4467
2209 4113
837 7156
830 7052
707 6775
930 6934
731 6766
2672 4805
269 6587
1287 7600
66 6394
3395 5627
4020 5901
4067 5977
2548 4427
2605 4845
3516 5501
179 6257
363 6568
1082 7417
3945 6058
644 6721
2562 4807
759 6705
3633 5881
3148 5253
1585 7928
504 6453
3467 5446
467 6429
3183 5281
2738 4706
1539 7891
4051 5890
1285 7639
602 6792
2326 4549
671 6731
1598 7914
1678 7770
841 7071
463 6423
3561 5425
1921 8025
2713 4672
1978 8033
2330 4550
1049 7367
3776 5662
2045 7970
3399 5528
2455 4471
4038 5927
1697 7746
779 7144
1627 7871
2424 4509
1182 7286
2309 4588
1363 7608
196 6184
484 6409
2628 4778
112 6273
1579 7897
3793 5666
3497 5466
3950 6042
3644 5833
980 6947
3170 5274
3481 5472
1881 8096
2490 4416
237 6163
1574 7896
3337 5622
1911 7799
2831 4623
3118 5422
1738 8139
794 6680
2338 4134
594 6998
1503 7386
1966 7848
2075 4380
2859 4652
2876 4660
2299 4595
3826 6138
1739 8129
1481 7364
3321 5620
252 6643
3654 5961
503 6374
2645 4934
3839 6123
3382 5154
1926 7826
1950 7819
3740 6027
1617 8011
1028 7454
3545 5314
3811 6143
993 6909
461 6352
2355 4142
2272 4544
3445 5205
2502 4327
3906 5731
3822 6095
2058 4396
934 6784
1015 6865
200 6624
2473 4224
3916 5734
1166 7588
1151 7506
826 6679
2717 5040
2204 4529
3025 4862
1812 7739
4037 5866
59 6410
3949 5726
1997 7930
1956 7833
3313 5583
1772 8110
2160 4403
1180 7642
3034 4764
888 6719
3191 5439
2173 4404
3072 5449
3492 5358
1141 7481
38 6507
691 7165
1227 7556
3294 5518
3602 5955
3175 5430
3904 5650
3697 5924
3052 4794
2144 4408
1508 7357
2412 4151
494 6322
3934 5634
2459 4294
461 6291
2881 4638
1329 7278
3005 4829
2793 5003
508 6302
3029 4790
2306 4198
1910 7711
557 6983
1522 7326
2529 4236
492 6303
1779 8069
3807 6057
857 6702
389 6396
409 6373
515 7043
3773 5949
971 6729
1776 8051
1197 7466
2634 5063
3752 5925
3684 6122
1374 7374
2288 4449
1430 7173
2761 4957
1829 7856
483 6260
90 6605
1599 8101
1485 7254
606 7106
1423 7187
2152 4598
2119 4583
2591 5054
3884 5773
413 6206
2897 4850
301 6286
1938 7733
71 6639
3442 5339
1172 7487
323 6383
3050 4679
2997 4608
1592 8078
3972 5682
2113 4601
1656 8128
3078 5564
36 6558
2732 4887
1497 7266
1513 7252
541 7072
359 6310
1827 7905
2165 4529
2200 4445
2561 5060
2508 4105
103 6561
3429 5293
2402 4264
1200 7548
1319 7403
3587 6094
814 6881
2362 4330
607 7054
1446 7285
609 7093
3614 6090
2396 4233
2126 4504
628 7074
2571 5085
377 6319
1217 7449
884 6830
1556 8136
2275 4415
3212 5457
3536 5134
574 7136
2504 4118
1792 7904
1040 7665
2971 4729
33 6595
3258 5464
2446 4205
1254 7429
1946 7806
1493 7217
1892 7811
1905 7830
1942 7793
2279 4366
2173 4502
3157 5561
1974 7769
2981 4693
1025 7664
3461 5239
2585 5099
1423 7293
1270 7428
1132 7576
3970 5748
4029 5707
5 6642
2516 4142
3026 4649
3088 5611
3083 5616
2314 4343
3703 6026
608 7069
227 6429
1109 7595
236 6418
3405 5964
2633 4172
260 6913
1600 7237
401 7060
3974 5507
3289 5852
869 6498
719 6344
1196 7851
15 6663
2523 5073
2780 4311
3114 5670
1721 7348
975 6593
1875 7516
3157 5700
1673 7320
659 6279
1968 7588
61 6697
732 6345
2444 5014
3977 5522
3224 5764
2354 4911
1992 7656
3739 5306
1456 8084
796 6456
3981 5545
722 6388
640 6311
3138 5733
4069 5570
1257 7873
2058 4640
881 6491
1452 8070
2867 4376
2688 4267
1534 8146
1519 8130
799 6445
2952 4539
931 6544
2162 4678
181 6797
534 6190
1570 7192
1243 7911
487 7130
4083 5582
2681 4164
1733 7301
3588 5189
3016 4489
3635 5234
1823 7516
3039 4508
2718 4315
166 6880
859 6419
1278 7861
67 6670
2105 4726
868 6453
2404 4918
3215 5853
945 6627
784 6472
3281 5769
3919 5398
2592 4219
2379 4886
1224 7829
995 6588
1962 7669
1825 7550
1169 7886
958 6620
2758 4261
1436 8184
3863 5489
2676 4114
2392 4926
1496 8113
2255 4772
2129 4669
1719 7384
3065 4488
2598 4180
1167 7932
3321 5770
760 6284
1816 7532
861 6443
2909 4394
2199 4846
3287 5805
1609 7221
2771 4270
3476 5911
1657 7421
232 6765
3642 5299
1530 8048
1018 6512
547 6313
663 6171
3897 5557
2297 4727
1790 7280
749 6242
2227 4642
3041 4464
3390 6063
2441 4890
100 6896
848 6596
1437 7945
1807 7577
1046 7809
2852 4531
3987 5387
1992 7505
3081 5779
2692 4120
2908 4607
1042 7862
2744 4124
31 6842
1603 7397
807 6528
1079 7824
1700 7180
1127 7885
155 6705
3971 5421
1236 7780
2439 4918
1882 7659
1298 8097
639 6348
3948 5592
1042 7847
3991 5409
2459 4909
396 6970
3160 5871
3442 6090
2103 4751
3216 5673
2524 4965
3404 6133
3664 5355
2393 5092
2468 4891
1991 7544
3046 4390
2285 4652
1863 7556
3167 5787
3007 4474
1818 7644
611 6309
1073 7926
3358 6100
2935 4540
2236 4720
3582 5939
3340 6108
673 6257
243 6690
3007 4462
1567 7373
1282 8144
3207 5716
1866 7582
139 6736
3832 5156
3343 6099
1556 7370
1306 8133
3499 5963
1985 7456
2967 4469
3195 5784
2487 4946
3364 6082
2343 5056
125 6807
681 6211
182 6749
380 7056
571 6359
4005 5451
3100 5874
2015 7472
3504 5952
177 6721
671 6255
3663 5308
2603 4319
1649 7303
3280 5674
566 6346
1101 7857
146 6767
3285 5675
417 7006
1808 7663
1668 7291
2640 4434
198 7108
2255 5065
986 6364
2973 4251
3434 5741
3488 5800
3501 5797
1795 7178
170 7072
3569 5882
1976 7347
3668 5471
3504 5821
3387 5686
534 6425
355 6764
99 7025
2442 4767
1814 7171
3875 5179
660 6540
776 6160
159 7046
920 6275
2504 4819
520 6420
1784 7652
3193 5991
1192 8072
3286 6134
374 6743
575 6430
2077 4921
351 6778
592 6518
591 6505
3599 5412
1258 8134
523 6439
3924 5240
3889 5150
1643 7515
2301 5069
3912 5242
1877 7270
272 6694
506 6860
2341 4627
3355 5676
403 6827
1944 7328
3004 4229
1036 7984
2069 4904
879 6224
2735 4590
3432 5674
2850 4193
2752 4484
2909 4120
1820 7259
3758 5609
91 6931
3973 5325
1930 7363
3746 5608
1399 7741
542 6485
1107 7960
21 7001
2421 4665
262 6730
4034 5260
3641 5495
1283 7757
56 7030
812 6243
2568 4440
1153 8144
1229 8095
1459 7911
3038 4235
1354 7708
2093 4987
3741 5578
2919 4159
3304 6065
2554 4775
2040 7333
2174 4897
3569 5777
3597 5487
3710 5401
945 6361
3946 5120
759 6557
1421 7910
1237 8121
3320 6036
17 7038
1902 7198
688 6595
654 6653
1670 7666
3479 5858
9 7036
3863 5231
1308 7782
3428 5663
3543 5804
3078 6008
3438 5648
257 6782
2494 4801
952 6201
1189 7972
3594 5512
40 7082
39 7075
3394 5829
615 6624
2632 4559
491 6755
1453 7718
4062 5205
1807 7299
3523 5710
2777 4436
1736 7494
3830 5497
3775 5424
2832 4226
329 6875
488 6768
1731 7513
1995 7248
2770 4425
3408 5838
3082 6037
3384 5787
3137 6119
2370 4836
2196 4915
2557 4695
3727 5413
2625 4586
2483 4639
1972 7194
822 6296
2090 4996
2879 4240
1181 7981
1064 8088
2261 4967
603 6632
2142 5098
3297 5972
701 6405
1090 8187
4079 5206
1459 7695
1249 8028
2408 4823
1716 7540
2687 4542
827 6393
2250 4872
2530 4641
1669 7488
2703 4425
1851 7421
1848 7408
3721 5441
2299 4914
1637 7599
1069 8167
3141 6031
1331 7928
1053 8140
119 7077
3519 5740
890 6316
2612 4589
1723 7520
1904 7339
2471 4730
316 6876
3887 5327
1202 8017
952 6237
2532 4609
4073 5135
2372 4770
1622 7614
1482 7712
899 6253
3361 5838
1400 7831
1566 7665
1037 8162
1649 7553
4049 5153
386 6770
4048 5153
2443 4729
112 7042
653 6527
3618 5591
772 6386
361 6814
273 6890
47 7122
1891 7325
3272 5943
3133 4158
1724 6841
365 7524
1954 7087
225 7409
1077 6181
1918 7023
2546 5603
3011 6096
1243 6351
1747 6855
965 8145
2762 5855
430 7608
3771 4771
1490 6603
4050 5067
2271 5317
380 7526
693 7855
1153 6298
757 7912
530 7692
1098 6229
1990 7143
850 8051
3683 4678
3445 4434
1187 6276
121 7249
848 8057
1606 6767
788 7998
423 7565
3239 4235
185 7317
2374 5483
2146 5196
3205 4266
1317 6423
3064 6094
2295 5326
981 8169
2247 5371
2026 7124
3881 4886
2084 5147
1123 6179
3764 4854
1408 6597
295 7533
3785 4739
358 7469
1956 7144
2730 5862
3671 4634
286 7504
2925 5922
3449 4395
785 8003
223 7309
1960 7162
434 7649
3446 4387
1853 7019
1842 7012
3115 4211
1394 6443
1357 6422
3980 5073
2580 5705
3268 4261
3240 4298
755 7831
3480 4606
961 8102
755 7832
3349 4473
2365 5457
307 7518
1581 6720
3441 4383
3198 4112
1002 8090
3434 4378
2479 5595
1035 6270
152 7406
3267 4283
98 7194
2290 5259
3182 4117
502 7562
499 7567
2817 6013
2867 5967
2239 5314
2121 5175
3938 4892
2542 5521
2704 5871
751 7789
1046 6290
397 7432
2106 5309
3986 4891
2041 7026
2457 5397
1555 6814
1595 6838
1189 6187
18 7324
3999 4881
1948 6927
2976 5939
3102 4234
3318 4194
1011 8038
2777 5697
921 7936
3810 4731
3283 4175
3859 5007
2316 5521
2291 5230
3528 4437
1688 6661
4006 4923
2110 5281
786 8077
1502 6526
790 8116
3166 4348
190 7196
3500 4367
2226 5137
1917 7131
28 7348
1849 7056
238 7239
1412 6447
1805 7078
2706 5694
489 7493
797 8113
1462 6426
880 8159
689 7683
3942 5075
972 8053
873 8147
3870 5029
902 7997
229 7257
2985 5909
1079 6282
2730 5652
1787 6724
300 7571
2061 5324
2802 5683
2896 6034
8 7370
1578 6894
3454 4538
3962 5052
821 8189
1310 6615
3872 5099
3798 4635
2363 5621
2520 5384
3370 4603
1623 6788
2407 5555
3077 4304
3080 4318
682 7794
3717 4701
2300 5158
3035 5893
727 7735
2559 5405
1132 6281
2532 5378
2632 5806
2204 5236
1895 7055
2140 5301
3791 4645
1434 6512
2996 5977
3307 4102
1134 6272
1156 6261
1523 6400
1957 6993
2991 5978
3621 4816
2293 5123
3453 4485
2029 6929
1878 7082
1887 7074
1218 6207
801 7715
1533 6393
994 7910
860 7771
3133 4405
1925 6798
2098 5436
2237 5548
3601 4866
3259 4520
789 7686
1933 6809
409 7308
4068 4849
135 7569
2610 5931
2636 5968
2902 5704
2027 6900
3992 4792
2597 5889
3238 4492
3090 4415
2608 5917
3634 4864
793 7723
2785 6098
13 7486
1260 6617
3152 4454
3929 4705
1186 6555
1529 6339
2395 5216
4057 4837
4082 4812
264 7222
2318 5169
22 7465
2751 6143
559 8043
2270 5531
157 7640
62 7543
3805 5015
3068 5808
785 7772
3926 4635
2655 5905
836 7701
3757 5108
3436 4149
1003 7857
2644 5903
2059 5462
2720 6142
2776 6023
1410 6365
2016 6785
3512 4314
2122 5416
3374 4173
3715 5088
192 7589
3296 4486
1350 6176
2318 5225
3250 4568
614 7949
3040 5771
3639 4956
3894 4698
451 7342
1912 6677
2045 6803
2386 5181
532 8036
3988 4836
2891 5690
3580 4239
4076 4760
3804 5033
4084 4748
1924 6909
2869 5705
2493 5312
1152 6654
832 7743
955 7876
1091 6594
2522 5208
947 7728
3008 5700
950 7731
2115 5572
3979 4620
138 7427
2927 5860
3060 5752
3176 4582
794 7816
3950 4860
1072 6563
9 7581
3572 4193
199 7505
3396 4306
3425 4342
2754 5978
49 7593
2648 6081
3890 4777
2512 5195
3736 4868
2733 5937
1032 6548
2766 5971
3547 4165
2254 5486
749 8015
2768 6003
3641 5018
131 7460
3253 4380
282 7347
687 7942
1443 6153
519 8109
656 7995
2052 5544
610 8142
1996 6752
1027 6575
3093 4536
2541 5184
644 7979
2091 5531
2470 5140
1369 6379
1211 6409
137 7485
3820 4952
2212 5404
324 7422
3430 4317
706 8061
1854 6911
1330 6385
2003 6672
1887 6811
1012 7729
1379 6308
3670 5022
765 7989
2579 6106
1096 6530
523 8132
619 8100
242 7458
3136 4497
3264 4369
2743 5989
3439 4284
1220 6416
1357 6292
821 7919
2472 5236
3509 4201
1876 6793
420 7289
1045 6641
2399 5307
1857 6820
1481 6191
3954 4756
3273 4384
1811 6906
1177 6515
3446 4253
1165 6497
2994 5727
2158 5504
1442 6221
2826 5861
3020 5692
3395 4275
978 7712
3273 4411
3252 4423
1359 6332
1794 6897
1785 6922
935 7762
3921 4772
1075 6598
1183 6504
4084 4611
3916 4789
882 7816
1746 6959
1274 6404
2300 5885
4038 4548
3772 4287
452 8128
3305 4847
3421 4949
2865 5432
1239 6855
4035 4562
3166 4687
3214 4763
3420 4939
3835 4322
1720 6305
1047 6669
2136 5698
2457 6018
369 8044
3249 4783
308 7979
620 7283
1919 6496
2608 5167
3611 4154
3686 4167
3010 5603
3697 4181
104 7758
2055 5679
2933 5469
464 8184
1078 6687
575 7188
143 7841
1900 6466
778 7482
30 7726
2435 6067
4007 4502
2450 6051
3151 4733
3990 4514
3085 4664
3962 4431
3716 4273
1200 6793
3457 5048
3601 4136
2622 5127
241 7882
2288 5835
3332 4920
96 7772
2270 5859
889 7495
142 7856
32 7711
1521 7118
3714 4290
837 7429
1164 6861
2402 5925
1576 6242
2667 5158
3732 4313
1652 6202
373 7972
2938 5417
1398 6949
3520 5012
3458 5076
3681 4153
2277 5822
1945 6599
2806 5289
442 8165
3312 4752
3116 4684
2751 5343
605 7228
2507 6058
3135 4701
761 7322
3416 4925
1238 6832
697 7391
2467 6091
3632 4184
2477 6085
1184 6857
2267 5809
3455 4884
4053 4537
3491 5071
2509 6079
1591 6210
1558 6241
1735 6335
2286 5783
3466 5105
210 7854
2963 5614
2120 5832
1314 7073
3450 5113
351 8153
598 7376
1611 6349
3862 4510
1274 6769
3302 4717
545 7341
1803 6535
712 7256
2034 6498
793 7560
1695 6156
1545 6301
83 7879
1373 7113
3376 5028
3935 4554
2359 6049
3188 4834
874 7677
796 7558
2590 5252
2691 5144
3787 4176
3080 4757
2333 6019
3012 5467
588 7379
718 7279
2787 5186
2092 5774
2594 5248
1841 6549
255 7770
2013 6522
3824 4183
3869 4533
754 7256
2053 5807
2226 5657
1677 6177
1698 6158
1517 6979
1188 6667
2097 5790
3715 4146
3961 4552
2587 5288
446 7949
3388 5001
1088 6902
256 8119
1796 6588
475 8034
2066 5803
2955 5431
728 7197
3968 4424
673 7272
437 8063
1262 6692
1776 6203
4030 4466
832 7566
2540 5923
3956 4539
2590 5326
1246 6670
3212 4702
2043 6440
3031 5378
871 7602
844 7579
1226 6685
2155 5811
3350 5071
2086 5880
2502 5926
3857 4593
2409 6027
4075 4360
690 7255
1309 7157
779 7651
587 7331
2614 5343
2725 5198
2607 5313
1777 6147
484 7953
1559 6369
2135 5792
746 7197
3711 4231
3819 4115
3759 4181
3575 4875
3291 4646
3615 4321
1541 6395
1703 6232
1196 7084
2487 5814
1889 6240
4088 4345
1569 6437
1 7940
641 7559
1564 6426
384 7817
1388 6757
3912 4166
1213 7090
2953 5254
343 7751
2052 5910
2816 5138
3070 5356
762 7657
2218 6073
1411 6800
2679 5476
3116 4927
2304 5654
3951 4215
1937 6280
909 7318
2954 5265
3158 4938
1960 6326
1923 6300
1986 6371
3841 4131
3094 4914
694 7568
2716 5562
3508 4754
4020 4243
2363 5660
563 7450
1300 6712
417 7821
1470 6801
1101 7010
3145 4966
959 7311
2077 5932
1268 7110
1826 6161
1888 6233
585 7541
310 7691
3860 4137
3655 4472
2257 6033
2782 5535
3114 4971
187 8185
2748 5624
3128 4988
3886 4203
970 7311
4077 4264
984 7326
683 7660
472 7839
1838 6247
618 7456
1535 6836
2429 5686
43 8039
1522 6844
298 7781
479 7822
2767 5533
2304 5714
2486 5860
2416 5667
1067 7037
764 7595
2259 6020
3561 4785
1326 6772
1159 7132
1498 6790
1364 6665
3705 4388
1424 6862
2142 5888
2348 5708
2250 6059
2472 5833
3203 5090
3985 4336
3613 4479
2813 5534
806 7234
1031 7009
1968 6359
3354 4722
735 7607
341 7736
3959 4122
3327 5008
2347 5723
1245 7084
369 7680
3489 4818
3700 4359
481 7826
1528 6796
745 7580
572 7497
2524 5802
2934 5132
67 7998
1477 6843
3689 4374
2242 6077
768 7296
1288 6796
88 8159
2359 5823
1317 6829
3352 4753
1232 7002
3327 4981
1271 7036
2809 5494
4034 4178
2266 5961
333 7899
3032 5191
281 7814
2478 5646
1105 7153
3887 4237
3231 4922
2646 5619
3735 4400
3845 4269
1058 7051
56 8081
3734 4412
2323 5817
3780 4462
2726 5386
1631 6642
1419 6692
106 8154
1335 6789
1067 7064
3550 4717
2901 5350
1624 6636
1744 6503
3508 4611
2256 5992
926 7205
1292 6832
214 8042
3146 5111
1261 6994
1198 7022
2437 5701
1223 6918
3305 4907
655 7501
2147 6048
1487 6668
2939 5311
2940 5305
2926 5288
168 8046
1551 6600
1334 6911
3831 4414
2784 5418
3532 4614
1714 6521
2700 5440
278 7898
2827 5318
3801 4372
390 7752
3126 5112
3127 5113
3860 4293
871 7350
1159 6998
3779 4375
1452 6776
3629 4600
2369 5783
1644 6586
55 8160
34 8186
829 7396
1683 6474
3867 4289
1653 6575
3086 5077
3868 4295
2489 5735
579 7587
134 8036
53 8151
866 7297
838 7331
3781 4397
2908 5300
2259 5947
1320 6850
3372 4806
1146 7062
1524 6683
842 7354
1858 6320
1146 7048
47 8156
1430 6754
979 7205
2972 5227
2662 5535
3174 5020
3958 4234
858 9050
1346 9542
556 8745
311 8510
1048 9235
888 9077
146 8348
1527 9697
12 8214
17 8207
254 8416
1499 9715
1316 9494
725 8934
1198 9362
33 8223
144 8367
4 8251
584 8712
1033 9291
8 8266
159 8409
978 9108
103 8237
26 8276
707 8851
1642 9784
114 8224
555 8830
661 8909
1586 9835
43 8304
748 8883
437 8660
421 8654
476 8625
1706 9924
831 9040
1409 9710
1363 9508
182 8398
721 8873
935 9179
120 8196
646 8954
161 8413
108 8209
891 9201
85 8414
1422 9474
268 8577
1775 9826
1290 9604
219 8277
1679 9759
1251 9328
610 8949
1460 9518
1116 9408
1618 9934
1782 9833
1583 9870
1323 9614
1332 9618
387 8493
990 9073
686 8732
1509 9555
1343 9609
1743 9847
786 9129
1450 9495
415 8482
819 9207
625 8884
1678 9801
1440 9577
1406 9655
458 8449
510 8499
1645 9890
45 8444
1468 9576
1685 9792
238 8247
297 8692
750 8718
1491 9520
925 9083
773 9196
698 8788
164 8273
949 8880
2015 9942
1852 9781
309 8255
397 8321
1980 9894
506 8417
1110 9544
150 8584
82 8567
1969 9880
216 8690
1264 9694
777 8760
1501 9448
2022 9950
1249 9692
326 8313
717 9103
516 9031
346 8212
736 9137
1371 9225
921 8906
1102 9497
761 9126
803 8769
1831 9795
791 8818
144 8695
413 8437
1312 9290
1520 9372
1303 9336
702 9166
693 9156
1387 9241
1936 9955
765 9099
1461 9422
2037 9864
509 8319
1401 9467
638 9211
1800 9860
1476 9303
113 8677
226 8566
408 8196
303 8370
1417 9251
305 8346
823 8856
1525 9306
325 8439
1072 9608
1402 9411
854 8854
128 8516
1811 9942
293 8419
512 9162
346 8342
1469 9329
2025 9767
1235 9475
220 8463
953 8810
215 8451
900 8786
1502 9223
136 8531
90 8582
2042 9767
1327 9457
531 9207
1195 9550
518 9185
487 8192
910 8807
851 8890
482 8206
571 9163
615 9110
469 8228
101 8596
1004 8728
756 8961
149 8547
490 8220
467 8228
1302 9441
391 9090
418 9130
208 8925
1998 9686
1179 9857
628 8303
1310 9986
1023 8670
835 8545
383 9046
1147 9810
1107 9850
1206 9884
236 8903
1063 9737
1150 9809
296 8984
253 8905
640 8375
77 8821
887 8522
1916 9532
1557 9297
353 8999
497 9142
304 9080
576 8202
1183 9941
76 8711
398 9154
2004 9624
991 8593
444 9194
860 8459
1543 9311
608 8248
1805 9558
1537 9309
997 8580
385 9184
984 8637
1765 9356
758 8349
294 9034
1007 8576
313 9032
147 8933
1777 9353
1259 9872
240 8845
7 8836
1850 9660
830 8626
1575 9386
1408 9999
518 8341
596 8391
1562 9347
98 8955
342 9164
1034 9878
317 9108
1629 9460
664 8242
37 8843
69 8945
176 8709
1238 9748
60 8959
1244 9755
1581 9450
1609 9351
1255 9783
104 8889
536 8394
241 8740
658 8264
857 8582
720 8241
969 8492
1052 9979
78 8870
1154 9833
12 8956
64 8880
514 8436
468 9005
565 8392
440 9029
613 8344
700 8639
1354 9807
1951 9370
1877 9296
115 9081
1965 9382
1746 9692
1536 9487
1044 9992
923 8379
966 8423
1538 9505
781 8238
1833 9226
1342 9752
1773 9666
1645 9567
1333 9730
153 9121
1536 9530
766 8633
1089 9995
492 8864
1389 9791
914 8385
335 8730
341 8719
1823 9284
1753 9602
160 9152
379 8733
908 8418
2 9075
94 8998
548 8540
436 8908
1871 9269
1505 9883
1559 9580
253 9091
1679 9487
956 8253
35 9122
1415 9732
536 8604
14 9097
1737 9537
912 8217
1940 9242
1898 9445
1309 9871
1911 9442
217 9036
1840 9382
140 8980
998 8318
1995 9303
1831 9401
565 8595
552 8591
1737 9582
193 9064
1446 9746
1978 9231
1516 9817
1466 9743
699 8461
436 8707
1005 8282
210 9067
1671 9532
334 8946
688 8460
260 8890
1768 9513
1936 9307
890 8375
1337 9962
1284 9943
372 8865
805 8435
1509 9778
1973 9325
45 9204
1700 9598
927 8259
748 8496
1521 9773
1709 9584
358 8836
1663 9625
1876 9394
52 9180
122 9107
539 8672
389 8827
1932 9095
1367 8513
2024 9200
604 9798
1571 8760
1128 8309
464 9678
1981 9117
1702 8839
525 9775
1933 9128
36 9229
1041 8252
1528 8663
1874 9085
1421 8638
222 9444
1061 8222
29 9311
1699 8936
1289 8517
1916 9008
589 9729
1667 8910
557 9827
267 9567
1221 8337
143 9433
1872 8966
1915 9004
48 9319
469 9612
106 9267
646 9951
1040 8268
1073 8302
1451 8648
750 9869
1233 8377
429 9670
1908 8964
1047 8295
1461 8647
1311 8555
606 9771
1662 8713
440 9665
1426 8681
1958 8992
1770 8812
1711 8744
1576 8864
1478 8520
1070 8353
1069 8354
1080 8360
132 9233
1381 8646
517 9889
402 9524
1059 8331
1220 8301
1538 8872
632 9943
169 9240
1304 8619
72 9468
460 9593
1544 8883
1513 8535
261 9659
550 9954
595 9878
544 9959
1284 8654
1828 9199
1833 9188
1024 8401
333 9625
757 9763
85 9346
59 9452
1065 8434
244 9256
715 9771
1943 9074
1518 8457
1788 8724
1984 9001
1668 8814
57 9429
679 9800
517 9973
288 9680
1393 8581
1720 8781
1247 8234
529 9959
1211 8268
477 9509
1596 8903
2029 8978
73 9398
133 9605
209 9683
367 9323
1009 9974
209 9690
1267 8675
342 9285
20 9472
1852 8744
1036 8465
340 9332
1252 8643
1144 8531
386 9395
97 9555
213 9698
1068 8468
2004 8940
983 9966
1438 8357
1817 8742
1377 8231
1994 8832
48 9595
1162 8666
999 9910
1655 8996
101 9526
340 9216
456 9374
1472 8346
1910 8749
1447 8444
1988 8857
266 9300
212 9653
1732 9125
92 9535
345 9276
173 9675
1766 9100
1218 8620
27 9588
1730 9133
1683 9212
470 9401
15 9598
1554 9057
1411 8439
2032 8837
1703 9182
1339 8261
1476 8379
1515 8297
1804 8840
1944 8734
1469 8251
803 9899
1621 9159
1119 8653
3 9617
408 9227
1038 8603
1847 8879
1124 8696
476 9281
1351 8409
775 9893
390 9253
1108 8695
357 9420
1103 8678
1816 8882
1398 8408
1334 8327
1076 8583
259 9399
1154 8507
1335 8334
1457 8204
1160 8501
1025 8642
1141 8624
1285 8386
1553 9174
1860 8841
1897 8871
115 9635
51 9699
916 9797
1580 9214
1893 8886
1885 8841
172 9592
1256 8509
1443 8317
1016 9752
1410 8290
1844 8912
1386 8332
993 9735
1145 8594
1832 8902
876 9882
1532 9212
1336 9019
988 9688
522 9230
1160 8847
1896 8548
991 9678
1076 8742
1225 8925
1465 9120
287 9990
931 9658
1352 9047
1773 8395
669 9403
1785 8401
145 9915
1331 8984
46 9731
1593 8215
1983 8585
597 9325
685 9364
1640 8275
1857 8448
815 9581
1016 9649
681 9443
165 9961
1791 8369
6 9813
633 9262
946 9681
83 9787
1124 8718
173 9923
1416 9190
1650 8194
1742 8382
1129 8733
214 9902
1844 8524
1496 9123
967 9657
1231 8782
957 9529
2038 8563
108 9957
834 9681
1392 9187
513 9366
1633 8441
670 9216
1866 8661
1619 8440
1755 8309
1602 8429
1381 9175
685 9241
1659 8398
1786 8257
105 9903
1230 8735
562 9447
1168 8773
76 9877
44 9973
667 9339
1929 8553
1622 8372
774 9701
2001 8503
86 9905
1358 9129
1854 8651
1321 9168
1725 8257
1163 8823
918 9579
1052 8930
165 9818
1830 8230
1770 8682
428 9901
1815 8211
926 9370
912 9367
1655 8575
509 9972
1657 8560
618 9568
414 9876
315 9777
1935 8324
577 9548
1908 8314
1414 8851
744 9726
918 9345
1273 9184
932 9406
1648 8554
1542 8474
738 9725
1855 8221
1092 9062
616 9539
1352 8806
393 9914
1552 8483
541 9518
267 9788
302 9744
1869 8306
1228 9098
669 9685
1104 8985
388 9935
1349 8714
1127 9011
1677 8663
800 9340
100 9989
1792 8291
1005 9352
1690 8700
876 9221
1089 9003
1603 8489
448 9899
2011 8372
1420 8957
1307 8815
1188 9171
443 9925
383 9728
898 9221
407 9759
415 9750
2012 8279
505 9845
1775 8546
1161 8967
1070 9143
1812 8335
862 9471
1889 8384
1049 9148
1641 8655
624 9667
1199 8985
521 9662
1535 8767
787 9426
1608 8589
726 9489
1736 8455
941 9341
1074 9191
1006 9272
1501 8715
1059 9205
1000 9270
630 9622
1718 8543
1204 9031
975 9276
1122 9109
1396 8835
1547 8691
551 9695
577 9656
1382 8860
670 9573
1959 8283
276 9961
3266 9411
3817 9963
2763 8904
3640 9789
2814 8950
3343 9479
2872 9009
2875 9008
3821 9958
2175 8307
2528 8689
3413 9537
3170 9333
3413 9549
3718 9887
2517 8693
2257 8433
3063 9169
2913 9033
3055 9181
3034 9193
2700 8888
2229 8321
3143 9343
2570 8753
3409 9581
2858 8983
3839 9919
3187 9266
3236 9446
3159 9237
3591 9796
3378 9590
3421 9496
3018 9100
3730 9946
3143 9230
3017 9093
2680 8757
2060 8284
2873 9064
2447 8669
3598 9836
2847 9084
2171 8221
2903 9020
2264 8371
3282 9404
2915 8979
2671 8735
2962 9185
3619 9814
3365 9566
2520 8615
2883 9155
2149 8422
2595 8868
2577 8856
2465 8493
3099 9365
2373 8650
2168 8420
3481 9478
2678 8924
3165 9458
2231 8205
3379 9609
2586 8868
2245 8197
2053 8387
3794 9749
2996 9084
2258 8219
2269 8212
3631 9955
2134 8347
2076 8402
2193 8286
3168 9392
3242 9338
2308 8660
2772 8710
3730 9799
2512 8456
2332 8644
2102 8424
2807 8726
3812 9733
3229 9336
2507 8494
3265 9257
3635 9945
3382 9691
2727 8791
3458 9589
3551 9509
4089 9976
2553 8442
2638 9032
2551 8447
3019 8899
3998 9879
2511 8411
3299 9718
3077 9491
2975 8838
3384 9254
2240 8672
2179 8610
2197 8631
3057 8919
2513 8443
3326 9685
2920 8772
3310 9665
2289 8640
2344 8218
2716 9127
3923 9832
2444 8370
2378 8203
2878 8826
3102 9563
3249 9718
3139 9484
2888 8729
3441 9253
3018 8850
3377 9326
3314 9618
2905 8763
3087 9578
3063 8861
2289 8607
2806 9113
3930 9781
2556 8331
2094 8537
3065 8835
2970 8934
3419 9434
3913 9930
3029 8784
2519 8287
2901 8927
3006 8752
3941 9962
2466 8237
2056 8601
3468 9245
2993 8741
2499 8280
2356 8363
2704 9010
3908 9958
3923 9981
2637 9209
2798 9048
2681 9167
3313 9521
2141 8602
3401 9346
2732 9056
2480 8288
2841 8907
3444 9377
4004 9853
3380 9450
2853 8900
2350 8390
2127 8608
2496 8239
2537 8220
3579 9219
2061 8688
2600 9173
2469 8282
3668 9301
3275 9929
3706 9342
2933 8561
2237 8891
4024 9663
2134 8798
3176 9848
2354 8994
3801 9419
2745 8365
2886 8529
3173 9854
3703 9323
2918 8514
3808 9414
3147 9826
3186 9816
2151 8780
3928 9580
2895 8568
2489 9093
3718 9403
2876 8450
2894 8561
2072 8785
2364 9069
3636 9319
3066 8622
2978 8693
4037 9636
3788 9391
4067 9605
2801 8345
2361 9042
2720 8396
3152 9762
3049 8605
2063 8827
2335 9059
2606 8274
2696 8436
2437 9211
3171 9954
3767 9269
2783 8283
2812 8310
3194 9969
3182 9983
2094 8895
2624 8405
3633 9383
2232 8751
3699 9451
2230 8748
2721 8252
4086 9558
3215 9774
3683 9409
3062 8532
3091 9904
2174 8919
3258 9747
3303 9805
3104 9876
2434 9015
3654 9459
2801 8264
4083 9548
3677 9372
2781 8223
3147 9870
2794 8230
3319 9786
3087 9947
2167 8867
3084 9941
2694 8285
3211 9808
2377 9131
3676 9400
3179 9868
3948 9600
2141 8881
2150 8840
2252 8738
3828 9242
2755 8246
2119 8894
2814 8197
2195 9104
2104 9012
3355 9748
4008 9404
2761 8668
2072 8963
2936 8292
2857 8245
3656 9559
3529 9960
2561 8485
4094 9429
2882 8307
4061 9455
3367 9745
2190 9144
3425 9761
2170 9016
3761 9716
3056 8376
3000 8432
2705 8667
2904 8215
3537 9858
2974 8390
2986 8435
3495 9977
2769 8630
3966 9239
2705 8703
2188 9215
2647 8484
2310 8819
4017 9414
2574 8569
2428 8708
3744 9691
2682 8454
3539 9902
2672 8690
3333 9862
2482 8758
2956 8200
2917 8428
3401 9920
4008 9250
2765 8518
3895 9400
2643 8668
2531 8819
4018 9248
2368 8915
2095 9146
3562 9855
2584 8590
3609 9615
2258 9038
3746 9533
3517 9757
3581 9821
2921 8385
4056 9331
2619 8598
2311 8874
3652 9717
3393 9968
2535 8794
3943 9433
3808 9506
3765 9590
2389 8849
4071 9263
2104 9202
2194 9049
2594 8681
2483 8800
2302 9001
3724 9556
2382 8854
2551 8727
2331 8939
2465 8790
3709 9606
2054 9210
3004 8258
2784 9953
3993 9112
3452 8574
2336 9510
2616 9777
2100 9278
3528 8643
3429 8555
3726 8833
2715 9866
3649 8787
3789 8922
4016 9132
3456 8606
2283 9418
2132 9335
3183 8265
3533 8673
2374 9591
3586 8752
2615 9732
2646 9825
2742 9871
3866 8995
2123 9328
2099 9224
3742 8866
3284 8425
2224 9358
2880 9984
3132 8313
3149 8203
3210 8388
3082 8280
3486 8651
3817 8895
3657 8721
2548 9640
3899 9061
2511 9645
3672 8762
2547 9626
3594 8801
2334 9587
3928 9015
3412 8485
2433 9715
2521 9643
3836 8847
3518 8650
2454 9699
3967 8970
2352 9547
3361 8540
3140 8249
3865 9063
3713 8711
2091 9389
2719 9753
3832 8816
2128 9432
2629 9933
3763 8746
3316 8302
3097 8323
2707 9741
2460 9475
3288 8312
3151 8427
2610 9881
2313 9637
3869 9136
3459 8492
3848 9145
2993 9986
2673 9925
3216 8229
3122 8330
3332 8639
4016 8972
3156 8340
3370 8684
2193 9302
3740 8791
2677 9918
4007 9065
3324 8243
3516 8557
3815 8754
2569 9948
2449 9544
2132 9359
3333 8665
2265 9220
2111 9439
3397 8614
2169 9360
2539 9477
2738 9821
2064 9444
3911 9151
2572 9975
2159 9363
3505 8527
3650 9027
4078 8938
2841 9744
2109 9520
3559 8437
2990 9913
3855 8724
2051 9503
3172 8570
2414 9290
2828 9769
3242 8578
3251 8602
3265 8683
3398 8299
2176 9646
3552 8399
2478 9374
3651 9078
3339 8254
3288 8673
2080 9499
4090 8902
3851 8759
3071 9922
4023 8951
3477 8404
2178 9664
3845 8771
3925 8723
2864 9849
2235 9705
3267 8599
2409 9268
3669 9021
2127 9510
3443 8218
3605 9086
2442 9447
2659 9996
3579 8340
3411 8226
3682 8976
3276 8632
2089 9564
3347 8292
3737 8986
2349 9387
2527 9300
3672 9160
3159 8644
3878 8881
3309 8565
3620 9149
2856 9907
2530 9342
2213 9531
3882 8885
3397 8421
3759 8971
3495 8193
2826 9891
2260 9599
3042 9801
3106 8590
2827 9895
3781 9074
2323 9386
3754 8976
2315 9393
2739 9993
3939 8927
2849 9970
3975 8804
3729 9076
3336 8430
4040 8740
2150 9621
3311 8476
3617 9172
2829 9485
3624 8236
2939 9599
3748 8355
4073 8677
2609 9279
3581 9203
3485 9107
2763 9432
2281 9980
2068 9740
2214 9912
3595 8235
3556 9157
3657 8299
2849 9476
2823 9504
3613 8244
2583 9275
2962 9637
2855 9502
3767 8332
3509 9102
3961 8517
3866 8543
3067 9661
2570 9293
2851 9577
3112 8806
3717 8407
2625 9234
3278 8861
2221 9977
2620 9317
3780 8350
3363 9026
2762 9384
2750 9430
2758 9391
2243 9897
4005 8649
2116 9770
3748 8403
3989 8684
3299 8858
3660 8240
2604 9298
2227 9779
3645 8373
4046 8515
3897 8628
2626 9431
3284 8769
3252 8739
2807 9327
2698 9232
3548 9024
3180 8945
3172 8955
2292 9808
2641 9462
2598 9359
3884 8583
3870 8626
4046 8546
2238 9742
3482 9002
3226 8750
3544 9056
2942 9671
2712 9304
2639 9357
3797 8210
3787 8198
3054 9534
2800 9249
3953 8612
3244 8820
4070 8507
2560 9437
3550 9022
3260 8797
2942 9624
3053 9482
3406 9127
3015 9517
4065 8458
2278 9741
3002 9545
2219 9822
2753 9271
2073 9966
3646 8510
2767 9676
2860 9258
2789 9708
2714 9614
3871 8201
3174 9087
2436 9880
2560 9507
3245 9092
3113 8965
3462 8875
3607 8487
2102 9991
3489 8848
3768 8586
3553 8914
3573 8897
3998 8363
3997 8362
3069 9413
2475 9874
2795 9687
2954 9399
3751 8675
3240 9197
2616 9597
2698 9677
3900 8315
3232 9192
2947 9417
2433 9931
2810 9652
2338 9843
3154 8967
2822 9297
3825 8619
2426 9766
3662 8464
2312 9828
3256 9154
3338 8817
2342 9818
3756 8657
2642 9516
4068 8294
2432 9734
3634 8629
3022 9286
2635 9669
4018 8224
3362 8832
3090 9142
3970 8231
3774 8472
3738 8499
3707 8662
2666 9668
3085 9141
2650 9698
2619 9603
3013 9343
2305 9916
3272 9077
2613 9611
3786 8457
3918 8333
2898 9364
2321 9944
2999 9341
3686 8618
3268 8971
3682 8631
2887 9361
2492 9835
2376 9873
3103 9157
3936 8381
2780 9474
2398 9906
3301 8968
3096 9206
2726 9545
2657 9619
2828 9465
3515 8768
2420 9866
5366 9456
4935 9036
4124 8211
5098 9208
5746 9830
5086 9162
4734 8804
4983 9069
4900 9023
5492 9576
4244 8329
4469 8552
4436 8521
5024 9088
4862 8924
5575 9711
5863 9934
5448 9570
4936 9058
5022 9136
5249 9390
5053 9099
4732 8778
5770 9911
4828 8930
5946 9988
4278 8438
4457 8480
5266 9438
5400 9556
4109 8256
4573 8588
5328 9350
4699 8717
5593 9600
5796 9981
5219 9274
5488 9515
4899 9025
4745 8953
5497 9483
4572 8623
5822 9933
5081 9050
4953 9183
5291 9250
5645 9863
5837 9793
5389 9601
4700 8914
5434 9653
5065 9049
5558 9511
4703 8898
4759 8756
5295 9222
4099 8362
4594 8537
5271 9274
5334 9337
4285 8210
5107 9027
4527 8479
5565 9481
4192 8405
4911 9110
4766 8743
5270 9260
4730 8901
5682 9869
5455 9712
5262 9294
4221 8383
4955 9113
4116 8406
5826 9736
4344 8243
5734 9898
5605 9512
5474 9647
4464 8609
5312 9233
5501 9642
5736 9906
4649 8946
5018 9083
5765 9831
5013 9079
4762 8828
4466 8597
5347 9227
5624 9493
5260 9313
5581 9507
4930 9139
5185 9397
5168 9415
4846 8729
4804 8755
5221 9373
4419 8636
4169 8525
5924 9772
4130 8488
5042 8894
5612 9466
5899 9747
5386 9239
5901 9772
5614 9420
4859 9177
5415 9220
4861 9177
5066 8928
6093 9952
5323 9722
5480 9305
4111 8509
5911 9765
6013 9806
4738 9137
5974 9838
4385 8217
4420 8318
4516 8351
4254 8610
4198 8539
5610 9431
4241 8623
6136 9912
5170 9586
5421 9326
4963 8747
4230 8659
4940 8730
5586 9349
5078 8833
5302 9710
4286 8678
5606 9407
4992 8921
4276 8687
5120 9572
4797 9176
6009 9758
5505 9453
5124 9588
5892 9846
6120 9884
4887 8815
4228 8699
5228 9708
4209 8688
4460 8431
4132 8609
6011 9982
4393 8364
5902 9865
5015 8734
4960 8937
5394 9369
5233 9696
4997 8732
6014 9957
4129 8636
4096 8606
5030 8761
4433 8434
4557 8297
4700 9209
4815 9066
6128 9813
4170 8698
4323 8534
6026 9788
5057 8824
4776 8979
4931 8952
4857 9017
4459 8367
5957 9859
4590 8233
5631 9268
4584 8227
4826 8982
5125 9674
5189 9621
4265 8571
5164 9720
5370 9519
5342 9483
6044 9797
4718 9138
4912 8941
4584 8245
4494 8272
5068 8749
4809 9000
5392 9457
4351 8477
4349 8469
5064 8736
4274 8539
4337 8475
4930 8876
4306 8490
5590 9263
4163 8632
4132 8665
4770 9052
5141 9749
4513 9120
5904 9490
4345 8954
6095 9672
4998 8591
5167 9789
4551 9170
4632 8206
5813 9378
4976 8556
5116 8674
4200 8776
5948 9502
4240 8887
5077 8702
4171 8805
4855 8408
5129 9785
4259 8855
5754 9282
5932 9495
4592 9164
4748 8368
6004 9547
5197 9842
4511 9183
4776 8427
6024 9676
4809 8322
5721 9234
6055 9706
4342 8869
4987 8495
5146 9804
5916 9540
6038 9677
4643 8316
4822 8374
4961 8448
5032 8640
4385 9033
5297 9944
4650 8260
4188 8754
5820 9427
5938 9565
5008 8703
4663 8259
4617 8306
6119 9573
4679 8389
5646 9355
5212 9938
4168 8920
4551 9045
5016 8458
5323 9817
4684 8415
4473 9198
5945 9635
5172 9903
5955 9693
4802 8291
5175 9877
4543 8986
4726 8400
6019 9514
4370 9144
5258 9766
5004 8480
5721 9448
5800 9244
4197 8912
4331 8787
4599 9038
5989 9695
5017 8484
6086 9477
4507 9055
4633 8400
5186 9872
5155 9974
5703 9360
5269 9804
5166 9971
4122 8900
4524 9037
5661 9464
5250 9828
6111 9524
4875 8699
5001 8574
5917 9700
4571 8992
5935 9683
4657 8497
4556 8904
4743 8579
4422 8781
5517 9881
4278 9123
5722 9538
4288 9178
5472 9851
4416 8796
6142 9440
4871 8216
4157 8988
4845 8655
5751 9554
5396 9778
5759 9560
5950 9236
4448 8782
5934 9247
5994 9299
4212 9037
6034 9390
4877 8242
4672 8449
6137 9405
5109 8369
5900 9291
5927 9312
4858 8627
4444 8726
5661 9559
5100 8354
4916 8315
4719 8511
4631 8516
6045 9412
5114 8359
5640 9557
4221 8991
5536 9922
4867 8298
6037 9465
5608 9862
5447 9782
5934 9308
4468 8704
5599 9893
4897 8285
5537 9765
5630 9844
5761 9485
5438 9905
6032 9217
4950 8388
5559 9763
5879 9579
5973 9419
6052 9223
6079 9243
4213 9170
4195 9156
4867 8361
5974 9469
4260 8970
5005 8226
5789 9513
4763 8494
5467 9965
4734 8646
4161 9208
5435 9856
5555 9743
4182 9195
5028 8293
5991 9381
5055 8316
6120 9260
4119 9171
4585 8748
4183 9105
5671 9706
4518 8808
6059 9338
4592 8739
6008 9388
5502 9892
4524 8823
4656 8687
5519 9837
5358 9995
4906 8397
4303 8999
4905 8384
5937 9437
5845 9528
4992 8301
4757 8556
4964 8351
5391 9970
5474 9887
4663 9779
5410 8488
4192 9327
4177 9310
4691 9793
5289 8378
4765 9867
5177 8219
5666 8704
4482 9633
5846 8947
5446 8544
5383 8491
6052 9111
4286 9351
5372 8389
5983 9061
5268 8366
6040 9122
5780 8872
4715 9815
5970 9068
5447 8569
4495 9679
4435 9493
5349 8355
5524 8669
4299 9349
5335 8326
5912 9034
4808 9885
5696 8731
4430 9491
6074 9188
4575 9660
4756 9969
4543 9687
4439 9535
5654 8829
4131 9288
5647 8803
4793 9928
4803 9911
5834 8893
5160 8273
5464 8483
5763 8952
5743 8722
5508 8452
5306 8250
5503 8702
4604 9597
5517 8463
4284 9272
5512 8462
5975 9168
5518 8453
4210 9468
4359 9620
4179 9413
6062 9017
4262 9278
5313 8281
4738 9754
4481 9498
6106 9030
4665 9892
5543 8506
4629 9867
4427 9707
4099 9376
4149 9361
4570 9596
4784 9751
4107 9379
5338 8304
4108 9376
4303 9314
5675 8857
4813 9850
5322 8305
4344 9287
5194 8329
4450 9639
6065 9076
4790 9841
5143 8413
4694 9885
5245 8371
4195 9393
5906 9163
5999 9138
5965 9133
5552 8530
4366 9705
4612 9965
6139 8977
5810 8798
4268 9283
4780 9795
5673 8921
5241 8320
5547 8528
4644 9951
5785 8805
5684 8905
5797 8794
5370 8698
5590 8407
5801 9131
5870 9197
5565 8382
4515 9387
4456 9314
4452 9333
5070 9946
5706 9052
5741 9073
4460 9329
4216 9561
4438 9332
5794 9094
5097 9927
5926 8713
5110 9945
5571 8433
5506 8374
4207 9552
4576 9380
6012 8762
4352 9289
4456 9264
5210 8452
5923 8774
6091 8867
5220 8461
4711 9997
4589 9344
5669 9035
4144 9566
4475 9226
6072 8907
5493 8194
5381 8317
4218 9723
4153 9658
5169 8630
4254 9492
5043 9785
4548 9288
5750 9210
4428 9410
5818 9013
5702 9161
5094 9842
5013 9728
5804 9013
5178 8611
5390 8336
4097 9630
5232 8656
6092 8813
5362 8528
4277 9500
5029 9736
4229 9512
4196 9674
4169 9712
4458 9424
5639 9148
5776 9005
5777 9043
5404 8415
5982 8859
5485 8352
5757 9134
5903 8923
4265 9589
6134 8745
5920 8896
5758 9118
4938 9897
4151 9684
5366 8466
4279 9563
4945 9917
6003 8862
4255 9583
5239 8577
4512 9305
4325 9496
5026 9820
4901 9508
4214 9840
4371 9987
4333 9976
6102 8641
5812 8339
5640 8225
5437 8977
5943 8474
6000 8512
5047 9606
4721 9280
4670 9229
5882 8397
4962 9562
4851 9417
5895 8508
5515 9143
5148 8736
4283 9860
5587 9106
4900 9569
4104 9805
5444 8962
4174 9734
6108 8599
5546 9191
5954 8466
5685 8293
4310 9861
5027 9727
5180 8801
5577 9111
4840 9355
5375 8855
4792 9425
4196 9742
5006 9727
5749 8199
5845 8358
5162 8799
4291 9909
5341 8874
5814 8392
4247 9751
5743 8428
5532 8980
6105 8529
5403 9104
4769 9261
4346 9847
4676 9430
5745 8421
4347 9838
4832 9334
5263 8728
5298 8727
4624 9398
4119 9919
5781 8254
6140 8520
4741 9277
5182 8839
5891 8633
4829 9318
4722 9422
4534 9992
5744 8368
5479 9126
5615 9006
5347 8737
5625 9020
4290 9740
5598 8969
5571 8991
5914 8645
5256 8809
5079 9522
5174 8913
5542 9035
5962 8613
4643 9427
4908 9694
4913 9673
5373 8709
5284 8799
6010 8580
4614 9472
4728 9584
5933 8229
5127 8975
4955 9298
5767 8589
5953 8269
4902 9259
4674 9554
5812 8614
5696 8535
5021 9347
5412 8706
4690 9595
5211 9079
5270 9124
6035 8352
5282 9114
5868 8620
5054 9471
5784 8666
5609 8871
5363 9149
5332 9095
5887 8617
4477 9770
4803 9620
4490 9938
4613 9564
5559 8916
5171 9051
5511 8938
5929 8275
4673 9533
5425 8783
4712 9704
5859 8545
4974 9451
5438 8889
5987 8426
4648 9634
4831 9551
5551 8764
5622 8802
4426 9939
5376 8860
5580 8812
4402 9875
4851 9552
5885 8536
5612 8774
4262 9994
5638 8616
5623 8792
4626 9633
5641 8637
5152 9112
5494 8911
5747 8648
4423 9979
4468 9930
5273 9051
5466 8863
5364 9009
4856 9522
4946 9368
5188 9103
4982 9388
4552 9750
6053 8263
5857 8459
4912 9409
5868 8470
6028 8311
5993 8338
5781 8553
4924 9410
5437 8898
5460 8875
7026 9075
7224 9275
6673 8725
6952 9004
7108 9161
7895 9921
7802 9836
7841 9917
6489 8519
7474 9516
7423 9440
7601 9646
6956 8974
6644 8656
7387 9469
7024 9048
7268 9292
7801 9811
6481 8571
6518 8538
6415 8511
7206 9238
6728 8824
6209 8193
7544 9528
6459 8570
6828 8936
7803 9790
7375 9353
6872 8849
7147 9124
6912 9040
7688 9816
6982 8981
7704 9803
6368 8373
6360 8335
6714 8802
6168 8262
6565 8645
7273 9225
6149 8289
6478 8491
6293 8445
6437 8527
6892 8838
7689 9829
6821 8916
8055 9987
7709 9834
6496 8473
6891 8814
7176 9358
7251 9434
6356 8262
6686 8842
7789 9978
6633 8565
6606 8558
7212 9357
6873 8826
6976 9189
7250 9460
7618 9578
7657 9538
7541 9671
7177 9406
6709 8834
7497 9713
7701 9901
7389 9312
6582 8562
7906 9764
6984 9088
7551 9654
7379 9246
7721 9956
7439 9693
7778 9909
6318 8308
7534 9648
6473 8621
6682 8944
7294 9365
7725 9921
6987 9146
6500 8597
7853 9823
6555 8559
6825 8797
7227 9421
6533 8573
7896 9760
7766 9900
7507 9647
7066 9063
7024 9101
7625 9416
7546 9339
7938 9731
7427 9217
8022 9812
7414 9724
6278 8594
8077 9882
7201 9529
6937 8705
6601 8403
6999 8778
7258 9594
7215 9486
7477 9236
6986 8809
7521 9282
6860 9193
7447 9266
7275 9541
6936 8747
7246 9594
7627 9458
6488 8289
7622 9466
6168 8486
6688 9060
7459 9321
7111 8853
6572 8441
6718 9062
7390 9604
7199 9540
7768 9989
7097 8935
6306 8642
6594 8353
7384 9650
6903 9116
7083 8922
6352 8616
6729 9010
6493 8225
7519 9439
7313 9488
8183 9844
7201 9639
6662 9089
6944 8873
6975 8885
7314 9497
7594 9255
6944 8879
6981 8917
7029 8929
6148 8592
6189 8635
7833 9984
7989 9898
8000 9953
7953 9907
7937 9895
7368 9568
6528 8233
7247 9700
6484 8443
8020 9956
7004 8940
6387 8519
6449 8325
7674 9292
6531 8248
6726 9213
6219 8694
6304 8544
7646 9245
6781 9147
7563 9293
6752 9128
7169 9673
7619 9231
6344 8454
7110 8720
7489 9371
7218 9704
6645 8213
8187 9753
6406 8418
6244 8588
6294 8548
6895 8988
6824 9041
6325 8526
6956 8913
6935 8471
7373 9932
6727 8261
6626 9190
7058 8600
6454 9019
6952 8486
8151 9689
7107 8652
7276 9852
6614 9159
7008 8564
6878 8393
7362 9947
6489 9028
6392 8933
6631 9158
7413 9936
6961 8475
7011 8526
7352 9864
6500 9044
7314 9888
6264 8779
6646 9152
6598 9214
6867 8431
6597 9092
7003 8476
6676 8284
6336 8842
6540 9158
8142 9602
8191 9648
7018 8505
7152 8611
7927 9377
6921 8542
6722 8213
7889 9354
6485 8974
7342 9971
6968 8551
6487 9014
6469 8996
6448 9041
8065 9701
7825 9464
7763 9273
6970 8523
8173 9631
6400 9078
6247 8721
7077 8659
7536 9991
7313 9964
7185 9875
7902 9308
6958 8615
7903 9301
6537 8989
6362 8770
7141 8572
7952 9610
7775 9470
8062 9690
7367 9825
8168 9551
7860 9244
6853 8300
6150 8884
6169 8877
6701 8347
6581 8973
6556 8993
6314 8725
6205 8957
6254 8876
6194 8949
7321 9812
7852 9315
8000 9616
6604 8987
7886 9235
7362 9757
6620 8963
6310 8770
7007 8635
8050 9623
7977 9666
6609 9018
7422 9746
6219 8869
6251 8859
7062 8551
7182 9978
7199 9963
7703 9455
6268 8837
6250 9067
7734 9527
7807 9592
8141 9412
6711 8508
6658 8462
7993 9271
7425 9745
6552 8844
6923 8234
7939 9255
7689 9517
6877 8692
7525 9800
7676 9939
6287 9150
7000 8298
8145 9445
6313 9117
6964 8195
6969 8198
6938 8281
7498 9737
7895 9619
7245 9988
7233 9996
6461 8818
6703 8567
7016 8240
6618 8834
7942 9310
6750 8450
6435 8831
6192 9068
7875 9630
6407 8792
7155 8338
7500 9773
6463 8793
7152 8348
6655 8850
6675 8573
8124 9423
6248 8990
7424 9852
7690 9591
6591 8767
7123 8279
7137 8300
6979 8396
6791 8471
6819 8502
6220 9178
6200 9135
6830 8502
6667 8595
7431 9886
7976 9396
6567 8708
8071 9252
6568 8717
7528 9935
6596 8811
8007 9459
6607 8825
6212 9202
7613 9738
6550 8737
6328 8960
6668 8628
7697 9640
7571 9769
6868 8465
6465 8846
8026 9356
6933 8386
8084 9295
7156 8239
7472 9967
7517 9918
8101 9281
7702 9724
7630 9761
6992 8356
7023 8345
7899 9505
7987 9421
7183 8201
6750 9814
8013 9029
6515 9593
7519 8521
6225 9287
7561 8593
8029 9028
6223 9299
6397 9441
6438 9478
6198 9238
8121 9118
6330 9362
7923 8923
7647 8694
7881 8932
7245 8290
7774 8817
8018 9058
7967 9003
7517 8552
6659 9780
6600 9716
6773 9803
6353 9366
7648 8622
7170 8274
7958 9026
6398 9385
6551 9664
6401 9561
6336 9371
7537 8490
6532 9689
6718 9819
6299 9456
7509 8504
7707 8822
6733 9762
7661 8605
6762 9754
7339 8412
7846 8926
7957 9071
7795 8712
6623 9636
6703 9811
7530 8470
6377 9324
7801 8959
6875 9820
6227 9428
6479 9668
7859 8766
7615 8497
6241 9461
6619 9550
7443 8581
7248 8393
6906 9824
7522 8697
6474 9686
7796 8937
6570 9480
6311 9218
6270 9435
7636 8563
7527 8652
6529 9514
7684 8886
8068 9011
6779 9932
6291 9256
7491 8700
6162 9426
6189 9449
7988 9201
7863 8816
8052 9145
6482 9631
7691 8901
7674 8489
7877 8723
6751 9861
6821 9854
6835 9839
6760 9908
6605 9490
6412 9711
8083 9072
7584 8515
6700 9928
6476 9641
7483 8658
6896 9755
8132 9007
8001 9135
6625 9498
8045 9105
7094 9908
7328 8612
6283 9615
7512 8286
6655 9463
6204 9525
6327 9662
6465 9296
6375 9717
8016 8771
6274 9617
7033 9837
6305 9659
7374 8686
7258 8568
6480 9331
7959 8753
8085 8891
8059 8777
7186 8487
7355 8579
7673 8387
7289 8514
6207 9476
7316 8617
7703 9002
7850 9195
7708 9054
7174 8513
6552 9428
6327 9721
7621 8343
7477 8295
7330 8689
7835 9153
6307 9667
6354 9651
7977 8780
7334 8641
7298 8683
7461 8270
6444 9309
8153 8877
6230 9504
6572 9435
8012 8758
7859 9160
6248 9492
8127 8897
7686 9094
7759 9165
7766 9172
7354 8500
6495 9415
8090 8710
7129 9853
6960 9879
6823 9998
6252 9670
8061 8915
6843 9993
7722 9116
7692 9147
7980 8852
7372 8560
6389 9527
6651 9267
7438 8391
8178 8765
7329 8566
6640 9257
7948 8942
6885 9990
7978 8908
8140 8743
6234 9654
7121 9791
8188 8719
7934 8973
8191 8716
6146 9719
7083 9822
7168 8697
6266 9601
8041 8852
6656 9222
6160 9756
7709 8205
7046 9623
7463 9012
7449 8972
7068 9610
7383 8896
7085 9655
6666 9232
8023 8524
6803 9352
7286 8808
7747 8288
7913 8399
6984 9570
7135 9713
6971 9481
6379 9949
7360 8951
7105 9723
7027 9549
8095 8608
7356 8958
6848 9348
7183 8779
7877 8320
8009 8460
7959 8541
7508 8990
8106 8676
7159 9657
6966 9574
7808 8406
7677 9130
6904 9379
7269 8761
6231 9739
6888 9397
7757 8208
7454 9025
6151 9830
8105 8653
8172 8585
7166 9627
7273 8716
8120 8661
6863 9407
7207 8788
6280 9980
7053 9714
7925 8330
8028 8671
7383 8785
7624 9039
7784 8417
7765 8411
7471 9151
7127 9543
7153 9571
7238 8935
7682 8359
7174 8865
7433 9134
8074 8481
6710 9373
7151 9565
6294 9774
8174 8534
6866 9322
8156 8549
6695 9369
6868 9237
7887 8204
6739 9367
6914 9669
6797 9284
6157 9924
6301 9809
7930 8235
7791 8381
6704 9442
7592 9082
6397 9768
7511 9089
7034 9632
7661 8960
6159 9983
6693 9425
7307 8830
6916 9714
7570 9066
7013 9629
8169 8464
7787 8343
7700 8426
7813 8314
6651 9982
7345 9140
6689 9511
6810 9629
7330 9125
7059 9345
7012 9330
6733 9562
7047 9375
7399 9213
7195 8964
6761 9546
7926 8658
8032 8267
7743 8468
6941 9264
7967 8236
8058 8270
6635 9948
6499 9819
7366 9215
6494 9827
8118 8328
6816 9702
6630 9889
7274 8997
6854 9622
6688 9585
7061 9418
7016 9224
7391 9150
6980 9249
6736 9525
7761 8500
7908 8584
6530 9975
7295 8969
7917 8596
7806 8453
6957 9302
7359 9155
7119 9395
6833 9523
7081 9261
7032 9470
7987 8380
6954 9402
6580 9760
7448 8888
7642 8825
7117 9322
6947 9354
8088 8241
6418 9915
6583 9756
6505 9926
8009 8422
6850 9587
8177 8263
6876 9572
8067 8249
6939 9383
8018 8430
7672 8775
6787 9536
8176 8247
8024 8341
7538 8892
8164 8244
7883 8472
7063 9295
7730 8685
7659 8715
7400 8968
6919 9446
8058 8344
6727 9645
6731 9656
7975 8410
7679 8705
