10000 10000
7754 7755
2517 2518
7914 7919
4811 4813
9531 9532
1202 1210
9104 9112
2033 2041
6437 6444
1509 1519
4324 4334
6918 6924
5079 5084
2 9
8578 8590
4497 4509
978 988
5813 5819
5716 5722
80 95
9230 9247
4074 4094
992 1013
6185 6204
353 372
2368 2390
5128 5136
878 887
3467 3479
7726 7730
7054 7058
8367 8370
47 49
5062 5080
4900 4923
5921 5950
9344 9377
8021 8052
8784 8818
4932 4960
5005 5033
5279 5303
4702 4726
8158 8183
6546 6590
7305 7333
4553 4580
9307 9334
967 1001
9501 9523
3021 3042
4560 4607
6738 6755
8157 8172
6491 6506
7957 7975
9232 9250
6016 6068
8203 8253
1362 1381
3609 3616
5267 5290
7563 7600
5189 5241
6233 6245
3140 3192
3417 3428
1425 1455
9601 9663
785 814
273 337
3753 3817
4482 4547
7950 8015
5248 5313
5388 5455
5054 5114
3103 3163
1463 1523
9636 9697
6667 6734
1029 1088
6030 6091
6836 6897
7061 7122
657 726
3348 3420
6658 6730
4107 4163
4670 4727
6566 6636
2824 2882
7825 7899
9739 9798
4619 4698
5003 5082
7436 7517
701 750
9358 9437
4136 4223
7719 7792
7445 7501
5675 5746
3718 3807
5652 5709
1570 1659
5179 5216
7103 7139
9913 9956
1566 1600
4110 4176
9150 9184
9137 9168
5556 5590
5917 6015
6065 6098
8614 8642
6846 6872
8073 8174
8884 8915
5644 5734
2330 2416
7319 7420
7612 7632
7815 7915
7230 7249
5012 5092
6066 6083
6154 6264
5797 5847
6662 6772
6967 6980
4238 4349
3223 3298
1538 1652
8100 8147
4405 4428
5415 5469
951 973
8626 8649
2217 2258
4027 4039
6421 6507
7090 7117
5046 5065
7169 7297
6672 6802
3927 4052
7505 7637
6443 6573
7786 7917
5472 5610
2326 2461
4638 4754
8306 8446
104 229
7031 7161
7234 7372
1884 1998
1917 2025
9598 9707
8249 8367
3656 3806
4464 4582
3153 3273
1377 1529
1896 2034
1073 1196
6010 6119
823 938
768 925
4616 4757
1039 1170
6783 6881
2621 2717
4210 4306
4898 4992
4918 5012
9045 9207
1103 1261
6174 6331
9481 9646
9843 9946
1369 1520
9343 9428
8751 8836
343 507
2560 2733
9570 9676
3439 3520
3636 3716
9079 9158
9016 9097
9562 9704
8272 8418
3929 4075
8194 8372
7753 7935
6224 6378
1593 1666
4939 5104
7768 7908
2407 2523
323 510
3915 4084
7220 7307
7175 7367
9742 9934
2401 2465
7803 7867
7020 7085
587 650
7233 7298
9513 9706
3707 3773
5643 5837
3398 3471
3628 3815
362 422
6186 6392
3084 3294
2658 2737
9570 9649
8038 8117
9295 9371
2398 2442
3396 3473
523 734
2920 3005
815 1016
7763 7816
9853 9889
1080 1252
592 653
3350 3531
2093 2291
6494 6591
827 986
355 386
5714 5811
3874 4032
9238 9460
1371 1464
6211 6311
1604 1696
3946 3983
7444 7665
575 730
3112 3277
3347 3573
4464 4502
7286 7313
5648 5880
5674 5827
1578 1734
4987 5014
2823 3063
6508 6556
8304 8321
123 138
6919 7157
6451 6593
8818 8832
781 1023
1660 1679
7798 7810
4454 4499
6193 6342
5909 6114
4684 4790
2687 2691
5134 5362
1398 1419
859 934
277 488
8994 9183
8978 9199
1803 2036
1611 1716
5214 5470
656 912
8368 8626
2575 2829
2680 2941
4739 4998
5203 5462
2697 2956
4109 4363
7702 7952
6784 7047
1143 1392
4609 4873
6265 6515
7387 7633
4222 4468
6354 6622
2701 2945
7316 7577
5126 5384
6795 7045
3701 3941
8900 9174
8919 9155
213 449
8316 8553
6369 6647
1572 1843
7256 7489
9240 9474
9350 9628
8841 9106
1107 1358
5863 6138
5636 5913
5309 5539
6202 6426
7801 8024
2676 2902
2599 2821
1770 1993
3785 4077
7921 8148
9288 9582
5653 5949
3839 4053
3672 3956
5637 5929
9409 9708
9241 9524
2615 2841
238 448
5761 6062
6154 6456
2716 2991
8854 9125
4850 5057
7928 8140
1040 1316
4778 5021
7858 8074
8857 9121
8881 9096
7687 7997
8227 8472
9306 9569
6181 6430
4101 4409
4280 4486
4115 4396
1222 1412
7259 7452
2682 2867
7859 8185
9411 9608
6747 6928
6876 7063
5355 5543
2280 2468
2671 2850
7417 7604
7390 7568
6312 6630
8950 9127
3118 3450
4218 4399
3161 3343
7375 7575
3078 3422
2777 2944
9224 9553
1116 1286
2641 2826
2776 2947
4800 5020
9814 9994
9820 9986
694 1000
4719 4878
3129 3418
9216 9571
7838 8187
7886 8102
8798 9015
5192 5409
8834 9195
1750 1980
244 408
2566 2923
2610 2908
530 893
3115 3419
1124 1300
1689 2025
1149 1292
6861 7102
2087 2387
2612 2883
6307 6619
3825 3979
2157 2326
8924 9120
1279 1410
2678 2827
2756 3002
1773 1938
1113 1318
9847 9992
3831 3976
8303 8687
703 829
3662 4044
7316 7447
5327 5449
2791 2927
4129 4521
7204 7592
2282 2406
5231 5602
4139 4517
5634 6028
5142 5529
7292 7660
1537 1939
1577 1979
5745 6114
4767 4875
9293 9689
8259 8663
2137 2511
7278 7673
9224 9616
7906 8059
4735 5091
1060 1466
2070 2441
2177 2334
7389 7490
6781 7138
5121 5537
7713 8065
3229 3388
9311 9724
4733 5086
2069 2486
7349 7441
3629 3978
8339 8507
1181 1332
8866 8968
8217 8627
3590 4013
7285 7640
8813 9152
4750 4896
7257 7671
1180 1330
3165 3570
6183 6547
8221 8617
662 803
3727 3897
7322 7458
4125 4516
2614 2956
6270 6593
5649 6096
9424 9489
6763 7082
5140 5590
5229 5550
603 925
3697 4023
8371 8565
7318 7519
9284 9614
746 807
3306 3367
4714 5028
6675 7133
8358 8566
85 388
1204 1382
7708 8139
4269 4474
9321 9649
1704 1905
3626 4083
647 862
3194 3488
2689 2907
5177 5602
643 856
5221 5561
2209 2430
8214 8692
2224 2387
9441 9476
8446 8475
9258 9676
5363 5397
9470 9497
1781 1810
618 898
1705 1857
5290 5442
8311 8607
6785 7016
4308 4414
2239 2389
5120 5612
7377 7487
1253 1290
4671 5072
5694 6097
8792 9128
3274 3385
6146 6641
6663 7155
7718 8144
7779 8085
7370 7484
1607 1969
7935 7944
5360 5384
5266 5483
3279 3381
6855 6972
5205 5545
7380 7465
8340 8554
2202 2404
4862 4865
6192 6705
8639 9149
4507 5016
4518 5029
4320 4835
2222 2730
4385 4900
8531 9046
9248 9765
2376 2895
1454 1961
439 959
6611 7129
196 719
3509 4030
4484 5007
1043 1567
1458 1983
4597 5112
191 689
4232 4743
9440 9967
7581 8077
2081 2609
6575 7102
8649 9176
326 855
6212 6738
8217 8718
5237 5740
6310 6845
6653 7142
4149 4654
8486 9018
1276 1762
1296 1807
7433 7958
7595 8075
5456 6000
8315 8794
4125 4665
5420 5897
455 992
2509 3045
4587 5056
1223 1769
3135 3597
4564 5094
8476 9006
7225 7693
228 720
6259 6727
5403 5935
1517 2010
6296 6818
7576 8099
7238 7802
7281 7757
5393 5932
1420 1969
1196 1683
3303 3746
6460 7033
1437 2010
5596 6036
2493 3061
4514 5097
3453 3894
2218 2790
8287 8720
3434 3877
7424 8016
3324 3757
9302 9735
6372 6838
6289 6850
178 742
9469 9896
2458 3020
1232 1671
5312 5784
4240 4808
473 897
6373 6847
271 852
3483 4038
9222 9819
3304 3767
6637 7090
2444 3052
3423 3899
8411 8894
7435 8046
3154 3639
4257 4807
6184 6735
2459 3059
5565 6101
3255 3804
199 684
7282 7711
4533 5083
2404 2836
5422 5983
9444 9877
5503 5902
7240 7738
8279 8740
3237 3798
8690 9092
4541 5066
8306 8709
8668 9125
172 725
2291 2696
3131 3655
5212 5664
4354 4991
2216 2775
8404 8788
358 998
506 891
7202 7843
6386 6768
5531 5913
7488 8131
6447 7084
3297 3682
6608 6995
9448 9836
2373 3009
1414 1792
6584 6960
9236 9884
4404 5054
6542 6916
5494 6140
3221 3614
5549 5926
2134 2778
9351 9738
473 852
9274 9909
4331 4708
4475 5099
4147 4769
8462 9114
3323 3694
5540 5937
1532 1898
458 860
6413 7066
5245 5866
390 785
7594 7986
5443 6106
5577 5971
6654 7012
5434 6049
87 715
5280 5632
6569 6921
2426 3039
3312 3669
1394 2004
2217 2574
6462 7062
7476 8094
4106 4775
6182 6807
5168 5765
20 673
5516 5945
2508 2938
4414 5000
4154 4749
3398 4094
5302 5644
9290 9968
6638 6994
1363 2029
9647 10000
4134 4761
174 622
2048 2752
3581 3900
324 901
3108 3813
6635 6953
8634 9081
4311 4625
8581 9027
1174 1616
9326 9897
8534 9105
8671 8982
1186 1643
1440 1897
7221 7934
8608 9067
1465 1906
3582 3890
5149 5840
8693 9019
2206 2640
510 816
2414 2976
3178 3748
1124 1707
5140 5828
494 830
8576 9040
4550 4880
1107 1668
248 545
6369 6712
2419 2991
7363 7711
141 592
7512 8070
1511 1849
8484 9157
9273 9947
4198 4740
7399 7685
3189 3735
9404 9816
162 580
6556 7034
1454 1864
6473 7073
3577 3856
4491 4962
5321 5667
457 804
2471 2889
7466 8133
1406 1934
3563 3866
60 717
7656 7961
5259 5753
5283 5712
5470 6058
4317 4648
2075 2798
3274 3647
9403 9804
8334 8825
7301 7805
4577 4888
6340 6717
7637 7982
7648 7964
4433 5037
3087 3826
8582 8839
6346 7112
7332 8103
1065 1834
487 738
3091 3862
6411 6669
9561 9822
7201 7977
8301 9060
1142 1919
3518 3762
3113 3878
187 939
8272 9026
2263 3013
5350 6132
334 605
279 516
1345 1618
4132 4914
7664 7912
8645 8924
1391 1654
5251 6042
4201 4979
5552 5803
1500 1735
6289 7053
1275 2022
9643 9909
8366 9137
8427 9163
107 842
5237 5974
5348 6080
1187 1926
2375 2657
1386 1612
1257 1985
6467 6762
6165 6975
2322 2616
4166 4972
3313 4059
4412 4631
3546 3830
1445 1673
7383 8186
8281 9079
4254 5041
5288 6023
4603 4820
5291 6040
7530 7769
6304 7060
5167 5915
7476 7681
5394 5671
8284 9066
4117 4909
3507 3721
125 838
4138 4881
2203 2983
395 694
8611 8862
3562 3799
75 885
7205 7963
4219 4933
9547 9844
237 941
6599 6791
5408 5729
6600 6795
7473 7794
8297 9004
9520 9846
3494 3808
3411 3605
437 754
6509 6694
2526 2702
6294 7108
6624 6837
7511 7682
2376 2590
7509 7683
7675 7841
3114 3958
7540 7721
7652 7865
2139 2820
1377 1537
3430 3587
4596 4766
7661 7815
23 888
3527 3767
5607 5779
4589 4760
26 879
430 731
335 569
2514 2724
7265 7959
443 716
3543 3744
447 712
1409 1782
2474 2770
412 740
5152 5976
3109 3932
3320 3969
4319 5029
6191 6996
7270 7965
6520 6659
8377 9159
3376 3662
8216 9114
1472 1602
3465 3594
6172 7064
1087 1978
2298 2943
472 607
7544 7921
6220 7109
1441 1579
7513 7891
5341 5969
8200 9095
7225 8107
6477 6879
2166 3045
6431 6796
2139 3016
4230 4882
8455 8851
1382 1776
7653 7795
197 850
1130 2035
6272 6937
3414 3789
8294 9213
9561 9924
2530 2684
8264 9174
5408 5823
330 745
455 609
6606 6760
5195 6124
7533 7876
3346 3771
3208 3873
8523 8928
7310 7970
7503 7906
2360 2710
7540 7898
4318 4970
3352 3756
4567 4705
7421 8010
8633 8718
2272 2903
463 631
3177 4048
7236 8190
4554 4720
7392 8028
3284 3946
8568 8902
8437 9035
3169 4062
1060 1947
6532 6726
347 671
3407 3723
5230 6058
4291 4870
410 605
7431 7872
4603 4659
6246 7087
6590 6775
498 571
94 916
8656 8730
2398 2709
2240 2828
2527 2578
5586 5663
2504 2565
5351 5929
8537 8855
1230 1793
3173 4010
125 943
4572 4622
1265 1826
113 933
6217 7071
7195 8141
136 863
7207 8191
5327 5911
4456 4784
1184 1915
8469 8910
8699 8736
4419 4767
249 805
55 1003
2114 2974
4518 4729
4279 4951
6607 6702
77 942
9542 9890
2106 3038
3575 3603
230 771
8309 9104
394 623
6621 6710
6399 6931
5370 5910
6161 7165
6386 6943
7679 7698
5379 5869
8643 8749
1512 1543
7534 7838
468 548
6617 6697
1063 2006
3497 3675
1476 1590
2076 3048
149 865
3104 4054
5139 6117
1413 1650
2309 2813
2244 2876
8423 8989
8521 8883
9725 9734
7534 7827
4359 4857
276 746
6561 6751
6354 6956
4459 5483
7018 8042
6467 7490
4672 5699
4915 5942
2557 3576
2061 3082
5048 6079
2653 3669
2599 3631
560 1594
2541 3559
4583 5612
6917 7945
2477 3491
6577 7615
492 1533
2405 3441
2648 3661
2658 3706
2989 4021
4728 5729
4690 5707
4938 5968
6687 7684
790 1805
8231 9274
914 1932
8887 9896
8846 9902
2325 3380
5027 6016
584 1643
7127 8179
2254 3307
8842 9890
108 1092
6396 7380
795 1841
4462 5444
8264 9314
814 1796
858 1910
2332 3378
8192 9266
602 1647
2286 3288
8520 9585
664 1697
461 1527
6788 7871
6687 7715
8359 9371
150 1194
930 1950
305 1393
8853 9940
8673 9635
701 1791
7107 8065
236 1199
220 1183
309 1393
8524 9480
807 1889
2101 3186
2506 3458
4471 5439
4563 5530
569 1655
7027 7971
8806 9782
2097 3168
5002 6107
6493 7438
5105 6050
6287 7388
7132 8072
884 1825
755 1701
2708 3778
4655 5751
379 1315
8305 9256
2228 3309
2858 3952
918 1996
8761 9826
4984 5923
6719 7780
6708 7784
2547 3503
6964 8041
168 1269
2425 3364
2142 3073
296 1353
2945 4067
2455 3572
4770 5825
2768 3766
4791 5841
869 1795
6355 7348
2918 3854
4259 5322
4473 5395
318 1365
2622 3666
3014 4008
8413 9388
4969 5915
505 1418
6951 8020
8938 9881
8278 9253
810 1881
3052 3992
2649 3629
8665 9645
8680 9628
883 1798
8507 9549
2759 3774
6465 7485
2099 3150
4570 5540
8210 9325
4922 6074
6417 7571
4940 6095
6927 8075
297 1441
8684 9573
6409 7554
500 1400
454 1366
2747 3625
4615 5780
6455 7587
4613 5788
6374 7292
167 1085
2558 3429
4801 5722
4442 5573
2810 3685
3051 3915
831 1951
2697 3625
835 2016
6312 7180
4574 5496
8465 9657
8474 9650
874 1986
2763 3682
8855 9789
2301 3153
8262 9450
2255 3171
4552 5477
6655 7506
950 1819
423 1288
6571 7451
6487 7655
4706 5842
8752 9857
8955 9800
4207 5336
8671 9575
851 2026
6419 7594
7083 7954
6642 7496
2422 3532
4914 6024
866 2009
8589 9521
4546 5503
2331 3545
538 1758
342 1426
2133 3216
6332 7289
8748 9962
252 1083
8497 9721
4443 5523
2095 3300
4664 5875
4864 6091
6474 7558
8892 9842
4993 5967
5082 5909
8641 9486
2999 3939
4656 5860
6929 8135
6336 7190
735 1544
328 1439
2381 3477
2726 3708
6720 7834
4626 5838
881 1964
2677 3755
7061 8011
6364 7170
2225 3182
8732 9923
6816 7746
2572 3822
4378 5625
778 2031
2982 3905
2147 3210
6925 8167
166 1100
2916 3982
4643 5833
8678 9485
304 1499
4988 6035
4692 5796
43 1243
2521 3369
359 1428
2274 3089
4293 5174
207 1082
7054 8056
2983 3920
2692 3699
2611 3787
8934 9756
2534 3356
7116 7991
4232 5235
4196 5273
8427 9237
2676 3723
4132 5339
8286 9566
8296 9576
2764 4046
4650 5934
999 1761
6148 7427
4738 6026
4177 5464
5087 5845
217 1493
922 1684
6654 7409
9198 9980
8314 9577
277 1025
2433 3220
6445 7224
4304 5575
8520 9296
2168 3424
4243 5513
8348 9606
4365 5137
8420 9721
2409 3190
6682 7994
2427 3163
7007 7805
2748 3999
4142 5389
8984 9788
2230 3475
6703 7946
563 1814
36 1282
2439 3233
8244 9490
483 1221
5035 5763
4614 5934
5018 5810
425 1153
8510 9235
4996 5812
4126 5422
4321 5585
490 1242
661 1957
7038 7759
526 1855
217 1515
6361 7659
8546 9296
540 1832
106 1375
6798 8118
8966 9790
7010 7770
6508 7253
9099 9904
4432 5230
8963 9789
6578 7411
247 1460
202 1417
2465 3301
9028 9729
9197 9899
4273 5622
153 1488
2887 3595
8670 9360
6693 8042
2076 3405
6514 7203
7076 7927
2593 3956
2624 3863
6784 8151
8465 9286
6689 8054
4799 6119
2742 4078
2049 3416
9000 9843
4642 6009
2745 4069
2110 3426
861 1597
4732 5918
9194 9871
4098 5479
321 1064
499 1178
6910 8084
8811 9990
6177 7503
4098 5490
602 1834
3053 3740
2581 3943
6853 8119
4897 5714
4575 5289
478 1189
2815 3972
2568 3955
6306 7644
7091 7885
9061 9957
2535 3174
2422 3317
4553 5194
8445 9592
2091 3500
8461 9349
7072 7720
4204 5606
184 1331
6817 7982
2520 3159
4445 5325
4724 6117
4246 5380
6636 7294
8195 9617
6541 7199
6787 7958
4467 5349
6719 8105
2393 3278
641 1814
239 1399
377 1251
4869 5785
867 1791
6670 8082
4296 5462
388 1050
6567 7224
2756 3931
2650 4091
8542 9469
177 1301
2969 3644
6187 7565
768 1702
2315 3245
4820 6003
9197 9799
8323 9513
4510 5173
2174 3536
4637 6067
8585 9254
4845 5954
6462 7310
5039 5662
955 1545
6686 8108
6489 7405
2417 3269
6862 8058
4554 5244
828 1674
8637 9221
4446 5348
5068 5751
6906 8007
470 1131
8242 9615
5059 5757
6544 7215
7150 7727
2282 3371
648 1866
2392 3228
2355 3318
9075 9910
2175 3512
4833 5928
8354 9579
9211 9777
9126 9836
7156 7742
797 1750
6548 7263
6622 7186
6405 7369
4628 6105
6782 8112
2447 3136
6262 7591
6591 7277
4544 5138
8421 9527
4192 5554
3010 3605
6570 7280
5052 5735
308 1256
2949 3672
984 1541
6234 7556
626 1965
8466 9458
4453 5253
610 1923
8282 9656
4969 5771
4749 5999
963 1575
6601 7212
367 1162
2088 3534
2997 3666
4636 6139
2 1514
4134 5580
3033 3637
5067 5670
4153 5591
4978 5789
9180 9773
8676 9238
6834 8001
2443 3192
4713 6042
2958 3709
6313 7519
416 1111
4826 5923
2586 4067
2799 3860
4490 5233
7024 7821
109 1424
4165 5563
9165 9778
6705 7217
6998 7511
2159 3690
4384 5925
999 1505
6449 7991
4423 5967
2548 4092
8283 9810
4687 5190
6301 7831
4362 5889
4597 6137
4538 6071
6433 7980
9086 9585
8356 9908
89 1609
8424 9976
4755 5249
2482 4006
456 2013
2947 3477
126 1640
2817 3353
6938 7425
9175 9673
9187 9724
9003 9524
6320 7855
6513 8046
432 1939
2719 3260
8817 9301
6952 7437
4795 5277
467 2037
7109 7650
2285 3781
4151 5663
6564 8077
6749 7287
445 1942
8875 9349
2248 3832
4306 5859
2103 3590
6213 7798
2131 3686
4730 5199
587 1150
4153 5647
4709 5202
4539 6019
6459 7936
2751 3201
1020 1475
6314 7914
2444 4045
4821 5268
6943 7518
4175 5645
2683 3128
2637 3086
4295 5762
2310 3918
4891 5457
4220 5686
598 1053
2941 3377
159 1747
3008 3469
486 1963
6225 7708
6913 7502
270 1886
6699 7290
875 1338
9053 9484
7042 7635
4310 5765
6527 7980
8976 9542
6247 7729
255 1704
6178 7797
7145 7601
488 1968
6940 7493
5015 5582
77 1556
192 1690
4099 5720
244 1711
2123 3607
4879 5458
2803 3246
2909 3328
4809 5271
6387 7853
4225 5854
8946 9363
5117 5535
4828 5311
333 1838
539 1151
6501 7937
88 1584
6804 7420
6867 7354
4973 5383
679 1229
4672 5163
2746 3281
6807 7419
6773 7194
6757 7188
6279 7923
4575 6055
29 1636
2930 3339
2891 3378
2402 3867
4335 5781
594 1070
7089 7629
8399 9907
3067 3462
2092 3665
132 1786
2825 3447
2229 3786
6476 8142
6800 7186
195 1607
8310 9971
4922 5564
6156 7812
8775 9423
7073 7464
221 1616
8886 9272
9043 9667
6924 7580
71 1751
6517 8165
4573 5964
9183 9550
2640 3266
401 1795
4833 5234
4494 5917
8411 9806
4437 6080
4765 5131
262 1936
537 1167
2565 3219
4256 5687
828 1451
919 1295
9038 9686
8260 9949
6576 7979
2996 3370
4516 5947
4225 5662
4466 6099
137 1579
31 1725
329 2026
619 1219
675 1035
524 1188
2821 3500
7086 7428
8831 9429
509 1878
2670 3267
724 1145
2871 3480
8344 9783
5038 5377
2300 3660
2854 3476
2505 3962
8353 9749
2877 3464
2536 3934
8827 9420
8948 9292
6579 7947
6519 8142
8291 9945
8991 9637
2063 3765
5021 5409
8243 9868
6652 7996
586 1163
34 1763
8920 9242
2615 3316
6773 7345
2788 3104
6273 7748
7158 7472
4264 5742
518 1217
53 1789
4399 6118
2632 3201
8865 9322
2441 3909
93 1681
8645 9993
2345 4068
8275 9886
7167 7473
6534 8009
8390 9748
2082 3830
4829 5129
2334 4041
2416 4008
6371 7738
8711 9437
4663 5356
875 1456
4228 5727
4683 5271
4827 5127
8785 9357
8686 9998
4381 6141
2730 3144
8391 9762
3041 3335
2592 3270
3032 3391
6883 7179
620 1156
121 1683
4985 5523
4642 5330
842 1466
8822 9351
6981 7606
4612 5360
2633 3261
2881 3508
58 1743
4641 5334
8200 9968
4798 5190
6823 7261
2638 3252
3025 3371
907 1392
2746 3137
4495 6001
625 1166
5116 5372
7058 7315
6286 8076
2761 3530
519 1283
6328 8125
93 1877
6533 7823
9007 9253
2053 3849
4312 6100
953 1206
6328 8119
733 1490
2264 4055
7156 7397
8842 9625
2561 3346
86 1858
537 1295
2771 3525
2805 3554
9012 9263
9113 9348
4849 5585
6252 8014
6790 7586
6428 7736
6978 7268
9181 9467
5095 5312
6740 7539
4266 6018
69 1900
4691 5498
4128 5897
6946 7182
7001 7284
1020 1234
8544 9808
8541 9839
6733 7545
337 1639
6764 7515
4479 5703
2607 3349
157 1953
6515 7758
6339 8190
4438 5737
6868 7659
988 1251
105 1878
8586 9931
8879 9708
4628 5463
1006 1197
2692 3521
2443 3790
8825 9534
8983 9308
8725 9563
2700 3522
7130 7317
2325 3674
2782 3470
4233 6107
4163 5905
3053 3262
4249 6094
5118 5289
131 2011
38 1916
2628 3358
2977 3322
9098 9430
4121 5957
6810 7622
6323 8175
3000 3302
4752 5618
458 1710
8860 9720
836 1057
6209 7975
519 1376
747 1420
2192 4090
4587 5767
4121 6004
4721 5404
6555 7924
2252 4003
2155 3844
9010 9282
5055 5326
9037 9276
4611 5495
181 1984
4716 5401
654 1531
2160 3846
6522 7693
6857 7614
2302 3975
2161 3851
2925 3094
295 1627
2125 3889
6935 7275
9080 9223
548 1444
2752 3392
643 1282
4542 5692
4842 5480
9031 9413
6192 8116
2606 3496
4595 5748
8872 9519
2739 3387
986 1105
3066 3185
5094 5226
6151 8074
5040 5182
223 1873
6815 7440
12 1948
8997 9393
697 1325
583 1491
4837 5488
846 1243
6516 7905
8962 9364
8457 9887
6497 7926
2574 3478
8790 9678
672 1337
6298 7939
4113 6024
6942 7300
2762 3408
978 1097
6282 7953
2841 3202
6306 7998
6989 7376
8670 9792
4714 5620
2775 3400
305 1680
7088 7185
8466 9905
4290 5985
8571 9951
6759 7631
6404 7849
6863 7522
8374 9991
2616 3466
8810 9688
8376 9995
359 1747
192 1909
6757 7632
2857 3230
987 1132
4440 5856
4515 5659
8960 9400
8655 9845
7074 7193
505 1602
2811 3399
2581 3498
997 1114
6817 7520
2317 3791
8711 9666
8643 9734
5009 5207
6900 7475
9070 9382
6631 7726
2304 3785
4945 5274
7166 7221
4600 5683
9002 9447
6596 7691
4150 6137
6930 7362
6412 7900
7046 7255
8504 9963
4199 6066
6985 7324
1008 1061
961 1044
2399 3720
941 1146
263 1744
6965 7405
9072 9384
7140 7229
8744 9713
4802 5406
8717 9682
2545 3601
4325 5892
9143 9302
4812 5421
8767 9694
4170 6059
4800 5410
2524 3640
9025 9380
2891 3244
6679 7679
2082 4040
8613 9801
4596 5656
8448 9965
6938 7402
8498 9922
6885 7446
2496 3636
583 1459
8979 9445
8487 9936
2299 3852
8593 9833
459 1586
99 1945
690 1356
2964 3179
1358 3406
4592 6641
949 2998
1902 3949
1739 3791
1910 3954
5400 7453
9 2060
5493 7539
298 2339
1634 3691
5331 7386
764 2806
1252 3310
730 2769
1350 3402
5954 8014
5594 7636
5578 7620
5562 7605
2038 4070
1431 3462
5406 7437
5562 7593
5486 7547
1831 3890
518 2576
4186 6220
1965 4020
923 2944
5490 7529
5151 7171
5153 7175
5677 7690
863 2933
4120 6196
1139 3166
4846 6848
1815 3897
5798 7816
751 2783
1624 3690
4196 6230
5697 7794
1317 3350
5951 7947
4168 6257
5111 7116
1659 3648
4797 6909
5584 7570
102 2084
4675 6656
5904 8020
4246 6352
4660 6780
4777 6882
5522 7641
241 2236
4586 6565
1475 3468
871 2869
1080 3178
554 2686
5098 7103
1554 3652
4839 6833
5212 7179
895 2856
256 2393
4245 6350
5863 7867
5746 7727
5521 7628
5415 7545
5319 7335
5811 7899
5622 7578
5314 7342
1228 3232
5579 7590
11 2150
1560 3703
397 2557
5946 8008
5891 8055
5728 7701
5475 7445
6046 8168
5927 8030
5547 7634
1622 3628
4929 6972
5238 7415
1555 3728
958 2877
288 2468
899 2822
1817 3996
4847 6762
98 2276
4215 6385
368 2551
281 2449
384 2312
4103 6287
813 2980
1231 3142
4971 7137
4933 7118
1399 3579
4987 7146
662 2567
5685 7847
4787 6688
1147 3311
4700 6852
1847 4012
347 2503
1765 3705
91 2246
400 2317
982 2888
1804 3986
1906 4077
5191 7384
6112 8001
1017 2904
317 2457
1582 3720
5770 7725
597 2813
1489 3450
127 2258
146 2109
4964 7115
1693 3631
4129 6293
36 2193
5210 7407
111 2266
4956 7147
795 2978
4405 6540
5224 7377
4848 6732
1171 3119
1503 3425
1592 3719
300 2542
4466 6582
4932 7040
579 2694
1807 4041
5620 7474
5908 8146
1315 3557
1120 3239
5301 7282
4451 6571
1732 3598
1158 3147
1043 3294
4498 6493
5369 7222
616 2727
4868 7115
4563 6406
1933 3925
4770 6779
5405 7623
1063 3325
5085 6918
469 2313
489 2357
5232 7342
4966 7097
4731 6809
4485 6502
4952 7099
4422 6572
5641 7908
910 2912
4667 6869
1695 3695
291 2513
5887 7690
1866 4028
4676 6835
5687 7886
1638 3741
4221 6275
1886 4001
971 2761
454 2245
272 2068
1199 3498
5400 7198
967 2753
4224 6534
1788 4091
4305 6616
1451 3232
425 2215
190 2481
5925 7733
5816 8106
764 3055
5303 7586
5992 7793
1438 3204
4705 7034
1563 3847
5912 7685
4937 6743
21 2315
1545 3880
5417 7178
1706 3983
4895 6713
5155 7429
4851 7131
5634 7978
847 2661
1971 3743
1849 3607
1982 3729
4474 6216
108 2394
1789 4043
21 2338
705 3065
4309 6638
1407 3138
4211 6477
1431 3240
5075 6892
1271 3511
4248 6618
4511 6363
1362 3092
1686 4049
429 2276
5255 7630
5373 7606
1342 3184
5859 8108
4365 6236
1760 4018
5724 7951
799 2636
5196 7448
1515 3263
4857 7084
6033 7878
4965 6706
4182 6413
512 2908
46 2419
1941 3784
204 2451
4682 6954
4165 6437
802 2625
4552 6317
1762 3978
1125 3340
1312 3146
341 2104
372 2074
897 2798
4149 6469
4231 6645
201 2490
152 2540
5329 7592
4131 6489
1276 3463
1239 3499
4661 6987
5914 7780
4166 6457
4988 6659
4558 6222
4176 6610
4564 6230
4579 6240
2005 3665
435 2103
1116 3543
762 2929
5083 6736
6097 7773
1610 4036
5298 7456
1202 3366
5752 8172
4979 6891
1178 3331
6038 7691
86 2504
4846 7025
1958 3641
5338 7550
1675 3886
4709 7106
4885 6834
5809 7960
1237 3455
4297 6498
564 2970
1687 3879
4890 6826
1893 3793
6084 7792
4666 7052
1716 3852
5198 7670
5306 7430
320 2301
5314 7549
816 2802
5547 7272
1564 4063
5431 7410
6010 7871
4348 6458
5104 6711
876 2725
1508 3117
5411 7400
1904 3771
4899 6895
6116 7722
4483 6221
5108 6714
4763 6986
4388 6391
1678 3933
5411 7415
5158 7666
5138 7622
1397 3233
4721 7077
97 2487
5680 8167
6103 7680
391 2143
496 2089
374 2220
48 2538
5207 7560
1830 3782
5439 7391
1932 3694
552 3022
1701 3906
1015 2588
79 2466
4785 7004
4980 6810
644 2922
4180 6564
4332 6430
4426 6329
4753 7010
214 2341
5633 8180
6065 7751
573 3019
4293 6450
1863 3775
1884 3749
5350 7450
5274 7527
1065 3540
1766 3302
464 3026
4194 6753
1094 3650
1035 3597
4632 6174
4877 6407
945 2491
1045 3615
1895 3436
5599 8147
5395 7966
1642 3172
5340 7891
6125 7677
4300 6878
1341 3881
965 2515
5919 7429
348 2887
1624 3139
5443 8031
152 2693
295 2822
2044 3550
4336 6866
4530 7064
1780 3289
4736 6319
1502 4081
577 2161
257 2864
161 2704
1152 3762
472 3050
5867 7385
134 2740
645 2227
1516 4058
5359 7896
857 2414
1926 3518
5796 7327
350 2917
1150 3653
1412 4024
4861 6336
1487 4081
5221 7771
1055 3617
4696 6170
5380 8007
809 2413
4838 6305
6087 7552
5425 8054
396 3012
1187 3818
991 2453
1765 3247
7 2636
570 2166
4949 6425
4330 6823
4277 6907
1136 3646
1778 3235
5187 7698
1018 2475
334 2844
5178 7785
1119 3594
629 2083
118 2593
1355 3868
4143 6775
1565 3141
5191 7709
4250 6854
5945 7512
5192 7724
5538 8132
137 2785
5666 7242
4148 6748
756 2206
1090 3624
5694 7253
4500 7167
1443 4047
1699 3279
4783 6338
4576 7057
1371 3887
4526 7128
290 2901
5442 7989
222 2729
5466 7970
983 2478
1115 3616
1089 3776
4321 6755
4798 6202
5126 7811
5218 7911
48 2741
5487 8169
1388 4071
1109 3781
4298 6747
1265 3683
145 2564
1564 3209
11 2705
4478 7140
1089 3805
4193 6911
5682 7341
1894 3526
5128 7849
4569 7035
1567 3259
5691 7325
1946 3388
1299 4026
1302 4031
4787 6173
857 2550
5188 7915
1731 3187
171 2590
5172 7811
5155 7834
5782 7212
5433 8067
1355 4080
658 2094
6035 7471
1759 3171
1529 3908
5810 7180
4159 6908
5666 7393
1631 3227
1915 3519
5423 8171
4788 6256
5949 7674
4814 6150
1829 3564
774 2507
109 2723
4983 6567
1179 3658
838 2452
5093 6454
1172 3648
1327 4084
5283 7800
1671 3162
5614 7984
1068 3827
4905 6601
4539 7003
1264 3601
5123 7905
300 3022
89 2751
1647 3209
5427 8148
55 2782
1192 3652
4548 6952
4931 6574
493 2819
1953 3409
4986 6537
1774 3098
661 2145
4791 6209
1580 3291
460 2875
624 2183
1929 3441
4976 6536
4656 6344
419 2905
6001 7564
404 2921
4647 6439
5265 8083
6018 7296
690 2480
5561 7866
4263 7074
4639 6425
4335 7143
5832 7618
5213 8023
5507 7821
4634 6421
1804 3100
5000 6299
5246 8043
4369 6660
515 2324
51 2852
1992 3282
5943 7213
4112 6923
1000 2292
5096 6390
1136 3951
1751 3574
1724 3486
212 3063
132 2977
4699 6526
1353 3692
956 2202
1794 3118
1291 3622
5256 8102
1434 3764
980 2279
4927 6149
1817 3107
628 2383
4252 7079
4221 6982
1924 3256
185 2948
1644 3410
727 2537
678 2457
225 3038
5990 7257
5563 7931
54 2935
4274 7152
5615 7852
1309 3673
4331 7086
5263 8137
4171 6915
4458 6691
4526 6880
351 2576
1711 3552
4911 6271
5624 7848
59 2922
1473 3731
1698 3569
17 2885
1648 3364
4361 6748
1568 3446
5959 7184
4268 7163
5856 7608
4578 6843
4785 6632
6089 7315
122 2854
1853 3168
4417 6686
1058 3965
5481 7689
339 2610
4241 7154
72 2860
1718 3536
5981 7226
4299 7075
590 2343
870 2063
1585 3421
5025 6348
684 2497
1360 3645
57 2903
5261 8162
4803 6577
1165 4089
695 2511
206 2999
1521 3722
4666 6470
1056 4000
126 3070
4543 6718
1367 3798
4997 6148
1173 3863
1524 3696
5285 7971
989 2138
1436 3604
4326 7022
2023 3182
182 2879
4278 6971
4478 6896
555 2491
1260 3964
4645 6580
5452 7903
1606 3541
316 2728
1189 3888
1132 4089
70 3027
953 2095
4994 6164
1645 3579
4270 6965
1121 4093
779 2199
4334 7026
5132 8080
205 2896
68 3033
1649 3566
593 2547
5605 7745
1238 3952
267 2721
5491 7896
982 2171
5980 7410
5202 8188
5330 8060
1978 3093
4500 6692
1346 3824
5154 8081
42 2975
5665 7572
1876 3299
5357 8026
902 2108
1542 3514
4400 6797
1956 3097
867 2268
5699 7676
5468 7836
2013 3101
5371 7993
680 2410
1390 3754
5143 8158
702 2423
1892 3246
492 2592
4967 6313
591 2462
4963 6321
4621 6623
973 2072
647 2385
5297 8039
64 2967
4107 7132
6131 7210
4636 6597
268 2773
6039 7245
5564 7782
1543 3548
4711 6587
6039 7240
6002 7341
5640 7657
681 2378
618 2446
4162 7078
6121 7183
198 2849
1157 3948
1130 3968
5642 7649
5890 7406
1861 3241
5672 7620
4817 6433
4510 6767
340 2726
4390 6865
4164 7100
1095 4030
5342 7972
183 2892
5956 7352
1700 3416
4387 6877
4529 7601
5322 6347
5969 6994
706 3777
1114 2142
4484 7555
1221 2253
5016 8080
92 3158
1500 2519
5102 8163
253 3315
5204 6235
1048 2059
1988 3031
1360 2371
4469 7532
1414 2460
313 3365
1294 2323
1672 2710
343 3447
293 3334
5965 7022
870 3907
2000 3062
1144 2143
1157 2210
400 3513
1095 2158
5354 6339
1244 2293
5719 6782
1995 3040
5084 8176
491 3547
574 3599
5808 6787
1006 4054
4926 7942
4440 7521
5976 7009
5777 6827
1816 2851
783 3919
615 3623
367 3374
6109 7071
4133 7271
4470 7475
4452 7459
1135 2087
1850 2931
5999 6950
1224 2180
1583 2659
5502 6448
1705 2809
1920 3024
5308 6381
5464 6401
1575 2686
6009 6947
5097 8115
1379 2367
1248 2176
5783 6903
732 3772
1359 2351
4551 7590
1474 2467
4645 7744
1278 2200
910 4072
1247 2232
4594 7573
622 3591
5689 6739
1181 2294
6032 7164
5370 6295
253 3212
5262 6399
4643 7761
4438 7461
5944 6989
6022 7153
4337 7302
260 3443
666 3810
520 3696
4853 7820
5276 6368
246 3211
4183 7210
4435 7470
4336 7281
5773 6665
4952 8156
6131 7030
5449 6607
1217 2118
4360 7567
1619 2779
5772 6661
596 3806
1169 2074
5270 6170
1661 2803
5429 6587
4363 7579
821 4006
1522 2406
453 3408
1100 2266
223 3145
4926 8105
5852 6724
1918 3047
1428 2318
4665 7844
4320 7293
182 3112
4156 7324
4927 8094
5690 6808
159 3132
4226 7206
656 3639
231 3151
5918 7094
490 3393
4772 7688
6081 7021
5049 7956
5343 6258
919 3898
1856 3057
4340 7232
4981 8129
1385 2524
310 3459
979 3940
654 3638
6085 7037
960 3962
5416 6549
4613 7864
4751 7729
5026 7965
5445 6532
175 3179
5508 6465
2016 2853
345 3484
1481 2319
4532 7538
4454 7598
442 3442
5367 6205
259 3528
5027 8047
5947 7158
734 3600
5565 6514
224 3119
936 3961
4520 7548
6073 7023
650 3676
1718 2670
5385 6609
705 3608
876 4021
4984 8100
5287 6267
413 3392
281 3524
4958 8126
6070 6999
5743 6797
4734 7836
1076 2262
4402 7638
4883 8187
1463 2395
4190 7347
1015 3864
4403 7619
119 3206
543 3822
5510 6516
1052 2287
1832 3039
1462 2369
284 3557
4315 7202
4789 7759
1865 2997
4182 7336
476 3363
5691 6971
5162 6442
4514 7331
1879 2642
4205 7530
1990 2766
4748 8068
231 3567
1444 2222
4858 8177
4310 7645
1266 2553
4536 7347
5567 6323
1694 2962
5819 7094
5270 6552
4592 7423
4942 7745
826 3626
1281 2067
94 3402
1401 2157
5185 6484
4297 7646
5077 7874
1783 3055
5931 6711
30 3390
426 3211
5548 6285
5970 6771
5907 6704
791 3635
5802 7052
4977 7766
123 3411
908 3749
104 3393
61 3351
1351 2156
1182 2485
5332 6648
5555 6302
4844 8130
1623 2936
4871 7734
5651 6945
4345 7626
4265 7582
1385 2128
289 3099
128 3516
331 3190
1548 2867
1853 2685
4568 7320
1097 2312
1158 2500
5070 7820
1329 2163
4209 7478
950 3825
1432 2256
5938 6778
380 3126
904 3782
5758 6960
1496 2198
909 3805
4942 7710
205 3487
5588 6278
1629 2830
183 3556
1690 3017
5388 6232
4883 7749
5063 7839
1054 2374
5183 6502
4867 7770
4588 7351
6057 6898
245 3496
5444 6171
5268 6603
1872 2609
568 3930
5631 6300
1402 2073
4950 7730
608 3845
45 3403
5074 7861
1030 2401
1207 2526
215 3517
691 4063
5505 6383
1174 2534
4398 7260
5551 6364
4860 8072
5465 6188
5872 7046
4152 7502
5454 6201
5597 6314
891 3587
738 3992
5090 7832
415 3300
2039 2699
441 3268
681 4052
1596 2881
4562 7340
194 3394
1318 2214
304 3249
133 3335
5044 7735
133 3329
856 3804
692 3888
5005 7687
1206 2363
769 3726
1160 2328
1478 2135
6015 6894
591 4061
1380 2294
22 3461
1653 3040
433 3110
1021 3685
1720 2850
1904 2795
640 3868
1844 2728
4537 7204
384 3103
4178 7629
5048 7705
5254 6436
218 3454
1334 2192
136 3375
6122 6723
4841 8000
980 3711
46 3458
1068 2433
5073 7804
585 4088
475 3177
787 3751
35 3478
4239 7480
854 3820
5286 6429
6075 6662
1350 2178
696 3964
269 3272
6096 6683
525 4033
4341 7483
4187 7563
338 3200
635 4014
566 4065
5884 6955
113 3497
1742 2838
558 4087
6076 6758
466 3080
1891 2744
5124 6616
4247 7498
4813 7955
4442 7301
668 3907
4190 7615
4887 7925
4694 8116
160 3396
1120 2437
6011 6812
5222 6529
1604 2988
319 3287
1147 2450
4671 8150
4185 7600
826 3792
762 3857
1030 2541
4816 7996
4234 7524
325 3253
4559 7231
4913 7873
5186 6579
1617 2979
5626 6152
974 3642
5004 7802
1008 3592
1625 2976
39 3549
1871 2737
6090 6602
5592 7128
1525 3060
5217 6752
5893 6400
4421 8003
628 3187
822 3377
5734 6254
5759 6262
649 3203
172 3747
1004 3555
921 3464
1468 2984
1284 2832
5160 6718
5317 6867
5307 6829
238 3832
949 3501
1380 2940
1870 2388
4792 7330
84 3663
1609 2130
1970 2476
557 3123
1870 2412
5829 6374
5441 7013
2012 2552
4724 7249
4235 7853
5993 6478
4804 7395
5404 6961
5698 6255
6136 6615
479 4080
178 3714
1714 2177
871 3412
5975 6498
5080 7663
1211 2690
389 4028
5855 6370
396 4045
5052 7677
4863 7355
1332 2928
5506 7108
613 3116
1192 2786
1497 2963
5968 6428
189 3827
1649 2110
1914 2346
5241 6696
1842 2403
1343 2924
5281 6901
1047 2626
5329 6788
4943 7450
567 3169
4260 7922
1422 3032
4916 7523
4313 7809
1340 2913
4506 8132
1581 2162
4257 7873
1991 2470
1824 2370
5165 6734
4646 7234
899 3558
1495 2993
774 3424
5277 6906
6111 6584
4353 8041
5492 6941
4411 8016
4461 7937
114 3613
1049 2664
5533 7148
804 3413
1685 2273
1507 2967
4874 7549
1378 2842
4449 7961
1506 2971
1656 2050
1972 2510
5695 6208
4799 7231
1339 3003
1162 2569
264 3982
4158 7862
5243 6898
5425 7096
292 4014
5725 6353
604 3280
5001 7428
1526 2939
1603 2253
435 3901
4495 7936
1903 2559
4810 7256
41 3770
5864 6269
4347 7788
824 3488
5604 7036
4434 8138
1336 2978
95 3780
1723 2080
5647 6292
4861 7267
5665 6334
1534 2911
5058 7523
1259 2634
1078 2711
517 3238
1235 2677
107 3789
889 3551
4404 8083
4244 7731
1556 2238
5120 6829
574 3216
187 3604
1942 2343
5702 6389
5381 7091
4141 7835
2015 2409
5215 6889
1297 2982
1595 2179
1803 2483
421 3869
4462 8151
1578 2195
1457 2826
2040 2373
166 3611
5345 6750
437 3959
4383 8155
4653 7400
5960 6543
1561 2270
5332 6684
1067 2787
5619 6969
1946 2384
4935 7564
859 3479
4104 7879
1989 2314
5772 6232
886 3490
4866 7639
5448 7070
4764 7243
4679 7326
4388 8189
5922 6648
1569 2298
5853 6150
4372 8143
1449 2935
1205 2666
1317 3013
5657 6397
1331 3030
1865 2469
5704 6309
5740 6275
1188 2644
5600 6931
5570 6966
1356 3002
1669 2173
4366 8182
6125 6417
5418 7127
5736 6293
4475 8069
5157 6874
5575 6849
1088 2886
1501 2778
117 3954
5163 6956
6007 6271
4136 7968
516 3340
5696 6473
5107 7418
533 3356
5850 6608
5401 6677
5210 6999
1845 2107
5609 6886
1005 3321
5682 6438
5756 6504
4528 7845
5794 6580
1573 2354
5252 7068
6128 6376
5068 7381
944 3242
1997 2262
6073 6309
787 3085
5933 6195
1937 2227
1524 2774
1019 3295
5428 6673
1203 2966
5973 6256
1859 2148
5051 7314
4794 7571
4680 7521
33 3848
4866 7209
5605 6857
4557 7907
823 3096
471 3814
1825 2064
363 3673
4209 8002
101 3921
382 3659
1921 2233
56 3840
4294 8188
4236 8118
5896 6198
6068 6388
616 3369
4583 7846
1383 2597
5580 6799
1839 2156
4836 7585
1281 2631
1417 2753
5473 6696
4957 7188
792 3154
318 3701
4632 7507
5091 7343
4472 7732
5814 6651
4939 7174
4788 7673
4206 7969
4346 8117
2020 2219
4946 7168
5445 6678
1787 2472
5977 6157
617 3389
143 4057
387 3796
214 3969
40 3953
4193 7995
5527 6861
4618 7504
1824 2171
1813 2121
1465 2788
1127 2874
6115 6333
1972 2283
5262 7150
1576 2377
4244 8182
4677 7462
1249 2951
349 3643
4746 7651
619 3329
1447 2765
4380 7799
170 4038
4641 7500
4400 7774
735 3503
5074 7328
5525 6887
6123 6303
322 3638
82 3877
428 3796
4904 7251
5623 6793
5527 6676
5099 7272
2012 2137
1887 2265
5492 6899
5869 6501
1298 2715
6005 6392
5158 7081
1697 2353
1856 2257
566 3495
5785 6411
4821 7494
1828 2231
5876 6497
6008 6383
5352 7025
1619 2506
1389 2807
460 3664
336 3788
56 4005
4997 7195
4353 7841
5849 6521
4504 7737
35 3970
4910 7311
294 3716
1102 3051
5346 6981
274 3769
4427 7904
327 3820
924 3121
6061 6144
5069 7264
5574 6760
144 3903
444 3603
904 3129
6045 6188
4172 8184
482 3668
5331 7012
5042 7178
581 3583
5147 7079
559 3475
5364 6984
5567 6658
4115 8109
1026 3011
1973 2164
1211 2937
5521 6739
5664 6628
5775 6475
1485 2571
5636 6594
5297 7033
1129 2981
5132 7104
1488 2589
1630 2448
1257 2855
994 3116
4258 8045
4758 7494
4948 7297
1699 2421
1907 2213
553 3583
5144 7119
5921 6393
4316 7942
4707 7608
525 3542
4715 7607
387 3678
4 4058
5879 6441
4658 7661
5560 6744
5387 6888
1963 2127
669 3449
1354 2735
722 3386
4155 8145
1161 2914
5488 6812
6033 6268
1911 2181
193 3893
6067 6214
4840 7440
4837 7453
5958 6334
5826 6456
1994 2100
5952 6335
1069 5166
1852 5951
3148 7241
1075 5173
2358 6449
2305 6406
935 5024
465 4568
722 4830
2255 6367
2834 6912
210 4288
65 4179
451 4560
2701 6808
1038 5145
3459 7576
1042 5134
2119 6234
2047 6113
236 4339
707 4834
3409 7541
1854 5911
1596 5654
837 4974
1241 5362
3130 7191
2392 6518
2318 6432
3468 7587
3517 7565
4046 8189
3809 7892
1928 6078
3110 7185
2231 6284
843 4983
2493 6531
2154 6229
294 4377
1037 5196
794 4958
956 5112
2556 6585
1725 5883
3717 7884
929 5096
1655 5692
2446 6597
1433 5589
3535 7555
1173 5336
1028 5194
529 4703
2587 6731
2652 6668
1386 5435
2349 6522
2971 7107
2952 7121
450 4505
2196 6351
225 4285
2448 6640
2037 6036
2957 7145
1772 5769
265 4460
1919 5914
2454 6651
1152 5358
1574 5705
1601 5678
96 4114
440 4555
845 4921
3495 7633
612 4627
3406 7479
3007 7110
3511 7627
1179 5351
3895 8010
1730 5823
621 4627
2870 6985
1660 5886
1613 5838
3875 8096
1774 5738
3609 7837
357 4578
724 4701
1184 5162
2794 6753
1553 5786
2027 5984
1098 5313
1776 5756
76 4288
2862 7075
2872 7093
813 5026
801 5045
541 4744
944 4902
1051 5261
3334 7569
546 4795
3790 7765
1693 5693
1760 5698
3429 7616
766 4696
3836 7771
3076 7331
2336 6535
3109 7309
373 4573
165 4109
3514 7443
24 4275
2023 5963
937 4890
740 4695
3733 7713
2200 6190
3765 7692
3410 7656
1306 5542
3080 7349
657 4655
2250 6260
3160 7398
371 4556
3480 7463
52 4235
1733 5637
1004 4906
2694 6721
1621 5778
3444 7603
1267 5179
1721 5745
1326 5607
2878 7154
2957 6977
586 4743
1528 5431
2031 5920
1726 5743
2131 6277
562 4836
2410 6588
3122 7402
2189 6228
3645 7911
2098 6376
1991 5916
517 4830
4075 7984
2423 6572
291 4607
1349 5529
3538 7436
263 4581
2634 6825
1292 5608
677 4673
2654 6842
3483 7550
2130 6325
3366 7630
2646 6844
932 4936
222 4146
3910 8107
3960 8087
280 4599
1013 4869
1687 5731
2638 6842
3725 7803
3510 7489
3354 7650
2926 7062
8 4339
2078 6370
1153 5244
1540 5895
3287 7635
1756 6106
713 5070
603 4947
2814 7159
660 5023
2179 6543
1746 6110
736 5101
2781 7120
3973 7828
1408 5266
2328 6156
612 4977
147 4485
2894 6745
3819 8179
2499 6360
2236 6560
2828 6672
3198 7522
250 4582
2430 6238
3073 7456
1970 5776
3339 7208
2542 6349
2170 6494
3217 7605
2863 6666
1662 5979
3471 7336
532 4924
1193 5504
29 4401
3437 7233
3728 8125
37 4375
1757 6126
3556 7379
2705 7081
1 4408
1787 6081
3001 6905
1190 5606
2873 6776
1930 5832
2344 6251
2424 6204
552 4972
4033 7813
2754 7050
1400 5169
2397 6167
1125 5423
1588 6014
3484 7382
1046 5469
4057 7826
1098 5382
485 4264
2180 6602
1271 5542
3181 7487
1220 5520
487 4274
766 5030
3656 7952
2412 6197
718 5015
1899 5681
3304 7602
1415 5340
3552 7356
3125 7528
1452 5324
3303 7559
3120 7505
3256 7641
3376 7252
1646 5899
1955 5830
3202 7652
3493 7373
5 4463
1311 5236
660 5113
1547 5988
4070 7830
2184 6650
1676 6136
995 4759
2046 5771
718 5047
3634 8008
1641 5906
3181 7446
3654 7994
3036 6818
2577 7023
3425 7199
53 4427
398 4337
3921 7893
2892 6858
2915 6891
375 4350
3559 7278
148 4376
158 4371
1357 5315
385 4111
446 4145
1826 5805
2628 7124
962 4688
19 4480
1955 5684
3353 7296
3882 7862
1229 5456
434 4140
1846 5801
164 4356
2800 6992
47 4493
2167 6613
757 4950
442 4124
928 4615
3330 7338
2221 6404
1200 5402
341 4351
2980 6671
2205 6454
2396 6384
3028 6778
3027 6781
361 4294
3705 8150
3883 7835
929 4624
3651 8177
3634 8070
3630 8091
3981 7739
2713 6959
1949 5669
285 4261
3254 7439
880 4811
534 5034
3315 7501
3140 7674
3025 6766
105 4521
3923 7826
1256 5419
4059 7704
3620 8160
3766 8062
2951 6735
1835 5857
1726 6005
3794 7966
4068 7720
3885 7933
772 4823
3984 7748
2578 7111
1971 5733
2216 6526
3191 7599
1170 5450
354 4281
2937 6821
3407 7312
531 5106
3332 7397
52 4565
6 4580
3362 7360
3355 7416
2308 6368
1916 5786
3170 7557
2736 7003
246 4379
1245 5424
177 4444
1652 6041
3415 7353
793 4854
3265 7470
2560 7151
1437 5231
3688 8090
2648 7082
2671 7066
1571 6102
1272 5389
1343 5318
2564 7165
211 4392
1890 5790
1976 5700
1691 5990
2545 6159
3342 7950
340 4948
935 4519
3996 7581
2489 7101
3549 8154
395 4995
3799 7388
2757 6346
2300 6893
613 4212
3255 7844
3313 7909
2151 6783
2906 6464
2144 6779
3235 7870
3926 7499
843 4437
485 5115
1801 5398
1277 5858
1798 5414
3898 7451
2672 6229
103 4674
2853 6400
1620 5234
2802 6356
2845 6458
3801 7422
3642 7197
1881 5502
1049 5681
1632 5193
3649 7276
2556 7123
2152 6745
959 4494
1180 5806
3821 7384
2769 6372
2191 6835
40 4629
3285 7912
1099 5749
3858 7468
1329 6003
2925 6446
2437 7105
3167 7706
3722 7373
3048 6561
3619 7274
279 4957
3988 7640
1741 5248
2225 6911
2189 6877
185 4841
2792 6331
1486 6043
67 4630
3918 7449
3160 7695
1071 5752
767 4263
2758 6302
1947 5571
699 4322
2487 7148
2347 7030
688 4333
1159 5850
3864 7495
2386 6925
3400 7976
2066 6771
3760 7379
3057 6546
825 4445
832 4389
610 4103
391 5089
3541 8115
2484 7123
3419 7987
2163 6680
80 4669
1989 5544
1766 5257
3090 7778
535 4197
575 4173
242 4737
588 4159
233 4765
200 4796
420 5073
1093 5693
1262 5783
411 5089
2190 6900
1608 5172
498 5006
940 4561
3088 7789
2760 6326
2007 5545
1289 6029
2598 6304
3054 6503
66 4809
3373 8099
85 4826
2824 6552
1442 5939
985 4424
23 4741
2626 6358
2061 6809
2846 6536
3273 7774
346 5059
2309 7070
3792 7246
3133 7842
3011 6499
3534 8047
3083 7850
322 5088
2868 6550
1010 4433
952 4382
1952 5382
2680 6352
757 4189
853 4606
2360 7059
3991 7462
266 5051
3882 7579
3718 7220
860 4590
1738 5240
1308 6062
996 4439
1348 6128
2018 5463
3677 7403
3015 6513
1713 5127
2732 6171
1040 5799
3370 8093
889 4545
1820 5541
1698 5150
1213 5633
3432 8149
254 4675
416 4893
2869 6538
3352 8152
905 4424
1322 6120
666 4184
1982 5501
634 4281
2838 6613
683 4207
1583 5355
1176 5725
149 4690
2455 6992
2188 6726
3381 8184
3200 7757
4017 7551
2268 6674
3537 7967
3784 7192
1193 5755
2942 6570
3261 7785
289 5108
511 4906
3314 7716
2972 6474
3023 6424
368 5031
3797 7181
64 4761
2482 7017
3385 8164
800 4606
226 4668
2342 7160
3940 7611
1148 5795
375 5032
2754 6173
2133 6839
1057 5827
841 4522
528 4340
2030 5386
79 4777
1593 5328
1409 5992
947 4441
1838 5573
4050 7481
2264 6709
1842 5570
3018 6459
3689 7327
3064 6415
3523 7988
267 5106
2001 5416
1138 5774
1674 5239
175 4689
2030 5392
2720 6239
3802 7642
1882 5208
797 4126
3440 7796
1653 5491
981 4317
2667 6499
4019 7354
1662 5495
196 5071
549 4398
2981 6318
3759 7588
581 4425
805 4139
900 4234
2488 6838
3519 7856
844 4188
2895 6238
1168 6020
563 4391
2515 6855
4055 7362
1177 6017
3990 7308
834 4184
632 4450
556 4402
2989 6322
3430 7750
1322 5646
2749 6553
2906 6268
4076 7370
2993 6296
1010 4312
559 4356
7 4908
3525 7918
1494 5882
4085 7387
2594 6412
1949 5292
2308 6710
2750 6541
3870 7211
500 4801
3481 7854
1037 5941
1297 5675
685 4503
1001 4307
723 4589
710 4600
3838 7617
4004 7323
3034 6373
1112 5991
3306 8106
957 4348
2573 6476
1467 5881
1134 5932
1927 5316
2391 6676
995 4256
3709 7481
2743 6642
744 4513
2882 6152
1806 5188
1384 5667
1950 5333
3779 7567
3580 7857
625 4415
858 4116
370 4669
555 4452
1650 5437
3917 7196
2843 6217
1858 5142
139 5085
3086 8025
2128 6922
3667 7439
2745 6629
2320 6732
3167 7998
3941 7172
3332 7781
2620 6495
338 4657
3821 7560
32 4934
729 4529
743 4492
1827 5198
1796 5225
70 4907
1800 5223
3520 7855
2169 6934
2168 6921
836 4150
1558 5477
2910 6189
2418 6657
2619 6472
2295 7043
1941 5347
3068 6283
287 4710
2603 6482
3663 7477
117 4873
736 4509
1998 5299
1141 6133
947 4145
3121 8114
1370 5854
1550 5515
2948 6147
2725 6445
1347 5834
4027 7217
2711 6429
406 4634
765 4467
1768 5478
2293 7035
2221 6946
2059 7044
3267 8019
890 4330
1576 5560
1346 5845
2569 6558
3668 7628
3747 7482
3857 7304
3732 7438
2863 6325
646 4381
3993 7173
134 4891
4061 7293
1678 5420
2785 6466
3555 7744
3504 7700
2896 6389
3886 7307
2008 5245
1026 6052
4015 7177
3926 7408
302 4742
3193 8145
868 4302
954 4118
3528 7781
1492 5754
794 4276
4088 7254
173 4867
773 4277
1405 5836
3802 7535
3633 7559
3990 7201
2055 7101
2543 6741
3929 7395
3948 7376
750 4432
748 4396
513 4544
1823 5342
3892 7414
1737 5387
1135 6060
1924 5184
135 4928
514 4555
3176 8097
502 4668
3058 6200
2038 5181
1595 5623
2706 6492
1755 5397
572 4588
3808 7474
38 5117
2454 6733
1031 6108
292 4856
465 4621
419 4734
2032 5136
1676 5485
1587 5586
1263 5901
243 4887
786 4342
2986 6222
2220 6984
3506 7767
3205 8034
1395 5787
737 4361
2249 6947
3987 7288
2933 6277
2065 7139
1555 5601
4016 7236
3397 7856
2678 6528
3014 6206
682 4434
3191 8078
393 4723
2316 6903
3750 7514
2790 6426
943 4177
3724 7538
775 5893
2111 7228
2366 7482
3612 6680
3846 6927
226 5353
2651 7760
969 6082
1860 4936
3124 6201
2913 8044
614 5739
3372 6434
3824 6881
2185 7320
2009 5067
1976 5035
303 5435
2044 5098
3860 6915
849 5961
1078 4142
2605 7734
3173 6270
2170 7268
405 5514
1110 4169
2643 7795
1274 4314
3050 8136
1069 4110
3977 7085
1096 4206
10 5165
4044 7141
984 6130
3724 6822
1108 4222
1805 4903
2644 7806
78 5219
3986 7100
2762 7930
2883 8050
1538 4659
948 6017
2668 7769
3422 6505
257 5430
3360 6423
2330 7458
1518 4567
2090 7187
481 5594
2198 7338
2116 7289
2784 7902
2056 7241
2224 7411
3358 6490
2471 7651
3266 6276
2319 7495
2893 7940
1468 4598
2292 7358
3713 6860
3268 6283
381 5426
409 5576
3768 6890
1540 4694
985 6026
2936 7981
1104 4102
4024 7151
3453 6442
1126 4158
901 6108
954 6113
1677 4818
1304 4472
2832 8048
379 5402
2829 8044
1712 4819
2362 7513
2611 7766
3904 6949
2261 7344
3576 6544
3111 6223
3069 8086
1864 4903
241 5249
606 5678
2053 7287
1340 4431
4032 7092
1988 5043
3752 6864
1518 4503
2940 7941
3681 6685
2085 7258
2379 7624
1486 4426
1508 4450
1822 5017
3693 6886
502 5499
3911 7113
1215 4144
1209 4141
3292 6216
1828 5041
1279 4201
361 5630
3807 6727
3831 6766
3578 6496
1767 4732
1201 4140
3768 6693
301 5517
3839 6751
712 5736
298 5512
2987 7944
3700 6871
698 5651
3944 7106
3081 6307
2898 8191
2818 8111
2986 7943
3275 6244
2126 7393
12 5308
3493 6420
3614 6831
663 5668
1484 4473
1827 5014
1290 4540
3282 6244
1641 4831
1525 4429
1943 4911
1577 4753
310 5517
508 5441
31 5281
3359 6560
3858 7120
1753 4637
515 5830
623 5801
1885 5018
3298 6186
546 5864
1485 4359
1070 4325
1467 4471
640 5709
2338 7663
2152 7334
286 5584
673 5742
1572 4843
2274 7216
1565 4815
3382 6629
1225 4122
1738 4639
3763 6761
3314 6190
3240 6261
1752 4614
2277 7227
1133 4237
3451 6553
464 5427
601 5821
1186 4167
1305 4604
34 5319
451 5413
130 5226
3905 7080
155 5233
3757 6721
504 5396
268 5601
2930 8095
3548 6451
1539 4844
1689 4726
1413 4458
2390 7609
844 6077
15 5374
2194 7270
2655 7851
3916 7096
1348 4531
2960 8040
3275 6194
682 5713
2602 7894
606 5792
78 5455
4036 6854
1311 4123
2354 7223
3841 6660
2880 7752
990 5847
3842 6664
1250 4585
2992 7868
3213 6530
3751 7092
2122 7516
203 5597
1954 4789
2779 8130
1460 4270
1527 4333
3817 7155
3403 6224
2595 7999
2772 8137
1516 4338
1285 4123
321 5214
495 5326
3680 6979
1637 4934
686 6029
1581 4872
2498 7396
3814 7105
301 5125
2597 7948
4031 6806
376 5201
422 5260
2141 7542
1121 4429
441 5269
2646 8058
1551 4899
554 5895
1263 4545
4043 6884
2549 7364
3735 7078
955 5769
3439 6237
1614 4986
2208 7572
689 6020
936 5789
1840 4617
3137 6520
2635 8050
3399 6269
2313 7219
2749 8071
110 5461
1511 4316
1175 4523
1708 5010
1061 4378
218 5530
433 5361
3451 6203
3394 6144
3591 6978
1238 4499
1117 4379
912 5846
1663 4917
1667 5064
792 5716
672 6127
3195 6440
2585 8015
1557 4931
582 5905
430 5364
2495 7394
3908 6682
3113 6518
3415 6199
3327 6557
1519 4236
2899 7735
3835 7069
2015 4792
2420 7187
3046 7822
2583 8061
3811 7049
2307 7273
777 5730
609 5903
834 5676
3684 6923
855 5671
4003 6865
1424 4323
1404 4105
3884 6746
615 5919
3885 6741
371 5130
670 6116
3085 6519
3349 6249
1996 4784
3395 6207
1927 4858
1510 4194
1226 4430
3867 6813
3101 6554
3786 6976
3194 6646
533 6041
2688 7949
327 5320
2525 7247
2834 7814
2518 7235
245 5474
917 5645
2243 7514
584 6098
2127 7636
1212 4391
2105 7577
1968 4624
3783 7015
22 5557
2819 7846
1512 4174
1880 4862
3955 6869
1551 5033
3305 6464
2584 8113
2432 7213
2739 7964
3098 6575
1268 4418
3189 6604
481 5211
50 5516
3174 6566
2371 7299
319 5374
3707 7097
3704 7098
2259 7441
3357 6361
3740 6996
894 5814
2502 7183
2083 7662
887 5817
3276 6403
1869 4738
3384 6377
2667 8126
3775 7018
365 5306
2747 8034
3734 6988
2000 4619
695 5995
3397 6297
3551 6145
376 5286
2445 7276
436 5206
2938 7833
589 6057
75 5550
373 5264
2723 8004
352 5256
651 5986
2032 4633
2296 7442
692 5983
4086 6683
3526 6184
2288 7454
3687 7049
4015 6720
1566 5100
928 5715
3472 6243
2770 7974
2230 7491
2554 7181
2519 7200
1138 4490
1936 4717
2969 7783
3532 6194
3671 6231
1706 4267
931 5536
2158 7784
3010 7621
2078 7705
2533 8173
1654 4223
3444 7037
2368 8009
2669 7271
3269 6862
2112 7756
2428 8051
3466 7045
463 6109
63 5676
3281 6850
1719 4259
467 6086
3241 6844
1112 4686
3213 6805
796 5378
1324 4915
1101 4717
1242 4859
908 5551
2859 7432
2041 4570
1635 4167
3215 6827
215 5874
3550 7160
1682 4282
1729 4329
556 5125
83 5757
1194 4741
1675 4280
2311 7988
2048 7733
1319 4895
798 5414
2595 7193
3578 7104
2182 7869
3257 6789
2314 7990
872 5461
645 5304
2473 8169
3794 6291
3544 7065
3226 6875
3072 6722
1096 4620
3481 7121
3383 7039
3938 6443
1912 4401
1044 4701
1573 4204
299 5985
3818 6310
3219 6878
83 5661
2591 7247
2773 7303
2517 8071
1769 4285
894 5418
3064 7599
73 5649
3144 6673
1883 4352
3816 6324
2579 7245
1632 4096
1517 5004
2204 7933
915 5617
1407 4893
448 6051
2771 7344
3600 6264
206 5798
3263 6870
3993 6640
3357 7028
494 6023
2500 8110
15 5732
1056 4685
1839 4416
595 5180
2169 7689
3467 7162
1364 4901
1703 4305
2516 8109
881 5391
1729 4286
2456 7960
1423 4879
1258 4715
2884 7618
2028 4459
693 5170
3092 6803
2572 7300
251 5747
3487 6933
3333 7055
3046 7531
523 5275
3979 6427
2492 7983
1027 4758
2691 7189
2260 7756
1075 4779
2843 7554
2900 7625
1156 4644
2732 7182
237 5710
3910 6624
638 5334
508 5972
2755 7275
833 5608
2174 7890
2995 7455
103 5833
1977 4375
1081 4745
2712 7209
2481 7939
3889 6531
749 5209
299 6047
1492 4961
1291 5053
378 6093
3461 6974
1820 4512
1992 4469
3100 6876
511 5950
3828 6198
3959 6581
1940 4439
2242 7681
3710 6330
3427 7077
414 5977
791 5599
802 5610
431 5988
2194 7775
1033 4825
2226 7782
2372 8081
1273 4640
2846 7623
2333 8135
120 5794
667 5184
2135 7819
976 5390
1047 4808
2415 8112
329 6056
2781 7228
2296 7707
3133 6872
386 5991
2816 7655
776 5615
1651 4248
24 5878
207 5695
3074 6899
3499 7002
2008 4393
2288 7682
972 5432
259 6135
1449 4959
2382 8121
2716 7269
2851 7645
3776 6206
3226 6756
25 5862
2341 7717
3486 6815
2655 7518
470 5844
1876 4183
798 5146
2707 7574
2596 7457
882 5239
1176 5022
2251 8140
2501 7874
3963 6259
2395 7763
595 5467
711 5579
578 5454
332 5696
713 5572
1850 4151
2259 8157
403 5788
3649 6483
2696 7580
20 5888
2311 7699
596 5440
3042 7412
3309 7163
3212 7067
2342 7743
365 5750
1952 4283
1416 4757
1240 5062
751 5616
3184 6993
2789 7617
1321 4623
440 5791
1293 4650
3878 6158
1230 5095
1374 4725
3123 6936
2466 7822
1862 4202
1628 4465
170 6021
1816 4137
3331 6706
2362 7688
3904 6260
66 6007
1123 4949
1123 4953
1861 4217
2617 7544
576 5378
2006 4245
3581 6840
3726 6598
434 5881
1155 5075
2117 7957
3924 6149
2195 8129
2875 7279
2098 8039
2679 7469
2056 8019
3850 6231
168 6088
3368 6731
1822 4219
758 5520
3150 6953
2042 4240
1402 4625
1352 4644
1790 4496
2089 8006
2808 7561
540 5480
119 5889
4064 6294
636 5386
1590 4417
2007 4271
1327 4693
2396 7719
3164 6944
3106 7007
2289 8076
3719 6649
3421 6691
2071 8086
4023 6197
780 5263
2582 7570
1175 4882
1319 4768
1294 4740
2252 8000
1610 4571
3482 6664
3981 6175
4016 6180
2618 7598
937 5183
2898 7371
1722 4387
1591 4525
2717 7430
1432 4611
3703 6634
1379 4802
1901 4302
711 5475
2090 8079
1450 4620
777 5280
2246 8043
2857 7303
1019 5204
443 5643
266 5818
3572 6725
3060 7238
249 5963
2438 7732
3207 6964
994 5201
2627 7671
2801 7492
3074 7095
614 5587
653 5434
1813 4268
4018 6155
483 5721
825 5250
2271 8035
3404 6897
176 5903
1749 4373
1313 4832
1748 4369
3522 6663
3443 6836
4060 6164
1435 4693
1476 4629
3224 6986
1154 4945
1931 4191
1274 4910
924 5193
2339 7925
3330 6868
2100 8162
1205 4973
2144 8122
1569 4602
476 5639
3585 6618
1636 4537
452 5658
993 5182
2346 7881
84 6071
1560 4604
194 5924
938 5186
1630 4534
2884 7340
4093 6167
2960 7291
1993 4135
2380 7842
3533 6713
1255 4881
630 5505
314 5837
344 5795
2973 7267
665 5478
2461 4508
675 6816
1788 7930
2797 4842
2464 4519
1688 7824
3745 5800
2335 4373
3021 5063
2474 4512
877 7014
275 6424
1844 7992
2186 4230
3539 5598
3414 5467
2703 4737
3156 5211
582 6729
1339 7467
3752 5816
2065 4096
2750 4783
2596 4661
115 6241
2627 4688
2848 4916
3737 5775
3097 5135
3777 5846
3474 5515
2608 4651
968 7126
1797 7963
2132 4171
3577 5596
3260 5273
2996 5009
1232 7414
1600 7783
111 6215
1446 7566
3540 5628
3841 5930
717 6883
1875 8060
1369 7529
1050 7208
2698 4793
3872 5907
598 6752
3695 5721
1167 7352
3922 5989
418 6549
3284 5356
1957 8092
2840 4898
232 6357
1661 7747
2642 4626
911 7119
2837 4951
112 6195
611 6688
3778 5766
232 6317
1638 7712
2022 8097
4029 6138
1686 7902
1563 7760
820 7032
2337 4461
3800 5781
3044 5034
4079 6048
621 6716
676 6902
173 6398
1626 7694
28 6218
2047 8104
278 6479
3250 5352
2483 4590
3228 5372
151 6391
3985 6129
2084 4164
898 7142
3951 5899
578 6695
1301 7536
3251 5333
648 6894
2602 4685
2759 4782
3793 5822
3754 5829
1833 8025
576 6704
3043 5010
3800 5804
2449 4581
1496 7596
1235 7334
2921 4892
1038 7291
1024 7286
1712 7879
2825 4990
811 6995
1439 7654
3277 5300
2598 4698
997 7014
788 7056
2714 4638
1084 7353
3096 5278
2706 4633
2126 4289
728 6728
3736 5641
3087 5276
3317 5222
1423 7452
3965 6126
741 6769
2608 4773
374 6627
5 6291
3826 5738
2340 4540
2736 4649
3258 5153
1863 8156
1384 7668
549 6841
213 6219
2961 4878
2458 4411
998 6980
4066 5953
1680 7731
1848 8091
3341 5546
2359 4496
2537 4430
2499 4457
1381 7631
760 6740
411 6453
227 6221
3862 6072
3560 5447
3138 5357
3122 5250
501 6469
600 6889
1484 7551
2539 4447
3079 5298
1140 7363
2604 4756
3758 5652
1574 7837
1034 7351
1368 7653
2570 4810
536 6874
3031 4885
4085 5943
1387 7593
3721 5706
2435 4416
2984 4974
806 7136
1149 7355
1911 8113
1657 7870
1986 7941
1622 7839
2014 7956
3997 5975
216 6166
1335 7672
2546 4386
180 6245
2520 4362
3139 5265
4034 5904
827 7144
1443 7543
2715 4687
3286 5121
1868 8084
3838 5668
98 6329
2795 4662
1811 8141
3431 5509
3687 5764
3947 6031
3089 5365
3584 5865
3345 5627
3692 5766
2604 4803
3640 5834
2307 4599
2232 4174
2120 4287
165 6226
3812 5660
491 6419
1151 7302
930 7000
62 6341
2689 4733
1498 7460
3853 6130
2889 4681
3436 5228
3276 5581
1446 7332
1694 8092
1359 7243
1526 7409
278 6161
2191 4487
3319 5630
287 6165
1389 7265
2631 4937
3869 5650
1843 7740
659 7043
3914 5726
1847 7714
2794 5116
3379 5156
1611 8017
3611 5888
2058 4374
1931 7831
579 7006
877 6768
1052 7484
2562 4896
3973 5793
402 6327
1980 7833
3894 5648
1888 7751
2780 5115
2383 4199
3655 5997
429 6279
3095 5436
1254 7626
3456 5293
228 6603
2045 7885
1307 7211
209 6625
580 7028
1642 8026
1195 7582
1801 7742
180 6540
2460 4260
1011 6856
4082 5839
1925 7864
1669 8123
1487 7309
1255 7588
2870 4722
2306 4168
428 6371
3887 5758
462 6300
1280 7250
3562 5310
4095 5802
1286 7248
100 6461
1568 8059
1342 7266
727 7050
1154 7644
3849 5719
3307 5556
4062 5818
1779 8087
2028 7817
147 6646
688 7126
931 6852
2057 4448
2273 4491
59 6481
2111 4435
2926 4610
3337 5220
817 6750
686 7134
3135 5453
1985 7859
3077 5494
1483 7359
1139 7431
3630 5974
307 6218
2876 4679
635 6919
3829 6025
3595 6006
864 6685
1692 8161
946 6863
2681 4870
3788 5965
212 6485
4051 5713
186 6457
2555 4216
3621 6049
297 6316
3880 5805
1913 7932
497 6263
271 6281
3988 5650
2943 4855
639 7157
3900 5804
2571 5019
1106 7616
4083 5728
2350 4282
2625 5076
2864 4773
2352 4262
3844 5779
3296 5497
2453 4105
2656 5118
2372 4315
2079 4542
1504 7237
332 6377
2118 4576
808 6798
2275 4421
2254 4457
2664 5056
2606 4999
905 6690
3913 5862
2351 4254
2389 4326
2321 4258
848 6884
163 6422
732 7019
1783 8013
608 7131
3706 6086
793 6820
1447 7194
63 6529
1102 7665
2055 4536
2467 4195
2605 5100
3632 6133
2601 5103
2573 5066
3342 5318
2600 5090
2835 4831
2523 4119
1893 7851
840 6791
4056 5642
3115 5624
2632 5019
2193 4420
2932 4769
1685 8002
2831 4823
2322 4298
2353 4329
2804 4909
1728 7962
2348 4343
3592 6103
1372 7299
1293 7404
1740 7981
2151 4482
3253 5459
2702 4968
3473 5238
2914 4746
45 6596
3823 5892
3291 5424
2946 4718
1818 7926
211 6460
3871 5871
3834 5898
3596 6142
2363 4296
3508 5185
2184 4477
3953 5767
2553 4097
2271 4389
970 6708
2953 4727
1328 7375
219 6436
4040 5577
3833 5368
2219 4778
2434 4993
550 6178
2050 4618
2669 4197
2099 4667
143 6790
1815 7454
3199 5749
1483 8128
3292 5840
4047 5569
1617 7262
3433 6013
2902 4418
2332 4872
1453 8120
3431 6002
174 6841
3837 5354
1128 7807
1426 8069
1885 7498
719 6359
2704 4233
2418 4975
2833 4367
3413 5962
3034 4602
976 6643
2356 4880
37 6656
2145 4676
3658 5228
2303 4824
914 6586
1357 8037
2916 4428
2529 5065
2411 4935
2848 4364
3912 5476
2172 4689
965 6632
4017 5535
2963 4541
288 6926
3930 5482
1190 7828
1090 7799
3657 5247
2261 4835
1995 7667
4013 5525
3803 5344
2958 4531
2934 4406
3236 5860
1395 7985
2484 5110
450 7041
916 6615
3923 5399
1216 7814
221 6811
2364 4981
2674 4152
1608 7171
2107 4720
234 6821
2856 4455
3855 5440
880 6432
3586 5200
2024 7612
242 6820
3006 4585
1373 7940
265 6997
2088 4725
1208 7897
2929 4368
3589 5220
2093 4686
818 6486
3319 5778
850 6455
1017 6559
1905 7448
2532 5006
3278 5797
942 6594
3336 5989
2760 4262
275 7036
394 7141
1115 7723
909 6652
2741 4292
1469 8143
2034 7553
2685 4106
3510 6094
1438 8166
3196 5638
691 6345
763 6273
482 7065
2901 4393
3327 5762
3606 5227
3130 5701
4073 5526
1673 7177
878 6639
2793 4205
2807 4211
2173 4856
3529 5964
468 7005
1930 7427
4007 5421
2954 4352
3322 5744
459 6976
3994 5398
772 6539
2435 4876
3105 5806
2777 4169
1959 7478
477 6991
3742 5133
926 6410
4037 5457
1104 7877
1042 7818
469 6988
1266 7787
3061 4460
3250 5673
30 6789
1086 7845
3290 5697
3593 5269
1964 7472
3957 5609
3336 6037
3345 6031
2659 4290
1777 7251
1830 7557
948 6416
3769 5151
3199 5848
506 7005
1014 6481
2370 5093
3928 5617
3736 5170
1361 8186
3738 5174
82 6909
1183 7728
2496 4975
1328 8064
3155 5858
868 6614
2684 4303
3206 5685
1754 7273
2257 4708
399 6970
3172 5842
1335 8064
737 6233
3895 5518
2880 4601
2077 4775
2272 4699
3942 5593
3007 4477
3147 5768
1477 7951
1951 7507
2847 4557
2890 4504
68 6801
51 6885
2165 4780
3837 5159
1480 7954
1944 7491
538 6343
1681 7244
1505 7999
3991 5448
3099 5828
3610 5368
1273 7707
401 7029
3344 6134
349 7099
1415 8032
629 6290
432 7001
2117 4780
1867 7585
1283 8168
561 6365
3016 4390
1713 7263
3936 5519
1062 7881
2479 4959
1258 7704
993 6418
2234 4681
128 6774
962 6452
1231 7736
161 6744
2415 5013
3659 5302
2153 4756
3997 5472
830 6595
3664 5295
1981 7357
1233 8144
3375 5677
1703 7589
1031 7938
1984 7368
1216 8136
2695 4493
3264 6090
3058 4344
2283 5092
2223 5024
2247 5078
1507 7922
911 6299
1784 7662
1663 7525
3035 4289
3310 6132
1204 8111
2154 4982
3180 6000
966 6362
3008 4318
1889 7295
1887 7232
3093 5941
601 6523
3420 5759
3689 5453
1306 7743
1214 8089
2643 4468
247 7135
4025 5264
1802 7203
1325 7686
4092 5335
888 6228
2688 4527
2668 4444
2786 4561
1528 7884
1620 7520
2165 4929
1445 7825
3383 5635
2451 4774
280 6701
1479 7934
3596 5429
1387 7762
1482 7920
2582 4397
3828 5583
2251 5111
1191 8090
2327 4695
2970 4314
1277 8124
3795 5522
539 6488
1723 7672
3755 5600
1922 7369
3351 5723
3490 5870
480 6828
1710 7649
26 6997
3243 6139
438 6887
2699 4574
3203 6101
1719 7648
854 6145
915 6347
3593 5460
2380 4652
839 6183
2347 4682
1730 7584
4020 5335
1275 8093
3823 5512
1628 7483
2801 4505
4042 5282
3164 5940
2910 4148
3134 5973
2043 7319
529 6525
1767 7562
2498 4786
1570 7504
1236 8103
3727 5627
3249 6085
2436 4849
1757 7589
1163 8178
1920 7419
2804 4488
3713 5629
2580 4456
1108 7976
354 6882
1248 8032
2994 4147
3618 5536
480 6754
2472 4651
861 6357
2793 4449
3985 5149
3283 5980
142 6942
1142 8166
2027 7290
744 6521
2239 4908
3127 6051
597 6592
3293 5960
81 7111
346 6851
392 6674
958 6181
1845 7337
1222 8027
1330 7852
3971 5148
2866 4242
2097 5011
4056 5242
2931 4304
2580 4535
2068 5040
1374 7931
1874 7412
3565 5706
3427 5835
3423 5878
3505 5659
3491 5640
3355 5815
1888 7372
484 6728
3149 6112
2233 4884
1287 7848
3899 5259
1456 7680
847 6395
2113 5109
3470 5689
755 6468
1541 7613
1715 7435
2932 4301
3428 5853
617 6611
594 6633
399 6707
356 6873
780 6322
553 6550
3301 5978
2005 7189
316 6908
3896 5369
1469 7801
2579 4566
1810 7383
255 6969
3095 6111
543 6612
1403 7861
1033 8134
1717 7546
1670 7510
3438 5822
74 7067
526 6623
1811 7360
2285 4921
1308 7880
1800 7391
990 6153
2175 5032
1373 7813
2949 4191
558 6644
890 6305
1411 7768
3297 5946
790 6344
131 7011
896 6241
3401 5800
140 7016
1554 7668
2865 4311
42 7117
775 6381
2187 4960
2654 4533
3542 5690
716 6435
3815 5399
2928 4224
1903 7326
474 6699
3288 5930
1672 7547
127 7051
697 6478
2476 4692
4060 5156
2382 4790
3906 5307
3338 5873
3968 5243
1860 7359
1520 7692
210 6959
110 7057
1474 7741
3623 5592
3739 4763
447 7614
2657 5730
3902 4925
1084 6207
1909 7024
1598 6715
273 7447
782 7945
907 8066
1320 6434
739 7913
3166 4178
17 7198
1309 6418
1260 6396
1768 6905
532 7686
1022 8170
328 7506
2522 5568
1453 6582
2613 5674
1635 6723
3188 4181
1981 7068
652 7854
230 7365
2123 5224
1143 6225
2888 5998
2164 5213
1410 6568
139 7329
883 8029
874 8004
2445 5538
1005 8159
282 7465
3738 4782
1533 6600
3285 4323
1421 6586
1499 6627
2538 5587
3134 4100
1727 6786
1846 7029
637 7737
3003 6143
551 7777
2295 5296
564 7806
2784 5803
1707 6880
1503 6547
767 7858
3175 4138
2992 6141
2645 5656
3136 4112
817 8033
2215 5367
2001 7040
3561 4538
1267 6315
2561 5723
3373 4470
1028 6239
715 7829
1262 6285
913 8178
1219 6311
2675 5655
16 7288
2196 5373
3311 4229
2805 5791
906 8161
818 8030
2719 5873
1721 6871
2740 5851
2297 5257
3569 4483
3801 4779
2361 5451
3834 4745
3650 4662
3674 4654
317 7496
1812 7009
2245 5296
1585 6724
4001 5078
1201 6342
3214 4342
2310 5500
1559 6764
2911 5922
3961 4868
2814 5760
3865 4967
2714 5861
1169 6382
1334 6583
1708 6701
2687 5885
27 7321
72 7371
1145 6394
2249 5197
3783 4674
1007 8036
1127 6380
431 7457
3105 4271
2830 6044
1743 6749
3883 5043
446 7463
3489 4408
2108 5285
423 7485
3684 4863
1118 6338
1099 6358
1094 6363
1979 6950
2101 5288
1736 6742
829 8098
2079 5311
1455 6414
1087 6301
3343 4525
2708 5686
286 7610
2503 5485
2583 5820
2920 6084
1214 6163
3506 4380
2912 6095
3156 4324
2185 5178
3076 4272
1756 6761
968 8049
312 7556
3111 4251
1122 6365
2502 5497
2558 5438
330 7562
642 7747
2080 5345
2210 5219
2333 5598
1072 6388
1312 6630
1480 6402
1772 6695
2959 5956
1225 6146
3236 4200
3152 4253
4087 4920
1470 6510
3077 4308
2539 5432
1633 6837
3254 4195
270 7643
3341 4571
3677 4747
3574 4384
169 7280
853 8078
2495 5476
3560 4403
2115 5278
3143 4249
1237 6155
3589 4827
2673 5777
841 8104
311 7638
39 7366
3553 4355
3879 5061
642 7777
534 7923
1165 6248
4 7394
1427 6517
3795 4660
927 8053
1133 6278
2335 5618
377 7575
2748 5715
3622 4822
3328 4593
2674 5760
2485 5447
69 7350
2077 5353
3476 4448
1908 7041
2269 5160
1983 6983
405 7532
3 7418
3197 4231
2303 5123
639 7809
3896 4670
812 7717
3748 5037
2743 6076
2235 5559
3438 4192
3812 5110
3231 4492
2211 5559
2570 5916
2709 6019
1405 6250
1974 6830
873 7797
3958 4712
2698 6037
3404 4179
2081 5377
2269 5621
282 7218
4039 4847
1987 6890
2329 5171
3198 4436
3457 4266
3472 4284
1234 6655
3743 5042
3761 5022
2040 6856
2305 5168
2036 6853
1658 6987
2839 5669
651 8127
1048 6444
3811 5076
2811 6083
3521 4345
1715 7051
1323 6163
1310 6182
164 7583
2656 5981
1226 6647
3606 4907
302 7184
2915 5724
2831 5710
4004 4838
1739 7048
3741 5081
2744 6142
1220 6530
3539 4250
2450 5337
3507 4351
2470 5366
1999 6814
1967 6910
1797 6742
833 7700
926 7883
197 7568
2304 5206
3324 4517
1401 6176
412 7366
1829 6777
1213 6626
2115 5410
2817 5735
846 7718
229 7566
489 7298
2159 5407
1408 6385
436 7365
2479 5341
752 8067
1367 6179
3012 5809
634 7938
381 7172
769 7800
1009 7819
2004 6830
50 7497
1809 6765
721 8110
1612 6963
2369 5315
3547 4185
3361 4261
3657 5069
3987 4630
2527 5209
2381 5323
951 7728
3207 4366
527 8068
3445 4350
1631 7122
638 8176
1345 6350
1535 6252
561 8101
3913 4829
3571 4198
748 8057
3558 4208
667 7949
3874 4794
3157 4556
1247 6466
2434 5148
2297 5479
1051 6533
1495 6263
1478 6247
2234 5403
369 7378
2994 5654
1646 7114
1055 6585
1879 6896
3321 4446
528 8120
14 7591
198 7535
685 7943
2402 5320
1046 6589
2707 5944
2043 6736
18 7609
1109 6649
778 7847
456 7269
1458 6175
632 8149
81 7678
1259 6468
1665 6958
8 7610
677 7953
3646 5002
2765 6011
3337 4286
1755 7011
142 7479
665 7973
2924 5843
3912 4855
1836 6893
560 8181
2091 5613
58 7676
636 8122
2555 5180
2950 5711
2766 5890
1778 6974
2051 5583
1775 6944
1806 6879
274 7367
3845 4816
2665 6079
759 7968
2490 5218
1207 6511
383 7335
1333 6380
2377 5267
2064 5578
3417 4226
3835 4901
2407 5305
2512 5135
97 7553
514 8160
1812 6902
2683 6046
2862 5835
3449 4255
1053 6645
1024 6634
3445 4255
2420 5272
1375 6319
1310 6382
2566 6135
3774 4943
2919 5780
1733 6963
1268 6403
3454 4229
3067 5632
1430 6251
2020 6681
2650 6053
2188 5773
2587 5145
1185 6819
150 7827
2247 5826
2525 6104
3647 4154
2962 5524
1239 6864
3613 4116
28 7702
1637 6255
1530 7153
3176 4707
3598 4099
3485 5008
2497 6092
1821 6416
3995 4501
1021 7666
544 7216
2277 5877
815 7486
2324 5894
124 7791
3037 5576
2955 5534
2228 5793
3243 4796
789 7426
3932 4420
1134 6772
2998 5549
4019 4527
2633 5205
3980 4497
3222 4747
1548 6162
2988 5554
1639 6214
1421 7087
3989 4535
4010 4489
1074 6678
731 7423
1299 6966
336 8053
3283 4852
1740 6379
258 7978
2439 6061
1937 6589
3544 5109
1337 6934
824 7432
3698 4162
2783 5358
1967 6557
922 7596
1314 6932
398 8121
1987 6644
1588 6147
704 7416
2447 6069
3170 4697
2263 5868
3151 4622
698 7417
806 7525
3960 4413
1966 6635
3035 5533
3770 4349
3094 4702
668 7381
1272 6833
709 7311
674 7401
3681 4143
2438 6089
970 7578
2212 5876
1679 6366
2550 6055
3382 4962
783 7515
1696 6390
3935 4360
1333 7021
3717 4313
2635 5143
2721 5375
545 7294
1763 6332
1623 6199
54 7767
309 8022
3715 4327
3710 4122
1773 6282
669 7413
162 7883
676 7374
1819 6512
1606 6189
1457 7135
3588 4203
100 7701
3162 4648
4073 4507
773 7542
1677 6398
3492 5072
2281 5790
3950 4377
3102 4710
572 7237
3132 4678
3909 4410
3651 4156
810 7509
3188 4852
2155 5867
1552 6290
1501 7006
1874 6614
2909 5593
1148 6904
3391 5050
60 7866
2842 5532
204 7755
1470 6967
90 7888
1396 7166
3197 4854
3515 4912
779 7552
2890 5569
3509 4923
1029 6805
771 7569
3205 4631
1316 7095
3175 4851
1782 6242
1640 6384
2270 5700
3819 4208
2096 5776
3186 4818
2140 5885
1079 6806
1536 6308
2622 5275
3019 5484
2456 5936
1775 6215
3843 4522
3318 4700
3359 5045
3433 5058
2562 5294
2425 6100
2094 5761
1818 6581
1448 6937
3152 4834
3524 4982
2011 6505
1902 6620
1923 6452
708 7283
1549 6324
2554 5953
3026 5487
1022 7488
352 8098
708 7168
2551 5938
1859 6539
475 7955
3380 5119
599 7323
3081 4804
1785 6185
3107 4848
1938 6471
2469 6013
2102 5870
2563 5338
1748 6159
1141 6826
1288 7147
679 7235
92 7865
3937 4487
1341 7125
2629 5293
2019 6410
2051 5866
1546 6375
1975 6488
2508 5948
2858 5595
1535 6926
2621 5321
3809 4117
1246 6694
1009 7434
544 7390
2866 5581
4011 4436
1922 6525
1550 6414
2703 5518
1113 7000
1072 6962
626 7537
2149 5986
700 7611
981 7378
3977 4227
2153 5987
3643 4407
3836 4594
3971 4237
314 7722
3368 4664
1411 6803
2871 5157
3183 4989
1562 6409
2897 5189
106 8062
1032 6941
3759 4534
3949 4212
1587 6441
1164 7063
2662 5446
1833 6153
1582 6415
3608 4410
2148 5952
4000 4228
3922 4215
2893 5227
2241 6121
885 7260
501 7900
3193 4944
3920 4218
2965 5310
932 7304
323 7790
969 7399
2327 5688
408 7863
1208 7048
2510 5886
3215 5055
169 8088
389 7860
2886 5236
1364 6759
3084 4920
3891 4102
1368 6765
3615 4394
2505 5887
966 7408
3566 4822
507 7872
227 8159
2203 6054
743 7642
1785 6599
285 7714
2532 5851
471 7830
504 7868
1122 6948
3750 4577
1144 6975
2290 6069
652 7627
3902 4217
2731 5603
3671 4383
256 7753
1195 7138
2720 5611
655 7619
1370 6677
3970 4301
19 8028
2543 5821
2280 6074
326 7699
2017 6327
3082 4956
1841 6249
2352 5737
3390 4711
4002 4344
776 7250
658 7625
927 7364
835 7192
674 7678
1549 6480
2355 5741
1118 6913
3935 4157
74 7977
3448 4635
1166 7144
1363 6709
3114 4941
2693 5613
1731 6573
3580 4755
1522 6813
1869 6205
3564 4766
2462 5868
808 7259
2660 5392
358 7696
260 7804
4029 4295
407 7916
2018 6303
13 8048
509 7808
1347 6717
2865 5199
3037 5282
27 8036
983 7254
917 7190
753 7541
1912 6397
3700 4593
1284 6785
3989 4114
3746 4395
2265 5971
1802 6272
1269 7039
2879 5301
568 7603
1016 7283
2899 5343
351 7890
2356 5817
2042 6261
2774 5465
3183 5088
4049 4161
3670 4548
2959 5147
1200 6949
707 7508
1871 6359
224 8056
1198 6962
2617 5541
2796 5489
2820 5284
866 7361
1868 6379
3029 5247
3627 4481
770 7337
726 7546
3252 4889
2767 5473
3117 4995
1899 6340
466 7779
2662 5589
3573 4678
1746 6503
1854 6280
4022 4108
141 7985
2764 5489
3442 4815
3763 4364
3875 4252
1351 6904
1771 6440
306 7924
3584 4550
203 7948
2187 5955
261 7887
1101 7047
135 8012
1082 7159
1792 6349
2990 5217
2639 5504
3070 5169
720 7425
421 7796
3299 4912
2649 5514
3326 4905
2119 6047
1973 6253
3180 5047
3492 4728
2489 5733
2442 5717
3861 4341
2661 5511
3884 4303
3733 4465
2475 5708
102 8079
2129 6077
2052 6120
3208 4965
3937 4239
1571 6610
313 7880
2818 5363
1530 6665
2488 5708
1491 6692
1361 6824
663 7533
1945 6243
2724 5471
2067 6127
1558 6633
1523 6668
2812 5379
1494 9686
961 9155
129 8322
557 8745
1651 9844
188 8369
1684 9862
424 8627
1352 9555
1493 9672
1720 9895
1727 9888
112 8303
687 8847
1599 9755
964 9185
812 8969
1227 9466
723 8932
1724 9863
1851 9984
709 8952
6 8248
1605 9851
186 8325
678 8934
184 8442
1542 9794
1436 9689
1734 9871
342 8476
315 8560
770 9033
1164 9408
1215 9457
248 8365
121 8239
397 8667
369 8490
293 8569
864 9022
331 8495
733 8888
655 8931
627 8734
989 9133
1212 9418
201 8370
1461 9675
195 8381
1482 9546
761 8827
1471 9527
879 9190
786 9112
176 8252
585 8923
1336 9644
1427 9478
670 8712
1429 9474
1398 9711
702 8743
1490 9545
200 8276
1597 9888
1648 9967
1688 9784
1442 9475
188 8221
752 8797
209 8290
276 8608
1018 9027
452 8574
696 8707
324 8697
1191 9326
747 8743
1002 9016
1692 9800
1749 9731
565 8930
308 8687
179 8275
977 9008
252 8212
3 8426
1521 9499
284 8694
1349 9642
363 8603
1103 9407
1023 8974
627 8834
633 8844
1591 9921
1129 9583
1403 9333
158 8593
680 9127
1198 9662
1067 9528
120 8556
366 8312
1137 9576
1394 9323
390 8348
1203 9646
312 8230
900 8870
360 8268
971 8933
1106 9596
290 8208
124 8527
551 8991
1823 9760
541 9055
831 8829
1513 9389
307 8310
706 9093
1875 9759
547 9069
62 8556
671 9161
1900 9781
1071 9589
754 9132
311 8276
704 9126
220 8628
156 8695
49 8540
1882 9780
1416 9464
418 8400
163 8667
1303 9362
154 8470
1110 9668
1471 9258
512 9109
1857 9946
522 9109
208 8527
362 8394
116 8662
979 8816
600 9212
1378 9412
933 8715
43 8603
809 8856
283 8361
1054 9645
1462 9218
325 8435
1146 9670
438 8201
1025 9665
714 8975
1808 9942
1 8647
1450 9316
1305 9417
893 8874
118 8622
1873 9865
1744 9993
604 9095
542 9157
1391 9393
315 8415
1285 9443
1155 9572
181 8539
1940 9850
839 8886
1064 9690
784 8932
590 9143
1977 9796
216 8921
355 9058
1907 9591
946 8629
234 8955
457 9172
235 8949
1634 9341
1093 9818
840 8553
934 8580
160 8841
1091 9834
420 9103
1999 9699
1240 9972
571 8203
687 8347
895 8521
1253 9950
1872 9581
1584 9231
589 8204
725 8336
99 8744
335 8961
1851 9589
1126 9768
1962 9701
1209 9962
1808 9544
350 8965
683 8432
414 9154
306 9049
1714 9433
503 9116
703 8400
1665 9456
952 8653
1925 9715
886 8449
873 8464
88 8737
1948 9703
1172 9961
1656 9223
1117 9949
1041 9873
496 9073
407 8980
380 9204
1958 9518
16 8859
1036 9857
1419 9990
1218 9807
570 8365
521 8340
2002 9551
2045 9563
631 8408
129 8752
531 8359
741 8285
65 8957
366 9130
788 8656
522 8396
462 8967
1626 9361
1745 9245
138 8774
1546 9412
1034 9950
1790 9256
945 8551
235 8757
1012 8468
116 8852
1667 9319
402 9076
1918 9624
1007 8456
254 8729
1510 9998
1085 9941
1058 9930
153 8819
1228 9766
1224 9765
714 8228
1003 8473
789 8679
1892 9617
1603 9398
1557 9453
822 8655
44 8912
765 8194
1908 9332
1601 9537
1933 9357
1534 9980
1320 9773
208 9173
1943 9375
403 8859
320 8778
439 8889
424 8871
1896 9336
1041 9985
1717 9638
1759 9673
565 8483
573 8485
1434 9856
392 8854
1629 9597
819 8211
1664 9634
845 8299
2039 9425
1691 9650
892 8274
1877 9338
906 8378
378 8779
1083 9991
2003 9454
486 8921
963 8323
495 8876
1784 9660
303 8803
1614 9475
2033 9379
1666 9681
1862 9234
729 8591
409 8911
364 8763
1990 9374
2035 9386
73 8980
122 8986
1011 8341
902 8416
262 8814
862 8246
542 8564
261 8814
18 9087
957 8403
832 8240
892 8196
700 8646
1633 9498
76 9010
1779 9591
1668 9473
1962 9251
444 8758
1835 9383
975 8259
115 9186
1472 9810
484 8823
921 8205
90 9154
417 8704
513 8610
1539 9641
530 8636
1752 9590
782 8383
44 9118
2019 9251
520 8652
851 8341
1559 9681
61 9203
903 8279
413 8780
1241 9999
753 8492
593 8624
1396 9879
624 8595
800 8392
1440 9804
2046 9235
1921 9329
1354 9915
243 8961
1429 9831
427 8793
1562 9710
758 8450
360 8849
1737 9525
1682 8850
1695 8862
1589 8758
1390 8555
1079 8253
745 9981
296 9533
1799 8977
1960 9136
1218 8408
155 9400
1786 8927
521 9774
240 9432
1245 8433
1160 8357
353 9553
1452 8606
577 9851
1473 8698
1250 8354
406 9684
607 9757
1303 8533
1313 8548
1929 9167
1615 8713
1111 8223
562 9848
356 9518
1479 8587
1506 8623
1997 9091
1244 8328
1270 8355
630 9761
71 9245
1481 8599
1074 8300
264 9574
2014 9135
646 9975
1627 8750
1736 8893
1644 8729
1326 8536
1928 8969
272 9619
1514 8559
2021 9059
357 9709
1780 8829
1914 9206
339 9694
1781 8824
1066 8357
1388 8700
756 9829
1994 9048
410 9487
145 9220
1867 9169
345 9671
1883 9210
151 9269
567 9876
101 9410
749 9798
1076 8346
1105 8417
1742 8826
33 9372
1670 8773
1185 8292
1709 8804
1430 8538
550 9963
742 9771
171 9339
2021 9014
1880 9100
1966 9082
1821 9160
383 9642
1580 8954
1613 8853
1728 8728
189 9313
1425 8524
1618 8881
1722 8786
1532 8464
1944 9064
759 9733
1935 9075
1700 9124
803 9766
1059 8491
1045 8479
385 9356
974 9948
493 9466
1770 9202
975 9943
1489 8395
199 9697
1137 8513
449 9462
1898 8786
370 9288
964 9977
1418 8392
91 9497
903 9925
1793 8770
1625 8989
1321 8301
1956 8930
820 9853
1513 8352
849 9752
1777 9147
1435 8405
1615 8990
1406 8234
333 9240
1657 8995
251 9639
2029 8882
1497 8378
1077 8529
10 9583
1182 8699
1531 8349
25 9587
1372 8241
1702 9178
1236 8535
799 9883
1837 8875
1062 8618
1287 8331
14 9631
1917 8937
1227 8530
1598 9124
348 9471
1831 8836
1901 8904
477 9325
140 9535
1895 8915
781 9912
865 9943
811 9885
417 9246
179 9586
478 9242
1504 8236
1771 8998
796 9930
240 9516
193 9504
1809 8947
1935 8812
1338 8414
1059 8647
1855 8922
1764 8962
1307 8435
1323 8387
1066 8640
497 9244
896 9838
239 9502
479 9261
1128 8606
1658 9101
784 9960
154 9575
1732 9018
664 9368
1897 8555
1223 8896
1246 8916
1594 8244
1745 8385
156 9864
1383 9073
1032 8721
114 9832
1366 9037
1270 8936
1159 8856
1960 8584
1324 8970
1036 8746
1837 8451
1589 8218
527 9278
1477 9203
869 9555
760 9409
739 9439
1077 8714
1461 9207
57 9852
1314 9063
144 9947
848 9500
1376 9005
1954 8689
1086 8809
1210 8935
191 9953
972 9619
96 9791
1509 9089
1249 8838
1302 9087
130 9964
1758 8366
649 9465
1073 8768
644 9457
1197 8916
1561 8291
157 9958
1092 8767
1664 8444
87 9771
1296 9110
1304 9107
1754 8273
1140 8952
202 9796
167 9768
1544 8344
1168 8705
1894 8688
535 9344
1027 8858
2024 8564
13 9872
233 9846
1261 8782
41 9869
763 9297
1039 8864
977 9568
67 9970
819 9607
547 9365
1014 9550
1848 8577
1344 9210
1709 8209
1459 8974
1344 9215
148 9820
699 9328
611 9391
190 9840
524 9436
1161 8792
1002 9520
1298 9164
940 9544
996 9473
2002 8503
536 9470
219 9788
1552 8440
250 9745
620 9346
1119 8880
1974 8519
1397 9091
1404 9094
721 9259
32 9948
1254 8731
923 9572
1599 8384
1131 9065
1498 8926
1764 8685
393 9856
1592 8500
1264 9188
1365 8781
2017 8443
474 9920
415 9918
761 9695
1502 8953
1547 8482
1280 8749
1012 9434
1621 8570
1735 8691
837 9330
499 9924
1741 8694
1890 8286
1799 8250
1961 8425
344 9754
1761 8615
1091 8971
1300 8796
1289 8769
427 9954
882 9250
1233 9088
503 9900
1836 8304
884 9257
1913 8231
453 9893
633 9500
913 9460
364 9735
987 9392
1177 9204
801 9295
1753 8631
641 9714
918 9445
382 9738
445 9928
1852 8257
426 9770
1464 8765
1586 8633
659 9479
991 9289
404 9740
146 9995
1794 8349
283 9911
1278 9042
1433 8756
1081 9111
920 9261
1536 8634
821 9358
1934 8268
1975 8305
588 9610
939 9315
710 9481
1422 8795
728 9472
1171 9035
1840 8426
1645 8625
693 9578
637 9629
599 9654
1448 8777
872 9354
960 9263
1891 8338
1605 8630
269 9982
1553 8677
920 9324
461 9780
258 9976
2003 8232
1959 8282
2514 8663
3079 9217
3066 9212
2563 8715
2809 8945
2772 8925
2544 8698
3001 9140
3234 9389
2399 8523
3502 9657
3760 9897
3866 9988
3758 9905
3141 9316
2235 8350
2057 8226
3387 9493
2129 8288
2647 8804
2424 8525
2284 8410
3227 9380
3797 9876
2995 9201
3465 9674
2835 9044
3624 9839
2567 8782
2212 8430
3305 9401
2946 9171
3044 9142
2365 8558
2385 8453
2429 8488
3185 9254
2238 8425
2666 8754
3925 9999
3217 9418
2974 9214
2366 8543
2878 9050
2559 8602
2260 8383
2138 8235
3333 9588
3531 9660
2241 8256
3803 9821
2256 8278
3505 9526
2885 9161
2923 9191
2660 8951
2058 8350
2286 8315
3102 9352
3829 9827
2530 8570
2973 9020
3262 9244
3218 9265
2316 8616
2585 8895
2522 8572
2787 8781
2712 8745
3737 9764
2907 9188
2386 8594
2855 9190
3570 9521
3320 9265
3482 9559
3161 9352
2237 8302
3065 8993
4051 9992
2934 9130
2146 8382
3745 9852
2812 8732
3004 9055
3654 9917
3661 9904
3068 8948
2060 8453
3568 9467
3903 9779
2181 8584
2086 8489
2833 8707
2521 8394
2132 8512
2780 9156
3125 9514
2594 9021
2873 8731
3028 8950
3196 9557
3976 9892
3919 9855
3939 9809
3474 9386
2860 8725
3374 9236
3529 9458
3214 9648
2652 8985
3485 9435
2167 8497
2845 8789
3575 9407
2979 8940
2972 8908
2823 8790
2529 8371
2417 8229
2619 9059
2329 8261
2473 8439
3435 9226
3005 8922
3018 8869
2727 9160
3384 9290
2306 8311
3047 8849
3158 9519
2413 8214
2250 8630
2516 8363
3142 9678
3271 9551
3446 9471
3966 9970
3892 9913
2552 8297
2199 8451
3224 9487
2321 8334
3124 9620
3041 8770
3165 9712
2176 8493
3842 9911
2388 8419
3225 9505
3516 9221
3229 9508
2954 8759
4011 9750
3000 8710
3448 9402
3850 9935
2800 9014
4035 9736
2436 8271
2512 8220
2528 8238
2364 8428
3043 8755
2663 9140
3062 8751
3242 9584
2577 9167
3225 9595
2600 9163
3367 9411
2681 9117
2695 9057
3936 9863
2213 8525
2149 8590
2776 9013
2624 9138
3204 9586
3148 9659
4042 9776
2673 9101
3455 9346
3452 9347
2218 8874
4053 9683
3972 9610
3641 9271
3859 9501
2549 9189
3071 8686
2069 8708
3984 9609
3744 9403
3653 9306
3967 9566
3222 9889
2757 8442
2459 9179
2535 9123
3075 9799
2190 8898
2204 8912
2968 8648
3680 9264
2675 8226
3056 8613
2955 8668
3157 9737
2411 9015
2336 9084
3950 9523
2400 9021
3218 9971
3876 9549
2734 8387
2248 8889
2588 8299
3761 9416
3237 9951
2361 9029
3036 8542
2113 8901
3980 9483
3928 9682
2136 8914
2345 9145
2927 8700
4086 9568
2975 8454
2244 8798
2758 8285
2653 8385
3270 9818
4034 9567
3072 9887
2731 8202
3943 9667
2124 8938
2791 8256
3155 9977
3851 9658
2223 8734
2486 8964
3127 9859
2367 9094
2278 8795
2075 8868
3308 9772
3675 9370
3145 9861
3017 8454
3693 9404
3859 9671
3711 9381
3924 9614
2201 8771
3683 9345
2073 8958
2965 8573
2792 8198
2480 9054
2281 8733
2919 8595
2961 8550
2968 8544
3143 9916
2463 9058
3998 9571
2917 8602
3602 9488
4076 9449
3994 9366
3567 9954
2172 9068
3056 8417
2207 9100
3813 9718
3633 9508
2344 8766
3361 9785
2054 8990
3942 9340
2279 9208
3585 9502
3515 9880
2738 8599
2861 8197
2568 8484
2104 8981
3787 9701
2384 8806
2852 8220
2874 8192
2531 8920
3527 9979
3561 9898
3739 9687
2839 8260
3816 9659
2062 9049
3020 8342
4072 9394
2121 8981
2618 8551
3872 9287
3742 9716
3764 9688
3730 9696
3635 9543
3810 9621
2591 8552
2114 9152
2070 9106
2808 8572
2141 9176
3582 9848
2267 9042
4005 9260
2072 9107
2953 8199
2651 8651
2403 8946
2375 8917
3712 9492
2734 8505
3412 9974
3667 9712
3247 9996
2612 8592
4071 9280
2242 9067
2421 8900
3708 9679
2718 8488
2985 8208
2763 8561
2208 8988
2289 9038
3891 9461
2085 9186
3843 9419
2122 9090
2630 8588
2589 8659
3974 9300
2639 8604
2140 9097
2408 8893
3069 8235
2637 8596
2630 8605
3729 9548
2700 8530
2391 8887
2904 8379
2125 9129
2840 8447
2872 8401
3296 9994
2548 8735
3533 9763
3938 9360
4095 9220
2544 8717
3901 9410
3620 8741
2718 9879
2713 9867
3947 9080
3610 8719
3426 8567
2183 9361
2287 9464
2124 9301
3362 8505
2052 9241
2062 9262
3731 8883
2463 9661
3553 8642
3257 8346
3873 8964
2799 9929
2049 9255
2601 9743
2357 9503
3372 8450
3712 8878
2197 9381
3617 8727
2086 9233
2729 9872
2452 9640
3853 9008
2348 9491
3195 8251
3460 8646
3916 8966
3290 8337
3504 8674
3686 8757
3621 8819
3571 8619
2071 9294
2299 9377
2478 9717
3106 8318
3091 8271
2340 9540
3244 8396
4082 9108
3732 8953
3568 8605
3456 8689
2603 9817
2379 9533
2531 9629
3435 8469
3974 9209
3871 9119
3855 9103
2106 9406
2507 9537
2952 9989
3286 8280
2120 9438
3957 9196
2620 9894
2394 9669
2054 9379
3554 8517
2197 9277
2536 9538
3602 8895
3523 8557
3670 8933
3512 8459
2614 9858
3702 8896
2528 9505
3259 8313
4002 9062
4009 9068
2147 9395
3312 8225
3563 8499
3773 8787
2607 9921
3338 8697
2302 9227
2672 9862
3363 8660
2066 9451
2096 9419
4035 9022
3861 9195
3502 8529
3432 8296
3348 8210
3632 9023
2397 9292
2349 9279
2477 9397
2501 9436
2429 9312
4025 8870
3612 8963
2211 9603
2237 9631
3354 8241
2939 9814
2331 9268
3221 8611
2359 9228
2431 9283
2226 9615
2146 9564
3494 8345
3756 9199
2358 9328
4074 8866
2861 9829
2990 9958
3469 8389
2836 9823
2494 9459
2509 9373
3326 8621
3489 8434
3264 8598
3702 9003
3220 8650
2267 9604
3075 8545
3530 8361
3316 8592
3293 8619
3024 9894
3945 8735
2427 9218
3078 8568
2859 9899
3730 8976
3917 8911
3679 9178
2209 9514
2494 9267
2844 9875
3944 8954
3083 8601
2243 9559
4037 8785
3945 8956
3934 8905
3365 8379
3715 8993
2320 9395
3006 9751
4048 8800
3126 8583
2513 9314
3535 8316
3833 9025
2214 9503
3090 8620
2374 9350
2092 9709
3772 9085
3999 8797
3272 8459
3088 8661
3840 8902
2205 9552
2337 9455
4007 8808
3697 9120
2950 9808
2405 9394
3927 8846
3049 9779
3460 8293
3265 8480
2428 9374
2440 9324
3637 9170
2966 9854
2275 9482
4022 8794
4069 8712
2918 9874
3030 9761
3780 9011
2431 9347
3537 8237
2897 9902
4026 8635
3847 8449
3452 9071
3565 9209
2229 9901
2162 9834
2105 9763
2690 9369
2584 9219
3688 8308
2827 9495
2629 9305
3725 8337
3865 8508
3931 8573
2806 9438
2201 9906
3234 8850
3108 8724
3967 8526
2150 9815
3546 9198
3911 8563
2240 9975
3699 8265
2868 9480
2641 9327
3714 8380
2647 9320
3437 9007
3963 8511
3856 8540
2290 9919
2810 9396
3914 8452
3870 8526
3440 8992
3545 9099
2623 9323
3386 9070
2837 9536
3619 8309
2178 9944
4064 8636
3323 8869
2134 9737
2789 9345
3009 9637
2816 9573
3149 8741
2768 9401
2722 9416
2623 9299
2645 9272
3280 8865
2894 9528
2112 9787
3049 9620
3120 8783
3998 8478
3698 8437
3230 8727
3678 8405
2665 9442
3295 8787
3248 8766
2663 9463
3071 9580
3618 8375
2186 9759
3146 8927
2797 9332
3854 8596
3463 8987
3360 9148
3395 9182
2160 9936
3239 8710
3128 8861
2738 9237
3210 8739
2722 9234
4078 8543
2109 9864
3734 8236
3159 8941
2985 9495
3245 8812
2116 9861
4079 8490
2136 9885
3289 8723
2849 9711
4009 8569
2278 9782
3238 8817
3848 8658
2613 9455
3379 9196
3627 8399
3966 8600
3054 9476
3004 9554
4050 8508
2102 9926
3389 9164
2207 9837
3588 8438
3660 8516
3258 9141
4090 8428
3401 8791
2323 9783
3023 9451
2767 9699
2440 9914
3679 8554
2796 9691
4066 8414
3325 9153
3779 8701
3876 8219
2987 9364
4065 8355
3405 8724
2365 9828
2964 9422
2742 9705
3344 8821
2815 9626
3457 8935
3676 8506
3995 8434
2464 9931
2733 9665
2492 9933
2533 9878
3975 8436
2679 9486
2378 9777
3418 8742
2682 9477
2182 9988
2735 9517
3231 8987
2755 9547
3644 8622
3059 9317
2900 9423
2540 9805
3251 8985
2575 9632
3538 8802
3691 8666
3223 8995
3704 8652
2426 9933
3347 8873
3271 9083
3308 9001
3015 9231
2432 9803
3131 9205
3434 8891
3753 8571
4012 8319
3029 9217
2350 9973
2408 9910
3248 9041
2400 9859
3501 8777
3513 8799
2284 9989
3881 8389
2546 9758
2905 9385
2586 9706
3599 8702
2847 9450
2942 9353
3933 8358
3893 8393
3586 8703
4549 8644
4265 8360
4646 8750
4966 9074
4292 8401
5458 9546
4944 9033
4372 8457
5595 9669
4930 9057
5294 9354
5060 9184
4781 8843
4865 9001
5883 9938
5557 9625
5732 9813
4284 8335
4946 9060
4824 8943
4476 8516
5672 9744
4130 8216
4511 8612
5225 9298
4173 8206
5103 9132
4762 8913
4210 8254
5077 9093
4704 8762
4635 8769
4754 8905
4860 8864
5799 9927
5507 9698
4501 8695
4328 8331
4992 9192
5366 9370
5882 9865
4489 8701
4961 8982
4925 9034
5046 9153
5763 9979
5528 9700
5519 9485
4598 8563
4691 8918
4731 8943
5164 9396
5417 9648
4127 8324
5537 9530
4751 8722
4723 8914
5880 9809
4744 8760
4160 8432
4170 8440
4272 8196
5305 9229
4172 8441
5232 9414
4996 9011
4850 8780
5437 9720
4704 8877
4884 9156
5385 9693
4227 8283
6104 9986
5498 9636
4964 9147
4451 8577
4990 9117
4768 8772
5872 9749
4683 8877
4735 8857
4243 8308
4913 9181
5177 9431
5272 9335
5036 9054
5661 9961
5317 9266
4131 8410
5459 9644
5349 9696
4200 8547
4253 8589
5251 9618
5572 9424
5558 9376
5154 9531
4394 8243
4299 8657
5548 9399
5486 9330
4954 8775
4586 8395
5936 9746
4515 8326
5995 9805
6059 9868
4523 8327
4762 9134
4759 9122
5166 9494
5323 9715
5187 9599
4712 9047
6034 9937
5704 9997
5107 8888
5428 9337
4919 8826
6093 9858
5208 9483
5438 9322
4520 8445
4902 8816
5324 9627
5496 9248
5141 9548
5254 9695
4825 9090
5081 8890
6043 9983
5407 9337
4386 8267
5468 9270
4805 9135
5079 8890
4601 8329
4814 9150
6030 9982
5023 8941
5436 9294
4892 8815
4371 8293
5994 9747
6102 9901
6048 9764
5124 9600
4357 8320
4447 8406
5175 9658
5566 9264
5982 9932
5509 9247
4776 8973
6056 9742
6063 9730
6123 9797
5942 9860
5365 9543
5484 9428
5176 9600
5197 9719
4188 8673
5144 9638
4609 9151
4543 8317
4130 8678
5240 9661
4307 8474
4498 8281
5242 9653
4684 9116
5939 9953
5501 9385
4559 8219
5025 8820
4985 8878
4918 8942
5371 9510
5122 9692
5526 9334
5087 8762
4605 8213
4309 8509
6122 9753
5258 9596
4928 8513
4419 9024
4703 8284
4750 8330
4203 8803
5008 8601
4673 8269
4146 8736
5959 9554
4976 8549
4729 8294
5130 9770
5879 9429
4443 9081
4120 8764
4940 8552
5935 9482
4886 8496
5940 9490
4894 8500
4506 9136
4157 8720
6004 9562
6040 9655
4924 8463
4954 8557
5133 9786
4886 8489
4781 8429
4528 9200
6014 9532
6088 9612
5291 9965
6143 9656
4374 9024
4713 8255
5309 9955
6063 9679
4368 9077
4558 9131
5061 8610
6045 9717
4322 8843
4859 8336
5787 9461
5962 9509
5137 9825
5712 9249
6027 9726
5961 9534
6105 9633
4423 9023
4953 8485
6082 9663
5841 9390
5119 8576
4175 8909
4608 8328
5223 9964
4220 8951
5857 9329
5997 9723
5510 10000
5036 8501
4127 8835
5150 9914
4367 9131
5657 9406
5898 9634
4332 8774
4786 8193
4894 8618
6008 9664
6078 9479
5874 9289
5948 9607
6032 9516
4382 9121
5924 9627
5344 9767
6129 9529
4187 8840
4591 9019
5782 9283
4357 9182
4840 8247
5717 9399
5346 9728
4532 9041
4968 8579
4980 8580
6070 9541
4370 9185
5113 8460
4486 9072
5764 9342
5216 9883
5702 9540
5568 9922
5524 9873
5982 9303
4327 9192
4718 8574
4663 8486
4752 8578
4355 8726
5920 9270
4300 9173
5625 9955
5471 9795
4415 8738
4113 8975
5812 9643
4213 9066
5635 9507
4273 9110
5824 9707
5031 8351
5450 9847
4793 8583
5071 8330
5531 9937
6075 9456
4119 9052
5574 9866
5591 9882
4930 8212
4991 8233
5007 8409
4161 8983
5680 9577
4736 8669
4328 9141
5433 9828
5824 9630
5994 9226
4730 8475
4133 9030
4488 8928
4771 8650
4864 8298
5957 9259
4238 9214
4938 8250
4608 8562
4719 8477
4843 8597
4774 8487
4805 8515
4963 8420
4413 8880
4549 8778
4530 8742
5875 9579
5511 9757
5978 9414
6006 9448
4267 9012
5614 9841
5836 9580
4591 8783
5013 8245
6064 9233
4772 8455
4546 8805
6012 9426
4978 8412
4722 8669
4623 8638
4524 8728
4275 8965
5996 9425
4919 8329
4610 8651
4828 8470
4124 9175
4565 8730
5865 9529
5727 9612
4612 8659
5390 9942
6022 9311
5718 9611
4657 8657
5972 9392
6115 9222
5528 9854
4616 8675
4397 8899
5396 9978
4569 8759
5843 9515
5383 9981
4941 8374
5101 8211
4584 9704
5703 8773
5955 9030
5831 8897
5604 8684
4287 9398
5937 9020
4697 9815
5229 8290
4097 9230
5508 8598
4547 9687
5679 8756
4425 9557
4771 9917
6050 9148
5894 8984
4412 9493
5901 8996
6052 9102
5902 8994
4812 9983
5482 8537
5871 8879
5855 8863
5539 8672
4407 9599
4392 9592
5582 8607
4276 9446
5629 8617
6134 9123
4251 9421
5292 8443
4180 9219
5129 8273
4101 9304
5284 8391
5966 9000
5534 8690
5705 8753
4658 9802
4155 9281
5912 9061
5616 8591
6034 8978
5825 8771
6099 9047
5122 8327
5861 8800
4279 9279
5815 8764
4476 9719
4551 9558
5679 8894
4137 9405
5626 8558
5638 8851
5684 8852
4524 9484
5325 8300
5543 8452
4566 9584
4584 9536
5571 8567
4480 9525
4845 9813
5744 8906
5774 8755
5628 8510
5792 8805
4111 9417
4370 9690
4269 9317
4343 9278
5718 8863
5339 8206
5726 8840
5235 8362
5908 9166
4181 9397
5139 8436
5658 8945
4463 9603
5896 9189
5731 8845
5500 8594
4455 9623
4358 9716
6027 9085
5246 8322
5784 9113
4513 9376
4502 9362
5049 9919
5253 8579
4128 9511
4897 9769
5020 9878
4135 9515
5152 8495
4579 9452
4441 9291
5164 8504
4395 9271
4242 9651
5639 8997
5653 9009
6021 8885
5161 8473
5381 8247
5337 8682
5391 8251
5412 8209
4994 9908
5683 8971
5506 8376
5499 8263
5966 8714
4422 9229
4160 9488
5215 8463
5768 9177
5754 8998
5884 9122
4562 9356
5038 9935
4706 9985
5474 8197
5105 9881
4970 9732
4247 9703
4955 9772
5376 8314
4278 9677
4409 9285
5361 8561
6140 8831
5413 8353
5603 8292
6025 8708
5753 9206
5171 8609
5619 8288
4998 9746
4431 9434
5376 8342
5300 8483
5028 9784
6054 8763
4118 9652
5747 9168
6038 8753
5203 8696
4108 9632
5255 8502
5394 8352
5926 8848
4999 9776
5996 8918
5260 8502
5701 9215
4481 9281
5347 8482
4104 9677
4202 9647
5060 9729
6053 8802
5279 8531
5532 8265
5452 8347
4605 9252
5900 8940
5200 8629
5057 9774
6110 8748
5552 8269
5086 9760
5848 8999
5195 8779
5114 9727
4186 9821
6087 8653
5621 9208
5987 8562
5900 8472
4241 9860
5831 8402
5807 8377
4189 9797
5958 8541
5167 8754
4346 9957
4874 9512
5159 8721
5460 9069
5566 9088
5451 9077
5001 9654
5839 8332
5553 9202
5299 8944
4214 9790
5141 8799
5405 9039
4776 9468
6072 8685
4875 9558
4216 9755
5928 8518
4947 9506
4653 9310
4347 9870
5493 8972
4649 9300
4283 9925
5688 8380
4647 9378
5466 9180
6012 8692
5412 9133
5660 8343
5748 8418
5555 9002
4291 9827
4971 9674
4797 9246
4214 9938
5739 8397
5720 8447
4338 9816
4739 9262
4819 9313
5979 8680
5808 8205
4742 9273
5931 8683
4764 9309
5181 8958
4144 9972
4748 9291
5544 9056
4889 9680
5359 8739
5970 8604
4677 9365
4213 9893
5927 8693
4100 9939
5304 8801
5844 8207
5741 8332
5039 9545
5375 8726
4839 9225
5175 8901
4904 9693
5252 8828
5813 8628
4955 9304
5588 8919
5131 8973
4358 9728
5807 8609
5993 8313
4807 9685
5446 8789
4508 9867
5426 8746
4376 9785
5891 8225
5655 8498
4617 9506
5933 8198
5755 8528
5670 8458
5287 9096
4652 9496
4680 9598
5011 9387
4760 9635
4385 9756
5707 8565
5146 9051
4853 9655
5017 9439
5877 8638
5631 8882
4817 9601
5673 8575
5906 8266
5176 9056
4871 9310
5316 9119
5910 8267
5328 9102
6092 8364
4453 9733
5258 9193
5161 9039
6044 8433
4876 9340
4806 9652
5102 9373
5044 9415
6060 8406
5984 8222
5849 8536
5770 8462
4888 9375
6118 8302
5711 8644
5393 8860
4640 9653
4354 9877
5481 8907
5611 8776
4595 9812
4877 9383
5419 8833
6028 8227
4989 9422
4479 9929
5064 9343
4572 9824
4832 9565
5852 8479
5553 8821
6124 8228
5558 8824
5053 9331
5003 9307
5750 8615
5295 9086
4917 9447
5030 9342
5430 8942
4319 9987
5050 9305
6064 8277
5820 8538
5646 8681
5998 8326
5546 8772
4406 9944
4806 9522
4716 9624
5513 8830
7406 9454
6993 9044
6737 8791
6973 9013
7664 9722
6341 8398
7444 9498
6565 8632
6716 8737
7069 9144
7443 9526
6200 8223
6619 8691
7703 9787
7477 9496
7878 9960
7725 9731
6982 9064
7818 9892
6151 8232
6625 8661
6758 8784
6343 8444
7703 9811
6482 8471
6407 8514
6977 8968
6945 9071
7754 9753
7724 9849
7385 9359
7516 9477
6321 8424
6431 8514
6280 8407
6487 8503
7345 9427
6958 9032
7607 9680
6661 8809
6512 8478
7694 9824
7350 9433
7712 9807
6240 8207
7583 9710
7098 9166
6490 8492
7403 9363
7072 9179
7173 9338
7929 9850
6504 8683
6970 9145
7647 9556
7229 9388
6484 8640
6318 8248
7775 9928
7715 9918
7928 9817
7740 9886
6849 8807
7424 9640
7149 9028
6172 8368
8096 9997
6248 8409
7137 9048
6267 8386
6776 8898
7466 9622
6700 8848
7895 9747
7358 9339
7894 9744
7850 9837
6858 8706
6712 8947
6843 8815
6439 8702
6485 8585
7791 9906
6620 8509
6700 8910
7389 9275
6628 8460
6538 8546
7761 9915
7118 8996
6394 8202
6767 8861
7322 9320
7790 9884
6917 9201
7214 9432
6254 8345
6780 8833
7222 9510
7143 8949
6337 8662
7959 9743
6933 8719
6500 8319
6811 9146
6286 8623
7339 9613
7528 9284
6210 8560
7197 9512
7356 9605
7526 9308
7306 9675
6670 9034
6990 8713
7218 9594
6535 8398
7244 9472
6684 9036
7314 9666
6378 8635
6991 8733
7669 9382
7053 8926
6315 8703
6860 9115
7422 9639
7346 9705
7013 8709
6210 8481
7526 9216
7032 8722
7042 8937
6223 8481
6158 8575
6545 8421
7328 9685
7333 9683
7004 8747
6408 8307
7455 9312
6920 8823
7002 8923
6955 8873
6774 9205
7647 9303
8127 9775
6763 9213
7995 9891
6569 8245
7548 9440
7426 9378
8131 9826
7055 8747
6211 8677
6957 8839
6796 8992
6162 8639
6395 8532
6545 8230
6281 8496
6351 8566
7176 9672
7207 9702
6506 8360
6814 9050
6542 8266
6160 8664
6405 8397
8073 9792
7561 9282
6770 9151
7313 9564
8123 9845
6274 8528
8027 9869
7339 9590
6355 8499
7191 9718
8023 9907
6914 8939
6470 8373
7537 9355
8049 9866
6250 8597
7932 9468
8003 9539
7274 9835
7695 9227
6393 8957
7807 9336
7750 9293
6362 8913
8063 9587
8052 9594
6492 9043
6702 8254
7398 9974
6491 9032
6367 8906
6973 8491
6730 8274
6511 9078
6671 8239
7889 9441
7329 9874
7008 8533
6196 8706
6626 9172
8163 9684
7893 9452
6387 8908
6901 8373
8051 9522
6870 8339
8029 9499
6792 8384
6213 8716
7226 9840
7038 8501
6578 9187
7295 9767
6496 9017
7223 9835
7305 9952
6669 8295
7136 8587
6657 8298
6794 8422
7266 9741
6954 8539
6435 9046
6998 8494
7793 9225
6643 9098
6666 8307
7993 9539
7407 9875
6756 8218
6168 8858
6588 9017
7764 9426
6574 8999
7114 8519
7321 9750
8012 9692
7330 9778
6402 9105
6681 8335
6555 8972
6551 8960
6353 8776
6237 8903
7863 9257
7161 8522
6928 8616
7255 9966
7829 9260
7219 9870
6486 9108
6786 8263
6208 8837
6907 8252
8088 9552
8024 9618
8101 9582
7230 9973
6422 9159
7008 8625
7125 8448
7898 9228
7909 9267
6563 9076
7113 8471
6265 8871
7772 9405
8045 9602
6754 8333
6932 8676
7843 9297
8085 9569
7215 9945
8063 9605
7786 9367
7089 8369
7824 9621
6650 8956
6968 8255
6333 9142
7765 9560
6308 9129
8165 9462
7810 9622
8134 9427
8154 9421
6284 9115
7134 8390
6746 8512
6802 8588
6480 8820
7997 9243
7110 8430
6292 9144
7017 8280
7860 9606
7508 9831
6939 8238
8005 9341
6576 8845
6979 8317
7133 8351
7076 8423
6528 8907
6770 8480
6507 8760
6179 9082
6408 8788
6948 8262
7875 9633
8181 9367
6187 9036
6892 8582
8018 9276
6236 9006
6568 8925
6675 8550
6929 8295
6288 9191
6335 9158
7869 9670
7059 8431
7164 8321
6227 9005
6714 8517
7762 9517
8173 9327
6831 8493
6524 8944
8089 9239
6940 8325
6935 8333
6258 9193
7343 9996
7776 9668
7969 9353
7112 8289
8138 9318
8155 9335
6463 8847
8022 9446
7646 9838
7917 9567
6822 8467
7604 9740
7602 9736
7877 9593
6839 8458
7044 8257
6438 8929
6169 9169
8152 9232
6637 8740
7129 8215
6461 8936
7026 8356
7020 8372
7962 9408
7449 9927
7460 9926
6690 8641
6968 8412
7467 9934
7817 9595
7480 9923
7469 9939
7595 9812
7348 8375
6840 9916
7396 8429
7200 8237
7918 8931
6606 9691
7401 8439
8175 9200
7904 8959
7536 8559
6345 9449
6554 9651
6509 9538
8114 9089
7907 8917
7643 8674
6583 9608
6420 9556
7196 8287
6563 9702
7325 8407
6595 9609
7967 9031
6316 9463
7573 8654
6266 9249
6605 9641
7246 8234
6203 9298
6743 9786
6219 9252
6483 9511
6166 9315
6226 9255
7709 8807
8164 9118
6777 9730
7654 8600
7875 8892
6851 9793
7876 8768
7919 8810
6859 9795
6824 9762
7987 9149
6527 9713
7823 8704
7920 8801
7882 8793
6799 9752
6621 9541
6360 9285
7840 8705
8040 9162
8128 9065
8180 9053
6617 9588
6895 9794
7368 8312
7492 8688
6257 9413
8035 9177
6609 9581
7262 8419
6558 9504
6819 9825
7206 8416
7723 8929
6453 9723
7901 8723
8061 9128
6846 9833
6375 9277
7382 8246
6847 9819
6804 9841
7888 8761
6769 9880
7789 8832
6235 9387
6689 9941
6794 9855
7169 8438
8018 9134
6401 9727
7710 8988
7264 8548
8139 8903
6298 9623
7306 8581
7442 8195
6479 9309
6939 9741
7374 8664
7421 8682
6297 9602
6523 9318
6330 9616
6495 9331
7317 8612
7778 9045
6551 9391
7543 8270
7468 8215
7634 8338
8013 8716
6612 9366
7019 9769
6592 9348
6423 9299
6266 9535
7764 8979
8170 8867
7239 8461
7433 8258
7174 8535
6191 9597
6930 9793
6922 9811
7979 8822
7624 8362
7697 9074
8171 8844
6227 9530
7639 8381
8174 8835
6246 9491
6326 9664
7239 8511
7312 8681
8031 8738
7056 9966
6288 9489
7903 9051
7597 8224
7913 9063
7027 9959
7658 8270
7739 9111
7558 8233
6548 9275
7946 8891
6446 9372
7248 8679
7130 9830
6212 9604
7434 8388
8038 8872
7031 9895
6631 9269
8033 8884
7146 9791
7277 8631
7788 9138
7152 9775
7080 9806
6274 9578
7227 8658
7983 8897
7787 9092
7404 8477
6160 9700
6639 9243
7461 8403
6559 9321
7531 8343
7675 8199
7205 8665
7015 9882
8037 8549
8005 8515
7284 8830
6888 9442
7758 8261
7989 8506
8133 8660
6961 9507
6177 9781
6914 9494
7992 8494
6737 9287
6848 9431
8185 8675
6168 9732
7895 8393
7773 8258
8055 8532
7929 8413
7386 8959
6828 9355
6242 9802
6276 9903
7972 8456
6715 9239
7812 8363
8017 8545
6859 9465
7927 8386
7517 9062
7667 9165
6193 9842
7162 9662
6825 9443
7500 8967
6472 9987
7088 9726
7093 9722
8183 8620
8124 8672
6348 9903
7176 8811
6845 9430
7772 8240
7486 9040
7493 9009
6792 9459
7889 8364
7776 8222
6356 9822
7527 9211
7261 8899
6320 9751
6157 9891
7524 9162
6698 9369
6951 9630
8153 8547
7746 8324
7910 8224
6176 9959
7170 8904
6667 9415
6722 9359
7721 8441
7285 8868
7741 8431
7901 8201
6253 9912
7684 8402
6337 9754
7840 8318
6180 9920
7669 8977
6936 9725
6169 9969
7279 8837
7670 8986
7574 9083
6875 9268
7716 8404
6832 9280
7459 9170
7499 9139
7149 9492
6295 9832
6707 9420
6725 9402
7974 8229
7696 8467
7990 8242
7808 8586
7857 8637
7597 8867
6562 9900
7464 8765
6605 9940
6524 9830
6537 9898
6450 9745
6448 9748
7252 9084
8057 8277
7910 8648
6500 9803
6653 9932
7083 9368
7916 8666
7124 9453
6832 9613
7832 8614
6916 9286
7973 8289
8066 8388
8011 8193
6729 9478
7413 9146
7706 8522
8006 8213
7392 9139
7683 8534
7613 8939
6471 9758
6866 9611
8153 8320
7657 8885
6800 9714
7621 8876
6920 9319
7060 9444
6679 9574
6697 9560
7471 8796
7897 8621
8082 8422
6912 9333
6463 9801
7258 9004
7887 8624
7660 8813
7658 8808
7361 9029
7497 8909
6957 9384
7308 8970
7749 8654
7892 8518
8095 8204
6510 9978
6598 9823
6983 9435
7242 9194
6562 9739
6698 9626
6604 9849
6475 9969
7346 9078
7318 9052
6447 9956
6801 9565
6703 9698
7510 8838
7584 8828
7882 8468
6366 9984
6990 9390
7697 8696
8146 8249
8021 8382
7986 8415
6793 9593
7752 8632
6427 9952
6873 9509
7214 9171
7357 9026
