1000 1998
1 2
2 3
3 4
4 5
5 6
6 7
7 8
8 9
9 10
10 11
11 12
12 13
13 14
14 15
15 16
16 17
17 18
18 19
19 20
20 21
21 22
22 23
23 24
24 25
25 26
26 27
27 28
28 29
29 30
30 31
31 32
32 33
33 34
34 35
35 36
36 37
37 38
38 39
39 40
40 41
41 42
42 43
43 44
44 45
45 46
46 47
47 48
48 49
49 50
50 51
51 52
52 53
53 54
54 55
55 56
56 57
57 58
58 59
59 60
60 61
61 62
62 63
63 64
64 65
65 66
66 67
67 68
68 69
69 70
70 71
71 72
72 73
73 74
74 75
75 76
76 77
77 78
78 79
79 80
80 81
81 82
82 83
83 84
84 85
85 86
86 87
87 88
88 89
89 90
90 91
91 92
92 93
93 94
94 95
95 96
96 97
97 98
98 99
99 100
100 101
101 102
102 103
103 104
104 105
105 106
106 107
107 108
108 109
109 110
110 111
111 112
112 113
113 114
114 115
115 116
116 117
117 118
118 119
119 120
120 121
121 122
122 123
123 124
124 125
125 126
126 127
127 128
128 129
129 130
130 131
131 132
132 133
133 134
134 135
135 136
136 137
137 138
138 139
139 140
140 141
141 142
142 143
143 144
144 145
145 146
146 147
147 148
148 149
149 150
150 151
151 152
152 153
153 154
154 155
155 156
156 157
157 158
158 159
159 160
160 161
161 162
162 163
163 164
164 165
165 166
166 167
167 168
168 169
169 170
170 171
171 172
172 173
173 174
174 175
175 176
176 177
177 178
178 179
179 180
180 181
181 182
182 183
183 184
184 185
185 186
186 187
187 188
188 189
189 190
190 191
191 192
192 193
193 194
194 195
195 196
196 197
197 198
198 199
199 200
200 201
201 202
202 203
203 204
204 205
205 206
206 207
207 208
208 209
209 210
210 211
211 212
212 213
213 214
214 215
215 216
216 217
217 218
218 219
219 220
220 221
221 222
222 223
223 224
224 225
225 226
226 227
227 228
228 229
229 230
230 231
231 232
232 233
233 234
234 235
235 236
236 237
237 238
238 239
239 240
240 241
241 242
242 243
243 244
244 245
245 246
246 247
247 248
248 249
249 250
250 251
251 252
252 253
253 254
254 255
255 256
256 257
257 258
258 259
259 260
260 261
261 262
262 263
263 264
264 265
265 266
266 267
267 268
268 269
269 270
270 271
271 272
272 273
273 274
274 275
275 276
276 277
277 278
278 279
279 280
280 281
281 282
282 283
283 284
284 285
285 286
286 287
287 288
288 289
289 290
290 291
291 292
292 293
293 294
294 295
295 296
296 297
297 298
298 299
299 300
300 301
301 302
302 303
303 304
304 305
305 306
306 307
307 308
308 309
309 310
310 311
311 312
312 313
313 314
314 315
315 316
316 317
317 318
318 319
319 320
320 321
321 322
322 323
323 324
324 325
325 326
326 327
327 328
328 329
329 330
330 331
331 332
332 333
333 334
334 335
335 336
336 337
337 338
338 339
339 340
340 341
341 342
342 343
343 344
344 345
345 346
346 347
347 348
348 349
349 350
350 351
351 352
352 353
353 354
354 355
355 356
356 357
357 358
358 359
359 360
360 361
361 362
362 363
363 364
364 365
365 366
366 367
367 368
368 369
369 370
370 371
371 372
372 373
373 374
374 375
375 376
376 377
377 378
378 379
379 380
380 381
381 382
382 383
383 384
384 385
385 386
386 387
387 388
388 389
389 390
390 391
391 392
392 393
393 394
394 395
395 396
396 397
397 398
398 399
399 400
400 401
401 402
402 403
403 404
404 405
405 406
406 407
407 408
408 409
409 410
410 411
411 412
412 413
413 414
414 415
415 416
416 417
417 418
418 419
419 420
420 421
421 422
422 423
423 424
424 425
425 426
426 427
427 428
428 429
429 430
430 431
431 432
432 433
433 434
434 435
435 436
436 437
437 438
438 439
439 440
440 441
441 442
442 443
443 444
444 445
445 446
446 447
447 448
448 449
449 450
450 451
451 452
452 453
453 454
454 455
455 456
456 457
457 458
458 459
459 460
460 461
461 462
462 463
463 464
464 465
465 466
466 467
467 468
468 469
469 470
470 471
471 472
472 473
473 474
474 475
475 476
476 477
477 478
478 479
479 480
480 481
481 482
482 483
483 484
484 485
485 486
486 487
487 488
488 489
489 490
490 491
491 492
492 493
493 494
494 495
495 496
496 497
497 498
498 499
499 500
500 501
501 502
502 503
503 504
504 505
505 506
506 507
507 508
508 509
509 510
510 511
511 512
512 513
513 514
514 515
515 516
516 517
517 518
518 519
519 520
520 521
521 522
522 523
523 524
524 525
525 526
526 527
527 528
528 529
529 530
530 531
531 532
532 533
533 534
534 535
535 536
536 537
537 538
538 539
539 540
540 541
541 542
542 543
543 544
544 545
545 546
546 547
547 548
548 549
549 550
550 551
551 552
552 553
553 554
554 555
555 556
556 557
557 558
558 559
559 560
560 561
561 562
562 563
563 564
564 565
565 566
566 567
567 568
568 569
569 570
570 571
571 572
572 573
573 574
574 575
575 576
576 577
577 578
578 579
579 580
580 581
581 582
582 583
583 584
584 585
585 586
586 587
587 588
588 589
589 590
590 591
591 592
592 593
593 594
594 595
595 596
596 597
597 598
598 599
599 600
600 601
601 602
602 603
603 604
604 605
605 606
606 607
607 608
608 609
609 610
610 611
611 612
612 613
613 614
614 615
615 616
616 617
617 618
618 619
619 620
620 621
621 622
622 623
623 624
624 625
625 626
626 627
627 628
628 629
629 630
630 631
631 632
632 633
633 634
634 635
635 636
636 637
637 638
638 639
639 640
640 641
641 642
642 643
643 644
644 645
645 646
646 647
647 648
648 649
649 650
650 651
651 652
652 653
653 654
654 655
655 656
656 657
657 658
658 659
659 660
660 661
661 662
662 663
663 664
664 665
665 666
666 667
667 668
668 669
669 670
670 671
671 672
672 673
673 674
674 675
675 676
676 677
677 678
678 679
679 680
680 681
681 682
682 683
683 684
684 685
685 686
686 687
687 688
688 689
689 690
690 691
691 692
692 693
693 694
694 695
695 696
696 697
697 698
698 699
699 700
700 701
701 702
702 703
703 704
704 705
705 706
706 707
707 708
708 709
709 710
710 711
711 712
712 713
713 714
714 715
715 716
716 717
717 718
718 719
719 720
720 721
721 722
722 723
723 724
724 725
725 726
726 727
727 728
728 729
729 730
730 731
731 732
732 733
733 734
734 735
735 736
736 737
737 738
738 739
739 740
740 741
741 742
742 743
743 744
744 745
745 746
746 747
747 748
748 749
749 750
750 751
751 752
752 753
753 754
754 755
755 756
756 757
757 758
758 759
759 760
760 761
761 762
762 763
763 764
764 765
765 766
766 767
767 768
768 769
769 770
770 771
771 772
772 773
773 774
774 775
775 776
776 777
777 778
778 779
779 780
780 781
781 782
782 783
783 784
784 785
785 786
786 787
787 788
788 789
789 790
790 791
791 792
792 793
793 794
794 795
795 796
796 797
797 798
798 799
799 800
800 801
801 802
802 803
803 804
804 805
805 806
806 807
807 808
808 809
809 810
810 811
811 812
812 813
813 814
814 815
815 816
816 817
817 818
818 819
819 820
820 821
821 822
822 823
823 824
824 825
825 826
826 827
827 828
828 829
829 830
830 831
831 832
832 833
833 834
834 835
835 836
836 837
837 838
838 839
839 840
840 841
841 842
842 843
843 844
844 845
845 846
846 847
847 848
848 849
849 850
850 851
851 852
852 853
853 854
854 855
855 856
856 857
857 858
858 859
859 860
860 861
861 862
862 863
863 864
864 865
865 866
866 867
867 868
868 869
869 870
870 871
871 872
872 873
873 874
874 875
875 876
876 877
877 878
878 879
879 880
880 881
881 882
882 883
883 884
884 885
885 886
886 887
887 888
888 889
889 890
890 891
891 892
892 893
893 894
894 895
895 896
896 897
897 898
898 899
899 900
900 901
901 902
902 903
903 904
904 905
905 906
906 907
907 908
908 909
909 910
910 911
911 912
912 913
913 914
914 915
915 916
916 917
917 918
918 919
919 920
920 921
921 922
922 923
923 924
924 925
925 926
926 927
927 928
928 929
929 930
930 931
931 932
932 933
933 934
934 935
935 936
936 937
937 938
938 939
939 940
940 941
941 942
942 943
943 944
944 945
945 946
946 947
947 948
948 949
949 950
950 951
951 952
952 953
953 954
954 955
955 956
956 957
957 958
958 959
959 960
960 961
961 962
962 963
963 964
964 965
965 966
966 967
967 968
968 969
969 970
970 971
971 972
972 973
973 974
974 975
975 976
976 977
977 978
978 979
979 980
980 981
981 982
982 983
983 984
984 985
985 986
986 987
987 988
988 989
989 990
990 991
991 992
992 993
993 994
994 995
995 996
996 997
997 998
998 999
999 1000
975 500
320 432
473 98
725 728
913 977
785 772
306 91
268 1000
933 958
24 325
112 265
598 92
38 416
196 379
180 839
968 657
718 466
908 939
540 83
686 809
268 157
434 138
53 21
510 4
285 137
290 81
752 385
242 931
509 353
169 183
30 984
595 271
493 555
184 842
486 947
784 246
749 813
39 726
20 752
263 254
736 433
892 955
105 682
640 928
580 129
428 914
119 932
447 165
265 115
566 368
867 782
752 108
935 973
301 306
979 590
875 618
978 753
716 231
112 752
351 303
815 858
993 97
3 463
176 135
870 221
20 451
432 144
146 926
871 89
55 347
95 157
925 171
615 958
957 137
8 703
593 405
746 577
308 366
988 259
721 952
128 614
189 446
97 166
466 905
657 76
448 926
732 856
954 389
163 133
53 508
715 526
865 826
914 95
336 350
31 237
810 330
101 221
576 731
891 448
770 27
94 573
140 996
158 749
697 999
474 72
124 331
888 597
15 113
877 974
547 995
533 313
162 77
448 827
812 115
458 128
212 178
300 702
222 996
916 999
631 179
94 372
361 710
821 534
178 433
515 680
928 686
184 169
219 642
898 654
710 987
866 212
804 549
207 315
51 596
697 670
616 35
908 14
751 595
222 870
300 487
55 202
955 948
860 217
328 990
336 993
20 406
248 153
301 432
425 705
833 928
569 726
687 476
734 83
290 117
926 33
578 951
997 542
673 24
85 396
823 165
133 496
2 648
808 523
597 14
344 677
324 573
959 101
833 786
434 645
782 864
963 914
616 93
937 442
605 110
694 430
538 459
532 695
579 973
181 909
751 684
639 106
790 13
968 716
267 265
371 722
400 9
798 382
103 120
635 83
723 892
190 332
827 466
403 570
612 907
102 286
689 139
166 911
871 882
887 700
821 996
996 114
766 80
501 634
876 686
344 289
570 785
303 187
462 205
878 386
89 538
328 296
964 862
365 292
642 856
434 88
404 504
469 209
965 933
731 769
426 975
199 839
389 219
177 253
647 484
321 601
223 590
111 5
252 765
929 674
490 805
888 649
869 883
535 2
751 528
448 893
711 646
725 838
529 539
816 78
75 587
856 876
107 90
56 274
211 982
590 764
542 330
333 91
714 240
255 80
762 150
738 996
622 769
653 652
257 39
416 74
551 230
910 182
137 874
792 827
423 564
806 318
824 566
292 298
353 418
960 71
648 98
564 528
211 251
868 291
466 403
773 212
846 881
503 987
108 3
329 804
754 690
528 285
741 267
123 545
405 703
534 955
221 769
289 575
186 167
277 178
80 850
882 345
532 192
264 391
169 849
488 113
986 110
29 283
161 333
173 973
994 265
558 1000
847 391
415 123
536 291
476 738
918 433
461 862
909 383
404 487
452 567
577 613
586 563
811 782
391 817
349 882
532 942
43 75
1000 95
648 392
199 698
694 377
841 83
376 612
685 458
71 318
968 946
319 397
854 437
742 314
716 171
161 452
279 217
330 879
20 293
969 396
501 96
470 282
237 941
633 586
696 710
14 544
778 637
912 437
275 112
441 330
411 630
459 527
672 70
38 849
624 982
87 369
165 121
433 545
381 714
450 850
11 829
452 634
366 413
159 905
363 480
376 394
841 726
304 414
201 440
68 331
240 998
460 732
923 705
937 531
550 151
656 186
497 364
430 646
695 565
87 340
596 152
144 478
570 48
588 862
232 205
358 139
360 608
437 625
635 764
917 851
764 487
63 635
478 840
79 490
474 458
110 844
720 846
404 130
554 776
75 51
608 120
403 316
587 705
605 268
650 606
239 237
466 583
859 916
910 163
492 418
99 744
494 171
205 213
56 859
348 817
905 944
141 629
164 579
870 332
482 136
690 715
35 781
485 402
392 464
941 698
728 216
397 785
548 797
423 385
129 572
156 904
106 939
763 880
936 83
741 109
303 891
729 495
725 960
801 997
562 266
991 978
615 66
517 764
301 1000
504 22
498 346
488 456
626 886
335 13
528 864
667 938
96 839
514 742
10 673
721 652
309 575
625 781
742 444
558 619
595 438
45 129
968 359
594 110
373 582
579 304
290 438
653 580
264 560
377 836
78 884
218 546
244 347
125 745
240 560
181 674
739 405
835 204
534 177
335 437
126 391
917 341
993 594
598 378
396 292
458 253
556 870
191 747
661 266
273 800
705 924
590 174
216 447
20 388
121 771
10 906
403 756
592 480
418 583
20 173
641 429
857 93
848 658
373 484
106 847
344 680
374 659
677 75
952 784
62 773
628 890
672 976
838 74
528 613
992 153
64 76
361 72
851 40
455 428
104 577
985 183
862 67
971 425
485 340
526 806
956 467
267 57
165 972
988 230
777 48
240 796
537 393
785 281
682 522
324 976
28 909
300 246
727 703
866 915
891 198
461 411
763 418
563 972
476 201
833 417
623 701
229 261
737 552
509 260
476 472
651 859
84 653
552 56
816 486
914 540
306 436
411 436
645 343
175 895
874 908
162 874
999 216
67 855
789 214
345 532
668 820
193 8
125 292
777 592
955 590
532 936
247 771
946 925
215 524
91 375
171 361
545 612
20 469
271 790
544 14
745 655
262 651
897 195
938 47
555 276
894 106
286 939
518 662
8 370
94 846
812 662
250 771
195 562
241 632
716 543
623 429
553 199
902 90
528 449
377 337
346 894
68 869
195 450
19 682
423 262
717 866
974 531
724 462
227 689
756 102
463 437
974 991
460 681
529 139
73 21
115 111
794 395
937 765
648 768
169 738
508 614
472 762
131 311
317 55
991 565
697 633
459 540
681 495
848 720
385 371
736 363
407 452
878 70
249 445
344 41
196 259
555 678
859 571
690 448
320 714
802 433
706 806
284 8
531 746
496 186
612 343
362 7
999 349
516 477
929 585
192 18
450 176
400 42
610 650
412 865
74 298
559 514
116 586
311 110
832 51
639 49
765 785
962 582
624 965
6 522
411 21
291 206
221 166
767 334
258 233
767 254
871 931
548 205
908 967
847 625
454 902
882 578
232 359
693 67
189 793
394 586
621 845
702 97
298 744
860 837
773 358
167 420
938 587
635 275
317 610
457 109
239 649
101 648
153 179
566 906
187 477
858 497
210 197
411 799
676 859
914 364
305 691
966 654
32 211
657 859
819 968
24 887
760 221
277 281
884 427
738 767
214 812
187 203
606 424
849 733
184 211
407 207
633 670
603 464
332 42
978 136
466 99
768 610
908 337
356 111
446 97
348 327
297 362
113 947
45 420
425 270
546 899
277 530
481 434
431 166
76 457
514 453
710 873
766 842
192 454
62 863
441 763
528 13
746 364
136 478
227 84
329 310
541 687
586 952
973 346
760 109
250 855
469 503
59 260
589 323
40 915
905 333
499 660
203 462
394 782
972 368
605 612
109 986
142 932
112 110
226 740
994 296
82 582
479 338
742 18
170 682
919 889
776 261
423 839
984 172
432 171
913 645
237 321
40 357
321 550
980 760
26 947
503 531
73 834
228 569
329 165
248 402
650 47
287 954
33 650
875 653
918 119
739 72
393 885
454 587
425 944
762 82
779 962
910 539
395 856
528 338
594 331
155 535
773 439
625 673
13 576
649 44
288 960
78 38
308 61
627 1000
707 847
774 544
760 47
368 27
612 619
294 239
804 119
312 446
387 397
220 654
984 869
974 118
740 815
965 259
690 637
149 841
403 950
740 485
525 549
283 895
916 781
11 988
467 634
473 62
90 133
804 260
100 462
708 50
910 923
679 105
197 985
740 858
704 206
390 480
843 331
689 459
812 855
132 584
110 367
443 158
896 474
879 451
418 928
988 221
803 114
16 565
377 820
795 126
310 831
303 796
627 292
421 983
756 331
905 854
471 41
228 512
378 704
804 861
209 376
26 723
689 803
199 350
740 191
852 623
625 916
789 837
39 93
112 600
886 659
520 913
682 869
137 360
900 284
367 46
223 683
360 777
324 403
210 878
307 932
90 680
39 888
338 638
164 866
326 27
39 956
132 479
338 182
949 747
330 338
188 10
911 339
946 387
1000 366
684 994
313 289
778 270
50 289
524 477
37 776
387 540
347 802
33 915
419 304
598 933
320 582
712 253
14 319
822 524
457 696
425 719
770 922
791 100
966 341
806 617
866 862
742 697
659 201
362 503
918 857
866 251
837 363
111 768
46 120
299 917
541 239
291 737
807 719
891 837
92 154
140 659
503 830
732 812
614 53
434 864
281 540
196 782
257 976
743 252
342 508
722 840
268 319
984 724
947 259
392 296
90 760
42 570
312 7
433 232
574 19
911 126
172 833
361 139
375 296
273 542
667 611
226 902
603 484
19 495
866 947
819 32
485 604
397 752
831 614
168 489
96 431
726 910
827 405
455 894
339 743
377 362
825 530
990 243
84 544
699 292
574 427
872 543
495 744
384 491
33 110
439 643
487 277
987 34
762 723
160 251
361 977
36 93
252 525
700 410
277 33
649 953
60 160
131 874
190 345
976 79
729 556
584 602
103 633
136 800
