100 198
1 2
2 3
3 4
4 5
5 6
6 7
7 8
8 9
9 10
10 11
11 12
12 13
13 14
14 15
15 16
16 17
17 18
18 19
19 20
20 21
21 22
22 23
23 24
24 25
25 26
26 27
27 28
28 29
29 30
30 31
31 32
32 33
33 34
34 35
35 36
36 37
37 38
38 39
39 40
40 41
41 42
42 43
43 44
44 45
45 46
46 47
47 48
48 49
49 50
50 51
51 52
52 53
53 54
54 55
55 56
56 57
57 58
58 59
59 60
60 61
61 62
62 63
63 64
64 65
65 66
66 67
67 68
68 69
69 70
70 71
71 72
72 73
73 74
74 75
75 76
76 77
77 78
78 79
79 80
80 81
81 82
82 83
83 84
84 85
85 86
86 87
87 88
88 89
89 90
90 91
91 92
92 93
93 94
94 95
95 96
96 97
97 98
98 99
99 100
40 24
8 11
89 23
54 86
30 77
37 98
40 38
32 5
58 80
34 97
97 26
63 17
20 50
99 70
41 83
18 73
91 98
72 66
21 78
84 27
39 46
76 90
95 13
27 2
10 85
8 61
34 98
99 52
13 11
83 76
24 64
63 56
10 91
33 21
91 96
53 73
33 68
42 20
78 81
20 45
68 20
46 36
55 44
34 62
33 75
76 14
52 40
8 76
92 15
77 84
31 43
87 92
35 34
87 83
52 62
26 38
67 3
92 29
24 31
95 68
62 12
52 42
68 91
57 95
29 16
29 1
68 16
10 72
50 28
72 55
81 25
32 4
65 37
19 49
31 11
15 20
28 81
66 88
79 91
10 38
24 97
89 26
18 69
8 83
36 89
86 66
98 35
32 52
44 86
66 86
63 78
84 60
69 94
3 1
44 94
62 8
44 15
40 65
77 98
