100 294
1 2
2 13
13 24
24 35
35 46
46 57
57 68
68 79
79 90
90 100
2 17
2 19
3 18
3 14
3 19
4 21
4 22
4 15
5 23
5 22
5 19
6 23
6 17
6 21
7 19
7 20
7 16
8 16
8 14
8 21
9 23
9 19
9 14
10 14
10 18
11 16
11 21
11 15
12 20
12 22
12 13
13 25
13 32
14 34
14 32
14 31
15 28
15 33
15 32
16 25
16 33
16 28
17 32
17 33
18 24
18 31
19 25
19 27
19 31
20 26
21 28
21 31
21 34
22 26
22 29
22 31
23 30
23 26
24 37
24 36
25 40
25 41
25 38
26 35
26 43
26 44
27 40
27 41
27 37
28 37
28 36
28 38
29 36
29 38
30 35
30 38
30 39
31 42
31 43
31 35
32 40
32 43
32 45
33 36
33 43
33 44
34 39
34 44
34 40
35 51
35 56
35 47
36 50
36 54
37 56
37 52
37 49
38 54
38 53
38 56
39 51
39 47
39 56
40 56
40 53
41 50
41 55
42 54
42 49
42 52
43 49
43 50
43 47
44 47
44 49
44 56
45 47
45 48
45 49
46 64
46 67
46 62
47 60
47 62
47 64
48 57
48 64
48 62
49 57
49 60
50 66
50 61
51 60
51 59
52 59
52 61
52 58
53 62
53 67
53 65
54 61
54 60
54 59
55 59
55 66
55 60
56 66
56 60
56 61
57 76
57 71
58 75
58 74
58 68
59 68
59 70
59 73
60 70
60 68
60 69
61 78
61 71
61 70
62 74
62 71
63 71
63 73
63 69
64 77
64 75
64 68
65 75
65 70
65 69
66 76
66 68
67 73
67 71
68 85
68 89
68 81
69 85
69 79
69 88
70 87
70 86
70 85
71 87
71 83
71 82
72 85
72 83
72 79
73 88
73 89
73 86
74 88
74 80
74 79
75 86
75 88
76 87
76 81
77 81
77 87
77 85
78 83
78 86
78 84
79 97
79 94
79 92
80 90
80 99
80 91
81 99
81 93
81 92
82 92
82 95
82 90
83 90
83 93
83 91
84 99
84 95
84 98
85 98
85 92
85 97
86 99
86 98
87 90
87 93
87 91
88 96
88 99
88 90
89 97
89 96
89 95
1 3
1 4
1 5
91 100
92 100
93 100
41 60
18 69
32 92
84 92
61 100
70 95
31 95
17 76
71 91
28 80
1 76
38 82
56 100
79 99
65 95
32 84
1 24
1 40
57 90
62 92
25 61
21 40
14 94
42 47
56 69
66 92
40 49
36 53
15 60
1 80
13 75
30 78
13 99
79 100
77 100
53 72
31 100
